Crime ID,Month,Reported by,Falls within,Longitude,Latitude,Location,LSOA code,LSOA name,Crime type,Last outcome category,Context
,2015-04,West Mercia Police,West Mercia Police,-1.889360,52.404682,On or near Allwell Drive,E01008978,Birmingham 121B,Anti-social behaviour,,
69920ba4ccae12c5683963fccae959e1fa409db4b9fe3a2f27cc7f3841de08d9,2015-04,West Mercia Police,West Mercia Police,-1.889360,52.404682,On or near Allwell Drive,E01008978,Birmingham 121B,Bicycle theft,Investigation complete; no suspect identified,
9a3110e6d2953023dfd222ac6c9656dc3a573e7d90c549ffd79deb038cd94391,2015-04,West Mercia Police,West Mercia Police,-1.889360,52.404682,On or near Allwell Drive,E01008978,Birmingham 121B,Drugs,Court result unavailable,
7352cec42b16332b64079738fb3d72508736a0a39387f17cde867a58520a498d,2015-04,West Mercia Police,West Mercia Police,-1.891150,52.406284,On or near Baverstock Road,E01008978,Birmingham 121B,Drugs,Offender given penalty notice,
f7eb2bd9ff31e09da0c4a3f5ad6535d0c495b1a86676b0cd8d8da38850f9b250,2015-04,West Mercia Police,West Mercia Police,-1.889360,52.404682,On or near Allwell Drive,E01008978,Birmingham 121B,Drugs,Offender given penalty notice,
a82f1edb857b80e3696decc55322dc8d1fa3d9ad681f6569d99fc5660f9bb66f,2015-04,West Mercia Police,West Mercia Police,-1.895816,52.403609,On or near Yarnbury Close,E01008978,Birmingham 121B,Violence and sexual offences,Unable to prosecute suspect,
22f4dffc2c8c463aaaae3185181789f4999bde38eedd1e81405460b60ccd92cc,2015-04,West Mercia Police,West Mercia Police,-2.015357,52.395167,On or near Beoley Grove,E01009160,Birmingham 125E,Public order,Unable to prosecute suspect,
adf4aa1276b26a782b9812833c595355af5876ac0fc3dae7e75a66b401e2ee8f,2015-04,West Mercia Police,West Mercia Police,-2.019194,52.398044,On or near Sports/Recreation Area,E01009160,Birmingham 125E,Vehicle crime,Investigation complete; no suspect identified,
2ecca4c3184bf5841420e882a108f1dbec0b0f4cc4e26efe8784cc776e22c25f,2015-04,West Mercia Police,West Mercia Police,-2.031748,52.402653,On or near Romany Road,E01009161,Birmingham 125F,Violence and sexual offences,Investigation complete; no suspect identified,
15a038a060d5945144053e87f0365ce43ba6a1573305ebec0426bad31a10619d,2015-04,West Mercia Police,West Mercia Police,-2.015743,52.405335,On or near Mowbray Close,E01033633,Birmingham 125G,Drugs,Offender given a drugs possession warning,
3437e8e2e840b470f1d8a533e8c182f7fc16458c3fa887dd73529a63e83bb92a,2015-04,West Mercia Police,West Mercia Police,-1.931153,52.393000,On or near Longdales Road,E01009113,Birmingham 128C,Criminal damage and arson,Investigation complete; no suspect identified,
a99be6ff2d0cd88736104ff90bc69d8334e215c751ce25da2905a877647aa117,2015-04,West Mercia Police,West Mercia Police,-2.012416,52.388947,On or near Raybon Croft,E01009164,Birmingham 130B,Criminal damage and arson,Investigation complete; no suspect identified,
,2015-04,West Mercia Police,West Mercia Police,-2.149948,52.414303,On or near A450,E01032138,Bromsgrove 001A,Anti-social behaviour,,
90120273ffe154dec2027c42fa8441676923f8a84abf8769de28c193be9723be,2015-04,West Mercia Police,West Mercia Police,-2.144226,52.418014,On or near Kidderminster Road,E01032138,Bromsgrove 001A,Criminal damage and arson,Unable to prosecute suspect,
be4efcf8df4a5bc5af4e21265934c83d1df27c887fb0bff816850f1c00a46fa9,2015-04,West Mercia Police,West Mercia Police,-2.138445,52.417131,On or near Broadwaters Drive,E01032138,Bromsgrove 001A,Vehicle crime,Defendant found not guilty,
28b8529f9b5e057dd90af1d43ed273969156d894c88eb34ad570f87eb626829b,2015-04,West Mercia Police,West Mercia Police,-2.142093,52.417576,On or near Brookland Road,E01032138,Bromsgrove 001A,Vehicle crime,Defendant found not guilty,
ef7d2d94ddbceef717d22a27c2655a1130bd3aa74bbbd579a04b9d5264d98229,2015-04,West Mercia Police,West Mercia Police,-2.142093,52.417576,On or near Brookland Road,E01032138,Bromsgrove 001A,Vehicle crime,Defendant found not guilty,
3b99682a8bdfe4e39eb27c00473cdd3a45ac19cdb3fa53bfcf213fcc312da066,2015-04,West Mercia Police,West Mercia Police,-2.142093,52.417576,On or near Brookland Road,E01032138,Bromsgrove 001A,Vehicle crime,Defendant found not guilty,
76b4784f1a370de16536963f13d26eed36957e5071bb2c5f84f1f6f8aab4b1fd,2015-04,West Mercia Police,West Mercia Police,-2.143236,52.416577,On or near South Gardens,E01032138,Bromsgrove 001A,Vehicle crime,Investigation complete; no suspect identified,
88cdc5ffb26823205ab285452bb4ff1b80618d9988f7c607aa92a6f624a7cecb,2015-04,West Mercia Police,West Mercia Police,-2.142093,52.417576,On or near Brookland Road,E01032138,Bromsgrove 001A,Vehicle crime,Defendant found not guilty,
e19c7177cd5a860fffcc197049887812c869f3e72440708e89d628470e2739e4,2015-04,West Mercia Police,West Mercia Police,-2.138633,52.416186,On or near Woodchester,E01032138,Bromsgrove 001A,Vehicle crime,Defendant found not guilty,
40669bc368ceab39a98ee8291be453fb7fc8c5b25e6f5fc95e528c6cf1fcb628,2015-04,West Mercia Police,West Mercia Police,-2.158713,52.410893,On or near Stoney Lane,E01032138,Bromsgrove 001A,Violence and sexual offences,Unable to prosecute suspect,
,2015-04,West Mercia Police,West Mercia Police,-2.141793,52.424966,On or near Eton Walk,E01032139,Bromsgrove 001B,Anti-social behaviour,,
,2015-04,West Mercia Police,West Mercia Police,-2.141793,52.424966,On or near Eton Walk,E01032139,Bromsgrove 001B,Anti-social behaviour,,
,2015-04,West Mercia Police,West Mercia Police,-2.141793,52.424966,On or near Eton Walk,E01032139,Bromsgrove 001B,Anti-social behaviour,,
7a5751968454971113e90e75738683a5dff0401866ef44346d769ce1b8b9ee92,2015-04,West Mercia Police,West Mercia Police,-2.145817,52.423325,On or near The Sidings,E01032139,Bromsgrove 001B,Burglary,Investigation complete; no suspect identified,
ad5196d2d75093253e91be5b3d3f694d62982fddc325fc12bf4ba2da595cbeef,2015-04,West Mercia Police,West Mercia Police,-2.151149,52.421592,On or near The Coppice,E01032139,Bromsgrove 001B,Criminal damage and arson,Local resolution,
be3780791ce0f506c5e66d580e951cdd97ab31c34dde3862382551ef7b660b68,2015-04,West Mercia Police,West Mercia Police,-2.139394,52.419800,On or near Kidderminster Road,E01032139,Bromsgrove 001B,Other theft,Investigation complete; no suspect identified,
f02bde285ecc174d498cad583617265175d661cec70b5f110cb9f2f6d1dc8544,2015-04,West Mercia Police,West Mercia Police,-2.151149,52.421592,On or near The Coppice,E01032139,Bromsgrove 001B,Violence and sexual offences,Unable to prosecute suspect,
8f5c295688e463a80e01928e6947f4305fafdd2a11ec870322f18e864fb5af40,2015-04,West Mercia Police,West Mercia Police,-2.152130,52.416044,On or near Meadow Croft,E01032140,Bromsgrove 001C,Criminal damage and arson,Investigation complete; no suspect identified,
a4bfd6f1ce1639a4667f4db258c39e5920a3b834f4d953dfea238745ecda0423,2015-04,West Mercia Police,West Mercia Police,-2.150912,52.416657,On or near The Briars,E01032140,Bromsgrove 001C,Vehicle crime,Investigation complete; no suspect identified,
72d5694fae18a01234ada78ff3f534f008fd68bad62dd064ccd35f36c106f2dd,2015-04,West Mercia Police,West Mercia Police,-2.153600,52.420357,On or near Hoarstone,E01032140,Bromsgrove 001C,Vehicle crime,Investigation complete; no suspect identified,
01bec31089a340d8e1489534cecacd7c82a281f3395dd102d3a490ae2966968a,2015-04,West Mercia Police,West Mercia Police,-2.145039,52.419415,On or near Chapel Street,E01032140,Bromsgrove 001C,Violence and sexual offences,Unable to prosecute suspect,
88d1c1aa3270f34cef3735e8b7e7608ac522780f14fca4e0d4cb5d9257bf3a48,2015-04,West Mercia Police,West Mercia Police,-2.151696,52.418256,On or near The Sycamores,E01032140,Bromsgrove 001C,Violence and sexual offences,Local resolution,
dc30b610bc1f03267eb35a6f3d7ef8957bbab8647bdaa8b9590ecbeb762b23a0,2015-04,West Mercia Police,West Mercia Police,-2.149785,52.418232,On or near The Oasis,E01032140,Bromsgrove 001C,Violence and sexual offences,Investigation complete; no suspect identified,
,2015-04,West Mercia Police,West Mercia Police,-2.127922,52.423930,On or near Bromsgrove Road,E01032141,Bromsgrove 001D,Anti-social behaviour,,
,2015-04,West Mercia Police,West Mercia Police,-2.108370,52.432283,On or near Sports/Recreation Area,E01032141,Bromsgrove 001D,Anti-social behaviour,,
,2015-04,West Mercia Police,West Mercia Police,-2.108370,52.432283,On or near Sports/Recreation Area,E01032141,Bromsgrove 001D,Anti-social behaviour,,
4d228a8aebf78b092ae0b315a336634ff157e9f21ab0cb64aca7416bf05e49a1,2015-04,West Mercia Police,West Mercia Police,-2.126967,52.429010,On or near Wychbury Drive,E01032141,Bromsgrove 001D,Burglary,Investigation complete; no suspect identified,
412025fbc050e82cc11831e05366d37c4f9b84a43ca580cd30c26ef82b435f8b,2015-04,West Mercia Police,West Mercia Police,-2.108370,52.432283,On or near Sports/Recreation Area,E01032141,Bromsgrove 001D,Drugs,Offender given a drugs possession warning,
4626b551e7d3f041d0e0b34cb67eddd290a9e10ba65fb73787b60efcadbdfe1f,2015-04,West Mercia Police,West Mercia Police,-2.131408,52.423935,On or near Hagley Police Station,E01032141,Bromsgrove 001D,Drugs,Offender fined,
78356070eae91fb4c41f08d4f779d4abb35f2fd79d6d26b4371983cde4274599,2015-04,West Mercia Police,West Mercia Police,-2.128389,52.427526,On or near Kinver Drive,E01032141,Bromsgrove 001D,Vehicle crime,Investigation complete; no suspect identified,
28d0b579200ad6a68320afafeda06fd328b6d471e71b2c55d47fc0f2ebbc1776,2015-04,West Mercia Police,West Mercia Police,-2.128988,52.426212,On or near Newlands Close,E01032141,Bromsgrove 001D,Vehicle crime,Investigation complete; no suspect identified,
c03dc405dd16aabeddd64e6c9bc7da5b469d73778f08d6722abc0cc9221c97b2,2015-04,West Mercia Police,West Mercia Police,-2.126724,52.426592,On or near Market Way,E01032141,Bromsgrove 001D,Vehicle crime,Investigation complete; no suspect identified,
f9dd043061b5a0d6c26ff84a7a0e36c18c4167d6f2fac8b8682aa25d1aa1ba47,2015-04,West Mercia Police,West Mercia Police,-2.128736,52.430465,On or near Hagley Road,E01032141,Bromsgrove 001D,Violence and sexual offences,Investigation complete; no suspect identified,
2947a63e2175c86047f26749499d7389ab53ece481a3992a3c912d29bc5afd84,2015-04,West Mercia Police,West Mercia Police,-2.125462,52.427610,On or near Milton Drive,E01032141,Bromsgrove 001D,Violence and sexual offences,Unable to prosecute suspect,
3130af43d766131ae6914b07ec6f172c35fb59e217351e9b22aa2bbe4c3c1ef0,2015-04,West Mercia Police,West Mercia Police,-2.128988,52.426212,On or near Newlands Close,E01032141,Bromsgrove 001D,Violence and sexual offences,Unable to prosecute suspect,
5dfc13d6232a5099242496bd7a4cd952309728ce64e7d7cec84a846b26f3c793,2015-04,West Mercia Police,West Mercia Police,-2.125462,52.427610,On or near Milton Drive,E01032141,Bromsgrove 001D,Violence and sexual offences,Unable to prosecute suspect,
abeabf838814c1fddeccdb9d6c9a53d5ffd01adca51b87c8753430c3e3d9d3a0,2015-04,West Mercia Police,West Mercia Police,-2.072854,52.390570,On or near Bonfire Hill,E01032136,Bromsgrove 002A,Burglary,Investigation complete; no suspect identified,
0e689460a902a4d0a47251b386e2674b0942511190fd4f6f93130762b3bd9492,2015-04,West Mercia Police,West Mercia Police,-2.100710,52.395143,On or near Galtons Lane,E01032136,Bromsgrove 002A,Burglary,Investigation complete; no suspect identified,
303ca2a3adafadb5844bbc07df85f36f80689e89e96309e8dbc51e6424aa15eb,2015-04,West Mercia Police,West Mercia Police,-2.110372,52.409510,On or near Church Avenue,E01032136,Bromsgrove 002A,Burglary,Investigation complete; no suspect identified,
9d4a12570210bcf7b78abcec098ab143554edf98e702002ca421896d71bd5e79,2015-04,West Mercia Police,West Mercia Police,-2.086815,52.391199,On or near Petrol Station,E01032136,Bromsgrove 002A,Other theft,Investigation complete; no suspect identified,
27a10bc00b92d2baa17ebf0c82d66a15e8d16c253bb282bdbf0ca7c709ab9d0d,2015-04,West Mercia Police,West Mercia Police,-2.118068,52.406643,On or near Holy Cross Green,E01032136,Bromsgrove 002A,Other theft,Unable to prosecute suspect,
1bde061f76214f18e2214cc522e8196964d2584d989685ca655b8aca8700b6f5,2015-04,West Mercia Police,West Mercia Police,-2.067554,52.393522,On or near The Gutter,E01032136,Bromsgrove 002A,Other theft,Investigation complete; no suspect identified,
082d8c38d4304e896ca365cb723d64f2f7f8cae73ae7ac180822d76dd785e759,2015-04,West Mercia Police,West Mercia Police,-2.118068,52.412253,On or near Bromsgrove Road,E01032136,Bromsgrove 002A,Vehicle crime,Offender given community sentence,
8413f3f09ed82e387fc11c51b0e7b07bc206af274b615cfdff610f903b7b57b5,2015-04,West Mercia Police,West Mercia Police,-2.111696,52.415685,On or near Adam'S Hill,E01032136,Bromsgrove 002A,Vehicle crime,Investigation complete; no suspect identified,
b813d078d1adbb454b24c917253e04e298dcd91678deb4c2fe9a0e768326e7d1,2015-04,West Mercia Police,West Mercia Police,-2.118068,52.412253,On or near Bromsgrove Road,E01032136,Bromsgrove 002A,Vehicle crime,Investigation complete; no suspect identified,
732c3abb1db15f13aed661183f712af496fcba9e099c62eff5bdc85ec98a54ee,2015-04,West Mercia Police,West Mercia Police,-2.118068,52.412253,On or near Bromsgrove Road,E01032136,Bromsgrove 002A,Violence and sexual offences,Unable to prosecute suspect,
3fa1486d97b785d7e513743f841092ee386e0f5314d5ff917786e48039465587,2015-04,West Mercia Police,West Mercia Police,-2.112282,52.409058,On or near King'S Meadow,E01032137,Bromsgrove 002B,Burglary,Investigation complete; no suspect identified,
c46f6147e89662e02f4c9f6aea469c2363beab399ef77f186d2c8ac4fe5cb85f,2015-04,West Mercia Police,West Mercia Police,-2.112282,52.409058,On or near King'S Meadow,E01032137,Bromsgrove 002B,Burglary,Investigation complete; no suspect identified,
809877ff9dc5149e53550fab1bea84a0f15b67fd62baa7d4d5d0209f46ad969c,2015-04,West Mercia Police,West Mercia Police,-2.117557,52.391639,On or near Woodhouse Orchard,E01032137,Bromsgrove 002B,Drugs,Offender given a caution,
d609fe473062bba6b104b0d13fa2af81580bfb596adf9afe584397df2e3f9991,2015-04,West Mercia Police,West Mercia Police,-2.117557,52.391639,On or near Woodhouse Orchard,E01032137,Bromsgrove 002B,Violence and sexual offences,Unable to prosecute suspect,
be234e079dfdb7d008c808f66c7107d9a940cfb6a230f862b1ee4dc5df19f8e4,2015-04,West Mercia Police,West Mercia Police,-2.058296,52.415750,On or near Hillcrest Road,E01032168,Bromsgrove 002C,Vehicle crime,Investigation complete; no suspect identified,
791a4a99aef7c676951eda643b94b9f538fb63bdbc01f18f95def88bf0ac349e,2015-04,West Mercia Police,West Mercia Police,-2.058296,52.415750,On or near Hillcrest Road,E01032168,Bromsgrove 002C,Violence and sexual offences,Unable to prosecute suspect,
cfc600b97a2c4c8d163e95de6948b4933dbb898bcf0c2e326abd200f88490a95,2015-04,West Mercia Police,West Mercia Police,-2.062959,52.416898,On or near The Alders,E01032168,Bromsgrove 002C,Violence and sexual offences,Unable to prosecute suspect,
,2015-04,West Mercia Police,West Mercia Police,-2.021743,52.411052,On or near Pound Lane,E01032169,Bromsgrove 002D,Anti-social behaviour,,
,2015-04,West Mercia Police,West Mercia Police,-2.020939,52.419961,On or near Frankley Green Lane,E01032169,Bromsgrove 002D,Anti-social behaviour,,
,2015-04,West Mercia Police,West Mercia Police,-2.008117,52.422768,On or near Church Hill,E01032169,Bromsgrove 002D,Anti-social behaviour,,
,2015-04,West Mercia Police,West Mercia Police,-2.063588,52.404681,On or near Farley Lane,E01032169,Bromsgrove 002D,Anti-social behaviour,,
564dad5a075549f40bad9b0b8e4a5cd85f9693915e48ca9d3a53576da6b85644,2015-04,West Mercia Police,West Mercia Police,-2.050711,52.429994,On or near Bromsgrove Road,E01032169,Bromsgrove 002D,Burglary,Investigation complete; no suspect identified,
814ac71d90882398e9909984b38d0ed7c6fc7be976dc5999667c6045ee71dd9b,2015-04,West Mercia Police,West Mercia Police,-2.018826,52.429806,On or near Petrol Station,E01032169,Bromsgrove 002D,Other theft,Investigation complete; no suspect identified,
8b71f3ea03dda725c86ab5e8fe72192820cb74ecd25faeb3271225c8d3efcb7d,2015-04,West Mercia Police,West Mercia Police,-2.017148,52.428772,On or near Motorway Service Area,E01032169,Bromsgrove 002D,Public order,Offender given a caution,
54d8609658e060b8302885873131948a5968c080d26c835335baeecc84d121b4,2015-04,West Mercia Police,West Mercia Police,-2.020939,52.419961,On or near Frankley Green Lane,E01032169,Bromsgrove 002D,Vehicle crime,Investigation complete; no suspect identified,
797d8f0ffe4d7f2c9d39a26720799b10bf216ed1407de56bb8746ea0c37ae765,2015-04,West Mercia Police,West Mercia Police,-2.017148,52.428772,On or near Motorway Service Area,E01032169,Bromsgrove 002D,Vehicle crime,Investigation complete; no suspect identified,
,2015-04,West Mercia Police,West Mercia Police,-2.074332,52.369217,On or near Mount Road,E01032176,Bromsgrove 002E,Anti-social behaviour,,
,2015-04,West Mercia Police,West Mercia Police,-2.054763,52.388629,On or near Money Lane,E01032176,Bromsgrove 002E,Anti-social behaviour,,
,2015-04,West Mercia Police,West Mercia Police,-2.074134,52.356595,On or near Valley Road,E01032176,Bromsgrove 002E,Anti-social behaviour,,
661268065dda4ab5b55bfbde1e40dd1199d20d94c3690b46f82fc7771ddd8c53,2015-04,West Mercia Police,West Mercia Police,-2.075198,52.368875,On or near Mount Road,E01032176,Bromsgrove 002E,Burglary,Investigation complete; no suspect identified,
5b9142c08a28c82eed9e3b330b1bd13fb463f6c26cc2de07db1761af323e464d,2015-04,West Mercia Police,West Mercia Police,-2.074618,52.364515,On or near Fairfield Road,E01032176,Bromsgrove 002E,Violence and sexual offences,Unable to prosecute suspect,
96f2f94a65a0847aec7d2e46e2638349268254c6e6c80bf0713a990bdb78b3df,2015-04,West Mercia Police,West Mercia Police,-2.079442,52.376757,On or near Stourbridge Road,E01032176,Bromsgrove 002E,Violence and sexual offences,Unable to prosecute suspect,
,2015-04,West Mercia Police,West Mercia Police,-2.018955,52.389539,On or near Holmes Drive,E01032126,Bromsgrove 003A,Anti-social behaviour,,
,2015-04,West Mercia Police,West Mercia Police,-2.018955,52.389539,On or near Holmes Drive,E01032126,Bromsgrove 003A,Anti-social behaviour,,
,2015-04,West Mercia Police,West Mercia Police,-2.018955,52.389539,On or near Holmes Drive,E01032126,Bromsgrove 003A,Anti-social behaviour,,
,2015-04,West Mercia Police,West Mercia Police,-2.018955,52.389539,On or near Holmes Drive,E01032126,Bromsgrove 003A,Anti-social behaviour,,
bdf5e046ad46cb8676db66ec30ddef0e96ef562de53d471d8ff1a8413ffa89a9,2015-04,West Mercia Police,West Mercia Police,-2.018955,52.389539,On or near Holmes Drive,E01032126,Bromsgrove 003A,Criminal damage and arson,Investigation complete; no suspect identified,
906cc399c69d3de02a69a022f79b2eed47e5dea714e90176f4635d79e2ce5947,2015-04,West Mercia Police,West Mercia Police,-2.020278,52.389719,On or near Maple Road,E01032126,Bromsgrove 003A,Drugs,Offender fined,
52f15a72727496e57a07c9f3930630c0f12bdc03709cfb932be75dc446d9a14e,2015-04,West Mercia Police,West Mercia Police,-2.018088,52.390294,On or near Eachway,E01032126,Bromsgrove 003A,Other theft,Investigation complete; no suspect identified,
,2015-04,West Mercia Police,West Mercia Police,-2.031536,52.393708,On or near Gunner Lane,E01032170,Bromsgrove 003B,Anti-social behaviour,,
,2015-04,West Mercia Police,West Mercia Police,-2.031536,52.393708,On or near Gunner Lane,E01032170,Bromsgrove 003B,Anti-social behaviour,,
b3eaf18b3f2d0cb1e07a4c4176987c19f207e21f5cb27f1ae19f109fd4cef3a5,2015-04,West Mercia Police,West Mercia Police,-2.029726,52.390229,On or near Holywell Lane,E01032170,Bromsgrove 003B,Criminal damage and arson,Unable to prosecute suspect,
2ffab578b6ffd89661277e1ba551cb52331f50855013af79da3ee9e18562de7a,2015-04,West Mercia Police,West Mercia Police,-2.030346,52.394319,On or near Bowes Road,E01032170,Bromsgrove 003B,Vehicle crime,Investigation complete; no suspect identified,
ad476bb8a68a635f32c37d605666e4ac2aa4637f6edfbe978b94830313256473,2015-04,West Mercia Police,West Mercia Police,-2.029755,52.389429,On or near A38,E01032170,Bromsgrove 003B,Violence and sexual offences,Unable to prosecute suspect,
,2015-04,West Mercia Police,West Mercia Police,-2.024029,52.397225,On or near Segbourne Road,E01032171,Bromsgrove 003C,Anti-social behaviour,,
,2015-04,West Mercia Police,West Mercia Police,-2.023618,52.399023,On or near Grange Crescent,E01032171,Bromsgrove 003C,Anti-social behaviour,,
,2015-04,West Mercia Police,West Mercia Police,-2.029511,52.398104,On or near Romsley Close,E01032171,Bromsgrove 003C,Anti-social behaviour,,
421a3604c9bbbe85b9d73e072cb0485d27afe1ce79e559478fea5053b83f5a5e,2015-04,West Mercia Police,West Mercia Police,-2.026852,52.398977,On or near Clent Road,E01032171,Bromsgrove 003C,Vehicle crime,Investigation complete; no suspect identified,
540e3c245144a4e78183d178599cc2f062cd5ec145dd7bfa1c1f1a4386382d8f,2015-04,West Mercia Police,West Mercia Police,-2.029024,52.395192,On or near Cleves Drive,E01032171,Bromsgrove 003C,Vehicle crime,Investigation complete; no suspect identified,
710d49d8aa5aa2ca70ad9fd5155c1da9e8f6c35c8ec43ddf3495be15f342ec62,2015-04,West Mercia Police,West Mercia Police,-2.029511,52.398104,On or near Romsley Close,E01032171,Bromsgrove 003C,Vehicle crime,Investigation complete; no suspect identified,
e0fff2ffdf49ce41479bad177184e6924b535eb3578b252151bedb75ea5c5bcd,2015-04,West Mercia Police,West Mercia Police,-2.021471,52.397045,On or near Leasowe Road,E01032171,Bromsgrove 003C,Vehicle crime,Investigation complete; no suspect identified,
,2015-04,West Mercia Police,West Mercia Police,-2.022277,52.391345,On or near Whetty Lane,E01032172,Bromsgrove 003D,Anti-social behaviour,,
,2015-04,West Mercia Police,West Mercia Police,-2.023513,52.394249,On or near Brook Road,E01032172,Bromsgrove 003D,Anti-social behaviour,,
,2015-04,West Mercia Police,West Mercia Police,-2.027335,52.396532,On or near Rea Avenue,E01032172,Bromsgrove 003D,Anti-social behaviour,,
,2015-04,West Mercia Police,West Mercia Police,-2.019031,52.394573,On or near Callowbridge Road,E01032172,Bromsgrove 003D,Anti-social behaviour,,
,2015-04,West Mercia Police,West Mercia Police,-2.024233,52.394015,On or near The Avenue,E01032172,Bromsgrove 003D,Anti-social behaviour,,
,2015-04,West Mercia Police,West Mercia Police,-2.023541,52.392694,On or near Callowbrook Lane,E01032172,Bromsgrove 003D,Anti-social behaviour,,
,2015-04,West Mercia Police,West Mercia Police,-2.020279,52.392964,On or near New Road,E01032172,Bromsgrove 003D,Anti-social behaviour,,
,2015-04,West Mercia Police,West Mercia Police,-2.017105,52.394070,On or near Callowbridge Road,E01032172,Bromsgrove 003D,Anti-social behaviour,,
949ffc92ea6f74f0c8f5b9f53e78d29255dc9b93c99ef815972adf75b635320e,2015-04,West Mercia Police,West Mercia Police,-2.023513,52.394249,On or near Brook Road,E01032172,Bromsgrove 003D,Criminal damage and arson,Investigation complete; no suspect identified,
d15a0ea8a7ec10974d0b13815deb35ee44f3f8c794d27296b5f8bc2cacb163f5,2015-04,West Mercia Police,West Mercia Police,-2.014901,52.393181,On or near Beverley Road,E01032172,Bromsgrove 003D,Criminal damage and arson,Investigation complete; no suspect identified,
407f836cd139be729d541c29ae412a6aae00b52845345f51b56790aa4125db73,2015-04,West Mercia Police,West Mercia Police,-2.017105,52.393378,On or near Supermarket,E01032172,Bromsgrove 003D,Shoplifting,Local resolution,
31cf7928e0d2b6e855911496be233e3e4590ad57173610e063a59388dd6fe285,2015-04,West Mercia Police,West Mercia Police,-2.017105,52.394070,On or near Callowbridge Road,E01032172,Bromsgrove 003D,Shoplifting,Unable to prosecute suspect,
bde2c6db595027acd30ec3e43db95210ea1165866837b67ba8a91d5dd50f9c84,2015-04,West Mercia Police,West Mercia Police,-2.027335,52.396532,On or near Rea Avenue,E01032172,Bromsgrove 003D,Vehicle crime,Investigation complete; no suspect identified,
5ceaf237ef11cea843a19cbb1052e877d82914d15f6e04eae8ce5e8abb3da557,2015-04,West Mercia Police,West Mercia Police,-2.027335,52.396532,On or near Rea Avenue,E01032172,Bromsgrove 003D,Vehicle crime,Investigation complete; no suspect identified,
39e955c926a9b9b5f5c28a3ec77c0f69c6465fb4b3b19df3335b42a3307cb590,2015-04,West Mercia Police,West Mercia Police,-2.019105,52.395356,On or near Brookend Drive,E01032172,Bromsgrove 003D,Vehicle crime,Investigation complete; no suspect identified,
0e4b41dd80924dc5f955008a908be9dcd8508ce6243e4871b2952f14ceabc180,2015-04,West Mercia Police,West Mercia Police,-2.024116,52.396371,On or near Windmill Avenue,E01032172,Bromsgrove 003D,Vehicle crime,Investigation complete; no suspect identified,
cbe537a63d4cd4b9b74984c1acc4e518b438a191a9e8b8206bdf27a486ee0309,2015-04,West Mercia Police,West Mercia Police,-2.014901,52.393181,On or near Beverley Road,E01032172,Bromsgrove 003D,Violence and sexual offences,Local resolution,
097eeb4c993a81a0153a9c173d6b0c7201ffd9edb38e2d6e088a314fd8b04543,2015-04,West Mercia Police,West Mercia Police,-2.017105,52.393378,On or near Supermarket,E01032172,Bromsgrove 003D,Violence and sexual offences,Court result unavailable,
,2015-04,West Mercia Police,West Mercia Police,-1.879773,52.384526,On or near The Close,E01032133,Bromsgrove 004A,Anti-social behaviour,,
,2015-04,West Mercia Police,West Mercia Police,-1.880222,52.386711,On or near Mynors Crescent,E01032133,Bromsgrove 004A,Anti-social behaviour,,
,2015-04,West Mercia Police,West Mercia Police,-1.880222,52.386711,On or near Mynors Crescent,E01032133,Bromsgrove 004A,Anti-social behaviour,,
,2015-04,West Mercia Police,West Mercia Police,-1.880222,52.386711,On or near Mynors Crescent,E01032133,Bromsgrove 004A,Anti-social behaviour,,
,2015-04,West Mercia Police,West Mercia Police,-1.883591,52.390715,On or near May Farm Close,E01032133,Bromsgrove 004A,Anti-social behaviour,,
,2015-04,West Mercia Police,West Mercia Police,-1.880222,52.386711,On or near Mynors Crescent,E01032133,Bromsgrove 004A,Anti-social behaviour,,
,2015-04,West Mercia Police,West Mercia Police,-1.880222,52.386711,On or near Mynors Crescent,E01032133,Bromsgrove 004A,Anti-social behaviour,,
,2015-04,West Mercia Police,West Mercia Police,-1.883591,52.390715,On or near May Farm Close,E01032133,Bromsgrove 004A,Anti-social behaviour,,
,2015-04,West Mercia Police,West Mercia Police,-1.883591,52.390715,On or near May Farm Close,E01032133,Bromsgrove 004A,Anti-social behaviour,,
,2015-04,West Mercia Police,West Mercia Police,-1.882933,52.383999,On or near Hadley Close,E01032133,Bromsgrove 004A,Anti-social behaviour,,
6068a3ef0279a5e7f9599bbce064a7257371d6b12b6cc5a83d73ed93bec6715c,2015-04,West Mercia Police,West Mercia Police,-1.881445,52.385643,On or near Shawfield,E01032133,Bromsgrove 004A,Burglary,Investigation complete; no suspect identified,
b9fad0ddcca3950a206f6f2fa60f870aa764bfb9f0f6a6da1739746be45b4c59,2015-04,West Mercia Police,West Mercia Police,-1.882749,52.386992,On or near The Willows,E01032133,Bromsgrove 004A,Vehicle crime,Investigation complete; no suspect identified,
17fb6f3042b67aaf603bb097df00655bdf4c9586e6ddd771c84d3e72c0166692,2015-04,West Mercia Police,West Mercia Police,-1.884542,52.386626,On or near Alcester Road,E01032133,Bromsgrove 004A,Vehicle crime,Investigation complete; no suspect identified,
2859aac399177a789667f3fa81ee376f4129f14be5ade9ca3621071af0c70074,2015-04,West Mercia Police,West Mercia Police,-1.882933,52.383999,On or near Hadley Close,E01032133,Bromsgrove 004A,Vehicle crime,Investigation complete; no suspect identified,
6880cc34cc46ff3ae9937e01106bd8e7d537daf90ade8020761f301577b28fcd,2015-04,West Mercia Police,West Mercia Police,-1.881909,52.387639,On or near Chesterwood,E01032133,Bromsgrove 004A,Violence and sexual offences,Unable to prosecute suspect,
90e960ac53b432309842a58aa2460cd14c4dae10c952184183c52fad9f65dd66,2015-04,West Mercia Police,West Mercia Police,-1.883591,52.390715,On or near May Farm Close,E01032133,Bromsgrove 004A,Violence and sexual offences,Unable to prosecute suspect,
c84da464c318ecf769213701727b303011d14b3748fd8fa1b4f7d628c027902a,2015-04,West Mercia Police,West Mercia Police,-1.881445,52.385643,On or near Shawfield,E01032133,Bromsgrove 004A,Violence and sexual offences,Investigation complete; no suspect identified,
eb93bc9b1db75b1af3f209f4bdc79af9e9b16023cee35bb2274d443a430d35c0,2015-04,West Mercia Police,West Mercia Police,-1.882749,52.386992,On or near The Willows,E01032133,Bromsgrove 004A,Violence and sexual offences,Unable to prosecute suspect,
816becb203e61f257712dfd8a7e26efb01a48f0bde08634c9ee3d165608908fb,2015-04,West Mercia Police,West Mercia Police,-1.879773,52.384526,On or near The Close,E01032133,Bromsgrove 004A,Violence and sexual offences,Unable to prosecute suspect,
0ddb7d768981179c4cbd652fa44016659fce9c4823497ef395f0f922dc950db1,2015-04,West Mercia Police,West Mercia Police,-1.883591,52.390715,On or near May Farm Close,E01032133,Bromsgrove 004A,Violence and sexual offences,Investigation complete; no suspect identified,
03ade1b453cc1f43759d6755fc6d08288ebbeaccf06f5613140c6b4dfb1f3c48,2015-04,West Mercia Police,West Mercia Police,-1.880222,52.386711,On or near Mynors Crescent,E01032133,Bromsgrove 004A,Violence and sexual offences,Unable to prosecute suspect,
2c7baa6821f061b29d7d18f78dd411b58b906fa17aa391e5a6104177742fa571,2015-04,West Mercia Police,West Mercia Police,-1.882933,52.383999,On or near Hadley Close,E01032133,Bromsgrove 004A,Other crime,Offender fined,
,2015-04,West Mercia Police,West Mercia Police,-1.879966,52.389228,On or near Beaudesert Close,E01032135,Bromsgrove 004B,Anti-social behaviour,,
,2015-04,West Mercia Police,West Mercia Police,-1.879155,52.390279,On or near Warmington Road,E01032135,Bromsgrove 004B,Anti-social behaviour,,
,2015-04,West Mercia Police,West Mercia Police,-1.872264,52.389885,On or near Wood Croft,E01032135,Bromsgrove 004B,Anti-social behaviour,,
,2015-04,West Mercia Police,West Mercia Police,-1.879155,52.390279,On or near Warmington Road,E01032135,Bromsgrove 004B,Anti-social behaviour,,
d598e8c0236381ea74555eea72ab9e77b32c1b414c2ca8af8e117fce57124af4,2015-04,West Mercia Police,West Mercia Police,-1.872039,52.386550,On or near Bramley Drive,E01032135,Bromsgrove 004B,Vehicle crime,Investigation complete; no suspect identified,
de2ccdf50ca9bb0ff415de8b46234b1451143e0db30f03502230a1411d73c041,2015-04,West Mercia Police,West Mercia Police,-1.871738,52.388995,On or near Beech Road,E01032135,Bromsgrove 004B,Vehicle crime,Investigation complete; no suspect identified,
a48fae16f9750b702e58a4f12a968f7194b70865558f1490fcd1bf88d1fb51f9,2015-04,West Mercia Police,West Mercia Police,-1.871738,52.388995,On or near Beech Road,E01032135,Bromsgrove 004B,Vehicle crime,Investigation complete; no suspect identified,
7f058379d2e4b25070a5dadab9f5a3a8dc9b2e206b65c5b42302bc5985713a9c,2015-04,West Mercia Police,West Mercia Police,-1.873014,52.389572,On or near Hawthorne Drive,E01032135,Bromsgrove 004B,Vehicle crime,Investigation complete; no suspect identified,
,2015-04,West Mercia Police,West Mercia Police,-1.883664,52.396469,On or near Alfreda Avenue,E01032145,Bromsgrove 004C,Anti-social behaviour,,
36bb504f5e7a99c2df78663b9dcdd4dd890e77c89ddd23e88f3f6454ffa6c3e1,2015-04,West Mercia Police,West Mercia Police,-1.878862,52.395268,On or near Simon Road,E01032145,Bromsgrove 004C,Vehicle crime,Investigation complete; no suspect identified,
98305322c6fe60007e37c16b61cdb997fdf82fbab37231dde132443006e8f4a4,2015-04,West Mercia Police,West Mercia Police,-1.878862,52.395268,On or near Simon Road,E01032145,Bromsgrove 004C,Vehicle crime,Investigation complete; no suspect identified,
,2015-04,West Mercia Police,West Mercia Police,-1.881875,52.394876,On or near Green Gables,E01032147,Bromsgrove 004D,Anti-social behaviour,,
,2015-04,West Mercia Police,West Mercia Police,-1.881875,52.394876,On or near Green Gables,E01032147,Bromsgrove 004D,Anti-social behaviour,,
,2015-04,West Mercia Police,West Mercia Police,-1.874673,52.390293,On or near Forest Way,E01032147,Bromsgrove 004D,Anti-social behaviour,,
,2015-04,West Mercia Police,West Mercia Police,-1.874673,52.390293,On or near Forest Way,E01032147,Bromsgrove 004D,Anti-social behaviour,,
,2015-04,West Mercia Police,West Mercia Police,-1.881600,52.393419,On or near Mill Close,E01032147,Bromsgrove 004D,Anti-social behaviour,,
021498dc554983bb62cfbd380d91cf20c09620623d3cd7f49eaf2309117ef277,2015-04,West Mercia Police,West Mercia Police,-1.881875,52.394876,On or near Green Gables,E01032147,Bromsgrove 004D,Other theft,Investigation complete; no suspect identified,
d35cda878e8d2a3b11e34a6cb6de0402e96d67f38fcc571eb2f62e2b94caa4ee,2015-04,West Mercia Police,West Mercia Police,-1.878080,52.390988,On or near Shawhurst Croft,E01032147,Bromsgrove 004D,Public order,Investigation complete; no suspect identified,
9432cdee3ca42ddf41c5939ec9701208f01a7e4f0026e6125adc7566ed08404d,2015-04,West Mercia Police,West Mercia Police,-1.878080,52.390988,On or near Shawhurst Croft,E01032147,Bromsgrove 004D,Vehicle crime,Investigation complete; no suspect identified,
,2015-04,West Mercia Police,West Mercia Police,-1.910661,52.403855,On or near Parking Area,E01032134,Bromsgrove 005A,Anti-social behaviour,,
d07e01e5e5d4af208d0ba671591ebaef6ff6337e35d0182c155f548718318644,2015-04,West Mercia Police,West Mercia Police,-1.912673,52.404540,On or near Hillaire Close,E01032134,Bromsgrove 005A,Bicycle theft,Investigation complete; no suspect identified,
28933e54f7322bcf0fc7fb902b1d424e2b41b2e29d3a070ccfcfdc4ba4d02f2c,2015-04,West Mercia Police,West Mercia Police,-1.890135,52.382954,On or near Silvermead Court,E01032134,Bromsgrove 005A,Criminal damage and arson,Investigation complete; no suspect identified,
a171203732f40bb800c4f57d5399decfd3cbdc8a5db8295926fbe8fe50062634,2015-04,West Mercia Police,West Mercia Police,-1.883943,52.385375,On or near Drakes Cross Parade,E01032134,Bromsgrove 005A,Shoplifting,Investigation complete; no suspect identified,
27fba9eda246a66c1114cd7146f7f5d31188f8911a693ca53a9fff3244c7dd16,2015-04,West Mercia Police,West Mercia Police,-1.896070,52.389396,On or near Packhorse Lane,E01032134,Bromsgrove 005A,Vehicle crime,Investigation complete; no suspect identified,
8d9b527b233ef9db99e6d69a49710925f32124ff4f035663d04cac584194064b,2015-04,West Mercia Police,West Mercia Police,-1.890135,52.382954,On or near Silvermead Court,E01032134,Bromsgrove 005A,Violence and sexual offences,Investigation complete; no suspect identified,
8178b42c54f6074139aa49fe866a2d3c9d85647136c15b3c00fcc954f3255353,2015-04,West Mercia Police,West Mercia Police,-1.912465,52.405708,On or near Chelworth Road,E01032134,Bromsgrove 005A,Violence and sexual offences,Court result unavailable,
6ff39e566e43dcb7ad011d811741e07a75c2d3c4bab4375b0f1e1d749b986363,2015-04,West Mercia Police,West Mercia Police,-1.910661,52.403855,On or near Parking Area,E01032134,Bromsgrove 005A,Violence and sexual offences,Awaiting court outcome,
0384293c77109ca0b161b1393898f3363f90ca4b9fe7029415d5b2edb5b8a2b4,2015-04,West Mercia Police,West Mercia Police,-1.912465,52.405708,On or near Chelworth Road,E01032134,Bromsgrove 005A,Violence and sexual offences,Court result unavailable,
,2015-04,West Mercia Police,West Mercia Police,-1.852330,52.396901,On or near Rolan Drive,E01032146,Bromsgrove 005B,Anti-social behaviour,,
8d3ad48a434f62b74a7affb64e6d55a5ee92edfedfbdd3db3a55009a2f48cc28,2015-04,West Mercia Police,West Mercia Police,-1.853036,52.396678,On or near Nursery Gardens,E01032146,Bromsgrove 005B,Burglary,Investigation complete; no suspect identified,
1018bf3f47096bffa3dad45f13a47839ada4d5c60102e15c898b0a41fb154a4b,2015-04,West Mercia Police,West Mercia Police,-1.852603,52.394501,On or near Fords Road,E01032146,Bromsgrove 005B,Criminal damage and arson,Investigation complete; no suspect identified,
236140054fe1f2e9a4cffb2833c80e4641cc855f9dd937a030061a75563e2999,2015-04,West Mercia Police,West Mercia Police,-1.868371,52.389566,On or near Wythwood Grove,E01032146,Bromsgrove 005B,Criminal damage and arson,Investigation complete; no suspect identified,
bcd74b4bd34d7cc68b1b1df27e5045129f54a87505ba4e3c319c7bf8725e7281,2015-04,West Mercia Police,West Mercia Police,-1.850581,52.396917,On or near Three Corner Close,E01032146,Bromsgrove 005B,Vehicle crime,Investigation complete; no suspect identified,
2f1806d7aa3546ee429ca4a69b89ada05ca28a1f105f7c03cc2b817a204dad8a,2015-04,West Mercia Police,West Mercia Police,-1.866199,52.383846,On or near Fulford Close,E01032177,Bromsgrove 005C,Other theft,Investigation complete; no suspect identified,
09bb3ab2cf1f9cc5a58e0e9fc9afcc9744143530bcb89ee14bb5f4ce5a846321,2015-04,West Mercia Police,West Mercia Police,-1.866224,52.380367,On or near Lea Green Drive,E01032177,Bromsgrove 005C,Vehicle crime,Investigation complete; no suspect identified,
a074e8322663ebdb77e99e6e27a015fe93f3038252c92fd3e5e441e97a2ff88c,2015-04,West Mercia Police,West Mercia Police,-1.880313,52.374808,On or near Meadow Croft,E01032178,Bromsgrove 005D,Criminal damage and arson,Investigation complete; no suspect identified,
f2a7f56c587a697318089106f7ea4666eb76644ca3ef0b1b67c51fb86a5730d8,2015-04,West Mercia Police,West Mercia Police,-1.887896,52.367633,On or near Alcester Road,E01032178,Bromsgrove 005D,Other theft,Investigation complete; no suspect identified,
7e37fbebccd5021921f93b1d83365d6ee9d0ee83a742afa9cbff3965f78e7f77,2015-04,West Mercia Police,West Mercia Police,-1.887896,52.367633,On or near Alcester Road,E01032178,Bromsgrove 005D,Other theft,Investigation complete; no suspect identified,
0e3813de46f10da18a2ea12b38c167b380572e97568f25bfcdc19ab1181682af,2015-04,West Mercia Police,West Mercia Police,-1.887264,52.367956,On or near Petrol Station,E01032178,Bromsgrove 005D,Other theft,Awaiting court outcome,
c151cd1629aa88f666497b83535b3b36a6ee31524704022188bc6696e7d8d401,2015-04,West Mercia Police,West Mercia Police,-1.884564,52.378031,On or near Wythall Police Station,E01032178,Bromsgrove 005D,Vehicle crime,Investigation complete; no suspect identified,
9f0aee7f259d10df79d3b8de41ede83f50a2200fdc0be660f6b14589125db81f,2015-04,West Mercia Police,West Mercia Police,-1.882012,52.365541,On or near Barkers Lane,E01032178,Bromsgrove 005D,Vehicle crime,Investigation complete; no suspect identified,
29972b200dc8ff5dd8c3b2815e06ffafc48600c36a80ed9c04ae7b23b8d40138,2015-04,West Mercia Police,West Mercia Police,-1.884564,52.378031,On or near Wythall Police Station,E01032178,Bromsgrove 005D,Vehicle crime,Investigation complete; no suspect identified,
1795e7135b19bc11a2458d9e847ea129ff44468fdaeddfc1207db4c324c145ef,2015-04,West Mercia Police,West Mercia Police,-1.887896,52.367633,On or near Alcester Road,E01032178,Bromsgrove 005D,Violence and sexual offences,Unable to prosecute suspect,
527dbb5f2498e31a6a976ab4306f25b955e9d0fb864aaaf75410e917246ae4b7,2015-04,West Mercia Police,West Mercia Police,-1.884292,52.375478,On or near Church Close,E01032178,Bromsgrove 005D,Violence and sexual offences,Unable to prosecute suspect,
,2015-04,West Mercia Police,West Mercia Police,-1.988805,52.381530,On or near Parsonage Drive,E01032142,Bromsgrove 006A,Anti-social behaviour,,
,2015-04,West Mercia Police,West Mercia Police,-1.988805,52.381530,On or near Parsonage Drive,E01032142,Bromsgrove 006A,Anti-social behaviour,,
,2015-04,West Mercia Police,West Mercia Police,-1.993639,52.380272,On or near Chestnut Drive,E01032142,Bromsgrove 006A,Anti-social behaviour,,
a44c7f6d0bd7661e16bc46e702eea6b2bfd7b3fd6c5c4be9777f96e1b0b4b300,2015-04,West Mercia Police,West Mercia Police,-1.993256,52.381737,On or near Groveley Lane,E01032142,Bromsgrove 006A,Vehicle crime,Investigation complete; no suspect identified,
d0f2be647df64c3a7f5584861b592d0b2a2f704650f93b557993184b99fb01f2,2015-04,West Mercia Police,West Mercia Police,-2.000396,52.379705,On or near Lickey Coppice,E01032142,Bromsgrove 006A,Violence and sexual offences,Unable to prosecute suspect,
d5d162afb66312520e2c76a99e0b337b55e486b0501fe635e8aba00aa7811755,2015-04,West Mercia Police,West Mercia Police,-1.998869,52.379553,On or near Ten Ashes Lane,E01032142,Bromsgrove 006A,Violence and sexual offences,Unable to prosecute suspect,
,2015-04,West Mercia Police,West Mercia Police,-2.009137,52.377916,On or near Rose Hill,E01032143,Bromsgrove 006B,Anti-social behaviour,,
d5899ccc7f80e480fcb08922d07c28e1699075a9bbb142aaeb864139c6b9e290,2015-04,West Mercia Police,West Mercia Police,-2.003481,52.376298,On or near Parking Area,E01032143,Bromsgrove 006B,Other theft,Investigation complete; no suspect identified,
d3891a5238ed1476f232665c24649c4aaada63105d2d3e54e40ed24fa857f45a,2015-04,West Mercia Police,West Mercia Police,-2.009137,52.377916,On or near Rose Hill,E01032143,Bromsgrove 006B,Vehicle crime,Investigation complete; no suspect identified,
4eccbe5e40955b8fb35facc029a9b1ceee22f30748bd6cdc45d36c9d45328ea6,2015-04,West Mercia Police,West Mercia Police,-2.003481,52.376298,On or near Parking Area,E01032143,Bromsgrove 006B,Vehicle crime,Investigation complete; no suspect identified,
58aae7f9981e46821d7fd293e9327f1230d66b099998453754a8eee625e261ae,2015-04,West Mercia Police,West Mercia Police,-2.003481,52.376298,On or near Parking Area,E01032143,Bromsgrove 006B,Violence and sexual offences,Unable to prosecute suspect,
,2015-04,West Mercia Police,West Mercia Police,-1.995873,52.361060,On or near Oakdene Drive,E01032144,Bromsgrove 006C,Anti-social behaviour,,
,2015-04,West Mercia Police,West Mercia Police,-1.992056,52.359037,On or near The Longlands,E01032144,Bromsgrove 006C,Anti-social behaviour,,
,2015-04,West Mercia Police,West Mercia Police,-1.990734,52.360799,On or near Supermarket,E01032144,Bromsgrove 006C,Anti-social behaviour,,
,2015-04,West Mercia Police,West Mercia Police,-1.990734,52.360799,On or near Supermarket,E01032144,Bromsgrove 006C,Anti-social behaviour,,
2238e389fc766caf11c6d42cd4ecc5de6b0fc337d6f74bd65c80e424f8d9bcae,2015-04,West Mercia Police,West Mercia Police,-1.996813,52.355630,On or near Blackwell Road,E01032144,Bromsgrove 006C,Burglary,Investigation complete; no suspect identified,
a5be2d64d8444d7866e8e2ca34f3ceeb4f60c3afe5d5e668edcbedb0c47f3828,2015-04,West Mercia Police,West Mercia Police,-2.000191,52.359010,On or near Rosewood Drive,E01032144,Bromsgrove 006C,Robbery,Offender sent to prison,
22294983844f99c4cf02a756207c7dcf217bf6ccbcfd8df0db8322e199aaddf4,2015-04,West Mercia Police,West Mercia Police,-2.000191,52.359010,On or near Rosewood Drive,E01032144,Bromsgrove 006C,Robbery,Court result unavailable,
a96490d1116f3486f89e524eddaddca8d2ca2501e144ee5b91660ebd40aa4c86,2015-04,West Mercia Police,West Mercia Police,-1.989691,52.363298,On or near Greenbank,E01032144,Bromsgrove 006C,Vehicle crime,Investigation complete; no suspect identified,
56b5914efbaf6965301332d5fa6f0aff508f676c13852628bdc061f70c450223,2015-04,West Mercia Police,West Mercia Police,-1.988032,52.359198,On or near Sandhills Lane,E01032144,Bromsgrove 006C,Violence and sexual offences,Unable to prosecute suspect,
,2015-04,West Mercia Police,West Mercia Police,-2.061270,52.366051,On or near Bourne Avenue,E01032127,Bromsgrove 007A,Anti-social behaviour,,
743415c3dc1186c4c64fe73e300aa9ae96140aebdb98e1c50ad59f3dd42ebc5c,2015-04,West Mercia Police,West Mercia Police,-2.056625,52.362359,On or near The Dock,E01032127,Bromsgrove 007A,Burglary,Investigation complete; no suspect identified,
2370222847f96ac536a4b4d291bd8582547e83993711114ed89c38b1693de17c,2015-04,West Mercia Police,West Mercia Police,-2.061270,52.366051,On or near Bourne Avenue,E01032127,Bromsgrove 007A,Vehicle crime,Investigation complete; no suspect identified,
16278ad734d8f63746c6c94dd1da79a678f437369557a8bb5d6df79d1564d521,2015-04,West Mercia Police,West Mercia Police,-2.061051,52.366672,On or near Woodrow Close,E01032127,Bromsgrove 007A,Vehicle crime,Investigation complete; no suspect identified,
99233430036fbcb5c3a47bf081d38678a5779a39f5895c54d5307f2a77982772,2015-04,West Mercia Police,West Mercia Police,-2.061270,52.366051,On or near Bourne Avenue,E01032127,Bromsgrove 007A,Violence and sexual offences,Awaiting court outcome,
,2015-04,West Mercia Police,West Mercia Police,-2.062248,52.361736,On or near Meadow Road,E01032128,Bromsgrove 007B,Anti-social behaviour,,
,2015-04,West Mercia Police,West Mercia Police,-2.062248,52.361736,On or near Meadow Road,E01032128,Bromsgrove 007B,Anti-social behaviour,,
,2015-04,West Mercia Police,West Mercia Police,-2.062248,52.361736,On or near Meadow Road,E01032128,Bromsgrove 007B,Anti-social behaviour,,
,2015-04,West Mercia Police,West Mercia Police,-2.062248,52.361736,On or near Meadow Road,E01032128,Bromsgrove 007B,Anti-social behaviour,,
,2015-04,West Mercia Police,West Mercia Police,-2.060033,52.363022,On or near Meadow Road,E01032128,Bromsgrove 007B,Anti-social behaviour,,
2b6d7e551c51bbe6a6fcafce1639248e51f3ad08d1ff4c2b1e2be54bd855ad84,2015-04,West Mercia Police,West Mercia Police,-2.055086,52.364679,On or near Green Lane,E01032128,Bromsgrove 007B,Other crime,Offender sent to prison,
,2015-04,West Mercia Police,West Mercia Police,-2.057616,52.367555,On or near Montgomery Close,E01032129,Bromsgrove 007C,Anti-social behaviour,,
babd59bc22205cb282e01d45c29e131d0be4baa4aa76760b7f2997394fb1872a,2015-04,West Mercia Police,West Mercia Police,-2.052139,52.368717,On or near Woodrow Lane,E01032129,Bromsgrove 007C,Burglary,Investigation complete; no suspect identified,
ae49f76ecd2e7d953e6ce341f60c6ca948664ca232352f2ec742d2351b1e6f34,2015-04,West Mercia Police,West Mercia Police,-2.052681,52.367692,On or near Redcar Close,E01032129,Bromsgrove 007C,Violence and sexual offences,Unable to prosecute suspect,
3cbba3023a0c9f9831a9935c6ca4d9a7a11ce3d98adb06e0c983fe2f1bcdd511,2015-04,West Mercia Police,West Mercia Police,-2.049493,52.366605,On or near Sedgefield Walk,E01032129,Bromsgrove 007C,Violence and sexual offences,Unable to prosecute suspect,
feed98dbc0086509a56089b4fd440d97ec85bbcf08fe05d6941d69309e8e26d4,2015-04,West Mercia Police,West Mercia Police,-2.045825,52.369879,On or near Birmingham Road,E01032129,Bromsgrove 007C,Other crime,Court result unavailable,
0fe624a63a6378b1d7b9b1f2dfeacc18c6b80176bd5d7029000d3d6851553e8b,2015-04,West Mercia Police,West Mercia Police,-2.057616,52.367555,On or near Montgomery Close,E01032129,Bromsgrove 007C,Other crime,Investigation complete; no suspect identified,
,2015-04,West Mercia Police,West Mercia Police,-2.054848,52.362710,On or near Severn Close,E01032152,Bromsgrove 007D,Anti-social behaviour,,
,2015-04,West Mercia Police,West Mercia Police,-2.052058,52.362226,On or near Blake Road,E01032152,Bromsgrove 007D,Anti-social behaviour,,
,2015-04,West Mercia Police,West Mercia Police,-2.053203,52.361965,On or near Byron Way,E01032152,Bromsgrove 007D,Anti-social behaviour,,
020663540bd7f07066e4c7e0f29f29c9fc9f5cadef88b2e705eff087cdb82ee8,2015-04,West Mercia Police,West Mercia Police,-2.051236,52.362604,On or near Barley Mow Lane,E01032152,Bromsgrove 007D,Burglary,Awaiting court outcome,
518cc78cdf6fca1c072dc9fe606d2be67cc07ae945f8555676dd64f94c7f5ad5,2015-04,West Mercia Police,West Mercia Police,-2.054848,52.362710,On or near Severn Close,E01032152,Bromsgrove 007D,Criminal damage and arson,Investigation complete; no suspect identified,
ff3e3c7a101a9e11451ebc086d7958fdf2adcc360ecb6333b0e146408283aca5,2015-04,West Mercia Police,West Mercia Police,-2.048886,52.362039,On or near Foxtail Place,E01032152,Bromsgrove 007D,Vehicle crime,Investigation complete; no suspect identified,
e17dfadd6c470e32e8c5d019a1a4ca42339999d83322689268c7e807f79643d9,2015-04,West Mercia Police,West Mercia Police,-2.053203,52.361965,On or near Byron Way,E01032152,Bromsgrove 007D,Violence and sexual offences,Unable to prosecute suspect,
c46d62c6ad57e7a947fe6df6d2556ac64658354fb94486e5693c1e5e818c138e,2015-04,West Mercia Police,West Mercia Police,-2.051016,52.362793,On or near Bus/Coach Station,E01032152,Bromsgrove 007D,Violence and sexual offences,Unable to prosecute suspect,
19694f4f338d13c5188231d4ab084225f35395cc714bc0e4c2896374e1da1d57,2015-04,West Mercia Police,West Mercia Police,-2.047830,52.363513,On or near Oak Apple Road,E01032152,Bromsgrove 007D,Violence and sexual offences,Offender given a caution,
9eff5d090bc8e64ae73949587438501875d582fd8d837126a3db4a7a25e19016,2015-04,West Mercia Police,West Mercia Police,-2.023485,52.341944,On or near Alcester Road,E01032148,Bromsgrove 008A,Burglary,Investigation complete; no suspect identified,
adebc4674804daa4207af63d33c4191a501bb53ec9e41c473b485342fcb1cbc6,2015-04,West Mercia Police,West Mercia Police,-2.016383,52.349911,On or near Woodcroft Close,E01032148,Bromsgrove 008A,Criminal damage and arson,Local resolution,
f26dd783f721bd9485591b38f527e4a1df4fa889046add36decb4552bd7b75d5,2015-04,West Mercia Police,West Mercia Police,-2.023485,52.341944,On or near Alcester Road,E01032148,Bromsgrove 008A,Vehicle crime,Offender given a caution,
7206989f8e7099d048587b3342ca16d7d537dbc0a5cc3dd7db9c2a1413ae6266,2015-04,West Mercia Police,West Mercia Police,-2.016383,52.349911,On or near Woodcroft Close,E01032148,Bromsgrove 008A,Violence and sexual offences,Unable to prosecute suspect,
a423ecc12aa9d56e09521a5bb8b31e8335b0e025324163bce2fc00317584bf56,2015-04,West Mercia Police,West Mercia Police,-2.013681,52.347556,On or near Station Road,E01032148,Bromsgrove 008A,Violence and sexual offences,Unable to prosecute suspect,
92f93fb2b0bab6e3b126f33609c7ad8aa10c4abc044a5e72c3bca4fa9e51099b,2015-04,West Mercia Police,West Mercia Police,-2.016383,52.349911,On or near Woodcroft Close,E01032148,Bromsgrove 008A,Violence and sexual offences,Local resolution,
24df3369bc89abd20f0b1a98cc8cdf98497d7f655880ca38403498ad46fc0db3,2015-04,West Mercia Police,West Mercia Police,-2.042937,52.375562,On or near Lydiate Ash Road,E01032150,Bromsgrove 008B,Robbery,Investigation complete; no suspect identified,
,2015-04,West Mercia Police,West Mercia Police,-2.043352,52.364414,On or near Hazelton Road,E01032151,Bromsgrove 008C,Anti-social behaviour,,
,2015-04,West Mercia Police,West Mercia Police,-2.043352,52.364414,On or near Hazelton Road,E01032151,Bromsgrove 008C,Anti-social behaviour,,
,2015-04,West Mercia Police,West Mercia Police,-2.043352,52.364414,On or near Hazelton Road,E01032151,Bromsgrove 008C,Anti-social behaviour,,
6d487f12eb906181a0b9658408971732705b5209bc35a9233d2d641cb1eec571,2015-04,West Mercia Police,West Mercia Police,-2.044411,52.366194,On or near Brook Fields Close,E01032151,Bromsgrove 008C,Burglary,Investigation complete; no suspect identified,
4f946613b808312df40047c169590dd1b4a7381d1bd6f5cb5326791a5a4a6041,2015-04,West Mercia Police,West Mercia Police,-2.045969,52.367056,On or near Four Oaks Drive,E01032151,Bromsgrove 008C,Other theft,Investigation complete; no suspect identified,
8308cebfd442bf2d0cf331e48b6c677c43a78177548ced50d7cfb6bc84f3dad7,2015-04,West Mercia Police,West Mercia Police,-2.044492,52.359199,On or near Kestrel View,E01032151,Bromsgrove 008C,Other theft,Investigation complete; no suspect identified,
,2015-04,West Mercia Police,West Mercia Police,-2.049514,52.346593,On or near Park/Open Space,E01032153,Bromsgrove 008D,Anti-social behaviour,,
79f86889a37c8fc7f551a123901b07030f62f82505f67a780ac3c86e604f4844,2015-04,West Mercia Police,West Mercia Police,-2.050143,52.344300,On or near Townsend Avenue,E01032153,Bromsgrove 008D,Violence and sexual offences,Investigation complete; no suspect identified,
0b084f666e993ccbb1609a2963d88e1bbbe8c9e412bd3c1b9d90d6828c3b4236,2015-04,West Mercia Police,West Mercia Police,-2.043004,52.354390,On or near Primrose Close,E01032155,Bromsgrove 008E,Burglary,Investigation complete; no suspect identified,
8997b3dc201f11c2fd3f5d063c4beb4181ea76fe5407c49d3fa447b27e458c31,2015-04,West Mercia Police,West Mercia Police,-2.048083,52.353525,On or near Barnsley Hall Drive,E01032155,Bromsgrove 008E,Criminal damage and arson,Investigation complete; no suspect identified,
844118bbb972bc5aaa52a4c37236e4e67e0ce41fa62aa4e1e49bbfc0f7b3a8f6,2015-04,West Mercia Police,West Mercia Police,-2.048083,52.353525,On or near Barnsley Hall Drive,E01032155,Bromsgrove 008E,Criminal damage and arson,Investigation complete; no suspect identified,
d733f5401dd6a77ca11bb7c6b94de5f6f458d62430a73814e389b3b5cf5c5d0b,2015-04,West Mercia Police,West Mercia Police,-2.046542,52.353499,On or near Petrol Station,E01032155,Bromsgrove 008E,Other theft,Investigation complete; no suspect identified,
766c47579310e3c1f028b67f1ba892dacea224ff6bbdf7a38ac64981169aa6ef,2015-04,West Mercia Police,West Mercia Police,-2.046542,52.353499,On or near Petrol Station,E01032155,Bromsgrove 008E,Other theft,Investigation complete; no suspect identified,
a5d8b86a5686422ca8236f4a84d2bfbad8d12b12c56f5ea635064b932d988dc1,2015-04,West Mercia Police,West Mercia Police,-2.046499,52.354668,On or near Birmingham Road,E01032155,Bromsgrove 008E,Vehicle crime,Investigation complete; no suspect identified,
a8cced6f3b9fc0a1db4151cf44f06e5d9e142e02348d37edb98ee41f426f1c2d,2015-04,West Mercia Police,West Mercia Police,-2.041213,52.354202,On or near Buttercup Drive,E01032155,Bromsgrove 008E,Violence and sexual offences,Unable to prosecute suspect,
,2015-04,West Mercia Police,West Mercia Police,-1.958352,52.378961,On or near The Rise,E01032122,Bromsgrove 009A,Anti-social behaviour,,
,2015-04,West Mercia Police,West Mercia Police,-1.919081,52.364988,On or near Icknield Street,E01032122,Bromsgrove 009A,Anti-social behaviour,,
,2015-04,West Mercia Police,West Mercia Police,-1.958352,52.378961,On or near The Rise,E01032122,Bromsgrove 009A,Anti-social behaviour,,
,2015-04,West Mercia Police,West Mercia Police,-1.919081,52.364988,On or near Icknield Street,E01032122,Bromsgrove 009A,Anti-social behaviour,,
97225c70d21980767fb296c33b0a6f5d92363cb423be1562cd01479cd03c6ee4,2015-04,West Mercia Police,West Mercia Police,-1.965876,52.357162,On or near Oaktree Close,E01032122,Bromsgrove 009A,Burglary,Suspect charged as part of another case,
8766191231c0d72837c3d8aa87c70f0faf079c2f7f860defd203db4b88577992,2015-04,West Mercia Police,West Mercia Police,-1.957271,52.357942,On or near Old Rectory Lane,E01032122,Bromsgrove 009A,Burglary,Offender given suspended prison sentence,
14e2f9637879fc2681bb355667eeb802c60fdef3f1221a99dbd37bef09e747bb,2015-04,West Mercia Police,West Mercia Police,-1.957271,52.357942,On or near Old Rectory Lane,E01032122,Bromsgrove 009A,Criminal damage and arson,Investigation complete; no suspect identified,
6e6df88f9dc4f28ef359bb8d77914ec119f4582c7416fb7d4eb9a5c5e29907d1,2015-04,West Mercia Police,West Mercia Police,-1.954630,52.369727,On or near Smedley Crooke Place,E01032122,Bromsgrove 009A,Drugs,Offender given a drugs possession warning,
a9b42ec67e5eec725366d5ff8465cc6b1610ce85dcd60bca6ba03c733cda2696,2015-04,West Mercia Police,West Mercia Police,-1.955247,52.369844,On or near Redditch Road,E01032122,Bromsgrove 009A,Other theft,Investigation complete; no suspect identified,
172bf1835534182ded2f937a86ccdc480399d2b83ae2e5356289c08898864b6f,2015-04,West Mercia Police,West Mercia Police,-1.955247,52.369844,On or near Redditch Road,E01032122,Bromsgrove 009A,Other theft,Investigation complete; no suspect identified,
90af092c0ec04855e8d59261bb5dab569b6b0d15974717d9618faa7ae977731b,2015-04,West Mercia Police,West Mercia Police,-1.948953,52.389098,On or near Sports/Recreation Area,E01032122,Bromsgrove 009A,Public order,Unable to prosecute suspect,
5ea3098477162225a9d7e1ae275ba8d5bc05f013b5703674168c9b7e26b635f0,2015-04,West Mercia Police,West Mercia Police,-1.958964,52.352350,On or near Supermarket,E01032122,Bromsgrove 009A,Shoplifting,Investigation complete; no suspect identified,
9b10c7b509f809796dde1472dff302007269faadb7e0126907993f270fafed38,2015-04,West Mercia Police,West Mercia Police,-1.959361,52.351982,On or near The Square,E01032122,Bromsgrove 009A,Vehicle crime,Investigation complete; no suspect identified,
2aeb1075383a5bfe4f66c188017b1bc92fac1b910c32a2c6988a0234fa5c15a9,2015-04,West Mercia Police,West Mercia Police,-1.919081,52.364988,On or near Icknield Street,E01032122,Bromsgrove 009A,Violence and sexual offences,Investigation complete; no suspect identified,
5eddffbff412fcbc1eeef663e054a5ab4e77e8397d120e035ec377d389e207df,2015-04,West Mercia Police,West Mercia Police,-1.948953,52.389098,On or near Sports/Recreation Area,E01032122,Bromsgrove 009A,Violence and sexual offences,Investigation complete; no suspect identified,
fc956bf6058bf84276d413c018816817df499f63ae02b9d34ba43ad6aa78e54c,2015-04,West Mercia Police,West Mercia Police,-1.948953,52.389098,On or near Sports/Recreation Area,E01032122,Bromsgrove 009A,Violence and sexual offences,Investigation complete; no suspect identified,
5b0a18c6c2e1bbe241d5e7255d2e6104cc43b885546f9c73ac38ad9a25ed9ea5,2015-04,West Mercia Police,West Mercia Police,-1.961390,52.349169,On or near School Lane,E01032122,Bromsgrove 009A,Violence and sexual offences,Unable to prosecute suspect,
,2015-04,West Mercia Police,West Mercia Police,-1.891000,52.323674,On or near Chapel Lane,E01032123,Bromsgrove 009B,Anti-social behaviour,,
,2015-04,West Mercia Police,West Mercia Police,-1.886736,52.327311,On or near Bleachfield Road,E01032123,Bromsgrove 009B,Anti-social behaviour,,
,2015-04,West Mercia Police,West Mercia Police,-1.935637,52.340976,On or near Gravel Pit Lane,E01032123,Bromsgrove 009B,Anti-social behaviour,,
4f9192629c68b590d020706a958302d9798795f56ad519f4cb9e20e104dea2b8,2015-04,West Mercia Police,West Mercia Police,-1.891000,52.323674,On or near Chapel Lane,E01032123,Bromsgrove 009B,Burglary,Investigation complete; no suspect identified,
f742436bcf4c32b4ce5dcbc6af3771fef43e7ec81ee5d5b1be7d5f30c493dbc9,2015-04,West Mercia Police,West Mercia Police,-1.887481,52.351648,On or near Sports/Recreation Area,E01032123,Bromsgrove 009B,Criminal damage and arson,Local resolution,
ae0b5f8aec60dedbde6ccc32b0e90fe3ca538d982d266ec9d6d77d0897b68433,2015-04,West Mercia Police,West Mercia Police,-1.880881,52.310997,On or near Coventry Highway,E01032123,Bromsgrove 009B,Other theft,Investigation complete; no suspect identified,
8ddf8a1e97f3ab57c4b1cb5a8a6ce1a2cdd84f769512e68749cf0af7ee8ea275,2015-04,West Mercia Police,West Mercia Police,-1.867554,52.318660,On or near Ullenhall Lane,E01032123,Bromsgrove 009B,Other theft,Investigation complete; no suspect identified,
e200d8aea7dc1d906283cf5a653d315d70daa61c38af644240327c96791617be,2015-04,West Mercia Police,West Mercia Police,-1.889181,52.358680,On or near The Lawns,E01032123,Bromsgrove 009B,Robbery,Investigation complete; no suspect identified,
1b3545645150bcdf6f34d1edc3c9d858efeb1c2a7e82617006e5804d563b7926,2015-04,West Mercia Police,West Mercia Police,-1.941163,52.324213,On or near Petrol Station,E01032123,Bromsgrove 009B,Vehicle crime,Investigation complete; no suspect identified,
9e143864f2f67a15c8aa77d68f178470e44787a443cd2012679107a8ca3c921b,2015-04,West Mercia Police,West Mercia Police,-1.869113,52.332354,On or near Petrol Station,E01032123,Bromsgrove 009B,Vehicle crime,Investigation complete; no suspect identified,
8a67612bf2fcaab95d1de49c970f1df9b37ff09aec973a7c6ad90af9ae110304,2015-04,West Mercia Police,West Mercia Police,-1.948645,52.338061,On or near The Holloway,E01032123,Bromsgrove 009B,Violence and sexual offences,Investigation complete; no suspect identified,
9b0719fe90a29c9eb47a00d2f99fdc049dabc362db0f3cd89e9a8ef402f85f90,2015-04,West Mercia Police,West Mercia Police,-1.886736,52.327311,On or near Bleachfield Road,E01032123,Bromsgrove 009B,Violence and sexual offences,Awaiting court outcome,
,2015-04,West Mercia Police,West Mercia Police,-1.963369,52.352666,On or near Tanyard Close,E01032124,Bromsgrove 009C,Anti-social behaviour,,
,2015-04,West Mercia Police,West Mercia Police,-1.965465,52.356776,On or near Willow Brook Road,E01032124,Bromsgrove 009C,Anti-social behaviour,,
,2015-04,West Mercia Police,West Mercia Police,-1.966508,52.355976,On or near Kingfisher Court,E01032124,Bromsgrove 009C,Anti-social behaviour,,
,2015-04,West Mercia Police,West Mercia Police,-1.960579,52.352791,On or near Red Lion Street,E01032124,Bromsgrove 009C,Anti-social behaviour,,
77026ea04edddefc6bc4ebbee16081f68bcb765f06568b21b02f4ade0a02c168,2015-04,West Mercia Police,West Mercia Police,-1.976098,52.351789,On or near Birches Lane,E01032124,Bromsgrove 009C,Burglary,Investigation complete; no suspect identified,
f2c0932de6232a6db1f9ab2962145e60c0a12009c0ad8558903a8d1d7ff5362f,2015-04,West Mercia Police,West Mercia Police,-1.976098,52.351789,On or near Birches Lane,E01032124,Bromsgrove 009C,Burglary,Investigation complete; no suspect identified,
db07c783b8b7f763ef7776db2f3dbdfd12a16a214dc9b106fd6d30d1cbc6f7f4,2015-04,West Mercia Police,West Mercia Police,-1.964940,52.351615,On or near Snake Lane,E01032124,Bromsgrove 009C,Burglary,Investigation complete; no suspect identified,
1a72570d75b1301a87958b01afbcd5b849b85e69dba8bd7206d3c2e6fdfb672d,2015-04,West Mercia Police,West Mercia Police,-1.969989,52.354826,On or near Callow Hill Road,E01032124,Bromsgrove 009C,Vehicle crime,Investigation complete; no suspect identified,
727485fd81921a94b39229017c13f6c085871b8dba6116b6569b6e8f49ef343d,2015-04,West Mercia Police,West Mercia Police,-1.962033,52.351731,On or near Bearhill Drive,E01032124,Bromsgrove 009C,Vehicle crime,Investigation complete; no suspect identified,
410aff509c5533b11b2b2be3adc5b04fd6e67c9585288f8d8cf3c6bdf012f84e,2015-04,West Mercia Police,West Mercia Police,-1.967111,52.354322,On or near The Buckleys,E01032124,Bromsgrove 009C,Vehicle crime,Investigation complete; no suspect identified,
51c660b3bca5eeb8a5433117600d378836630b18220ecfda0855388a1ab09540,2015-04,West Mercia Police,West Mercia Police,-1.963369,52.352666,On or near Tanyard Close,E01032124,Bromsgrove 009C,Vehicle crime,Investigation complete; no suspect identified,
cc8f1606e3cb736dfbe427d66541b3706eabfbaaff0f69a0ad1c42d201d17f94,2015-04,West Mercia Police,West Mercia Police,-1.962739,52.350913,On or near St Laurence Close,E01032124,Bromsgrove 009C,Vehicle crime,Investigation complete; no suspect identified,
dfc524db4dd79742b8d34ddcd0a99598570d7b6ef817e784bd491ceda610ef8c,2015-04,West Mercia Police,West Mercia Police,-1.963472,52.351687,On or near The Gaunts,E01032124,Bromsgrove 009C,Vehicle crime,Investigation complete; no suspect identified,
cff73368d56591c678df3e633d75a967a17dcb2fbf556882d65134af4ad4c66c,2015-04,West Mercia Police,West Mercia Police,-1.968623,52.355266,On or near Glebe Road,E01032124,Bromsgrove 009C,Vehicle crime,Investigation complete; no suspect identified,
1da8c936fea89b4e067b5aabe070235f1dcf51db03c65549bb2398dbccf97f10,2015-04,West Mercia Police,West Mercia Police,-1.955147,52.337758,On or near Grange Lane,E01032125,Bromsgrove 009D,Burglary,Investigation complete; no suspect identified,
b6cef36c5d3bc5d8ce1501a94980500b4240103ced86e4ec5d32e9eb6209ba66,2015-04,West Mercia Police,West Mercia Police,-1.955147,52.337758,On or near Grange Lane,E01032125,Bromsgrove 009D,Vehicle crime,Investigation complete; no suspect identified,
6a194d1ea3f7bf8d621575d62d5edbdddb5902f07589a17030268d58b5a3f56c,2015-04,West Mercia Police,West Mercia Police,-1.969726,52.352893,On or near Blythesway,E01032125,Bromsgrove 009D,Vehicle crime,Investigation complete; no suspect identified,
b35853a4ecb4546c42bd7dc58054ec482669052c866758ffbeee74afc08544ba,2015-04,West Mercia Police,West Mercia Police,-1.969991,52.351607,On or near Withybed Close,E01032125,Bromsgrove 009D,Vehicle crime,Investigation complete; no suspect identified,
,2015-04,West Mercia Police,West Mercia Police,-2.056665,52.347858,On or near Brecon Avenue,E01032154,Bromsgrove 010A,Anti-social behaviour,,
,2015-04,West Mercia Police,West Mercia Police,-2.059322,52.347802,On or near Mendip Close,E01032154,Bromsgrove 010A,Anti-social behaviour,,
,2015-04,West Mercia Police,West Mercia Police,-2.057851,52.345636,On or near Exmoor Drive,E01032154,Bromsgrove 010A,Anti-social behaviour,,
,2015-04,West Mercia Police,West Mercia Police,-2.056229,52.351571,On or near Aspens Way,E01032154,Bromsgrove 010A,Anti-social behaviour,,
,2015-04,West Mercia Police,West Mercia Police,-2.057276,52.343713,On or near Hospital,E01032154,Bromsgrove 010A,Anti-social behaviour,,
c7271b48665d90b6f35bc7f8486d843f86dee2f27c8f058d8e5d43cf1c9fcf20,2015-04,West Mercia Police,West Mercia Police,-2.057060,52.346689,On or near Wrekin Drive,E01032154,Bromsgrove 010A,Criminal damage and arson,Unable to prosecute suspect,
f283da4d24545393f9b70842eefcadcf37927af61c8336fa80c107a512f3c8a1,2015-04,West Mercia Police,West Mercia Police,-2.059060,52.349358,On or near Andressy Mews,E01032154,Bromsgrove 010A,Possession of weapons,Unable to prosecute suspect,
6f16429f1dae28b4444fd329ac88eff3890503b7d753bc879efd42694a3b0c21,2015-04,West Mercia Police,West Mercia Police,-2.058680,52.350895,On or near Grove Gardens,E01032154,Bromsgrove 010A,Vehicle crime,Investigation complete; no suspect identified,
c4068d8e1b4f6b274340011c9d663df815b32cd221ff1c6be88bf2e640d429fc,2015-04,West Mercia Police,West Mercia Police,-2.058264,52.347021,On or near Pennine Road,E01032154,Bromsgrove 010A,Violence and sexual offences,Unable to prosecute suspect,
,2015-04,West Mercia Police,West Mercia Police,-2.065946,52.339816,On or near Moorfield Drive,E01032159,Bromsgrove 010B,Anti-social behaviour,,
,2015-04,West Mercia Police,West Mercia Police,-2.063462,52.337785,On or near Forge Drive,E01032159,Bromsgrove 010B,Anti-social behaviour,,
,2015-04,West Mercia Police,West Mercia Police,-2.068675,52.339266,On or near Crabtree Lane,E01032159,Bromsgrove 010B,Anti-social behaviour,,
9f4cabf6da4dead66d396f5c9068ca2bf300a8f72655a5c9ce9005237bcf1617,2015-04,West Mercia Police,West Mercia Police,-2.067609,52.343321,On or near York Avenue,E01032159,Bromsgrove 010B,Bicycle theft,Investigation complete; no suspect identified,
b25c183039ec28163f9e00f2f03fc9a1f7cdfccb6fd1006663201f6f394e5d64,2015-04,West Mercia Police,West Mercia Police,-2.067330,52.342817,On or near York Road,E01032159,Bromsgrove 010B,Criminal damage and arson,Investigation complete; no suspect identified,
e6fe7218c3d81bb6cdaa111a72df147c66ebfd563411c1ec178995424e618656,2015-04,West Mercia Police,West Mercia Police,-2.067609,52.343321,On or near York Avenue,E01032159,Bromsgrove 010B,Criminal damage and arson,Investigation complete; no suspect identified,
3ba943a3a686a901fedf14672491d179f1ef2e52abdaa6ecc1edaff1e6777a09,2015-04,West Mercia Police,West Mercia Police,-2.062847,52.338388,On or near Spire View,E01032159,Bromsgrove 010B,Criminal damage and arson,Unable to prosecute suspect,
82876041dc11050b5e1b2b3fea64e9b7c3da335b4085d1103335ded31fb404e0,2015-04,West Mercia Police,West Mercia Police,-2.065946,52.339816,On or near Moorfield Drive,E01032159,Bromsgrove 010B,Shoplifting,Local resolution,
64787d6ff82a3eadc494fc00143198295336398a87cbecb24076bbe0ef05128e,2015-04,West Mercia Police,West Mercia Police,-2.065946,52.339816,On or near Moorfield Drive,E01032159,Bromsgrove 010B,Shoplifting,Unable to prosecute suspect,
9b404e72a81e302b59a357b8b1f6c59d7185c0e5789786647741ff7e4ada64f0,2015-04,West Mercia Police,West Mercia Police,-2.065946,52.339816,On or near Moorfield Drive,E01032159,Bromsgrove 010B,Violence and sexual offences,Unable to prosecute suspect,
9d1d156b1b785c30d024de7da8e6fd787fb7f2a359c5dd8db43ca39851049073,2015-04,West Mercia Police,West Mercia Police,-2.064345,52.339142,On or near Churchfields Close,E01032159,Bromsgrove 010B,Violence and sexual offences,Unable to prosecute suspect,
81ee2bf51925e2622dbcd843d497f498b34ee6a555fd3a9c611a73b9bae8bbbc,2015-04,West Mercia Police,West Mercia Police,-2.069208,52.342187,On or near Durham Close,E01032159,Bromsgrove 010B,Violence and sexual offences,Unable to prosecute suspect,
a9c476a6c353b72eab64ddc4008e4552414579940da8eca610d995a87eebf3be,2015-04,West Mercia Police,West Mercia Police,-2.065946,52.339816,On or near Moorfield Drive,E01032159,Bromsgrove 010B,Other crime,Unable to prosecute suspect,
,2015-04,West Mercia Police,West Mercia Police,-2.054029,52.341152,On or near Birmingham Road,E01032160,Bromsgrove 010C,Anti-social behaviour,,
,2015-04,West Mercia Police,West Mercia Police,-2.057186,52.341825,On or near Belvedere Drive,E01032160,Bromsgrove 010C,Anti-social behaviour,,
,2015-04,West Mercia Police,West Mercia Police,-2.056376,52.339650,On or near Sports/Recreation Area,E01032160,Bromsgrove 010C,Anti-social behaviour,,
,2015-04,West Mercia Police,West Mercia Police,-2.065187,52.342684,On or near Jasmine Grove,E01032160,Bromsgrove 010C,Anti-social behaviour,,
98ba2263d2ca7fde2be42ce8648d0592d0c398046c1da8ac705cce2d109aaff6,2015-04,West Mercia Police,West Mercia Police,-2.065187,52.342684,On or near Jasmine Grove,E01032160,Bromsgrove 010C,Burglary,Investigation complete; no suspect identified,
b6ac4de1e89c2ae7b7c524da1c8b1d446516d12f09b9c620e07d7be309a0abc4,2015-04,West Mercia Police,West Mercia Police,-2.061310,52.341400,On or near The Flats,E01032160,Bromsgrove 010C,Criminal damage and arson,Investigation complete; no suspect identified,
48a5b9f4562b92b6bff6bac8a5ea1854ac27f1ca78ddb34585b86d577c6c92ac,2015-04,West Mercia Police,West Mercia Police,-2.056376,52.339650,On or near Sports/Recreation Area,E01032160,Bromsgrove 010C,Criminal damage and arson,Local resolution,
90fa4f76d5320f9eeb4fb71cd2f66887569a00ce96accf0e2c4653e467c57931,2015-04,West Mercia Police,West Mercia Police,-2.062397,52.342533,On or near Laburnum Grove,E01032160,Bromsgrove 010C,Other theft,Unable to prosecute suspect,
66c2e76487d3d021d4813da5db6a076a31d01495e5465b0dd5dad05bdff858d6,2015-04,West Mercia Police,West Mercia Police,-2.066139,52.341362,On or near Conifer Grove,E01032160,Bromsgrove 010C,Shoplifting,Investigation complete; no suspect identified,
60f97d8e9a8578eaf54100bae683d04f8229443db01aaeea5f61118d8034995a,2015-04,West Mercia Police,West Mercia Police,-2.060626,52.345608,On or near Orchard Road,E01032160,Bromsgrove 010C,Shoplifting,Unable to prosecute suspect,
5d7d0b26aa63e1d8199cbabc43aa30e887094e6766a151a24d81dce7feae6d33,2015-04,West Mercia Police,West Mercia Police,-2.060626,52.345608,On or near Orchard Road,E01032160,Bromsgrove 010C,Shoplifting,Investigation complete; no suspect identified,
95e00f909e9bea40d6163d174da1bc073d67a5797ea1d8e599455b620c35ddc9,2015-04,West Mercia Police,West Mercia Police,-2.060626,52.345608,On or near Orchard Road,E01032160,Bromsgrove 010C,Shoplifting,Unable to prosecute suspect,
fb12f5522e0b4dbbbe7e5b1a19855880afbdfdbd3e2401a0a2a7f124c42f4c11,2015-04,West Mercia Police,West Mercia Police,-2.066139,52.341362,On or near Conifer Grove,E01032160,Bromsgrove 010C,Violence and sexual offences,Offender given community sentence,
a3781744eff5b261a450fd3d9d674fdcb08028bd11df8f39ed0bca8a2a29fed2,2015-04,West Mercia Police,West Mercia Police,-2.054029,52.341152,On or near Birmingham Road,E01032160,Bromsgrove 010C,Violence and sexual offences,Unable to prosecute suspect,
,2015-04,West Mercia Police,West Mercia Police,-2.069288,52.346934,On or near Perryfields Road,E01032161,Bromsgrove 010D,Anti-social behaviour,,
,2015-04,West Mercia Police,West Mercia Police,-2.067509,52.345119,On or near King George Close,E01032161,Bromsgrove 010D,Anti-social behaviour,,
80ea058b8bae27547f334b6fa5917c9b3373f9cc04f409ac6fdf4469d12fa314,2015-04,West Mercia Police,West Mercia Police,-2.069288,52.346934,On or near Perryfields Road,E01032161,Bromsgrove 010D,Burglary,Investigation complete; no suspect identified,
0df8104abb6a0d49a32a8b7474b90bf2517f87ab9bad5260fa35c571ce6f6639,2015-04,West Mercia Police,West Mercia Police,-2.069288,52.346934,On or near Perryfields Road,E01032161,Bromsgrove 010D,Criminal damage and arson,Investigation complete; no suspect identified,
acad0ddcfa7f788babaf7324dc5086aa909ce2ce5dd05861e3a6f7d7e0b6b1e4,2015-04,West Mercia Police,West Mercia Police,-2.069288,52.346934,On or near Perryfields Road,E01032161,Bromsgrove 010D,Criminal damage and arson,Unable to prosecute suspect,
9f91f00d30f6bf11ae9e1dd3c5dba2c2dccba0168b289d482b9bc73fe172172a,2015-04,West Mercia Police,West Mercia Police,-2.067217,52.345955,On or near Sports/Recreation Area,E01032161,Bromsgrove 010D,Violence and sexual offences,Unable to prosecute suspect,
5ce1b78c8aa27b96135a21919fb1abd97e62ed8d318b8d56d39ad28f15e08208,2015-04,West Mercia Police,West Mercia Police,-2.067217,52.345955,On or near Sports/Recreation Area,E01032161,Bromsgrove 010D,Violence and sexual offences,Local resolution,
1230d7489d80057cffb0fc984894be2ec33bd964e9881077740dd3133ccbd17b,2015-04,West Mercia Police,West Mercia Police,-2.067217,52.345955,On or near Sports/Recreation Area,E01032161,Bromsgrove 010D,Violence and sexual offences,Local resolution,
1d11fe72f9c28e90ddb02294151026171d3ef25b0e76379b4b9498726e4d0b82,2015-04,West Mercia Police,West Mercia Police,-2.064414,52.346074,On or near King Edward Avenue,E01032161,Bromsgrove 010D,Violence and sexual offences,Unable to prosecute suspect,
f432fcfc3691b2fd6dd2ead43437615a636adb986eed644e2afb8803ed48c7b5,2015-04,West Mercia Police,West Mercia Police,-2.069288,52.346934,On or near Perryfields Road,E01032161,Bromsgrove 010D,Violence and sexual offences,Unable to prosecute suspect,
37bf13590e067984a60c1f7271868a390d4ff9645c58e63ebb67e86a7d498010,2015-04,West Mercia Police,West Mercia Police,-2.069288,52.346934,On or near Perryfields Road,E01032161,Bromsgrove 010D,Violence and sexual offences,Offender fined,
,2015-04,West Mercia Police,West Mercia Police,-2.065877,52.333163,On or near Perry Lane,E01032156,Bromsgrove 011A,Anti-social behaviour,,
,2015-04,West Mercia Police,West Mercia Police,-2.063205,52.332589,On or near Nightclub,E01032156,Bromsgrove 011A,Anti-social behaviour,,
,2015-04,West Mercia Police,West Mercia Police,-2.064144,52.332184,On or near Hanover Street,E01032156,Bromsgrove 011A,Anti-social behaviour,,
,2015-04,West Mercia Police,West Mercia Police,-2.063235,52.332787,On or near Worcester Road,E01032156,Bromsgrove 011A,Anti-social behaviour,,
,2015-04,West Mercia Police,West Mercia Police,-2.065877,52.333163,On or near Perry Lane,E01032156,Bromsgrove 011A,Anti-social behaviour,,
,2015-04,West Mercia Police,West Mercia Police,-2.065877,52.333163,On or near Perry Lane,E01032156,Bromsgrove 011A,Anti-social behaviour,,
,2015-04,West Mercia Police,West Mercia Police,-2.065877,52.333163,On or near Perry Lane,E01032156,Bromsgrove 011A,Anti-social behaviour,,
,2015-04,West Mercia Police,West Mercia Police,-2.063235,52.332787,On or near Worcester Road,E01032156,Bromsgrove 011A,Anti-social behaviour,,
,2015-04,West Mercia Police,West Mercia Police,-2.063205,52.332589,On or near Nightclub,E01032156,Bromsgrove 011A,Anti-social behaviour,,
,2015-04,West Mercia Police,West Mercia Police,-2.061886,52.334001,On or near High Street,E01032156,Bromsgrove 011A,Anti-social behaviour,,
,2015-04,West Mercia Police,West Mercia Police,-2.063205,52.332589,On or near Nightclub,E01032156,Bromsgrove 011A,Anti-social behaviour,,
,2015-04,West Mercia Police,West Mercia Police,-2.063205,52.332589,On or near Nightclub,E01032156,Bromsgrove 011A,Anti-social behaviour,,
,2015-04,West Mercia Police,West Mercia Police,-2.065877,52.333163,On or near Perry Lane,E01032156,Bromsgrove 011A,Anti-social behaviour,,
,2015-04,West Mercia Police,West Mercia Police,-2.061886,52.334001,On or near High Street,E01032156,Bromsgrove 011A,Anti-social behaviour,,
,2015-04,West Mercia Police,West Mercia Police,-2.063205,52.332589,On or near Nightclub,E01032156,Bromsgrove 011A,Anti-social behaviour,,
,2015-04,West Mercia Police,West Mercia Police,-2.065877,52.333163,On or near Perry Lane,E01032156,Bromsgrove 011A,Anti-social behaviour,,
5fa973e35892f30590725230ac03059651d39dc8aea1fb13baea0e12c1f94351,2015-04,West Mercia Police,West Mercia Police,-2.062285,52.336033,On or near Supermarket,E01032156,Bromsgrove 011A,Bicycle theft,Investigation complete; no suspect identified,
88860f255ba190511967a85ce0d16ff765ceaec357f1b7309fa5f9726c711b3b,2015-04,West Mercia Police,West Mercia Police,-2.062649,52.333416,On or near George Street,E01032156,Bromsgrove 011A,Bicycle theft,Investigation complete; no suspect identified,
663d4222d5f970f19a58baf9a0f11e46259eca4a2a70ee1186eb5687a41a1185,2015-04,West Mercia Police,West Mercia Police,-2.066704,52.336552,On or near Church Road,E01032156,Bromsgrove 011A,Burglary,Investigation complete; no suspect identified,
172b55dab1f27d9a3400c9b8d77ea1c01f095cc01db1b43e362826d3676fad56,2015-04,West Mercia Police,West Mercia Police,-2.067253,52.330968,On or near Factory Lane,E01032156,Bromsgrove 011A,Burglary,Investigation complete; no suspect identified,
95f748b572ba3329b15e55e9c610b47d2647521863992fd4a72b404592f35a4a,2015-04,West Mercia Police,West Mercia Police,-2.069143,52.329214,On or near St Peters Close,E01032156,Bromsgrove 011A,Burglary,Investigation complete; no suspect identified,
69bf0d8753c9a4f91d82b748a66963d0f95dd9353a5cc308f198b884d2d62142,2015-04,West Mercia Police,West Mercia Police,-2.062620,52.333542,On or near Further/Higher Educational Building,E01032156,Bromsgrove 011A,Burglary,Investigation complete; no suspect identified,
0da54f146b098324e2d0c676877b5495e77494aadf3d371c74ab7aa3c33978cf,2015-04,West Mercia Police,West Mercia Police,-2.061886,52.334001,On or near High Street,E01032156,Bromsgrove 011A,Criminal damage and arson,Offender given community sentence,
fc018180720a9455d1195b836ca77a70a5cbe82eede47b076fbe49bd66c39aa0,2015-04,West Mercia Police,West Mercia Police,-2.061082,52.335656,On or near Crown Close,E01032156,Bromsgrove 011A,Criminal damage and arson,Local resolution,
8e097fd6df5c5583715c44e9646b7c0537ca1a33063de0a5f67c4bdce7fdb20b,2015-04,West Mercia Police,West Mercia Police,-2.062620,52.333542,On or near Further/Higher Educational Building,E01032156,Bromsgrove 011A,Criminal damage and arson,Investigation complete; no suspect identified,
369da924767b7fb8093622dc40bd11748151e8e7257bc66c2ec371731dcf057f,2015-04,West Mercia Police,West Mercia Police,-2.062620,52.333542,On or near Further/Higher Educational Building,E01032156,Bromsgrove 011A,Criminal damage and arson,Investigation complete; no suspect identified,
fa50107458eff3818c03d9af53975ab7f21c2d3f803c7308bcfdfd7beeb6d614,2015-04,West Mercia Police,West Mercia Police,-2.061886,52.334001,On or near High Street,E01032156,Bromsgrove 011A,Other theft,Investigation complete; no suspect identified,
074abd959c785ceb457ec441d9caad64e1ac35f8d3c95d62a99abca51b09f1ad,2015-04,West Mercia Police,West Mercia Police,-2.061886,52.334001,On or near High Street,E01032156,Bromsgrove 011A,Other theft,Investigation complete; no suspect identified,
c23e11c03d0ca3a1d23d416afe0709cfc05f89b846a21a67dcba0e197b8bfebb,2015-04,West Mercia Police,West Mercia Police,-2.061886,52.334001,On or near High Street,E01032156,Bromsgrove 011A,Other theft,Investigation complete; no suspect identified,
ac76633726bd8d6a8a530b2c73b8022416c928dc4e990d07db8c3a6d3c48f5d1,2015-04,West Mercia Police,West Mercia Police,-2.062649,52.333416,On or near George Street,E01032156,Bromsgrove 011A,Possession of weapons,Unable to prosecute suspect,
78a079fd57e79440c70c8f120c6712bd7ce5c80e8ee0e4f87c1ec9c69dc3536e,2015-04,West Mercia Police,West Mercia Police,-2.062649,52.333416,On or near George Street,E01032156,Bromsgrove 011A,Public order,Unable to prosecute suspect,
a7fcbe3e2290bd5a31ee5a03121dc1fba20b4995e19f79733af895ead32c8361,2015-04,West Mercia Police,West Mercia Police,-2.063205,52.332589,On or near Nightclub,E01032156,Bromsgrove 011A,Public order,Offender given a caution,
f4f27d4e0b2a99537d87d11b3a0144f5eaae73c96fa25045a8b86f5dcf7e44a2,2015-04,West Mercia Police,West Mercia Police,-2.062285,52.336033,On or near Supermarket,E01032156,Bromsgrove 011A,Shoplifting,Unable to prosecute suspect,
708901a7d6922ebc161bccbeb9bea732e11ea4eb7a55c2b170256108c2873863,2015-04,West Mercia Police,West Mercia Police,-2.061082,52.335656,On or near Crown Close,E01032156,Bromsgrove 011A,Shoplifting,Investigation complete; no suspect identified,
c35dc58dbdc5b7292c61c49a3ff014585de8e849a6125fe4ca97737b64aa448f,2015-04,West Mercia Police,West Mercia Police,-2.062285,52.336033,On or near Supermarket,E01032156,Bromsgrove 011A,Shoplifting,Investigation complete; no suspect identified,
d3ba58777b6b9649bbe1feda2d3d8afaa7eadecbafbbde3dd1c258bd26d965d8,2015-04,West Mercia Police,West Mercia Police,-2.062285,52.336033,On or near Supermarket,E01032156,Bromsgrove 011A,Shoplifting,Offender given a caution,
bbe26ae4a147ffd878abf4c4cbf97444822c9df291d9872749cf3d8f2c54b49a,2015-04,West Mercia Police,West Mercia Police,-2.070285,52.327245,On or near B4091,E01032156,Bromsgrove 011A,Shoplifting,Investigation complete; no suspect identified,
b2ffcc833344bcdd3d4007524c1e6674aa520a2bae2f8c54fc92a3debe05b13f,2015-04,West Mercia Police,West Mercia Police,-2.062285,52.336033,On or near Supermarket,E01032156,Bromsgrove 011A,Shoplifting,Local resolution,
d7c7b2032da25715070d6ff782d078a2521342f6822599c5e1f9fcbf689e5f37,2015-04,West Mercia Police,West Mercia Police,-2.061886,52.334001,On or near High Street,E01032156,Bromsgrove 011A,Theft from the person,Investigation complete; no suspect identified,
c74a267d1d22f80587b5231d36a2c25b177032ce3860727a537216ff475e0934,2015-04,West Mercia Police,West Mercia Police,-2.061886,52.334001,On or near High Street,E01032156,Bromsgrove 011A,Violence and sexual offences,Awaiting court outcome,
dfca5a1344c4df7a775496c6bddd997770aca8489c8e34dd953365c18384d67c,2015-04,West Mercia Police,West Mercia Police,-2.067739,52.332389,On or near Sports/Recreation Area,E01032156,Bromsgrove 011A,Violence and sexual offences,Investigation complete; no suspect identified,
ceddbcbfd15a49d90b61e3b6d272b367550acb93bafcdd4e3ece41517df2d7c5,2015-04,West Mercia Police,West Mercia Police,-2.064144,52.332184,On or near Hanover Street,E01032156,Bromsgrove 011A,Violence and sexual offences,Unable to prosecute suspect,
357b73e00e3836b17b6be435a70368aed0e619fc9d1cd1ec95dbd164b712ea07,2015-04,West Mercia Police,West Mercia Police,-2.067739,52.332389,On or near Sports/Recreation Area,E01032156,Bromsgrove 011A,Violence and sexual offences,Investigation complete; no suspect identified,
9f807164defe55a4eb20fa2e59858d3c73d4af11a92f1b094d1674772470f33d,2015-04,West Mercia Police,West Mercia Police,-2.068469,52.339131,On or near Crabtree Lane,E01032156,Bromsgrove 011A,Violence and sexual offences,Unable to prosecute suspect,
ab520fe99090dbfbd20096a32e486fa9d6ea9c2fc6a52c6b007804cbeccdbab9,2015-04,West Mercia Police,West Mercia Police,-2.064687,52.332570,On or near Hanover Street,E01032156,Bromsgrove 011A,Violence and sexual offences,Investigation complete; no suspect identified,
d912dcdf9031534c214e04bb19872a1f3fec21ce000d9cb0681440ffedbe1a58,2015-04,West Mercia Police,West Mercia Police,-2.067739,52.332389,On or near Sports/Recreation Area,E01032156,Bromsgrove 011A,Violence and sexual offences,Investigation complete; no suspect identified,
9cd99bf25dbc01deed5697186d715450966eaafddd5f0c6166f9a977d4e69e6f,2015-04,West Mercia Police,West Mercia Police,-2.063205,52.332589,On or near Nightclub,E01032156,Bromsgrove 011A,Violence and sexual offences,Unable to prosecute suspect,
61a2f84218f2a5305a8788974248b3ccd2c621ff62234fd6b5c81f68bb7ff3e2,2015-04,West Mercia Police,West Mercia Police,-2.061886,52.334001,On or near High Street,E01032156,Bromsgrove 011A,Violence and sexual offences,Unable to prosecute suspect,
95b483b9cc3710c7ec04b8d1593c54289ad443aa893b2d7a7f00e226d0693836,2015-04,West Mercia Police,West Mercia Police,-2.067739,52.332389,On or near Sports/Recreation Area,E01032156,Bromsgrove 011A,Violence and sexual offences,Investigation complete; no suspect identified,
4b5727a85254be23c5e1e018a3cf1069920b1a6b7a07077e54bd7332613ba137,2015-04,West Mercia Police,West Mercia Police,-2.061886,52.334001,On or near High Street,E01032156,Bromsgrove 011A,Violence and sexual offences,Court result unavailable,
5148015f88994a0eb7f87f7810fa38ac673819854a9c46f220c96b3359c01853,2015-04,West Mercia Police,West Mercia Police,-2.068469,52.339131,On or near Crabtree Lane,E01032156,Bromsgrove 011A,Violence and sexual offences,Unable to prosecute suspect,
bc853baabfec0365a9ca0882fef802670bdd0b25aa142e767f8f2cb8763181cf,2015-04,West Mercia Police,West Mercia Police,-2.061886,52.334001,On or near High Street,E01032156,Bromsgrove 011A,Violence and sexual offences,Court result unavailable,
ef17849db6d6071ab51ac11c03cb182c280a4ced9f17415318114fa76bf81df7,2015-04,West Mercia Police,West Mercia Police,-2.064144,52.332184,On or near Hanover Street,E01032156,Bromsgrove 011A,Violence and sexual offences,Unable to prosecute suspect,
,2015-04,West Mercia Police,West Mercia Police,-2.058321,52.334767,On or near Chapel Street,E01032157,Bromsgrove 011B,Anti-social behaviour,,
,2015-04,West Mercia Police,West Mercia Police,-2.059274,52.334065,On or near Windsor Gardens,E01032157,Bromsgrove 011B,Anti-social behaviour,,
,2015-04,West Mercia Police,West Mercia Police,-2.059274,52.334065,On or near Windsor Gardens,E01032157,Bromsgrove 011B,Anti-social behaviour,,
,2015-04,West Mercia Police,West Mercia Police,-2.059274,52.334065,On or near Windsor Gardens,E01032157,Bromsgrove 011B,Anti-social behaviour,,
,2015-04,West Mercia Police,West Mercia Police,-2.059305,52.335207,On or near Windsor Street,E01032157,Bromsgrove 011B,Anti-social behaviour,,
,2015-04,West Mercia Police,West Mercia Police,-2.054670,52.337574,On or near School Drive,E01032157,Bromsgrove 011B,Anti-social behaviour,,
,2015-04,West Mercia Police,West Mercia Police,-2.049360,52.339617,On or near Slideslow Drive,E01032157,Bromsgrove 011B,Anti-social behaviour,,
,2015-04,West Mercia Police,West Mercia Police,-2.052707,52.340218,On or near Shenstone Close,E01032157,Bromsgrove 011B,Anti-social behaviour,,
,2015-04,West Mercia Police,West Mercia Police,-2.059274,52.334065,On or near Windsor Gardens,E01032157,Bromsgrove 011B,Anti-social behaviour,,
,2015-04,West Mercia Police,West Mercia Police,-2.053906,52.336396,On or near Sports/Recreation Area,E01032157,Bromsgrove 011B,Anti-social behaviour,,
,2015-04,West Mercia Police,West Mercia Police,-2.058720,52.336691,On or near Shopping Area,E01032157,Bromsgrove 011B,Anti-social behaviour,,
,2015-04,West Mercia Police,West Mercia Police,-2.059305,52.335207,On or near Windsor Street,E01032157,Bromsgrove 011B,Anti-social behaviour,,
,2015-04,West Mercia Police,West Mercia Police,-2.056236,52.333950,On or near Chapel Walk,E01032157,Bromsgrove 011B,Anti-social behaviour,,
,2015-04,West Mercia Police,West Mercia Police,-2.058720,52.336691,On or near Shopping Area,E01032157,Bromsgrove 011B,Anti-social behaviour,,
,2015-04,West Mercia Police,West Mercia Police,-2.056211,52.336872,On or near Parking Area,E01032157,Bromsgrove 011B,Anti-social behaviour,,
,2015-04,West Mercia Police,West Mercia Police,-2.053822,52.339588,On or near Blackmore Lane,E01032157,Bromsgrove 011B,Anti-social behaviour,,
,2015-04,West Mercia Police,West Mercia Police,-2.058321,52.334767,On or near Chapel Street,E01032157,Bromsgrove 011B,Anti-social behaviour,,
,2015-04,West Mercia Police,West Mercia Police,-2.060275,52.336232,On or near Supermarket,E01032157,Bromsgrove 011B,Anti-social behaviour,,
a495377be8ee98b4beab2ab005a81402f3587592fb03e4020faecb2097b1d00e,2015-04,West Mercia Police,West Mercia Police,-2.049360,52.339617,On or near Slideslow Drive,E01032157,Bromsgrove 011B,Bicycle theft,Investigation complete; no suspect identified,
a0d6041ccfd8f52f5df720d560fb49c612683afaff163310e8a913af6f14db5d,2015-04,West Mercia Police,West Mercia Police,-2.058295,52.336835,On or near The Strand,E01032157,Bromsgrove 011B,Burglary,Offender sent to prison,
9fee170a961ecf334d5531a8b805227b8a6efd6806c4fcc533e7a0584e6f0a4d,2015-04,West Mercia Police,West Mercia Police,-2.058720,52.336691,On or near Shopping Area,E01032157,Bromsgrove 011B,Burglary,Investigation complete; no suspect identified,
7f91401fba7b64b9f2b22a65ecc44a6d968c924e42a36e8627a5f6fb597adcc7,2015-04,West Mercia Police,West Mercia Police,-2.050238,52.337621,On or near Further/Higher Educational Building,E01032157,Bromsgrove 011B,Burglary,Investigation complete; no suspect identified,
37420ff58699b9acedb7312a4c4563e7844bdea4827d32ba77aa772f66c6d843,2015-04,West Mercia Police,West Mercia Police,-2.058720,52.336691,On or near Shopping Area,E01032157,Bromsgrove 011B,Criminal damage and arson,Investigation complete; no suspect identified,
89706df7e7cc46c1b10e36c69077d627a68632415c09827c9357ef1038623ec2,2015-04,West Mercia Police,West Mercia Police,-2.059274,52.334065,On or near Windsor Gardens,E01032157,Bromsgrove 011B,Criminal damage and arson,Unable to prosecute suspect,
ea8abf697d9a87e2c53742e1c460dee249256e4cc2fd89dd8ff95be8f05f9cf4,2015-04,West Mercia Police,West Mercia Police,-2.058321,52.334767,On or near Chapel Street,E01032157,Bromsgrove 011B,Criminal damage and arson,Investigation complete; no suspect identified,
4f9a6c6405fac662e98355e1526ed03bba39f71e50c483b7fd6ea46a98a0380e,2015-04,West Mercia Police,West Mercia Police,-2.059305,52.335207,On or near Windsor Street,E01032157,Bromsgrove 011B,Criminal damage and arson,Investigation complete; no suspect identified,
c14baecec13275f6d533db93d4c6aef8560a08f97dc7955a4e355ff16c69aea7,2015-04,West Mercia Police,West Mercia Police,-2.052707,52.340218,On or near Shenstone Close,E01032157,Bromsgrove 011B,Drugs,Offender given penalty notice,
b220890077cb079eba06167cfe1ac63dd4564843d8d769ca349b9b69c52b8af2,2015-04,West Mercia Police,West Mercia Police,-2.060275,52.336232,On or near Supermarket,E01032157,Bromsgrove 011B,Other theft,Offender given conditional discharge,
1d5bce8d477746ae5b23613ff090ae2a349bb117e7e8db76423bcde2c5f259b6,2015-04,West Mercia Police,West Mercia Police,-2.049360,52.339617,On or near Slideslow Drive,E01032157,Bromsgrove 011B,Other theft,Investigation complete; no suspect identified,
178dec45ea54da289fed4d8965bfd609eb89ad1dbd9a53e477ecfb98ed1a25ed,2015-04,West Mercia Police,West Mercia Police,-2.050238,52.337621,On or near Further/Higher Educational Building,E01032157,Bromsgrove 011B,Other theft,Investigation complete; no suspect identified,
4a081e480dfe79a058baa8503dcb4cbd5d6668ae6b9a08b7cc86f93bef38aa8a,2015-04,West Mercia Police,West Mercia Police,-2.049360,52.339617,On or near Slideslow Drive,E01032157,Bromsgrove 011B,Public order,Court result unavailable,
8a248159d0a13b4f681a33e49e69932b1b6ecbda9326cf23c109818f81a6f0ea,2015-04,West Mercia Police,West Mercia Police,-2.054334,52.338806,On or near Supermarket,E01032157,Bromsgrove 011B,Shoplifting,Awaiting court outcome,
3840c2f98eea0a2d43c0e34cf7f16550508eb5a151f8ea72c83e2f5c2eb859b8,2015-04,West Mercia Police,West Mercia Police,-2.054334,52.338806,On or near Supermarket,E01032157,Bromsgrove 011B,Shoplifting,Investigation complete; no suspect identified,
e88b3d0f149a80d37b3eda1047b8e0840c420b759e9cd4101a6fb90a14d70f64,2015-04,West Mercia Police,West Mercia Police,-2.054334,52.338806,On or near Supermarket,E01032157,Bromsgrove 011B,Shoplifting,Awaiting court outcome,
b78b48a0e70280a2cef85e2a64b727dcc88de7eed882930c2911940ce27fb774,2015-04,West Mercia Police,West Mercia Police,-2.059789,52.334730,On or near Parking Area,E01032157,Bromsgrove 011B,Shoplifting,Investigation complete; no suspect identified,
0727a6db8e8d7a7e9df560c3586fe11feebc8a9273d8013cf84f207df9078edf,2015-04,West Mercia Police,West Mercia Police,-2.054334,52.338806,On or near Supermarket,E01032157,Bromsgrove 011B,Shoplifting,Awaiting court outcome,
33f03c28273db53620b4829aa341c6eca93663d7ec6565751f3909c893aaed66,2015-04,West Mercia Police,West Mercia Police,-2.059305,52.335207,On or near Windsor Street,E01032157,Bromsgrove 011B,Theft from the person,Investigation complete; no suspect identified,
99b2747cdb4af28644e9996f5e63ce41dc96794cf90eabcdd56ecd0e68ebce4d,2015-04,West Mercia Police,West Mercia Police,-2.059274,52.334065,On or near Windsor Gardens,E01032157,Bromsgrove 011B,Theft from the person,Investigation complete; no suspect identified,
ee572bef91b37068d1590ed081ece8089fdc8aa2dc38bb5ba9b55c6a0e4fed04,2015-04,West Mercia Police,West Mercia Police,-2.050389,52.341621,On or near Burcot Lane,E01032157,Bromsgrove 011B,Violence and sexual offences,Unable to prosecute suspect,
331d6f83d739a1ab10c7df379803f801b6ca6085819a5e77461f16fb6e8cc378,2015-04,West Mercia Police,West Mercia Police,-2.058720,52.336691,On or near Shopping Area,E01032157,Bromsgrove 011B,Violence and sexual offences,Offender given a caution,
3b8605a3ed6187f26ffad3c22b022be188687172ef3ec7c9381c624ab081e256,2015-04,West Mercia Police,West Mercia Police,-2.054670,52.337574,On or near School Drive,E01032157,Bromsgrove 011B,Violence and sexual offences,Unable to prosecute suspect,
be2f10f1755d1dd01fc12e262ec305a9878dd0d8cacceda94e00f998b812dfe4,2015-04,West Mercia Police,West Mercia Police,-2.050389,52.341621,On or near Burcot Lane,E01032157,Bromsgrove 011B,Violence and sexual offences,Unable to prosecute suspect,
e7203c0abca6f0ea6cf2d26fa5dba14c18c627964e5cc8e17d585bfb2ecda01f,2015-04,West Mercia Police,West Mercia Police,-2.053906,52.336396,On or near Sports/Recreation Area,E01032157,Bromsgrove 011B,Violence and sexual offences,Investigation complete; no suspect identified,
519d4e648a235fcf53cde7005ccac4c0e5070a1a1b4737e82bed1bab24c824db,2015-04,West Mercia Police,West Mercia Police,-2.053906,52.336396,On or near Sports/Recreation Area,E01032157,Bromsgrove 011B,Violence and sexual offences,Investigation complete; no suspect identified,
ad48c3f298a215ceacd22585d04361fa683b4f4958e377b0622d824c98277b44,2015-04,West Mercia Police,West Mercia Police,-2.058720,52.336691,On or near Shopping Area,E01032157,Bromsgrove 011B,Violence and sexual offences,Offender given a caution,
,2015-04,West Mercia Police,West Mercia Police,-2.077502,52.334522,On or near Echells Close,E01032173,Bromsgrove 011C,Anti-social behaviour,,
,2015-04,West Mercia Police,West Mercia Police,-2.077502,52.334522,On or near Echells Close,E01032173,Bromsgrove 011C,Anti-social behaviour,,
ae525bb8e53416f94e6fde02013562212a5bc00802fc4b4e9f3f4838df81b7e5,2015-04,West Mercia Police,West Mercia Police,-2.073753,52.330614,On or near Bylands Close,E01032173,Bromsgrove 011C,Bicycle theft,Investigation complete; no suspect identified,
87e64d973eed69d44b8513c997f9ba5bfd51da4fe04690dc6b81ba1cb8c8f490,2015-04,West Mercia Police,West Mercia Police,-2.073580,52.332026,On or near Tintern Close,E01032173,Bromsgrove 011C,Other theft,Investigation complete; no suspect identified,
a5934489744bf3332a1c463a19dde474ace3b9d9136fc9a43189d96a20334491,2015-04,West Mercia Police,West Mercia Police,-2.073580,52.332026,On or near Tintern Close,E01032173,Bromsgrove 011C,Violence and sexual offences,Unable to prosecute suspect,
,2015-04,West Mercia Police,West Mercia Police,-2.078946,52.337776,On or near Harland Close,E01032175,Bromsgrove 011D,Anti-social behaviour,,
,2015-04,West Mercia Police,West Mercia Police,-2.069651,52.334950,On or near Parking Area,E01032175,Bromsgrove 011D,Anti-social behaviour,,
dfbc45903b19944cb9bca556b8cbab410c564e86659b453b9f75b3e78bf0d18c,2015-04,West Mercia Police,West Mercia Police,-2.072887,52.339263,On or near Grayshott Close,E01032175,Bromsgrove 011D,Other theft,Investigation complete; no suspect identified,
2d13f588e1de14d6b44885ea170fdf28542d25daa342fe4a5883fe4ed0101597,2015-04,West Mercia Police,West Mercia Police,-2.072887,52.339263,On or near Grayshott Close,E01032175,Bromsgrove 011D,Other theft,Investigation complete; no suspect identified,
78bb5148571eb2734f1a9eb09cf332476511d3a249eb4babd387bb548d2f98fd,2015-04,West Mercia Police,West Mercia Police,-2.071744,52.340199,On or near Parkwood Road,E01032175,Bromsgrove 011D,Vehicle crime,Court result unavailable,
,2015-04,West Mercia Police,West Mercia Police,-2.057760,52.331738,On or near Sunnymead,E01032158,Bromsgrove 012A,Anti-social behaviour,,
fdc3951cf3f93dc1121033b177e1f8a3ff3afb2b1a94ea6b779553fe5ade6c60,2015-04,West Mercia Police,West Mercia Police,-2.062152,52.324283,On or near Charford Road,E01032158,Bromsgrove 012A,Criminal damage and arson,Investigation complete; no suspect identified,
4f47ee284826eb9a0f6d93d02ac7918429af01600a397a64eea6f37f358778b3,2015-04,West Mercia Police,West Mercia Police,-2.065161,52.325063,On or near Charford Road,E01032158,Bromsgrove 012A,Criminal damage and arson,Investigation complete; no suspect identified,
1c39eca382259c4b7f538ecea40d48f2a7771e6d3ee9751307be83f4c6b072ec,2015-04,West Mercia Police,West Mercia Police,-2.053428,52.329861,On or near New Road,E01032158,Bromsgrove 012A,Drugs,Offender sent to prison,
46368f14a96a16ba5304e8ade313ff9ec6f6c38ac3a3f9c18033646331861b33,2015-04,West Mercia Police,West Mercia Police,-2.049295,52.334088,On or near Hopgardens Avenue,E01032158,Bromsgrove 012A,Other theft,Investigation complete; no suspect identified,
8f0daf173b17452644f880dbc37dab62cdf4ed5390e8b325e8ee13637c19860f,2015-04,West Mercia Police,West Mercia Police,-2.065161,52.325063,On or near Charford Road,E01032158,Bromsgrove 012A,Other theft,Investigation complete; no suspect identified,
8d097630ab09773be51ea4ef45e44e4e565d1069623ecb9d88c80228e3a5b4b1,2015-04,West Mercia Police,West Mercia Police,-2.065161,52.325063,On or near Charford Road,E01032158,Bromsgrove 012A,Violence and sexual offences,Investigation complete; no suspect identified,
745107c148762809c276a74c06268bca717c5cde1657ed0b4f68a00fc5a55124,2015-04,West Mercia Police,West Mercia Police,-2.062152,52.324283,On or near Charford Road,E01032158,Bromsgrove 012A,Violence and sexual offences,Court result unavailable,
,2015-04,West Mercia Police,West Mercia Police,-2.045705,52.325513,On or near Corbett Close,E01032162,Bromsgrove 012B,Anti-social behaviour,,
,2015-04,West Mercia Police,West Mercia Police,-2.044770,52.329487,On or near Astley Road,E01032162,Bromsgrove 012B,Anti-social behaviour,,
,2015-04,West Mercia Police,West Mercia Police,-2.041922,52.328607,On or near Connaught Road,E01032162,Bromsgrove 012B,Anti-social behaviour,,
,2015-04,West Mercia Police,West Mercia Police,-2.044648,52.324812,On or near Finstall Road,E01032162,Bromsgrove 012B,Anti-social behaviour,,
,2015-04,West Mercia Police,West Mercia Police,-2.044648,52.324812,On or near Finstall Road,E01032162,Bromsgrove 012B,Anti-social behaviour,,
307a9caf085c2a6120b06cc1b12e8538b93359c474460f6fb488c096c78d388b,2015-04,West Mercia Police,West Mercia Police,-2.050224,52.325466,On or near Marlborough Court,E01032162,Bromsgrove 012B,Vehicle crime,Investigation complete; no suspect identified,
,2015-04,West Mercia Police,West Mercia Police,-2.044936,52.333928,On or near Abbey Close,E01033059,Bromsgrove 012D,Anti-social behaviour,,
,2015-04,West Mercia Police,West Mercia Police,-2.049864,52.331058,On or near Kendal Close,E01033059,Bromsgrove 012D,Anti-social behaviour,,
01f1421590a67015f96ff50a8b33aaa29f41c6ac79c1e9dc54649d8f9ff6f4c7,2015-04,West Mercia Police,West Mercia Police,-2.044936,52.333928,On or near Abbey Close,E01033059,Bromsgrove 012D,Drugs,Under investigation,
cc5fab6998cb4336feb921f9e43062e6da1ea0b1d54d98cbd0cfa9a6a183c764,2015-04,West Mercia Police,West Mercia Police,-2.037478,52.330820,On or near Valencia Road,E01033059,Bromsgrove 012D,Other theft,Investigation complete; no suspect identified,
6a6ee0541e0dd917c01b3afac64673def0939f4c551b87fcc260e2e3c465ebab,2015-04,West Mercia Police,West Mercia Police,-2.049864,52.331058,On or near Kendal Close,E01033059,Bromsgrove 012D,Violence and sexual offences,Unable to prosecute suspect,
,2015-04,West Mercia Police,West Mercia Police,-2.040325,52.330918,On or near Royal Worcester Crescent,E01033061,Bromsgrove 012E,Anti-social behaviour,,
,2015-04,West Mercia Police,West Mercia Police,-2.042410,52.331726,On or near Osborne Road,E01033061,Bromsgrove 012E,Anti-social behaviour,,
763c3479f64d3ce3c29bd8c72267eac23669c3d63f9e156247fc0144e6c60421,2015-04,West Mercia Police,West Mercia Police,-2.043773,52.329928,On or near Astley Road,E01033061,Bromsgrove 012E,Vehicle crime,Investigation complete; no suspect identified,
869ffd8536ee4ba9e4ba34457ee9067b3ce0bf6eb662bb8640b8749ae1a6a72e,2015-04,West Mercia Police,West Mercia Police,-2.053706,52.328656,On or near Stonehouse Road,E01033061,Bromsgrove 012E,Vehicle crime,Investigation complete; no suspect identified,
,2015-04,West Mercia Police,West Mercia Police,-2.055692,52.321175,On or near Newton Road,E01032130,Bromsgrove 013A,Anti-social behaviour,,
,2015-04,West Mercia Police,West Mercia Police,-2.055692,52.321175,On or near Newton Road,E01032130,Bromsgrove 013A,Anti-social behaviour,,
,2015-04,West Mercia Police,West Mercia Police,-2.060738,52.320301,On or near Stoke Road,E01032130,Bromsgrove 013A,Anti-social behaviour,,
75ee6daa433b01da4368d702b4987356a0e76e81efd015497e236b34a8f74305,2015-04,West Mercia Police,West Mercia Police,-2.057798,52.316194,On or near George Road,E01032130,Bromsgrove 013A,Burglary,Investigation complete; no suspect identified,
1498321c5deb8a2888947e89b3515c4ac79d305e346b23c5dd4388c1ceed82ec,2015-04,West Mercia Police,West Mercia Police,-2.057798,52.316194,On or near George Road,E01032130,Bromsgrove 013A,Burglary,Investigation complete; no suspect identified,
9dc9af755ee87486d46dd8d365c7a997c86a70668567a542043fb9fb9ccbae04,2015-04,West Mercia Police,West Mercia Police,-2.060631,52.317514,On or near Shopping Area,E01032130,Bromsgrove 013A,Burglary,Investigation complete; no suspect identified,
c2afa90c323717edf3357895802b19a3ac34c16f7b87c1ce91320e4cca676d1f,2015-04,West Mercia Police,West Mercia Police,-2.054588,52.318470,On or near Steel Close,E01032130,Bromsgrove 013A,Burglary,Investigation complete; no suspect identified,
a958836daf8fb6e617d14885ee7054893b53f5bd1690c71731ae64346dac6d9c,2015-04,West Mercia Police,West Mercia Police,-2.065277,52.324236,On or near Salwarpe Road,E01032130,Bromsgrove 013A,Criminal damage and arson,Investigation complete; no suspect identified,
e05e9b632cb1805cabdb8eb42dd7c1e937d0fe3efec038870238fbfb2c2fdc2b,2015-04,West Mercia Police,West Mercia Police,-2.048285,52.323165,On or near New Road,E01032130,Bromsgrove 013A,Other theft,Investigation complete; no suspect identified,
e6eece730a03fcefc0cedd87ce9dd28384bb6f8dca5c23aed476db2c6168ef75,2015-04,West Mercia Police,West Mercia Police,-2.060738,52.320301,On or near Stoke Road,E01032130,Bromsgrove 013A,Vehicle crime,Investigation complete; no suspect identified,
7c5e1a56878129bdd5310892d7d1792649bfc4289f2eb441e867c2ca96ce7d8a,2015-04,West Mercia Police,West Mercia Police,-2.053772,52.322668,On or near Stoke Road,E01032130,Bromsgrove 013A,Vehicle crime,Investigation complete; no suspect identified,
107cb532fc298929cdefd0418545c75f15a95bf20625fdff4b100a1cb6c8ca69,2015-04,West Mercia Police,West Mercia Police,-2.057128,52.319709,On or near Sherwood Road,E01032130,Bromsgrove 013A,Vehicle crime,Investigation complete; no suspect identified,
bb52f8c4092584e6fbce5b358757d0212f38ad202be51a3f3e34609761f6c1dc,2015-04,West Mercia Police,West Mercia Police,-2.057798,52.316194,On or near George Road,E01032130,Bromsgrove 013A,Vehicle crime,Investigation complete; no suspect identified,
63f32071f613b2fa83ad4f0fb317475868c17bc80a135fb46b9413fead733563,2015-04,West Mercia Police,West Mercia Police,-2.048169,52.324361,On or near Dragoon Fields,E01032130,Bromsgrove 013A,Violence and sexual offences,Unable to prosecute suspect,
21f3afd494eea2fcb991767c861e645d59a194f4aa2a5b779e425d32cf954cbd,2015-04,West Mercia Police,West Mercia Police,-2.059607,52.319825,On or near Sugarbrook Road,E01032130,Bromsgrove 013A,Violence and sexual offences,Unable to prosecute suspect,
1138a9c7bf24c3d1b60a784e56fceef9f8606feb74af61ac812b0fac2e20ae23,2015-04,West Mercia Police,West Mercia Police,-2.062822,52.321486,On or near Lyttleton Avenue,E01032130,Bromsgrove 013A,Violence and sexual offences,Unable to prosecute suspect,
a787c1726bed2a9f86e3c631d8996cd5f6e6b127fe0b43b8678f13fcb345f5f0,2015-04,West Mercia Police,West Mercia Police,-2.062822,52.321486,On or near Lyttleton Avenue,E01032130,Bromsgrove 013A,Violence and sexual offences,Investigation complete; no suspect identified,
,2015-04,West Mercia Police,West Mercia Police,-2.072863,52.324960,On or near Rock Hill,E01032131,Bromsgrove 013B,Anti-social behaviour,,
,2015-04,West Mercia Police,West Mercia Police,-2.074415,52.322585,On or near Villiers Road,E01032131,Bromsgrove 013B,Anti-social behaviour,,
cf16e2b63c1188e0781f969914a16652016cb349aa09333941892bd8433b6ece,2015-04,West Mercia Police,West Mercia Police,-2.072171,52.323306,On or near Tibberton Court,E01032131,Bromsgrove 013B,Burglary,Investigation complete; no suspect identified,
b43bbfc3cb34944e0a4b4302124c307800cbf456995317c06c48aabe9f4a954d,2015-04,West Mercia Police,West Mercia Police,-2.074415,52.322585,On or near Villiers Road,E01032131,Bromsgrove 013B,Burglary,Investigation complete; no suspect identified,
8a54b6d28ac11f6058702a560cfef7432c919e0b8940c754eaf39fef6af3af84,2015-04,West Mercia Police,West Mercia Police,-2.070358,52.327164,On or near B4091,E01032131,Bromsgrove 013B,Criminal damage and arson,Investigation complete; no suspect identified,
d9330ddb690cbe12e54b74e9643faf2ce6b864373df280e34f5122d8187b2304,2015-04,West Mercia Police,West Mercia Police,-2.074415,52.322585,On or near Villiers Road,E01032131,Bromsgrove 013B,Criminal damage and arson,Offender fined,
ab475008bb18a001f42c55cbbdd4eb16d05172b7beaef04e5548aa1a94e6162c,2015-04,West Mercia Police,West Mercia Police,-2.072171,52.323306,On or near Tibberton Court,E01032131,Bromsgrove 013B,Other theft,Unable to prosecute suspect,
e32fc4724fe2d199d08b6cd0352c5a5c14d762d84d6865b5be95a3f23447145d,2015-04,West Mercia Police,West Mercia Police,-2.072171,52.323306,On or near Tibberton Court,E01032131,Bromsgrove 013B,Other theft,Unable to prosecute suspect,
3787d8f384fb90faf969a99628b0c31aa87f4f751f9021ec1492550de61329fe,2015-04,West Mercia Police,West Mercia Police,-2.072943,52.319754,On or near Talbot Road,E01032131,Bromsgrove 013B,Other theft,Investigation complete; no suspect identified,
f6404b7fb71976235d2b1654da0bc925a79ddc27ca3c4d359e3bef9b653cca4e,2015-04,West Mercia Police,West Mercia Police,-2.072171,52.323306,On or near Tibberton Court,E01032131,Bromsgrove 013B,Other theft,Investigation complete; no suspect identified,
9d2585dfe1a62b0662555125778e0f17d1962d044848e98d3fc49291aa315a2b,2015-04,West Mercia Police,West Mercia Police,-2.074415,52.322585,On or near Villiers Road,E01032131,Bromsgrove 013B,Violence and sexual offences,Offender given community sentence,
1f798c7910616a2151d983aab4db9033a4afd813b0f18531d54163981955874f,2015-04,West Mercia Police,West Mercia Police,-2.072171,52.323306,On or near Tibberton Court,E01032131,Bromsgrove 013B,Violence and sexual offences,Offender given suspended prison sentence,
82ce16469c30b6c57821666f170c10f6c51d99e6e3b1096cdf90be8358c5eb9f,2015-04,West Mercia Police,West Mercia Police,-2.072943,52.319754,On or near Talbot Road,E01032131,Bromsgrove 013B,Violence and sexual offences,Awaiting court outcome,
1f577b48e78b5dfe57fae13a26fff0b5e122b758481bf0715e6b331611f4947d,2015-04,West Mercia Police,West Mercia Police,-2.070358,52.327164,On or near B4091,E01032131,Bromsgrove 013B,Violence and sexual offences,Unable to prosecute suspect,
749cea0c2b878fedf0ef85ca8be50cb9e50caba52ed69f58e3c6c48dd601e329,2015-04,West Mercia Police,West Mercia Police,-2.074415,52.322585,On or near Villiers Road,E01032131,Bromsgrove 013B,Violence and sexual offences,Unable to prosecute suspect,
,2015-04,West Mercia Police,West Mercia Police,-2.066257,52.322644,On or near Francis Road,E01032132,Bromsgrove 013C,Anti-social behaviour,,
,2015-04,West Mercia Police,West Mercia Police,-2.066493,52.323147,On or near Mercia Close,E01032132,Bromsgrove 013C,Anti-social behaviour,,
355e4175143984412641b1eef580de135b92421fc70ebee5022fe409bc7602cc,2015-04,West Mercia Police,West Mercia Police,-2.067664,52.321609,On or near Flavel Road,E01032132,Bromsgrove 013C,Burglary,Investigation complete; no suspect identified,
d188684de968139d4109120da34b120dd4f46d2dc304eb004e70e66beaa41ae5,2015-04,West Mercia Police,West Mercia Police,-2.066343,52.321278,On or near Hewell Avenue,E01032132,Bromsgrove 013C,Burglary,Investigation complete; no suspect identified,
e19c0a37b90be06176228551b793e0c3b06079b0dff4137f2661b58f5f90172a,2015-04,West Mercia Police,West Mercia Police,-2.069584,52.320026,On or near Gilbert Road,E01032132,Bromsgrove 013C,Criminal damage and arson,Investigation complete; no suspect identified,
6a3fc5b64e2b7c614789889726bf35b184ff65a7f5684e560904a4b18a335338,2015-04,West Mercia Police,West Mercia Police,-2.069584,52.320026,On or near Gilbert Road,E01032132,Bromsgrove 013C,Criminal damage and arson,Investigation complete; no suspect identified,
67b284d6df9f6735f858a7a67ff1fb01a623d6201aaaa26f631d17140637914a,2015-04,West Mercia Police,West Mercia Police,-2.069584,52.320026,On or near Gilbert Road,E01032132,Bromsgrove 013C,Criminal damage and arson,Investigation complete; no suspect identified,
e5c0a0be7d50b24be51adf7476cd5b0ac85e032815146be344acdf83873f29fd,2015-04,West Mercia Police,West Mercia Police,-2.069584,52.320026,On or near Gilbert Road,E01032132,Bromsgrove 013C,Criminal damage and arson,Investigation complete; no suspect identified,
6e8efd67f0365f982392d962800562375c4250de68fa5e43c347130b374445ae,2015-04,West Mercia Police,West Mercia Police,-2.066913,52.319704,On or near Cobham Close,E01032132,Bromsgrove 013C,Criminal damage and arson,Unable to prosecute suspect,
90f8e95d381e098dce925e6421fa28e9ee9fa293adc367e37049ffc77c662ccb,2015-04,West Mercia Police,West Mercia Police,-2.070057,52.322237,On or near Bishop Hall Crescent,E01032132,Bromsgrove 013C,Other theft,Investigation complete; no suspect identified,
4eefc6f2d607a7a1807683d3958aeddc7e00441db5ea9c5f5ed7244d53f72f75,2015-04,West Mercia Police,West Mercia Police,-2.062878,52.318969,On or near Sports/Recreation Area,E01032132,Bromsgrove 013C,Shoplifting,Court result unavailable,
f7b1b77f1b6daf1f957826a3d25207d4aa408278e21ff8efa593ecf1059b4058,2015-04,West Mercia Police,West Mercia Police,-2.062878,52.318969,On or near Sports/Recreation Area,E01032132,Bromsgrove 013C,Shoplifting,Investigation complete; no suspect identified,
ebb1f904c0d36d220b7bcd1f098681f7ea5361bfd6de458b11d7d18e3ed73851,2015-04,West Mercia Police,West Mercia Police,-2.062878,52.318969,On or near Sports/Recreation Area,E01032132,Bromsgrove 013C,Shoplifting,Offender given a caution,
9aee18c613b40a459bcf13fd6682627fa3238769c6a0c2f1611f50e95b628ed9,2015-04,West Mercia Police,West Mercia Police,-2.062878,52.318969,On or near Sports/Recreation Area,E01032132,Bromsgrove 013C,Theft from the person,Investigation complete; no suspect identified,
8c6dcfce5d0b1b8c2c3ab5a72df3828374746a43868dbc0e5fe13a38122df500,2015-04,West Mercia Police,West Mercia Police,-2.066435,52.323705,On or near Edwin Court,E01032132,Bromsgrove 013C,Violence and sexual offences,Unable to prosecute suspect,
,2015-04,West Mercia Police,West Mercia Police,-2.076282,52.324760,On or near Wilmcote Court,E01032174,Bromsgrove 013D,Anti-social behaviour,,
,2015-04,West Mercia Police,West Mercia Police,-2.075283,52.324392,On or near Breakback Road,E01032174,Bromsgrove 013D,Anti-social behaviour,,
,2015-04,West Mercia Police,West Mercia Police,-2.076282,52.324760,On or near Wilmcote Court,E01032174,Bromsgrove 013D,Anti-social behaviour,,
,2015-04,West Mercia Police,West Mercia Police,-2.076282,52.324760,On or near Wilmcote Court,E01032174,Bromsgrove 013D,Anti-social behaviour,,
,2015-04,West Mercia Police,West Mercia Police,-2.076106,52.324796,On or near Alderley Road,E01032174,Bromsgrove 013D,Anti-social behaviour,,
,2015-04,West Mercia Police,West Mercia Police,-2.076282,52.324760,On or near Wilmcote Court,E01032174,Bromsgrove 013D,Anti-social behaviour,,
,2015-04,West Mercia Police,West Mercia Police,-2.078705,52.326062,On or near Parkstone Avenue,E01032174,Bromsgrove 013D,Anti-social behaviour,,
,2015-04,West Mercia Police,West Mercia Police,-2.076282,52.324760,On or near Wilmcote Court,E01032174,Bromsgrove 013D,Anti-social behaviour,,
,2015-04,West Mercia Police,West Mercia Police,-2.076282,52.324760,On or near Wilmcote Court,E01032174,Bromsgrove 013D,Anti-social behaviour,,
bac9b7535624a46ac13714e169d1fbb6746d2340b78aa7237d3e6dae1ffa8291,2015-04,West Mercia Police,West Mercia Police,-2.076282,52.324760,On or near Wilmcote Court,E01032174,Bromsgrove 013D,Criminal damage and arson,Unable to prosecute suspect,
3743e21614c43e74a5b5b10c8d403eeafa8c321e23138dd416fbbca503fed772,2015-04,West Mercia Police,West Mercia Police,-2.072645,52.326165,On or near Albert Road,E01032174,Bromsgrove 013D,Criminal damage and arson,Offender sent to prison,
71bfe448b507e15f0d00ab82fee30eaf1a3ca7c72fbf06f41d9c2a07f6d12450,2015-04,West Mercia Police,West Mercia Police,-2.076106,52.324796,On or near Alderley Road,E01032174,Bromsgrove 013D,Other theft,Investigation complete; no suspect identified,
6d745811ac11083dc5ec3eed17e1e59696fd33010fcf483cf054f176d6300b5f,2015-04,West Mercia Police,West Mercia Police,-2.078531,52.327231,On or near Sunningdale Road,E01032174,Bromsgrove 013D,Vehicle crime,Investigation complete; no suspect identified,
2a6193fb398c8367ccd6e8395fde85ee26eeca98441a282e7c3c024e8dd7018d,2015-04,West Mercia Police,West Mercia Police,-2.075040,52.327952,On or near Sports/Recreation Area,E01032174,Bromsgrove 013D,Violence and sexual offences,Unable to prosecute suspect,
1579d70bf1c4d60c0e2d8060b9757126a8e65d08c3a7e7169a1da3073914878a,2015-04,West Mercia Police,West Mercia Police,-2.075283,52.324392,On or near Breakback Road,E01032174,Bromsgrove 013D,Violence and sexual offences,Unable to prosecute suspect,
,2015-04,West Mercia Police,West Mercia Police,-2.066701,52.315074,On or near Buntsford Drive,E01032166,Bromsgrove 014C,Anti-social behaviour,,
,2015-04,West Mercia Police,West Mercia Police,-2.065281,52.317089,On or near Supermarket,E01032166,Bromsgrove 014C,Anti-social behaviour,,
,2015-04,West Mercia Police,West Mercia Police,-2.066701,52.315074,On or near Buntsford Drive,E01032166,Bromsgrove 014C,Anti-social behaviour,,
,2015-04,West Mercia Police,West Mercia Police,-2.083853,52.301767,On or near Cloverdale,E01032166,Bromsgrove 014C,Anti-social behaviour,,
,2015-04,West Mercia Police,West Mercia Police,-2.084176,52.293846,On or near Sports/Recreation Area,E01032166,Bromsgrove 014C,Anti-social behaviour,,
,2015-04,West Mercia Police,West Mercia Police,-2.066701,52.315074,On or near Buntsford Drive,E01032166,Bromsgrove 014C,Anti-social behaviour,,
,2015-04,West Mercia Police,West Mercia Police,-2.066701,52.315074,On or near Buntsford Drive,E01032166,Bromsgrove 014C,Anti-social behaviour,,
,2015-04,West Mercia Police,West Mercia Police,-2.085329,52.299095,On or near Greenside,E01032166,Bromsgrove 014C,Anti-social behaviour,,
,2015-04,West Mercia Police,West Mercia Police,-2.063077,52.314734,On or near Buntsford Park Road,E01032166,Bromsgrove 014C,Anti-social behaviour,,
7526fa4d84f4105ec480974addbfde98db7b54a068e004a6bd1f3799fe2423f0,2015-04,West Mercia Police,West Mercia Police,-2.083853,52.301767,On or near Cloverdale,E01032166,Bromsgrove 014C,Burglary,Investigation complete; no suspect identified,
164936a2d59ef85822dfb25ad54bf186bde5aec88a81a3ea7492e905b68b7547,2015-04,West Mercia Police,West Mercia Police,-2.085329,52.299095,On or near Greenside,E01032166,Bromsgrove 014C,Criminal damage and arson,Unable to prosecute suspect,
8cac75a764529219a016506ee41a46233aa9a662ca34f3ad1d5b9540554bc708,2015-04,West Mercia Police,West Mercia Police,-2.065281,52.317089,On or near Supermarket,E01032166,Bromsgrove 014C,Other theft,Investigation complete; no suspect identified,
a330c194deec1615fab021007846f7dc43d2a98ac4c706dbf6caf98516912e60,2015-04,West Mercia Police,West Mercia Police,-2.065281,52.317089,On or near Supermarket,E01032166,Bromsgrove 014C,Other theft,Investigation complete; no suspect identified,
1578b96f0bbe319f90b5b13e47657d71bf3490fb12981bff243c022546b45afd,2015-04,West Mercia Police,West Mercia Police,-2.065281,52.317089,On or near Supermarket,E01032166,Bromsgrove 014C,Shoplifting,Local resolution,
19bcb2823c2c1471cfec62ea0466d2608b0e468ee2194853b2b1ebb1ec05b553,2015-04,West Mercia Police,West Mercia Police,-2.073354,52.301944,On or near Hanbury Road,E01032166,Bromsgrove 014C,Violence and sexual offences,Awaiting court outcome,
63c84e243d4d7638093d06fbd2f19182c9dfe6dc1ed4c3bbaa8cb42759cb5855,2015-04,West Mercia Police,West Mercia Police,-2.057408,52.309865,On or near Parking Area,E01032166,Bromsgrove 014C,Violence and sexual offences,Investigation complete; no suspect identified,
2f23ea3e2126b3ba96da7f310a9e4948d5714b22337d9b9848b6d130af957f81,2015-04,West Mercia Police,West Mercia Police,-2.069577,52.315693,On or near Redditch Road,E01032166,Bromsgrove 014C,Violence and sexual offences,Offender given a caution,
,2015-04,West Mercia Police,West Mercia Police,-2.006758,52.291880,On or near Manor Road,E01033060,Bromsgrove 014E,Anti-social behaviour,,
010c3df80968a10f09927a439d5d84b806ee79b8ac48848aacd8e8983d65c2bd,2015-04,West Mercia Police,West Mercia Police,-2.016845,52.328910,On or near Tutnall Close,E01033060,Bromsgrove 014E,Drugs,Offender given a caution,
ea0e0ebaf6124ae703760027b1bec43d0891c31bc496978ed71239e939b6658f,2015-04,West Mercia Police,West Mercia Police,-1.991607,52.325584,On or near Prison,E01033060,Bromsgrove 014E,Drugs,Under investigation,
7b1e8226f2f493e6c230a56d52acfa7553bf5c9c50c3e70f871240d507a66287,2015-04,West Mercia Police,West Mercia Police,-1.979027,52.305427,On or near Birchfield Road,E01033060,Bromsgrove 014E,Other theft,Investigation complete; no suspect identified,
c50f25a5162bac3908c588cad44766e6ded675c4c69870da0c4dd63a06a897b6,2015-04,West Mercia Police,West Mercia Police,-1.991607,52.325584,On or near Prison,E01033060,Bromsgrove 014E,Other theft,Unable to prosecute suspect,
837b9814def5a1502af3fdd2afc868d1a0bb138a8aa6a5a60b94e1a55aaa36db,2015-04,West Mercia Police,West Mercia Police,-1.991607,52.325584,On or near Prison,E01033060,Bromsgrove 014E,Violence and sexual offences,Court result unavailable,
125cb3cf0679cb5d6636b79506b8db073f77609e35d6e414860091fbfa4a97e5,2015-04,West Mercia Police,West Mercia Police,-1.991607,52.325584,On or near Prison,E01033060,Bromsgrove 014E,Violence and sexual offences,Court result unavailable,
9b213e951b02434e84f710d21e1590a97cb310b69ccc8d368751223ce9363c22,2015-04,West Mercia Police,West Mercia Police,-1.991607,52.325584,On or near Prison,E01033060,Bromsgrove 014E,Violence and sexual offences,Unable to prosecute suspect,
81fa696340cdba37562a8470d2b2c18606b668878aa30c23f69c7f4fc310a82e,2015-04,West Mercia Police,West Mercia Police,-2.016845,52.328910,On or near Tutnall Close,E01033060,Bromsgrove 014E,Violence and sexual offences,Unable to prosecute suspect,
f0569a2f4d8f602547e9b390d626b0adf8a44fbe792125c7275e3f0cd10c4e90,2015-04,West Mercia Police,West Mercia Police,-1.991607,52.325584,On or near Prison,E01033060,Bromsgrove 014E,Other crime,Investigation complete; no suspect identified,
590b0e30a1a2ba7b5e600f18eefe0bc9460778a9a73f1e8748c7eb913ae1d5a3,2015-04,West Mercia Police,West Mercia Police,-1.991607,52.325584,On or near Prison,E01033060,Bromsgrove 014E,Other crime,Court result unavailable,
7991de669b6f84e3b3a74ccf6e63c4c43d97f06bd804ff2b686f13cef1aab5c3,2015-04,West Mercia Police,West Mercia Police,-1.991607,52.325584,On or near Prison,E01033060,Bromsgrove 014E,Other crime,Court result unavailable,
,2015-04,West Mercia Police,West Mercia Police,-2.073293,52.318522,On or near Wheelwright Close,E01033062,Bromsgrove 014F,Anti-social behaviour,,
,2015-04,West Mercia Police,West Mercia Police,-2.065019,52.318545,On or near Mill Close,E01033062,Bromsgrove 014F,Anti-social behaviour,,
,2015-04,West Mercia Police,West Mercia Police,-2.065781,52.318365,On or near Avon Close,E01033062,Bromsgrove 014F,Anti-social behaviour,,
91ecf6193dc097917fa813c94826145845cc91f92297f768305109d6b2fe37f7,2015-04,West Mercia Police,West Mercia Police,-2.080064,52.314931,On or near Avoncroft Road,E01033062,Bromsgrove 014F,Vehicle crime,Investigation complete; no suspect identified,
afe9e4c1e25c62a0178eea7bf5ace9e1a3786ca87de88b6f96604386b5521580,2015-04,West Mercia Police,West Mercia Police,-2.080064,52.314931,On or near Avoncroft Road,E01033062,Bromsgrove 014F,Vehicle crime,Investigation complete; no suspect identified,
b736bc26cc8108e703f2370ed101e2a82dd4b3efed886c193abcd7268d5c737d,2015-04,West Mercia Police,West Mercia Police,-2.078297,52.319508,On or near High Meadows,E01033062,Bromsgrove 014F,Vehicle crime,Investigation complete; no suspect identified,
47e03af11669fad0a2938900ddbbfa55d9604316f7dc5e50bd1dbe1c2aa54fcd,2015-04,West Mercia Police,West Mercia Police,-2.079808,52.319390,On or near Rock Hill,E01033062,Bromsgrove 014F,Vehicle crime,Investigation complete; no suspect identified,
f29988373daf8655812d19c859e509766d1625a01992786710d01d0ea7a87fa6,2015-04,West Mercia Police,West Mercia Police,-2.080064,52.314931,On or near Avoncroft Road,E01033062,Bromsgrove 014F,Vehicle crime,Investigation complete; no suspect identified,
,2015-04,West Mercia Police,West Mercia Police,-2.005134,52.319552,On or near High House Lane,E01033243,Bromsgrove 014G,Anti-social behaviour,,
,2015-04,West Mercia Police,West Mercia Police,-2.047080,52.321215,On or near Mcconnell Close,E01033243,Bromsgrove 014G,Anti-social behaviour,,
,2015-04,West Mercia Police,West Mercia Police,-2.047080,52.321215,On or near Mcconnell Close,E01033243,Bromsgrove 014G,Anti-social behaviour,,
e3bd0dd41bf0355b0d900b06e04b81d5b2e00ae27dc4367210f59d4426658c2e,2015-04,West Mercia Police,West Mercia Police,-1.998884,52.317727,On or near Hewell Close,E01033243,Bromsgrove 014G,Burglary,Investigation complete; no suspect identified,
2fdd5c42793c3e8730fffa48a39e1cdc3e239606a57e566f6d9fe090b297d411,2015-04,West Mercia Police,West Mercia Police,-1.998884,52.317727,On or near Hewell Close,E01033243,Bromsgrove 014G,Drugs,Court result unavailable,
d22c526e96900393c13885c364a2f7d5b38fe620c380fbf96c6071febfb47f43,2015-04,West Mercia Police,West Mercia Police,-1.998884,52.317727,On or near Hewell Close,E01033243,Bromsgrove 014G,Violence and sexual offences,Unable to prosecute suspect,
,2015-04,West Mercia Police,West Mercia Police,-2.084602,52.432357,On or near Kemelstowe Crescent,E01009812,Dudley 043E,Anti-social behaviour,,
,2015-04,West Mercia Police,West Mercia Police,-2.470025,51.953420,On or near Parking Area,E01022233,Forest of Dean 001A,Anti-social behaviour,,
d9fcc3972cb7a17faef7e535e365d0c66013bf3771610e9855ec764410bb54b2,2015-04,West Mercia Police,West Mercia Police,-2.635874,51.837799,On or near Parking Area,E01022234,Forest of Dean 006A,Burglary,Investigation complete; no suspect identified,
9f2aa9c0a0ca06bd3db4cbe4c156ffdd6391a0a3311b6c0ac49540e82870f4cc,2015-04,West Mercia Police,West Mercia Police,-2.744842,52.299536,On or near Church Lane,E01013998,Herefordshire 001A,Public order,Offender fined,
,2015-04,West Mercia Police,West Mercia Police,-2.857322,52.315612,On or near Ford Street,E01014051,Herefordshire 001B,Anti-social behaviour,,
,2015-04,West Mercia Police,West Mercia Police,-2.855514,52.313180,On or near Kingsmeadow,E01014051,Herefordshire 001B,Anti-social behaviour,,
,2015-04,West Mercia Police,West Mercia Police,-2.857322,52.315612,On or near Ford Street,E01014051,Herefordshire 001B,Anti-social behaviour,,
,2015-04,West Mercia Police,West Mercia Police,-2.874219,52.361645,On or near Wardens Lane,E01014051,Herefordshire 001B,Anti-social behaviour,,
,2015-04,West Mercia Police,West Mercia Police,-2.855514,52.313180,On or near Kingsmeadow,E01014051,Herefordshire 001B,Anti-social behaviour,,
,2015-04,West Mercia Police,West Mercia Police,-2.855514,52.313180,On or near Kingsmeadow,E01014051,Herefordshire 001B,Anti-social behaviour,,
065b4dda1922a0166734141056f1c8ca14ce13566aa13f034dcea373285f77ff,2015-04,West Mercia Police,West Mercia Police,-2.875753,52.361229,On or near Church Street,E01014051,Herefordshire 001B,Criminal damage and arson,Investigation complete; no suspect identified,
,2015-04,West Mercia Police,West Mercia Police,-2.702544,52.308444,On or near Wyson Avenue,E01014096,Herefordshire 001D,Anti-social behaviour,,
,2015-04,West Mercia Police,West Mercia Police,-2.702544,52.308444,On or near Wyson Avenue,E01014096,Herefordshire 001D,Anti-social behaviour,,
,2015-04,West Mercia Police,West Mercia Police,-2.741270,52.228777,On or near Lugg Way,E01014041,Herefordshire 002A,Anti-social behaviour,,
,2015-04,West Mercia Police,West Mercia Police,-2.745294,52.229480,On or near The Meadows,E01014041,Herefordshire 002A,Anti-social behaviour,,
,2015-04,West Mercia Police,West Mercia Police,-2.742567,52.231888,On or near Osborne Place,E01014041,Herefordshire 002A,Anti-social behaviour,,
,2015-04,West Mercia Police,West Mercia Police,-2.748788,52.229197,On or near The Rugg,E01014041,Herefordshire 002A,Anti-social behaviour,,
,2015-04,West Mercia Police,West Mercia Police,-2.741270,52.228777,On or near Lugg Way,E01014041,Herefordshire 002A,Anti-social behaviour,,
,2015-04,West Mercia Police,West Mercia Police,-2.740720,52.229131,On or near Hampton Gardens,E01014041,Herefordshire 002A,Anti-social behaviour,,
e41a4e9340f3966b46cac4a3d9999d2efcf197593b486a5e701cd9109d240fa9,2015-04,West Mercia Police,West Mercia Police,-2.741270,52.228777,On or near Lugg Way,E01014041,Herefordshire 002A,Criminal damage and arson,Investigation complete; no suspect identified,
,2015-04,West Mercia Police,West Mercia Police,-2.737190,52.234340,On or near Upper Marsh,E01014042,Herefordshire 002B,Anti-social behaviour,,
,2015-04,West Mercia Police,West Mercia Police,-2.739184,52.231002,On or near Paradise Court,E01014042,Herefordshire 002B,Anti-social behaviour,,
,2015-04,West Mercia Police,West Mercia Police,-2.739246,52.232961,On or near Cheaton Close,E01014042,Herefordshire 002B,Anti-social behaviour,,
,2015-04,West Mercia Police,West Mercia Police,-2.736293,52.231469,On or near Mill Street,E01014042,Herefordshire 002B,Anti-social behaviour,,
,2015-04,West Mercia Police,West Mercia Police,-2.740130,52.230636,On or near Bridge Street,E01014042,Herefordshire 002B,Anti-social behaviour,,
,2015-04,West Mercia Police,West Mercia Police,-2.737190,52.234340,On or near Upper Marsh,E01014042,Herefordshire 002B,Anti-social behaviour,,
,2015-04,West Mercia Police,West Mercia Police,-2.744574,52.233701,On or near Merwald Close,E01014042,Herefordshire 002B,Anti-social behaviour,,
,2015-04,West Mercia Police,West Mercia Police,-2.740130,52.230636,On or near Bridge Street,E01014042,Herefordshire 002B,Anti-social behaviour,,
,2015-04,West Mercia Police,West Mercia Police,-2.737190,52.234340,On or near Upper Marsh,E01014042,Herefordshire 002B,Anti-social behaviour,,
312b6188c770b88ae56402ff3450becaed75427d71058387410bb0c897203020,2015-04,West Mercia Police,West Mercia Police,-2.741327,52.233910,On or near Ridgemoor Road,E01014042,Herefordshire 002B,Burglary,Investigation complete; no suspect identified,
f116e1fb983151655e2ba692c7d1a1314017f227b2c61d3c6cd17773e3efa43d,2015-04,West Mercia Police,West Mercia Police,-2.741327,52.233910,On or near Ridgemoor Road,E01014042,Herefordshire 002B,Burglary,Investigation complete; no suspect identified,
f9a50c4b6af58986bb7e5e9d37999f48daba46bf058ccffe73f1a6b2f18600f4,2015-04,West Mercia Police,West Mercia Police,-2.744951,52.236135,On or near Parking Area,E01014042,Herefordshire 002B,Burglary,Investigation complete; no suspect identified,
f4b2229cc6f4f47616fcad5f0cdffc4bc3fd867119e41a3c284b9d861778ca5a,2015-04,West Mercia Police,West Mercia Police,-2.739389,52.234498,On or near Middlemarsh,E01014042,Herefordshire 002B,Criminal damage and arson,Unable to prosecute suspect,
e6bd60a3098e36be631b942f099d95066a3ca795374da0a36a4286299dbb0460,2015-04,West Mercia Police,West Mercia Police,-2.739246,52.232961,On or near Cheaton Close,E01014042,Herefordshire 002B,Criminal damage and arson,Investigation complete; no suspect identified,
2baa820c2a07e4d3111599a6e72be06d4ed56b49e2d360323f8252cb14336997,2015-04,West Mercia Police,West Mercia Police,-2.740130,52.230636,On or near Bridge Street,E01014042,Herefordshire 002B,Other theft,Investigation complete; no suspect identified,
bd6efb1e375bba9e5bee846171586cea05ddaff8b51505a5a4a98a2b781d9f16,2015-04,West Mercia Police,West Mercia Police,-2.740130,52.230636,On or near Bridge Street,E01014042,Herefordshire 002B,Violence and sexual offences,Unable to prosecute suspect,
2beb2358006861af2f3e28753378f651ef1ed186c45df124a628ecd7a204a1d4,2015-04,West Mercia Police,West Mercia Police,-2.741327,52.233910,On or near Ridgemoor Road,E01014042,Herefordshire 002B,Violence and sexual offences,Unable to prosecute suspect,
53a3a2f52ccd17d5d65b8c3b98625ba6c7eea271d4f2012be867f7d8ddd8ef59,2015-04,West Mercia Police,West Mercia Police,-2.739389,52.234498,On or near Middlemarsh,E01014042,Herefordshire 002B,Violence and sexual offences,Unable to prosecute suspect,
58ae437142f0c7fc977c986b18e7c104ee3700e5b27f09e70b95fae8f89c5424,2015-04,West Mercia Police,West Mercia Police,-2.739246,52.232961,On or near Cheaton Close,E01014042,Herefordshire 002B,Violence and sexual offences,Unable to prosecute suspect,
,2015-04,West Mercia Police,West Mercia Police,-2.761742,52.224691,On or near Ebnal Close,E01014043,Herefordshire 002C,Anti-social behaviour,,
b81f6c2f2a2ea886a634039d5cdee7b6fd136991cc8c0306e7ee12bf179ca359,2015-04,West Mercia Police,West Mercia Police,-2.753161,52.227191,On or near Woodfen Crescent,E01014043,Herefordshire 002C,Burglary,Investigation complete; no suspect identified,
db7d8ae29216aa499348bbdeef0e3e4a9d6d67c207ee17217eb47b0c56729854,2015-04,West Mercia Police,West Mercia Police,-2.760660,52.227332,On or near Ginhall Lane,E01014043,Herefordshire 002C,Criminal damage and arson,Investigation complete; no suspect identified,
d8c354624c921ee0daa009f5f3abac650e1675718a6cd831ec349ddc93530986,2015-04,West Mercia Police,West Mercia Police,-2.758056,52.224867,On or near Herbert Road,E01014043,Herefordshire 002C,Other crime,Unable to prosecute suspect,
,2015-04,West Mercia Police,West Mercia Police,-2.769209,52.221352,On or near Far Meadow Road,E01014044,Herefordshire 002D,Anti-social behaviour,,
,2015-04,West Mercia Police,West Mercia Police,-2.764130,52.223974,On or near Westgate,E01014044,Herefordshire 002D,Anti-social behaviour,,
,2015-04,West Mercia Police,West Mercia Police,-2.767467,52.224770,On or near Hill View,E01014044,Herefordshire 002D,Anti-social behaviour,,
,2015-04,West Mercia Police,West Mercia Police,-2.766583,52.221863,On or near Portna Way,E01014044,Herefordshire 002D,Anti-social behaviour,,
5c9e53709c281d520093a812b400f528632dcbe3103fad9cbb84549039258189,2015-04,West Mercia Police,West Mercia Police,-2.766583,52.221863,On or near Portna Way,E01014044,Herefordshire 002D,Criminal damage and arson,Unable to prosecute suspect,
160be04087ebcdd5ce9acbd0391d16fddbaca219a9a64f592fa9ceac337b02bb,2015-04,West Mercia Police,West Mercia Police,-2.766063,52.222271,On or near Hopyard Close,E01014044,Herefordshire 002D,Violence and sexual offences,Unable to prosecute suspect,
a60bbf7fef37d333e20f1c5dd2035008dd6c869e0a85db9845337ed52f93a1a9,2015-04,West Mercia Police,West Mercia Police,-2.766583,52.221863,On or near Portna Way,E01014044,Herefordshire 002D,Violence and sexual offences,Local resolution,
037f3dc91e1e20ad97bb13b6b2102c552d44edbe2f4b30bcf43e9c56cdf10fa9,2015-04,West Mercia Police,West Mercia Police,-2.766583,52.221863,On or near Portna Way,E01014044,Herefordshire 002D,Violence and sexual offences,Unable to prosecute suspect,
,2015-04,West Mercia Police,West Mercia Police,-2.734859,52.222667,On or near John Abel Close,E01014045,Herefordshire 003A,Anti-social behaviour,,
1b8a1faa17526aa3afb77f0f94cea53a81a446e072c4ebf16b87085edddf3e34,2015-04,West Mercia Police,West Mercia Police,-2.718461,52.218884,On or near Stoke Prior Road,E01014045,Herefordshire 003A,Criminal damage and arson,Investigation complete; no suspect identified,
34f2a5b6629cd8d1b6f8555b34290a0bc80310e5c65b0de86639f1403e4aadb9,2015-04,West Mercia Police,West Mercia Police,-2.736724,52.216839,On or near Longfield Way,E01014045,Herefordshire 003A,Criminal damage and arson,Investigation complete; no suspect identified,
aef86696516bde09eb004a88c7f11b9e6c13c50cf9aa17f6f4738438eb49c426,2015-04,West Mercia Police,West Mercia Police,-2.734859,52.222667,On or near John Abel Close,E01014045,Herefordshire 003A,Vehicle crime,Investigation complete; no suspect identified,
9807d441eb7c19a12d07ef7689b73858b708a9431bd8c375f3407757e89cee83,2015-04,West Mercia Police,West Mercia Police,-2.736803,52.217189,On or near Jacques Road,E01014045,Herefordshire 003A,Vehicle crime,Investigation complete; no suspect identified,
809d6d35853eb4e38ddbd18ece1aafe8ecb8ce10fc4f12696419a60a5077e14d,2015-04,West Mercia Police,West Mercia Police,-2.738155,52.216650,On or near St Botolphs Green,E01014045,Herefordshire 003A,Violence and sexual offences,Under investigation,
d493016a3e9d27d895b519320938bb408f2d27684d4411b60c7da04a47485ae0,2015-04,West Mercia Police,West Mercia Police,-2.733825,52.220354,On or near Silurian Close,E01014045,Herefordshire 003A,Violence and sexual offences,Unable to prosecute suspect,
,2015-04,West Mercia Police,West Mercia Police,-2.746972,52.224785,On or near Pump Piece,E01014046,Herefordshire 003B,Anti-social behaviour,,
5ed72433840e865244ca1484403578fdc8757650ab250ab5edd618250ffe5f90,2015-04,West Mercia Police,West Mercia Police,-2.752163,52.225309,On or near Ropewalk Avenue,E01014046,Herefordshire 003B,Burglary,Investigation complete; no suspect identified,
1e88fcdbc45815e360bec1978487fd8ed512bf554ba18e871bc276fb10e0339a,2015-04,West Mercia Police,West Mercia Police,-2.760705,52.221434,On or near Portna Warden Lane,E01014046,Herefordshire 003B,Violence and sexual offences,Court result unavailable,
57833b43165e7d522e73082cbe9f67b891c83fbcdf55bd00a0fcd83af52cdf12,2015-04,West Mercia Police,West Mercia Police,-2.749695,52.222196,On or near Stockenhill Road,E01014046,Herefordshire 003B,Violence and sexual offences,Unable to prosecute suspect,
,2015-04,West Mercia Police,West Mercia Police,-2.743142,52.223353,On or near Mortimer Street,E01014047,Herefordshire 003C,Anti-social behaviour,,
,2015-04,West Mercia Police,West Mercia Police,-2.742542,52.226899,On or near Parking Area,E01014047,Herefordshire 003C,Anti-social behaviour,,
,2015-04,West Mercia Police,West Mercia Police,-2.744706,52.225851,On or near Westfield Walk,E01014047,Herefordshire 003C,Anti-social behaviour,,
,2015-04,West Mercia Police,West Mercia Police,-2.743142,52.223353,On or near Mortimer Street,E01014047,Herefordshire 003C,Anti-social behaviour,,
,2015-04,West Mercia Police,West Mercia Police,-2.742542,52.226899,On or near Parking Area,E01014047,Herefordshire 003C,Anti-social behaviour,,
,2015-04,West Mercia Police,West Mercia Police,-2.740379,52.225366,On or near Supermarket,E01014047,Herefordshire 003C,Anti-social behaviour,,
,2015-04,West Mercia Police,West Mercia Police,-2.740379,52.225366,On or near Supermarket,E01014047,Herefordshire 003C,Anti-social behaviour,,
8efd16b910da963de8bb2293c068f364fe70024b8c5a31eff02ccd528759de21,2015-04,West Mercia Police,West Mercia Police,-2.743212,52.224036,On or near Holland Road,E01014047,Herefordshire 003C,Burglary,Investigation complete; no suspect identified,
05cf4364ea9444aa8d867ab07865cbea9e2d0dae25f59c3bbba12b51eda49952,2015-04,West Mercia Police,West Mercia Police,-2.742542,52.226899,On or near Parking Area,E01014047,Herefordshire 003C,Criminal damage and arson,Unable to prosecute suspect,
74a9b50a48a4e624c7c734a529294ef12e6b19ef45f1a89d5d605ed2580fe58f,2015-04,West Mercia Police,West Mercia Police,-2.743142,52.223353,On or near Mortimer Street,E01014047,Herefordshire 003C,Criminal damage and arson,Unable to prosecute suspect,
2d92308a9b66550c681870d0dc85ce68a98679f80b7d93cc8d3eb8e2ba9d419f,2015-04,West Mercia Police,West Mercia Police,-2.742542,52.226899,On or near Parking Area,E01014047,Herefordshire 003C,Criminal damage and arson,Unable to prosecute suspect,
e6e5bcfadfc8fc5b22b21829256211f745dc73285b7bde294e771c1324769135,2015-04,West Mercia Police,West Mercia Police,-2.744706,52.225851,On or near Westfield Walk,E01014047,Herefordshire 003C,Drugs,Offender given a drugs possession warning,
693470d500d609619b609914a290dbedb1b85b8bca742c5f11a5a46c1cbc0717,2015-04,West Mercia Police,West Mercia Police,-2.742460,52.222871,On or near Croft Street,E01014047,Herefordshire 003C,Drugs,Offender given community sentence,
7715ef0244b10b9b9accd8b75c91d3bb1fc48532d1e96466e314669dbb1a98d8,2015-04,West Mercia Police,West Mercia Police,-2.743142,52.223353,On or near Mortimer Street,E01014047,Herefordshire 003C,Other theft,Unable to prosecute suspect,
074517211fb15e993100a7de8b217527cdfa7570c496a539d13d783e4a7cd51a,2015-04,West Mercia Police,West Mercia Police,-2.742542,52.226899,On or near Parking Area,E01014047,Herefordshire 003C,Shoplifting,Local resolution,
583183e73eddaa801472ddc19b6b5b91f08a275294a08bf9674811af7e83caa3,2015-04,West Mercia Police,West Mercia Police,-2.740957,52.225776,On or near B4361,E01014047,Herefordshire 003C,Vehicle crime,Investigation complete; no suspect identified,
f3ffc8b8fc4508cbc5d2bccf32875be1c10e7078a753a4a55d35a920035bf03b,2015-04,West Mercia Police,West Mercia Police,-2.740379,52.225366,On or near Supermarket,E01014047,Herefordshire 003C,Violence and sexual offences,Offender given conditional discharge,
9b0ae450cb15165ad97889b1e50c683709c9f66c0619c39c3fa700080a44df1d,2015-04,West Mercia Police,West Mercia Police,-2.749705,52.225370,On or near Westcroft,E01014047,Herefordshire 003C,Violence and sexual offences,Unable to prosecute suspect,
7a7fbbd134952408adc6950a9d888e1d406f51e078e906351e339f5aeba6ec8f,2015-04,West Mercia Police,West Mercia Police,-2.740957,52.225776,On or near B4361,E01014047,Herefordshire 003C,Violence and sexual offences,Unable to prosecute suspect,
bdf43036779b3bb5334d65e1ceb091120a3ebfeb265ded144a910c452393c78f,2015-04,West Mercia Police,West Mercia Police,-2.740379,52.225366,On or near Supermarket,E01014047,Herefordshire 003C,Violence and sexual offences,Unable to prosecute suspect,
,2015-04,West Mercia Police,West Mercia Police,-2.737437,52.224548,On or near Eaton Close,E01014048,Herefordshire 003D,Anti-social behaviour,,
,2015-04,West Mercia Police,West Mercia Police,-2.739749,52.227105,On or near Parking Area,E01014048,Herefordshire 003D,Anti-social behaviour,,
,2015-04,West Mercia Police,West Mercia Police,-2.739605,52.222862,On or near South Street,E01014048,Herefordshire 003D,Anti-social behaviour,,
,2015-04,West Mercia Police,West Mercia Police,-2.739605,52.222862,On or near South Street,E01014048,Herefordshire 003D,Anti-social behaviour,,
,2015-04,West Mercia Police,West Mercia Police,-2.738432,52.227131,On or near Victoria Street,E01014048,Herefordshire 003D,Anti-social behaviour,,
,2015-04,West Mercia Police,West Mercia Police,-2.739562,52.224670,On or near Hawthorne Place,E01014048,Herefordshire 003D,Anti-social behaviour,,
,2015-04,West Mercia Police,West Mercia Police,-2.737726,52.226947,On or near Corn Square,E01014048,Herefordshire 003D,Anti-social behaviour,,
,2015-04,West Mercia Police,West Mercia Police,-2.741436,52.226438,On or near Dishley Street,E01014048,Herefordshire 003D,Anti-social behaviour,,
,2015-04,West Mercia Police,West Mercia Police,-2.733287,52.226750,On or near Falconer Place,E01014048,Herefordshire 003D,Anti-social behaviour,,
,2015-04,West Mercia Police,West Mercia Police,-2.738432,52.227131,On or near Victoria Street,E01014048,Herefordshire 003D,Anti-social behaviour,,
,2015-04,West Mercia Police,West Mercia Police,-2.737437,52.224548,On or near Eaton Close,E01014048,Herefordshire 003D,Anti-social behaviour,,
,2015-04,West Mercia Police,West Mercia Police,-2.738118,52.224103,On or near Coningsby Road,E01014048,Herefordshire 003D,Anti-social behaviour,,
,2015-04,West Mercia Police,West Mercia Police,-2.733287,52.226750,On or near Falconer Place,E01014048,Herefordshire 003D,Anti-social behaviour,,
,2015-04,West Mercia Police,West Mercia Police,-2.736481,52.229589,On or near The Priory,E01014048,Herefordshire 003D,Anti-social behaviour,,
,2015-04,West Mercia Police,West Mercia Police,-2.739053,52.228386,On or near Broad Street,E01014048,Herefordshire 003D,Anti-social behaviour,,
,2015-04,West Mercia Police,West Mercia Police,-2.738432,52.227131,On or near Victoria Street,E01014048,Herefordshire 003D,Anti-social behaviour,,
10ff0179c2c44df6ee461f1dda44a5b47004a91078739ca546f6dce2e3dee406,2015-04,West Mercia Police,West Mercia Police,-2.737726,52.226947,On or near Corn Square,E01014048,Herefordshire 003D,Burglary,Investigation complete; no suspect identified,
e276db848d08346f7b72471f95ebd714f4e0dfeeaa0c92f095a17a2c3f6ff346,2015-04,West Mercia Police,West Mercia Police,-2.738432,52.227131,On or near Victoria Street,E01014048,Herefordshire 003D,Criminal damage and arson,Investigation complete; no suspect identified,
6dfc611609dbdb7a80ef3eae7e21b54dd4248ccddd568ab03b18162ecee4df41,2015-04,West Mercia Police,West Mercia Police,-2.737726,52.226947,On or near Corn Square,E01014048,Herefordshire 003D,Criminal damage and arson,Unable to prosecute suspect,
b5c258b55341433a4d7cf1c87d93edd8800bfa8fa7663d50feba117280f9b9fa,2015-04,West Mercia Police,West Mercia Police,-2.737726,52.226947,On or near Corn Square,E01014048,Herefordshire 003D,Criminal damage and arson,Unable to prosecute suspect,
01c2db0f2aeca58ffd0a9f2f2fdf048e9bf76a4b9d87034e1293e428f5e04dd3,2015-04,West Mercia Police,West Mercia Police,-2.737726,52.226947,On or near Corn Square,E01014048,Herefordshire 003D,Drugs,Under investigation,
12a83e7174358a5ed9d422818b74f8318aae436c877194764828fbf144ca9849,2015-04,West Mercia Police,West Mercia Police,-2.738432,52.227131,On or near Victoria Street,E01014048,Herefordshire 003D,Drugs,Offender given a caution,
88624be283b41581d30cff97b2e88419218a08e14c9c141dc610cc3aec23cd4c,2015-04,West Mercia Police,West Mercia Police,-2.740091,52.225664,On or near Westbury Street,E01014048,Herefordshire 003D,Other theft,Investigation complete; no suspect identified,
3523a735f6965895b0d674d78b6ca35f3051ba3e7790c3bb13fbe35b61efb7ba,2015-04,West Mercia Police,West Mercia Police,-2.737726,52.226947,On or near Corn Square,E01014048,Herefordshire 003D,Other theft,Unable to prosecute suspect,
487b421c87ec8dae1be5dc9924f25acbbb297bbbac386376054c68a00a81a0ae,2015-04,West Mercia Police,West Mercia Police,-2.737726,52.226947,On or near Corn Square,E01014048,Herefordshire 003D,Other theft,Investigation complete; no suspect identified,
4fccb764ccd033b41d168cb298ae05a0057ace0aed2db576d475b0c0f20f6105,2015-04,West Mercia Police,West Mercia Police,-2.739538,52.229381,On or near Broad Street,E01014048,Herefordshire 003D,Other theft,Unable to prosecute suspect,
709473e18c648162681c82af80f79a79e42d08b60479ad028f8ac149b45d6b8c,2015-04,West Mercia Police,West Mercia Police,-2.740433,52.226831,On or near West Street,E01014048,Herefordshire 003D,Shoplifting,Investigation complete; no suspect identified,
b43b831437d466a3e75de32793e217cbce0bee8cb283672787516b5c00abfa91,2015-04,West Mercia Police,West Mercia Police,-2.740967,52.226405,On or near Supermarket,E01014048,Herefordshire 003D,Shoplifting,Offender given community sentence,
1ff25cabf51ceac0d3039f7a9a33a011facc857f88466372387fa3c772d49250,2015-04,West Mercia Police,West Mercia Police,-2.740967,52.226405,On or near Supermarket,E01014048,Herefordshire 003D,Shoplifting,Local resolution,
1b97dcf6ce5b7552f66903fa6b9335332b87eb50a2b2a3827192b336831f2df6,2015-04,West Mercia Police,West Mercia Police,-2.738432,52.227131,On or near Victoria Street,E01014048,Herefordshire 003D,Theft from the person,Under investigation,
b9b70f969c6045a1e212f7dc177673732d3c9ee696f4399b7ae9fcbca9663d0b,2015-04,West Mercia Police,West Mercia Police,-2.738958,52.225339,On or near Nightclub,E01014048,Herefordshire 003D,Theft from the person,Unable to prosecute suspect,
fe282933bb374451448e150d9d601b862867792f9148da7e67db71d3c45eb04d,2015-04,West Mercia Police,West Mercia Police,-2.735519,52.226259,On or near Etnam Street,E01014048,Herefordshire 003D,Vehicle crime,Investigation complete; no suspect identified,
1c882efb2eaf54ce45b1063b99ccfea1e3e201786b2fa461404667ebe19e30a0,2015-04,West Mercia Police,West Mercia Police,-2.740433,52.226831,On or near West Street,E01014048,Herefordshire 003D,Violence and sexual offences,Unable to prosecute suspect,
0881af4216f89f47a8990b0bb4aeb866bc9387912dc76fc45f2892bcebde3c29,2015-04,West Mercia Police,West Mercia Police,-2.732923,52.225116,On or near Caswell Crescent,E01014048,Herefordshire 003D,Violence and sexual offences,Unable to prosecute suspect,
325c01a0b982e6f44a7219eecef8ae1500ce9f4793ed10d42109e2b544e738d4,2015-04,West Mercia Police,West Mercia Police,-2.737726,52.226947,On or near Corn Square,E01014048,Herefordshire 003D,Violence and sexual offences,Investigation complete; no suspect identified,
41f566c3600867badcfd3cf92cc23317adc14bf9ea6d002f83b4fd520cf57f1d,2015-04,West Mercia Police,West Mercia Police,-2.732923,52.225116,On or near Caswell Crescent,E01014048,Herefordshire 003D,Violence and sexual offences,Unable to prosecute suspect,
79fcfdf4ac7397972a81508254bf89021c8d1f1979b3067ab74ed7cd652c68b4,2015-04,West Mercia Police,West Mercia Police,-2.733287,52.226750,On or near Falconer Place,E01014048,Herefordshire 003D,Violence and sexual offences,Unable to prosecute suspect,
d519b0c7da0ecffdbbaa02b275168701e2861251e5ccfc79498e844abce04136,2015-04,West Mercia Police,West Mercia Police,-2.738900,52.229772,On or near Arkwright Close,E01014048,Herefordshire 003D,Violence and sexual offences,Court case unable to proceed,
67837a2d745840ab600b57a9af8e69f375ceb14301aeb76874fe20184badd33b,2015-04,West Mercia Police,West Mercia Police,-2.741436,52.226438,On or near Dishley Street,E01014048,Herefordshire 003D,Violence and sexual offences,Court result unavailable,
ca7b8b745437c8f3c8df1baeaa2f11dd464cd90cbf8c84ae56dc8013e00d6d6d,2015-04,West Mercia Police,West Mercia Police,-2.737726,52.226947,On or near Corn Square,E01014048,Herefordshire 003D,Violence and sexual offences,Unable to prosecute suspect,
491f34a196067f7448d73d00d504ee5a3df1fb37a9e641eb2409f835cdc09cc0,2015-04,West Mercia Police,West Mercia Police,-2.733287,52.226750,On or near Falconer Place,E01014048,Herefordshire 003D,Violence and sexual offences,Unable to prosecute suspect,
4712250e99ccf19eafcf8499ff090a6f9a62103390d74de18ee794cfbaa75b99,2015-04,West Mercia Police,West Mercia Police,-2.738981,52.226687,On or near High Street,E01014048,Herefordshire 003D,Violence and sexual offences,Local resolution,
0cec03898c4da1ecb7ac6ab3b18a5296463deb937b0da9a909da6feeedf75731,2015-04,West Mercia Police,West Mercia Police,-2.739538,52.229381,On or near Broad Street,E01014048,Herefordshire 003D,Violence and sexual offences,Investigation complete; no suspect identified,
ffc9e9a5dc4fb58b7aeed58dc9d678ad2d0b6fe752b0f346b17cf1a061e1a86f,2015-04,West Mercia Police,West Mercia Police,-2.738432,52.227131,On or near Victoria Street,E01014048,Herefordshire 003D,Violence and sexual offences,Unable to prosecute suspect,
748d3aa9af3f00dc0090221733803debf8cb5ecd7639db8c96bbe8fac0e1f644,2015-04,West Mercia Police,West Mercia Police,-2.732923,52.225116,On or near Caswell Crescent,E01014048,Herefordshire 003D,Violence and sexual offences,Unable to prosecute suspect,
649b424fad193247f649747ad103ab46c5a3c9fc9f747969b90287a98a3e95cf,2015-04,West Mercia Police,West Mercia Police,-2.825626,52.248940,On or near A4110,E01013999,Herefordshire 004A,Other theft,Investigation complete; no suspect identified,
072e5906dd64053943fe8b812bce4a0071e6ef1bbe47806c9468f0fed848194e,2015-04,West Mercia Police,West Mercia Police,-2.823440,52.252713,On or near Highfield Close,E01013999,Herefordshire 004A,Violence and sexual offences,Unable to prosecute suspect,
,2015-04,West Mercia Police,West Mercia Police,-2.850488,52.222358,On or near St Mary'S Walk,E01014017,Herefordshire 004B,Anti-social behaviour,,
619c28d773735cf2dc892d48d68518ffcf0590c7906177ccb2216d0dd75ecbbe,2015-04,West Mercia Police,West Mercia Police,-2.803543,52.216025,On or near Park/Open Space,E01014017,Herefordshire 004B,Other theft,Investigation complete; no suspect identified,
e889a729dd3493123866a5dc7191ce4cb5d4929ba83403bf71ecbe0237da3837,2015-04,West Mercia Police,West Mercia Police,-2.815030,52.185459,On or near A4110,E01014017,Herefordshire 004B,Other theft,Investigation complete; no suspect identified,
,2015-04,West Mercia Police,West Mercia Police,-2.669767,52.211547,On or near Humber Close,E01014024,Herefordshire 004C,Anti-social behaviour,,
a8e3ee6cdeb611e2bf9d30a5b385f6e7c7de1fe2fb430ac89521ae2c7566b475,2015-04,West Mercia Police,West Mercia Police,-2.641564,52.213511,On or near Worcester Road,E01014024,Herefordshire 004C,Burglary,Investigation complete; no suspect identified,
b64711f0aaa99a3a9f24d11f32ff5835a8b4b24303d700e4a70664b7142afed0,2015-04,West Mercia Police,West Mercia Police,-2.668950,52.187340,On or near Bowley Lane,E01014024,Herefordshire 004C,Other theft,Investigation complete; no suspect identified,
e7ad0fc479214a32705c14bc974de4a665c36fa0ad1de8a73220325b76cf6cee,2015-04,West Mercia Police,West Mercia Police,-2.708243,52.210567,On or near Stoke Prior Road,E01014024,Herefordshire 004C,Public order,Offender fined,
d9a457b777b1e2fa032a52bd54efbfa2d78420f5ca4f6b7d7da70b5420e2f3c0,2015-04,West Mercia Police,West Mercia Police,-2.573478,52.252206,On or near Park/Open Space,E01014024,Herefordshire 004C,Vehicle crime,Unable to prosecute suspect,
,2015-04,West Mercia Police,West Mercia Police,-2.719457,52.170006,On or near A49,E01014025,Herefordshire 004D,Anti-social behaviour,,
,2015-04,West Mercia Police,West Mercia Police,-2.667204,52.150830,On or near The Moor,E01014025,Herefordshire 004D,Anti-social behaviour,,
,2015-04,West Mercia Police,West Mercia Police,-2.668414,52.159418,On or near Caldervale Close,E01014025,Herefordshire 004D,Anti-social behaviour,,
c33bbba2110796def4238fbe6607bf056aea4dc61db35ce5b805f5ebf4963612,2015-04,West Mercia Police,West Mercia Police,-2.668057,52.155078,On or near Brockington Road,E01014025,Herefordshire 004D,Burglary,Unable to prosecute suspect,
ea37baad9146447280004eb8299121fd20b41a564546c51cda7fd7cdceabd339,2015-04,West Mercia Police,West Mercia Police,-2.656489,52.155664,On or near Parking Area,E01014025,Herefordshire 004D,Violence and sexual offences,Court result unavailable,
aefc691b3daabf211ee4ecbe4a238eebee64106b671120e16fdf2c0d14f91e19,2015-04,West Mercia Police,West Mercia Police,-2.721603,52.157199,On or near A49,E01014025,Herefordshire 004D,Violence and sexual offences,Offender given a caution,
f1eaaa822d0698e61a9dccf6e6d99697da25a77fe7d1a2cc647891ab5e8ef63a,2015-04,West Mercia Police,West Mercia Police,-2.720724,52.171499,On or near Cherrybrook Close,E01014025,Herefordshire 004D,Violence and sexual offences,Unable to prosecute suspect,
bfb0562fb6a0c9e31bb851dac2d8664707da41bb1116021dfc00d2c61bb5f227,2015-04,West Mercia Police,West Mercia Police,-2.668414,52.159418,On or near Caldervale Close,E01014025,Herefordshire 004D,Other crime,Unable to prosecute suspect,
,2015-04,West Mercia Police,West Mercia Police,-2.884953,52.251297,On or near Moor Meadow,E01014055,Herefordshire 004E,Anti-social behaviour,,
,2015-04,West Mercia Police,West Mercia Police,-2.891148,52.251952,On or near Bateman Close,E01014055,Herefordshire 004E,Anti-social behaviour,,
,2015-04,West Mercia Police,West Mercia Police,-2.886408,52.241262,On or near Airport/Airfield,E01014055,Herefordshire 004E,Anti-social behaviour,,
8edf89506805a50c4fcb4c51f843ff32be0c97103e173031f8a5f3065c23e1cc,2015-04,West Mercia Police,West Mercia Police,-2.897299,52.256230,On or near Parking Area,E01014055,Herefordshire 004E,Burglary,Investigation complete; no suspect identified,
0acc91f9ed394b73868d6dcbb9914b77bb5a5036ec7508d0c834c9da7fdd4b5f,2015-04,West Mercia Police,West Mercia Police,-2.891148,52.251952,On or near Bateman Close,E01014055,Herefordshire 004E,Public order,Court result unavailable,
6f6749517a3fd4e7a88641a2e2c1aa2be6b413aa22ec4c3f0defda5298b94783,2015-04,West Mercia Police,West Mercia Police,-2.895055,52.216059,On or near Court Meadow,E01014055,Herefordshire 004E,Public order,Offender fined,
9dcc07c7d353a08dc04d9b297fee15f89bb12b8795e41d5a599d46531bdae365,2015-04,West Mercia Police,West Mercia Police,-2.891148,52.251952,On or near Bateman Close,E01014055,Herefordshire 004E,Violence and sexual offences,Unable to prosecute suspect,
473ecc955df21305bf3423bb54b0922cde0d19fa0cf38b943c0c97cadacb8494,2015-04,West Mercia Police,West Mercia Police,-2.746514,52.241978,On or near North Road,E01014097,Herefordshire 004F,Criminal damage and arson,Investigation complete; no suspect identified,
449620e6d8be6a810217b8dcfada82e4bc714d008bb2d798a505c238a8bd82bd,2015-04,West Mercia Police,West Mercia Police,-2.704533,52.289607,On or near Parking Area,E01014097,Herefordshire 004F,Criminal damage and arson,Investigation complete; no suspect identified,
64dde16e46d1fa721664933b216fe86c6a5a1c164519cf0525bada7d12ca9462,2015-04,West Mercia Police,West Mercia Police,-2.730251,52.232657,On or near A49,E01014097,Herefordshire 004F,Drugs,Offender given penalty notice,
ea6d993c4456da540990559ad617a5df814a79cd64e8ee656493bdff92e7932e,2015-04,West Mercia Police,West Mercia Police,-2.730251,52.232657,On or near A49,E01014097,Herefordshire 004F,Other theft,Investigation complete; no suspect identified,
0936bdb8ecedf13e93ed34b8a0b1af4720bea6cbfb143e2ad5c9c40c8ea7b8d7,2015-04,West Mercia Police,West Mercia Police,-2.730251,52.232657,On or near A49,E01014097,Herefordshire 004F,Other theft,Investigation complete; no suspect identified,
f184e28db92762806340d4476a561e11e185426d1e4a70e2e95bcbf03d138ea7,2015-04,West Mercia Police,West Mercia Police,-2.701078,52.271350,On or near Hundred Lane,E01014097,Herefordshire 004F,Vehicle crime,Unable to prosecute suspect,
a2f1f2bf32604fa641bdb578d4de17dd3309b2e52e2cf048f8d66bc8231da2f4,2015-04,West Mercia Police,West Mercia Police,-2.704533,52.289607,On or near Parking Area,E01014097,Herefordshire 004F,Other crime,Offender sent to prison,
,2015-04,West Mercia Police,West Mercia Police,-2.526850,52.223663,On or near Wood Lane,E01014000,Herefordshire 005A,Anti-social behaviour,,
,2015-04,West Mercia Police,West Mercia Police,-2.580005,52.231514,On or near Westwood Lane,E01014000,Herefordshire 005A,Anti-social behaviour,,
2d3ac7737a6a73b652bb0f18a72ad4f5e6512f263e3890a4be585cb627b859ef,2015-04,West Mercia Police,West Mercia Police,-2.453130,52.274360,On or near B4204,E01014000,Herefordshire 005A,Burglary,Investigation complete; no suspect identified,
33c78484dc6598f48957014735a7c73578b3e0d31f4fe91fe1ea9a16498db135,2015-04,West Mercia Police,West Mercia Police,-2.524682,52.222324,On or near The Crest,E01014000,Herefordshire 005A,Criminal damage and arson,Investigation complete; no suspect identified,
29fdc4934b1b870f2cd45b6047dfebbf691646bcb0e9d87450e3c5076c094eb2,2015-04,West Mercia Police,West Mercia Police,-2.514923,52.237974,On or near B4214,E01014000,Herefordshire 005A,Other theft,Investigation complete; no suspect identified,
448663fd7e23af41d81a31f204417bc7afe2562e31a0c060169360fa97d2ee65,2015-04,West Mercia Police,West Mercia Police,-2.524682,52.222324,On or near The Crest,E01014000,Herefordshire 005A,Other theft,Investigation complete; no suspect identified,
e0b1755ef2d73014272d89ede12f6afaacc689ae5cda630debd6af093ec0b793,2015-04,West Mercia Police,West Mercia Police,-2.524682,52.222324,On or near The Crest,E01014000,Herefordshire 005A,Other crime,Unable to prosecute suspect,
,2015-04,West Mercia Police,West Mercia Police,-2.444669,52.213869,On or near Park/Open Space,E01014001,Herefordshire 005B,Anti-social behaviour,,
,2015-04,West Mercia Police,West Mercia Police,-2.475088,52.186878,On or near Sports/Recreation Area,E01014001,Herefordshire 005B,Anti-social behaviour,,
,2015-04,West Mercia Police,West Mercia Police,-2.487468,52.182035,On or near Park/Open Space,E01014001,Herefordshire 005B,Anti-social behaviour,,
,2015-04,West Mercia Police,West Mercia Police,-2.437360,52.190881,On or near Park/Open Space,E01014001,Herefordshire 005B,Anti-social behaviour,,
,2015-04,West Mercia Police,West Mercia Police,-2.475088,52.186878,On or near Sports/Recreation Area,E01014001,Herefordshire 005B,Anti-social behaviour,,
,2015-04,West Mercia Police,West Mercia Police,-2.444669,52.213869,On or near Park/Open Space,E01014001,Herefordshire 005B,Anti-social behaviour,,
,2015-04,West Mercia Police,West Mercia Police,-2.487468,52.182035,On or near Park/Open Space,E01014001,Herefordshire 005B,Anti-social behaviour,,
,2015-04,West Mercia Police,West Mercia Police,-2.413104,52.208068,On or near Old Forge,E01014001,Herefordshire 005B,Anti-social behaviour,,
9f476ba2b4a0a8c2d46b112e35e2a116efbf6f39da069b762e6e4cff1fdedbe8,2015-04,West Mercia Police,West Mercia Police,-2.413603,52.208246,On or near Meadow Green,E01014001,Herefordshire 005B,Burglary,Investigation complete; no suspect identified,
e6d3d6f00da4ed269dbca83bb4e585cd0b8300fbb59d7b9f2976a8a3e07bb6a3,2015-04,West Mercia Police,West Mercia Police,-2.487468,52.182035,On or near Park/Open Space,E01014001,Herefordshire 005B,Other theft,Investigation complete; no suspect identified,
72c670da17c828bbc1f0c89ceadd706d942d26b7f3bde3174c85f31159e7ed7a,2015-04,West Mercia Police,West Mercia Police,-2.425325,52.199007,On or near A44,E01014001,Herefordshire 005B,Other theft,Investigation complete; no suspect identified,
be07c87083805ce1c147e877ecc2304bb98a19000398a2a2d1fb6ace81430fc8,2015-04,West Mercia Police,West Mercia Police,-2.425325,52.199007,On or near A44,E01014001,Herefordshire 005B,Other theft,Investigation complete; no suspect identified,
20f4b7ba5c80124e8b865b0f7673c1b9205a157c9c0d7a79b7d18d3c4f58802f,2015-04,West Mercia Police,West Mercia Police,-2.457944,52.188213,On or near A44,E01014001,Herefordshire 005B,Other theft,Unable to prosecute suspect,
f3876ee863fe73acbc3332a4fbcea11b5bd9b9d5f7a1b70f95d26aba1d8d5097,2015-04,West Mercia Police,West Mercia Police,-2.487468,52.182035,On or near Park/Open Space,E01014001,Herefordshire 005B,Other theft,Unable to prosecute suspect,
15d597e729cd27915f0cafe8a39ad9e5b7e240063fed02d629854fa03f7a738c,2015-04,West Mercia Police,West Mercia Police,-2.475137,52.181879,On or near Malvern Road,E01014001,Herefordshire 005B,Violence and sexual offences,Unable to prosecute suspect,
ccb1223252a0ea7eb61b03f8cc52a33620851bb66a9d9118d291d6e6bdb732d9,2015-04,West Mercia Police,West Mercia Police,-2.487468,52.182035,On or near Park/Open Space,E01014001,Herefordshire 005B,Violence and sexual offences,Under investigation,
d8ff9c715ff54420e685e0fc6859e9f0d72e0b71b681ffafc5f0d91fc8016f2e,2015-04,West Mercia Police,West Mercia Police,-2.487468,52.182035,On or near Park/Open Space,E01014001,Herefordshire 005B,Violence and sexual offences,Under investigation,
bf66a835cd66c7cac21816d295e06a8b3da478adeca26ffa0ac0c9204785234a,2015-04,West Mercia Police,West Mercia Police,-2.487468,52.182035,On or near Park/Open Space,E01014001,Herefordshire 005B,Violence and sexual offences,Under investigation,
,2015-04,West Mercia Police,West Mercia Police,-2.506881,52.186305,On or near Hospital,E01014002,Herefordshire 005C,Anti-social behaviour,,
,2015-04,West Mercia Police,West Mercia Police,-2.506481,52.187170,On or near Tower Hill,E01014002,Herefordshire 005C,Anti-social behaviour,,
,2015-04,West Mercia Police,West Mercia Police,-2.506481,52.187170,On or near Tower Hill,E01014002,Herefordshire 005C,Anti-social behaviour,,
3584731468e373620d26f6a6bacdfe12b499be5c926bdceb9b6f9574f3ed418b,2015-04,West Mercia Police,West Mercia Police,-2.515996,52.183991,On or near Ashfield Way,E01014002,Herefordshire 005C,Burglary,Investigation complete; no suspect identified,
0a053267a31b445d3f826835047bbfc456def14015bc56da9923caf9a3870ce1,2015-04,West Mercia Police,West Mercia Police,-2.518836,52.185480,On or near Sports/Recreation Area,E01014002,Herefordshire 005C,Drugs,Offender given a caution,
e352a9b60abb1441c51e91f5ad19871cd1cfc9e15b1f293c8a6d98b4d37608cc,2015-04,West Mercia Police,West Mercia Police,-2.518836,52.185480,On or near Sports/Recreation Area,E01014002,Herefordshire 005C,Drugs,Offender given a caution,
8b0f9123c3b89cef195e0888ea940ef7e5a39522bd0c2108f4a13690ef58fb4b,2015-04,West Mercia Police,West Mercia Police,-2.524582,52.174090,On or near A465,E01014002,Herefordshire 005C,Other theft,Investigation complete; no suspect identified,
cb0c83a708504c2113957f88cc1be475ce2dac5a9ba9db69b434ee34910c09ce,2015-04,West Mercia Police,West Mercia Police,-2.506481,52.187170,On or near Tower Hill,E01014002,Herefordshire 005C,Violence and sexual offences,Offender otherwise dealt with,
dcdc3786a55f04b323b3e7857c9bf3bdd409ebfcf7c1638fb26daaf4fba14f06,2015-04,West Mercia Police,West Mercia Police,-2.511148,52.187275,On or near Bromyard By-Pass,E01014002,Herefordshire 005C,Violence and sexual offences,Offender fined,
,2015-04,West Mercia Police,West Mercia Police,-2.514939,52.187439,On or near Bannut Tree,E01014003,Herefordshire 005D,Anti-social behaviour,,
,2015-04,West Mercia Police,West Mercia Police,-2.515678,52.186824,On or near Baynham Close,E01014003,Herefordshire 005D,Anti-social behaviour,,
1bcd00d714a9fb95a1bb4003abf914479bde6448a1f98eda556170d1b96c0e53,2015-04,West Mercia Police,West Mercia Police,-2.518602,52.189266,On or near Apple Tree Close,E01014003,Herefordshire 005D,Burglary,Investigation complete; no suspect identified,
6a86b31bafa6a376acd1198d44a61b17aa9c1cc55543313fe769f86a8572bf3a,2015-04,West Mercia Police,West Mercia Police,-2.520958,52.186810,On or near Broxash Close,E01014003,Herefordshire 005D,Criminal damage and arson,Investigation complete; no suspect identified,
32b4a450f2d23a8b76a8692ee43c0f82250f224614a315b4cfaa895d10d9ae8d,2015-04,West Mercia Police,West Mercia Police,-2.511481,52.192066,On or near Frome Close,E01014003,Herefordshire 005D,Violence and sexual offences,Unable to prosecute suspect,
799fd39f46cd2940f83c1da5b3610c029d348f623af986a212f44adeadb54c9e,2015-04,West Mercia Police,West Mercia Police,-2.518421,52.202635,On or near B4214,E01014003,Herefordshire 005D,Violence and sexual offences,Unable to prosecute suspect,
5b1fc96edc3171b9d80f5f36cd3d7a7497fa0b7b4878b4dd6356be6862bd03f3,2015-04,West Mercia Police,West Mercia Police,-2.549673,52.186994,On or near Green Lane,E01014003,Herefordshire 005D,Violence and sexual offences,Court result unavailable,
,2015-04,West Mercia Police,West Mercia Police,-2.503521,52.187974,On or near Sherford Street,E01014005,Herefordshire 005F,Anti-social behaviour,,
,2015-04,West Mercia Police,West Mercia Police,-2.503521,52.187974,On or near Sherford Street,E01014005,Herefordshire 005F,Anti-social behaviour,,
,2015-04,West Mercia Police,West Mercia Police,-2.505430,52.188667,On or near Broad Street,E01014005,Herefordshire 005F,Anti-social behaviour,,
,2015-04,West Mercia Police,West Mercia Police,-2.507091,52.190628,On or near Parking Area,E01014005,Herefordshire 005F,Anti-social behaviour,,
,2015-04,West Mercia Police,West Mercia Police,-2.505430,52.188667,On or near Broad Street,E01014005,Herefordshire 005F,Anti-social behaviour,,
,2015-04,West Mercia Police,West Mercia Police,-2.513370,52.190898,On or near Lodon Avenue,E01014005,Herefordshire 005F,Anti-social behaviour,,
,2015-04,West Mercia Police,West Mercia Police,-2.508302,52.189086,On or near Sheep Close,E01014005,Herefordshire 005F,Anti-social behaviour,,
,2015-04,West Mercia Police,West Mercia Police,-2.505430,52.188667,On or near Broad Street,E01014005,Herefordshire 005F,Anti-social behaviour,,
,2015-04,West Mercia Police,West Mercia Police,-2.506188,52.189724,On or near Schallenge,E01014005,Herefordshire 005F,Anti-social behaviour,,
,2015-04,West Mercia Police,West Mercia Police,-2.508302,52.189086,On or near Sheep Close,E01014005,Herefordshire 005F,Anti-social behaviour,,
,2015-04,West Mercia Police,West Mercia Police,-2.509581,52.188343,On or near New Road,E01014005,Herefordshire 005F,Anti-social behaviour,,
,2015-04,West Mercia Police,West Mercia Police,-2.505430,52.188667,On or near Broad Street,E01014005,Herefordshire 005F,Anti-social behaviour,,
,2015-04,West Mercia Police,West Mercia Police,-2.508005,52.189950,On or near Cruxwell Street,E01014005,Herefordshire 005F,Anti-social behaviour,,
,2015-04,West Mercia Police,West Mercia Police,-2.508005,52.189950,On or near Cruxwell Street,E01014005,Herefordshire 005F,Anti-social behaviour,,
f39344acb360b3b4a0eeda6001c401269cc6c2ff6fdbfc3b1631b5eae7b6d869,2015-04,West Mercia Police,West Mercia Police,-2.512364,52.189985,On or near Sports/Recreation Area,E01014005,Herefordshire 005F,Drugs,Offender given a drugs possession warning,
448b78b54c4079c16038128c29c7353dfabc0eaa93a1a6c781a536d2ad6b4fe4,2015-04,West Mercia Police,West Mercia Police,-2.503521,52.187974,On or near Sherford Street,E01014005,Herefordshire 005F,Other theft,Investigation complete; no suspect identified,
87b83d06ef98936d2575f3ecb1997f1124f0354521547f4aba6402b1c9e6d2c9,2015-04,West Mercia Police,West Mercia Police,-2.505083,52.189037,On or near Twyning Street,E01014005,Herefordshire 005F,Other theft,Investigation complete; no suspect identified,
464c3c110409bbf2fedfb36439dd2f8531aec86750e6d4b0d18cae8cc4cea84c,2015-04,West Mercia Police,West Mercia Police,-2.503521,52.187974,On or near Sherford Street,E01014005,Herefordshire 005F,Other theft,Investigation complete; no suspect identified,
645b87a75564990d2084dfb62d48448bfcdb499ad3b3f6dfdb1f345daad19a28,2015-04,West Mercia Police,West Mercia Police,-2.504446,52.190900,On or near Church Street,E01014005,Herefordshire 005F,Other theft,Investigation complete; no suspect identified,
92876c32d77bc5c267ab2d41c9383fe319fb800d3d77139994e108c841ea1b35,2015-04,West Mercia Police,West Mercia Police,-2.505083,52.189037,On or near Twyning Street,E01014005,Herefordshire 005F,Public order,Offender sent to prison,
bd63b634462182c4a31a18f6eb6a4568b3670b834e4ef3762b40e3e3b0f027cc,2015-04,West Mercia Police,West Mercia Police,-2.509047,52.191591,On or near Supermarket,E01014005,Herefordshire 005F,Shoplifting,Investigation complete; no suspect identified,
4b49fab6ce31cdabc963dd8382c27ab13ee3c1ae11d663d356d08c7acda07abd,2015-04,West Mercia Police,West Mercia Police,-2.507046,52.189235,On or near Supermarket,E01014005,Herefordshire 005F,Shoplifting,Investigation complete; no suspect identified,
b080401c010fec9dc5f345440aeb074a0bb8fcef533fc733734e27f24451bc86,2015-04,West Mercia Police,West Mercia Police,-2.509047,52.191591,On or near Supermarket,E01014005,Herefordshire 005F,Shoplifting,Investigation complete; no suspect identified,
2549855a81b2f45e478a1e177b511ccc490cb4f10a9bb299814210fedf21ed0f,2015-04,West Mercia Police,West Mercia Police,-2.509047,52.191591,On or near Supermarket,E01014005,Herefordshire 005F,Shoplifting,Investigation complete; no suspect identified,
eb40b674aca6635caccaad500f7feaa52289169e983dceeac84a53328b08b98e,2015-04,West Mercia Police,West Mercia Police,-2.508005,52.189950,On or near Cruxwell Street,E01014005,Herefordshire 005F,Theft from the person,Investigation complete; no suspect identified,
d408dda21ff7d211abd9b2bc5ecfb47c0d372b3e28fab0b51af8f243df68a037,2015-04,West Mercia Police,West Mercia Police,-2.504567,52.189983,On or near Church Street,E01014005,Herefordshire 005F,Vehicle crime,Investigation complete; no suspect identified,
a5f37b2e3a7c0190a5bad804a91dee42441693a3c81cf2c221f7dbe989b3a2a3,2015-04,West Mercia Police,West Mercia Police,-2.506346,52.192043,On or near Rose Bank,E01014005,Herefordshire 005F,Vehicle crime,Investigation complete; no suspect identified,
37e1927c08ee20095b041945c6781939ad8671c44937868ceed767c286c05ba1,2015-04,West Mercia Police,West Mercia Police,-2.508005,52.189950,On or near Cruxwell Street,E01014005,Herefordshire 005F,Violence and sexual offences,Local resolution,
cff7ca0946cb593d29b2d7e50fddd639e5858f3ecb97d2366709d5f9bd1ef81d,2015-04,West Mercia Police,West Mercia Police,-2.503521,52.187974,On or near Sherford Street,E01014005,Herefordshire 005F,Violence and sexual offences,Unable to prosecute suspect,
7817dac0cd0b58bdb7cf03fa3ea79284c16f56e82423d675b93efc35111e5cc2,2015-04,West Mercia Police,West Mercia Police,-2.507091,52.190628,On or near Parking Area,E01014005,Herefordshire 005F,Violence and sexual offences,Unable to prosecute suspect,
351c3823bbfba6cadac6878fb62ac781950da8d36f3715ee988d33dca2f39d78,2015-04,West Mercia Police,West Mercia Police,-2.505083,52.189037,On or near Twyning Street,E01014005,Herefordshire 005F,Violence and sexual offences,Offender sent to prison,
ee35a758a24ca8e82ca94fb07557dc9c253ce5ddbdf65b1ddb8a18dc34aee951,2015-04,West Mercia Police,West Mercia Police,-2.507091,52.190628,On or near Parking Area,E01014005,Herefordshire 005F,Violence and sexual offences,Unable to prosecute suspect,
57852e5fa9297a91936d8a38de785a0f646c7c5333c437c59bf5f31c84009f91,2015-04,West Mercia Police,West Mercia Police,-2.477973,52.131287,On or near Snail'S Bank,E01014015,Herefordshire 005G,Vehicle crime,Investigation complete; no suspect identified,
42bea5d8e1f60c0de1e83609627284798363cd697d691168c15e3d4ef1dc599f,2015-04,West Mercia Police,West Mercia Police,-2.493595,52.133110,On or near Parking Area,E01014015,Herefordshire 005G,Violence and sexual offences,Unable to prosecute suspect,
,2015-04,West Mercia Police,West Mercia Police,-2.935406,52.100170,On or near A438,E01014008,Herefordshire 006A,Anti-social behaviour,,
328525567f68d4577ea6f7e39860c0826c5444adfa55922282bd3a4ca0b1e0dd,2015-04,West Mercia Police,West Mercia Police,-2.965919,52.138044,On or near A4112,E01014008,Herefordshire 006A,Burglary,Investigation complete; no suspect identified,
,2015-04,West Mercia Police,West Mercia Police,-3.056111,52.126680,On or near Mill Road,E01014009,Herefordshire 006B,Anti-social behaviour,,
,2015-04,West Mercia Police,West Mercia Police,-3.030604,52.116467,On or near The Vineyards,E01014009,Herefordshire 006B,Anti-social behaviour,,
b85e29c72de61283a24c6360e1a15d3e39d2c7017069facf2b1bdde9d47f34bc,2015-04,West Mercia Police,West Mercia Police,-3.056111,52.126680,On or near Mill Road,E01014009,Herefordshire 006B,Burglary,Investigation complete; no suspect identified,
8bb2e69bd535d2d9f5f400483e72570749e26eb51d0b2a31e6b8e6c4c5bb8357,2015-04,West Mercia Police,West Mercia Police,-3.026149,52.117081,On or near A438,E01014009,Herefordshire 006B,Other theft,Unable to prosecute suspect,
60120ff55fbb7675e809175f4f2b685b835d4cb2f352bfcaad1b1ce5e9591df2,2015-04,West Mercia Police,West Mercia Police,-2.951788,52.166049,On or near Hopleys Green Road,E01014009,Herefordshire 006B,Other theft,Unable to prosecute suspect,
742a9b6c3c8c76bce305ed5bce71fff8330675e25fc68a65517faf30c88320ed,2015-04,West Mercia Police,West Mercia Police,-3.056111,52.126680,On or near Mill Road,E01014009,Herefordshire 006B,Violence and sexual offences,Unable to prosecute suspect,
,2015-04,West Mercia Police,West Mercia Police,-3.058038,52.187036,On or near Arrow View,E01014033,Herefordshire 006C,Anti-social behaviour,,
,2015-04,West Mercia Police,West Mercia Police,-3.020274,52.206393,On or near Sunset Row,E01014033,Herefordshire 006C,Anti-social behaviour,,
,2015-04,West Mercia Police,West Mercia Police,-3.020945,52.205668,On or near Hatton Gardens,E01014033,Herefordshire 006C,Anti-social behaviour,,
,2015-04,West Mercia Police,West Mercia Police,-3.022326,52.205890,On or near A44,E01014033,Herefordshire 006C,Anti-social behaviour,,
a49b2d7b0a2d3b566afee740e535731387897ae67750286af75fab45d7890789,2015-04,West Mercia Police,West Mercia Police,-3.022049,52.204670,On or near Elizabeth Road,E01014033,Herefordshire 006C,Burglary,Investigation complete; no suspect identified,
e92af390e514ea5368087a8354197d24f6a08e40f40692eb83ae570e8703d9ac,2015-04,West Mercia Police,West Mercia Police,-3.034941,52.216020,On or near Brandor,E01014033,Herefordshire 006C,Burglary,Investigation complete; no suspect identified,
29fd413c3c15a4cffb1d111daefb77e928b1d02857c9b698897820f32b8656fc,2015-04,West Mercia Police,West Mercia Police,-3.041752,52.201809,On or near Hergest Road,E01014033,Herefordshire 006C,Other theft,Investigation complete; no suspect identified,
4b090438e53318daae797540b2c45099039b286fb89e49818215e024a8f76120,2015-04,West Mercia Police,West Mercia Police,-3.025549,52.204145,On or near Hospital,E01014033,Herefordshire 006C,Other theft,Investigation complete; no suspect identified,
b9fc71ca461486561e4742500c3326997cbc4be2844f3958906ebedfbe9529af,2015-04,West Mercia Police,West Mercia Police,-3.031123,52.202199,On or near Markwick Close,E01014033,Herefordshire 006C,Shoplifting,Investigation complete; no suspect identified,
3ffb31623cb78d33f9534b08da89866d00cfa1be3a056adcbf63c3f9e3435721,2015-04,West Mercia Police,West Mercia Police,-3.031123,52.202199,On or near Markwick Close,E01014033,Herefordshire 006C,Shoplifting,Investigation complete; no suspect identified,
b4f938afcab617de399cb48e67b89c27b51ded210c45b3a78dfcc13bb3e34ca9,2015-04,West Mercia Police,West Mercia Police,-3.023506,52.199298,On or near Wall Hills Close,E01014033,Herefordshire 006C,Violence and sexual offences,Unable to prosecute suspect,
7661622d60a7ac951f0fa862392bdf298e39d962a7a7f87a9b3183a4245ae629,2015-04,West Mercia Police,West Mercia Police,-3.023360,52.201242,On or near Headbrook,E01014033,Herefordshire 006C,Violence and sexual offences,Unable to prosecute suspect,
249ce7fff0a4b33e2c6fb57a6ef86c9d2caaaecdd62f2442a8acf685b0d476bf,2015-04,West Mercia Police,West Mercia Police,-3.022519,52.199631,On or near Black Barn Close,E01014033,Herefordshire 006C,Other crime,Offender given community sentence,
,2015-04,West Mercia Police,West Mercia Police,-3.035917,52.201941,On or near Park Avenue,E01014034,Herefordshire 006D,Anti-social behaviour,,
,2015-04,West Mercia Police,West Mercia Police,-3.030413,52.203761,On or near Prospect Place,E01014034,Herefordshire 006D,Anti-social behaviour,,
,2015-04,West Mercia Police,West Mercia Police,-3.029106,52.204842,On or near Garden Close,E01014034,Herefordshire 006D,Anti-social behaviour,,
,2015-04,West Mercia Police,West Mercia Police,-3.032740,52.202535,On or near Mill Street,E01014034,Herefordshire 006D,Anti-social behaviour,,
,2015-04,West Mercia Police,West Mercia Police,-3.035917,52.201941,On or near Park Avenue,E01014034,Herefordshire 006D,Anti-social behaviour,,
dbcb1aad3dc311d58f6cbb0498094a0b3830542006d3efd4cd55c121e4ca1537,2015-04,West Mercia Police,West Mercia Police,-3.027570,52.204208,On or near Duke Street,E01014034,Herefordshire 006D,Other theft,Offender given community sentence,
d6fbfd97bcfbab9a1dc1ac97bf3c6c91de040e5067e1155cf132a916996a016d,2015-04,West Mercia Police,West Mercia Police,-3.029967,52.203486,On or near High Street,E01014034,Herefordshire 006D,Shoplifting,Court result unavailable,
b0b0d1b8dcdae4e6d16a9170fb5bc4f0442bf1b75181b7c3c0714aa58ea581ef,2015-04,West Mercia Police,West Mercia Police,-3.028461,52.203526,On or near Owens Yard,E01014034,Herefordshire 006D,Violence and sexual offences,Unable to prosecute suspect,
e6196fef0c9b30e9dcab77f524000bd0dc5c80350cef7cc858867a0dabacf68e,2015-04,West Mercia Police,West Mercia Police,-3.032854,52.205528,On or near Prospect Road,E01014034,Herefordshire 006D,Violence and sexual offences,Unable to prosecute suspect,
0f369e134aa0133cd7fda631efb1e05d07ddbe75b2b3c5ffc71c9ed20cd2402f,2015-04,West Mercia Police,West Mercia Police,-3.031844,52.203649,On or near Church Street,E01014034,Herefordshire 006D,Violence and sexual offences,Unable to prosecute suspect,
d462593c7ba77823c0f601c25649c211c7bc2f7ad6d8435b4f3f2fb0bd7fa8c3,2015-04,West Mercia Police,West Mercia Police,-3.025794,52.205257,On or near Gravel Hill Drive,E01014034,Herefordshire 006D,Violence and sexual offences,Unable to prosecute suspect,
5d159cd1e698e172ae923386ab0a9fe1d45ace17f2c5caa8b43e740411796af9,2015-04,West Mercia Police,West Mercia Police,-3.029106,52.204842,On or near Garden Close,E01014034,Herefordshire 006D,Violence and sexual offences,Unable to prosecute suspect,
4b66bd27f4b5821112bf672b9e6dda2a0386cd3202174719ab62d0d5e0c0aadc,2015-04,West Mercia Police,West Mercia Police,-3.035917,52.201941,On or near Park Avenue,E01014034,Herefordshire 006D,Violence and sexual offences,Unable to prosecute suspect,
1a8b1d36760f9945b5855d1c381c569ffb2366e0992587d7f57f81e215804d6c,2015-04,West Mercia Police,West Mercia Police,-2.991681,52.255744,On or near B4355,E01014056,Herefordshire 006E,Burglary,Investigation complete; no suspect identified,
c352f3463c4ef12e44c690a7acec0ef2b4593cdde74240870a7ce3a0a6e2d609,2015-04,West Mercia Police,West Mercia Police,-3.003342,52.191434,On or near Jack'S Ditch Lane,E01014056,Herefordshire 006E,Criminal damage and arson,Investigation complete; no suspect identified,
,2015-04,West Mercia Police,West Mercia Police,-2.752700,52.086418,On or near Jasmine Lane,E01014006,Herefordshire 007A,Anti-social behaviour,,
319a926f309c2fa42218fce40bc45c1b6ffc02995f6c903481c32d051ed4d65e,2015-04,West Mercia Police,West Mercia Police,-2.746255,52.096358,On or near Bewdley Bank,E01014006,Herefordshire 007A,Burglary,Investigation complete; no suspect identified,
3c9716fefac19199b1f8392d97ed6f5a5fd2cd35ca3bc0fc0eb8e40e844de43b,2015-04,West Mercia Police,West Mercia Police,-2.754632,52.077209,On or near A4103,E01014006,Herefordshire 007A,Other theft,Investigation complete; no suspect identified,
3733f0aeeb54e91ce3aee59c39887fd20284ee0ca32053b647f2183435014262,2015-04,West Mercia Police,West Mercia Police,-2.758186,52.110407,On or near A4110,E01014006,Herefordshire 007A,Vehicle crime,Investigation complete; no suspect identified,
640ece19c654cc9cdb714052e5184bc22ff10acfd010cec93570bc046a799d59,2015-04,West Mercia Police,West Mercia Police,-2.754632,52.077209,On or near A4103,E01014006,Herefordshire 007A,Violence and sexual offences,Defendant found not guilty,
,2015-04,West Mercia Police,West Mercia Police,-2.781652,52.078687,On or near A480,E01014012,Herefordshire 007B,Anti-social behaviour,,
,2015-04,West Mercia Police,West Mercia Police,-2.805076,52.083762,On or near Meadow Drive,E01014012,Herefordshire 007B,Anti-social behaviour,,
3a1ba0d60f0b290c2353b10b40e58328aa2ab9a25784b698c9f6a049390df8e8,2015-04,West Mercia Police,West Mercia Police,-2.792025,52.071991,On or near A438,E01014012,Herefordshire 007B,Other theft,Investigation complete; no suspect identified,
085cdffe5b44bcac3fbf95e9f68bff9ea2993d3c07b8a6403fd0defa566df4c2,2015-04,West Mercia Police,West Mercia Police,-2.805076,52.083762,On or near Meadow Drive,E01014012,Herefordshire 007B,Violence and sexual offences,Unable to prosecute suspect,
,2015-04,West Mercia Police,West Mercia Police,-2.807656,52.083609,On or near Mill Close,E01014013,Herefordshire 007C,Anti-social behaviour,,
,2015-04,West Mercia Police,West Mercia Police,-2.803034,52.086275,On or near Heritage Drive,E01014013,Herefordshire 007C,Anti-social behaviour,,
,2015-04,West Mercia Police,West Mercia Police,-2.808191,52.084963,On or near Halton Way,E01014013,Herefordshire 007C,Anti-social behaviour,,
,2015-04,West Mercia Police,West Mercia Police,-2.803179,52.084611,On or near Oak Road,E01014013,Herefordshire 007C,Anti-social behaviour,,
,2015-04,West Mercia Police,West Mercia Police,-2.807656,52.083609,On or near Mill Close,E01014013,Herefordshire 007C,Anti-social behaviour,,
,2015-04,West Mercia Police,West Mercia Police,-2.803034,52.086275,On or near Heritage Drive,E01014013,Herefordshire 007C,Anti-social behaviour,,
,2015-04,West Mercia Police,West Mercia Police,-2.803179,52.084611,On or near Oak Road,E01014013,Herefordshire 007C,Anti-social behaviour,,
cc11d146716ed7895ce8a7b51dee338b12ddda2b6c055bf5aa47e3ed15e5a638,2015-04,West Mercia Police,West Mercia Police,-2.801197,52.088814,On or near A480,E01014013,Herefordshire 007C,Criminal damage and arson,Investigation complete; no suspect identified,
3fdfb6a742ffe8a150bd839accb972baa028355ccf86839f0442afcb98f3e7ed,2015-04,West Mercia Police,West Mercia Police,-2.808545,52.082749,On or near Waterside,E01014013,Herefordshire 007C,Violence and sexual offences,Unable to prosecute suspect,
,2015-04,West Mercia Police,West Mercia Police,-2.869499,52.156848,On or near Burtonwood,E01014016,Herefordshire 007D,Anti-social behaviour,,
,2015-04,West Mercia Police,West Mercia Police,-2.869499,52.156848,On or near Burtonwood,E01014016,Herefordshire 007D,Anti-social behaviour,,
,2015-04,West Mercia Police,West Mercia Police,-2.871673,52.156688,On or near Chapel Orchard,E01014016,Herefordshire 007D,Anti-social behaviour,,
,2015-04,West Mercia Police,West Mercia Police,-2.871208,52.155289,On or near Castle Mead,E01014016,Herefordshire 007D,Anti-social behaviour,,
,2015-04,West Mercia Police,West Mercia Police,-2.871208,52.155289,On or near Castle Mead,E01014016,Herefordshire 007D,Anti-social behaviour,,
,2015-04,West Mercia Police,West Mercia Police,-2.872779,52.159395,On or near Unicorn Court,E01014016,Herefordshire 007D,Anti-social behaviour,,
0d8990442ea04b11a7d4519d2dd4434128183caea38d2ddfe3012c6e992e67b2,2015-04,West Mercia Police,West Mercia Police,-2.874745,52.159768,On or near Broad Street,E01014016,Herefordshire 007D,Burglary,Investigation complete; no suspect identified,
72d117a9f8fa289b0f4c08de3a42ccb90a479542dbf255dfbd6ac4352ffc83af,2015-04,West Mercia Police,West Mercia Police,-2.874745,52.159768,On or near Broad Street,E01014016,Herefordshire 007D,Burglary,Investigation complete; no suspect identified,
76a392e823c799ffe29cb25f6aa7ef2e804370092e894a05708293aa137fb4dd,2015-04,West Mercia Police,West Mercia Police,-2.874745,52.159768,On or near Broad Street,E01014016,Herefordshire 007D,Burglary,Investigation complete; no suspect identified,
bbc444adf12fea80dae4a3ebb969b9d9c0aba03535b44cfce1ce935ff4549b16,2015-04,West Mercia Police,West Mercia Police,-2.866220,52.181453,On or near Parking Area,E01014016,Herefordshire 007D,Criminal damage and arson,Investigation complete; no suspect identified,
c8202a630cafcb74774f8a0fadb60428610edc827545758f18d7b083ad5ff150,2015-04,West Mercia Police,West Mercia Police,-2.874745,52.159768,On or near Broad Street,E01014016,Herefordshire 007D,Criminal damage and arson,Investigation complete; no suspect identified,
a7b02a8989a7507c3ddc187f1e2d7facfa05094f5d70e82b6cd164d7f6bbab2c,2015-04,West Mercia Police,West Mercia Police,-2.872145,52.160632,On or near Bearcroft,E01014016,Herefordshire 007D,Criminal damage and arson,Offender fined,
5e1b0fa4b4284ae403c4943e2a64b472350778dc22d16b9affdb78a4e5a5fe21,2015-04,West Mercia Police,West Mercia Police,-2.871291,52.158049,On or near The Close,E01014016,Herefordshire 007D,Criminal damage and arson,Investigation complete; no suspect identified,
b24a2aa280fba7e7e0547bb137e84f23e27df05d5e01e0793bcf99308b7c03f4,2015-04,West Mercia Police,West Mercia Police,-2.871208,52.155289,On or near Castle Mead,E01014016,Herefordshire 007D,Violence and sexual offences,Unable to prosecute suspect,
a48bf98f8b137c0ba46d7864cf133ef5f2ff7be22f278ea25cd6f38cc918cef9,2015-04,West Mercia Police,West Mercia Police,-2.871673,52.156688,On or near Chapel Orchard,E01014016,Herefordshire 007D,Other crime,Unable to prosecute suspect,
,2015-04,West Mercia Police,West Mercia Police,-2.727086,52.149199,On or near Parking Area,E01014100,Herefordshire 007E,Anti-social behaviour,,
,2015-04,West Mercia Police,West Mercia Police,-2.784600,52.131964,On or near Meadow Drive,E01014100,Herefordshire 007E,Anti-social behaviour,,
,2015-04,West Mercia Police,West Mercia Police,-2.786572,52.136051,On or near Patrick Orchard,E01014100,Herefordshire 007E,Anti-social behaviour,,
7654b1a2d3d082f0bbbcd85cdf129653f7a3f7896980371058c1d11bd88e83fa,2015-04,West Mercia Police,West Mercia Police,-2.786572,52.136051,On or near Patrick Orchard,E01014100,Herefordshire 007E,Other theft,Investigation complete; no suspect identified,
c3a2c6e50963df0eb0ec25784f2f4615059a0315f3bbd2d30721b3278598fc94,2015-04,West Mercia Police,West Mercia Police,-2.743101,52.130570,On or near Bridge Lane,E01014100,Herefordshire 007E,Violence and sexual offences,Unable to prosecute suspect,
,2015-04,West Mercia Police,West Mercia Police,-2.806441,52.164309,On or near A4110,E01014101,Herefordshire 007F,Anti-social behaviour,,
1548e81bc01243fd6079e105ad300c9851ce2373c099d2acf4badb2119ed59d8,2015-04,West Mercia Police,West Mercia Police,-2.848531,52.083511,On or near Orchard Close,E01014101,Herefordshire 007F,Burglary,Investigation complete; no suspect identified,
0f3bd35a1f2ed90e4508dd17e0b8dfb8f8facd5533edb540549fe84238a2cd41,2015-04,West Mercia Police,West Mercia Police,-2.877732,52.079718,On or near Green Lane,E01014101,Herefordshire 007F,Burglary,Investigation complete; no suspect identified,
181f8a51c95878cb5b80928b9100ecd01bdc254ae42e239cca665434d218aad4,2015-04,West Mercia Police,West Mercia Police,-2.848531,52.083511,On or near Orchard Close,E01014101,Herefordshire 007F,Burglary,Investigation complete; no suspect identified,
f4eafc2ac756157b0931df5cf658971412e0de9a425ef16df1c3590b537202cf,2015-04,West Mercia Police,West Mercia Police,-2.823311,52.095270,On or near A480,E01014101,Herefordshire 007F,Drugs,Offender deprived of property,
763a64423a553efa3a015f2dd086e9f0b3a555f95241f2b1190aabac67dfdef2,2015-04,West Mercia Police,West Mercia Police,-2.808172,52.168622,On or near A4110,E01014101,Herefordshire 007F,Vehicle crime,Unable to prosecute suspect,
ab5ce5e341530f2045fe7189753199842c53368bcf422c2a251be8a088837940,2015-04,West Mercia Police,West Mercia Police,-2.898194,52.126388,On or near B4230,E01014101,Herefordshire 007F,Vehicle crime,Investigation complete; no suspect identified,
a0fab87c85cc90c63be2c75b7b738c946f0e69f61e088a7c5139a89581388020,2015-04,West Mercia Police,West Mercia Police,-2.808172,52.168622,On or near A4110,E01014101,Herefordshire 007F,Violence and sexual offences,Unable to prosecute suspect,
1fb5e569bc8b6b6523630b218bf4b1d2473721e1078951d765651a1795a97200,2015-04,West Mercia Police,West Mercia Police,-2.884375,52.117529,On or near A480,E01014101,Herefordshire 007F,Violence and sexual offences,Unable to prosecute suspect,
,2015-04,West Mercia Police,West Mercia Police,-2.673289,52.076569,On or near A465,E01014022,Herefordshire 008A,Anti-social behaviour,,
,2015-04,West Mercia Police,West Mercia Police,-2.660892,52.065095,On or near Orchard Court,E01014022,Herefordshire 008A,Anti-social behaviour,,
94ebb2482d758326783498d18a5d3955927a855af86125aa8e17acda11942ef3,2015-04,West Mercia Police,West Mercia Police,-2.636297,52.068134,On or near Malvern Place,E01014022,Herefordshire 008A,Violence and sexual offences,Unable to prosecute suspect,
,2015-04,West Mercia Police,West Mercia Police,-2.638348,52.084046,On or near Withies Close,E01014023,Herefordshire 008B,Anti-social behaviour,,
,2015-04,West Mercia Police,West Mercia Police,-2.639366,52.084831,On or near Farndon Rise,E01014023,Herefordshire 008B,Anti-social behaviour,,
,2015-04,West Mercia Police,West Mercia Police,-2.635790,52.082774,On or near Southbank,E01014023,Herefordshire 008B,Anti-social behaviour,,
,2015-04,West Mercia Police,West Mercia Police,-2.638348,52.084046,On or near Withies Close,E01014023,Herefordshire 008B,Anti-social behaviour,,
,2015-04,West Mercia Police,West Mercia Police,-2.635790,52.082774,On or near Southbank,E01014023,Herefordshire 008B,Anti-social behaviour,,
5b9499f9cac96417893d8bb97a6e28490a7578ef95ac107d02d4849c8969d979,2015-04,West Mercia Police,West Mercia Police,-2.635790,52.082774,On or near Southbank,E01014023,Herefordshire 008B,Criminal damage and arson,Investigation complete; no suspect identified,
d52c6e331a3d841426760bfedfeeca508f8ee83556456243f7d1dee78233f1b4,2015-04,West Mercia Police,West Mercia Police,-2.638348,52.084046,On or near Withies Close,E01014023,Herefordshire 008B,Public order,Unable to prosecute suspect,
05f4e531f714b7fe5db3bf9ef8d066ed95be10e281a53d7114cd078d29bb87b7,2015-04,West Mercia Police,West Mercia Police,-2.635790,52.082774,On or near Southbank,E01014023,Herefordshire 008B,Public order,Unable to prosecute suspect,
69b58beceecc57c82d01e1c58b76d024ff7237c08ad4b1e49ce595b200a0c9b8,2015-04,West Mercia Police,West Mercia Police,-2.639366,52.084831,On or near Farndon Rise,E01014023,Herefordshire 008B,Violence and sexual offences,Unable to prosecute suspect,
09198bf9c82c4d6932f8c1a74a9611f97f4b32011ce8808866bd551f5b9777aa,2015-04,West Mercia Police,West Mercia Police,-2.639498,52.083869,On or near Hillview Avenue,E01014023,Herefordshire 008B,Other crime,Court result unavailable,
,2015-04,West Mercia Police,West Mercia Police,-2.683162,52.107737,On or near Fieldway,E01014081,Herefordshire 008C,Anti-social behaviour,,
,2015-04,West Mercia Police,West Mercia Police,-2.683162,52.107737,On or near Fieldway,E01014081,Herefordshire 008C,Anti-social behaviour,,
021883b4ad9487d1e624c492099900e5ec9747a21ab21027beb53f82048ae428,2015-04,West Mercia Police,West Mercia Police,-2.683206,52.108716,On or near Orchard Close,E01014081,Herefordshire 008C,Other theft,Investigation complete; no suspect identified,
35183d5e8a123eba33bd7b09647125b054b7249aa890bc678ea42dc4ca650222,2015-04,West Mercia Police,West Mercia Police,-2.672204,52.122796,On or near Sports/Recreation Area,E01014081,Herefordshire 008C,Other theft,Investigation complete; no suspect identified,
,2015-04,West Mercia Police,West Mercia Police,-2.724792,52.107830,On or near Cedar Close,E01014082,Herefordshire 008D,Anti-social behaviour,,
,2015-04,West Mercia Police,West Mercia Police,-2.722924,52.108758,On or near St Peters Close,E01014082,Herefordshire 008D,Anti-social behaviour,,
,2015-04,West Mercia Police,West Mercia Police,-2.722924,52.108758,On or near St Peters Close,E01014082,Herefordshire 008D,Anti-social behaviour,,
,2015-04,West Mercia Police,West Mercia Police,-2.722924,52.108758,On or near St Peters Close,E01014082,Herefordshire 008D,Anti-social behaviour,,
7d4d17d5510f563c1934d770258678d06bc7b29cba7d88ce84b21f141a2b94e4,2015-04,West Mercia Police,West Mercia Police,-2.691728,52.126261,On or near Springfield Close,E01014082,Herefordshire 008D,Burglary,Investigation complete; no suspect identified,
892e52a0981c47fc9e655c5768d223c2a6752a3e2ae32759785b9449498e4761,2015-04,West Mercia Police,West Mercia Police,-2.730110,52.109784,On or near A49,E01014082,Herefordshire 008D,Vehicle crime,Investigation complete; no suspect identified,
c0837ce92cdcaf051a5ddb5d62349293e6a3583d4ccba9d154b4dcab1396c02a,2015-04,West Mercia Police,West Mercia Police,-2.724792,52.107830,On or near Cedar Close,E01014082,Herefordshire 008D,Violence and sexual offences,Unable to prosecute suspect,
c6fed33dea4d8b2e392c4bbc716b158cafb35f16ae1f005bc1b9c2303823f5ff,2015-04,West Mercia Police,West Mercia Police,-2.698765,52.124170,On or near White House Close,E01014082,Herefordshire 008D,Violence and sexual offences,Unable to prosecute suspect,
af6773e042efaaad4a2380d8169ca712e3d9f90bf76e9ac9cc82a4b00813fb3b,2015-04,West Mercia Police,West Mercia Police,-2.691728,52.126261,On or near Springfield Close,E01014082,Herefordshire 008D,Violence and sexual offences,Court result unavailable,
dc1396a157f847ac05608443923af121be0559b35d505c2664b14720342e82b7,2015-04,West Mercia Police,West Mercia Police,-2.698514,52.125889,On or near Ash Close,E01014082,Herefordshire 008D,Violence and sexual offences,Unable to prosecute suspect,
,2015-04,West Mercia Police,West Mercia Police,-2.440118,52.088010,On or near Forge Bank,E01014027,Herefordshire 009A,Anti-social behaviour,,
,2015-04,West Mercia Police,West Mercia Police,-2.441663,52.087779,On or near Upper Court Road,E01014027,Herefordshire 009A,Anti-social behaviour,,
b5e65ca583a36ef8e5e44c03d15d18c82b7c55f8072514a0255ed9b42e41ae4f,2015-04,West Mercia Police,West Mercia Police,-2.441663,52.087779,On or near Upper Court Road,E01014027,Herefordshire 009A,Burglary,Investigation complete; no suspect identified,
5d745138ff2aed580b2a02d084ea765763c7d31cae2518f852738c865c41ab21,2015-04,West Mercia Police,West Mercia Police,-2.441663,52.087779,On or near Upper Court Road,E01014027,Herefordshire 009A,Vehicle crime,Investigation complete; no suspect identified,
,2015-04,West Mercia Police,West Mercia Police,-2.421088,52.128420,On or near Wells Lane,E01014028,Herefordshire 009B,Anti-social behaviour,,
,2015-04,West Mercia Police,West Mercia Police,-2.419011,52.118852,On or near Tanhouse Lane,E01014028,Herefordshire 009B,Anti-social behaviour,,
,2015-04,West Mercia Police,West Mercia Police,-2.421088,52.128420,On or near Wells Lane,E01014028,Herefordshire 009B,Anti-social behaviour,,
,2015-04,West Mercia Police,West Mercia Police,-2.419011,52.118852,On or near Tanhouse Lane,E01014028,Herefordshire 009B,Anti-social behaviour,,
,2015-04,West Mercia Police,West Mercia Police,-2.409613,52.108519,On or near B4220,E01014028,Herefordshire 009B,Anti-social behaviour,,
07ee39f28d55ffff68d8fa3e3ceeb3192298fa71d04e275b90dfcaad112d3899,2015-04,West Mercia Police,West Mercia Police,-2.421088,52.128420,On or near Wells Lane,E01014028,Herefordshire 009B,Burglary,Investigation complete; no suspect identified,
242415497ff86a22dd978f55849f25549de1735b66d57594b47bf71d4475d52e,2015-04,West Mercia Police,West Mercia Police,-2.409266,52.128057,On or near Coombe Lane,E01014028,Herefordshire 009B,Burglary,Investigation complete; no suspect identified,
d3e07fac06d7f1180e2e07553fa97f7ae78833b4553229de070e58d0a8dc10fc,2015-04,West Mercia Police,West Mercia Police,-2.339037,52.092201,On or near Beacon Road,E01014028,Herefordshire 009B,Public order,Offender given a caution,
,2015-04,West Mercia Police,West Mercia Police,-2.358170,52.080996,On or near Silver Street,E01014029,Herefordshire 009C,Anti-social behaviour,,
,2015-04,West Mercia Police,West Mercia Police,-2.358594,52.079277,On or near Parkside,E01014029,Herefordshire 009C,Anti-social behaviour,,
,2015-04,West Mercia Police,West Mercia Police,-2.357621,52.079838,On or near Lockyear Close,E01014029,Herefordshire 009C,Anti-social behaviour,,
31180b300520fb16c1a602bd88f05796fb02472d5e5390796b5017e09147945c,2015-04,West Mercia Police,West Mercia Police,-2.358594,52.079277,On or near Parkside,E01014029,Herefordshire 009C,Criminal damage and arson,Unable to prosecute suspect,
ccd0c2ed2db89c6d8b43375db78d7c3f4747f4d8021e5b02c05c9bbdce19f8e1,2015-04,West Mercia Police,West Mercia Police,-2.343036,52.063680,On or near Parking Area,E01014029,Herefordshire 009C,Criminal damage and arson,Investigation complete; no suspect identified,
6d069e0013d8cd9cd02bca6d5d3d837c605870cae083dd3ab63db079a6ed4f19,2015-04,West Mercia Police,West Mercia Police,-2.382017,52.072775,On or near Flapgate Lane,E01014029,Herefordshire 009C,Other theft,Investigation complete; no suspect identified,
79cfe76352d7f182a87d128f4b2e39843a11d0d8f4fc84bc53bea002fed1cca1,2015-04,West Mercia Police,West Mercia Police,-2.358594,52.079277,On or near Parkside,E01014029,Herefordshire 009C,Violence and sexual offences,Unable to prosecute suspect,
,2015-04,West Mercia Police,West Mercia Police,-2.381184,52.125607,On or near Vinesend Lane,E01014030,Herefordshire 009D,Anti-social behaviour,,
,2015-04,West Mercia Police,West Mercia Police,-2.363928,52.133978,On or near B4219,E01014030,Herefordshire 009D,Anti-social behaviour,,
,2015-04,West Mercia Police,West Mercia Police,-2.390352,52.128346,On or near Sports/Recreation Area,E01014030,Herefordshire 009D,Anti-social behaviour,,
,2015-04,West Mercia Police,West Mercia Police,-2.381184,52.125607,On or near Vinesend Lane,E01014030,Herefordshire 009D,Anti-social behaviour,,
,2015-04,West Mercia Police,West Mercia Police,-2.404326,52.118014,On or near Pixiefields,E01014030,Herefordshire 009D,Anti-social behaviour,,
2b0a0c20cde2008319a48b1c63f2c5ccf181bb046cce8e5c1ebc56bd979fb149,2015-04,West Mercia Police,West Mercia Police,-2.399980,52.122056,On or near Sports/Recreation Area,E01014030,Herefordshire 009D,Burglary,Investigation complete; no suspect identified,
0cb1d28f50ab551224998237d5a6d3c04ea37767d339d5e1320cf18fce136e2b,2015-04,West Mercia Police,West Mercia Police,-2.400247,52.117560,On or near Sycamore Close,E01014030,Herefordshire 009D,Vehicle crime,Investigation complete; no suspect identified,
71d70db9de5502c277425085794516e6daf026f12eaa85db1f5d277096bbc860,2015-04,West Mercia Police,West Mercia Police,-2.399712,52.119800,On or near Fincher'S Corner,E01014030,Herefordshire 009D,Vehicle crime,Investigation complete; no suspect identified,
8b50a000ca6c1abd31128840dda9ec455e5a67e1d68978b0502a8cd56a5a5c05,2015-04,West Mercia Police,West Mercia Police,-2.401167,52.117539,On or near Oaklands,E01014030,Herefordshire 009D,Vehicle crime,Investigation complete; no suspect identified,
9330b8bbfa2cfa35aade25bcfc6f31e395b611f5f159a8372f46a1db8f44d094,2015-04,West Mercia Police,West Mercia Police,-2.402051,52.118444,On or near Credenleigh,E01014030,Herefordshire 009D,Vehicle crime,Investigation complete; no suspect identified,
12d958b6e649317da9ea830275a3d67f8b824ba29154fb4d6c8603778315fc24,2015-04,West Mercia Police,West Mercia Police,-2.402051,52.118444,On or near Credenleigh,E01014030,Herefordshire 009D,Vehicle crime,Investigation complete; no suspect identified,
22c5690e99c27561a8b4413deb880e5836c8379a09d6895ff4e043fb5f1fd88f,2015-04,West Mercia Police,West Mercia Police,-2.381184,52.125607,On or near Vinesend Lane,E01014030,Herefordshire 009D,Violence and sexual offences,Local resolution,
,2015-04,West Mercia Police,West Mercia Police,-2.750872,52.065338,On or near Quantock Close,E01014083,Herefordshire 010A,Anti-social behaviour,,
,2015-04,West Mercia Police,West Mercia Police,-2.754504,52.070502,On or near Huntington Lane,E01014083,Herefordshire 010A,Anti-social behaviour,,
,2015-04,West Mercia Police,West Mercia Police,-2.752814,52.065460,On or near Cheviot Close,E01014083,Herefordshire 010A,Anti-social behaviour,,
59c033afd10596559b220c73b6775b1adcc035417cd056d2a166977292ae3be9,2015-04,West Mercia Police,West Mercia Police,-2.773799,52.070107,On or near A480,E01014083,Herefordshire 010A,Other theft,Investigation complete; no suspect identified,
c5c1b0bde9e9bea5da827a04e56b80679187d1f0fa687d159d936546aa83aae2,2015-04,West Mercia Police,West Mercia Police,-2.746472,52.067434,On or near Bonington Drive,E01014083,Herefordshire 010A,Violence and sexual offences,Investigation complete; no suspect identified,
,2015-04,West Mercia Police,West Mercia Police,-2.722407,52.061443,On or near Macmillan Close,E01014084,Herefordshire 010B,Anti-social behaviour,,
,2015-04,West Mercia Police,West Mercia Police,-2.732040,52.066230,On or near Red Barn Drive,E01014084,Herefordshire 010B,Anti-social behaviour,,
,2015-04,West Mercia Police,West Mercia Police,-2.732040,52.066230,On or near Red Barn Drive,E01014084,Herefordshire 010B,Anti-social behaviour,,
,2015-04,West Mercia Police,West Mercia Police,-2.732166,52.059719,On or near Vowles Close,E01014084,Herefordshire 010B,Anti-social behaviour,,
,2015-04,West Mercia Police,West Mercia Police,-2.720010,52.068390,On or near Perseverance Road,E01014084,Herefordshire 010B,Anti-social behaviour,,
,2015-04,West Mercia Police,West Mercia Police,-2.725912,52.058976,On or near Greenland Road,E01014084,Herefordshire 010B,Anti-social behaviour,,
,2015-04,West Mercia Police,West Mercia Police,-2.727720,52.066139,On or near Faraday Road,E01014084,Herefordshire 010B,Anti-social behaviour,,
,2015-04,West Mercia Police,West Mercia Police,-2.718976,52.066697,On or near Mortimer Road,E01014084,Herefordshire 010B,Anti-social behaviour,,
80bacc6a560e77f6dc7e2f68ba34920d3880b5493e46c094630a73d4a72714a1,2015-04,West Mercia Police,West Mercia Police,-2.727490,52.060063,On or near Plough Lane,E01014084,Herefordshire 010B,Burglary,Investigation complete; no suspect identified,
01ce1c0dce24753828cff77c3c83eb93ce041d52cdf96580a2de61027f18c603,2015-04,West Mercia Police,West Mercia Police,-2.725912,52.058976,On or near Greenland Road,E01014084,Herefordshire 010B,Criminal damage and arson,Unable to prosecute suspect,
e2ccde0ff7d58c4e37d2c36a3bd8887c6a40d9c81686ba7fd9d9ebd71928c952,2015-04,West Mercia Police,West Mercia Police,-2.712023,52.071585,On or near Old School Lane,E01014084,Herefordshire 010B,Other theft,Investigation complete; no suspect identified,
07b89394acc4eb061dfb3931accddc0dfd46d61125eec5a94fd0f631c7624d27,2015-04,West Mercia Police,West Mercia Police,-2.722291,52.070497,On or near Holmer Road,E01014084,Herefordshire 010B,Other theft,Investigation complete; no suspect identified,
0b8a0d84d7b02e97b8b5b132bcea901554382eac73539a9ff41eed76f2813adb,2015-04,West Mercia Police,West Mercia Police,-2.722291,52.070497,On or near Holmer Road,E01014084,Herefordshire 010B,Shoplifting,Investigation complete; no suspect identified,
35e5412d717ce15d27efb36ae9bd19c80e24e9bf18ef0a064b80b828c6128904,2015-04,West Mercia Police,West Mercia Police,-2.722508,52.067718,On or near Petrol Station,E01014084,Herefordshire 010B,Shoplifting,Offender fined,
c2da0a72adb4912520fce12fa001cdec7eabbdcd33572b9c6c531d3f0fa8592f,2015-04,West Mercia Police,West Mercia Police,-2.720010,52.068390,On or near Perseverance Road,E01014084,Herefordshire 010B,Shoplifting,Investigation complete; no suspect identified,
ab58c09ccc3dcb86ef895764facad99159b23efe8dd4210f17b91a9f964e6b95,2015-04,West Mercia Police,West Mercia Police,-2.722508,52.067718,On or near Petrol Station,E01014084,Herefordshire 010B,Shoplifting,Investigation complete; no suspect identified,
a6f34dcde3bb53cb508b7ced24a61bf4c029fc64d332633c97c5abb3764ba415,2015-04,West Mercia Police,West Mercia Police,-2.728853,52.060495,On or near Harrow Road,E01014084,Herefordshire 010B,Shoplifting,Investigation complete; no suspect identified,
f31c91e021661af7c348f447ab0179f09dee0fa2afb292057581cd9acb522943,2015-04,West Mercia Police,West Mercia Police,-2.712844,52.074619,On or near Roman Road,E01014084,Herefordshire 010B,Vehicle crime,Investigation complete; no suspect identified,
8b5185e9b594a6b05b546edc3a2fac0666a32461fd6852b4281f0c5c4978e901,2015-04,West Mercia Police,West Mercia Police,-2.732040,52.066230,On or near Red Barn Drive,E01014084,Herefordshire 010B,Violence and sexual offences,Unable to prosecute suspect,
f2a4a396a4c89cf20bcc4a6be0cd646dd9fba1b7118b3ae9b79cfa2f8a6e1c0e,2015-04,West Mercia Police,West Mercia Police,-2.722508,52.067718,On or near Petrol Station,E01014084,Herefordshire 010B,Violence and sexual offences,Unable to prosecute suspect,
456d4bed7f2f450420db3e4476cc19ea92d60ac35691d5c963d1d84d3410df30,2015-04,West Mercia Police,West Mercia Police,-2.725912,52.058976,On or near Greenland Road,E01014084,Herefordshire 010B,Violence and sexual offences,Unable to prosecute suspect,
9506a505a744747b3d22352b0cc1e85d33c59a83a0fa93c94d6678eb8bef1d5c,2015-04,West Mercia Police,West Mercia Police,-2.727920,52.058730,On or near Petrol Station,E01014084,Herefordshire 010B,Violence and sexual offences,Unable to prosecute suspect,
7a8d4a1cfd8189ede0950eec5336338339df373ad38d32c1b5de5e7164b8861f,2015-04,West Mercia Police,West Mercia Police,-2.724274,52.065936,On or near Armadale Close,E01014084,Herefordshire 010B,Violence and sexual offences,Unable to prosecute suspect,
9cc82d6fb60e348ee97806f3f19cfe3ba65c36cd393ae8bb338c0bdf6a4c6dc6,2015-04,West Mercia Police,West Mercia Police,-2.726395,52.059126,On or near Mostyn Street,E01014084,Herefordshire 010B,Violence and sexual offences,Unable to prosecute suspect,
f4077093fc983a9caf91a3847a4721795e9d6c899a66edbc73f323922bb532e5,2015-04,West Mercia Police,West Mercia Police,-2.724274,52.065936,On or near Armadale Close,E01014084,Herefordshire 010B,Violence and sexual offences,Unable to prosecute suspect,
28deeedb3fb3a1a643ebaee5abea98b3197e5d4f891e8e6c6e84f8481b1ca59b,2015-04,West Mercia Police,West Mercia Police,-2.712023,52.071585,On or near Old School Lane,E01014084,Herefordshire 010B,Violence and sexual offences,Unable to prosecute suspect,
,2015-04,West Mercia Police,West Mercia Police,-2.741738,52.066061,On or near Moor Farm Lane,E01014085,Herefordshire 010C,Anti-social behaviour,,
,2015-04,West Mercia Police,West Mercia Police,-2.733654,52.060582,On or near Baggallay Street,E01014085,Herefordshire 010C,Anti-social behaviour,,
,2015-04,West Mercia Police,West Mercia Police,-2.740039,52.064804,On or near Sheridan Road,E01014085,Herefordshire 010C,Anti-social behaviour,,
,2015-04,West Mercia Police,West Mercia Police,-2.733654,52.060582,On or near Baggallay Street,E01014085,Herefordshire 010C,Anti-social behaviour,,
9781b15f98628b2187992809418092061acc64e3ed42129a6fff18f7e39faebb,2015-04,West Mercia Police,West Mercia Police,-2.738781,52.061917,On or near Bishopstone Road,E01014085,Herefordshire 010C,Criminal damage and arson,Investigation complete; no suspect identified,
801629cf2101d5374452ed23cb2d8a743526bdad4d8fa339b373a1295dfe281d,2015-04,West Mercia Police,West Mercia Police,-2.733654,52.060582,On or near Baggallay Street,E01014085,Herefordshire 010C,Criminal damage and arson,Offender given community sentence,
6d85d2ebdeaa64576a9912fc2e5e124ed2339604a910c802d2a4143c2570e07a,2015-04,West Mercia Police,West Mercia Police,-2.733654,52.060582,On or near Baggallay Street,E01014085,Herefordshire 010C,Criminal damage and arson,Unable to prosecute suspect,
05f33b55af6f6a0cf97b208df13e81ccce15e2814cbc6c2de9d3e563482bcc60,2015-04,West Mercia Police,West Mercia Police,-2.739903,52.067124,On or near Welford Green,E01014085,Herefordshire 010C,Other theft,Unable to prosecute suspect,
c17308057ca85c312d9563fed9b7566344a6c32a92e671521c42de7fd02c30ec,2015-04,West Mercia Police,West Mercia Police,-2.739109,52.061447,On or near White Cross Road,E01014085,Herefordshire 010C,Possession of weapons,Under investigation,
aadcdbeae73f71943033b88b2c19e7b14e527616dcd3010c96602f93db2ccd88,2015-04,West Mercia Police,West Mercia Police,-2.733654,52.060582,On or near Baggallay Street,E01014085,Herefordshire 010C,Vehicle crime,Investigation complete; no suspect identified,
a3a78ff802d2dbe2eb2d4add92476c195f0ac2abcda09052d5c98e6b02b001db,2015-04,West Mercia Police,West Mercia Police,-2.740039,52.064804,On or near Sheridan Road,E01014085,Herefordshire 010C,Violence and sexual offences,Unable to prosecute suspect,
fc190932adbdfc931a87fe1552ec9b81d473d7f93d415b6a34409ab0544d2b18,2015-04,West Mercia Police,West Mercia Police,-2.739341,52.064053,On or near Barklie Mead,E01014085,Herefordshire 010C,Other crime,Unable to prosecute suspect,
c09305147819f4e20869078a9aa47cc950d113125e89b8a44e23a405f809ecbe,2015-04,West Mercia Police,West Mercia Police,-2.739109,52.061447,On or near White Cross Road,E01014085,Herefordshire 010C,Other crime,Under investigation,
,2015-04,West Mercia Police,West Mercia Police,-2.742081,52.071813,On or near Cumberland Place,E01014087,Herefordshire 010D,Anti-social behaviour,,
,2015-04,West Mercia Police,West Mercia Police,-2.746758,52.075802,On or near The Leeway,E01014087,Herefordshire 010D,Anti-social behaviour,,
,2015-04,West Mercia Police,West Mercia Police,-2.746758,52.075802,On or near The Leeway,E01014087,Herefordshire 010D,Anti-social behaviour,,
,2015-04,West Mercia Police,West Mercia Police,-2.746758,52.075802,On or near The Leeway,E01014087,Herefordshire 010D,Anti-social behaviour,,
,2015-04,West Mercia Police,West Mercia Police,-2.739353,52.071848,On or near Haydock Avenue,E01014087,Herefordshire 010D,Anti-social behaviour,,
1ebc27172daf49e23c4c8c29cf81383db110e4f29f855bee6cb411fa1dcfa770,2015-04,West Mercia Police,West Mercia Police,-2.743081,52.074045,On or near Supermarket,E01014087,Herefordshire 010D,Shoplifting,Offender given conditional discharge,
66c6ec0f6f4b1371fa55a675d201a0aec8baf28b503c530e8cb13b6ab2755b55,2015-04,West Mercia Police,West Mercia Police,-2.743081,52.074045,On or near Supermarket,E01014087,Herefordshire 010D,Shoplifting,Investigation complete; no suspect identified,
,2015-04,West Mercia Police,West Mercia Police,-2.726016,52.075294,On or near Stroucken Way,E01014088,Herefordshire 010E,Anti-social behaviour,,
,2015-04,West Mercia Police,West Mercia Police,-2.735216,52.071361,On or near Mcmahon Close,E01014088,Herefordshire 010E,Anti-social behaviour,,
,2015-04,West Mercia Police,West Mercia Police,-2.726016,52.075294,On or near Stroucken Way,E01014088,Herefordshire 010E,Anti-social behaviour,,
,2015-04,West Mercia Police,West Mercia Police,-2.726016,52.075294,On or near Stroucken Way,E01014088,Herefordshire 010E,Anti-social behaviour,,
ff38611b06860fcd9c6ab68aede7af0a5cb7197d49bf6514cd3b96aad44ba56a,2015-04,West Mercia Police,West Mercia Police,-2.726016,52.075294,On or near Stroucken Way,E01014088,Herefordshire 010E,Criminal damage and arson,Offender given community sentence,
8af535efa8c19db87c839355396f8bfbefc67ec3f905e4b10e8be45744c835b9,2015-04,West Mercia Police,West Mercia Police,-2.735216,52.071361,On or near Mcmahon Close,E01014088,Herefordshire 010E,Other theft,Unable to prosecute suspect,
db76e4e34aaa43d342ebe67f361977f5709fa2e687dc95b23acba6036a392fdd,2015-04,West Mercia Police,West Mercia Police,-2.738576,52.075153,On or near Kempton Avenue,E01014088,Herefordshire 010E,Other theft,Investigation complete; no suspect identified,
bbe53612ce988be3d7645f3a6e228fc2d90c739795da44bb3ee0064a4e46659b,2015-04,West Mercia Police,West Mercia Police,-2.740277,52.074755,On or near Brighton Grove,E01014088,Herefordshire 010E,Violence and sexual offences,Local resolution,
3b70c3e29feb39d4ac046532435e5e93a7ae8c92cb6dc836d694bf1ede16916d,2015-04,West Mercia Police,West Mercia Police,-2.740277,52.074755,On or near Brighton Grove,E01014088,Herefordshire 010E,Violence and sexual offences,Local resolution,
675f19546582546e3507ccf940c73c89a5b7304b8cdcaa2bf40203146e5e2c2c,2015-04,West Mercia Police,West Mercia Police,-2.735216,52.071361,On or near Mcmahon Close,E01014088,Herefordshire 010E,Violence and sexual offences,Offender sent to prison,
f4ef77981a72e325c7bd957e364719c4a2687620db6eaafa17dab83c14bab86f,2015-04,West Mercia Police,West Mercia Police,-2.740277,52.074755,On or near Brighton Grove,E01014088,Herefordshire 010E,Violence and sexual offences,Unable to prosecute suspect,
acfee5ef3534a95d985aee420f7d7b53533c4a83293635c02792276e3f2180ae,2015-04,West Mercia Police,West Mercia Police,-2.726016,52.075294,On or near Stroucken Way,E01014088,Herefordshire 010E,Violence and sexual offences,Unable to prosecute suspect,
8444d21ae28c936230f0ea08134145b6b2b3e6f10604a1896f1107fae6b6ecd0,2015-04,West Mercia Police,West Mercia Police,-2.741566,52.067168,On or near Barricombe Drive,E01014089,Herefordshire 010F,Criminal damage and arson,Investigation complete; no suspect identified,
d40fb8e569078952e8a3e01045f59e3bdbe6aa10ee9cfd07d99c8c40ef79dc27,2015-04,West Mercia Police,West Mercia Police,-2.735376,52.068654,On or near Grandstand Road,E01014089,Herefordshire 010F,Shoplifting,Investigation complete; no suspect identified,
77fe2b56b6b4b6da059ad7ffd2b9b16e825d992358396e0083cf6136bbdc3867,2015-04,West Mercia Police,West Mercia Police,-2.735376,52.068654,On or near Grandstand Road,E01014089,Herefordshire 010F,Shoplifting,Offender otherwise dealt with,
513e5c8d7cbaa528b82cab64f1e9f87b41b81f732b634d130ffe5abcf4673d4a,2015-04,West Mercia Police,West Mercia Police,-2.737615,52.069935,On or near Percival Street,E01014089,Herefordshire 010F,Violence and sexual offences,Unable to prosecute suspect,
740d6fac03acbe69f40b434a6fbb0470c3b5f23c69c2ab057c4f5e73cd2b56e7,2015-04,West Mercia Police,West Mercia Police,-2.735155,52.067649,On or near Ambleside Drive,E01014089,Herefordshire 010F,Violence and sexual offences,Local resolution,
12310783de7ae82359262f17e954ec6b5200a7c6300448929bb298d7aacd4aa2,2015-04,West Mercia Police,West Mercia Police,-2.741566,52.067168,On or near Barricombe Drive,E01014089,Herefordshire 010F,Violence and sexual offences,Unable to prosecute suspect,
,2015-04,West Mercia Police,West Mercia Police,-2.700301,52.073076,On or near Staniers Way,E01013987,Herefordshire 011A,Anti-social behaviour,,
,2015-04,West Mercia Police,West Mercia Police,-2.704796,52.066665,On or near St Barnabas Close,E01013987,Herefordshire 011A,Anti-social behaviour,,
ad74213b87a31eccef672bb298fc74402e487ad9d4d6142513b2615af7d818f5,2015-04,West Mercia Police,West Mercia Police,-2.703768,52.068101,On or near Campbell Road,E01013987,Herefordshire 011A,Burglary,Investigation complete; no suspect identified,
4d4dae107ca5c386df99998b1fb361744384b779578274d1b7d04e61a9bf5c02,2015-04,West Mercia Police,West Mercia Police,-2.698388,52.066398,On or near Cypress Gardens,E01013987,Herefordshire 011A,Criminal damage and arson,Investigation complete; no suspect identified,
0ae6755679eb9bd755d326f00086faac7a4654cc7db818741143c4c0e9f08f77,2015-04,West Mercia Police,West Mercia Police,-2.699729,52.067244,On or near Lugg View Close,E01013987,Herefordshire 011A,Drugs,Offender given a caution,
4fc4844109b2490bf3ae93200764653dec5a8174790e60a1f53182e9e7220ab8,2015-04,West Mercia Police,West Mercia Police,-2.700301,52.073076,On or near Staniers Way,E01013987,Herefordshire 011A,Drugs,Offender given community sentence,
666663463454fb63a7777db2046801af14ff9698a33430657beff6cc0178ae7d,2015-04,West Mercia Police,West Mercia Police,-2.702241,52.064667,On or near Churchill Close,E01013987,Herefordshire 011A,Other theft,Investigation complete; no suspect identified,
ec93d63309abcb061ffa42ab65a58aef788a19a86817f661b976329889aac717,2015-04,West Mercia Police,West Mercia Police,-2.704072,52.067020,On or near Helensdale Close,E01013987,Herefordshire 011A,Other theft,Investigation complete; no suspect identified,
625ab91bea2cbbe245fcc7f71d0412b8c71da781d6e6e23e9e1c7c28817386cd,2015-04,West Mercia Police,West Mercia Police,-2.700301,52.073076,On or near Staniers Way,E01013987,Herefordshire 011A,Other theft,Investigation complete; no suspect identified,
9c7313f1c54eade6644659a8dae86ca3810ba5b5385fe04b9e5a8b9c6ef8ac7c,2015-04,West Mercia Police,West Mercia Police,-2.700301,52.073076,On or near Staniers Way,E01013987,Herefordshire 011A,Other theft,Investigation complete; no suspect identified,
813bc117c7428c7b0330781bdfe977ef807a5a5978319dee88f89b8ef4ef61ac,2015-04,West Mercia Police,West Mercia Police,-2.702755,52.071389,On or near Wellbrook Close,E01013987,Herefordshire 011A,Violence and sexual offences,Court result unavailable,
f27b82cf5361150424bce2df1ecca8355a8647db5c757d5758db4492c3610c46,2015-04,West Mercia Police,West Mercia Police,-2.703768,52.068101,On or near Campbell Road,E01013987,Herefordshire 011A,Violence and sexual offences,Unable to prosecute suspect,
1fe6a1e8b38c1a19ad1b59af210a02e3cb214c634d7f0caacf1637c22ddf5ea9,2015-04,West Mercia Police,West Mercia Police,-2.703768,52.068101,On or near Campbell Road,E01013987,Herefordshire 011A,Violence and sexual offences,Unable to prosecute suspect,
,2015-04,West Mercia Police,West Mercia Police,-2.696976,52.060059,On or near Folly Lane,E01013988,Herefordshire 011B,Anti-social behaviour,,
,2015-04,West Mercia Police,West Mercia Police,-2.698129,52.061940,On or near Further/Higher Educational Building,E01013988,Herefordshire 011B,Anti-social behaviour,,
ae94f606909839b7653d1c9eb290b425bef6ddcf9d796127e1ff70ff52b50772,2015-04,West Mercia Police,West Mercia Police,-2.702726,52.057462,On or near Blenheim Close,E01013988,Herefordshire 011B,Burglary,Investigation complete; no suspect identified,
eec57eeba21a5f08c2ef4841ae165e905ff5fdb4441b39fb584a0c1fc7a4dff6,2015-04,West Mercia Police,West Mercia Police,-2.704161,52.061517,On or near Bus/Coach Station,E01013988,Herefordshire 011B,Drugs,Offender given a caution,
13dccc90546fbcec2629019fc2f1a1c9139414106c16e27a5ffc396907e84c39,2015-04,West Mercia Police,West Mercia Police,-2.700675,52.059695,On or near Southbank Road,E01013988,Herefordshire 011B,Violence and sexual offences,Unable to prosecute suspect,
d2ec9552662c9ea2d55f299fa1c84546c0939e80df3c037ac0e898f1f901057b,2015-04,West Mercia Police,West Mercia Police,-2.696976,52.060059,On or near Folly Lane,E01013988,Herefordshire 011B,Violence and sexual offences,Local resolution,
,2015-04,West Mercia Police,West Mercia Police,-2.713154,52.080299,On or near Coldwells Road,E01014007,Herefordshire 011C,Anti-social behaviour,,
,2015-04,West Mercia Police,West Mercia Police,-2.721916,52.075292,On or near Roman Road,E01014007,Herefordshire 011C,Anti-social behaviour,,
,2015-04,West Mercia Police,West Mercia Police,-2.715309,52.075440,On or near Gleneagles Road,E01014007,Herefordshire 011C,Anti-social behaviour,,
,2015-04,West Mercia Police,West Mercia Police,-2.721916,52.075292,On or near Roman Road,E01014007,Herefordshire 011C,Anti-social behaviour,,
608555bfdf7faf43bd016e76819b49b71720be0451ccfd7b4df38da5f635cdfa,2015-04,West Mercia Police,West Mercia Police,-2.725298,52.076017,On or near Orchard Close,E01014007,Herefordshire 011C,Other theft,Investigation complete; no suspect identified,
fcee24881303b6d9a8d35be792ec6ea2a2f971b40a7e1eb4f48aa553739d447d,2015-04,West Mercia Police,West Mercia Police,-2.721916,52.075292,On or near Roman Road,E01014007,Herefordshire 011C,Shoplifting,Investigation complete; no suspect identified,
0c5260ef14c289a2c7c77f7656dcffb2cf9dbd18007aa6046e8620783d2236ea,2015-04,West Mercia Police,West Mercia Police,-2.721916,52.075292,On or near Roman Road,E01014007,Herefordshire 011C,Shoplifting,Investigation complete; no suspect identified,
71b7b5cc5bf0907ff2547a63ba7717936c0211d216fcb09815ddb934ad7cd280,2015-04,West Mercia Police,West Mercia Police,-2.725298,52.076017,On or near Orchard Close,E01014007,Herefordshire 011C,Violence and sexual offences,Unable to prosecute suspect,
97fa658749260b0f49c2f202adce741a4c9b1adedad6d4426fb3f1b5dd0fd825,2015-04,West Mercia Police,West Mercia Police,-2.722388,52.078319,On or near A49,E01014007,Herefordshire 011C,Violence and sexual offences,Investigation complete; no suspect identified,
,2015-04,West Mercia Police,West Mercia Police,-2.692057,52.062623,On or near Eastnor Drive,E01014095,Herefordshire 011D,Anti-social behaviour,,
f498d36c8054278916dee4094f07e7fdb91b2f2786f5bff6c4087bdf6c0d08c3,2015-04,West Mercia Police,West Mercia Police,-2.693960,52.061218,On or near Pigott Close,E01014095,Herefordshire 011D,Violence and sexual offences,Unable to prosecute suspect,
01a7c42fb98b42918ffe02c78baa68b0ad571daf91cb647445efbc0bc8199365,2015-04,West Mercia Police,West Mercia Police,-2.689528,52.062305,On or near Garnstone Rise,E01014095,Herefordshire 011D,Violence and sexual offences,Offender given community sentence,
,2015-04,West Mercia Police,West Mercia Police,-2.707433,52.062748,On or near Bryngwyn Close,E01013986,Herefordshire 012A,Anti-social behaviour,,
,2015-04,West Mercia Police,West Mercia Police,-2.711841,52.064735,On or near Supermarket,E01013986,Herefordshire 012A,Anti-social behaviour,,
,2015-04,West Mercia Police,West Mercia Police,-2.713820,52.065370,On or near Regent Gardens,E01013986,Herefordshire 012A,Anti-social behaviour,,
,2015-04,West Mercia Police,West Mercia Police,-2.713820,52.065370,On or near Regent Gardens,E01013986,Herefordshire 012A,Anti-social behaviour,,
,2015-04,West Mercia Police,West Mercia Police,-2.708851,52.062029,On or near Barr'S Court Road,E01013986,Herefordshire 012A,Anti-social behaviour,,
,2015-04,West Mercia Police,West Mercia Police,-2.713820,52.065370,On or near Regent Gardens,E01013986,Herefordshire 012A,Anti-social behaviour,,
,2015-04,West Mercia Police,West Mercia Police,-2.711841,52.064735,On or near Supermarket,E01013986,Herefordshire 012A,Anti-social behaviour,,
,2015-04,West Mercia Police,West Mercia Police,-2.707433,52.062748,On or near Bryngwyn Close,E01013986,Herefordshire 012A,Anti-social behaviour,,
,2015-04,West Mercia Police,West Mercia Police,-2.708781,52.064987,On or near Lingen Avenue,E01013986,Herefordshire 012A,Anti-social behaviour,,
,2015-04,West Mercia Police,West Mercia Police,-2.709267,52.062512,On or near Geldof Grove,E01013986,Herefordshire 012A,Anti-social behaviour,,
7abf2c21cbfd626e10310e1e37ef82576ed09aa2e6bfd453718a1c991387070c,2015-04,West Mercia Police,West Mercia Police,-2.713820,52.065370,On or near Regent Gardens,E01013986,Herefordshire 012A,Criminal damage and arson,Under investigation,
9a4b5dd75c3663db7350478a0240724c2fb760101778a76555f5dd4516e74519,2015-04,West Mercia Police,West Mercia Police,-2.713820,52.065370,On or near Regent Gardens,E01013986,Herefordshire 012A,Criminal damage and arson,Local resolution,
08b816097fd6f7197f2558fa21e68779ddc62698d7b508398ddf7a1fcb9b6ca7,2015-04,West Mercia Police,West Mercia Police,-2.709671,52.063157,On or near Esmond Road,E01013986,Herefordshire 012A,Vehicle crime,Investigation complete; no suspect identified,
66ad2089a8247f45e576734202ecdb05fdad9aa61f3ec8be05c9988ee5c58b3d,2015-04,West Mercia Police,West Mercia Police,-2.708781,52.064987,On or near Lingen Avenue,E01013986,Herefordshire 012A,Violence and sexual offences,Offender given a caution,
651b31a06d2d716ce5b29fbb6a5617ddab13584021cfcd1db54ff0e8c639988c,2015-04,West Mercia Police,West Mercia Police,-2.713820,52.065370,On or near Regent Gardens,E01013986,Herefordshire 012A,Violence and sexual offences,Offender sent to prison,
231cfae54792858f4cdb23a379da275027ddfa9f02ad7a77ae5695dc9063045b,2015-04,West Mercia Police,West Mercia Police,-2.711841,52.064735,On or near Supermarket,E01013986,Herefordshire 012A,Violence and sexual offences,Unable to prosecute suspect,
,2015-04,West Mercia Police,West Mercia Police,-2.715042,52.066972,On or near Kings Crescent,E01013989,Herefordshire 012B,Anti-social behaviour,,
a9acf1d555a769bb42af9161aa5f03be9ed50a836f5a261f5a8448a9eaacdd0b,2015-04,West Mercia Police,West Mercia Police,-2.712977,52.067380,On or near Princess Avenue,E01013989,Herefordshire 012B,Burglary,Investigation complete; no suspect identified,
001dc2361546f3e70deeb1f06d7c169d55e882748935a7cf54b0a4e10b3f0636,2015-04,West Mercia Police,West Mercia Police,-2.714094,52.067886,On or near Kingsway,E01013989,Herefordshire 012B,Criminal damage and arson,Investigation complete; no suspect identified,
a3eaca5f4144dfb1740d2c77433f78bba1ac3daefede70c355fb13ab0d364e64,2015-04,West Mercia Police,West Mercia Police,-2.711253,52.069072,On or near Frederick Avenue,E01013989,Herefordshire 012B,Drugs,Offender given a caution,
23a35bc24555cd26985f62d8700ba827082d79d51b24fbf0579862c6c1130f09,2015-04,West Mercia Police,West Mercia Police,-2.708734,52.070292,On or near Sports/Recreation Area,E01013989,Herefordshire 012B,Vehicle crime,Investigation complete; no suspect identified,
7382cd8020fd324e2e030f434573d2f3556ea533aa73001b8c578f73b6a014d0,2015-04,West Mercia Police,West Mercia Police,-2.715042,52.066972,On or near Kings Crescent,E01013989,Herefordshire 012B,Vehicle crime,Unable to prosecute suspect,
606148742032ef061fc3673052c4578bc1a11897a1b0edaf0186334aee0d2599,2015-04,West Mercia Police,West Mercia Police,-2.715042,52.066972,On or near Kings Crescent,E01013989,Herefordshire 012B,Violence and sexual offences,Offender given conditional discharge,
d1efc460e8768437866c229d6dec2fcfbb3ee6dac55ab39a691e1478b2280873,2015-04,West Mercia Police,West Mercia Police,-2.711253,52.069072,On or near Frederick Avenue,E01013989,Herefordshire 012B,Violence and sexual offences,Local resolution,
dd0a028c539a1ec44d5ad85b9d2a6120a009e48d0e880f64975ae4722d8543c4,2015-04,West Mercia Police,West Mercia Police,-2.711253,52.069072,On or near Frederick Avenue,E01013989,Herefordshire 012B,Violence and sexual offences,Local resolution,
,2015-04,West Mercia Police,West Mercia Police,-2.716402,52.056238,On or near Shopping Area,E01014010,Herefordshire 012C,Anti-social behaviour,,
,2015-04,West Mercia Police,West Mercia Police,-2.713099,52.056762,On or near Union Street,E01014010,Herefordshire 012C,Anti-social behaviour,,
,2015-04,West Mercia Police,West Mercia Police,-2.718634,52.056278,On or near Supermarket,E01014010,Herefordshire 012C,Anti-social behaviour,,
,2015-04,West Mercia Police,West Mercia Police,-2.713099,52.056762,On or near Union Street,E01014010,Herefordshire 012C,Anti-social behaviour,,
,2015-04,West Mercia Police,West Mercia Police,-2.718634,52.056278,On or near Supermarket,E01014010,Herefordshire 012C,Anti-social behaviour,,
,2015-04,West Mercia Police,West Mercia Police,-2.715274,52.056838,On or near Shopping Area,E01014010,Herefordshire 012C,Anti-social behaviour,,
,2015-04,West Mercia Police,West Mercia Police,-2.716402,52.056238,On or near Shopping Area,E01014010,Herefordshire 012C,Anti-social behaviour,,
,2015-04,West Mercia Police,West Mercia Police,-2.718634,52.056278,On or near Supermarket,E01014010,Herefordshire 012C,Anti-social behaviour,,
,2015-04,West Mercia Police,West Mercia Police,-2.717186,52.054219,On or near Palace Yard,E01014010,Herefordshire 012C,Anti-social behaviour,,
,2015-04,West Mercia Police,West Mercia Police,-2.719038,52.056006,On or near West Street,E01014010,Herefordshire 012C,Anti-social behaviour,,
,2015-04,West Mercia Police,West Mercia Police,-2.711390,52.058435,On or near Monkmoor Street,E01014010,Herefordshire 012C,Anti-social behaviour,,
,2015-04,West Mercia Police,West Mercia Police,-2.719038,52.056006,On or near West Street,E01014010,Herefordshire 012C,Anti-social behaviour,,
,2015-04,West Mercia Police,West Mercia Police,-2.711390,52.058435,On or near Monkmoor Street,E01014010,Herefordshire 012C,Anti-social behaviour,,
,2015-04,West Mercia Police,West Mercia Police,-2.711393,52.056736,On or near Hereford Police Station,E01014010,Herefordshire 012C,Anti-social behaviour,,
,2015-04,West Mercia Police,West Mercia Police,-2.713686,52.057855,On or near Parking Area,E01014010,Herefordshire 012C,Anti-social behaviour,,
,2015-04,West Mercia Police,West Mercia Police,-2.715274,52.056838,On or near Shopping Area,E01014010,Herefordshire 012C,Anti-social behaviour,,
,2015-04,West Mercia Police,West Mercia Police,-2.718634,52.056278,On or near Supermarket,E01014010,Herefordshire 012C,Anti-social behaviour,,
,2015-04,West Mercia Police,West Mercia Police,-2.719038,52.056006,On or near West Street,E01014010,Herefordshire 012C,Anti-social behaviour,,
,2015-04,West Mercia Police,West Mercia Police,-2.718266,52.055193,On or near Aubrey Street,E01014010,Herefordshire 012C,Anti-social behaviour,,
,2015-04,West Mercia Police,West Mercia Police,-2.713613,52.056030,On or near St Peter'S Square,E01014010,Herefordshire 012C,Anti-social behaviour,,
,2015-04,West Mercia Police,West Mercia Police,-2.719038,52.056006,On or near West Street,E01014010,Herefordshire 012C,Anti-social behaviour,,
,2015-04,West Mercia Police,West Mercia Police,-2.713099,52.056762,On or near Union Street,E01014010,Herefordshire 012C,Anti-social behaviour,,
,2015-04,West Mercia Police,West Mercia Police,-2.718634,52.056278,On or near Supermarket,E01014010,Herefordshire 012C,Anti-social behaviour,,
,2015-04,West Mercia Police,West Mercia Police,-2.718634,52.056278,On or near Supermarket,E01014010,Herefordshire 012C,Anti-social behaviour,,
,2015-04,West Mercia Police,West Mercia Police,-2.719038,52.056006,On or near West Street,E01014010,Herefordshire 012C,Anti-social behaviour,,
,2015-04,West Mercia Police,West Mercia Police,-2.719121,52.056671,On or near Bewell Street,E01014010,Herefordshire 012C,Anti-social behaviour,,
,2015-04,West Mercia Police,West Mercia Police,-2.717646,52.061958,On or near Petrol Station,E01014010,Herefordshire 012C,Anti-social behaviour,,
,2015-04,West Mercia Police,West Mercia Police,-2.711390,52.058435,On or near Monkmoor Street,E01014010,Herefordshire 012C,Anti-social behaviour,,
,2015-04,West Mercia Police,West Mercia Police,-2.713398,52.059043,On or near Coningsby Street,E01014010,Herefordshire 012C,Anti-social behaviour,,
,2015-04,West Mercia Police,West Mercia Police,-2.713099,52.056762,On or near Union Street,E01014010,Herefordshire 012C,Anti-social behaviour,,
,2015-04,West Mercia Police,West Mercia Police,-2.719038,52.056006,On or near West Street,E01014010,Herefordshire 012C,Anti-social behaviour,,
,2015-04,West Mercia Police,West Mercia Police,-2.717424,52.055405,On or near Broad Street,E01014010,Herefordshire 012C,Anti-social behaviour,,
,2015-04,West Mercia Police,West Mercia Police,-2.711390,52.058435,On or near Monkmoor Street,E01014010,Herefordshire 012C,Anti-social behaviour,,
,2015-04,West Mercia Police,West Mercia Police,-2.714110,52.063409,On or near Widemarsh Street,E01014010,Herefordshire 012C,Anti-social behaviour,,
,2015-04,West Mercia Police,West Mercia Police,-2.713398,52.059043,On or near Coningsby Street,E01014010,Herefordshire 012C,Anti-social behaviour,,
,2015-04,West Mercia Police,West Mercia Police,-2.715759,52.058912,On or near Parking Area,E01014010,Herefordshire 012C,Anti-social behaviour,,
,2015-04,West Mercia Police,West Mercia Police,-2.711390,52.058435,On or near Monkmoor Street,E01014010,Herefordshire 012C,Anti-social behaviour,,
,2015-04,West Mercia Police,West Mercia Police,-2.719038,52.056006,On or near West Street,E01014010,Herefordshire 012C,Anti-social behaviour,,
,2015-04,West Mercia Police,West Mercia Police,-2.712745,52.058328,On or near Nightclub,E01014010,Herefordshire 012C,Anti-social behaviour,,
,2015-04,West Mercia Police,West Mercia Police,-2.719038,52.056006,On or near West Street,E01014010,Herefordshire 012C,Anti-social behaviour,,
,2015-04,West Mercia Police,West Mercia Police,-2.715759,52.058912,On or near Parking Area,E01014010,Herefordshire 012C,Anti-social behaviour,,
,2015-04,West Mercia Police,West Mercia Police,-2.718079,52.054412,On or near King Street,E01014010,Herefordshire 012C,Anti-social behaviour,,
,2015-04,West Mercia Police,West Mercia Police,-2.711393,52.056736,On or near Hereford Police Station,E01014010,Herefordshire 012C,Anti-social behaviour,,
,2015-04,West Mercia Police,West Mercia Police,-2.712268,52.057648,On or near Union Street,E01014010,Herefordshire 012C,Anti-social behaviour,,
,2015-04,West Mercia Police,West Mercia Police,-2.719038,52.056006,On or near West Street,E01014010,Herefordshire 012C,Anti-social behaviour,,
,2015-04,West Mercia Police,West Mercia Police,-2.711096,52.053645,On or near Cantilupe Street,E01014010,Herefordshire 012C,Anti-social behaviour,,
,2015-04,West Mercia Police,West Mercia Police,-2.714110,52.063409,On or near Widemarsh Street,E01014010,Herefordshire 012C,Anti-social behaviour,,
,2015-04,West Mercia Police,West Mercia Police,-2.711390,52.058435,On or near Monkmoor Street,E01014010,Herefordshire 012C,Anti-social behaviour,,
,2015-04,West Mercia Police,West Mercia Police,-2.714971,52.057946,On or near Shopping Area,E01014010,Herefordshire 012C,Anti-social behaviour,,
,2015-04,West Mercia Police,West Mercia Police,-2.716402,52.056238,On or near Shopping Area,E01014010,Herefordshire 012C,Anti-social behaviour,,
,2015-04,West Mercia Police,West Mercia Police,-2.717424,52.055405,On or near Broad Street,E01014010,Herefordshire 012C,Anti-social behaviour,,
,2015-04,West Mercia Police,West Mercia Police,-2.711390,52.058435,On or near Monkmoor Street,E01014010,Herefordshire 012C,Anti-social behaviour,,
,2015-04,West Mercia Police,West Mercia Police,-2.719038,52.056006,On or near West Street,E01014010,Herefordshire 012C,Anti-social behaviour,,
,2015-04,West Mercia Police,West Mercia Police,-2.719121,52.056671,On or near Bewell Street,E01014010,Herefordshire 012C,Anti-social behaviour,,
,2015-04,West Mercia Police,West Mercia Police,-2.712268,52.057648,On or near Union Street,E01014010,Herefordshire 012C,Anti-social behaviour,,
,2015-04,West Mercia Police,West Mercia Police,-2.719121,52.056671,On or near Bewell Street,E01014010,Herefordshire 012C,Anti-social behaviour,,
,2015-04,West Mercia Police,West Mercia Police,-2.714971,52.057946,On or near Shopping Area,E01014010,Herefordshire 012C,Anti-social behaviour,,
,2015-04,West Mercia Police,West Mercia Police,-2.714782,52.055250,On or near St John Street,E01014010,Herefordshire 012C,Anti-social behaviour,,
,2015-04,West Mercia Police,West Mercia Police,-2.714403,52.060781,On or near Widemarsh Street,E01014010,Herefordshire 012C,Anti-social behaviour,,
,2015-04,West Mercia Police,West Mercia Police,-2.711390,52.058435,On or near Monkmoor Street,E01014010,Herefordshire 012C,Anti-social behaviour,,
,2015-04,West Mercia Police,West Mercia Police,-2.716402,52.056238,On or near Shopping Area,E01014010,Herefordshire 012C,Anti-social behaviour,,
,2015-04,West Mercia Police,West Mercia Police,-2.714971,52.057946,On or near Shopping Area,E01014010,Herefordshire 012C,Anti-social behaviour,,
,2015-04,West Mercia Police,West Mercia Police,-2.711393,52.056736,On or near Hereford Police Station,E01014010,Herefordshire 012C,Anti-social behaviour,,
,2015-04,West Mercia Police,West Mercia Police,-2.712745,52.058328,On or near Nightclub,E01014010,Herefordshire 012C,Anti-social behaviour,,
,2015-04,West Mercia Police,West Mercia Police,-2.712745,52.058328,On or near Nightclub,E01014010,Herefordshire 012C,Anti-social behaviour,,
,2015-04,West Mercia Police,West Mercia Police,-2.708854,52.059466,On or near Petrol Station,E01014010,Herefordshire 012C,Anti-social behaviour,,
,2015-04,West Mercia Police,West Mercia Police,-2.714403,52.060781,On or near Widemarsh Street,E01014010,Herefordshire 012C,Anti-social behaviour,,
,2015-04,West Mercia Police,West Mercia Police,-2.711390,52.058435,On or near Monkmoor Street,E01014010,Herefordshire 012C,Anti-social behaviour,,
,2015-04,West Mercia Police,West Mercia Police,-2.711390,52.058435,On or near Monkmoor Street,E01014010,Herefordshire 012C,Anti-social behaviour,,
,2015-04,West Mercia Police,West Mercia Police,-2.713686,52.057855,On or near Parking Area,E01014010,Herefordshire 012C,Anti-social behaviour,,
,2015-04,West Mercia Police,West Mercia Police,-2.720488,52.056366,On or near Gunners Lane,E01014010,Herefordshire 012C,Anti-social behaviour,,
,2015-04,West Mercia Police,West Mercia Police,-2.715274,52.056838,On or near Shopping Area,E01014010,Herefordshire 012C,Anti-social behaviour,,
,2015-04,West Mercia Police,West Mercia Police,-2.712745,52.058328,On or near Nightclub,E01014010,Herefordshire 012C,Anti-social behaviour,,
,2015-04,West Mercia Police,West Mercia Police,-2.713099,52.056762,On or near Union Street,E01014010,Herefordshire 012C,Anti-social behaviour,,
,2015-04,West Mercia Police,West Mercia Police,-2.719038,52.056006,On or near West Street,E01014010,Herefordshire 012C,Anti-social behaviour,,
,2015-04,West Mercia Police,West Mercia Police,-2.716145,52.065743,On or near Burcott Road,E01014010,Herefordshire 012C,Anti-social behaviour,,
,2015-04,West Mercia Police,West Mercia Police,-2.714971,52.057946,On or near Shopping Area,E01014010,Herefordshire 012C,Anti-social behaviour,,
,2015-04,West Mercia Police,West Mercia Police,-2.714971,52.057946,On or near Shopping Area,E01014010,Herefordshire 012C,Anti-social behaviour,,
,2015-04,West Mercia Police,West Mercia Police,-2.711393,52.056736,On or near Hereford Police Station,E01014010,Herefordshire 012C,Anti-social behaviour,,
,2015-04,West Mercia Police,West Mercia Police,-2.718634,52.056278,On or near Supermarket,E01014010,Herefordshire 012C,Anti-social behaviour,,
,2015-04,West Mercia Police,West Mercia Police,-2.712745,52.058328,On or near Nightclub,E01014010,Herefordshire 012C,Anti-social behaviour,,
,2015-04,West Mercia Police,West Mercia Police,-2.717424,52.055405,On or near Broad Street,E01014010,Herefordshire 012C,Anti-social behaviour,,
8d7079e930a6441379925547473c36649dbc0b53b469cdf7a0258d0e66c53930,2015-04,West Mercia Police,West Mercia Police,-2.713398,52.059043,On or near Coningsby Street,E01014010,Herefordshire 012C,Bicycle theft,Offender given community sentence,
57da94dce0507520b3c379547c39fbf8b781614e527ecb60f2770c9382e5720e,2015-04,West Mercia Police,West Mercia Police,-2.720488,52.056366,On or near Gunners Lane,E01014010,Herefordshire 012C,Bicycle theft,Investigation complete; no suspect identified,
1ac276658a9aca8e520dd5eeed279c1eab67cb8b35e8ade2375c1673adfe3d66,2015-04,West Mercia Police,West Mercia Police,-2.718021,52.053540,On or near Gwynne Street,E01014010,Herefordshire 012C,Burglary,Unable to prosecute suspect,
80ee9f4a81fb7f8360fb6875d926a10f803368693e661f7d04f4f0e7c4bdd047,2015-04,West Mercia Police,West Mercia Police,-2.713099,52.056762,On or near Union Street,E01014010,Herefordshire 012C,Criminal damage and arson,Local resolution,
3db89e3f5287cd4911d043182e0b5bd04d2b894c716c5b4c2828ab3c48f63222,2015-04,West Mercia Police,West Mercia Police,-2.714446,52.057050,On or near Shopping Area,E01014010,Herefordshire 012C,Criminal damage and arson,Offender given conditional discharge,
8f968a5966d9d462f78c1b28045e588c63ae5f38729043156df1042f42a4c9cf,2015-04,West Mercia Police,West Mercia Police,-2.714403,52.060781,On or near Widemarsh Street,E01014010,Herefordshire 012C,Criminal damage and arson,Investigation complete; no suspect identified,
f3adaa10d383bcf192546de814fe40a791873e649e50e4bfd2a54911ed31c159,2015-04,West Mercia Police,West Mercia Police,-2.714499,52.057625,On or near Shopping Area,E01014010,Herefordshire 012C,Criminal damage and arson,Local resolution,
6d7ad577d4598f2d02b1ff3270ad64575847cacebaaeb63fc4d6dfaa1193a673,2015-04,West Mercia Police,West Mercia Police,-2.714446,52.057050,On or near Shopping Area,E01014010,Herefordshire 012C,Criminal damage and arson,Local resolution,
b92c5ff778f140da70bc32c8755673d3622c0ca4d4adbe0b9cf443d7d9a0b1eb,2015-04,West Mercia Police,West Mercia Police,-2.719121,52.056671,On or near Bewell Street,E01014010,Herefordshire 012C,Criminal damage and arson,Investigation complete; no suspect identified,
a4829619b127d9c3f9b0ab960618e9adb4270a3facf5aff0420fd2cdefb84053,2015-04,West Mercia Police,West Mercia Police,-2.713613,52.056030,On or near St Peter'S Square,E01014010,Herefordshire 012C,Criminal damage and arson,Investigation complete; no suspect identified,
ac87787775e2d714c056a0106abf6b2c226bd6118af1680d4d9e174d36cbe5e3,2015-04,West Mercia Police,West Mercia Police,-2.713099,52.056762,On or near Union Street,E01014010,Herefordshire 012C,Criminal damage and arson,Offender given a caution,
2fa199ef32a32a6cc889e9bb1908d3fd48d32640f4f4fdcf8cb0d00a0c3878b5,2015-04,West Mercia Police,West Mercia Police,-2.713613,52.056030,On or near St Peter'S Square,E01014010,Herefordshire 012C,Criminal damage and arson,Investigation complete; no suspect identified,
de43fcb388d2bdae5d63ff8b3492eab00368269e3df26e1e57390a7ef4b1fe59,2015-04,West Mercia Police,West Mercia Police,-2.713099,52.056762,On or near Union Street,E01014010,Herefordshire 012C,Criminal damage and arson,Offender given community sentence,
b13b830ce3ef5cb53cbf079d5592f2b08bb4cb2ab31c6fb882e15918fe97eed6,2015-04,West Mercia Police,West Mercia Police,-2.714446,52.057050,On or near Shopping Area,E01014010,Herefordshire 012C,Criminal damage and arson,Offender fined,
742c1db0c9eae98a3aa581eb0bffd40e7bdbf8f5f45418942940487a43f58063,2015-04,West Mercia Police,West Mercia Police,-2.711390,52.058435,On or near Monkmoor Street,E01014010,Herefordshire 012C,Criminal damage and arson,Investigation complete; no suspect identified,
21779ae2671fb15750809bc9d8b64d63de373c0d80c13d8cf91e976ad239a984,2015-04,West Mercia Police,West Mercia Police,-2.708854,52.059466,On or near Petrol Station,E01014010,Herefordshire 012C,Criminal damage and arson,Offender given community sentence,
fa8e0fdf09183ba6f293237483f9fa07a5cb4d6f37764bc8f0b3a04503723e03,2015-04,West Mercia Police,West Mercia Police,-2.711393,52.056736,On or near Hereford Police Station,E01014010,Herefordshire 012C,Drugs,Court result unavailable,
27be3b97ee1bbfe472f02436406632b9c48b7bcea9bc2229467b8478bf1cd5d0,2015-04,West Mercia Police,West Mercia Police,-2.720488,52.056366,On or near Gunners Lane,E01014010,Herefordshire 012C,Drugs,Offender given a caution,
e53db0558e4662eeefde026aadf7b4081f06925e94cfb018de019877468ec48b,2015-04,West Mercia Police,West Mercia Police,-2.713613,52.056030,On or near St Peter'S Square,E01014010,Herefordshire 012C,Drugs,Offender given a caution,
29516116178461ce53ba2d3b44b729fbbe2098f06bb78d77b9e22745a22e92ae,2015-04,West Mercia Police,West Mercia Police,-2.712268,52.057648,On or near Union Street,E01014010,Herefordshire 012C,Drugs,Offender given a caution,
40f3baaff3575422a8b01df347c5eb57c17c98968ac6a7e751ca7ba9f658f828,2015-04,West Mercia Police,West Mercia Police,-2.718079,52.054412,On or near King Street,E01014010,Herefordshire 012C,Drugs,Unable to prosecute suspect,
85257ad48de9558f04241199428b725d5cd1a16af7555b20e24d218aad720cb6,2015-04,West Mercia Police,West Mercia Police,-2.713613,52.056030,On or near St Peter'S Square,E01014010,Herefordshire 012C,Drugs,Offender given a caution,
6dc5b75d87e59c66256104ad45f2a7035ab61eb6f2d80e17caa3085670b970c3,2015-04,West Mercia Police,West Mercia Police,-2.719038,52.056006,On or near West Street,E01014010,Herefordshire 012C,Drugs,Unable to prosecute suspect,
0c3c822d52985863c857618bb2e3317e6d5f12ad09f16b00788c12dd853cbb3b,2015-04,West Mercia Police,West Mercia Police,-2.717186,52.054219,On or near Palace Yard,E01014010,Herefordshire 012C,Drugs,Unable to prosecute suspect,
96630ea549c1269d6c08f4f07dab3acaa04474f1871efb8071db5a1eff22be8d,2015-04,West Mercia Police,West Mercia Police,-2.708854,52.059466,On or near Petrol Station,E01014010,Herefordshire 012C,Other theft,Offender given community sentence,
bfa4a0a1d4bb9b0a12355dc91ac53465a2212150751f7fa497c2ee04ee3a6105,2015-04,West Mercia Police,West Mercia Police,-2.718634,52.056278,On or near Supermarket,E01014010,Herefordshire 012C,Other theft,Investigation complete; no suspect identified,
43c4009de38e6b8d5c97782b202ed52aa9c39f62225ddf98a7ab2bf23b5f8458,2015-04,West Mercia Police,West Mercia Police,-2.717467,52.058075,On or near New Market Street,E01014010,Herefordshire 012C,Other theft,Investigation complete; no suspect identified,
22e08756d183ada810c7d86767bf5bdfbdd659ae66bb9e629c9ef92c575bc180,2015-04,West Mercia Police,West Mercia Police,-2.718079,52.054412,On or near King Street,E01014010,Herefordshire 012C,Other theft,Investigation complete; no suspect identified,
f97fbf3482aba66d52920b7aa18dee594f7db89621b90a8d524885af3d20c192,2015-04,West Mercia Police,West Mercia Police,-2.708854,52.059466,On or near Petrol Station,E01014010,Herefordshire 012C,Other theft,Investigation complete; no suspect identified,
203275fe9327c1d3eabe45aef5213643009349d090ea6197b753c15dc506b918,2015-04,West Mercia Police,West Mercia Police,-2.709099,52.058368,On or near Bus/Coach Station,E01014010,Herefordshire 012C,Other theft,Investigation complete; no suspect identified,
b2c8281ae1fa7afdd7dbffd0253aaa93fbf0af44b6d56a6d4ecdf985952e0b95,2015-04,West Mercia Police,West Mercia Police,-2.712268,52.057648,On or near Union Street,E01014010,Herefordshire 012C,Other theft,Investigation complete; no suspect identified,
ab949da69e8b104ced2cfe938d08cc3b174a10574029364844eff31e26d72c3f,2015-04,West Mercia Police,West Mercia Police,-2.711390,52.058435,On or near Monkmoor Street,E01014010,Herefordshire 012C,Other theft,Investigation complete; no suspect identified,
9a3f8dc9fb7bbfa50c5a3a0cf02268bc9189ad9d36d875efc58eff49d2469825,2015-04,West Mercia Police,West Mercia Police,-2.711390,52.058435,On or near Monkmoor Street,E01014010,Herefordshire 012C,Other theft,Court result unavailable,
5d582a47d3dd793e5285e54ae7e59a07c3e779ee8dd7a1f1619a9e63d5372862,2015-04,West Mercia Police,West Mercia Police,-2.719121,52.056671,On or near Bewell Street,E01014010,Herefordshire 012C,Other theft,Investigation complete; no suspect identified,
c34350d62a1405c1ba7d441ec7ca678a707b8b9ce810437f9adf083cae72e620,2015-04,West Mercia Police,West Mercia Police,-2.714499,52.057625,On or near Shopping Area,E01014010,Herefordshire 012C,Other theft,Under investigation,
7263341480749fb9b5952cef72d39182cb6234ddff460331c159f68e38751f1d,2015-04,West Mercia Police,West Mercia Police,-2.719038,52.056006,On or near West Street,E01014010,Herefordshire 012C,Other theft,Unable to prosecute suspect,
54db8413c88f940c7a41a1645537ff7e0a6823d7b506d9bb9029b18900e00ac8,2015-04,West Mercia Police,West Mercia Police,-2.719121,52.056671,On or near Bewell Street,E01014010,Herefordshire 012C,Public order,Defendant found not guilty,
61c1ea38fc2994aee62d4d25548d28aa22448551b8a2b12ca60cb98d332e81fc,2015-04,West Mercia Police,West Mercia Police,-2.720488,52.056366,On or near Gunners Lane,E01014010,Herefordshire 012C,Public order,Unable to prosecute suspect,
1368a8f83c62c0513150db2c0037e7b6f73de5bb0d35d6d51b6aa4a08fc035ad,2015-04,West Mercia Police,West Mercia Police,-2.716687,52.056749,On or near Shopping Area,E01014010,Herefordshire 012C,Public order,Court case unable to proceed,
eca0a9389c03af10deb9e20a14ca571e934a3d9fe4d5fc254e541985d8c8530d,2015-04,West Mercia Police,West Mercia Police,-2.711390,52.058435,On or near Monkmoor Street,E01014010,Herefordshire 012C,Public order,Unable to prosecute suspect,
83bd0c38ab1fb3d7a1a86afb05c2a05ce144c8d01604a613679c2f9918bafecc,2015-04,West Mercia Police,West Mercia Police,-2.718634,52.056278,On or near Supermarket,E01014010,Herefordshire 012C,Public order,Unable to prosecute suspect,
2f211a82ac83ce4605a5c6ade866b06604926a7ac40e6f7c43f0361c09d0e022,2015-04,West Mercia Police,West Mercia Police,-2.714446,52.057050,On or near Shopping Area,E01014010,Herefordshire 012C,Public order,Unable to prosecute suspect,
e095812b35bccc3ec21500317c9aaddd2aff8f2743fd550cba6a27bc33801035,2015-04,West Mercia Police,West Mercia Police,-2.720488,52.056366,On or near Gunners Lane,E01014010,Herefordshire 012C,Public order,Offender fined,
6ba6e9ee44bebd59058dd662fcf7b66eb33f1290cf67c2030caccdb3341a2783,2015-04,West Mercia Police,West Mercia Police,-2.711393,52.056736,On or near Hereford Police Station,E01014010,Herefordshire 012C,Public order,Offender otherwise dealt with,
aa4bae3b1be9e5075e418b4a777fbf2ef1e56f79f9946578d7e92a548ecc3d4f,2015-04,West Mercia Police,West Mercia Police,-2.716402,52.056238,On or near Shopping Area,E01014010,Herefordshire 012C,Public order,Unable to prosecute suspect,
360372a139ede3f6a3e4bb5cbcb2db5a6b0a9083a57579e7bb7f93c4b3215fba,2015-04,West Mercia Police,West Mercia Police,-2.712546,52.055875,On or near Parking Area,E01014010,Herefordshire 012C,Public order,Offender otherwise dealt with,
cfa4b8e8a6b70bbabb9fddf2f0a260302901228730857e57253087e00adb2bd4,2015-04,West Mercia Police,West Mercia Police,-2.711393,52.056736,On or near Hereford Police Station,E01014010,Herefordshire 012C,Public order,Offender otherwise dealt with,
1f935f25c91020bbe1b5f266bbfa3885bb2d9003d11949efd0ef219a49d289e7,2015-04,West Mercia Police,West Mercia Police,-2.719038,52.056006,On or near West Street,E01014010,Herefordshire 012C,Public order,Court result unavailable,
765c2d83402dd9a9303e84872d878251d904fbd35392300271d436f7f7d97da0,2015-04,West Mercia Police,West Mercia Police,-2.719121,52.056671,On or near Bewell Street,E01014010,Herefordshire 012C,Robbery,Investigation complete; no suspect identified,
9145d89e712d4a8b88cffc1a08b593449b5e3038aa08c9e6307cd24f8502cacb,2015-04,West Mercia Police,West Mercia Police,-2.715274,52.056838,On or near Shopping Area,E01014010,Herefordshire 012C,Robbery,Defendant found not guilty,
6f294524c56f29c0e4bff404b3b08cf78d750fcd31c758ec1813c0d7de584675,2015-04,West Mercia Police,West Mercia Police,-2.711846,52.054063,On or near St Ethelbert Street,E01014010,Herefordshire 012C,Robbery,Unable to prosecute suspect,
7b03137d07e5fd2507d04ac56f07c9a4a6e7f29a92b2853163e0900a798c91cd,2015-04,West Mercia Police,West Mercia Police,-2.716687,52.056749,On or near Shopping Area,E01014010,Herefordshire 012C,Shoplifting,Investigation complete; no suspect identified,
415dfdd25e50c5b0c70dc53573e7651121cb0d1ae57b0ce9eb431533212f583d,2015-04,West Mercia Police,West Mercia Police,-2.717186,52.054219,On or near Palace Yard,E01014010,Herefordshire 012C,Shoplifting,Investigation complete; no suspect identified,
28e94cefc61ad7f1546b07f83c4294a0d650074a2d36b58962f3bb07739e2a66,2015-04,West Mercia Police,West Mercia Police,-2.712400,52.054986,On or near Conference/Exhibition Centre,E01014010,Herefordshire 012C,Shoplifting,Investigation complete; no suspect identified,
f70ace51434eb373397b5ea90eb4f4f3487be56fee64c75cfcefcd3a32b37b89,2015-04,West Mercia Police,West Mercia Police,-2.720488,52.056366,On or near Gunners Lane,E01014010,Herefordshire 012C,Shoplifting,Investigation complete; no suspect identified,
4a3a759acd0b1db96124fbdf371aa9461e7a3d89e632ae34fc4d40fe97a8a351,2015-04,West Mercia Police,West Mercia Police,-2.715274,52.056838,On or near Shopping Area,E01014010,Herefordshire 012C,Shoplifting,Investigation complete; no suspect identified,
2e60b64455fd5734aba8815b3c28f903d3826bd2b24d9e57e54909b507a64019,2015-04,West Mercia Police,West Mercia Police,-2.719121,52.056671,On or near Bewell Street,E01014010,Herefordshire 012C,Shoplifting,Unable to prosecute suspect,
ac48520a686f73d819b620e5a6daae3f156401eb787246827419b006d4651323,2015-04,West Mercia Police,West Mercia Police,-2.719121,52.056671,On or near Bewell Street,E01014010,Herefordshire 012C,Shoplifting,Local resolution,
b3caf10df8cc584d5fe0656515ba6c70b64f5dbf62bca5b1fc303e4e293904da,2015-04,West Mercia Police,West Mercia Police,-2.720488,52.056366,On or near Gunners Lane,E01014010,Herefordshire 012C,Shoplifting,Unable to prosecute suspect,
c6a9e8fa8c8e2588fa44925bffae3ea144fb09ef8e7d49233b3fa71b0b0ccc8c,2015-04,West Mercia Police,West Mercia Police,-2.716402,52.056238,On or near Shopping Area,E01014010,Herefordshire 012C,Shoplifting,Investigation complete; no suspect identified,
f7df4177513a5d86d15e1df0e97f76c70df319695759ea38da6d8b1642d40ed2,2015-04,West Mercia Police,West Mercia Police,-2.719121,52.056671,On or near Bewell Street,E01014010,Herefordshire 012C,Shoplifting,Court result unavailable,
2496322ac7f263836e9a91ef024600e230a302b816e9764608436e1a6ba031a5,2015-04,West Mercia Police,West Mercia Police,-2.714446,52.057050,On or near Shopping Area,E01014010,Herefordshire 012C,Shoplifting,Investigation complete; no suspect identified,
2ac4329aa467e01028dbf125e13b560d391930d165ce9564514d7e3cdd965841,2015-04,West Mercia Police,West Mercia Police,-2.711390,52.058435,On or near Monkmoor Street,E01014010,Herefordshire 012C,Shoplifting,Investigation complete; no suspect identified,
175479cdee71a4ef8c506738c93c751f748f310c0059e7fd501a9aff97386bee,2015-04,West Mercia Police,West Mercia Police,-2.714446,52.057050,On or near Shopping Area,E01014010,Herefordshire 012C,Shoplifting,Investigation complete; no suspect identified,
d58feacd5f946eb2e752bf98506ba772a15e92df5b1a16478f478efa68204629,2015-04,West Mercia Police,West Mercia Police,-2.716687,52.056749,On or near Shopping Area,E01014010,Herefordshire 012C,Shoplifting,Offender given community sentence,
2c1a3ada4ff28164baca8abba39839713df7cf77ac902aeee89c0ff9b424edfb,2015-04,West Mercia Police,West Mercia Police,-2.714499,52.057625,On or near Shopping Area,E01014010,Herefordshire 012C,Shoplifting,Local resolution,
7c26575ce861a03f83083a126c3d79b919ba592a75582c161876552bb47e32f2,2015-04,West Mercia Police,West Mercia Police,-2.716402,52.056238,On or near Shopping Area,E01014010,Herefordshire 012C,Shoplifting,Offender given community sentence,
f877df2ba7ace5ddb9de4fd7d2a785cafedfc7408bd276cdda55905c6252b3a6,2015-04,West Mercia Police,West Mercia Police,-2.714403,52.060781,On or near Widemarsh Street,E01014010,Herefordshire 012C,Shoplifting,Court result unavailable,
d78464267284c46f188a7bd6f48814cc7d8ee6f5ba1a2d8b6e9c3957754ed79d,2015-04,West Mercia Police,West Mercia Police,-2.712268,52.057648,On or near Union Street,E01014010,Herefordshire 012C,Shoplifting,Unable to prosecute suspect,
f4f6f2588f711b0542d529757bc81fdec96a86634ee7871fc3782357d747434b,2015-04,West Mercia Police,West Mercia Police,-2.708854,52.059466,On or near Petrol Station,E01014010,Herefordshire 012C,Shoplifting,Local resolution,
0f065f9200393d97050e378b3a13cb8cffc5d51e23eb672312b5b822c070cd0c,2015-04,West Mercia Police,West Mercia Police,-2.718634,52.056278,On or near Supermarket,E01014010,Herefordshire 012C,Shoplifting,Investigation complete; no suspect identified,
8f948b1beb7c268a6a3fa7e39f450a21090da56f3734420c852b1d0ab6c4b8ed,2015-04,West Mercia Police,West Mercia Police,-2.708854,52.059466,On or near Petrol Station,E01014010,Herefordshire 012C,Shoplifting,Local resolution,
be17c3a6f91a536d76a823b84991c9bf72c665f3f1c0b37672224d8327c8f1ac,2015-04,West Mercia Police,West Mercia Police,-2.719121,52.056671,On or near Bewell Street,E01014010,Herefordshire 012C,Shoplifting,Local resolution,
f86bcc60b58d8bbf2a22357e38e9bec514de3c35f9eeeece464f86d7c27eaf2d,2015-04,West Mercia Police,West Mercia Police,-2.720488,52.056366,On or near Gunners Lane,E01014010,Herefordshire 012C,Theft from the person,Investigation complete; no suspect identified,
50004504f381136ea9de2897835e6d18c37216e0d62e41d1e79edbc255766be0,2015-04,West Mercia Police,West Mercia Police,-2.708854,52.059466,On or near Petrol Station,E01014010,Herefordshire 012C,Theft from the person,Investigation complete; no suspect identified,
552e43f6e6b05d815a0147ddd5a972d825d9d6ce7a4607403b82875bc5f8a4d2,2015-04,West Mercia Police,West Mercia Police,-2.716402,52.056238,On or near Shopping Area,E01014010,Herefordshire 012C,Theft from the person,Investigation complete; no suspect identified,
2e9a3a73a3dba4fcb06830c091af7915668f8eca67ece7e5aeec887cf2ee10a2,2015-04,West Mercia Police,West Mercia Police,-2.718634,52.056278,On or near Supermarket,E01014010,Herefordshire 012C,Theft from the person,Investigation complete; no suspect identified,
a49f163418e6b72277089213f483796bba136de4e5bf7831644fe1bea3cc1ecb,2015-04,West Mercia Police,West Mercia Police,-2.712745,52.058328,On or near Nightclub,E01014010,Herefordshire 012C,Violence and sexual offences,Investigation complete; no suspect identified,
c20b8a27458a03576edad720d53b97df55725596a8e050cd9f56872c4d9a5b0a,2015-04,West Mercia Police,West Mercia Police,-2.709646,52.058814,On or near Commercial Road,E01014010,Herefordshire 012C,Violence and sexual offences,Unable to prosecute suspect,
b5acb012045c897ddfc4f8d4d5ad17964e76fd5ed0cc67727ea12fb06b513203,2015-04,West Mercia Police,West Mercia Police,-2.714403,52.060781,On or near Widemarsh Street,E01014010,Herefordshire 012C,Violence and sexual offences,Offender given community sentence,
1c11d802942d9b2f60cb7a63eb6248ed995a85005b8030b77d84df2e16bb481b,2015-04,West Mercia Police,West Mercia Police,-2.714110,52.063409,On or near Widemarsh Street,E01014010,Herefordshire 012C,Violence and sexual offences,Unable to prosecute suspect,
cd8d1ceb5f7bcb7378973e87af170ff769e2c4e8f6bf7a8f5fb373e38769ca48,2015-04,West Mercia Police,West Mercia Police,-2.708854,52.059466,On or near Petrol Station,E01014010,Herefordshire 012C,Violence and sexual offences,Offender fined,
119ff94da9323fd059995b2855f48269cdd7a8f9c0c9ecbb6a4c6a07d1783565,2015-04,West Mercia Police,West Mercia Police,-2.712546,52.055875,On or near Parking Area,E01014010,Herefordshire 012C,Violence and sexual offences,Investigation complete; no suspect identified,
f0e4be84b9e47cf6bc320ac0155205330de158ae3b61c57bfda874d5debdc500,2015-04,West Mercia Police,West Mercia Police,-2.712745,52.058328,On or near Nightclub,E01014010,Herefordshire 012C,Violence and sexual offences,Offender given suspended prison sentence,
571178ec4a3c61637a55c820c697ebd49d203aeeb5dd2b178187a7f8c2684249,2015-04,West Mercia Police,West Mercia Police,-2.716402,52.056238,On or near Shopping Area,E01014010,Herefordshire 012C,Violence and sexual offences,Investigation complete; no suspect identified,
85ec3815904982ef7f5a779fc36126e0ebd6733a6a08e49686167925fc639071,2015-04,West Mercia Police,West Mercia Police,-2.714971,52.057946,On or near Shopping Area,E01014010,Herefordshire 012C,Violence and sexual offences,Offender given a caution,
d11eba50e304039238f0451da5387602de0d14e9f91b0e5cec1bc51e8f32fbd6,2015-04,West Mercia Police,West Mercia Police,-2.713099,52.056762,On or near Union Street,E01014010,Herefordshire 012C,Violence and sexual offences,Investigation complete; no suspect identified,
9deed1798c01dc2be1757ee368f008f06a1608500afc0456bfdf2c82d67c33f2,2015-04,West Mercia Police,West Mercia Police,-2.711390,52.058435,On or near Monkmoor Street,E01014010,Herefordshire 012C,Violence and sexual offences,Unable to prosecute suspect,
51630952ad06568b3c8a24648c536dfee5d089e204d1e2e7cef0bec1808a405f,2015-04,West Mercia Police,West Mercia Police,-2.716687,52.056749,On or near Shopping Area,E01014010,Herefordshire 012C,Violence and sexual offences,Unable to prosecute suspect,
63d480925d060f0723d4de096123299b4c1a60b42e4a57492a3e807ce62e4dfb,2015-04,West Mercia Police,West Mercia Police,-2.712268,52.057648,On or near Union Street,E01014010,Herefordshire 012C,Violence and sexual offences,Investigation complete; no suspect identified,
5882cf9e7a72904b56f624bb09ed3df61f59ca60faf8979a3de939f23efc00f2,2015-04,West Mercia Police,West Mercia Police,-2.712268,52.057648,On or near Union Street,E01014010,Herefordshire 012C,Violence and sexual offences,Defendant found not guilty,
9f06801254f05af0d8836d315a46f48161901dbb3cb30f033025ca6ec2e430be,2015-04,West Mercia Police,West Mercia Police,-2.716044,52.063073,On or near Parking Area,E01014010,Herefordshire 012C,Violence and sexual offences,Defendant found not guilty,
eeff779542d8bf56c128a38e67434e73d64dfe7e2b8c8c7c674e21b3d9ef2bbf,2015-04,West Mercia Police,West Mercia Police,-2.718079,52.054412,On or near King Street,E01014010,Herefordshire 012C,Violence and sexual offences,Unable to prosecute suspect,
32b721cd74be3eb34690360590c6fb5cc3f0dce7b1edab2867052f0b9c0bc673,2015-04,West Mercia Police,West Mercia Police,-2.714446,52.057050,On or near Shopping Area,E01014010,Herefordshire 012C,Violence and sexual offences,Offender fined,
c57d7d226c04a7707336dd3b84380afcd95bcea017f39dac21870892a6d3bc13,2015-04,West Mercia Police,West Mercia Police,-2.720488,52.056366,On or near Gunners Lane,E01014010,Herefordshire 012C,Violence and sexual offences,Unable to prosecute suspect,
5bba09d056f108b0379ffb91eb1937beab8dda31e248edeb4e73414ff1b3de74,2015-04,West Mercia Police,West Mercia Police,-2.714971,52.057946,On or near Shopping Area,E01014010,Herefordshire 012C,Violence and sexual offences,Unable to prosecute suspect,
75f5d5ef88103dc6f350b3b787eb6f3b7ae2b1fe825869855a6d4792766620f1,2015-04,West Mercia Police,West Mercia Police,-2.718634,52.056278,On or near Supermarket,E01014010,Herefordshire 012C,Violence and sexual offences,Offender given a caution,
43d5ccf2532779512becd157285c168b2a5e664d625c94e1090b96e4b122d06d,2015-04,West Mercia Police,West Mercia Police,-2.713613,52.056030,On or near St Peter'S Square,E01014010,Herefordshire 012C,Violence and sexual offences,Unable to prosecute suspect,
c61b927c841904235570614e3d1f460d99f9ae4fb1558ff14537dda70ff7c999,2015-04,West Mercia Police,West Mercia Police,-2.712745,52.058328,On or near Nightclub,E01014010,Herefordshire 012C,Violence and sexual offences,Unable to prosecute suspect,
f2a8e01e9e3ab26839d250180cffe7425d88d090385598ab90b167ca736a6e02,2015-04,West Mercia Police,West Mercia Police,-2.719121,52.056671,On or near Bewell Street,E01014010,Herefordshire 012C,Violence and sexual offences,Unable to prosecute suspect,
c3f26cbac9f1385b580e90e0ea245a6c8285d27d6fff0d5f5dbf3ae59733355e,2015-04,West Mercia Police,West Mercia Police,-2.714971,52.057946,On or near Shopping Area,E01014010,Herefordshire 012C,Violence and sexual offences,Offender given community sentence,
42162200e139c30406b1f8c9ac6933a422a6d782835a3da8f05df4a8af572742,2015-04,West Mercia Police,West Mercia Police,-2.719121,52.056671,On or near Bewell Street,E01014010,Herefordshire 012C,Violence and sexual offences,Unable to prosecute suspect,
dca57f49485488596b1a07aed2376db42a9983e28efbab217a30227bd228a243,2015-04,West Mercia Police,West Mercia Police,-2.715274,52.056838,On or near Shopping Area,E01014010,Herefordshire 012C,Violence and sexual offences,Court result unavailable,
ba82ab1d24ae3506f6b7a8fb860ba75fcda93d75455f7f7d2959e29c18940817,2015-04,West Mercia Police,West Mercia Police,-2.718634,52.056278,On or near Supermarket,E01014010,Herefordshire 012C,Violence and sexual offences,Local resolution,
e8f1a9fba54588ad58054d0f731f5453a72d418fb913ade968b37b58aa10f881,2015-04,West Mercia Police,West Mercia Police,-2.711390,52.058435,On or near Monkmoor Street,E01014010,Herefordshire 012C,Other crime,Local resolution,
6b1a5a5fd61e3d664fb029d718d375a7be653b51bfc267cb4812cf3783f6dfe8,2015-04,West Mercia Police,West Mercia Police,-2.712745,52.058328,On or near Nightclub,E01014010,Herefordshire 012C,Other crime,Local resolution,
c135693dd12c6045da2e37969e29451257c6236246f5f626d328470b637d3f70,2015-04,West Mercia Police,West Mercia Police,-2.712745,52.058328,On or near Nightclub,E01014010,Herefordshire 012C,Other crime,Local resolution,
ea02e2f853bf377ad8549468713952ad2dcd42bfb81fcae06ee9c262172a4468,2015-04,West Mercia Police,West Mercia Police,-2.711393,52.056736,On or near Hereford Police Station,E01014010,Herefordshire 012C,Other crime,Court result unavailable,
,2015-04,West Mercia Police,West Mercia Police,-2.705533,52.056933,On or near Hospital,E01014011,Herefordshire 012D,Anti-social behaviour,,
,2015-04,West Mercia Police,West Mercia Police,-2.705533,52.056933,On or near Hospital,E01014011,Herefordshire 012D,Anti-social behaviour,,
,2015-04,West Mercia Police,West Mercia Police,-2.705649,52.057849,On or near Parking Area,E01014011,Herefordshire 012D,Anti-social behaviour,,
,2015-04,West Mercia Police,West Mercia Police,-2.705533,52.056933,On or near Hospital,E01014011,Herefordshire 012D,Anti-social behaviour,,
,2015-04,West Mercia Police,West Mercia Police,-2.707295,52.058631,On or near Stonebow Road,E01014011,Herefordshire 012D,Anti-social behaviour,,
,2015-04,West Mercia Police,West Mercia Police,-2.705649,52.057849,On or near Parking Area,E01014011,Herefordshire 012D,Anti-social behaviour,,
,2015-04,West Mercia Police,West Mercia Police,-2.710990,52.057080,On or near Further/Higher Educational Building,E01014011,Herefordshire 012D,Anti-social behaviour,,
,2015-04,West Mercia Police,West Mercia Police,-2.710100,52.054343,On or near Harrison Street,E01014011,Herefordshire 012D,Anti-social behaviour,,
,2015-04,West Mercia Police,West Mercia Police,-2.705649,52.057849,On or near Parking Area,E01014011,Herefordshire 012D,Anti-social behaviour,,
,2015-04,West Mercia Police,West Mercia Police,-2.705649,52.057849,On or near Parking Area,E01014011,Herefordshire 012D,Anti-social behaviour,,
,2015-04,West Mercia Police,West Mercia Police,-2.705533,52.056933,On or near Hospital,E01014011,Herefordshire 012D,Anti-social behaviour,,
,2015-04,West Mercia Police,West Mercia Police,-2.705448,52.053427,On or near Templars Lane,E01014011,Herefordshire 012D,Anti-social behaviour,,
,2015-04,West Mercia Police,West Mercia Police,-2.705649,52.057849,On or near Parking Area,E01014011,Herefordshire 012D,Anti-social behaviour,,
,2015-04,West Mercia Police,West Mercia Police,-2.710990,52.057080,On or near Further/Higher Educational Building,E01014011,Herefordshire 012D,Anti-social behaviour,,
,2015-04,West Mercia Police,West Mercia Police,-2.707295,52.058631,On or near Stonebow Road,E01014011,Herefordshire 012D,Anti-social behaviour,,
,2015-04,West Mercia Police,West Mercia Police,-2.705533,52.056933,On or near Hospital,E01014011,Herefordshire 012D,Anti-social behaviour,,
,2015-04,West Mercia Police,West Mercia Police,-2.705533,52.056933,On or near Hospital,E01014011,Herefordshire 012D,Anti-social behaviour,,
,2015-04,West Mercia Police,West Mercia Police,-2.710990,52.057080,On or near Further/Higher Educational Building,E01014011,Herefordshire 012D,Anti-social behaviour,,
,2015-04,West Mercia Police,West Mercia Police,-2.705533,52.056933,On or near Hospital,E01014011,Herefordshire 012D,Anti-social behaviour,,
,2015-04,West Mercia Police,West Mercia Police,-2.705448,52.053427,On or near Templars Lane,E01014011,Herefordshire 012D,Anti-social behaviour,,
,2015-04,West Mercia Police,West Mercia Police,-2.705533,52.056933,On or near Hospital,E01014011,Herefordshire 012D,Anti-social behaviour,,
,2015-04,West Mercia Police,West Mercia Police,-2.710990,52.057080,On or near Further/Higher Educational Building,E01014011,Herefordshire 012D,Anti-social behaviour,,
,2015-04,West Mercia Police,West Mercia Police,-2.710100,52.054343,On or near Harrison Street,E01014011,Herefordshire 012D,Anti-social behaviour,,
,2015-04,West Mercia Police,West Mercia Police,-2.705649,52.057849,On or near Parking Area,E01014011,Herefordshire 012D,Anti-social behaviour,,
,2015-04,West Mercia Police,West Mercia Police,-2.705533,52.056933,On or near Hospital,E01014011,Herefordshire 012D,Anti-social behaviour,,
,2015-04,West Mercia Police,West Mercia Police,-2.708338,52.052637,On or near Grove Road,E01014011,Herefordshire 012D,Anti-social behaviour,,
,2015-04,West Mercia Police,West Mercia Police,-2.705533,52.056933,On or near Hospital,E01014011,Herefordshire 012D,Anti-social behaviour,,
7bf78ef22546638adfe93f86782299e9a5fae93131ac4b848066d5f22a567a24,2015-04,West Mercia Police,West Mercia Police,-2.705649,52.057849,On or near Parking Area,E01014011,Herefordshire 012D,Bicycle theft,Investigation complete; no suspect identified,
14ca401ce44b1bab902df4ff6d875ce69e1be8bb3c290d67755adcfb4568e975,2015-04,West Mercia Police,West Mercia Police,-2.709563,52.053573,On or near St Owen Gate,E01014011,Herefordshire 012D,Bicycle theft,Investigation complete; no suspect identified,
0a49d6b76625a36a8774edd14928d7b87f7f4833248aff221e6c3f79df6639dd,2015-04,West Mercia Police,West Mercia Police,-2.710406,52.052453,On or near Mill Street,E01014011,Herefordshire 012D,Criminal damage and arson,Offender fined,
f70498eead12c8113017af034d4b98bcca0de0ec3c91e0cd71e60a40989abcd9,2015-04,West Mercia Police,West Mercia Police,-2.710100,52.054343,On or near Harrison Street,E01014011,Herefordshire 012D,Criminal damage and arson,Local resolution,
bfaec6b4d8df3e83fe01b2d6fdaa800a6d6f8b502ec3c33d242e893cd93ec24d,2015-04,West Mercia Police,West Mercia Police,-2.705533,52.056933,On or near Hospital,E01014011,Herefordshire 012D,Criminal damage and arson,Offender given community sentence,
987abda45529d3751b68b5422ba751fed0d003cdb0a7c70063dda4c355183479,2015-04,West Mercia Police,West Mercia Police,-2.710406,52.052453,On or near Mill Street,E01014011,Herefordshire 012D,Drugs,Offender given a caution,
d76aeabdfb17f72aa55516f46dbcb0cc6e495eb383934d4a59f143f615be8b57,2015-04,West Mercia Police,West Mercia Police,-2.710100,52.054343,On or near Harrison Street,E01014011,Herefordshire 012D,Other theft,Investigation complete; no suspect identified,
1936dfa8f80189f242b7e7ccbe86de830fcc9babc66990614dc1d7eaf58afc9a,2015-04,West Mercia Police,West Mercia Police,-2.710100,52.054343,On or near Harrison Street,E01014011,Herefordshire 012D,Other theft,Investigation complete; no suspect identified,
1f142c7aa161f558acda6bf63e80db2ef299a2b1c6394227a35b4945c4701208,2015-04,West Mercia Police,West Mercia Police,-2.708338,52.052637,On or near Grove Road,E01014011,Herefordshire 012D,Other theft,Investigation complete; no suspect identified,
07b488d171c5272ac3f5180a2e7eebd1255e47ff7b72a17251db07aaad7651ee,2015-04,West Mercia Police,West Mercia Police,-2.705649,52.057849,On or near Parking Area,E01014011,Herefordshire 012D,Possession of weapons,Court case unable to proceed,
5460a88862c13ede8e92a1a326c7d43077b3a6a7a708b2b03fc4dd9ed5329e4c,2015-04,West Mercia Police,West Mercia Police,-2.710990,52.057080,On or near Further/Higher Educational Building,E01014011,Herefordshire 012D,Possession of weapons,Court result unavailable,
355078e8cb26608409cb6c755f49a4cd83ab9c9a2d137c70b4aab8509bb2ef39,2015-04,West Mercia Police,West Mercia Police,-2.711130,52.055829,On or near Gaol Street,E01014011,Herefordshire 012D,Public order,Offender otherwise dealt with,
f5ef6fda85ea07c618bf52e0e01f968f16b6bee76ca86cb38d071424ec62dd3a,2015-04,West Mercia Police,West Mercia Police,-2.711130,52.055829,On or near Gaol Street,E01014011,Herefordshire 012D,Public order,Offender otherwise dealt with,
70f4f730a9a3a128da50429c19d93e75ada54315fabcd42926649df0d45e08d2,2015-04,West Mercia Police,West Mercia Police,-2.705649,52.057849,On or near Parking Area,E01014011,Herefordshire 012D,Shoplifting,Offender given a caution,
c1d0c6bdcf1603e6f24536613fa514f5ac052b9f0040a4afe1e94e9278bc4043,2015-04,West Mercia Police,West Mercia Police,-2.705973,52.055267,On or near Mansbridge Avenue,E01014011,Herefordshire 012D,Violence and sexual offences,Unable to prosecute suspect,
05efdc786255715ad80165a16306487aef0f33274983261bfbf32fe882d5cfc3,2015-04,West Mercia Police,West Mercia Police,-2.710990,52.057080,On or near Further/Higher Educational Building,E01014011,Herefordshire 012D,Violence and sexual offences,Investigation complete; no suspect identified,
9ca59757f72676528540c5d00d38c47c90a0af5932f3c971e5e8c5c902050f3d,2015-04,West Mercia Police,West Mercia Police,-2.705649,52.057849,On or near Parking Area,E01014011,Herefordshire 012D,Violence and sexual offences,Under investigation,
a27fd454ade1ad44ef5494805c75c36b77cd20d8129b201628d631ecf423afe2,2015-04,West Mercia Police,West Mercia Police,-2.711130,52.055829,On or near Gaol Street,E01014011,Herefordshire 012D,Violence and sexual offences,Offender given a caution,
18e42b191564bc67bab0c6baf79590ea4d79aff6369b06419cdc5eb0ef846aae,2015-04,West Mercia Police,West Mercia Police,-2.705649,52.057849,On or near Parking Area,E01014011,Herefordshire 012D,Violence and sexual offences,Investigation complete; no suspect identified,
b7fbeab44a4dbc116ef594a429fe2929f080347d4975884dc83f6c738a84df4c,2015-04,West Mercia Police,West Mercia Police,-2.705649,52.057849,On or near Parking Area,E01014011,Herefordshire 012D,Violence and sexual offences,Unable to prosecute suspect,
13e4a525ec81489e42c19d5b98f59dc7a9ee705a19228592c9eea6bbfef9d83a,2015-04,West Mercia Police,West Mercia Police,-2.710406,52.052453,On or near Mill Street,E01014011,Herefordshire 012D,Violence and sexual offences,Unable to prosecute suspect,
440dd6d1cab32eeb99e744cf62424436d199d90bf74d1b0295423d3ee5631f9c,2015-04,West Mercia Police,West Mercia Police,-2.710406,52.052453,On or near Mill Street,E01014011,Herefordshire 012D,Other crime,Offender given community sentence,
e0f242d4b7cc71a1238beb682d380af71a1b8ed7572b1bf5d9e0a164a887df03,2015-04,West Mercia Police,West Mercia Police,-2.705649,52.057849,On or near Parking Area,E01014011,Herefordshire 012D,Other crime,Unable to prosecute suspect,
ac7d501ffc098b9f3727aeee82ab972c197ccf0a97a09fd55e6a525c4d91f608,2015-04,West Mercia Police,West Mercia Police,-2.705649,52.057849,On or near Parking Area,E01014011,Herefordshire 012D,Other crime,Unable to prosecute suspect,
f8931a7794a34a626d080f74b62452996a42274d3e67033ffb94c3720edc59c8,2015-04,West Mercia Police,West Mercia Police,-2.711130,52.055829,On or near Gaol Street,E01014011,Herefordshire 012D,Other crime,Local resolution,
947e5be1ee442f1ac23ef369d52640f5d213e2c7ef970b87c3372f19cecdf6ac,2015-04,West Mercia Police,West Mercia Police,-2.711130,52.055829,On or near Gaol Street,E01014011,Herefordshire 012D,Other crime,Local resolution,
2577a75733e7331ace3fdfde286977d76772b6fb34fbf977f87f4bef0565dc88,2015-04,West Mercia Police,West Mercia Police,-2.710990,52.057080,On or near Further/Higher Educational Building,E01014011,Herefordshire 012D,Other crime,Court result unavailable,
,2015-04,West Mercia Police,West Mercia Police,-2.718538,52.063921,On or near Millbrook Street,E01014086,Herefordshire 012E,Anti-social behaviour,,
,2015-04,West Mercia Police,West Mercia Police,-2.718999,52.061778,On or near Moor Street,E01014086,Herefordshire 012E,Anti-social behaviour,,
,2015-04,West Mercia Police,West Mercia Police,-2.720100,52.060378,On or near Shinwell Road,E01014086,Herefordshire 012E,Anti-social behaviour,,
,2015-04,West Mercia Police,West Mercia Police,-2.718999,52.061778,On or near Moor Street,E01014086,Herefordshire 012E,Anti-social behaviour,,
,2015-04,West Mercia Police,West Mercia Police,-2.718999,52.061778,On or near Moor Street,E01014086,Herefordshire 012E,Anti-social behaviour,,
,2015-04,West Mercia Police,West Mercia Police,-2.718999,52.061778,On or near Moor Street,E01014086,Herefordshire 012E,Anti-social behaviour,,
,2015-04,West Mercia Police,West Mercia Police,-2.720100,52.060378,On or near Shinwell Road,E01014086,Herefordshire 012E,Anti-social behaviour,,
,2015-04,West Mercia Police,West Mercia Police,-2.717949,52.063610,On or near Nolan Road,E01014086,Herefordshire 012E,Anti-social behaviour,,
8ff4e155b4c053db7299568742cbcaace7540c28138a1b2edce5d6a55e6f8ea1,2015-04,West Mercia Police,West Mercia Police,-2.721530,52.064919,On or near Park/Open Space,E01014086,Herefordshire 012E,Drugs,Offender fined,
ecfe47aa4f1e25972aaed3a774cdf81a2728f44662935ffc4eca91d0539d0514,2015-04,West Mercia Police,West Mercia Police,-2.723999,52.057073,On or near Pedestrian Subway,E01014086,Herefordshire 012E,Drugs,Offender given a caution,
522ab35376f4bae21b555f168e98d8aae9b390eac53b6e17798937062eb0015c,2015-04,West Mercia Police,West Mercia Police,-2.720100,52.060378,On or near Shinwell Road,E01014086,Herefordshire 012E,Drugs,Offender given suspended prison sentence,
f55df1c9db6a4394170bb3e475604a9cdd3dc6ef6f4063f02c2999e2f30586ad,2015-04,West Mercia Police,West Mercia Police,-2.720100,52.060378,On or near Shinwell Road,E01014086,Herefordshire 012E,Other theft,Investigation complete; no suspect identified,
efe1ee986dfd077de7abe7f22d9e49369cd6e1817bbd36aa7f09f69c11121949,2015-04,West Mercia Police,West Mercia Police,-2.722735,52.060047,On or near Balfour Close,E01014086,Herefordshire 012E,Other theft,Investigation complete; no suspect identified,
c484cd819bd7eb7747ad2e2b935f6b72aeba58eafe3aae798d25f4a2e3b5ed23,2015-04,West Mercia Police,West Mercia Police,-2.720100,52.060378,On or near Shinwell Road,E01014086,Herefordshire 012E,Possession of weapons,Unable to prosecute suspect,
ff87f2d527e18c05ae2805d99c50114bf777aeada2f7aee04b1f63ba84f2470d,2015-04,West Mercia Police,West Mercia Police,-2.722995,52.058095,On or near Supermarket,E01014086,Herefordshire 012E,Theft from the person,Investigation complete; no suspect identified,
ee4a799ed148bec0873368bd064ea3067e88b05acd9a1718aaf1936f69244a50,2015-04,West Mercia Police,West Mercia Police,-2.721530,52.064919,On or near Park/Open Space,E01014086,Herefordshire 012E,Theft from the person,Investigation complete; no suspect identified,
05240a7cf72b4c00ce718435eed5541e041bbe2a3b96ecfec44d7e2765642561,2015-04,West Mercia Police,West Mercia Police,-2.718999,52.061778,On or near Moor Street,E01014086,Herefordshire 012E,Violence and sexual offences,Offender given community sentence,
,2015-04,West Mercia Police,West Mercia Police,-2.708979,52.050781,On or near River Close,E01014092,Herefordshire 012F,Anti-social behaviour,,
,2015-04,West Mercia Police,West Mercia Police,-2.701914,52.051254,On or near Eign Road,E01014092,Herefordshire 012F,Anti-social behaviour,,
,2015-04,West Mercia Police,West Mercia Police,-2.701494,52.051446,On or near Scot'S Close,E01014092,Herefordshire 012F,Anti-social behaviour,,
,2015-04,West Mercia Police,West Mercia Police,-2.707544,52.050367,On or near Hampton Street,E01014092,Herefordshire 012F,Anti-social behaviour,,
,2015-04,West Mercia Police,West Mercia Police,-2.699915,52.051212,On or near Eign Mill Road,E01014092,Herefordshire 012F,Anti-social behaviour,,
,2015-04,West Mercia Police,West Mercia Police,-2.701922,52.053619,On or near Foley Street,E01014092,Herefordshire 012F,Anti-social behaviour,,
b99a539cd886f688d0030de79e5db1e2ba451fe005f5f9ae52228ff528592552,2015-04,West Mercia Police,West Mercia Police,-2.696935,52.052749,On or near Lichfield Avenue,E01014092,Herefordshire 012F,Criminal damage and arson,Investigation complete; no suspect identified,
ca1c65741c41c6276872da8aa25289d557c604f1f7f4a6ca6889669c4171399e,2015-04,West Mercia Police,West Mercia Police,-2.704385,52.051680,On or near Bartonsham Road,E01014092,Herefordshire 012F,Criminal damage and arson,Investigation complete; no suspect identified,
51912eaf45b2145540665c98953f349bbf9491de313651c8d82df7eba0e5ec77,2015-04,West Mercia Police,West Mercia Police,-2.701922,52.053619,On or near Foley Street,E01014092,Herefordshire 012F,Criminal damage and arson,Investigation complete; no suspect identified,
f53d3179792d347817375dba04883fea1eff897432b7be0b324091bc05b1c12b,2015-04,West Mercia Police,West Mercia Police,-2.709127,52.050006,On or near Vicarage Road,E01014092,Herefordshire 012F,Other theft,Investigation complete; no suspect identified,
6ed95408a4174a69431729f142f28274adb5a78670ab10c2df9226fb9c5a6cfe,2015-04,West Mercia Police,West Mercia Police,-2.711067,52.050903,On or near Wye Way,E01014092,Herefordshire 012F,Other theft,Unable to prosecute suspect,
1aa14c87896f8dcaeda090238af5229d25550ee0c9d4de17f3ae33338b9b48c6,2015-04,West Mercia Police,West Mercia Police,-2.710354,52.051006,On or near Nightingale Way,E01014092,Herefordshire 012F,Public order,Offender otherwise dealt with,
a8034beb2e44ebbfab0268cfea9839428fe45adee0887bfe1921ce140432b66f,2015-04,West Mercia Police,West Mercia Police,-2.711067,52.050903,On or near Wye Way,E01014092,Herefordshire 012F,Robbery,Unable to prosecute suspect,
1a7a33f65a212a578e5c0b2bdd0b1c2db4919b2dc01327ed73337cd653a962c2,2015-04,West Mercia Police,West Mercia Police,-2.710354,52.051006,On or near Nightingale Way,E01014092,Herefordshire 012F,Theft from the person,Under investigation,
86cb96fc1f118d4c082a33af3cd80f80f431bfddf4c6a853268fca5ed7489d3c,2015-04,West Mercia Police,West Mercia Police,-2.710354,52.051006,On or near Nightingale Way,E01014092,Herefordshire 012F,Violence and sexual offences,Unable to prosecute suspect,
f4652d6d8fbde4077cc4d9b9c94497434d82f4432d0a2b84d66b45ab65f96c99,2015-04,West Mercia Police,West Mercia Police,-2.711067,52.050903,On or near Wye Way,E01014092,Herefordshire 012F,Violence and sexual offences,Unable to prosecute suspect,
6fc0c05380783c8143d64f84371298b1be368d5841ac8d151639561dbcab54f7,2015-04,West Mercia Police,West Mercia Police,-2.703062,52.052839,On or near Portfield Street,E01014092,Herefordshire 012F,Violence and sexual offences,Unable to prosecute suspect,
,2015-04,West Mercia Police,West Mercia Police,-2.726783,52.050681,On or near Pedestrian Subway,E01014075,Herefordshire 013A,Anti-social behaviour,,
,2015-04,West Mercia Police,West Mercia Police,-2.728010,52.051671,On or near Sports/Recreation Area,E01014075,Herefordshire 013A,Anti-social behaviour,,
,2015-04,West Mercia Police,West Mercia Police,-2.732982,52.056999,On or near White Horse Square,E01014075,Herefordshire 013A,Anti-social behaviour,,
,2015-04,West Mercia Police,West Mercia Police,-2.730584,52.053049,On or near Camperdown Lane,E01014075,Herefordshire 013A,Anti-social behaviour,,
,2015-04,West Mercia Police,West Mercia Police,-2.732982,52.056999,On or near White Horse Square,E01014075,Herefordshire 013A,Anti-social behaviour,,
,2015-04,West Mercia Police,West Mercia Police,-2.723716,52.054000,On or near Station Road,E01014075,Herefordshire 013A,Anti-social behaviour,,
,2015-04,West Mercia Police,West Mercia Police,-2.726783,52.050681,On or near Pedestrian Subway,E01014075,Herefordshire 013A,Anti-social behaviour,,
,2015-04,West Mercia Police,West Mercia Police,-2.723716,52.054000,On or near Station Road,E01014075,Herefordshire 013A,Anti-social behaviour,,
,2015-04,West Mercia Police,West Mercia Police,-2.734678,52.058103,On or near Scudamore Street,E01014075,Herefordshire 013A,Anti-social behaviour,,
,2015-04,West Mercia Police,West Mercia Police,-2.730584,52.053049,On or near Camperdown Lane,E01014075,Herefordshire 013A,Anti-social behaviour,,
,2015-04,West Mercia Police,West Mercia Police,-2.723716,52.054000,On or near Station Road,E01014075,Herefordshire 013A,Anti-social behaviour,,
196d6dfb821ad44b0395f732dcd8391597f00242cd75a4daec0d63cb9c8e22c8,2015-04,West Mercia Police,West Mercia Police,-2.720800,52.053109,On or near Greyfriars Avenue,E01014075,Herefordshire 013A,Burglary,Investigation complete; no suspect identified,
9711c8012fc8aeff0dc2095fc5484666716e381a269ca6b533f27e27e99832c7,2015-04,West Mercia Police,West Mercia Police,-2.728010,52.051671,On or near Sports/Recreation Area,E01014075,Herefordshire 013A,Burglary,Investigation complete; no suspect identified,
4de09f02a5f8b780c24330e396c748569410c637e08c4b83ec1e7c4074e9be6b,2015-04,West Mercia Police,West Mercia Police,-2.726071,52.053536,On or near Pedestrian Subway,E01014075,Herefordshire 013A,Criminal damage and arson,Investigation complete; no suspect identified,
0e1bfe39e121e31ee2e2aaf3d9792471dc5116950e823f4cf3aae32baa81df19,2015-04,West Mercia Police,West Mercia Police,-2.735721,52.058564,On or near Holmer Street,E01014075,Herefordshire 013A,Criminal damage and arson,Investigation complete; no suspect identified,
55de40a96aa9edc16b474cb8d12c4977076a1b8aad3534339196cf396aad5d70,2015-04,West Mercia Police,West Mercia Police,-2.735721,52.058564,On or near Holmer Street,E01014075,Herefordshire 013A,Criminal damage and arson,Investigation complete; no suspect identified,
cb8e473748457d1049c3bfddea734b96308c85faba22788054b55177f2045db8,2015-04,West Mercia Police,West Mercia Police,-2.732872,52.052055,On or near Broomy Hill,E01014075,Herefordshire 013A,Drugs,Offender given a drugs possession warning,
1212ee2c7719ea970aba70e87dda49b745bcc4cd656c86bf44bc9e3302545d95,2015-04,West Mercia Police,West Mercia Police,-2.723716,52.054000,On or near Station Road,E01014075,Herefordshire 013A,Other theft,Investigation complete; no suspect identified,
1ade1de4d90c352837219a5e0f42921e0d41b86b750402121ef7ed0c88e9b076,2015-04,West Mercia Police,West Mercia Police,-2.723716,52.054000,On or near Station Road,E01014075,Herefordshire 013A,Other theft,Investigation complete; no suspect identified,
3ec94c0b0cf21dc3ac523a989c72b369a8a35096d8fca22bfba5df9025588593,2015-04,West Mercia Police,West Mercia Police,-2.723716,52.054000,On or near Station Road,E01014075,Herefordshire 013A,Possession of weapons,Offender given a caution,
174dfecac4fbb771ffb89d12f0fa5cbd970d305bf553e5654afeb13a47fdb421,2015-04,West Mercia Police,West Mercia Police,-2.723716,52.054000,On or near Station Road,E01014075,Herefordshire 013A,Shoplifting,Offender given conditional discharge,
7ce61b4a4fc775a00f4a8522971ee311825200695e1a4acf3122727b808be451,2015-04,West Mercia Police,West Mercia Police,-2.723716,52.054000,On or near Station Road,E01014075,Herefordshire 013A,Shoplifting,Investigation complete; no suspect identified,
8f6e98311e80009a55c00411df6cdf11404e3af72f1588c17e0351be1e576496,2015-04,West Mercia Police,West Mercia Police,-2.723716,52.054000,On or near Station Road,E01014075,Herefordshire 013A,Shoplifting,Local resolution,
15c9366937a60c6db7db9331774811b96a35bd60ba36dd2f1737854532bdf734,2015-04,West Mercia Police,West Mercia Police,-2.723716,52.054000,On or near Station Road,E01014075,Herefordshire 013A,Shoplifting,Offender given a caution,
f2558b28468d08c0e7a668e19ba860bf688f196ae56723cb5d02f4f099e5cfad,2015-04,West Mercia Police,West Mercia Police,-2.726071,52.053536,On or near Pedestrian Subway,E01014075,Herefordshire 013A,Violence and sexual offences,Unable to prosecute suspect,
3a691108460f34d2ac7d23b06240ad4210168feb44bceb304276940deea86687,2015-04,West Mercia Police,West Mercia Police,-2.735721,52.058564,On or near Holmer Street,E01014075,Herefordshire 013A,Violence and sexual offences,Unable to prosecute suspect,
cb7aed82107567d111f5af6a36a953fd028a66a3821c0933e9ea4a4532ac8dbd,2015-04,West Mercia Police,West Mercia Police,-2.732455,52.053262,On or near Tower Road,E01014075,Herefordshire 013A,Violence and sexual offences,Investigation complete; no suspect identified,
9f409d64ad7c37757a9f7da35dab2fcc4a4d6ed997bab0730929df5b9b6bbd8b,2015-04,West Mercia Police,West Mercia Police,-2.735721,52.058564,On or near Holmer Street,E01014075,Herefordshire 013A,Violence and sexual offences,Local resolution,
,2015-04,West Mercia Police,West Mercia Police,-2.727234,52.057745,On or near Oxford Street,E01014076,Herefordshire 013B,Anti-social behaviour,,
,2015-04,West Mercia Police,West Mercia Police,-2.721170,52.056182,On or near Cross Street,E01014076,Herefordshire 013B,Anti-social behaviour,,
,2015-04,West Mercia Police,West Mercia Police,-2.732540,52.059384,On or near Whitecross Road,E01014076,Herefordshire 013B,Anti-social behaviour,,
,2015-04,West Mercia Police,West Mercia Police,-2.732540,52.059384,On or near Whitecross Road,E01014076,Herefordshire 013B,Anti-social behaviour,,
,2015-04,West Mercia Police,West Mercia Police,-2.732540,52.059384,On or near Whitecross Road,E01014076,Herefordshire 013B,Anti-social behaviour,,
,2015-04,West Mercia Police,West Mercia Police,-2.731103,52.058899,On or near Bruce Thomas Close,E01014076,Herefordshire 013B,Anti-social behaviour,,
,2015-04,West Mercia Police,West Mercia Police,-2.727442,52.055334,On or near Kernal Road,E01014076,Herefordshire 013B,Anti-social behaviour,,
,2015-04,West Mercia Police,West Mercia Police,-2.727234,52.057745,On or near Oxford Street,E01014076,Herefordshire 013B,Anti-social behaviour,,
,2015-04,West Mercia Police,West Mercia Police,-2.729318,52.056761,On or near Chandos Street,E01014076,Herefordshire 013B,Anti-social behaviour,,
7c777b74cc9b34a65d7ca2b6f8f2163d2f6822fc37213ce4e2348af329ca7d72,2015-04,West Mercia Police,West Mercia Police,-2.729318,52.056761,On or near Chandos Street,E01014076,Herefordshire 013B,Bicycle theft,Investigation complete; no suspect identified,
e24895f4ae63d2b0548a0ae87051a249ffc9fa5293aa6865164fb7c04f7edfb7,2015-04,West Mercia Police,West Mercia Police,-2.732540,52.059384,On or near Whitecross Road,E01014076,Herefordshire 013B,Burglary,Investigation complete; no suspect identified,
00fdd40b7b32297fcd673926e9dc3c0d92333f5d0dff7517c07d22ee0ab77654,2015-04,West Mercia Police,West Mercia Police,-2.732121,52.057823,On or near Cornewall Street,E01014076,Herefordshire 013B,Criminal damage and arson,Investigation complete; no suspect identified,
5466878640cda75c6063473104d4591b4ee72a5424ea59c05fdb781be8092e12,2015-04,West Mercia Police,West Mercia Police,-2.727234,52.057745,On or near Oxford Street,E01014076,Herefordshire 013B,Criminal damage and arson,Investigation complete; no suspect identified,
baabce59d25b69a7ee49e69aa8f13d28b41bc6215ed46e8b18acd73a56847b7e,2015-04,West Mercia Police,West Mercia Police,-2.732540,52.059384,On or near Whitecross Road,E01014076,Herefordshire 013B,Criminal damage and arson,Investigation complete; no suspect identified,
ea0fdc44ac50effd3cf23f6af9a8aeb0be09d39df35789cb9b9a4a1a2d6007fe,2015-04,West Mercia Police,West Mercia Police,-2.732836,52.058726,On or near Cotterell Street,E01014076,Herefordshire 013B,Criminal damage and arson,Investigation complete; no suspect identified,
c8fed00adb746ef4f817f6f3fd21ce9c95ecf7f04074a314c2c1a749116d92e9,2015-04,West Mercia Police,West Mercia Police,-2.727234,52.057745,On or near Oxford Street,E01014076,Herefordshire 013B,Criminal damage and arson,Investigation complete; no suspect identified,
6a44ecf7654e74e9c2b26854cd98309ddce234f70e9d5aa3de405c32d6b21687,2015-04,West Mercia Police,West Mercia Police,-2.727817,52.057750,On or near Bedford Street,E01014076,Herefordshire 013B,Other theft,Investigation complete; no suspect identified,
baa4e18a04442dd3635ff12f76000ce652fadaf469536e6663dd2ca61d1162c8,2015-04,West Mercia Police,West Mercia Police,-2.732540,52.059384,On or near Whitecross Road,E01014076,Herefordshire 013B,Other theft,Unable to prosecute suspect,
7fc61ebaa4dd774feb38ce9aac27313812e19a4c8635cad4a5951128521c2120,2015-04,West Mercia Police,West Mercia Police,-2.727817,52.057750,On or near Bedford Street,E01014076,Herefordshire 013B,Public order,Unable to prosecute suspect,
9da4a0864aead87e46e43d68c42a8a9aae26e4cfe79790e17360f6a04a31da4e,2015-04,West Mercia Police,West Mercia Police,-2.725828,52.055641,On or near Pomona Place,E01014076,Herefordshire 013B,Theft from the person,Unable to prosecute suspect,
2f20e7df6deb4923344ba09594a5fc820a3bf64caa5850badb20a3eb98e4e1da,2015-04,West Mercia Police,West Mercia Police,-2.732836,52.058726,On or near Cotterell Street,E01014076,Herefordshire 013B,Vehicle crime,Investigation complete; no suspect identified,
fd874347c899a442eaa5e5517b5db03ff20cf3ebebcd4535237789ddd48fb814,2015-04,West Mercia Police,West Mercia Police,-2.732836,52.058726,On or near Cotterell Street,E01014076,Herefordshire 013B,Vehicle crime,Unable to prosecute suspect,
322565b45ea97fedd75720cc20edde872ac025c17096f1de1f3475a9fccef2f0,2015-04,West Mercia Police,West Mercia Police,-2.727817,52.057750,On or near Bedford Street,E01014076,Herefordshire 013B,Violence and sexual offences,Unable to prosecute suspect,
a8797899f3f72aa59777a6a2821194d1d094bcb292532f95e7fadc4fab7a9740,2015-04,West Mercia Police,West Mercia Police,-2.727817,52.057750,On or near Bedford Street,E01014076,Herefordshire 013B,Violence and sexual offences,Investigation complete; no suspect identified,
2316ad859eebfc04f962bd0f9be653627d6992ec24844400f206364d848769a7,2015-04,West Mercia Police,West Mercia Police,-2.727234,52.057745,On or near Oxford Street,E01014076,Herefordshire 013B,Violence and sexual offences,Unable to prosecute suspect,
432133411507f353cfd4fddb49e6103ed51aad6fd0b946d5e14aab41f3e013b3,2015-04,West Mercia Police,West Mercia Police,-2.732540,52.059384,On or near Whitecross Road,E01014076,Herefordshire 013B,Violence and sexual offences,Unable to prosecute suspect,
d957aa06c28d48b6155ff7322b60f77b44f294d689a8479518227f08230128fb,2015-04,West Mercia Police,West Mercia Police,-2.727817,52.057750,On or near Bedford Street,E01014076,Herefordshire 013B,Violence and sexual offences,Unable to prosecute suspect,
eb2df04e25dd7903697736a156fc7368500568bab2de1efe39e718a4ae6dd8bb,2015-04,West Mercia Police,West Mercia Police,-2.729318,52.056761,On or near Chandos Street,E01014076,Herefordshire 013B,Violence and sexual offences,Investigation complete; no suspect identified,
1cd589898353347fb67ff53def6db80dabc44d7f763b1c9a4d6fd72ee237fc33,2015-04,West Mercia Police,West Mercia Police,-2.727817,52.057750,On or near Bedford Street,E01014076,Herefordshire 013B,Violence and sexual offences,Unable to prosecute suspect,
be0832a27141be7fa55a7c49acc40bc330297e7b4238dde3069fe0a5d2355b04,2015-04,West Mercia Police,West Mercia Police,-2.731103,52.058899,On or near Bruce Thomas Close,E01014076,Herefordshire 013B,Violence and sexual offences,Under investigation,
,2015-04,West Mercia Police,West Mercia Police,-2.747632,52.061771,On or near Hewitt Avenue,E01014077,Herefordshire 013C,Anti-social behaviour,,
3bf03a581f8e4d9656e8a9c1ae6d5364b6a4ad8e40f3e58d1f7f61cb31967f5b,2015-04,West Mercia Police,West Mercia Police,-2.751703,52.063588,On or near Huntsmans Drive,E01014077,Herefordshire 013C,Criminal damage and arson,Investigation complete; no suspect identified,
b36b0d92a15e6dbfb7b24cdfc0cd4074d8bcddf650d5e77865bbf6d47f16e272,2015-04,West Mercia Police,West Mercia Police,-2.748708,52.062394,On or near Carroll Avenue,E01014077,Herefordshire 013C,Violence and sexual offences,Court result unavailable,
,2015-04,West Mercia Police,West Mercia Police,-2.736941,52.059159,On or near Crossfields,E01014078,Herefordshire 013D,Anti-social behaviour,,
,2015-04,West Mercia Police,West Mercia Police,-2.740823,52.059252,On or near Emlyn Avenue,E01014078,Herefordshire 013D,Anti-social behaviour,,
,2015-04,West Mercia Police,West Mercia Police,-2.736941,52.059159,On or near Crossfields,E01014078,Herefordshire 013D,Anti-social behaviour,,
6273a2ffe87cc5dd3d82d2bcdff96aee5f375e2841dc6d6fb815adce535a6cf7,2015-04,West Mercia Police,West Mercia Police,-2.737895,52.058605,On or near Shakespeare Road,E01014078,Herefordshire 013D,Criminal damage and arson,Investigation complete; no suspect identified,
a62f6d93957d91529f64c0eae97efca27ef2caa2fd64a4c1281830bb61c18fbb,2015-04,West Mercia Police,West Mercia Police,-2.740509,52.059676,On or near Macaulay Avenue,E01014078,Herefordshire 013D,Criminal damage and arson,Investigation complete; no suspect identified,
584cb43e78e63400cb9118a3b6be5d8c506b2391c002ffedd0472fc6e15d4e4a,2015-04,West Mercia Police,West Mercia Police,-2.740509,52.059676,On or near Macaulay Avenue,E01014078,Herefordshire 013D,Criminal damage and arson,Investigation complete; no suspect identified,
6ba6803c68123c0225a996207ecf62ddfb41eb601ab5ccef55c9410ad00d69a5,2015-04,West Mercia Police,West Mercia Police,-2.740578,52.060314,On or near Marlowe Drive,E01014078,Herefordshire 013D,Criminal damage and arson,Investigation complete; no suspect identified,
85831bf86e9ea5418acf01f146b2c69ecb79d403ed2f8e4e3ef791b246e2be4b,2015-04,West Mercia Police,West Mercia Police,-2.740509,52.059676,On or near Macaulay Avenue,E01014078,Herefordshire 013D,Criminal damage and arson,Investigation complete; no suspect identified,
d38bbcaa458c4db750dd2b11eb5be5615f01ffd08feb1b87b9b7f470173bb38d,2015-04,West Mercia Police,West Mercia Police,-2.744207,52.060129,On or near Marshall Close,E01014078,Herefordshire 013D,Violence and sexual offences,Unable to prosecute suspect,
304e78027378c39f6b03c8fe547035aeaa0c8c84ecabf7ad2d55ad42b8834ea7,2015-04,West Mercia Police,West Mercia Police,-2.736560,52.059935,On or near Amyand Drive,E01014078,Herefordshire 013D,Violence and sexual offences,Unable to prosecute suspect,
620cbfd8b76a83f4d8468605e069ac82a26eeec8f4b008b963b5b7e99641e223,2015-04,West Mercia Police,West Mercia Police,-2.737895,52.058605,On or near Shakespeare Road,E01014078,Herefordshire 013D,Violence and sexual offences,Unable to prosecute suspect,
2b421509d4beb851236d739b3fbc385966d1a08fe61a87098c1f10242094d35b,2015-04,West Mercia Police,West Mercia Police,-2.682731,52.056609,On or near Croome Close,E01014090,Herefordshire 014A,Drugs,Offender given a caution,
47b08bbadac93e6f635960c1e4fc625c03a7589e35ca33868b4e22f3670de2f8,2015-04,West Mercia Police,West Mercia Police,-2.686149,52.053092,On or near Harvey Road,E01014090,Herefordshire 014A,Other theft,Unable to prosecute suspect,
,2015-04,West Mercia Police,West Mercia Police,-2.691848,52.057608,On or near Backbury Road,E01014091,Herefordshire 014B,Anti-social behaviour,,
787614ec074f1d0c79868d5cedeff78f8c522423d115ff563f0fc86ece07ddf1,2015-04,West Mercia Police,West Mercia Police,-2.692617,52.051723,On or near Old Eign Hill,E01014091,Herefordshire 014B,Drugs,Offender given a drugs possession warning,
1044f2ee1f63f164a41f0ea0a37e9b61a278a6804632cf8e1a1a9b3cf0d46646,2015-04,West Mercia Police,West Mercia Police,-2.697377,52.051155,On or near Dymond Close,E01014091,Herefordshire 014B,Other theft,Investigation complete; no suspect identified,
363ae9b81b1a81b1aae89745dbc5971bcac4176fd4c0c51ea4bb1ea63a836e00,2015-04,West Mercia Police,West Mercia Police,-2.691748,52.056835,On or near Dormington Drive,E01014091,Herefordshire 014B,Violence and sexual offences,Court result unavailable,
,2015-04,West Mercia Police,West Mercia Police,-2.677330,52.052396,On or near Spinney Grove,E01014093,Herefordshire 014C,Anti-social behaviour,,
,2015-04,West Mercia Police,West Mercia Police,-2.679337,52.050155,On or near Gaisford Close,E01014093,Herefordshire 014C,Anti-social behaviour,,
e75021d6a405f6baa68d652095fb21a9a24f94c0808fd51b44c9314a6f298548,2015-04,West Mercia Police,West Mercia Police,-2.680545,52.051883,On or near Honeysuckle Close,E01014093,Herefordshire 014C,Violence and sexual offences,Offender given a caution,
e9d9c4f6185a85f2dcc9a6c34ea08cd0bd21c2c68f6101f1722c26cee66a9214,2015-04,West Mercia Police,West Mercia Police,-2.681179,52.049461,On or near Litley Close,E01014093,Herefordshire 014C,Other crime,Under investigation,
,2015-04,West Mercia Police,West Mercia Police,-2.688267,52.061836,On or near Chilton Square,E01014094,Herefordshire 014D,Anti-social behaviour,,
,2015-04,West Mercia Police,West Mercia Police,-2.688267,52.061836,On or near Chilton Square,E01014094,Herefordshire 014D,Anti-social behaviour,,
d52f3b76916c327baca7e9038c51a78ec548c47fd0c9bc27d926106a4e873aa5,2015-04,West Mercia Police,West Mercia Police,-2.689736,52.058735,On or near Supermarket,E01014094,Herefordshire 014D,Burglary,Investigation complete; no suspect identified,
f591e0bb5bef3ed3090a22eb87bc334c1448da7a9454c8dd077cd260a058a365,2015-04,West Mercia Police,West Mercia Police,-2.688267,52.061836,On or near Chilton Square,E01014094,Herefordshire 014D,Violence and sexual offences,Unable to prosecute suspect,
c662a36704f9efe87d2feb61d081fb79563f91a46bcaf56e4b6ad5babb4efe49,2015-04,West Mercia Police,West Mercia Police,-2.689307,52.059322,On or near Burden Road,E01014094,Herefordshire 014D,Violence and sexual offences,Unable to prosecute suspect,
,2015-04,West Mercia Police,West Mercia Police,-2.713443,52.043543,On or near Ash Avenue,E01014068,Herefordshire 015A,Anti-social behaviour,,
9009d707736d52788108d527ad8abb5c8bc6bdc9d396def8cb1dffc33d691a7b,2015-04,West Mercia Police,West Mercia Police,-2.716479,52.043731,On or near Lilac Grove,E01014068,Herefordshire 015A,Burglary,Investigation complete; no suspect identified,
79a8b100cd457dc20add09d98be4d78583d0742fda9dfb942c725cfc4bf02bfc,2015-04,West Mercia Police,West Mercia Police,-2.708778,52.041746,On or near Orchard Gardens,E01014068,Herefordshire 015A,Burglary,Investigation complete; no suspect identified,
5a170b35941a6bed7e0f5272ddf035a99bc7f9b6ca7a1bf8b96b50c15ee05280,2015-04,West Mercia Police,West Mercia Police,-2.716479,52.043731,On or near Lilac Grove,E01014068,Herefordshire 015A,Other theft,Investigation complete; no suspect identified,
,2015-04,West Mercia Police,West Mercia Police,-2.716268,52.042411,On or near Norton Avenue,E01014070,Herefordshire 015B,Anti-social behaviour,,
,2015-04,West Mercia Police,West Mercia Police,-2.721180,52.038659,On or near Ross Road (Red Hill),E01014070,Herefordshire 015B,Anti-social behaviour,,
,2015-04,West Mercia Police,West Mercia Police,-2.719696,52.039801,On or near The Furlong,E01014070,Herefordshire 015B,Anti-social behaviour,,
,2015-04,West Mercia Police,West Mercia Police,-2.716268,52.042411,On or near Norton Avenue,E01014070,Herefordshire 015B,Anti-social behaviour,,
8ecaeee50209e24691c9f358b30b1c7ab10957469b0d587ef12e7c7a62e106e0,2015-04,West Mercia Police,West Mercia Police,-2.716268,52.042411,On or near Norton Avenue,E01014070,Herefordshire 015B,Criminal damage and arson,Offender given a caution,
43d914cdebe702255cf631aa086734885b449f0448a1ab3f6be5f038c6ecee72,2015-04,West Mercia Police,West Mercia Police,-2.715529,52.039979,On or near Sports/Recreation Area,E01014070,Herefordshire 015B,Criminal damage and arson,Investigation complete; no suspect identified,
9445f43eea9bf2684940f2fe0ab34377b6452d680f080906b20077c103ed6aec,2015-04,West Mercia Police,West Mercia Police,-2.717278,52.042648,On or near Dinedor Avenue,E01014070,Herefordshire 015B,Shoplifting,Investigation complete; no suspect identified,
eb144639c70b6b9b1b1f662f46a8cca3be8eb86387ad5ac02f7cbd2eef7936b9,2015-04,West Mercia Police,West Mercia Police,-2.716268,52.042411,On or near Norton Avenue,E01014070,Herefordshire 015B,Shoplifting,Investigation complete; no suspect identified,
71ac8e5ca06fe08fd3720a01bcc86a95149d4501de3e0aafd91300a6d2982a95,2015-04,West Mercia Police,West Mercia Police,-2.717278,52.042648,On or near Dinedor Avenue,E01014070,Herefordshire 015B,Shoplifting,Investigation complete; no suspect identified,
0735e16a6734c1fca2dbab9680df8be406f0ae5f9c68da9c1f7932c7583f5e64,2015-04,West Mercia Police,West Mercia Police,-2.721663,52.043313,On or near Deerfold,E01014070,Herefordshire 015B,Vehicle crime,Investigation complete; no suspect identified,
3902fbbcede21f6ff7473fbdbdc858c19c72481afa9f0ce6ef50545603a2ad4e,2015-04,West Mercia Police,West Mercia Police,-2.716268,52.042411,On or near Norton Avenue,E01014070,Herefordshire 015B,Violence and sexual offences,Offender otherwise dealt with,
7a9bba0c3adb63b0cf1a0f8d2d5636a9a711a0fc2b4e84a661d449e00a177b55,2015-04,West Mercia Police,West Mercia Police,-2.716268,52.042411,On or near Norton Avenue,E01014070,Herefordshire 015B,Violence and sexual offences,Court case unable to proceed,
f160cd4f249dba506b6a7dbb2e86d8432ff7db642b9604914d8a3487f724e9e6,2015-04,West Mercia Police,West Mercia Police,-2.717842,52.044182,On or near Oak Crescent,E01014070,Herefordshire 015B,Violence and sexual offences,Unable to prosecute suspect,
32f59fe7d6f39d3f2ba3a3ab69cf860b793096ad5db9d70e664d72639f638d20,2015-04,West Mercia Police,West Mercia Police,-2.716268,52.042411,On or near Norton Avenue,E01014070,Herefordshire 015B,Violence and sexual offences,Court case unable to proceed,
3f0daa2b4ee6ffe527698e8ab71581295002dde4c1173cf21d9fe1d0a860d813,2015-04,West Mercia Police,West Mercia Police,-2.723648,52.042573,On or near Hospital,E01014070,Herefordshire 015B,Violence and sexual offences,Unable to prosecute suspect,
,2015-04,West Mercia Police,West Mercia Police,-2.716896,52.035188,On or near Thoresby Drive,E01014072,Herefordshire 015C,Anti-social behaviour,,
,2015-04,West Mercia Police,West Mercia Police,-2.717115,52.036112,On or near Bullingham Lane,E01014072,Herefordshire 015C,Anti-social behaviour,,
,2015-04,West Mercia Police,West Mercia Police,-2.723096,52.040895,On or near Mayberry Avenue,E01014072,Herefordshire 015C,Anti-social behaviour,,
,2015-04,West Mercia Police,West Mercia Police,-2.724249,52.039170,On or near Green Croft,E01014072,Herefordshire 015C,Anti-social behaviour,,
,2015-04,West Mercia Police,West Mercia Police,-2.715146,52.039703,On or near Orchard Avenue,E01014072,Herefordshire 015C,Anti-social behaviour,,
,2015-04,West Mercia Police,West Mercia Police,-2.716887,52.037354,On or near Campbell Close,E01014072,Herefordshire 015C,Anti-social behaviour,,
,2015-04,West Mercia Police,West Mercia Police,-2.718913,52.037306,On or near Upper Field Close,E01014072,Herefordshire 015C,Anti-social behaviour,,
,2015-04,West Mercia Police,West Mercia Police,-2.716887,52.037354,On or near Campbell Close,E01014072,Herefordshire 015C,Anti-social behaviour,,
,2015-04,West Mercia Police,West Mercia Police,-2.715146,52.039703,On or near Orchard Avenue,E01014072,Herefordshire 015C,Anti-social behaviour,,
,2015-04,West Mercia Police,West Mercia Police,-2.724395,52.037326,On or near Merestone Road,E01014072,Herefordshire 015C,Anti-social behaviour,,
,2015-04,West Mercia Police,West Mercia Police,-2.715988,52.037684,On or near Oak Field Road,E01014072,Herefordshire 015C,Anti-social behaviour,,
,2015-04,West Mercia Police,West Mercia Police,-2.716887,52.037354,On or near Campbell Close,E01014072,Herefordshire 015C,Anti-social behaviour,,
,2015-04,West Mercia Police,West Mercia Police,-2.713666,52.039217,On or near Hoarwithy Road,E01014072,Herefordshire 015C,Anti-social behaviour,,
,2015-04,West Mercia Police,West Mercia Police,-2.723096,52.040895,On or near Mayberry Avenue,E01014072,Herefordshire 015C,Anti-social behaviour,,
,2015-04,West Mercia Police,West Mercia Police,-2.724395,52.037326,On or near Merestone Road,E01014072,Herefordshire 015C,Anti-social behaviour,,
,2015-04,West Mercia Police,West Mercia Police,-2.715146,52.039703,On or near Orchard Avenue,E01014072,Herefordshire 015C,Anti-social behaviour,,
,2015-04,West Mercia Police,West Mercia Police,-2.722919,52.039844,On or near Grafton Walk,E01014072,Herefordshire 015C,Anti-social behaviour,,
dc4cf2cd5d65e7b1b46a2556087c2b5a1f4b1f800fd6ef1fc916efbcf573bd49,2015-04,West Mercia Police,West Mercia Police,-2.716887,52.037354,On or near Campbell Close,E01014072,Herefordshire 015C,Criminal damage and arson,Local resolution,
201fc9d7034f32b61d6b2c48207cf1913f5936447dd0f2246491472aba03e07d,2015-04,West Mercia Police,West Mercia Police,-2.725529,52.038075,On or near Laysters Avenue,E01014072,Herefordshire 015C,Criminal damage and arson,Investigation complete; no suspect identified,
24d541102eed42137ee8867b38766aedc6294a787ccc78844b476f6632a47b03,2015-04,West Mercia Police,West Mercia Police,-2.724395,52.037326,On or near Merestone Road,E01014072,Herefordshire 015C,Criminal damage and arson,Offender given conditional discharge,
03da05eeab64e2848a84f5b98f9d56d0b152e578688cffdaef148bdadd7111a4,2015-04,West Mercia Police,West Mercia Police,-2.715146,52.039703,On or near Orchard Avenue,E01014072,Herefordshire 015C,Violence and sexual offences,Unable to prosecute suspect,
de4ab0d6b1e03280b38ea457c1278e186acbdb72e7a43bb3bfa6931b430b2a81,2015-04,West Mercia Police,West Mercia Police,-2.724395,52.037326,On or near Merestone Road,E01014072,Herefordshire 015C,Violence and sexual offences,Unable to prosecute suspect,
7e9a4d870d06b5c04dab1dd44038e33e067cab68c36f37f6ce1bb3fbc0becabe,2015-04,West Mercia Police,West Mercia Police,-2.722778,52.037453,On or near Quicksets,E01014072,Herefordshire 015C,Violence and sexual offences,Offender given a caution,
c36478b9d5779391a75a64b0e35eee42bb531f7d5e7195ae65a7e3702038ffbf,2015-04,West Mercia Police,West Mercia Police,-2.724450,52.038072,On or near Marlbrook Road,E01014072,Herefordshire 015C,Violence and sexual offences,Local resolution,
cb484f743f1805dca07a43e6df536bdddb9e7a58b8cdffcec61cd19062c19f71,2015-04,West Mercia Police,West Mercia Police,-2.725529,52.038075,On or near Laysters Avenue,E01014072,Herefordshire 015C,Violence and sexual offences,Unable to prosecute suspect,
23e12ec77659563f37abcee7c91dd867a725ad9901128c0bec12e6f7642e1b2c,2015-04,West Mercia Police,West Mercia Police,-2.715146,52.039703,On or near Orchard Avenue,E01014072,Herefordshire 015C,Violence and sexual offences,Unable to prosecute suspect,
e6eb3560a9e73230c782389fd062782f94641102863d8ac0da2d2c0c2b1d8718,2015-04,West Mercia Police,West Mercia Police,-2.715146,52.039703,On or near Orchard Avenue,E01014072,Herefordshire 015C,Other crime,Unable to prosecute suspect,
7af5b8a6061c035ccfecb30092ee03cf8483e074ce774da430b31d06afdd943b,2015-04,West Mercia Police,West Mercia Police,-2.715146,52.039703,On or near Orchard Avenue,E01014072,Herefordshire 015C,Other crime,Unable to prosecute suspect,
7a4053a74e83e635c3c8ccd88dc29ed8b6bd9809961db0bf2b876ca0f363f9f0,2015-04,West Mercia Police,West Mercia Police,-2.715146,52.039703,On or near Orchard Avenue,E01014072,Herefordshire 015C,Other crime,Unable to prosecute suspect,
189c6a22578449e3e1545cb37a4ba08c511e22d97d958ed88fa368ab7b46baf5,2015-04,West Mercia Police,West Mercia Police,-2.715146,52.039703,On or near Orchard Avenue,E01014072,Herefordshire 015C,Other crime,Unable to prosecute suspect,
,2015-04,West Mercia Police,West Mercia Police,-2.714261,52.037226,On or near Ramsay Close,E01014073,Herefordshire 015D,Anti-social behaviour,,
,2015-04,West Mercia Police,West Mercia Police,-2.711266,52.039582,On or near Ridgeway Avenue,E01014073,Herefordshire 015D,Anti-social behaviour,,
,2015-04,West Mercia Police,West Mercia Police,-2.707135,52.040200,On or near Mayne Avenue,E01014073,Herefordshire 015D,Anti-social behaviour,,
,2015-04,West Mercia Police,West Mercia Police,-2.714261,52.037226,On or near Ramsay Close,E01014073,Herefordshire 015D,Anti-social behaviour,,
,2015-04,West Mercia Police,West Mercia Police,-2.714261,52.037226,On or near Ramsay Close,E01014073,Herefordshire 015D,Anti-social behaviour,,
,2015-04,West Mercia Police,West Mercia Police,-2.714261,52.037226,On or near Ramsay Close,E01014073,Herefordshire 015D,Anti-social behaviour,,
,2015-04,West Mercia Police,West Mercia Police,-2.712048,52.040162,On or near Winston Road,E01014073,Herefordshire 015D,Anti-social behaviour,,
efdb5a620eef16862852d01e1c65f08b7100321ccc1ad99729bbb0dc9526f54a,2015-04,West Mercia Police,West Mercia Police,-2.714261,52.037226,On or near Ramsay Close,E01014073,Herefordshire 015D,Burglary,Investigation complete; no suspect identified,
1bfff5ddce125488d33e27707d79a5d13ed03a4ed4b039b89c52f7a107b24cf5,2015-04,West Mercia Police,West Mercia Police,-2.714261,52.037226,On or near Ramsay Close,E01014073,Herefordshire 015D,Criminal damage and arson,Investigation complete; no suspect identified,
,2015-04,West Mercia Police,West Mercia Police,-2.725287,52.047454,On or near Springfield Avenue,E01014074,Herefordshire 015E,Anti-social behaviour,,
,2015-04,West Mercia Police,West Mercia Police,-2.718028,52.049404,On or near Parking Area,E01014074,Herefordshire 015E,Anti-social behaviour,,
,2015-04,West Mercia Police,West Mercia Police,-2.722452,52.047021,On or near Poole Close,E01014074,Herefordshire 015E,Anti-social behaviour,,
,2015-04,West Mercia Police,West Mercia Police,-2.722932,52.048808,On or near Belmont Avenue,E01014074,Herefordshire 015E,Anti-social behaviour,,
,2015-04,West Mercia Police,West Mercia Police,-2.725287,52.047454,On or near Springfield Avenue,E01014074,Herefordshire 015E,Anti-social behaviour,,
,2015-04,West Mercia Police,West Mercia Police,-2.722932,52.048808,On or near Belmont Avenue,E01014074,Herefordshire 015E,Anti-social behaviour,,
,2015-04,West Mercia Police,West Mercia Police,-2.717683,52.050656,On or near St Martin'S Avenue,E01014074,Herefordshire 015E,Anti-social behaviour,,
,2015-04,West Mercia Police,West Mercia Police,-2.717683,52.050656,On or near St Martin'S Avenue,E01014074,Herefordshire 015E,Anti-social behaviour,,
,2015-04,West Mercia Police,West Mercia Police,-2.722452,52.047021,On or near Poole Close,E01014074,Herefordshire 015E,Anti-social behaviour,,
,2015-04,West Mercia Police,West Mercia Police,-2.719159,52.048993,On or near Meadow Close,E01014074,Herefordshire 015E,Anti-social behaviour,,
,2015-04,West Mercia Police,West Mercia Police,-2.717683,52.050656,On or near St Martin'S Avenue,E01014074,Herefordshire 015E,Anti-social behaviour,,
,2015-04,West Mercia Police,West Mercia Police,-2.722932,52.048808,On or near Belmont Avenue,E01014074,Herefordshire 015E,Anti-social behaviour,,
,2015-04,West Mercia Police,West Mercia Police,-2.725287,52.047454,On or near Springfield Avenue,E01014074,Herefordshire 015E,Anti-social behaviour,,
,2015-04,West Mercia Police,West Mercia Police,-2.718028,52.049404,On or near Parking Area,E01014074,Herefordshire 015E,Anti-social behaviour,,
,2015-04,West Mercia Police,West Mercia Police,-2.722452,52.047021,On or near Poole Close,E01014074,Herefordshire 015E,Anti-social behaviour,,
,2015-04,West Mercia Police,West Mercia Police,-2.725287,52.047454,On or near Springfield Avenue,E01014074,Herefordshire 015E,Anti-social behaviour,,
,2015-04,West Mercia Police,West Mercia Police,-2.717683,52.050656,On or near St Martin'S Avenue,E01014074,Herefordshire 015E,Anti-social behaviour,,
,2015-04,West Mercia Police,West Mercia Police,-2.725287,52.047454,On or near Springfield Avenue,E01014074,Herefordshire 015E,Anti-social behaviour,,
,2015-04,West Mercia Police,West Mercia Police,-2.712452,52.046345,On or near Wyelands Close,E01014074,Herefordshire 015E,Anti-social behaviour,,
,2015-04,West Mercia Police,West Mercia Police,-2.717777,52.051977,On or near Wye Street,E01014074,Herefordshire 015E,Anti-social behaviour,,
,2015-04,West Mercia Police,West Mercia Police,-2.718028,52.049404,On or near Parking Area,E01014074,Herefordshire 015E,Anti-social behaviour,,
e2ebafaf29a4d01e5ac3227a7cb7fd670f6d964a7147fc3dff68f5dda8d30082,2015-04,West Mercia Police,West Mercia Police,-2.722452,52.047021,On or near Poole Close,E01014074,Herefordshire 015E,Bicycle theft,Investigation complete; no suspect identified,
31e0531a058d2cde68b79f9aa6993f78271c3fa651959c32bb86dc4ec11aca93,2015-04,West Mercia Police,West Mercia Police,-2.718511,52.051343,On or near St Martin'S Street,E01014074,Herefordshire 015E,Bicycle theft,Investigation complete; no suspect identified,
6da7eb4d4ff49d220c375f0b8eae78d8e08c67d8ced95332f7c056cf3da7a4e9,2015-04,West Mercia Police,West Mercia Police,-2.725287,52.047454,On or near Springfield Avenue,E01014074,Herefordshire 015E,Criminal damage and arson,Investigation complete; no suspect identified,
f72599dd6352ff36264066a234687635fccad5da3352d91bf3836618fccb59ca,2015-04,West Mercia Police,West Mercia Police,-2.722452,52.047021,On or near Poole Close,E01014074,Herefordshire 015E,Criminal damage and arson,Investigation complete; no suspect identified,
07e36572fee3e85bdc2658e5a6a75b1d7ff7278ca80d73796acd70576cbccd61,2015-04,West Mercia Police,West Mercia Police,-2.722932,52.048808,On or near Belmont Avenue,E01014074,Herefordshire 015E,Drugs,Offender fined,
e01ae9566812ec8769e536f271f656a84b050b922eaa4f17be3f08b316ea8007,2015-04,West Mercia Police,West Mercia Police,-2.722452,52.047021,On or near Poole Close,E01014074,Herefordshire 015E,Other theft,Investigation complete; no suspect identified,
2c03459ac3ef1e934d2086ce4fa1cb3a996b2263821c4e22992a4cdd85a750ee,2015-04,West Mercia Police,West Mercia Police,-2.718028,52.049404,On or near Parking Area,E01014074,Herefordshire 015E,Other theft,Investigation complete; no suspect identified,
1b20dd35036a1f18c8baeffa1948df5acc854fdf2c8ae7b14a12b1c3fba5ee7d,2015-04,West Mercia Police,West Mercia Police,-2.722932,52.048808,On or near Belmont Avenue,E01014074,Herefordshire 015E,Shoplifting,Local resolution,
e7e696976d72dbf16cdcc599f7b8f6bbc1631b6467b781d03d472e953faf55d1,2015-04,West Mercia Police,West Mercia Police,-2.719159,52.048993,On or near Meadow Close,E01014074,Herefordshire 015E,Violence and sexual offences,Offender given suspended prison sentence,
f7221f1fdb85cdc27926ce639cffcdc037acf8ec2dda62d8c9e36a7508fd9283,2015-04,West Mercia Police,West Mercia Police,-2.717683,52.050656,On or near St Martin'S Avenue,E01014074,Herefordshire 015E,Violence and sexual offences,Unable to prosecute suspect,
d93f0186586c1c1cd3d36f941d8d06c60026e88bb065ab8b0316e8babae9104c,2015-04,West Mercia Police,West Mercia Police,-2.725287,52.047454,On or near Springfield Avenue,E01014074,Herefordshire 015E,Violence and sexual offences,Offender given a caution,
0ed70603ca02c2d9c42269d63a177ad78ef441b5026b1b6139aef14a1bc83c86,2015-04,West Mercia Police,West Mercia Police,-2.725287,52.047454,On or near Springfield Avenue,E01014074,Herefordshire 015E,Violence and sexual offences,Offender given a caution,
75038f45420d08de8177ed72bbd1fdf401956f5e5ced8b7552970b00bc3b008f,2015-04,West Mercia Police,West Mercia Police,-2.725287,52.047454,On or near Springfield Avenue,E01014074,Herefordshire 015E,Violence and sexual offences,Unable to prosecute suspect,
51a86836dc45e4c7125962bf609d64ccb7bc7c382a3bba7a348220becc9eafd1,2015-04,West Mercia Police,West Mercia Police,-2.721493,52.045454,On or near Boycott Road,E01014074,Herefordshire 015E,Violence and sexual offences,Unable to prosecute suspect,
010af14c18f93a2174b4aca19ed14524146920231920692b8f49c3cee13e72e2,2015-04,West Mercia Police,West Mercia Police,-2.722452,52.047021,On or near Poole Close,E01014074,Herefordshire 015E,Violence and sexual offences,Unable to prosecute suspect,
f83b5ce20cd68f81edc2395183e929edc8d9c784e7dd1f66c0564d0b676105c6,2015-04,West Mercia Police,West Mercia Police,-2.717683,52.050656,On or near St Martin'S Avenue,E01014074,Herefordshire 015E,Violence and sexual offences,Unable to prosecute suspect,
d3407cc11c492ad86a8df41a34bc72283d9f5715e93e7cbb7bb6955f19e5a31e,2015-04,West Mercia Police,West Mercia Police,-2.722932,52.048808,On or near Belmont Avenue,E01014074,Herefordshire 015E,Other crime,Unable to prosecute suspect,
,2015-04,West Mercia Police,West Mercia Police,-2.742809,52.044458,On or near Shellingham Way,E01013996,Herefordshire 016A,Anti-social behaviour,,
,2015-04,West Mercia Police,West Mercia Police,-2.742809,52.044458,On or near Shellingham Way,E01013996,Herefordshire 016A,Anti-social behaviour,,
,2015-04,West Mercia Police,West Mercia Police,-2.742809,52.044458,On or near Shellingham Way,E01013996,Herefordshire 016A,Anti-social behaviour,,
99b7443ca9ab39766ece7f8c97ad38392bd2c59d8b616af4b3e115db072e406e,2015-04,West Mercia Police,West Mercia Police,-2.740842,52.042771,On or near Abbotsmead Road,E01013996,Herefordshire 016A,Violence and sexual offences,Investigation complete; no suspect identified,
,2015-04,West Mercia Police,West Mercia Police,-2.743862,52.043786,On or near Northolme Road,E01013997,Herefordshire 016B,Anti-social behaviour,,
67c8df8dfc622ae54bf85399fe43f4a61b7e45728f759680549dbc2f4ea53021,2015-04,West Mercia Police,West Mercia Police,-2.745775,52.040457,On or near Abingdon Drive,E01013997,Herefordshire 016B,Criminal damage and arson,Unable to prosecute suspect,
29c6fda2eff7945922060a9d9812d40fcdfa63fecd240a9b634fe18ef9e6ae51,2015-04,West Mercia Police,West Mercia Police,-2.740799,52.040209,On or near Southolme Road,E01013997,Herefordshire 016B,Criminal damage and arson,Investigation complete; no suspect identified,
12793292792727333896eeea2716f526a2f3dca2a205fc86db5aa410fc86f607,2015-04,West Mercia Police,West Mercia Police,-2.744881,52.041937,On or near Bodmin Close,E01013997,Herefordshire 016B,Drugs,Offender given a caution,
72b94157a7ad715a5638f2839bfc0494827daccd6d4e230dca3a84856b9f630d,2015-04,West Mercia Police,West Mercia Police,-2.742618,52.040863,On or near A465,E01013997,Herefordshire 016B,Other theft,Investigation complete; no suspect identified,
a625ea22c3f25e51110c2487787b632dd7927fef3322249e88aa405ffec3eece,2015-04,West Mercia Police,West Mercia Police,-2.744881,52.041937,On or near Bodmin Close,E01013997,Herefordshire 016B,Violence and sexual offences,Unable to prosecute suspect,
2a88dd925292f05ac1edd3f7ecf7ad7ef3a4f1a87306396065f269c50a670f43,2015-04,West Mercia Police,West Mercia Police,-2.740799,52.040209,On or near Southolme Road,E01013997,Herefordshire 016B,Violence and sexual offences,Unable to prosecute suspect,
3f02a9cce0741ae4e5802b446fea107a8f44d5f892f7eb46f468d8d08397d51f,2015-04,West Mercia Police,West Mercia Police,-2.743290,52.040041,On or near Wheatridge Road,E01013997,Herefordshire 016B,Violence and sexual offences,Offender given conditional discharge,
,2015-04,West Mercia Police,West Mercia Police,-2.848017,52.044072,On or near St Mary'S Close,E01014079,Herefordshire 016C,Anti-social behaviour,,
,2015-04,West Mercia Police,West Mercia Police,-2.849473,52.043935,On or near Rosemary Lane,E01014079,Herefordshire 016C,Anti-social behaviour,,
e724a043181a89774999e7803b748456dde219d51ee7c537104b49467fffc6ff,2015-04,West Mercia Police,West Mercia Police,-2.878334,52.056859,On or near Park/Open Space,E01014079,Herefordshire 016C,Burglary,Investigation complete; no suspect identified,
e24ef9b523f0e251448a9b9d4b4b496a72d788f09b0414fa514c49e5f65c165a,2015-04,West Mercia Police,West Mercia Police,-2.802008,52.050193,On or near Park/Open Space,E01014079,Herefordshire 016C,Criminal damage and arson,Unable to prosecute suspect,
609c6f35b127702affc2b1ecc4056e2c94a09a5bf118df2d7e430d218eba8787,2015-04,West Mercia Police,West Mercia Police,-2.878334,52.056859,On or near Park/Open Space,E01014079,Herefordshire 016C,Criminal damage and arson,Investigation complete; no suspect identified,
4124071aaa24fe73a57ebddae49f77008495289ead0bf74001555b63e876235f,2015-04,West Mercia Police,West Mercia Police,-2.852965,52.045106,On or near Paterson Close,E01014079,Herefordshire 016C,Criminal damage and arson,Investigation complete; no suspect identified,
c7415d014c7a2508aab192b4dc802e0385b8849c6d892467ca112fe9a6e6f5b6,2015-04,West Mercia Police,West Mercia Police,-2.851875,52.033021,On or near Airport/Airfield,E01014079,Herefordshire 016C,Other theft,Investigation complete; no suspect identified,
f58a65ea7af290b7eaf422480bb69430bfed85f00ef37afc64a5ece7243a6333,2015-04,West Mercia Police,West Mercia Police,-2.878334,52.056859,On or near Park/Open Space,E01014079,Herefordshire 016C,Other theft,Investigation complete; no suspect identified,
016a4e4138d61729f1d585a6dd1bf5d24b5563c2727a259c45924c2c2d3d92b4,2015-04,West Mercia Police,West Mercia Police,-2.848017,52.044072,On or near St Mary'S Close,E01014079,Herefordshire 016C,Other theft,Investigation complete; no suspect identified,
e4d067484494125f7ee358d5366634899934daf6736265e80c254c34fc9bd231,2015-04,West Mercia Police,West Mercia Police,-2.824597,52.039140,On or near B4352,E01014079,Herefordshire 016C,Violence and sexual offences,Unable to prosecute suspect,
614234dee30ecaea28d70e83a858bd35f76b2d2857c9d083be958ce12e616361,2015-04,West Mercia Police,West Mercia Police,-2.802008,52.050193,On or near Park/Open Space,E01014079,Herefordshire 016C,Violence and sexual offences,Unable to prosecute suspect,
b5441f074263347cb50bc55f09439c41920dd2baff2a92dc5d32ef92735b15e8,2015-04,West Mercia Police,West Mercia Police,-2.824597,52.039140,On or near B4352,E01014079,Herefordshire 016C,Violence and sexual offences,Unable to prosecute suspect,
6967ffc759b1f2d84bba97334226b88cf96ea0b92074f1481edc938499544ed7,2015-04,West Mercia Police,West Mercia Police,-2.802008,52.050193,On or near Park/Open Space,E01014079,Herefordshire 016C,Violence and sexual offences,Unable to prosecute suspect,
,2015-04,West Mercia Police,West Mercia Police,-2.804255,52.034012,On or near Oak Crescent,E01014080,Herefordshire 016D,Anti-social behaviour,,
,2015-04,West Mercia Police,West Mercia Police,-2.807036,52.032231,On or near The Hollies,E01014080,Herefordshire 016D,Anti-social behaviour,,
,2015-04,West Mercia Police,West Mercia Police,-2.802245,52.034116,On or near Elm Grove,E01014080,Herefordshire 016D,Anti-social behaviour,,
,2015-04,West Mercia Police,West Mercia Police,-2.802245,52.034116,On or near Elm Grove,E01014080,Herefordshire 016D,Anti-social behaviour,,
2d77348de2adb8d793a4890b8081a251edac4975cb6c90c98a149ba6573caa2c,2015-04,West Mercia Police,West Mercia Police,-2.802245,52.034116,On or near Elm Grove,E01014080,Herefordshire 016D,Other theft,Investigation complete; no suspect identified,
e7adab58e76db2c667c373a9bfa66be74212403eb193e116f1c9e21a7ea1d9f3,2015-04,West Mercia Police,West Mercia Police,-2.802245,52.034116,On or near Elm Grove,E01014080,Herefordshire 016D,Other theft,Investigation complete; no suspect identified,
2bff05960abdb0e4ca87fc31e4c73e88b2734bf1d177453c83277b0da89b1d5d,2015-04,West Mercia Police,West Mercia Police,-2.807036,52.032231,On or near The Hollies,E01014080,Herefordshire 016D,Violence and sexual offences,Unable to prosecute suspect,
09f13607c5f125271973b2b427a288babac85049696a3c1ead4421e16567c6d1,2015-04,West Mercia Police,West Mercia Police,-2.757983,52.037313,On or near Sports/Recreation Area,E01014080,Herefordshire 016D,Violence and sexual offences,Unable to prosecute suspect,
765be358620bd8a9f419a64fd161ec87f6ac104c57eadbd39a1647e18256a34b,2015-04,West Mercia Police,West Mercia Police,-2.807036,52.032231,On or near The Hollies,E01014080,Herefordshire 016D,Violence and sexual offences,Unable to prosecute suspect,
,2015-04,West Mercia Police,West Mercia Police,-2.739379,52.035453,On or near Vernon Williams Close,E01013992,Herefordshire 017A,Anti-social behaviour,,
,2015-04,West Mercia Police,West Mercia Police,-2.738460,52.038938,On or near Dunoon Mead,E01013992,Herefordshire 017A,Anti-social behaviour,,
,2015-04,West Mercia Police,West Mercia Police,-2.737959,52.035921,On or near Treago Grove,E01013992,Herefordshire 017A,Anti-social behaviour,,
,2015-04,West Mercia Police,West Mercia Police,-2.737892,52.036290,On or near Cradley Close,E01013992,Herefordshire 017A,Anti-social behaviour,,
,2015-04,West Mercia Police,West Mercia Police,-2.738460,52.038938,On or near Dunoon Mead,E01013992,Herefordshire 017A,Anti-social behaviour,,
,2015-04,West Mercia Police,West Mercia Police,-2.738460,52.038938,On or near Dunoon Mead,E01013992,Herefordshire 017A,Anti-social behaviour,,
,2015-04,West Mercia Police,West Mercia Police,-2.738460,52.038938,On or near Dunoon Mead,E01013992,Herefordshire 017A,Anti-social behaviour,,
,2015-04,West Mercia Police,West Mercia Police,-2.736212,52.036111,On or near Blakemore Close,E01013992,Herefordshire 017A,Anti-social behaviour,,
0a08df46370dfcd7f32f9a2e5f15162e00ef2a86a0439b12cf716c89a97d509b,2015-04,West Mercia Police,West Mercia Police,-2.739860,52.040719,On or near Eastholme Avenue,E01013992,Herefordshire 017A,Criminal damage and arson,Investigation complete; no suspect identified,
3101c295b09f1088eb135a733217da7f1af9ee34c94b62cbd7f6f687e582b5b9,2015-04,West Mercia Police,West Mercia Police,-2.739379,52.035453,On or near Vernon Williams Close,E01013992,Herefordshire 017A,Criminal damage and arson,Offender given a caution,
56d85d85b41e8aed81ee9d3acba8580d2658ee27666808781339443e0d9f51f5,2015-04,West Mercia Police,West Mercia Police,-2.735645,52.035315,On or near John Tarrant Close,E01013992,Herefordshire 017A,Criminal damage and arson,Offender ordered to pay compensation,
a3150e4158c672f6427a39180b885f43f4f1872f0b3c46b503fedc585cd19990,2015-04,West Mercia Police,West Mercia Police,-2.738460,52.038938,On or near Dunoon Mead,E01013992,Herefordshire 017A,Criminal damage and arson,Unable to prosecute suspect,
961d25b5b9bc84cac8dad8896047ff0d9d38bc1bff4a748ac33bcbd0e449ad3a,2015-04,West Mercia Police,West Mercia Police,-2.741552,52.038137,On or near Kingfisher Road,E01013992,Herefordshire 017A,Criminal damage and arson,Unable to prosecute suspect,
b9959740578ba29b2dc727b0e124a4688421dde195b724aadb4b007357d7051b,2015-04,West Mercia Police,West Mercia Police,-2.739684,52.036224,On or near Eric Brown Close,E01013992,Herefordshire 017A,Violence and sexual offences,Unable to prosecute suspect,
b52ba9367e7e7116c507ed9e3225357d8ac0098c2262a75ae5fd8b0d8ec47878,2015-04,West Mercia Police,West Mercia Police,-2.737959,52.035921,On or near Treago Grove,E01013992,Herefordshire 017A,Violence and sexual offences,Offender given a caution,
1d0461f57afbd25384ff1d1ebc662bdb37803a9252f38d431a0affc9b8e504f1,2015-04,West Mercia Police,West Mercia Police,-2.741552,52.038137,On or near Kingfisher Road,E01013992,Herefordshire 017A,Violence and sexual offences,Unable to prosecute suspect,
d52c16fc06d4fe5b1b27d4af1ce0f11e9993a7c6bbb0c89997ad0534c2aafcb4,2015-04,West Mercia Police,West Mercia Police,-2.738460,52.038938,On or near Dunoon Mead,E01013992,Herefordshire 017A,Violence and sexual offences,Defendant found not guilty,
3d01f52d5326497bbcfee15d1c182f7176c395171ea59a35bf3df4bc75323a33,2015-04,West Mercia Police,West Mercia Police,-2.738166,52.036989,On or near Pixley Walk,E01013992,Herefordshire 017A,Violence and sexual offences,Local resolution,
d06dfea9c4ce1b88da36ccb0a92356cc98159bf49361f788da9bfcf49f943c6c,2015-04,West Mercia Police,West Mercia Police,-2.738166,52.036989,On or near Pixley Walk,E01013992,Herefordshire 017A,Violence and sexual offences,Local resolution,
14b3faa138d41957e046bfea3ee99362116b4498ae37e7c7b302e4122787ab21,2015-04,West Mercia Police,West Mercia Police,-2.744076,52.039110,On or near Westholme Road,E01013992,Herefordshire 017A,Violence and sexual offences,Court result unavailable,
,2015-04,West Mercia Police,West Mercia Police,-2.733060,52.036814,On or near Kinnersley Close,E01013993,Herefordshire 017B,Anti-social behaviour,,
,2015-04,West Mercia Police,West Mercia Police,-2.733060,52.036814,On or near Kinnersley Close,E01013993,Herefordshire 017B,Anti-social behaviour,,
,2015-04,West Mercia Police,West Mercia Police,-2.733060,52.036814,On or near Kinnersley Close,E01013993,Herefordshire 017B,Anti-social behaviour,,
,2015-04,West Mercia Police,West Mercia Police,-2.735310,52.038841,On or near Wigmore Grove,E01013993,Herefordshire 017B,Anti-social behaviour,,
,2015-04,West Mercia Police,West Mercia Police,-2.735310,52.038841,On or near Wigmore Grove,E01013993,Herefordshire 017B,Anti-social behaviour,,
82652bf8218caec7da661ea33fca3fc0b3f713beadb68e34d2e99e43decb5019,2015-04,West Mercia Police,West Mercia Police,-2.733762,52.039597,On or near Weobley Close,E01013993,Herefordshire 017B,Burglary,Investigation complete; no suspect identified,
0c0b8e534b22efa0633facd1d998363d1d922a8d633cfc1af0b2f1191a25a9bb,2015-04,West Mercia Police,West Mercia Police,-2.733041,52.038298,On or near Brampton Road,E01013993,Herefordshire 017B,Burglary,Investigation complete; no suspect identified,
9db3ab0572495420d252890a821c51e0580166dec2d4aa02b728280a283aca96,2015-04,West Mercia Police,West Mercia Police,-2.733041,52.038298,On or near Brampton Road,E01013993,Herefordshire 017B,Burglary,Investigation complete; no suspect identified,
6952c6ef32f57a7a3505e06148816eb441aa028a4dbf5959eda9d89caf1a877c,2015-04,West Mercia Police,West Mercia Police,-2.733060,52.036814,On or near Kinnersley Close,E01013993,Herefordshire 017B,Criminal damage and arson,Unable to prosecute suspect,
19e9445295ebbd1fb44e709cc377f2a7e63be7c2b8b1fa1df050dc5f70e912d5,2015-04,West Mercia Police,West Mercia Police,-2.736044,52.037407,On or near Muir Close,E01013993,Herefordshire 017B,Criminal damage and arson,Offender sent to prison,
eff8abf93c0621f7a4ae6bb89e45cc223a644c9adaddb090806ac0831fdb74bb,2015-04,West Mercia Police,West Mercia Police,-2.733543,52.036002,On or near Whitecastle Close,E01013993,Herefordshire 017B,Drugs,Offender given a caution,
e3b6ae71df834c39a2637a0e54c429b15e5a7ecc710a33421e8a243877e13701,2015-04,West Mercia Police,West Mercia Police,-2.734413,52.037534,On or near Kilpeck Avenue,E01013993,Herefordshire 017B,Shoplifting,Investigation complete; no suspect identified,
ce8e7d48e07f6e7bd6dd1429acf39960ba614523dc722ad9f3a6bd10b662743d,2015-04,West Mercia Police,West Mercia Police,-2.734789,52.039096,On or near Wilton Avenue,E01013993,Herefordshire 017B,Vehicle crime,Unable to prosecute suspect,
376f6d1e55023680e0416bdb1a4ac2236c06cce8232a3c418f8dbb71425d99ba,2015-04,West Mercia Police,West Mercia Police,-2.736044,52.037407,On or near Muir Close,E01013993,Herefordshire 017B,Violence and sexual offences,Unable to prosecute suspect,
785809df3bd76a7a6b92451b8b92c394f12462c15bd38a3b6744a1d4fc7e98ed,2015-04,West Mercia Police,West Mercia Police,-2.733041,52.038298,On or near Brampton Road,E01013993,Herefordshire 017B,Violence and sexual offences,Court result unavailable,
,2015-04,West Mercia Police,West Mercia Police,-2.731328,52.046805,On or near Hunderton Road,E01013994,Herefordshire 017C,Anti-social behaviour,,
,2015-04,West Mercia Police,West Mercia Police,-2.733217,52.048151,On or near Villa Street,E01013994,Herefordshire 017C,Anti-social behaviour,,
,2015-04,West Mercia Police,West Mercia Police,-2.730819,52.043311,On or near The Oval,E01013994,Herefordshire 017C,Anti-social behaviour,,
,2015-04,West Mercia Police,West Mercia Police,-2.729377,52.045208,On or near Merryhill Crescent,E01013994,Herefordshire 017C,Anti-social behaviour,,
,2015-04,West Mercia Police,West Mercia Police,-2.733142,52.047126,On or near Cagebrook Avenue,E01013994,Herefordshire 017C,Anti-social behaviour,,
,2015-04,West Mercia Police,West Mercia Police,-2.730181,52.047972,On or near Wallis Avenue,E01013994,Herefordshire 017C,Anti-social behaviour,,
,2015-04,West Mercia Police,West Mercia Police,-2.733142,52.047126,On or near Cagebrook Avenue,E01013994,Herefordshire 017C,Anti-social behaviour,,
,2015-04,West Mercia Police,West Mercia Police,-2.730819,52.043311,On or near The Oval,E01013994,Herefordshire 017C,Anti-social behaviour,,
,2015-04,West Mercia Police,West Mercia Police,-2.729377,52.045208,On or near Merryhill Crescent,E01013994,Herefordshire 017C,Anti-social behaviour,,
,2015-04,West Mercia Police,West Mercia Police,-2.730959,52.046501,On or near Old Tram Road,E01013994,Herefordshire 017C,Anti-social behaviour,,
,2015-04,West Mercia Police,West Mercia Police,-2.733142,52.047126,On or near Cagebrook Avenue,E01013994,Herefordshire 017C,Anti-social behaviour,,
,2015-04,West Mercia Police,West Mercia Police,-2.733217,52.048151,On or near Villa Street,E01013994,Herefordshire 017C,Anti-social behaviour,,
,2015-04,West Mercia Police,West Mercia Police,-2.730959,52.046501,On or near Old Tram Road,E01013994,Herefordshire 017C,Anti-social behaviour,,
,2015-04,West Mercia Police,West Mercia Police,-2.731715,52.047279,On or near Vaga Close,E01013994,Herefordshire 017C,Anti-social behaviour,,
,2015-04,West Mercia Police,West Mercia Police,-2.731328,52.046805,On or near Hunderton Road,E01013994,Herefordshire 017C,Anti-social behaviour,,
,2015-04,West Mercia Police,West Mercia Police,-2.730819,52.043311,On or near The Oval,E01013994,Herefordshire 017C,Anti-social behaviour,,
,2015-04,West Mercia Police,West Mercia Police,-2.730819,52.043311,On or near The Oval,E01013994,Herefordshire 017C,Anti-social behaviour,,
,2015-04,West Mercia Police,West Mercia Police,-2.733242,52.045247,On or near Beattie Avenue,E01013994,Herefordshire 017C,Anti-social behaviour,,
,2015-04,West Mercia Police,West Mercia Police,-2.730819,52.043311,On or near The Oval,E01013994,Herefordshire 017C,Anti-social behaviour,,
b2878f0848a0ad5dd2b3bebb9ae69a67fd0c9e84e70d817e9bc768a412da3b15,2015-04,West Mercia Police,West Mercia Police,-2.733217,52.048151,On or near Villa Street,E01013994,Herefordshire 017C,Burglary,Investigation complete; no suspect identified,
85afa7fd903cb9c64a048ae1496aedbffbabe4913b75e956332c8c41a61931fa,2015-04,West Mercia Police,West Mercia Police,-2.728435,52.048207,On or near Charles Witts Avenue,E01013994,Herefordshire 017C,Criminal damage and arson,Investigation complete; no suspect identified,
6259085044ed6688fc452b8bef52a190097a6e45d85dd01028bc7349fcbdf8cc,2015-04,West Mercia Police,West Mercia Police,-2.731884,52.045129,On or near Haylease Crescent,E01013994,Herefordshire 017C,Criminal damage and arson,Local resolution,
1282f66186f01f86457b579692da464aecb0b216df703caee7fac749a1018e19,2015-04,West Mercia Police,West Mercia Police,-2.731328,52.046805,On or near Hunderton Road,E01013994,Herefordshire 017C,Public order,Investigation complete; no suspect identified,
5c2a54fe68c3288ff8cd531ccefe8d2f80d87cde28de6e7c3d8352e8a9e7b62f,2015-04,West Mercia Police,West Mercia Police,-2.730819,52.043311,On or near The Oval,E01013994,Herefordshire 017C,Shoplifting,Investigation complete; no suspect identified,
d682048167ef285f0528be4d707b2b0b414fa43da601fd895b309abb96274b74,2015-04,West Mercia Police,West Mercia Police,-2.733142,52.047126,On or near Cagebrook Avenue,E01013994,Herefordshire 017C,Violence and sexual offences,Offender given community sentence,
24ea3432f7ac5554b5592bb94a0352d223705d0de488252451c1a692b4c6e535,2015-04,West Mercia Police,West Mercia Police,-2.729404,52.048606,On or near Lewis Smith Avenue,E01013994,Herefordshire 017C,Violence and sexual offences,Unable to prosecute suspect,
9cf54a5d1b633eb81ca4e7f4acf76fdb090756ebd3f8ed80a741c80ab2a8a59d,2015-04,West Mercia Police,West Mercia Police,-2.733242,52.045247,On or near Beattie Avenue,E01013994,Herefordshire 017C,Violence and sexual offences,Unable to prosecute suspect,
88b84b0d0b814f0f48765589b5c983e194f59a43d97bcd21b0c8ac978881be2a,2015-04,West Mercia Police,West Mercia Police,-2.729404,52.048606,On or near Lewis Smith Avenue,E01013994,Herefordshire 017C,Violence and sexual offences,Under investigation,
6b6deffbae2aee6cf111d8ef73e97cf65e2466bf9de1dbe31238462dffcc4c07,2015-04,West Mercia Police,West Mercia Police,-2.733142,52.047126,On or near Cagebrook Avenue,E01013994,Herefordshire 017C,Violence and sexual offences,Unable to prosecute suspect,
d8131cc94f059cb754ca722a07c980c637c0545c21e6dba984e5e3c74f8bc784,2015-04,West Mercia Police,West Mercia Police,-2.733142,52.047126,On or near Cagebrook Avenue,E01013994,Herefordshire 017C,Violence and sexual offences,Unable to prosecute suspect,
c91af6105d13366e56edf6235699808e405bdd5776eac597fed8e45747e9c573,2015-04,West Mercia Police,West Mercia Police,-2.733142,52.047126,On or near Cagebrook Avenue,E01013994,Herefordshire 017C,Violence and sexual offences,Court result unavailable,
,2015-04,West Mercia Police,West Mercia Police,-2.731115,52.042697,On or near Broxash Drive,E01013995,Herefordshire 017D,Anti-social behaviour,,
,2015-04,West Mercia Police,West Mercia Police,-2.730897,52.040910,On or near Trilleck Avenue,E01013995,Herefordshire 017D,Anti-social behaviour,,
,2015-04,West Mercia Police,West Mercia Police,-2.731088,52.041915,On or near Kilvert Road,E01013995,Herefordshire 017D,Anti-social behaviour,,
,2015-04,West Mercia Police,West Mercia Police,-2.731115,52.042697,On or near Broxash Drive,E01013995,Herefordshire 017D,Anti-social behaviour,,
,2015-04,West Mercia Police,West Mercia Police,-2.731115,52.042697,On or near Broxash Drive,E01013995,Herefordshire 017D,Anti-social behaviour,,
,2015-04,West Mercia Police,West Mercia Police,-2.731115,52.042697,On or near Broxash Drive,E01013995,Herefordshire 017D,Anti-social behaviour,,
,2015-04,West Mercia Police,West Mercia Police,-2.731115,52.042697,On or near Broxash Drive,E01013995,Herefordshire 017D,Anti-social behaviour,,
,2015-04,West Mercia Police,West Mercia Police,-2.735050,52.045217,On or near Ann Carter Close,E01013995,Herefordshire 017D,Anti-social behaviour,,
,2015-04,West Mercia Police,West Mercia Police,-2.731115,52.042697,On or near Broxash Drive,E01013995,Herefordshire 017D,Anti-social behaviour,,
,2015-04,West Mercia Police,West Mercia Police,-2.735780,52.039063,On or near Sherborne Close,E01013995,Herefordshire 017D,Anti-social behaviour,,
,2015-04,West Mercia Police,West Mercia Police,-2.731015,52.040136,On or near Masefield Avenue,E01013995,Herefordshire 017D,Anti-social behaviour,,
,2015-04,West Mercia Police,West Mercia Police,-2.730196,52.039053,On or near Ethelstan Crescent,E01013995,Herefordshire 017D,Anti-social behaviour,,
,2015-04,West Mercia Police,West Mercia Police,-2.737902,52.039580,On or near Rothesay Mead,E01013995,Herefordshire 017D,Anti-social behaviour,,
,2015-04,West Mercia Police,West Mercia Police,-2.731115,52.042697,On or near Broxash Drive,E01013995,Herefordshire 017D,Anti-social behaviour,,
,2015-04,West Mercia Police,West Mercia Police,-2.731088,52.041915,On or near Kilvert Road,E01013995,Herefordshire 017D,Anti-social behaviour,,
,2015-04,West Mercia Police,West Mercia Police,-2.734467,52.045266,On or near Golden Post,E01013995,Herefordshire 017D,Anti-social behaviour,,
3f2cd09bd8091095252561d1572d8eee8b261fb0d05d1de9ede8dfe91cd9fd53,2015-04,West Mercia Police,West Mercia Police,-2.737902,52.039580,On or near Rothesay Mead,E01013995,Herefordshire 017D,Criminal damage and arson,Investigation complete; no suspect identified,
bc9fdb261609142c2feb81582b9950e074e32cde918a86d67db57ab7fdfc0344,2015-04,West Mercia Police,West Mercia Police,-2.731115,52.042697,On or near Broxash Drive,E01013995,Herefordshire 017D,Criminal damage and arson,Offender given a caution,
f77387dcd4affce98335faf406682c1a51bfa2b894b67dbb187af158eca80fca,2015-04,West Mercia Police,West Mercia Police,-2.731088,52.041915,On or near Kilvert Road,E01013995,Herefordshire 017D,Criminal damage and arson,Unable to prosecute suspect,
cb921920c14385f4f63232505a4f8f6443aa30f6621e91b9617fd057a57738a7,2015-04,West Mercia Police,West Mercia Police,-2.731123,52.039587,On or near Carr Lane,E01013995,Herefordshire 017D,Criminal damage and arson,Investigation complete; no suspect identified,
357d6301a9aa30820c588ad767dc98244fb6c9975dd7f4f7daa99b0d50077203,2015-04,West Mercia Police,West Mercia Police,-2.730196,52.039053,On or near Ethelstan Crescent,E01013995,Herefordshire 017D,Criminal damage and arson,Investigation complete; no suspect identified,
ef6f74792f657eb7ce096a06a56d3cde4b6025635bdc7d8877fb90038cdf823d,2015-04,West Mercia Police,West Mercia Police,-2.731115,52.042697,On or near Broxash Drive,E01013995,Herefordshire 017D,Criminal damage and arson,Local resolution,
6ef2ebc61c062c36135a7dfa93b257b8f0457ad36a825a196b22dd7e147f0d5f,2015-04,West Mercia Police,West Mercia Police,-2.730196,52.039053,On or near Ethelstan Crescent,E01013995,Herefordshire 017D,Drugs,Offender given community sentence,
32515ac96f28e4713dab847dd6c19494e435439723d15664f5ece38bf97b9e75,2015-04,West Mercia Police,West Mercia Police,-2.730196,52.039053,On or near Ethelstan Crescent,E01013995,Herefordshire 017D,Other theft,Investigation complete; no suspect identified,
fd30f034dcf5b5cb3bc0962feeed5599db4a4a8773f1e67478840020778c7dcf,2015-04,West Mercia Police,West Mercia Police,-2.735780,52.039063,On or near Sherborne Close,E01013995,Herefordshire 017D,Vehicle crime,Investigation complete; no suspect identified,
b5981047bc0710bffda71d114a1b8622a6c2eb6bfc46198163173dd46dc10301,2015-04,West Mercia Police,West Mercia Police,-2.731088,52.041915,On or near Kilvert Road,E01013995,Herefordshire 017D,Violence and sexual offences,Unable to prosecute suspect,
5d3d85e75f738f830caf448844fde3cba423cac840e29df3185f8adf30bd1eae,2015-04,West Mercia Police,West Mercia Police,-2.730196,52.039053,On or near Ethelstan Crescent,E01013995,Herefordshire 017D,Violence and sexual offences,Unable to prosecute suspect,
232d454617709ab74ed753e98b473b6cd5edff09e93e0fb3a1135af9ff6114a7,2015-04,West Mercia Police,West Mercia Police,-2.731088,52.041915,On or near Kilvert Road,E01013995,Herefordshire 017D,Violence and sexual offences,Local resolution,
1b3acba42f5f9452202c4190c2c7de142a2018dac0ff8198dd35c4644a5e3963,2015-04,West Mercia Police,West Mercia Police,-2.735050,52.045217,On or near Ann Carter Close,E01013995,Herefordshire 017D,Violence and sexual offences,Unable to prosecute suspect,
df95b48fe2ee73bef5661a38db32605b3d47f4e0658108c840e23801ed809c15,2015-04,West Mercia Police,West Mercia Police,-2.730196,52.039053,On or near Ethelstan Crescent,E01013995,Herefordshire 017D,Violence and sexual offences,Unable to prosecute suspect,
,2015-04,West Mercia Police,West Mercia Police,-2.728676,52.042443,On or near Usk Close,E01014071,Herefordshire 017E,Anti-social behaviour,,
,2015-04,West Mercia Police,West Mercia Police,-2.727376,52.046748,On or near Hunderton Avenue,E01014071,Herefordshire 017E,Anti-social behaviour,,
,2015-04,West Mercia Police,West Mercia Police,-2.726946,52.045438,On or near Belmont Road,E01014071,Herefordshire 017E,Anti-social behaviour,,
,2015-04,West Mercia Police,West Mercia Police,-2.724865,52.042107,On or near Primrose Close,E01014071,Herefordshire 017E,Anti-social behaviour,,
,2015-04,West Mercia Police,West Mercia Police,-2.726150,52.044005,On or near Home Lane,E01014071,Herefordshire 017E,Anti-social behaviour,,
d12fbce8c0633554be06e172c520778c79bfd86c6493796e61c9e8687d5bcb16,2015-04,West Mercia Police,West Mercia Police,-2.728676,52.042443,On or near Usk Close,E01014071,Herefordshire 017E,Criminal damage and arson,Investigation complete; no suspect identified,
33340535fb28050f6b4577355d4ed9f896b2d78583706cfc0ba789b3469af272,2015-04,West Mercia Police,West Mercia Police,-2.727298,52.043728,On or near Monnow Crescent,E01014071,Herefordshire 017E,Criminal damage and arson,Local resolution,
5670ad8b10ed0c17248e06cd0263f435c0d2a2f7440cda7a69bfbb2e6a135405,2015-04,West Mercia Police,West Mercia Police,-2.728676,52.042443,On or near Usk Close,E01014071,Herefordshire 017E,Criminal damage and arson,Investigation complete; no suspect identified,
4ba8a7a70a77ad0f7709c4b5b901f52000e169410f069c508322346ae5700c32,2015-04,West Mercia Police,West Mercia Police,-2.728676,52.042443,On or near Usk Close,E01014071,Herefordshire 017E,Criminal damage and arson,Unable to prosecute suspect,
90e8978944bef49bc1953b7b37705df33e898a4eda887440f42881c1bf742e0c,2015-04,West Mercia Police,West Mercia Police,-2.728676,52.042443,On or near Usk Close,E01014071,Herefordshire 017E,Criminal damage and arson,Unable to prosecute suspect,
11af4019ac4599b40c368073db1b69501525ddbbb18a062e9d2befd3cfe69260,2015-04,West Mercia Police,West Mercia Police,-2.726946,52.045438,On or near Belmont Road,E01014071,Herefordshire 017E,Other theft,Investigation complete; no suspect identified,
d613f545eebf066af89bd9a949b20eb1316ae81095ff6690fd46b0ed69940b24,2015-04,West Mercia Police,West Mercia Police,-2.725198,52.041062,On or near Honddu Close,E01014071,Herefordshire 017E,Violence and sexual offences,Investigation complete; no suspect identified,
72b7e6b2a87592ffd005ea9e61d9650d190c9bf0f09357a3e76efb9ab637ed18,2015-04,West Mercia Police,West Mercia Police,-2.728676,52.042443,On or near Usk Close,E01014071,Herefordshire 017E,Violence and sexual offences,Court result unavailable,
38d1519be3de2d7bd20229d2bb8f0b88e8416bcb584e7e9871797271784c6d98,2015-04,West Mercia Police,West Mercia Police,-2.726150,52.044005,On or near Home Lane,E01014071,Herefordshire 017E,Violence and sexual offences,Unable to prosecute suspect,
583b261dfa6505f39d77155210e976b9c5afcf44c6cc39c875b97a4c6e8152c8,2015-04,West Mercia Police,West Mercia Police,-2.727023,52.042093,On or near Dulas Avenue,E01014071,Herefordshire 017E,Violence and sexual offences,Unable to prosecute suspect,
5c98270f2c62f87bdb7bb2b546b48c245b08cb4320a2098e138bb4a8961a4c0a,2015-04,West Mercia Police,West Mercia Police,-2.728130,52.043804,On or near Escley Drive,E01014071,Herefordshire 017E,Violence and sexual offences,Local resolution,
24bc8588f2ec54913d4c136509d3983ec86ba1cd65b6c6686e1b0777e6ce6e1e,2015-04,West Mercia Police,West Mercia Police,-2.728676,52.042443,On or near Usk Close,E01014071,Herefordshire 017E,Violence and sexual offences,Unable to prosecute suspect,
a53024122d4722fe68f9d7c42407dcc62859000bc23b25743e108963db9466e1,2015-04,West Mercia Police,West Mercia Police,-2.728676,52.042443,On or near Usk Close,E01014071,Herefordshire 017E,Violence and sexual offences,Unable to prosecute suspect,
1bef0efeca5fd595f0df8746d4facaa05be9b70af026ee95619f164b2aae6dd2,2015-04,West Mercia Police,West Mercia Police,-2.724865,52.042107,On or near Primrose Close,E01014071,Herefordshire 017E,Violence and sexual offences,Unable to prosecute suspect,
8d4748c7c729bf111a595dac7f3d99654e131f2d207a09af51606c1435150978,2015-04,West Mercia Police,West Mercia Police,-2.727023,52.042093,On or near Dulas Avenue,E01014071,Herefordshire 017E,Violence and sexual offences,Unable to prosecute suspect,
120d1d713886e7018439b9bca8f0eab2c7eb59836fd13986ab83d67feeb55ef8,2015-04,West Mercia Police,West Mercia Police,-2.727023,52.042093,On or near Dulas Avenue,E01014071,Herefordshire 017E,Violence and sexual offences,Unable to prosecute suspect,
c929cb1eed31cacc64757a6064c5057410fb6b8fc8b0c6cd2a0b2d1b15df6e82,2015-04,West Mercia Police,West Mercia Police,-2.727376,52.046748,On or near Hunderton Avenue,E01014071,Herefordshire 017E,Violence and sexual offences,Unable to prosecute suspect,
,2015-04,West Mercia Police,West Mercia Police,-2.603911,52.008660,On or near Park/Open Space,E01013990,Herefordshire 018A,Anti-social behaviour,,
e271968b0a7a3f8d7bede8f046071599171945d6bdafbae8f00bec63de0833e6,2015-04,West Mercia Police,West Mercia Police,-2.675539,52.050653,On or near Holywell Gutter Lane,E01013990,Herefordshire 018A,Criminal damage and arson,Investigation complete; no suspect identified,
05bccf8ab3eea440e1801e79303edf915dfbd87c62f8306818d082bd15d30f4b,2015-04,West Mercia Police,West Mercia Police,-2.609825,52.023590,On or near Parking Area,E01013990,Herefordshire 018A,Criminal damage and arson,Investigation complete; no suspect identified,
55f720bb687902f4dd3ff7fcb044f9bc1c591aeae1063f038b0438d19855a630,2015-04,West Mercia Police,West Mercia Police,-2.618119,52.032151,On or near Pentaloe Close,E01013990,Herefordshire 018A,Drugs,Offender given a caution,
b97baf748d4d338aec1355ade5f5aa9cb54b5ad924fd3eb45e42f039552714d4,2015-04,West Mercia Police,West Mercia Police,-2.618119,52.032151,On or near Pentaloe Close,E01013990,Herefordshire 018A,Other theft,Investigation complete; no suspect identified,
3f70536298b781433ff15dd62d9494bb712ae7d92642dd0dd52c74a5be339d06,2015-04,West Mercia Police,West Mercia Police,-2.619106,52.052941,On or near Clay Hill Pit,E01013990,Herefordshire 018A,Violence and sexual offences,Investigation complete; no suspect identified,
4e7e99e88f28a2668d77ce91a6f6addc4e49e3bb838e2faff6fcde56e79c984b,2015-04,West Mercia Police,West Mercia Police,-2.654502,52.040073,On or near Pippin Close,E01013990,Herefordshire 018A,Violence and sexual offences,Unable to prosecute suspect,
42d53bfb7a00fa05e69c8d970cd71258083c37d97c561fb98ff4bc22c9367bf6,2015-04,West Mercia Police,West Mercia Police,-2.667422,52.045170,On or near Hampton Park Road,E01013990,Herefordshire 018A,Violence and sexual offences,Unable to prosecute suspect,
ebf7196929afcbcdfe32ec3bb693f17f67b2690b4d9f3a0c7e67c39d9bcc17af,2015-04,West Mercia Police,West Mercia Police,-2.537037,52.049883,On or near Park/Open Space,E01013991,Herefordshire 018B,Burglary,Investigation complete; no suspect identified,
5cec3d64f58e90e7cfb182c1bbb623976e6ad41af1cfb040890487c531b8025e,2015-04,West Mercia Police,West Mercia Police,-2.557353,52.064165,On or near Pound Close,E01013991,Herefordshire 018B,Criminal damage and arson,Investigation complete; no suspect identified,
108192629979503b6c0b28ba891fd3aa4bfc1057c63288f8a3d635c2f22581c1,2015-04,West Mercia Police,West Mercia Police,-2.584840,52.064526,On or near A438,E01013991,Herefordshire 018B,Drugs,Offender sent to prison,
a5a40c240abfc9d742b6537778cad93a10d79538f82a83ea0dec65b6284a3a71,2015-04,West Mercia Police,West Mercia Police,-2.608395,52.079250,On or near A4103,E01013991,Herefordshire 018B,Other theft,Investigation complete; no suspect identified,
3a83bb9fc944efd35fcfd46c5e4fba04731c097ecaf4078811af4af7faf080ab,2015-04,West Mercia Police,West Mercia Police,-2.608927,52.072289,On or near Weston Beggard Lane,E01013991,Herefordshire 018B,Other theft,Investigation complete; no suspect identified,
9a7907bc43165de9599292a4262e2fdbf1412bbde94c00f817d0eb889f8be297,2015-04,West Mercia Police,West Mercia Police,-2.584840,52.064526,On or near A438,E01013991,Herefordshire 018B,Possession of weapons,Unable to prosecute suspect,
325fedcd0af024eab51bb059297c67fb56641d51d5ee4c1fa3979b7650bd8799,2015-04,West Mercia Police,West Mercia Police,-2.557353,52.064165,On or near Pound Close,E01013991,Herefordshire 018B,Violence and sexual offences,Unable to prosecute suspect,
,2015-04,West Mercia Police,West Mercia Police,-2.544243,52.093230,On or near A417,E01014014,Herefordshire 018C,Anti-social behaviour,,
,2015-04,West Mercia Police,West Mercia Police,-2.508672,52.034248,On or near Near Green Close,E01014014,Herefordshire 018C,Anti-social behaviour,,
72679c0167a175100ec39626436a16659dbb45f9f203e77f8920a11a780f33fd,2015-04,West Mercia Police,West Mercia Police,-2.472984,52.047793,On or near Falcon Lane,E01014014,Herefordshire 018C,Criminal damage and arson,Offender given community sentence,
f724de31f4562001a1485d0d5428abcaf25d560276b51439e0e4616e28bc558b,2015-04,West Mercia Police,West Mercia Police,-2.512077,52.063093,On or near A417,E01014014,Herefordshire 018C,Vehicle crime,Investigation complete; no suspect identified,
19f9cb193005490336f8e2c142da0d5f5586abe579fa9c2e5dd1bed995959fab,2015-04,West Mercia Police,West Mercia Police,-2.472984,52.047793,On or near Falcon Lane,E01014014,Herefordshire 018C,Violence and sexual offences,Unable to prosecute suspect,
c31d87131058a96452f0c30e4bf8d0342b8660a323add65b97bcba4456976e67,2015-04,West Mercia Police,West Mercia Police,-2.495908,51.995265,On or near Monks Walk,E01014054,Herefordshire 018D,Criminal damage and arson,Investigation complete; no suspect identified,
cb186b5d5842c702aae992899c59f73b39c58b784cc9fac33044fb99600d14a5,2015-04,West Mercia Police,West Mercia Police,-2.519538,51.998318,On or near Lower Waltons,E01014054,Herefordshire 018D,Public order,Court result unavailable,
8596ca708d472035a252857da4407dd330ede59f920508225823f5b879bd0159,2015-04,West Mercia Police,West Mercia Police,-2.545224,52.004837,On or near Glowson Wood Road,E01014054,Herefordshire 018D,Vehicle crime,Investigation complete; no suspect identified,
200d95afec8c2d435b6275ecfe081946ac4b6d4957ec146b68aa4b59ef48db4f,2015-04,West Mercia Police,West Mercia Police,-2.492043,51.990848,On or near B4024,E01014054,Herefordshire 018D,Violence and sexual offences,Unable to prosecute suspect,
,2015-04,West Mercia Police,West Mercia Police,-2.422584,52.036458,On or near High Street,E01014035,Herefordshire 019A,Anti-social behaviour,,
,2015-04,West Mercia Police,West Mercia Police,-2.424169,52.037532,On or near Parking Area,E01014035,Herefordshire 019A,Anti-social behaviour,,
,2015-04,West Mercia Police,West Mercia Police,-2.431943,52.034923,On or near Oatleys Crescent,E01014035,Herefordshire 019A,Anti-social behaviour,,
,2015-04,West Mercia Police,West Mercia Police,-2.422584,52.036458,On or near High Street,E01014035,Herefordshire 019A,Anti-social behaviour,,
,2015-04,West Mercia Police,West Mercia Police,-2.421411,52.037317,On or near Church Road,E01014035,Herefordshire 019A,Anti-social behaviour,,
,2015-04,West Mercia Police,West Mercia Police,-2.421411,52.037317,On or near Church Road,E01014035,Herefordshire 019A,Anti-social behaviour,,
,2015-04,West Mercia Police,West Mercia Police,-2.421411,52.037317,On or near Church Road,E01014035,Herefordshire 019A,Anti-social behaviour,,
,2015-04,West Mercia Police,West Mercia Police,-2.424779,52.038842,On or near Fox Lane,E01014035,Herefordshire 019A,Anti-social behaviour,,
bbb66fb8a3880a99a3685ed679a64250cd0f9c86c31dd52954e91cd0cce8949b,2015-04,West Mercia Police,West Mercia Police,-2.430327,52.036628,On or near Bridge Street,E01014035,Herefordshire 019A,Burglary,Investigation complete; no suspect identified,
73852ef49559a3ecc231db6775c05dc9ebb3681129ff1d75969c32abb237de8e,2015-04,West Mercia Police,West Mercia Police,-2.433089,52.037319,On or near Barnett Avenue,E01014035,Herefordshire 019A,Burglary,Unable to prosecute suspect,
8cce459acb3118bdbddeb8c3c397847d5b4f0a80cc695470a5e2f75b44b41e99,2015-04,West Mercia Police,West Mercia Police,-2.422584,52.036458,On or near High Street,E01014035,Herefordshire 019A,Burglary,Under investigation,
dad53c7a4d58774ee261bd88da49ebf835ea0ca1ea67890cdce120a016bd9042,2015-04,West Mercia Police,West Mercia Police,-2.422584,52.036458,On or near High Street,E01014035,Herefordshire 019A,Criminal damage and arson,Local resolution,
2cc1572abcb992165cd915e6e71b1cd7e6834b6489f21d2acaccc8061fed2e8d,2015-04,West Mercia Police,West Mercia Police,-2.422584,52.036458,On or near High Street,E01014035,Herefordshire 019A,Criminal damage and arson,Investigation complete; no suspect identified,
e98745dfcee8839f6dce1c3e2ea5de35a96bd303eab583c0c36143d09d54a533,2015-04,West Mercia Police,West Mercia Police,-2.422584,52.036458,On or near High Street,E01014035,Herefordshire 019A,Criminal damage and arson,Local resolution,
fda2bd1075fb18d19154e77e86470a2d9344ec82911a47517c235bf686577a37,2015-04,West Mercia Police,West Mercia Police,-2.431392,52.036741,On or near Barnetts Close,E01014035,Herefordshire 019A,Drugs,Offender given a drugs possession warning,
d68ee5997dcd1608c8759c0041b6258c0aa4a2c1a35206a40d60b4f822abe425,2015-04,West Mercia Police,West Mercia Police,-2.422584,52.036458,On or near High Street,E01014035,Herefordshire 019A,Other theft,Investigation complete; no suspect identified,
04111ccc28e5f212928ec10a1b8048cfa8be6073567fff21f5c4aa762580a01c,2015-04,West Mercia Police,West Mercia Police,-2.424169,52.037532,On or near Parking Area,E01014035,Herefordshire 019A,Shoplifting,Offender given conditional discharge,
6c2dd4912004da587baf39dd98776b38673e9513d2a3fced2468e7493327185c,2015-04,West Mercia Police,West Mercia Police,-2.425108,52.038229,On or near Hodges Yard,E01014035,Herefordshire 019A,Vehicle crime,Investigation complete; no suspect identified,
6a54626e83c2251a6df2b64c6a09538ef05b4d66761d39109b8eb3dadbaa49c7,2015-04,West Mercia Police,West Mercia Police,-2.425108,52.038229,On or near Hodges Yard,E01014035,Herefordshire 019A,Violence and sexual offences,Unable to prosecute suspect,
01d5a8cbf23ec9922a6ac214bc6eb76fa20ebb633cea0a5fc92149de89a3d1ba,2015-04,West Mercia Police,West Mercia Police,-2.433089,52.037319,On or near Barnett Avenue,E01014035,Herefordshire 019A,Violence and sexual offences,Unable to prosecute suspect,
9c739fc4b640d4498f2945d2d1d86df142fbe0e792871b546cb38e2717d967dc,2015-04,West Mercia Police,West Mercia Police,-2.439081,52.034366,On or near Childer Road,E01014035,Herefordshire 019A,Violence and sexual offences,Investigation complete; no suspect identified,
7272cba411954a8b8c1ff08365d7c0e48b3fcbec064727d60903ded28d199ab5,2015-04,West Mercia Police,West Mercia Police,-2.439081,52.034366,On or near Childer Road,E01014035,Herefordshire 019A,Other crime,Court result unavailable,
,2015-04,West Mercia Police,West Mercia Police,-2.418786,52.035591,On or near Horse Lane Orchard,E01014036,Herefordshire 019B,Anti-social behaviour,,
993050d6efffd318b3ab45d67592cdf34b9341b48457f499f1cd8124e5a49a8b,2015-04,West Mercia Police,West Mercia Police,-2.392804,52.033460,On or near Upper Road,E01014036,Herefordshire 019B,Vehicle crime,Investigation complete; no suspect identified,
30c04d41aaf5d99de65f2b335e2a474351aefeac37d2eb0f13ce503461e636f6,2015-04,West Mercia Police,West Mercia Police,-2.392736,52.029001,On or near Sports/Recreation Area,E01014036,Herefordshire 019B,Violence and sexual offences,Investigation complete; no suspect identified,
661f276a059335d8a83fc3f6a8e243f24eeb1e156744145ea8f67e162a2e296c,2015-04,West Mercia Police,West Mercia Police,-2.424932,52.035002,On or near Supermarket,E01014037,Herefordshire 019C,Criminal damage and arson,Investigation complete; no suspect identified,
86f3cf1aa775c33c6640324d02748309ca6d47cb6e06f209370d9747f66b3506,2015-04,West Mercia Police,West Mercia Police,-2.421118,52.030889,On or near Lambourne Close,E01014037,Herefordshire 019C,Criminal damage and arson,Offender given a caution,
aad803dbd23fc6d693846f4ca367bb8f9bb0096ccbd8911d397fd9e78f00c28b,2015-04,West Mercia Police,West Mercia Police,-2.421118,52.030889,On or near Lambourne Close,E01014037,Herefordshire 019C,Public order,Offender given a caution,
2ddb3fd00ef6cf1b502bd4cd8728da295acd4a5e3d55d41484358dd33af2fd1c,2015-04,West Mercia Police,West Mercia Police,-2.424932,52.035002,On or near Supermarket,E01014037,Herefordshire 019C,Vehicle crime,Investigation complete; no suspect identified,
9cd5717b47e71303ecc668c3056c58a8ec6abbcec1c98b4b9a250ad8689887e7,2015-04,West Mercia Police,West Mercia Police,-2.422393,52.031640,On or near Mabel'S Furlong,E01014037,Herefordshire 019C,Violence and sexual offences,Unable to prosecute suspect,
,2015-04,West Mercia Police,West Mercia Police,-2.429519,52.029897,On or near Villa Way,E01014038,Herefordshire 019D,Anti-social behaviour,,
,2015-04,West Mercia Police,West Mercia Police,-2.429519,52.029897,On or near Villa Way,E01014038,Herefordshire 019D,Anti-social behaviour,,
,2015-04,West Mercia Police,West Mercia Police,-2.424803,52.027532,On or near Shepherds Close,E01014038,Herefordshire 019D,Anti-social behaviour,,
,2015-04,West Mercia Police,West Mercia Police,-2.429519,52.029897,On or near Villa Way,E01014038,Herefordshire 019D,Anti-social behaviour,,
,2015-04,West Mercia Police,West Mercia Police,-2.429519,52.029897,On or near Villa Way,E01014038,Herefordshire 019D,Anti-social behaviour,,
,2015-04,West Mercia Police,West Mercia Police,-2.424803,52.027532,On or near Shepherds Close,E01014038,Herefordshire 019D,Anti-social behaviour,,
7927cac023a6fabecce58667de38d3ffc67b8d12dc7e2124ab38c88ddd5c4c9e,2015-04,West Mercia Police,West Mercia Police,-2.427646,52.030713,On or near Aston Close,E01014038,Herefordshire 019D,Violence and sexual offences,Under investigation,
,2015-04,West Mercia Police,West Mercia Police,-2.431215,52.042568,On or near Kempley Brook Drive,E01014039,Herefordshire 019E,Anti-social behaviour,,
,2015-04,West Mercia Police,West Mercia Police,-2.415310,52.044315,On or near Cut Throat Lane,E01014040,Herefordshire 019F,Anti-social behaviour,,
,2015-04,West Mercia Police,West Mercia Police,-2.426434,52.041147,On or near Supermarket,E01014040,Herefordshire 019F,Anti-social behaviour,,
,2015-04,West Mercia Police,West Mercia Police,-2.423730,52.040446,On or near Homend Crescent,E01014040,Herefordshire 019F,Anti-social behaviour,,
,2015-04,West Mercia Police,West Mercia Police,-2.421531,52.042234,On or near Upperfields,E01014040,Herefordshire 019F,Anti-social behaviour,,
8ac086774148a1b224120848e83a8fd10fc99709aa9cc38137d9c215a38cabdf,2015-04,West Mercia Police,West Mercia Police,-2.425488,52.044432,On or near Masefield Avenue,E01014040,Herefordshire 019F,Vehicle crime,Investigation complete; no suspect identified,
818d90e0c854e41bd5c2647df3a6f54bc5992619232aa9003cf79c176813c2c6,2015-04,West Mercia Police,West Mercia Police,-2.425488,52.044432,On or near Masefield Avenue,E01014040,Herefordshire 019F,Violence and sexual offences,Offender sent to prison,
bd0c4384b07867999381f2bd87760f76c39e7fa5e3b97b734f680be527fb0996,2015-04,West Mercia Police,West Mercia Police,-2.425488,52.044432,On or near Masefield Avenue,E01014040,Herefordshire 019F,Violence and sexual offences,Offender given a caution,
,2015-04,West Mercia Police,West Mercia Police,-3.008512,52.066201,On or near Dorstone Hill,E01014018,Herefordshire 020A,Anti-social behaviour,,
130c6e8d4168d0e32997ef31c2a3036cb8c8e4fe31e7cc873f502ad3d42d7c7b,2015-04,West Mercia Police,West Mercia Police,-3.047270,52.100361,On or near Parking Area,E01014018,Herefordshire 020A,Criminal damage and arson,Investigation complete; no suspect identified,
38bcb4fd187fec72896177c9d8094e03a9287eff5e1ab33c822fd6700fd9289e,2015-04,West Mercia Police,West Mercia Police,-3.021718,52.082352,On or near The Scar,E01014018,Herefordshire 020A,Other crime,Investigation complete; no suspect identified,
f14be8aac46772377f1c73580842bcfde27257d4dc437a6fe437b39e6555aac9,2015-04,West Mercia Police,West Mercia Police,-3.021718,52.082352,On or near The Scar,E01014018,Herefordshire 020A,Other crime,Unable to prosecute suspect,
d3fefa74210a1ab991a23954f5c0b840f784c2d4ee4b1afb1eb901d766381455,2015-04,West Mercia Police,West Mercia Police,-2.898407,52.067964,On or near Old Thatch Close,E01014019,Herefordshire 020B,Bicycle theft,Investigation complete; no suspect identified,
f6b52cb9cd5c261311b69c21ce0c7bca10cea985a61f9d08e713d82c7a5b41b8,2015-04,West Mercia Police,West Mercia Police,-2.993014,52.029803,On or near Urishay Court,E01014019,Herefordshire 020B,Burglary,Investigation complete; no suspect identified,
4f3acc7ccce4326694835e04f88c30751b355c8e0571954058f849cfdacc6f8a,2015-04,West Mercia Police,West Mercia Police,-2.955541,52.043626,On or near Lewis Way,E01014019,Herefordshire 020B,Public order,Offender given a caution,
caeb69a9e0c3e71c76ce3e4f90633b0b535ab8adc45367ad0f7efa768f27b872,2015-04,West Mercia Police,West Mercia Police,-2.905761,52.044963,On or near Watery Lane,E01014019,Herefordshire 020B,Violence and sexual offences,Unable to prosecute suspect,
3c5c65884f37072191a8f232da5993ffcc87a99c333484b6df7d4ecaa27fd483,2015-04,West Mercia Police,West Mercia Police,-2.949810,52.038763,On or near Wellbrookside,E01014019,Herefordshire 020B,Violence and sexual offences,Investigation complete; no suspect identified,
b2e47a48b8fffa7e7f79a7781c9afcf03a6da5e123d63af65ad8f405ca27659f,2015-04,West Mercia Police,West Mercia Police,-2.955682,52.042690,On or near Orchard Place,E01014019,Herefordshire 020B,Violence and sexual offences,Unable to prosecute suspect,
38f38eb78219d4aaa2c0d328761a6930fc75931281294f28641c417419dd9c67,2015-04,West Mercia Police,West Mercia Police,-2.905761,52.044963,On or near Watery Lane,E01014019,Herefordshire 020B,Violence and sexual offences,Unable to prosecute suspect,
d8fd17cf3b7236f3901666155aaf994f14ce70d9008008cf9760d9015780c0ae,2015-04,West Mercia Police,West Mercia Police,-2.954971,52.040781,On or near Peterchurch Police Station,E01014019,Herefordshire 020B,Violence and sexual offences,Unable to prosecute suspect,
b3a3f349d77e3d053da50b0275752e6cff899fbe6392389b1daac9da3bf88708,2015-04,West Mercia Police,West Mercia Police,-2.954971,52.040781,On or near Peterchurch Police Station,E01014019,Herefordshire 020B,Violence and sexual offences,Investigation complete; no suspect identified,
,2015-04,West Mercia Police,West Mercia Police,-3.017763,52.000829,On or near Cefn Road,E01014020,Herefordshire 020C,Anti-social behaviour,,
d5f678ceb3a9fae718e5e9202c9bb5641583098e32073fb2e6bb3fca08387099,2015-04,West Mercia Police,West Mercia Police,-2.944957,52.034019,On or near Parking Area,E01014020,Herefordshire 020C,Other theft,Investigation complete; no suspect identified,
b5bbad009f8dc0d1179e21123eb4f540e51b4518e9d8d2bf1179b75506f5b525,2015-04,West Mercia Police,West Mercia Police,-2.916570,52.032382,On or near Vowchurch Road,E01014020,Herefordshire 020C,Public order,Unable to prosecute suspect,
0b37e4206155664a42d46ef6e64cba81e097c20cc66c82db09425f38f7cbf79a,2015-04,West Mercia Police,West Mercia Police,-3.016881,51.997933,On or near Shawls Farm Lane,E01014020,Herefordshire 020C,Vehicle crime,Investigation complete; no suspect identified,
823ed103a3dacb17a2af9110abb227d26f9404ae924b0b2c38ed143a2e1dc0a2,2015-04,West Mercia Police,West Mercia Police,-3.016881,51.997933,On or near Shawls Farm Lane,E01014020,Herefordshire 020C,Vehicle crime,Investigation complete; no suspect identified,
b11d35904cc3df89fdabc43472cb312c97abacfdef7b89f487900974b6cbc5be,2015-04,West Mercia Police,West Mercia Police,-2.956635,51.915846,On or near Court Road,E01014020,Herefordshire 020C,Violence and sexual offences,Local resolution,
,2015-04,West Mercia Police,West Mercia Police,-2.885936,51.944919,On or near Pontrilas Road,E01014021,Herefordshire 020D,Anti-social behaviour,,
,2015-04,West Mercia Police,West Mercia Police,-2.883992,51.951119,On or near Callowside,E01014021,Herefordshire 020D,Anti-social behaviour,,
c4e3098bb637e551c9017368e90e0c25761ded82f50c99719bcf249e0c8b6d4a,2015-04,West Mercia Police,West Mercia Police,-2.879501,51.939474,On or near A465,E01014021,Herefordshire 020D,Burglary,Investigation complete; no suspect identified,
91e652ba34873994e75e1e6d7fea766b991c3dc57ff8b29b17de976df7496f0e,2015-04,West Mercia Police,West Mercia Police,-2.870123,51.963801,On or near Park/Open Space,E01014021,Herefordshire 020D,Burglary,Investigation complete; no suspect identified,
b9c726c6c2fe4832d48ec2dd91b37980bdd056e1fbbdda61ef850bf076b43b27,2015-04,West Mercia Police,West Mercia Police,-2.879501,51.939474,On or near A465,E01014021,Herefordshire 020D,Other theft,Investigation complete; no suspect identified,
b1f2a3a6ab442f6ece8ab05dfc476b1c32f4c03a9282c0e3f136572f162070f4,2015-04,West Mercia Police,West Mercia Police,-2.885936,51.944919,On or near Pontrilas Road,E01014021,Herefordshire 020D,Vehicle crime,Investigation complete; no suspect identified,
e257d6b0464d0d31155cca8348dd0bd3720be6b194dc0dabbc6fc578795acf0b,2015-04,West Mercia Police,West Mercia Police,-2.891497,51.956107,On or near Fern Bank,E01014021,Herefordshire 020D,Other crime,Offender sent to prison,
,2015-04,West Mercia Police,West Mercia Police,-2.680364,52.036141,On or near Coldnose Road,E01014026,Herefordshire 021A,Anti-social behaviour,,
,2015-04,West Mercia Police,West Mercia Police,-2.691326,52.038955,On or near The Straight Mile,E01014026,Herefordshire 021A,Anti-social behaviour,,
,2015-04,West Mercia Police,West Mercia Police,-2.701386,52.024995,On or near Park/Open Space,E01014026,Herefordshire 021A,Anti-social behaviour,,
,2015-04,West Mercia Police,West Mercia Police,-2.680364,52.036141,On or near Coldnose Road,E01014026,Herefordshire 021A,Anti-social behaviour,,
,2015-04,West Mercia Police,West Mercia Police,-2.730944,52.002689,On or near A49,E01014026,Herefordshire 021A,Anti-social behaviour,,
,2015-04,West Mercia Police,West Mercia Police,-2.664266,51.989652,On or near Bolstone Lane,E01014026,Herefordshire 021A,Anti-social behaviour,,
8649aea92b6e3e03bc445119f4d1bf20faad7dbf2ecba335bd5c4016a4af9588,2015-04,West Mercia Police,West Mercia Police,-2.680364,52.036141,On or near Coldnose Road,E01014026,Herefordshire 021A,Bicycle theft,Investigation complete; no suspect identified,
2b7c6c94239e70bde129fe466140e79e397963cf4c8d10c0690673708b025d66,2015-04,West Mercia Police,West Mercia Police,-2.678567,51.984859,On or near Green Lane,E01014026,Herefordshire 021A,Criminal damage and arson,Investigation complete; no suspect identified,
0e4458eda0ce12f681f28d632859a2ae60828fb1e84a778a94904b8009bc96ec,2015-04,West Mercia Police,West Mercia Police,-2.701386,52.024995,On or near Park/Open Space,E01014026,Herefordshire 021A,Criminal damage and arson,Offender given a caution,
b15fbb5b6589af09d4f81d530840c4385e319e923b16d91d4cb323b6e3b801ec,2015-04,West Mercia Police,West Mercia Police,-2.691326,52.038955,On or near The Straight Mile,E01014026,Herefordshire 021A,Public order,Unable to prosecute suspect,
282b097ad1502cb4bf6f748c22b425cc541c21edd0083177efd03fe4d88bccb9,2015-04,West Mercia Police,West Mercia Police,-2.680364,52.036141,On or near Coldnose Road,E01014026,Herefordshire 021A,Shoplifting,Local resolution,
5c2f490f5b9cb12256a9a9274de9ffb9263f83ebfdcd5d24b6dc21fcc7b38725,2015-04,West Mercia Police,West Mercia Police,-2.680364,52.036141,On or near Coldnose Road,E01014026,Herefordshire 021A,Shoplifting,Local resolution,
564c534368907cf49e555ce179e26e1559bde55133acbc4558c361be31829b90,2015-04,West Mercia Police,West Mercia Police,-2.680364,52.036141,On or near Coldnose Road,E01014026,Herefordshire 021A,Shoplifting,Investigation complete; no suspect identified,
1c25370597ad0f1911acf64579ce51ac824534bd40f87a456c010057776ee986,2015-04,West Mercia Police,West Mercia Police,-2.680442,51.983653,On or near Blackberry Lane,E01014026,Herefordshire 021A,Vehicle crime,Investigation complete; no suspect identified,
39d047ef60b5955ce1d9f5f2cfb07b9eb2f9eccce3ae1fcd4b0fbad70f28c759,2015-04,West Mercia Police,West Mercia Police,-2.766559,52.031584,On or near A465,E01014026,Herefordshire 021A,Violence and sexual offences,Unable to prosecute suspect,
58ed049b1d1c2afe5d8829783309861b32fc60cc608450a144929112f89772bd,2015-04,West Mercia Police,West Mercia Police,-2.715311,52.025361,On or near B4399,E01014026,Herefordshire 021A,Violence and sexual offences,Unable to prosecute suspect,
,2015-04,West Mercia Police,West Mercia Police,-2.780140,51.900551,On or near Moon Wood Close,E01014059,Herefordshire 021B,Anti-social behaviour,,
d1fcbd176afc57e2cf5e84e17b2ec4ee7a1c838ce414a11c17a826374c5754a1,2015-04,West Mercia Police,West Mercia Police,-2.780140,51.900551,On or near Moon Wood Close,E01014059,Herefordshire 021B,Burglary,Offender given a caution,
cbfa1c67330fae79cd28988987d213a93e45c669951c15af32c31c63243b1421,2015-04,West Mercia Police,West Mercia Police,-2.734224,51.914675,On or near Parking Area,E01014059,Herefordshire 021B,Burglary,Investigation complete; no suspect identified,
3bdfee1795a830dc4bca1609e58b9bdcccbcf6a66abbe87f94e0b83e5f20c7e0,2015-04,West Mercia Police,West Mercia Police,-2.777804,51.941179,On or near Shopping Area,E01014059,Herefordshire 021B,Criminal damage and arson,Investigation complete; no suspect identified,
a3a7bfe1a0257ae6e6c98d9b28f5562968b153e34a5f3246c0b6ef9454160e91,2015-04,West Mercia Police,West Mercia Police,-2.739749,51.966841,On or near A466,E01014060,Herefordshire 021C,Burglary,Investigation complete; no suspect identified,
1d5330716bcc2ae5622c5b7e6661d82c24fd7bfef3d644101b57488d42242ac3,2015-04,West Mercia Police,West Mercia Police,-2.711781,51.967347,On or near Holly Bush Lane,E01014060,Herefordshire 021C,Other theft,Unable to prosecute suspect,
b1f00155f98af256f9eef818937120a145590104a85084f71101fe71b4b8e816,2015-04,West Mercia Police,West Mercia Police,-2.711781,51.967347,On or near Holly Bush Lane,E01014060,Herefordshire 021C,Vehicle crime,Investigation complete; no suspect identified,
,2015-04,West Mercia Police,West Mercia Police,-2.698421,52.041394,On or near Withybrook Close,E01014069,Herefordshire 021D,Anti-social behaviour,,
,2015-04,West Mercia Police,West Mercia Police,-2.701555,52.038553,On or near Warwick Road,E01014069,Herefordshire 021D,Anti-social behaviour,,
,2015-04,West Mercia Police,West Mercia Police,-2.704297,52.038671,On or near Windsor Road,E01014069,Herefordshire 021D,Anti-social behaviour,,
,2015-04,West Mercia Police,West Mercia Police,-2.706922,52.042387,On or near River View,E01014069,Herefordshire 021D,Anti-social behaviour,,
,2015-04,West Mercia Police,West Mercia Police,-2.698421,52.041394,On or near Withybrook Close,E01014069,Herefordshire 021D,Anti-social behaviour,,
,2015-04,West Mercia Police,West Mercia Police,-2.698421,52.041394,On or near Withybrook Close,E01014069,Herefordshire 021D,Anti-social behaviour,,
,2015-04,West Mercia Police,West Mercia Police,-2.707839,52.042300,On or near Putson Avenue,E01014069,Herefordshire 021D,Anti-social behaviour,,
,2015-04,West Mercia Police,West Mercia Police,-2.709854,52.036974,On or near Hoarwithy Road,E01014069,Herefordshire 021D,Anti-social behaviour,,
d1ec3364e463c87fba22e3c7e49bf2ace0974ba6a405f1538614701275f043ca,2015-04,West Mercia Police,West Mercia Police,-2.697719,52.040347,On or near Redbrook Close,E01014069,Herefordshire 021D,Burglary,Investigation complete; no suspect identified,
f1880a9b8ada7fc0c62bc9ff78af37e000e32605f5ca1e7f190b91d9a6e868d1,2015-04,West Mercia Police,West Mercia Police,-2.704297,52.038671,On or near Windsor Road,E01014069,Herefordshire 021D,Criminal damage and arson,Offender given a caution,
692dacb955eba822db75ef82786c904716e8fc0194b571b8356922df6f8f2add,2015-04,West Mercia Police,West Mercia Police,-2.704297,52.038671,On or near Windsor Road,E01014069,Herefordshire 021D,Criminal damage and arson,Offender given a caution,
0cd2e55a04d94a4f6334ec1c81297cca4513ad1d5518b315561ac62474589deb,2015-04,West Mercia Police,West Mercia Police,-2.704911,52.038748,On or near The Dales,E01014069,Herefordshire 021D,Other theft,Unable to prosecute suspect,
854be63984b0d786340ba873701b9de4971e9f5479bb2f52a8b54964422f2eee,2015-04,West Mercia Police,West Mercia Police,-2.699932,52.041080,On or near St Vincent'S Close,E01014069,Herefordshire 021D,Other theft,Unable to prosecute suspect,
f8c2848c6b68cf10e702df0caefd00e58bdeb3e460eeb5f2f3bb4dd2a88fb789,2015-04,West Mercia Police,West Mercia Police,-2.696525,52.042341,On or near Rotherwas Close,E01014069,Herefordshire 021D,Other theft,Unable to prosecute suspect,
002b2823e0aadeb6ae4f97d87777fa04c328c51db219fa2438b49481c45b2df6,2015-04,West Mercia Police,West Mercia Police,-2.696988,52.041160,On or near Westbury Close,E01014069,Herefordshire 021D,Public order,Investigation complete; no suspect identified,
9b55acf17a0daf5500d0a8133dc3f5b01e6e59544a3e72f9834f175d6e38bac6,2015-04,West Mercia Police,West Mercia Police,-2.706098,52.037294,On or near The Shires,E01014069,Herefordshire 021D,Violence and sexual offences,Unable to prosecute suspect,
a4256864fe6e1e35e41d8d6477b8f710c1439eb24e9c925c1597534d0f9d91b0,2015-04,West Mercia Police,West Mercia Police,-2.696988,52.041160,On or near Westbury Close,E01014069,Herefordshire 021D,Violence and sexual offences,Local resolution,
b84b787baf2e77e81696170a7d5984b5d5970f9fb624668763d65a0a7f764005,2015-04,West Mercia Police,West Mercia Police,-2.703277,52.037787,On or near Hever Road,E01014069,Herefordshire 021D,Violence and sexual offences,Unable to prosecute suspect,
b14544a0b6cfc9e0fc3a22a9c03c2cdd7a4cec6f991955d67355b67b529f9fcc,2015-04,West Mercia Police,West Mercia Police,-2.704206,52.040290,On or near St Clares Court,E01014069,Herefordshire 021D,Violence and sexual offences,Unable to prosecute suspect,
2322547152456d674aa47fb087999040a04b4bf8433a5573546b271ee0499f50,2015-04,West Mercia Police,West Mercia Police,-2.704206,52.040290,On or near St Clares Court,E01014069,Herefordshire 021D,Violence and sexual offences,Court result unavailable,
,2015-04,West Mercia Police,West Mercia Police,-2.826187,51.980634,On or near Park/Open Space,E01014098,Herefordshire 021E,Anti-social behaviour,,
,2015-04,West Mercia Police,West Mercia Police,-2.846025,52.020440,On or near Tippetts Meadow,E01014098,Herefordshire 021E,Anti-social behaviour,,
,2015-04,West Mercia Police,West Mercia Police,-2.839313,52.023869,On or near Lowfield Meadow,E01014098,Herefordshire 021E,Anti-social behaviour,,
,2015-04,West Mercia Police,West Mercia Police,-2.846025,52.020440,On or near Tippetts Meadow,E01014098,Herefordshire 021E,Anti-social behaviour,,
,2015-04,West Mercia Police,West Mercia Police,-2.846025,52.020440,On or near Tippetts Meadow,E01014098,Herefordshire 021E,Anti-social behaviour,,
95da2b117d069f8d8f0b6e5172b042a398cd2fda945b241d7204d85e3f611eea,2015-04,West Mercia Police,West Mercia Police,-2.846025,52.020440,On or near Tippetts Meadow,E01014098,Herefordshire 021E,Burglary,Investigation complete; no suspect identified,
1c79a701a3178ef3e35558859c3790bc29e6466b558c6d56fd0042b3812120ea,2015-04,West Mercia Police,West Mercia Police,-2.846025,52.020440,On or near Tippetts Meadow,E01014098,Herefordshire 021E,Criminal damage and arson,Investigation complete; no suspect identified,
13cda3e9527de63b376f32bbedf0186af5b4b48f241680bf6bd383105015268c,2015-04,West Mercia Police,West Mercia Police,-2.838097,51.968187,On or near Grove Park,E01014098,Herefordshire 021E,Drugs,Offender given a drugs possession warning,
3a73884a825a8e79e756053e2b4c1818d44764bede930e85c5fbb4aa8abc62e0,2015-04,West Mercia Police,West Mercia Police,-2.846025,52.020440,On or near Tippetts Meadow,E01014098,Herefordshire 021E,Other theft,Investigation complete; no suspect identified,
54b77da54238b6731573fba150ca141e35b302311887a630d73288a81d695a8a,2015-04,West Mercia Police,West Mercia Police,-2.843311,52.037299,On or near Stone Street,E01014098,Herefordshire 021E,Other theft,Investigation complete; no suspect identified,
a539334630623bf7c1c38f850e046737e5105ae0f8bc72c17bf89ff84bab3f5b,2015-04,West Mercia Police,West Mercia Police,-2.837431,52.024547,On or near Coldstone Cross,E01014098,Herefordshire 021E,Other theft,Investigation complete; no suspect identified,
6363d4312ede1dc05faefcc1d6e1a7b78b68b58f5964eb4184e5a706d794f21e,2015-04,West Mercia Police,West Mercia Police,-2.846025,52.020440,On or near Tippetts Meadow,E01014098,Herefordshire 021E,Public order,Offender given community sentence,
a328e721ea8e29fb9c89ffa7317c8b450850b40c44382a8051b0aa2563e91f3f,2015-04,West Mercia Police,West Mercia Police,-2.839313,52.023869,On or near Lowfield Meadow,E01014098,Herefordshire 021E,Other crime,Unable to prosecute suspect,
,2015-04,West Mercia Police,West Mercia Police,-2.806180,51.983821,On or near A465,E01014099,Herefordshire 021F,Anti-social behaviour,,
,2015-04,West Mercia Police,West Mercia Police,-2.795015,52.016093,On or near Park/Open Space,E01014099,Herefordshire 021F,Anti-social behaviour,,
,2015-04,West Mercia Police,West Mercia Police,-2.793450,52.000091,On or near Petrol Station,E01014099,Herefordshire 021F,Anti-social behaviour,,
d5543602e218b29c3eecf537b36a1db9c8fe4c5b2549a7fa965d9cea5fb18ebd,2015-04,West Mercia Police,West Mercia Police,-2.877192,51.944157,On or near Heliston Place,E01014099,Herefordshire 021F,Drugs,Unable to prosecute suspect,
6ec02881cd6429c04f7bc1f5d70da7b202c46cfda6471bdf01eb5b90790d53df,2015-04,West Mercia Police,West Mercia Police,-2.794547,52.001180,On or near Chimneys Meadow,E01014099,Herefordshire 021F,Other theft,Investigation complete; no suspect identified,
350fef723b4b898c73c1a4b2c66083644978d2971d8a467c2ac37d0713b0b452,2015-04,West Mercia Police,West Mercia Police,-2.741671,51.969527,On or near The Pines,E01014099,Herefordshire 021F,Violence and sexual offences,Unable to prosecute suspect,
477fc254458d6a0e851fc477567f489ce26278bb0d2b91abd02d927ae98d9063,2015-04,West Mercia Police,West Mercia Police,-2.732126,51.983163,On or near Aconbury Close,E01014099,Herefordshire 021F,Violence and sexual offences,Unable to prosecute suspect,
,2015-04,West Mercia Police,West Mercia Police,-2.573367,51.921439,On or near Blenheim Close,E01014061,Herefordshire 022A,Anti-social behaviour,,
,2015-04,West Mercia Police,West Mercia Police,-2.567430,51.913071,On or near The Mead,E01014061,Herefordshire 022A,Anti-social behaviour,,
,2015-04,West Mercia Police,West Mercia Police,-2.576331,51.920157,On or near Tanyard Lane,E01014061,Herefordshire 022A,Anti-social behaviour,,
,2015-04,West Mercia Police,West Mercia Police,-2.578871,51.918634,On or near Brookmead,E01014061,Herefordshire 022A,Anti-social behaviour,,
,2015-04,West Mercia Police,West Mercia Police,-2.577094,51.920702,On or near Rudhall Close,E01014061,Herefordshire 022A,Anti-social behaviour,,
,2015-04,West Mercia Police,West Mercia Police,-2.576331,51.920157,On or near Tanyard Lane,E01014061,Herefordshire 022A,Anti-social behaviour,,
5517a3f147afb242f1ca0360d7186e48d52d276acf0c3a1f6ed03853c15441c2,2015-04,West Mercia Police,West Mercia Police,-2.575037,51.921305,On or near Arundel Close,E01014061,Herefordshire 022A,Burglary,Investigation complete; no suspect identified,
72f981f516769d96a56ce61d5754668ae4d1989f4f71f080335ebeeedbc3d6cc,2015-04,West Mercia Police,West Mercia Police,-2.566076,51.915244,On or near Parsons Croft,E01014061,Herefordshire 022A,Criminal damage and arson,Defendant found not guilty,
10b584733193b335872cbe0a923d085bdb52af175c5ff89b1202a72e493ac2cc,2015-04,West Mercia Police,West Mercia Police,-2.575918,51.923117,On or near Ledbury Road,E01014061,Herefordshire 022A,Other theft,Investigation complete; no suspect identified,
6eff221c879464d159efc6af75f93c95300d00132bcc211ff23d13da6bb13696,2015-04,West Mercia Police,West Mercia Police,-2.569413,51.927285,On or near Motorway Service Area,E01014061,Herefordshire 022A,Other theft,Unable to prosecute suspect,
e4bb9cd3a52e2a2e95e30bba9bfd0aac7d95e6137c37b06e4e06bb3dc1e53035,2015-04,West Mercia Police,West Mercia Police,-2.575918,51.923117,On or near Ledbury Road,E01014061,Herefordshire 022A,Other theft,Unable to prosecute suspect,
6ab7c5d3b74271c2cabd204f1ceb4e54b8bf7e3803da4c1b44cdfe9fdc6170ba,2015-04,West Mercia Police,West Mercia Police,-2.569114,51.916326,On or near Harefields,E01014061,Herefordshire 022A,Other theft,Investigation complete; no suspect identified,
c5fa4ae230b9fd3846fda5467543bffd43fb9c88b198f635880cfdd3e87f6090,2015-04,West Mercia Police,West Mercia Police,-2.573132,51.924704,On or near Overross Farm,E01014061,Herefordshire 022A,Violence and sexual offences,Unable to prosecute suspect,
,2015-04,West Mercia Police,West Mercia Police,-2.583415,51.912543,On or near Hospital,E01014062,Herefordshire 022B,Anti-social behaviour,,
,2015-04,West Mercia Police,West Mercia Police,-2.583800,51.914213,On or near Market Place,E01014062,Herefordshire 022B,Anti-social behaviour,,
,2015-04,West Mercia Police,West Mercia Police,-2.582068,51.915184,On or near Shopping Area,E01014062,Herefordshire 022B,Anti-social behaviour,,
,2015-04,West Mercia Police,West Mercia Police,-2.573357,51.913869,On or near Alton Avenue,E01014062,Herefordshire 022B,Anti-social behaviour,,
,2015-04,West Mercia Police,West Mercia Police,-2.573357,51.913869,On or near Alton Avenue,E01014062,Herefordshire 022B,Anti-social behaviour,,
,2015-04,West Mercia Police,West Mercia Police,-2.573357,51.913869,On or near Alton Avenue,E01014062,Herefordshire 022B,Anti-social behaviour,,
,2015-04,West Mercia Police,West Mercia Police,-2.580843,51.911477,On or near Alton Street,E01014062,Herefordshire 022B,Anti-social behaviour,,
,2015-04,West Mercia Police,West Mercia Police,-2.580522,51.917026,On or near Parking Area,E01014062,Herefordshire 022B,Anti-social behaviour,,
,2015-04,West Mercia Police,West Mercia Police,-2.582068,51.915184,On or near Shopping Area,E01014062,Herefordshire 022B,Anti-social behaviour,,
,2015-04,West Mercia Police,West Mercia Police,-2.573357,51.913869,On or near Alton Avenue,E01014062,Herefordshire 022B,Anti-social behaviour,,
,2015-04,West Mercia Police,West Mercia Police,-2.582435,51.914274,On or near Hill Street,E01014062,Herefordshire 022B,Anti-social behaviour,,
,2015-04,West Mercia Police,West Mercia Police,-2.573357,51.913869,On or near Alton Avenue,E01014062,Herefordshire 022B,Anti-social behaviour,,
,2015-04,West Mercia Police,West Mercia Police,-2.582068,51.915184,On or near Shopping Area,E01014062,Herefordshire 022B,Anti-social behaviour,,
,2015-04,West Mercia Police,West Mercia Police,-2.578019,51.914584,On or near Smallbrook Road,E01014062,Herefordshire 022B,Anti-social behaviour,,
,2015-04,West Mercia Police,West Mercia Police,-2.582068,51.915184,On or near Shopping Area,E01014062,Herefordshire 022B,Anti-social behaviour,,
686892cd84b31fe32c7a574a55683e8bcc1c97ce9a7c269cd2802f7243fa4f70,2015-04,West Mercia Police,West Mercia Police,-2.580843,51.911477,On or near Alton Street,E01014062,Herefordshire 022B,Burglary,Investigation complete; no suspect identified,
ed1054530a1c9564ac6f1c42126c14ff7e833012060bc843e083661dfdb9523c,2015-04,West Mercia Police,West Mercia Police,-2.583800,51.914213,On or near Market Place,E01014062,Herefordshire 022B,Criminal damage and arson,Investigation complete; no suspect identified,
9edd39fe7358b0dcceac6863b6fb96920fe401f5e83e6346ad1345651974c6fd,2015-04,West Mercia Police,West Mercia Police,-2.582068,51.915184,On or near Shopping Area,E01014062,Herefordshire 022B,Criminal damage and arson,Investigation complete; no suspect identified,
624ccb67fc0d904293569fa28929a1fc099b4962e12b2427da069df6ec76c352,2015-04,West Mercia Police,West Mercia Police,-2.580522,51.917026,On or near Parking Area,E01014062,Herefordshire 022B,Criminal damage and arson,Investigation complete; no suspect identified,
a7a3e86048dee496ba40b90837652868160ace2b9a9c6f2277469273b93dfa68,2015-04,West Mercia Police,West Mercia Police,-2.573357,51.913869,On or near Alton Avenue,E01014062,Herefordshire 022B,Criminal damage and arson,Offender given community sentence,
aa683fc42e47f0c397b2d62e2445f7c24a757e9a08fd21218efe7415fa0c15bc,2015-04,West Mercia Police,West Mercia Police,-2.575882,51.914621,On or near Beechwood,E01014062,Herefordshire 022B,Criminal damage and arson,Unable to prosecute suspect,
8d4eb932286c232af4e2dc47dc40a6b4439e224e606147e149dcd1740af3c811,2015-04,West Mercia Police,West Mercia Police,-2.582027,51.914240,On or near Corpus Christi Lane,E01014062,Herefordshire 022B,Criminal damage and arson,Investigation complete; no suspect identified,
a5831944bd434445898fb11980070e13328b5cff3c758beab7e41e104d4e6279,2015-04,West Mercia Police,West Mercia Police,-2.580522,51.917026,On or near Parking Area,E01014062,Herefordshire 022B,Other theft,Unable to prosecute suspect,
e9f4d30e64fc4d3253afa2696dd4866c97ad324aa05e1c6b4a2310d0ca8c5438,2015-04,West Mercia Police,West Mercia Police,-2.580522,51.917026,On or near Parking Area,E01014062,Herefordshire 022B,Other theft,Investigation complete; no suspect identified,
3a8f6a18cfa21b640f79024595838e5691b5a65d46d97a58d7ccde2a4f91c0b7,2015-04,West Mercia Police,West Mercia Police,-2.573357,51.913869,On or near Alton Avenue,E01014062,Herefordshire 022B,Other theft,Investigation complete; no suspect identified,
9a963ab50b80599b4adc14bd8ae1327ef810e605d2c1bd92490513f44639d61f,2015-04,West Mercia Police,West Mercia Police,-2.580522,51.917026,On or near Parking Area,E01014062,Herefordshire 022B,Other theft,Investigation complete; no suspect identified,
c03e8f2d3098bcbcb1e0147347c487e050a4e0421b6daffdcd4346fc0fe2ef3c,2015-04,West Mercia Police,West Mercia Police,-2.580522,51.917026,On or near Parking Area,E01014062,Herefordshire 022B,Other theft,Under investigation,
9cdd215988ca8389e6e2fe7a171df0c8ef5939bd383dcf3ebae511f560139bea,2015-04,West Mercia Police,West Mercia Police,-2.580522,51.917026,On or near Parking Area,E01014062,Herefordshire 022B,Other theft,Local resolution,
393b8d2a226139d78d2fb3c980c90293fffdd20bd2e3be787f2c6a6ff3a22f16,2015-04,West Mercia Police,West Mercia Police,-2.580522,51.917026,On or near Parking Area,E01014062,Herefordshire 022B,Other theft,Investigation complete; no suspect identified,
e893ffaf3d1d4bb48598b15f18b34f091ebde8cb43a03ef39b4c7bd7b1daa22e,2015-04,West Mercia Police,West Mercia Police,-2.580522,51.917026,On or near Parking Area,E01014062,Herefordshire 022B,Other theft,Investigation complete; no suspect identified,
cb11b318e4517ac68814792fee27a8c43d05d46f68c5823271d28e8a23eb00cb,2015-04,West Mercia Police,West Mercia Police,-2.581073,51.914694,On or near Henry Street,E01014062,Herefordshire 022B,Public order,Court case unable to proceed,
6a6986f847ac5bc1b578b2cbfc5f3109445d903d277caf62447d6771d6c3c6c3,2015-04,West Mercia Police,West Mercia Police,-2.583800,51.914213,On or near Market Place,E01014062,Herefordshire 022B,Shoplifting,Investigation complete; no suspect identified,
f4d691c216ff34824e0dccc54528404fe45cae0a3eecdc57144a74d938ea9af8,2015-04,West Mercia Police,West Mercia Police,-2.583800,51.914213,On or near Market Place,E01014062,Herefordshire 022B,Shoplifting,Investigation complete; no suspect identified,
7f402f69188b9fd2d6f0125732267a41710e13300a42ac153e73b6b7c276a887,2015-04,West Mercia Police,West Mercia Police,-2.583800,51.914213,On or near Market Place,E01014062,Herefordshire 022B,Shoplifting,Local resolution,
589027c61a2153fdf0040422d89033ff6b63e372d9f8aff4c9ab7ba7fdcb9f6f,2015-04,West Mercia Police,West Mercia Police,-2.580522,51.917026,On or near Parking Area,E01014062,Herefordshire 022B,Theft from the person,Investigation complete; no suspect identified,
05977b54a8c445bd17d5452659182c1b3138630f13eb68a369275619f6c0998f,2015-04,West Mercia Police,West Mercia Police,-2.580522,51.917026,On or near Parking Area,E01014062,Herefordshire 022B,Violence and sexual offences,Investigation complete; no suspect identified,
84c2e03e00478def02b9a3fff6ae7bb83d6ce6e0c9f1462a927f075c9d727dc4,2015-04,West Mercia Police,West Mercia Police,-2.583800,51.914213,On or near Market Place,E01014062,Herefordshire 022B,Violence and sexual offences,Court result unavailable,
9f1c367f8c78071d052df8b611ae46fe87a4370e7e0d728b77f682bd457c6ae2,2015-04,West Mercia Police,West Mercia Police,-2.580522,51.917026,On or near Parking Area,E01014062,Herefordshire 022B,Violence and sexual offences,Investigation complete; no suspect identified,
11d8c9e58c4d53c50464195af29b61e19f89008baf970fbad7b9781357f4da5e,2015-04,West Mercia Police,West Mercia Police,-2.579940,51.914772,On or near Cantilupe Road,E01014062,Herefordshire 022B,Violence and sexual offences,Investigation complete; no suspect identified,
72f382ff5c5d8a6ba7156096b0ec1173eee24af4a52fd52a88f6373a44e14408,2015-04,West Mercia Police,West Mercia Police,-2.577506,51.915404,On or near Smallbrook Gardens,E01014062,Herefordshire 022B,Violence and sexual offences,Unable to prosecute suspect,
caf907374d524541f43e4ad9a8f29d0fc1b6def68af7b6eeb5299132fd1ebcd5,2015-04,West Mercia Police,West Mercia Police,-2.583800,51.914213,On or near Market Place,E01014062,Herefordshire 022B,Violence and sexual offences,Awaiting court outcome,
2d528ab45c12ba7496063327c59ec9a9bbbd7741ace735f577b20fa0b78a57bc,2015-04,West Mercia Police,West Mercia Police,-2.582027,51.914240,On or near Corpus Christi Lane,E01014062,Herefordshire 022B,Violence and sexual offences,Defendant found not guilty,
33ab689036f4ecd8403cc3af21fd383c74ff2e01326f1d723ff76443801f2463,2015-04,West Mercia Police,West Mercia Police,-2.579940,51.914772,On or near Cantilupe Road,E01014062,Herefordshire 022B,Violence and sexual offences,Investigation complete; no suspect identified,
4271b682817e13a8c7d2fb35993415e2526bfed21b25d2eb84238cb041efdb48,2015-04,West Mercia Police,West Mercia Police,-2.583800,51.914213,On or near Market Place,E01014062,Herefordshire 022B,Violence and sexual offences,Unable to prosecute suspect,
,2015-04,West Mercia Police,West Mercia Police,-2.586312,51.903897,On or near Tudor Street,E01014063,Herefordshire 022C,Anti-social behaviour,,
,2015-04,West Mercia Police,West Mercia Police,-2.589590,51.903368,On or near Purland,E01014063,Herefordshire 022C,Anti-social behaviour,,
,2015-04,West Mercia Police,West Mercia Police,-2.587217,51.901951,On or near Wood Edge,E01014063,Herefordshire 022C,Anti-social behaviour,,
,2015-04,West Mercia Police,West Mercia Police,-2.590728,51.901448,On or near Three Choirs Close,E01014063,Herefordshire 022C,Anti-social behaviour,,
91c2d5a575dd3fd6c50bd252466506bd17f85bb73a42a27f107575f84af1289b,2015-04,West Mercia Police,West Mercia Police,-2.587074,51.904343,On or near Chapel Road,E01014063,Herefordshire 022C,Criminal damage and arson,Unable to prosecute suspect,
1f555c506437bcbcbefbd0d4a2adb8c11afb2e3f63e1d38ab603e85eaff1739b,2015-04,West Mercia Police,West Mercia Police,-2.590958,51.901312,On or near Frome Valley Way,E01014063,Herefordshire 022C,Other theft,Investigation complete; no suspect identified,
0be3fcf2a7394a2dfc8a0e684afcfab49a5d6c36540b6768ad976da39a57aea5,2015-04,West Mercia Police,West Mercia Police,-2.578877,51.910084,On or near The Gresleys,E01014063,Herefordshire 022C,Public order,Offender fined,
129e363b84886bcf59d4a13c018fe4c1d9d428fefe1fbc02f7b37b618db11ad2,2015-04,West Mercia Police,West Mercia Police,-2.584108,51.909887,On or near Coach Lane,E01014063,Herefordshire 022C,Violence and sexual offences,Offender sent to prison,
,2015-04,West Mercia Police,West Mercia Police,-2.582132,51.917863,On or near Merrick Close,E01014064,Herefordshire 022D,Anti-social behaviour,,
,2015-04,West Mercia Police,West Mercia Police,-2.582801,51.917860,On or near Nursery Road,E01014064,Herefordshire 022D,Anti-social behaviour,,
,2015-04,West Mercia Police,West Mercia Police,-2.583340,51.920177,On or near River View,E01014064,Herefordshire 022D,Anti-social behaviour,,
,2015-04,West Mercia Police,West Mercia Police,-2.583340,51.920177,On or near River View,E01014064,Herefordshire 022D,Anti-social behaviour,,
,2015-04,West Mercia Police,West Mercia Police,-2.583340,51.920177,On or near River View,E01014064,Herefordshire 022D,Anti-social behaviour,,
,2015-04,West Mercia Police,West Mercia Police,-2.583340,51.920177,On or near River View,E01014064,Herefordshire 022D,Anti-social behaviour,,
,2015-04,West Mercia Police,West Mercia Police,-2.579732,51.923431,On or near Mayhill Road,E01014064,Herefordshire 022D,Anti-social behaviour,,
,2015-04,West Mercia Police,West Mercia Police,-2.579235,51.919810,On or near Mount Pleasant,E01014064,Herefordshire 022D,Anti-social behaviour,,
,2015-04,West Mercia Police,West Mercia Police,-2.583340,51.920177,On or near River View,E01014064,Herefordshire 022D,Anti-social behaviour,,
,2015-04,West Mercia Police,West Mercia Police,-2.583340,51.920177,On or near River View,E01014064,Herefordshire 022D,Anti-social behaviour,,
,2015-04,West Mercia Police,West Mercia Police,-2.583340,51.920177,On or near River View,E01014064,Herefordshire 022D,Anti-social behaviour,,
,2015-04,West Mercia Police,West Mercia Police,-2.583340,51.920177,On or near River View,E01014064,Herefordshire 022D,Anti-social behaviour,,
d096ca8cf92de13fda5fda7696781babb7f1226f05d18a2a10b9cdd84a14d2b0,2015-04,West Mercia Police,West Mercia Police,-2.583340,51.920177,On or near River View,E01014064,Herefordshire 022D,Criminal damage and arson,Unable to prosecute suspect,
0377b4c58f67b2c4e1abb631de59ac55e961ff3ecc6e610c673e3d579a1f9306,2015-04,West Mercia Police,West Mercia Police,-2.583916,51.918672,On or near Cawdor Arch Road,E01014064,Herefordshire 022D,Criminal damage and arson,Investigation complete; no suspect identified,
26f18730838ee63b05e2748948408ecc9324a1b2568ada69ab5752927f011c0a,2015-04,West Mercia Police,West Mercia Police,-2.579980,51.918953,On or near Brookfield Road,E01014064,Herefordshire 022D,Criminal damage and arson,Investigation complete; no suspect identified,
e87fa01cfbd8baed477d1fe575f997e026c0d7c3a66b7445c3c9f43a7ea1bad5,2015-04,West Mercia Police,West Mercia Police,-2.580293,51.924094,On or near Wallhouse Road,E01014064,Herefordshire 022D,Robbery,Investigation complete; no suspect identified,
544e28a340a39395d740d34220e8316a0449611dbbad57b3f41132322b7074c3,2015-04,West Mercia Police,West Mercia Police,-2.583151,51.922407,On or near Verschoyle Gardens,E01014064,Herefordshire 022D,Violence and sexual offences,Unable to prosecute suspect,
05bf65181ea8e843f37050de151eeff0c356c0aff050852172e7e8a22b7efa3c,2015-04,West Mercia Police,West Mercia Police,-2.584568,51.916206,On or near Parking Area,E01014064,Herefordshire 022D,Violence and sexual offences,Unable to prosecute suspect,
bf4f620e61611b32f6f5365720c726011a21dbbc93666ee5ce7ff878839c7784,2015-04,West Mercia Police,West Mercia Police,-2.584513,51.918687,On or near Old Market Close,E01014064,Herefordshire 022D,Violence and sexual offences,Offender given community sentence,
10ddf4a8532fa2922b4d9cd9e154cf6346dd4dbd8dfc25dabdbd836dafe22b5c,2015-04,West Mercia Police,West Mercia Police,-2.583151,51.922407,On or near Verschoyle Gardens,E01014064,Herefordshire 022D,Violence and sexual offences,Unable to prosecute suspect,
ac7aad815cf85ec25d3afce98948afb45ded7b68cbd20a0c0e880cab9137d93f,2015-04,West Mercia Police,West Mercia Police,-2.582801,51.917860,On or near Nursery Road,E01014064,Herefordshire 022D,Violence and sexual offences,Unable to prosecute suspect,
,2015-04,West Mercia Police,West Mercia Police,-2.580887,51.921645,On or near Three Crosses Close,E01014065,Herefordshire 022E,Anti-social behaviour,,
0beee590e402cfc2668b939b4a64b6dc1d4d0ae5e92177c5a40789b21729aa35,2015-04,West Mercia Police,West Mercia Police,-2.585587,51.921892,On or near Honeysuckle Close,E01014065,Herefordshire 022E,Criminal damage and arson,Investigation complete; no suspect identified,
b4a400ece890ebc05de47b81fbf896d61f6712b5fea009146233e323d0532610,2015-04,West Mercia Police,West Mercia Police,-2.585587,51.921892,On or near Honeysuckle Close,E01014065,Herefordshire 022E,Criminal damage and arson,Investigation complete; no suspect identified,
6dff67afc56e262ebf01f84f9f268d5e5074f86b0d0eadb97fafd4d3d3fe9c92,2015-04,West Mercia Police,West Mercia Police,-2.586339,51.921582,On or near Orchid Close,E01014065,Herefordshire 022E,Violence and sexual offences,Unable to prosecute suspect,
,2015-04,West Mercia Police,West Mercia Police,-2.586462,51.914290,On or near St Mary'S Street,E01014066,Herefordshire 022F,Anti-social behaviour,,
,2015-04,West Mercia Police,West Mercia Police,-2.582925,51.915090,On or near Broad Street,E01014066,Herefordshire 022F,Anti-social behaviour,,
,2015-04,West Mercia Police,West Mercia Police,-2.584682,51.912708,On or near Ross-On-Wye Police Station,E01014066,Herefordshire 022F,Anti-social behaviour,,
,2015-04,West Mercia Police,West Mercia Police,-2.584513,51.915325,On or near New Street,E01014066,Herefordshire 022F,Anti-social behaviour,,
,2015-04,West Mercia Police,West Mercia Police,-2.584513,51.915325,On or near New Street,E01014066,Herefordshire 022F,Anti-social behaviour,,
,2015-04,West Mercia Police,West Mercia Police,-2.587039,51.919529,On or near Homs Road,E01014066,Herefordshire 022F,Anti-social behaviour,,
,2015-04,West Mercia Police,West Mercia Police,-2.586594,51.910999,On or near Ashfield Park Road,E01014066,Herefordshire 022F,Anti-social behaviour,,
,2015-04,West Mercia Police,West Mercia Police,-2.585723,51.915606,On or near Edde Cross Street,E01014066,Herefordshire 022F,Anti-social behaviour,,
,2015-04,West Mercia Police,West Mercia Police,-2.584682,51.912708,On or near Ross-On-Wye Police Station,E01014066,Herefordshire 022F,Anti-social behaviour,,
04948edc0c74cd7305fa3c2ebce1c7ee6a5e2025770e82f27bd5ff31af319fc2,2015-04,West Mercia Police,West Mercia Police,-2.587465,51.908693,On or near Ashfield Crescent,E01014066,Herefordshire 022F,Burglary,Investigation complete; no suspect identified,
d62eb863677ddde22afb489c6ac018bd96ea07187525c72b8ae25652f0968673,2015-04,West Mercia Police,West Mercia Police,-2.587289,51.908568,On or near Palmerston Road,E01014066,Herefordshire 022F,Burglary,Investigation complete; no suspect identified,
508bd95e1abe3b0775cb9b19262bf56e503c6faba77de4a52cd22cd93fc20900,2015-04,West Mercia Police,West Mercia Police,-2.587465,51.908693,On or near Ashfield Crescent,E01014066,Herefordshire 022F,Burglary,Investigation complete; no suspect identified,
37fa657247cf90c34dc3a65729c5b25cbe5249fb7b3d670978870e90b1c95a60,2015-04,West Mercia Police,West Mercia Police,-2.583887,51.913026,On or near Copse Cross Street,E01014066,Herefordshire 022F,Criminal damage and arson,Offender given a caution,
144e0c348d4d5fac0c6c82b43ae90d0a349ab9640622763037c3e2a7fe192ba4,2015-04,West Mercia Police,West Mercia Police,-2.587289,51.908568,On or near Palmerston Road,E01014066,Herefordshire 022F,Criminal damage and arson,Investigation complete; no suspect identified,
7248df4de2ca9104fb20172d83a407b4ae469a27e7a8374b28470bf57c17deef,2015-04,West Mercia Police,West Mercia Police,-2.584863,51.914307,On or near High Street,E01014066,Herefordshire 022F,Vehicle crime,Investigation complete; no suspect identified,
,2015-04,West Mercia Police,West Mercia Police,-2.592883,51.905060,On or near Bakers Oak,E01014067,Herefordshire 022G,Anti-social behaviour,,
f1dfb3d144998035cadb45a35f321189e4fb7fe2192b252ca440a57631d3b3a5,2015-04,West Mercia Police,West Mercia Police,-2.592883,51.905060,On or near Bakers Oak,E01014067,Herefordshire 022G,Other crime,Unable to prosecute suspect,
886d6adc280f529d5f92b4a4c38609d2fe2883d111d6fcc4ae48b7c0b7792bf2,2015-04,West Mercia Police,West Mercia Police,-2.592883,51.905060,On or near Bakers Oak,E01014067,Herefordshire 022G,Other crime,Offender given a caution,
,2015-04,West Mercia Police,West Mercia Police,-2.683259,51.841435,On or near A40,E01014031,Herefordshire 023A,Anti-social behaviour,,
,2015-04,West Mercia Police,West Mercia Police,-2.633196,51.868302,On or near Dean Swift Close,E01014031,Herefordshire 023A,Anti-social behaviour,,
,2015-04,West Mercia Police,West Mercia Police,-2.648040,51.849169,On or near B4164,E01014031,Herefordshire 023A,Anti-social behaviour,,
,2015-04,West Mercia Police,West Mercia Police,-2.648040,51.849169,On or near B4164,E01014031,Herefordshire 023A,Anti-social behaviour,,
d139caa1ea15c8105ffb014a2f34e59a8a13f7f9f5b3dbf97bcee59249e6fdbe,2015-04,West Mercia Police,West Mercia Police,-2.671731,51.847076,On or near Talybont Lane,E01014031,Herefordshire 023A,Burglary,Investigation complete; no suspect identified,
157abe81763d5e99e92157e8c8959c2baa292c5e867e22ddd20c71b656745030,2015-04,West Mercia Police,West Mercia Police,-2.647045,51.844544,On or near Meeks Well Lane,E01014031,Herefordshire 023A,Burglary,Investigation complete; no suspect identified,
6261f8ee64a5a9fee25bf0fdd6c74f5d47915c45fd34be5313b784837824604f,2015-04,West Mercia Police,West Mercia Police,-2.639422,51.840306,On or near Ferry Terminal,E01014031,Herefordshire 023A,Other theft,Investigation complete; no suspect identified,
9a4974bf60c6b7279441e94f1534809079658b4cfd5cfdce28ced8d7e4a5340c,2015-04,West Mercia Police,West Mercia Police,-2.642723,51.862127,On or near B4229,E01014031,Herefordshire 023A,Vehicle crime,Investigation complete; no suspect identified,
06f10a11e2f485b3402ebef9dcea7528734c5ad76b035edfc00533e6948d53cb,2015-04,West Mercia Police,West Mercia Police,-2.593786,51.886462,On or near Alder Close,E01014032,Herefordshire 023B,Burglary,Investigation complete; no suspect identified,
1d29b408fa08b4f7f4357ed3f690366e561739ce1942a3e20eb148a37b8358b6,2015-04,West Mercia Police,West Mercia Police,-2.601267,51.877685,On or near Nelsons Close,E01014032,Herefordshire 023B,Violence and sexual offences,Unable to prosecute suspect,
,2015-04,West Mercia Police,West Mercia Police,-2.599171,51.915593,On or near Wilton Road,E01014049,Herefordshire 023C,Anti-social behaviour,,
,2015-04,West Mercia Police,West Mercia Police,-2.658666,51.922638,On or near B4521,E01014049,Herefordshire 023C,Anti-social behaviour,,
32b144d36f768028185791a8860aa1dd8f9cfb7c77982f75ef9b3f53d41838a3,2015-04,West Mercia Police,West Mercia Police,-2.636144,51.917664,On or near Park/Open Space,E01014049,Herefordshire 023C,Burglary,Investigation complete; no suspect identified,
f3824a3bd9a6ada7276dccb2e430b3e5922884bb6f99fbb749cd57639d7c065c,2015-04,West Mercia Police,West Mercia Police,-2.656319,51.923218,On or near Everstone Rise,E01014049,Herefordshire 023C,Criminal damage and arson,Investigation complete; no suspect identified,
9c6377f3a8df05260da8c7c34233af299bf758516ec2cae85a97a7673db88281,2015-04,West Mercia Police,West Mercia Police,-2.599171,51.915593,On or near Wilton Road,E01014049,Herefordshire 023C,Drugs,Court result unavailable,
b8bfa6109e011e6d8dfd9dbb512a81586667d6cb9910c21a515ef5eff1ce3dc1,2015-04,West Mercia Police,West Mercia Police,-2.601188,51.915241,On or near The Pippins,E01014049,Herefordshire 023C,Other theft,Investigation complete; no suspect identified,
848b55b4b19aabcc50ee9ca863230347831b01047afb449f255054086a0011b1,2015-04,West Mercia Police,West Mercia Police,-2.600667,51.914362,On or near Fisherman'S Reach,E01014049,Herefordshire 023C,Vehicle crime,Investigation complete; no suspect identified,
781338b70d4275e3e2754c817c6d015f2a43e8cadaa7fed3a86f8f38c1b2381a,2015-04,West Mercia Police,West Mercia Police,-2.633761,51.918810,On or near Old Lane,E01014049,Herefordshire 023C,Vehicle crime,Investigation complete; no suspect identified,
dc30bbc90b068fdd658f301362aa834a8b7d814c9ce20350603ca0ed49d59d4e,2015-04,West Mercia Police,West Mercia Police,-2.599171,51.915593,On or near Wilton Road,E01014049,Herefordshire 023C,Violence and sexual offences,Offender given conditional discharge,
2a0997faa5855bf9b1f93a5e3cfde523e33a30f937afd67cfb64a94e65db95f9,2015-04,West Mercia Police,West Mercia Police,-2.615043,51.917327,On or near A49,E01014049,Herefordshire 023C,Violence and sexual offences,Unable to prosecute suspect,
449f25ac8d0aea7dec51b9bd065129f8a47d4fcd2e50a7a78c550a847ce550bd,2015-04,West Mercia Police,West Mercia Police,-2.646944,51.929599,On or near Park/Open Space,E01014049,Herefordshire 023C,Violence and sexual offences,Unable to prosecute suspect,
,2015-04,West Mercia Police,West Mercia Police,-2.713106,51.855437,On or near Park/Open Space,E01014050,Herefordshire 023D,Anti-social behaviour,,
fe8950359597be82d32c8912bed79bb1b5b6d9923bdad536e5a5c543a4152d6b,2015-04,West Mercia Police,West Mercia Police,-2.648845,51.903075,On or near Daffaluke Lane,E01014050,Herefordshire 023D,Burglary,Investigation complete; no suspect identified,
ef8854095553af8be99e979e5bb052717435980678a74ccc1e25d612039c3457,2015-04,West Mercia Police,West Mercia Police,-2.635599,51.896574,On or near Boat Lane,E01014050,Herefordshire 023D,Burglary,Investigation complete; no suspect identified,
7b2e7230dc047f2a54330efea6a12deac8e41bf19f02c15b2896773211253c51,2015-04,West Mercia Police,West Mercia Police,-2.672013,51.864031,On or near Little Trewen Lane,E01014050,Herefordshire 023D,Burglary,Investigation complete; no suspect identified,
df9ba258572c906f8101eda06c5597e59daa9dc0939956659828c46a1f14fa99,2015-04,West Mercia Police,West Mercia Police,-2.655283,51.887035,On or near A4137,E01014050,Herefordshire 023D,Drugs,Unable to prosecute suspect,
edf1ddf60c39540c7ab410e3284aed6184cf1c375ce983803ab356307391f27c,2015-04,West Mercia Police,West Mercia Police,-2.713106,51.855437,On or near Park/Open Space,E01014050,Herefordshire 023D,Other theft,Investigation complete; no suspect identified,
,2015-04,West Mercia Police,West Mercia Police,-2.577848,51.935246,On or near Green Close,E01014053,Herefordshire 023E,Anti-social behaviour,,
,2015-04,West Mercia Police,West Mercia Police,-2.581609,51.927980,On or near Park/Open Space,E01014053,Herefordshire 023E,Anti-social behaviour,,
,2015-04,West Mercia Police,West Mercia Police,-2.577848,51.935246,On or near Green Close,E01014053,Herefordshire 023E,Anti-social behaviour,,
,2015-04,West Mercia Police,West Mercia Police,-2.511952,51.930848,On or near M50,E01014053,Herefordshire 023E,Anti-social behaviour,,
,2015-04,West Mercia Police,West Mercia Police,-2.577848,51.935246,On or near Green Close,E01014053,Herefordshire 023E,Anti-social behaviour,,
,2015-04,West Mercia Police,West Mercia Police,-2.528802,51.943946,On or near B4224,E01014053,Herefordshire 023E,Anti-social behaviour,,
,2015-04,West Mercia Police,West Mercia Police,-2.577848,51.935246,On or near Green Close,E01014053,Herefordshire 023E,Anti-social behaviour,,
,2015-04,West Mercia Police,West Mercia Police,-2.577848,51.935246,On or near Green Close,E01014053,Herefordshire 023E,Anti-social behaviour,,
,2015-04,West Mercia Police,West Mercia Police,-2.569212,51.956245,On or near Park/Open Space,E01014053,Herefordshire 023E,Anti-social behaviour,,
ebfac72574f593f7935cbdd4f9f11c80ab0bcdf32512a632b3f912148182e67a,2015-04,West Mercia Police,West Mercia Police,-2.569212,51.956245,On or near Park/Open Space,E01014053,Herefordshire 023E,Criminal damage and arson,Offender given community sentence,
8a294841f6aacc87911d6235e0089b68d1dd25cdaec8ad42ce9ef9080d9d800f,2015-04,West Mercia Police,West Mercia Police,-2.628490,51.953615,On or near Conference/Exhibition Centre,E01014053,Herefordshire 023E,Other theft,Investigation complete; no suspect identified,
25e278b8ee830a0840b6caa67704b19910ce4fa03c88a7c3697ba44ad8e1473a,2015-04,West Mercia Police,West Mercia Police,-2.577848,51.935246,On or near Green Close,E01014053,Herefordshire 023E,Vehicle crime,Court result unavailable,
b63fdab25ffd60a3a56bd2969750e596b81914fcd3379a174f466e52b742b3e5,2015-04,West Mercia Police,West Mercia Police,-2.569212,51.956245,On or near Park/Open Space,E01014053,Herefordshire 023E,Violence and sexual offences,Offender given community sentence,
09c328c107b998bc16ac250f7df7962a582f5b83029bc39f0617da7d20236c4c,2015-04,West Mercia Police,West Mercia Police,-2.569212,51.956245,On or near Park/Open Space,E01014053,Herefordshire 023E,Violence and sexual offences,Offender given community sentence,
,2015-04,West Mercia Police,West Mercia Police,-2.487225,51.894405,On or near Rudhall View,E01014057,Herefordshire 023F,Anti-social behaviour,,
,2015-04,West Mercia Police,West Mercia Police,-2.487225,51.894405,On or near Rudhall View,E01014057,Herefordshire 023F,Anti-social behaviour,,
,2015-04,West Mercia Police,West Mercia Police,-2.533666,51.906351,On or near Mill Orchard,E01014057,Herefordshire 023F,Anti-social behaviour,,
,2015-04,West Mercia Police,West Mercia Police,-2.494073,51.893406,On or near Petrol Station,E01014057,Herefordshire 023F,Anti-social behaviour,,
,2015-04,West Mercia Police,West Mercia Police,-2.487225,51.894405,On or near Rudhall View,E01014057,Herefordshire 023F,Anti-social behaviour,,
30535d85ee2191b1090e8066efc866f07040b03103ecb8c0681aaf0e380f6194,2015-04,West Mercia Police,West Mercia Police,-2.513242,51.916475,On or near B4224,E01014057,Herefordshire 023F,Burglary,Investigation complete; no suspect identified,
dfcda7d7f95187389c882d90201a192c83427d35372561dbec9100fae0062d70,2015-04,West Mercia Police,West Mercia Police,-2.487225,51.894405,On or near Rudhall View,E01014057,Herefordshire 023F,Drugs,Awaiting court outcome,
4d7988d607556fea00a136ccc37ed41cab9bba9d92ef35f78e9270c23d253817,2015-04,West Mercia Police,West Mercia Police,-2.479324,51.934429,On or near Sports/Recreation Area,E01014057,Herefordshire 023F,Violence and sexual offences,Local resolution,
39dd0bb45d40e359b67875535f502eba7cce716c8a043e5268a9e515119958ba,2015-04,West Mercia Police,West Mercia Police,-2.495636,51.925767,On or near Church View,E01014057,Herefordshire 023F,Violence and sexual offences,Awaiting court outcome,
c67c36175f9c5c888f7b9a1138f6bcfc42162606c5db37078a33c738caf0c69c,2015-04,West Mercia Police,West Mercia Police,-2.487225,51.894405,On or near Rudhall View,E01014057,Herefordshire 023F,Violence and sexual offences,Unable to prosecute suspect,
ffe0969944eb6aef01058281eb4518c94766e9dcf7eac2993b67170ae503e487,2015-04,West Mercia Police,West Mercia Police,-2.487225,51.894405,On or near Rudhall View,E01014057,Herefordshire 023F,Violence and sexual offences,Under investigation,
,2015-04,West Mercia Police,West Mercia Police,-2.475728,51.929940,On or near Gorsley Gardens,E01014058,Herefordshire 023G,Anti-social behaviour,,
,2015-04,West Mercia Police,West Mercia Police,-2.515772,51.892378,On or near Hoovers Lane,E01014058,Herefordshire 023G,Anti-social behaviour,,
7f92646115e96cc62018afd56cd55f039c9c02794aeed46822890069a47c8c09,2015-04,West Mercia Police,West Mercia Police,-2.530290,51.885120,On or near Dancing Green,E01014058,Herefordshire 023G,Burglary,Investigation complete; no suspect identified,
c8ecbbad2834dbad4609f6ee9eea0a3ef8458e87381ec3540b7c0d070ee22d5e,2015-04,West Mercia Police,West Mercia Police,-2.490200,51.892712,On or near A40,E01014058,Herefordshire 023G,Burglary,Investigation complete; no suspect identified,
4f0d2c4e24750ac91b947fabf5a98d23842142a259c8002fdd144a25d5fb2619,2015-04,West Mercia Police,West Mercia Police,-2.521275,51.894493,On or near The Rowans,E01014058,Herefordshire 023G,Other theft,Investigation complete; no suspect identified,
8d04c1456f6f3cab7882fc53f8d63104478debdcde265a269929dbac5f7519fa,2015-04,West Mercia Police,West Mercia Police,-2.475188,51.932558,On or near The Manse Lane,E01014058,Herefordshire 023G,Violence and sexual offences,Court result unavailable,
31dbecc2aa5b9c69e0e30250739734bb16e665d5c2939e025f8596219e7e4529,2015-04,West Mercia Police,West Mercia Police,-2.496764,51.888369,On or near Orchard Close,E01014058,Herefordshire 023G,Violence and sexual offences,Unable to prosecute suspect,
e14eac5bae6b4731f0c59b2b829cf8f14637990b6795a7fcad33d07137f79852,2015-04,West Mercia Police,West Mercia Police,-2.464761,51.900251,On or near Barrel Lane,E01014058,Herefordshire 023G,Violence and sexual offences,Offender given a caution,
,2015-04,West Mercia Police,West Mercia Police,-2.536113,52.319261,On or near Wyrebrook Gardens,E01032193,Malvern Hills 001A,Anti-social behaviour,,
,2015-04,West Mercia Police,West Mercia Police,-2.422067,52.342909,On or near Malvern View,E01032193,Malvern Hills 001A,Anti-social behaviour,,
6ead0c8914ae508caeb985bac47508b884340d6f78a5417b6ca66bfea31252db,2015-04,West Mercia Police,West Mercia Police,-2.452710,52.312229,On or near Pensmill Close,E01032193,Malvern Hills 001A,Violence and sexual offences,Court result unavailable,
,2015-04,West Mercia Police,West Mercia Police,-2.408303,52.276573,On or near Sports/Recreation Area,E01032212,Malvern Hills 001B,Anti-social behaviour,,
,2015-04,West Mercia Police,West Mercia Police,-2.407847,52.247599,On or near Old Road,E01032212,Malvern Hills 001B,Anti-social behaviour,,
,2015-04,West Mercia Police,West Mercia Police,-2.408303,52.276573,On or near Sports/Recreation Area,E01032212,Malvern Hills 001B,Anti-social behaviour,,
2dff16928bd239c96d19acb9f56c003a1417813a84c1a01bb31942ecc4800eae,2015-04,West Mercia Police,West Mercia Police,-2.424562,52.250992,On or near Winnington Close,E01032212,Malvern Hills 001B,Burglary,Investigation complete; no suspect identified,
61bb0d5cebb372202252ed6263ec1dfd73e1ef3b3f4f809a278fd4bb3072ad2b,2015-04,West Mercia Police,West Mercia Police,-2.422084,52.250732,On or near Saxon Close,E01032212,Malvern Hills 001B,Burglary,Investigation complete; no suspect identified,
3fa3d09b7d4e3c0d5d266373d1231e1204fc925b343b212413a9b90fe664d5ee,2015-04,West Mercia Police,West Mercia Police,-2.408303,52.276573,On or near Sports/Recreation Area,E01032212,Malvern Hills 001B,Criminal damage and arson,Investigation complete; no suspect identified,
a5b81e366b0bfd91fd96390bca22450febb6c8b13eda9a1826b0feed6fa1f548,2015-04,West Mercia Police,West Mercia Police,-2.576753,52.308119,On or near B4204,E01032213,Malvern Hills 001C,Burglary,Investigation complete; no suspect identified,
daddb58b2c45717e5aee6a465f1f79007bce8bb92cf344d3f713ab7fdc852dc3,2015-04,West Mercia Police,West Mercia Police,-2.597858,52.304804,On or near Redgate Avenue,E01032213,Malvern Hills 001C,Violence and sexual offences,Unable to prosecute suspect,
8f3a554ce1310514d0cbd7cf85c36405ed330c1b0e29f75748d9fc75405a877c,2015-04,West Mercia Police,West Mercia Police,-2.524830,52.264641,On or near Bannals Lane,E01032213,Malvern Hills 001C,Violence and sexual offences,Unable to prosecute suspect,
,2015-04,West Mercia Police,West Mercia Police,-2.593334,52.310842,On or near Teme Street,E01032214,Malvern Hills 001D,Anti-social behaviour,,
,2015-04,West Mercia Police,West Mercia Police,-2.595719,52.302765,On or near Wheeler Orchard,E01032214,Malvern Hills 001D,Anti-social behaviour,,
,2015-04,West Mercia Police,West Mercia Police,-2.594434,52.310845,On or near Market Street,E01032214,Malvern Hills 001D,Anti-social behaviour,,
5fe71f26b95e59ea70e1b066c45113fa962f31769c22ab8c1ec57a89a0d0a72a,2015-04,West Mercia Police,West Mercia Police,-2.594434,52.310845,On or near Market Street,E01032214,Malvern Hills 001D,Drugs,Awaiting court outcome,
53bde13fb1f8314ea4bdee3a0eb4d4d1ff1ad150a89a87ce8e6a4f78b78b0bcc,2015-04,West Mercia Police,West Mercia Police,-2.593334,52.310842,On or near Teme Street,E01032214,Malvern Hills 001D,Public order,Unable to prosecute suspect,
7bbb6483ad85e54d191b28055e151f2cdcb28ed550f7d411a64a9bd769ca2477,2015-04,West Mercia Police,West Mercia Police,-2.592639,52.311555,On or near Parking Area,E01032214,Malvern Hills 001D,Shoplifting,Investigation complete; no suspect identified,
6003d49b1baccdf4498836dd4cc55894f3585d8159e04e0782e25eeb1a0f6fd5,2015-04,West Mercia Police,West Mercia Police,-2.595381,52.310391,On or near Market Square,E01032214,Malvern Hills 001D,Shoplifting,Unable to prosecute suspect,
80e4e40970518496255ff94787bdc13e025b9e595514fc1b3fff5dd6128cea32,2015-04,West Mercia Police,West Mercia Police,-2.595442,52.311676,On or near Scotland Place,E01032214,Malvern Hills 001D,Violence and sexual offences,Unable to prosecute suspect,
,2015-04,West Mercia Police,West Mercia Police,-2.294498,52.285930,On or near Rectory Lane,E01032181,Malvern Hills 002A,Anti-social behaviour,,
,2015-04,West Mercia Police,West Mercia Police,-2.267481,52.266629,On or near Apple Tree Close,E01032181,Malvern Hills 002A,Anti-social behaviour,,
2e5384fbb6c70a7185fa4e74b5615dadbbfa9bb24116ccda1da0b7f37e74bb9e,2015-04,West Mercia Police,West Mercia Police,-2.279151,52.307175,On or near Hampstall Lane,E01032181,Malvern Hills 002A,Bicycle theft,Investigation complete; no suspect identified,
90a611391889d64c46f68505415f365995124d6fd92c3b11b3158bd252f7af30,2015-04,West Mercia Police,West Mercia Police,-2.278880,52.310718,On or near Seedgreen Lane,E01032181,Malvern Hills 002A,Burglary,Investigation complete; no suspect identified,
60208756b9ea806db15e84dcb6504d038e9aa4c11e369b6988a751c71e02f98b,2015-04,West Mercia Police,West Mercia Police,-2.298988,52.297489,On or near Slade Lane,E01032181,Malvern Hills 002A,Burglary,Unable to prosecute suspect,
68dd42c0333cc187aa837d90feb00690ee964d6f070216df4f3ceec634d718b1,2015-04,West Mercia Police,West Mercia Police,-2.267481,52.266629,On or near Apple Tree Close,E01032181,Malvern Hills 002A,Burglary,Investigation complete; no suspect identified,
9cfe6d9ce7c5a84b7b5334be2c937cef2d7aa7a36527ca3b6b3cc18dcc13ce01,2015-04,West Mercia Police,West Mercia Police,-2.286764,52.309557,On or near Weather Lane,E01032181,Malvern Hills 002A,Criminal damage and arson,Investigation complete; no suspect identified,
8514c0e46721b21a24d0e0afb580421dc16497abe9754d796d8fd8d6b38b5c95,2015-04,West Mercia Police,West Mercia Police,-2.258984,52.267034,On or near Parking Area,E01032181,Malvern Hills 002A,Other theft,Investigation complete; no suspect identified,
5aaea43cbdb353af98f4a860e8fc8d1507b709341c84f325f95cdb57d0619a3d,2015-04,West Mercia Police,West Mercia Police,-2.267481,52.266629,On or near Apple Tree Close,E01032181,Malvern Hills 002A,Vehicle crime,Investigation complete; no suspect identified,
e2a7aac521c24c797b683002f05865d55edecc07cdb8fd0285e3f2e65d4d5817,2015-04,West Mercia Police,West Mercia Police,-2.279151,52.307175,On or near Hampstall Lane,E01032181,Malvern Hills 002A,Vehicle crime,Investigation complete; no suspect identified,
42de5583343a4d5a3e7411a4aa7a56699c22856a27aa484389b9c1be61b2c4f1,2015-04,West Mercia Police,West Mercia Police,-2.310953,52.320338,On or near Petrol Station,E01032181,Malvern Hills 002A,Violence and sexual offences,Unable to prosecute suspect,
658cd45757002e2fabc0ae13519e1cae8989d154292d74655546473a89d85635,2015-04,West Mercia Police,West Mercia Police,-2.293485,52.314521,On or near Sandhampton,E01032181,Malvern Hills 002A,Violence and sexual offences,Unable to prosecute suspect,
7b1ea6419c7898e69fb946f47ba2ec4cb942566bb097588956d7211a46a656ae,2015-04,West Mercia Police,West Mercia Police,-2.310953,52.320338,On or near Petrol Station,E01032181,Malvern Hills 002A,Violence and sexual offences,Unable to prosecute suspect,
d33ee3e41cde611f6ddfd55b9eda2774ac2d5bdc4b9ac8b85b1d109b7f40ac45,2015-04,West Mercia Police,West Mercia Police,-2.258984,52.267034,On or near Parking Area,E01032181,Malvern Hills 002A,Violence and sexual offences,Offender given community sentence,
,2015-04,West Mercia Police,West Mercia Police,-2.254761,52.230696,On or near Coppice Close,E01032190,Malvern Hills 002B,Anti-social behaviour,,
,2015-04,West Mercia Police,West Mercia Police,-2.251495,52.212344,On or near Parkfield Lane,E01032190,Malvern Hills 002B,Anti-social behaviour,,
e115d3acef34ae1ccb4b4897246488261fd2b052b482d776bbcffffcc843e4cc,2015-04,West Mercia Police,West Mercia Police,-2.243834,52.235241,On or near Camp Lane,E01032190,Malvern Hills 002B,Burglary,Investigation complete; no suspect identified,
d3bec329dffb53b6f7a21ef35fe9d548ba64af425dfa048b86837a5a2662f2f7,2015-04,West Mercia Police,West Mercia Police,-2.259734,52.227313,On or near Oakleigh Heath,E01032190,Malvern Hills 002B,Criminal damage and arson,Investigation complete; no suspect identified,
,2015-04,West Mercia Police,West Mercia Police,-2.310731,52.223738,On or near B4204,E01032199,Malvern Hills 002C,Anti-social behaviour,,
,2015-04,West Mercia Police,West Mercia Police,-2.346239,52.264257,On or near Hockham'S Lane,E01032199,Malvern Hills 002C,Anti-social behaviour,,
,2015-04,West Mercia Police,West Mercia Police,-2.377088,52.213079,On or near Easinghope Lane,E01032199,Malvern Hills 002C,Anti-social behaviour,,
,2015-04,West Mercia Police,West Mercia Police,-2.310342,52.243545,On or near Queensway,E01032199,Malvern Hills 002C,Anti-social behaviour,,
3ebad3c31fa5b7a4dbbfecaeaa6cab3e730dd8b81ad30327cdcdf72946353094,2015-04,West Mercia Police,West Mercia Police,-2.363090,52.235599,On or near Vernon Close,E01032199,Malvern Hills 002C,Burglary,Investigation complete; no suspect identified,
791fae1b920efed1ffbab970b44a22631dea3f387cf997a8746aaeb4521f19f0,2015-04,West Mercia Police,West Mercia Police,-2.310342,52.243545,On or near Queensway,E01032199,Malvern Hills 002C,Criminal damage and arson,Investigation complete; no suspect identified,
b79a6ef1eab45c604d603eaa6088b4bf9364e2e3ea1ccc96ad5ff92d7d3b0f8f,2015-04,West Mercia Police,West Mercia Police,-2.363152,52.234251,On or near Jury Lane,E01032199,Malvern Hills 002C,Criminal damage and arson,Investigation complete; no suspect identified,
2efc5f9a894652b8a5c5037b91fbe6f31a6bbb090ebbf82761cfabe027314711,2015-04,West Mercia Police,West Mercia Police,-2.329808,52.228019,On or near B4204,E01032199,Malvern Hills 002C,Violence and sexual offences,Court result unavailable,
,2015-04,West Mercia Police,West Mercia Police,-2.334252,52.285527,On or near A443,E01032223,Malvern Hills 002D,Anti-social behaviour,,
,2015-04,West Mercia Police,West Mercia Police,-2.334252,52.285527,On or near A443,E01032223,Malvern Hills 002D,Anti-social behaviour,,
,2015-04,West Mercia Police,West Mercia Police,-2.350773,52.289228,On or near A443,E01032223,Malvern Hills 002D,Anti-social behaviour,,
,2015-04,West Mercia Police,West Mercia Police,-2.368576,52.303873,On or near Wynniattes Way,E01032223,Malvern Hills 002D,Anti-social behaviour,,
,2015-04,West Mercia Police,West Mercia Police,-2.367249,52.294212,On or near Petrol Station,E01032223,Malvern Hills 002D,Anti-social behaviour,,
,2015-04,West Mercia Police,West Mercia Police,-2.316521,52.274203,On or near A443,E01032223,Malvern Hills 002D,Anti-social behaviour,,
62e9e3eca8c945958c5f80cecec9c3e507228192dc06d37877a2b0fff672c449,2015-04,West Mercia Police,West Mercia Police,-2.353728,52.293831,On or near Stourport Road,E01032223,Malvern Hills 002D,Burglary,Unable to prosecute suspect,
38e592f22b250348862693073e95f470507a6c1564ab99b486134c4d083f094a,2015-04,West Mercia Police,West Mercia Police,-2.372631,52.311736,On or near Suffolk Lane,E01032223,Malvern Hills 002D,Burglary,Investigation complete; no suspect identified,
28d948f5bdf0b2b5814741abd5463f5eea206986f932e3336f82e7ff24e8913a,2015-04,West Mercia Police,West Mercia Police,-2.334252,52.285527,On or near A443,E01032223,Malvern Hills 002D,Burglary,Investigation complete; no suspect identified,
b23a2efc71615829cdc2d120e7dc1b7ea26562b0a903ecf8843fd9affcec7a35,2015-04,West Mercia Police,West Mercia Police,-2.393895,52.321052,On or near B4202,E01032223,Malvern Hills 002D,Burglary,Investigation complete; no suspect identified,
eccd0825ba794cb51f838211f67e175f1c0f6d6d7bfdc6379eb3c9b9222f7840,2015-04,West Mercia Police,West Mercia Police,-2.316521,52.274203,On or near A443,E01032223,Malvern Hills 002D,Burglary,Investigation complete; no suspect identified,
0513672ecf0c96b8b8d9b8c675331e178a76ca5cdc8191516fd52ed0d9a5c6e5,2015-04,West Mercia Police,West Mercia Police,-2.318326,52.270413,On or near Church Lane,E01032223,Malvern Hills 002D,Criminal damage and arson,Investigation complete; no suspect identified,
5f1b99c25d21e7df7f0d1f99a0a3c6bfd5b87f6bcc5a659440cba5ba81988b1f,2015-04,West Mercia Police,West Mercia Police,-2.402185,52.300086,On or near Crundelend Lane,E01032223,Malvern Hills 002D,Other theft,Investigation complete; no suspect identified,
447377237cfff6e1035aaeddefb6c343c877e76ede54ee51a67e92e7a4fdac95,2015-04,West Mercia Police,West Mercia Police,-2.393707,52.301598,On or near Stockton Road,E01032223,Malvern Hills 002D,Other theft,Investigation complete; no suspect identified,
,2015-04,West Mercia Police,West Mercia Police,-2.408529,52.171987,On or near White House Court,E01032179,Malvern Hills 003A,Anti-social behaviour,,
,2015-04,West Mercia Police,West Mercia Police,-2.376518,52.166475,On or near Stocks Road,E01032179,Malvern Hills 003A,Anti-social behaviour,,
,2015-04,West Mercia Police,West Mercia Police,-2.408529,52.171987,On or near White House Court,E01032179,Malvern Hills 003A,Anti-social behaviour,,
,2015-04,West Mercia Police,West Mercia Police,-2.408529,52.171987,On or near White House Court,E01032179,Malvern Hills 003A,Anti-social behaviour,,
,2015-04,West Mercia Police,West Mercia Police,-2.406258,52.160253,On or near Woodland Road,E01032179,Malvern Hills 003A,Anti-social behaviour,,
9c78ad1ba5095d834c0001052cf48d011e8e98432ec0efa5799d6b3bcdbd705d,2015-04,West Mercia Police,West Mercia Police,-2.371133,52.176399,On or near Sports/Recreation Area,E01032179,Malvern Hills 003A,Other theft,Investigation complete; no suspect identified,
,2015-04,West Mercia Police,West Mercia Police,-2.316988,52.154701,On or near The Corbetts,E01032180,Malvern Hills 003B,Anti-social behaviour,,
,2015-04,West Mercia Police,West Mercia Police,-2.327023,52.179784,On or near Brockamin Lane,E01032180,Malvern Hills 003B,Anti-social behaviour,,
,2015-04,West Mercia Police,West Mercia Police,-2.316988,52.154701,On or near The Corbetts,E01032180,Malvern Hills 003B,Anti-social behaviour,,
dc7d7b78beccb09a61885007f3736b78ae90681fb125a12081f1f769a2534d4c,2015-04,West Mercia Police,West Mercia Police,-2.321270,52.154618,On or near Kiln Lane,E01032180,Malvern Hills 003B,Other theft,Investigation complete; no suspect identified,
48182609a6c667ce980aac904a2bcc2fdc0c48bb2fe69e171403b7ad430806e1,2015-04,West Mercia Police,West Mercia Police,-2.297895,52.171626,On or near A4103,E01032180,Malvern Hills 003B,Other theft,Investigation complete; no suspect identified,
83806f01d1a7939a844d0c8dd4aafef11fc022cc4a1d3000a22a0fb2db715676,2015-04,West Mercia Police,West Mercia Police,-2.316988,52.154701,On or near The Corbetts,E01032180,Malvern Hills 003B,Other theft,Awaiting court outcome,
e2d041ea3efe2dadf246e37aa29d0d62d3fe464f45e7d3fc1813585592ba7c20,2015-04,West Mercia Police,West Mercia Police,-2.309088,52.162122,On or near Suffield Close,E01032180,Malvern Hills 003B,Other theft,Investigation complete; no suspect identified,
7a34af4e858f3e92e2953f48eac52bd0d35d629bfbceea2911847ff203e80874,2015-04,West Mercia Police,West Mercia Police,-2.316988,52.154701,On or near The Corbetts,E01032180,Malvern Hills 003B,Violence and sexual offences,Offender given conditional discharge,
f0cb92d168ddd3b0af7875da5cc7a8797d5eccb7858b0b899cb05f4a74758963,2015-04,West Mercia Police,West Mercia Police,-2.307246,52.170622,On or near Orchard Way,E01032180,Malvern Hills 003B,Violence and sexual offences,Unable to prosecute suspect,
c06493874dab48b1c0dffefc93fb6e68d55c6c747d67356213b6422cdf20b101,2015-04,West Mercia Police,West Mercia Police,-2.316988,52.154701,On or near The Corbetts,E01032180,Malvern Hills 003B,Violence and sexual offences,Offender given conditional discharge,
,2015-04,West Mercia Police,West Mercia Police,-2.263562,52.181499,On or near Whitehall Close,E01032182,Malvern Hills 003C,Anti-social behaviour,,
1b70d4ebc7c445f47ab4ac025df3a470f13e40b7f58fead5b8c91919b41f221a,2015-04,West Mercia Police,West Mercia Police,-2.259333,52.176114,On or near Tan House Lane,E01032182,Malvern Hills 003C,Other theft,Investigation complete; no suspect identified,
,2015-04,West Mercia Police,West Mercia Police,-2.263341,52.206034,On or near Martley Road,E01032183,Malvern Hills 003D,Anti-social behaviour,,
,2015-04,West Mercia Police,West Mercia Police,-2.275517,52.210933,On or near Green Lane,E01032183,Malvern Hills 003D,Anti-social behaviour,,
,2015-04,West Mercia Police,West Mercia Police,-2.267741,52.210043,On or near Lovington Lane,E01032183,Malvern Hills 003D,Anti-social behaviour,,
,2015-04,West Mercia Police,West Mercia Police,-2.275517,52.210933,On or near Green Lane,E01032183,Malvern Hills 003D,Anti-social behaviour,,
,2015-04,West Mercia Police,West Mercia Police,-2.275875,52.214358,On or near Jacomb Road,E01032183,Malvern Hills 003D,Anti-social behaviour,,
,2015-04,West Mercia Police,West Mercia Police,-2.307813,52.132061,On or near Princess Margaret Avenue,E01032194,Malvern Hills 004A,Anti-social behaviour,,
,2015-04,West Mercia Police,West Mercia Police,-2.307813,52.132061,On or near Princess Margaret Avenue,E01032194,Malvern Hills 004A,Anti-social behaviour,,
,2015-04,West Mercia Police,West Mercia Police,-2.304985,52.135080,On or near Sandringham Close,E01032194,Malvern Hills 004A,Anti-social behaviour,,
,2015-04,West Mercia Police,West Mercia Police,-2.305684,52.134727,On or near Balmoral Close,E01032194,Malvern Hills 004A,Anti-social behaviour,,
,2015-04,West Mercia Police,West Mercia Police,-2.309040,52.131995,On or near Queen Elizabeth Road,E01032194,Malvern Hills 004A,Anti-social behaviour,,
,2015-04,West Mercia Police,West Mercia Police,-2.306124,52.135077,On or near Buckingham Close,E01032194,Malvern Hills 004A,Anti-social behaviour,,
2b98d79252a644d64d764c547a251afa814d5be56235cf49c5f1131dd241b2ad,2015-04,West Mercia Police,West Mercia Police,-2.304094,52.135109,On or near Windsor Close,E01032194,Malvern Hills 004A,Bicycle theft,Investigation complete; no suspect identified,
c6a8f719b106b49cb2121269b634ddb350bfcb0a6a9a9cd5a1b9721607d26408,2015-04,West Mercia Police,West Mercia Police,-2.307751,52.133625,On or near Duke Of Edinburgh Way,E01032194,Malvern Hills 004A,Other theft,Investigation complete; no suspect identified,
1a093164061232706ad058946d034a84d543cacc7c49d226f90dff2b4a798d83,2015-04,West Mercia Police,West Mercia Police,-2.307813,52.132061,On or near Princess Margaret Avenue,E01032194,Malvern Hills 004A,Vehicle crime,Investigation complete; no suspect identified,
1f92905ed737954c7fb61d3b270041a65462e0a87756ce941a460544b9fd6dbe,2015-04,West Mercia Police,West Mercia Police,-2.313309,52.136622,On or near Churchill Drive,E01032194,Malvern Hills 004A,Violence and sexual offences,Unable to prosecute suspect,
5b1729f6eaa6ac9fa69c27fa58903352d9f2448fc9c7209e5514832acb7cde83,2015-04,West Mercia Police,West Mercia Police,-2.307813,52.132061,On or near Princess Margaret Avenue,E01032194,Malvern Hills 004A,Violence and sexual offences,Unable to prosecute suspect,
41027b4d00e308a2251e08dbf275ee7a3eeecaff813146e6012daa26b1e242f8,2015-04,West Mercia Police,West Mercia Police,-2.307813,52.132061,On or near Princess Margaret Avenue,E01032194,Malvern Hills 004A,Violence and sexual offences,Unable to prosecute suspect,
38015be4632b1a4c0e3f10a8cf89081f237ea063c68df3904acce65be56b1bf3,2015-04,West Mercia Police,West Mercia Police,-2.306132,52.134043,On or near Gloucester Close,E01032194,Malvern Hills 004A,Violence and sexual offences,Local resolution,
ac04d5202bb894446408995ba9eec250fdf5fda3eaa1aa940eb4a06658153b80,2015-04,West Mercia Police,West Mercia Police,-2.307813,52.132061,On or near Princess Margaret Avenue,E01032194,Malvern Hills 004A,Violence and sexual offences,Unable to prosecute suspect,
,2015-04,West Mercia Police,West Mercia Police,-2.321643,52.127367,On or near Bond Street,E01032195,Malvern Hills 004B,Anti-social behaviour,,
,2015-04,West Mercia Police,West Mercia Police,-2.312979,52.131202,On or near Regency Road,E01032195,Malvern Hills 004B,Anti-social behaviour,,
,2015-04,West Mercia Police,West Mercia Police,-2.318871,52.127878,On or near Redland Road,E01032195,Malvern Hills 004B,Anti-social behaviour,,
,2015-04,West Mercia Police,West Mercia Police,-2.312979,52.131202,On or near Regency Road,E01032195,Malvern Hills 004B,Anti-social behaviour,,
9f7c3e9ff3bc389e1cc3556c3ff9ad17af23e68e860837cc050904c01a9861dc,2015-04,West Mercia Police,West Mercia Police,-2.316707,52.127578,On or near Hampden Road,E01032195,Malvern Hills 004B,Burglary,Court result unavailable,
de507c0020f447d8d467e9b1ef2e889f7c126883f43f46f5e4607a85ba5ef49b,2015-04,West Mercia Police,West Mercia Police,-2.312461,52.130367,On or near The Hollies Mews,E01032195,Malvern Hills 004B,Criminal damage and arson,Investigation complete; no suspect identified,
ae1b823fe4a3fb7baa9b713700dfcda1f02f2adab687b16c66c451ccefc5f4bd,2015-04,West Mercia Police,West Mercia Police,-2.315357,52.134864,On or near Sports/Recreation Area,E01032195,Malvern Hills 004B,Criminal damage and arson,Investigation complete; no suspect identified,
2ccfd27b8e5b5140025241c95fd9b60263bb3344053fdda66aa37a043fa4b1b2,2015-04,West Mercia Police,West Mercia Police,-2.312979,52.131202,On or near Regency Road,E01032195,Malvern Hills 004B,Public order,Unable to prosecute suspect,
5eff0472a865659d8c109937ba02f558b1b98a1dd5a24d0835fdf7b958c40e42,2015-04,West Mercia Police,West Mercia Police,-2.316707,52.127578,On or near Hampden Road,E01032195,Malvern Hills 004B,Public order,Offender sent to prison,
98c4c640727e3a077ebb6d4bb7efd46b0de79ba95278414073886a8c94170155,2015-04,West Mercia Police,West Mercia Police,-2.321643,52.127367,On or near Bond Street,E01032195,Malvern Hills 004B,Robbery,Court result unavailable,
8723ef068a65318fb41c04f6e8bf6020b1cd294af211eda6dc00135129236b79,2015-04,West Mercia Police,West Mercia Police,-2.316618,52.133458,On or near Oakfield Road,E01032195,Malvern Hills 004B,Vehicle crime,Investigation complete; no suspect identified,
78d05c8b98ddb9739b0f747964e83a755f39f73c20fc46a1a8023a8fc6ed2402,2015-04,West Mercia Police,West Mercia Police,-2.318871,52.127878,On or near Redland Road,E01032195,Malvern Hills 004B,Violence and sexual offences,Under investigation,
94b0a975134bc05d1744b380333cabc0b5f1948d1d221b4ace010afafab738dd,2015-04,West Mercia Police,West Mercia Police,-2.316707,52.127578,On or near Hampden Road,E01032195,Malvern Hills 004B,Violence and sexual offences,Investigation complete; no suspect identified,
7b4566c61f96977211891e6fc81d733ad91fb2082a61f487cb7db191a67c5f37,2015-04,West Mercia Police,West Mercia Police,-2.312461,52.130367,On or near The Hollies Mews,E01032195,Malvern Hills 004B,Violence and sexual offences,Investigation complete; no suspect identified,
,2015-04,West Mercia Police,West Mercia Police,-2.306230,52.131292,On or near Goodson Road,E01032196,Malvern Hills 004C,Anti-social behaviour,,
,2015-04,West Mercia Police,West Mercia Police,-2.315312,52.126566,On or near Pickersleigh Close,E01032196,Malvern Hills 004C,Anti-social behaviour,,
,2015-04,West Mercia Police,West Mercia Police,-2.310381,52.129537,On or near Petrol Station,E01032196,Malvern Hills 004C,Anti-social behaviour,,
,2015-04,West Mercia Police,West Mercia Police,-2.306230,52.131292,On or near Goodson Road,E01032196,Malvern Hills 004C,Anti-social behaviour,,
,2015-04,West Mercia Police,West Mercia Police,-2.306230,52.131292,On or near Goodson Road,E01032196,Malvern Hills 004C,Anti-social behaviour,,
,2015-04,West Mercia Police,West Mercia Police,-2.315312,52.126566,On or near Pickersleigh Close,E01032196,Malvern Hills 004C,Anti-social behaviour,,
,2015-04,West Mercia Police,West Mercia Police,-2.306230,52.131292,On or near Goodson Road,E01032196,Malvern Hills 004C,Anti-social behaviour,,
,2015-04,West Mercia Police,West Mercia Police,-2.310043,52.131381,On or near Spring Gardens,E01032196,Malvern Hills 004C,Anti-social behaviour,,
,2015-04,West Mercia Police,West Mercia Police,-2.313148,52.124135,On or near Russell Close,E01032196,Malvern Hills 004C,Anti-social behaviour,,
,2015-04,West Mercia Police,West Mercia Police,-2.315312,52.126566,On or near Pickersleigh Close,E01032196,Malvern Hills 004C,Anti-social behaviour,,
,2015-04,West Mercia Police,West Mercia Police,-2.312618,52.127733,On or near Park Close,E01032196,Malvern Hills 004C,Anti-social behaviour,,
,2015-04,West Mercia Police,West Mercia Police,-2.312618,52.127733,On or near Park Close,E01032196,Malvern Hills 004C,Anti-social behaviour,,
,2015-04,West Mercia Police,West Mercia Police,-2.301877,52.129145,On or near Chequers Close,E01032196,Malvern Hills 004C,Anti-social behaviour,,
,2015-04,West Mercia Police,West Mercia Police,-2.312606,52.128092,On or near Victoria Park Road,E01032196,Malvern Hills 004C,Anti-social behaviour,,
,2015-04,West Mercia Police,West Mercia Police,-2.306855,52.130814,On or near Ranelagh Road,E01032196,Malvern Hills 004C,Anti-social behaviour,,
,2015-04,West Mercia Police,West Mercia Police,-2.301877,52.129145,On or near Chequers Close,E01032196,Malvern Hills 004C,Anti-social behaviour,,
1d2a794d6a5caffe8f754bb39cf6901cd6e853f47a16dace2f762a8ed5bcbf67,2015-04,West Mercia Police,West Mercia Police,-2.313950,52.128125,On or near Supermarket,E01032196,Malvern Hills 004C,Burglary,Investigation complete; no suspect identified,
bfb98ccb25114f61ee7ac99f9e874983f879dc3fabc6322d5b7d407eb8245684,2015-04,West Mercia Police,West Mercia Police,-2.313502,52.128818,On or near Petrol Station,E01032196,Malvern Hills 004C,Criminal damage and arson,Investigation complete; no suspect identified,
4370590cbb4ed108232870132be3f4ffa99c901454600e82844d50b19c24a133,2015-04,West Mercia Police,West Mercia Police,-2.307239,52.129347,On or near The Haysfield,E01032196,Malvern Hills 004C,Drugs,Offender given a drugs possession warning,
d64bd6869eac723b13dc2edcf9d6fbdc2c6bc151cff5ceb55b4da3efb9f52fdc,2015-04,West Mercia Police,West Mercia Police,-2.313148,52.124135,On or near Russell Close,E01032196,Malvern Hills 004C,Other theft,Investigation complete; no suspect identified,
fce6deb1aaa83fdfc621ea4958a64b7f9fdd65e7cea66c92e79a49a59907e95b,2015-04,West Mercia Police,West Mercia Police,-2.309733,52.130788,On or near Royal Oak Gardens,E01032196,Malvern Hills 004C,Other theft,Investigation complete; no suspect identified,
45f6e742ee122ec92ff11365da30e6b117e7559f1db0443df8c278937f99556c,2015-04,West Mercia Police,West Mercia Police,-2.306230,52.131292,On or near Goodson Road,E01032196,Malvern Hills 004C,Shoplifting,Court case unable to proceed,
61abb8e68e50063d81bb2560da9cb707ce401281eeb266603659c8f3bfcc32c5,2015-04,West Mercia Police,West Mercia Police,-2.306230,52.131292,On or near Goodson Road,E01032196,Malvern Hills 004C,Shoplifting,Unable to prosecute suspect,
84f107d2e02db769112329c357646abd973415050b5242249938ff87c9ecb55a,2015-04,West Mercia Police,West Mercia Police,-2.306230,52.131292,On or near Goodson Road,E01032196,Malvern Hills 004C,Shoplifting,Offender given community sentence,
875fd3e0beb67d31c57c08d7681adce9d4bcc62ab8d7f3136aae3869bacab285,2015-04,West Mercia Police,West Mercia Police,-2.306230,52.131292,On or near Goodson Road,E01032196,Malvern Hills 004C,Shoplifting,Unable to prosecute suspect,
7af35af6dc764b26f45bf174093789a34da77de6b1f6d261ca7286bbc724ccf5,2015-04,West Mercia Police,West Mercia Police,-2.306230,52.131292,On or near Goodson Road,E01032196,Malvern Hills 004C,Shoplifting,Court result unavailable,
675eda04de74ca6c1a671a945e11d0ced335459786ce8bb21437cba32d640c4d,2015-04,West Mercia Police,West Mercia Police,-2.306230,52.131292,On or near Goodson Road,E01032196,Malvern Hills 004C,Shoplifting,Investigation complete; no suspect identified,
c48745763ebea625f7a7b28803f1f39bf478369a29d3436338c98ab00863ace1,2015-04,West Mercia Police,West Mercia Police,-2.313950,52.128125,On or near Supermarket,E01032196,Malvern Hills 004C,Shoplifting,Court result unavailable,
3809ecb6998116558aae09e9e136e0ec891b6e0a42176bc04e124dede7935a24,2015-04,West Mercia Police,West Mercia Police,-2.307239,52.129347,On or near The Haysfield,E01032196,Malvern Hills 004C,Shoplifting,Local resolution,
8b6942c585a87d6001ffd0ad4d7fab3deb384929447d8129dadd758178bd0b9b,2015-04,West Mercia Police,West Mercia Police,-2.306230,52.131292,On or near Goodson Road,E01032196,Malvern Hills 004C,Shoplifting,Investigation complete; no suspect identified,
099990f3e1af2816f4b456fbf2bd2697ab95d0924a6a8ac2e143411ccdb04d57,2015-04,West Mercia Police,West Mercia Police,-2.313950,52.128125,On or near Supermarket,E01032196,Malvern Hills 004C,Shoplifting,Investigation complete; no suspect identified,
e110d4f3b95e2037fc475e61faadada7e767d906e365afb8ce72a700200232b6,2015-04,West Mercia Police,West Mercia Police,-2.307239,52.129347,On or near The Haysfield,E01032196,Malvern Hills 004C,Shoplifting,Investigation complete; no suspect identified,
aeff9336bd8a7529d00a0e1495f79b656d93be8c71a6b33bb0fe73e1822ac248,2015-04,West Mercia Police,West Mercia Police,-2.313950,52.128125,On or near Supermarket,E01032196,Malvern Hills 004C,Violence and sexual offences,Unable to prosecute suspect,
c7e242ec8bfd87c88cc8494825bbe6caaf856708aa32c98dee3d96f7458a29c9,2015-04,West Mercia Police,West Mercia Police,-2.306855,52.130814,On or near Ranelagh Road,E01032196,Malvern Hills 004C,Violence and sexual offences,Unable to prosecute suspect,
1ed58e57e4b6da6d75a7bda11ecf4783349fc311ee385b948454d08c5b7389bc,2015-04,West Mercia Police,West Mercia Police,-2.312618,52.127733,On or near Park Close,E01032196,Malvern Hills 004C,Violence and sexual offences,Awaiting court outcome,
a5134fef5564fa47c1f34f2c80d9671e64ba6f19fd2e0edb8f88131bb81e0fbf,2015-04,West Mercia Police,West Mercia Police,-2.306230,52.131292,On or near Goodson Road,E01032196,Malvern Hills 004C,Violence and sexual offences,Awaiting court outcome,
132dd01233733724bead276377b022dc4946f666bd58d0a4109921948b761c99,2015-04,West Mercia Police,West Mercia Police,-2.312618,52.127733,On or near Park Close,E01032196,Malvern Hills 004C,Violence and sexual offences,Awaiting court outcome,
3e36e41b98a9bdda30e92e1a94a167c63b9d173ece9e64b30cca900bb65af706,2015-04,West Mercia Police,West Mercia Police,-2.313148,52.124135,On or near Russell Close,E01032196,Malvern Hills 004C,Violence and sexual offences,Investigation complete; no suspect identified,
,2015-04,West Mercia Police,West Mercia Police,-2.325281,52.123428,On or near Jenny Lind Grove,E01032197,Malvern Hills 004D,Anti-social behaviour,,
c04665b10dc77de6df75fbea0b2d12c739743fef9bbf2f2a39bf587f4647a149,2015-04,West Mercia Police,West Mercia Police,-2.327382,52.125121,On or near Carlton Road,E01032197,Malvern Hills 004D,Burglary,Investigation complete; no suspect identified,
ce9e0088d769e3be04644e95dfbe117aa66bbbf1647c2738548981ba413f431d,2015-04,West Mercia Police,West Mercia Police,-2.321469,52.125497,On or near Osborne Road,E01032197,Malvern Hills 004D,Burglary,Court result unavailable,
0adc110cd6578a39cb5f5ac3764b91e72083f589bc644e93ffc8f12da08eff13,2015-04,West Mercia Police,West Mercia Police,-2.329650,52.123649,On or near Henley Place,E01032197,Malvern Hills 004D,Criminal damage and arson,Investigation complete; no suspect identified,
3a7904fd74350a63e96e8c181d317767efc3baab0b79d3e469d25bddefe2c007,2015-04,West Mercia Police,West Mercia Police,-2.321469,52.125497,On or near Osborne Road,E01032197,Malvern Hills 004D,Violence and sexual offences,Unable to prosecute suspect,
,2015-04,West Mercia Police,West Mercia Police,-2.288034,52.150478,On or near Monksfield Lane,E01032205,Malvern Hills 005A,Anti-social behaviour,,
,2015-04,West Mercia Police,West Mercia Police,-2.302563,52.133441,On or near Townsend Way,E01032205,Malvern Hills 005A,Anti-social behaviour,,
4e06cf184dceeed613c65991601df5d2ed533ee846d2fa88526ba0416068e15e,2015-04,West Mercia Police,West Mercia Police,-2.302563,52.133441,On or near Townsend Way,E01032205,Malvern Hills 005A,Shoplifting,Investigation complete; no suspect identified,
7a12ea1284568a0aa35e9f975851979ad87c37eb1e6530ad95730beddad4d0d5,2015-04,West Mercia Police,West Mercia Police,-2.302563,52.133441,On or near Townsend Way,E01032205,Malvern Hills 005A,Shoplifting,Court case unable to proceed,
1be3fe14d993c71c984269bbd0b95a7848c2cc14a9a4fa0ef220bcfe60010530,2015-04,West Mercia Police,West Mercia Police,-2.302563,52.133441,On or near Townsend Way,E01032205,Malvern Hills 005A,Shoplifting,Offender given community sentence,
f1fd7f35417cae647dd44475f3e031ec90d3e45fc3376b56399217e45852ce5e,2015-04,West Mercia Police,West Mercia Police,-2.302563,52.133441,On or near Townsend Way,E01032205,Malvern Hills 005A,Shoplifting,Offender given community sentence,
9fd1f0f7271250533a6cde0f4e603e71b896bed29324499faad0c8adcfc600c8,2015-04,West Mercia Police,West Mercia Police,-2.302563,52.133441,On or near Townsend Way,E01032205,Malvern Hills 005A,Shoplifting,Offender fined,
5abe07d2ee870290bc2e94b3f5e241968528e1a5d29c238e534be46ffdda39de,2015-04,West Mercia Police,West Mercia Police,-2.302563,52.133441,On or near Townsend Way,E01032205,Malvern Hills 005A,Other crime,Court result unavailable,
,2015-04,West Mercia Police,West Mercia Police,-2.242969,52.151982,On or near Upton Road,E01032206,Malvern Hills 005B,Anti-social behaviour,,
a9909fbfc0f60e64a83c71c1899aa0f727ecceb0240b16a7af2c4ad92ac17c80,2015-04,West Mercia Police,West Mercia Police,-2.246878,52.161064,On or near Old Rectory Close,E01032206,Malvern Hills 005B,Criminal damage and arson,Investigation complete; no suspect identified,
d8d298b4f0a221bcfda7bb6a77c970d58a029cb8e716838849858effc7cbbdd1,2015-04,West Mercia Police,West Mercia Police,-2.247484,52.159723,On or near Winsmore,E01032206,Malvern Hills 005B,Vehicle crime,Investigation complete; no suspect identified,
8dd45b6ef20a089b134de4c4ec09651e096d9fe7eabfe72c2fdc259803d4220a,2015-04,West Mercia Police,West Mercia Police,-2.241636,52.146060,On or near Abbey Close,E01032206,Malvern Hills 005B,Violence and sexual offences,Unable to prosecute suspect,
c65e47a8075ab809912a9e6cd8a7e0badbdcb993a4788c7e1c689869d4b49adc,2015-04,West Mercia Police,West Mercia Police,-2.245838,52.163295,On or near Petrol Station,E01032207,Malvern Hills 005C,Violence and sexual offences,Unable to prosecute suspect,
1570c32a72a736d8426b150f903fee54402d13646b919db0aaeea6704ac4b95d,2015-04,West Mercia Police,West Mercia Police,-2.264174,52.153951,On or near Harrison Close,E01032207,Malvern Hills 005C,Violence and sexual offences,Unable to prosecute suspect,
,2015-04,West Mercia Police,West Mercia Police,-2.234047,52.075464,On or near Bowling Green,E01032217,Malvern Hills 005D,Anti-social behaviour,,
434099ffe2a5dc3a780da1462b86051531481d8c5baf74b11cfddd154d58e797,2015-04,West Mercia Police,West Mercia Police,-2.274229,52.082507,On or near The Walnuts,E01032217,Malvern Hills 005D,Burglary,Court result unavailable,
fe1c4169902005f44537bd8c1718df8fbecb2bc62f0f7985dfb7d895a59f32ae,2015-04,West Mercia Police,West Mercia Police,-2.274229,52.082507,On or near The Walnuts,E01032217,Malvern Hills 005D,Vehicle crime,Investigation complete; no suspect identified,
05d0289e3292ea84da0edb7a599a02d7949c7af2e6490d8a205945f4977bffcb,2015-04,West Mercia Police,West Mercia Police,-2.276151,52.081810,On or near Westmere,E01032217,Malvern Hills 005D,Vehicle crime,Investigation complete; no suspect identified,
ccfde4446e0eafcbd6b3e76e10837fe54cd26983e77702bc9e7a7f63df6f74d8,2015-04,West Mercia Police,West Mercia Police,-2.276227,52.082349,On or near Hanley Orchard,E01032217,Malvern Hills 005D,Violence and sexual offences,Unable to prosecute suspect,
a1dc120f8ca7a128398b4b642e336e85681d573a5567dcf480b115b11cc32d1b,2015-04,West Mercia Police,West Mercia Police,-2.275480,52.084311,On or near Coverfield,E01032217,Malvern Hills 005D,Violence and sexual offences,Unable to prosecute suspect,
,2015-04,West Mercia Police,West Mercia Police,-2.322838,52.130933,On or near Lechmere Crescent,E01032188,Malvern Hills 006A,Anti-social behaviour,,
,2015-04,West Mercia Police,West Mercia Police,-2.327358,52.131738,On or near Springfield Glade,E01032188,Malvern Hills 006A,Anti-social behaviour,,
,2015-04,West Mercia Police,West Mercia Police,-2.329911,52.129322,On or near Beauchamp Road,E01032188,Malvern Hills 006A,Anti-social behaviour,,
,2015-04,West Mercia Police,West Mercia Police,-2.329911,52.129322,On or near Beauchamp Road,E01032188,Malvern Hills 006A,Anti-social behaviour,,
,2015-04,West Mercia Police,West Mercia Police,-2.321232,52.131081,On or near Jamaica Road,E01032188,Malvern Hills 006A,Anti-social behaviour,,
,2015-04,West Mercia Police,West Mercia Police,-2.327808,52.131342,On or near Yates Hay Road,E01032188,Malvern Hills 006A,Anti-social behaviour,,
37bd429e153cf7f9435d5775d0dd0c430771f12206f899238153f38afc661886,2015-04,West Mercia Police,West Mercia Police,-2.327535,52.129958,On or near Meadway,E01032188,Malvern Hills 006A,Other theft,Investigation complete; no suspect identified,
72b43720206c4e1982c24746aa4fe3af98684640af0e678cfdc433b46a7f01b7,2015-04,West Mercia Police,West Mercia Police,-2.325670,52.130745,On or near Peak View,E01032188,Malvern Hills 006A,Violence and sexual offences,Investigation complete; no suspect identified,
d1f5943ee9c9637430b2a0b7b2d79b2acfc28f0e821f60c38d3d2284a1340658,2015-04,West Mercia Police,West Mercia Police,-2.327597,52.134444,On or near Sports/Recreation Area,E01032188,Malvern Hills 006A,Violence and sexual offences,Court result unavailable,
,2015-04,West Mercia Police,West Mercia Police,-2.335955,52.132712,On or near Jubilee Way,E01032189,Malvern Hills 006B,Anti-social behaviour,,
,2015-04,West Mercia Police,West Mercia Police,-2.329041,52.134125,On or near Sports/Recreation Area,E01032189,Malvern Hills 006B,Anti-social behaviour,,
744dc8d9dcbdcb4e75687f18e8c9979920ec999bc75dd2f94b3ca26aa9f548c4,2015-04,West Mercia Police,West Mercia Police,-2.323987,52.134265,On or near Eastward Road,E01032189,Malvern Hills 006B,Burglary,Investigation complete; no suspect identified,
166da26cea7462ae1c660de5e37f86bc0c6da0d4e25b3567ecf4361fc269d2a7,2015-04,West Mercia Police,West Mercia Police,-2.314167,52.140243,On or near Lower Howsell Road,E01032189,Malvern Hills 006B,Other theft,Investigation complete; no suspect identified,
89bbd3aa461e472f181299d28a8576b7d9295da5c26ae32bf21efc45c2ab36d3,2015-04,West Mercia Police,West Mercia Police,-2.321194,52.134003,On or near Sycamore Close,E01032189,Malvern Hills 006B,Other theft,Investigation complete; no suspect identified,
,2015-04,West Mercia Police,West Mercia Police,-2.337853,52.122862,On or near Cowleigh Road,E01032220,Malvern Hills 006C,Anti-social behaviour,,
,2015-04,West Mercia Police,West Mercia Police,-2.334661,52.123734,On or near Hawkwood Close,E01032220,Malvern Hills 006C,Anti-social behaviour,,
,2015-04,West Mercia Police,West Mercia Police,-2.330098,52.120987,On or near Parking Area,E01032220,Malvern Hills 006C,Anti-social behaviour,,
6bfe88df55184c34d587cb1d424a026f88e95b500416260c5c9d860de0168dd0,2015-04,West Mercia Police,West Mercia Police,-2.330040,52.123019,On or near Grafton Close,E01032220,Malvern Hills 006C,Burglary,Investigation complete; no suspect identified,
fbb6ada5278d0d7730b660736bac798341bc04cdde4a751ff94843aab0238b53,2015-04,West Mercia Police,West Mercia Police,-2.331426,52.122799,On or near Gibson Grove,E01032220,Malvern Hills 006C,Criminal damage and arson,Investigation complete; no suspect identified,
bdbe797f98a1c539ca60ff37dc99ae93ef3b8abafbbf4bf2d2da7798ae126c82,2015-04,West Mercia Police,West Mercia Police,-2.337438,52.122054,On or near Belvoir Bank,E01032220,Malvern Hills 006C,Criminal damage and arson,Investigation complete; no suspect identified,
f22ec064d762a3be5e70bc6d066ad5d927809c4a5b16083f543592068bdb5b1a,2015-04,West Mercia Police,West Mercia Police,-2.336727,52.124672,On or near St Peter'S Road,E01032220,Malvern Hills 006C,Other theft,Court result unavailable,
2460b14ec3ad391e11efc60eb879c7e2f3c22e821bcb60a0a0e1e0d7624d1260,2015-04,West Mercia Police,West Mercia Police,-2.341371,52.124506,On or near Old Hollow,E01032220,Malvern Hills 006C,Vehicle crime,Investigation complete; no suspect identified,
585988d4dfd3e1ed29ac2f2f4ecee5fcff1c98ab7aab056a62c1676b6165870d,2015-04,West Mercia Police,West Mercia Police,-2.341371,52.124506,On or near Old Hollow,E01032220,Malvern Hills 006C,Vehicle crime,Investigation complete; no suspect identified,
8866ef271127f3ff746caf85174e035e4ff065d169494d7c1a445ca7b56e3b95,2015-04,West Mercia Police,West Mercia Police,-2.341816,52.125386,On or near Cowleigh Road,E01032220,Malvern Hills 006C,Vehicle crime,Investigation complete; no suspect identified,
156c896eb749356bfcdac63f5cf26f01ea105c7ca0af8cfbe791ab0659a1af3b,2015-04,West Mercia Police,West Mercia Police,-2.331202,52.122189,On or near Newtown Road,E01032220,Malvern Hills 006C,Violence and sexual offences,Offender given a caution,
d7d1d9448fff24826b529e092834519b8f7c4e638515d7d0d3ccea7d17049108,2015-04,West Mercia Police,West Mercia Police,-2.344867,52.119497,On or near Ebrington Road,E01032221,Malvern Hills 006D,Criminal damage and arson,Unable to prosecute suspect,
f5b7d9c6778d77cb27cf12ecc1df95857a9eb23e32d7afd9b3df4e65cb215e86,2015-04,West Mercia Police,West Mercia Police,-2.344867,52.119497,On or near Ebrington Road,E01032221,Malvern Hills 006D,Violence and sexual offences,Unable to prosecute suspect,
,2015-04,West Mercia Police,West Mercia Police,-2.334340,52.129705,On or near Sayers Avenue,E01032222,Malvern Hills 006E,Anti-social behaviour,,
2df4d1dca3915f51f91442e2641c4fa2d39bf46ce881ca15593833a06c660111,2015-04,West Mercia Police,West Mercia Police,-2.337764,52.126512,On or near Cowleigh Bank,E01032222,Malvern Hills 006E,Vehicle crime,Investigation complete; no suspect identified,
,2015-04,West Mercia Police,West Mercia Police,-2.305644,52.122590,On or near Ramsons Close,E01032201,Malvern Hills 007A,Anti-social behaviour,,
,2015-04,West Mercia Police,West Mercia Police,-2.304643,52.119284,On or near Mountbatten Road,E01032201,Malvern Hills 007A,Anti-social behaviour,,
,2015-04,West Mercia Police,West Mercia Police,-2.309685,52.119766,On or near Denison Close,E01032201,Malvern Hills 007A,Anti-social behaviour,,
,2015-04,West Mercia Police,West Mercia Police,-2.304643,52.119284,On or near Mountbatten Road,E01032201,Malvern Hills 007A,Anti-social behaviour,,
,2015-04,West Mercia Police,West Mercia Police,-2.304643,52.119284,On or near Mountbatten Road,E01032201,Malvern Hills 007A,Anti-social behaviour,,
,2015-04,West Mercia Police,West Mercia Police,-2.304011,52.118666,On or near Wren Avenue,E01032201,Malvern Hills 007A,Anti-social behaviour,,
,2015-04,West Mercia Police,West Mercia Police,-2.304643,52.119284,On or near Mountbatten Road,E01032201,Malvern Hills 007A,Anti-social behaviour,,
,2015-04,West Mercia Police,West Mercia Police,-2.304643,52.119284,On or near Mountbatten Road,E01032201,Malvern Hills 007A,Anti-social behaviour,,
,2015-04,West Mercia Police,West Mercia Police,-2.305644,52.122590,On or near Ramsons Close,E01032201,Malvern Hills 007A,Anti-social behaviour,,
,2015-04,West Mercia Police,West Mercia Police,-2.306487,52.119873,On or near North End Lane,E01032201,Malvern Hills 007A,Anti-social behaviour,,
8575753ae85c9a60b8ece3335da18dbc51c5d183b82939e870e44914b3582350,2015-04,West Mercia Police,West Mercia Police,-2.303456,52.118604,On or near Nightingale Road,E01032201,Malvern Hills 007A,Burglary,Investigation complete; no suspect identified,
b8f6dfce748a6661d0a9e7423daaafb7fb869798db6c631100551fd60712d93f,2015-04,West Mercia Police,West Mercia Police,-2.303456,52.118604,On or near Nightingale Road,E01032201,Malvern Hills 007A,Burglary,Investigation complete; no suspect identified,
831f32dbd87cd354784fefc1dd0ad7a211bbfac671419bbb64d205ef0ef4f424,2015-04,West Mercia Police,West Mercia Police,-2.306487,52.119873,On or near North End Lane,E01032201,Malvern Hills 007A,Criminal damage and arson,Unable to prosecute suspect,
b0042b91af2cdde16fc623e56e6f5c9d180246354a2b7841b61bf573f7a04431,2015-04,West Mercia Police,West Mercia Police,-2.306487,52.119873,On or near North End Lane,E01032201,Malvern Hills 007A,Criminal damage and arson,Unable to prosecute suspect,
2f9934f1e502beab5c6dd18ced64277376ec1b8ad5845962c332ca520eaa0ad3,2015-04,West Mercia Police,West Mercia Police,-2.306487,52.119873,On or near North End Lane,E01032201,Malvern Hills 007A,Criminal damage and arson,Offender given a caution,
8a915b530feb751d036dc0817385e863643bf566b6e67729aab253a694b08905,2015-04,West Mercia Police,West Mercia Police,-2.301903,52.117943,On or near Mayfield Road,E01032201,Malvern Hills 007A,Criminal damage and arson,Investigation complete; no suspect identified,
57d0dcbf38e16112e73cfe3a8c5116a98ed15c5dfac651036e8fdee278970d79,2015-04,West Mercia Police,West Mercia Police,-2.314549,52.119780,On or near Pickersleigh Grove,E01032201,Malvern Hills 007A,Other theft,Investigation complete; no suspect identified,
3f7990afe6f43f69c9a9f9d4b88d15fe26f265354bc96397f4b8c50cc0596ce9,2015-04,West Mercia Police,West Mercia Police,-2.308081,52.122179,On or near Charles Way,E01032201,Malvern Hills 007A,Other theft,Investigation complete; no suspect identified,
348cf3a3d26bfcdc863e850d532f56d6ac45da9d929867fbe923301fbcfb193b,2015-04,West Mercia Police,West Mercia Police,-2.304011,52.118666,On or near Wren Avenue,E01032201,Malvern Hills 007A,Violence and sexual offences,Defendant found not guilty,
da27920ca822ea7a6ecb900d657ae65d68aff577755f767ba746259ae2a3829b,2015-04,West Mercia Police,West Mercia Police,-2.304643,52.119284,On or near Mountbatten Road,E01032201,Malvern Hills 007A,Violence and sexual offences,Unable to prosecute suspect,
b29fb6c0300b18511057d387d4eab858c98fb28844dd0c6a7f46ad5281a8f4a8,2015-04,West Mercia Police,West Mercia Police,-2.305644,52.122590,On or near Ramsons Close,E01032201,Malvern Hills 007A,Violence and sexual offences,Unable to prosecute suspect,
a45cd14e75ed21444fb77c44fec89e9c9de375b4ea48335cf5eaee6e37a7dc02,2015-04,West Mercia Police,West Mercia Police,-2.301745,52.116181,On or near Martin Close,E01032201,Malvern Hills 007A,Violence and sexual offences,Unable to prosecute suspect,
f1357a97b8d2385cae99e9f76e919b72c3240f403d91e9451680c274cc0cc0df,2015-04,West Mercia Police,West Mercia Police,-2.304011,52.118666,On or near Wren Avenue,E01032201,Malvern Hills 007A,Violence and sexual offences,Under investigation,
e13e229203a2168b1e80cfddee885da56e63782b9d34a5410535913a3b959adb,2015-04,West Mercia Police,West Mercia Police,-2.304643,52.119284,On or near Mountbatten Road,E01032201,Malvern Hills 007A,Violence and sexual offences,Unable to prosecute suspect,
1a2d045942a1051461e27f8290f7661b1b794645b341ee55856f1a046cd2688b,2015-04,West Mercia Police,West Mercia Police,-2.304643,52.119284,On or near Mountbatten Road,E01032201,Malvern Hills 007A,Violence and sexual offences,Local resolution,
,2015-04,West Mercia Police,West Mercia Police,-2.304071,52.116796,On or near Sports/Recreation Area,E01032202,Malvern Hills 007B,Anti-social behaviour,,
,2015-04,West Mercia Police,West Mercia Police,-2.313204,52.117572,On or near Hayslan Avenue,E01032202,Malvern Hills 007B,Anti-social behaviour,,
cee597d231b878ad2a64271a9402687c26923accc087ae1b320a11f4349b609f,2015-04,West Mercia Police,West Mercia Police,-2.305948,52.115748,On or near Atyeo Close,E01032202,Malvern Hills 007B,Other theft,Investigation complete; no suspect identified,
13b6807d8ca91697011ae99c27dd43947b1bb1e2af90d0082036e849dc47b87d,2015-04,West Mercia Police,West Mercia Police,-2.304033,52.117659,On or near Elgar Avenue,E01032202,Malvern Hills 007B,Vehicle crime,Investigation complete; no suspect identified,
d8519e0533405010884912e5fb21e20e2e5335c91d9e84d34191da4622a113a4,2015-04,West Mercia Police,West Mercia Police,-2.305948,52.115748,On or near Atyeo Close,E01032202,Malvern Hills 007B,Violence and sexual offences,Investigation complete; no suspect identified,
01d31bc5c317bd5374a0a0cfb048aa9f1e11a43410d6ceb6c086f1828632dced,2015-04,West Mercia Police,West Mercia Police,-2.306429,52.113445,On or near Oakley Close,E01032202,Malvern Hills 007B,Violence and sexual offences,Offender given a caution,
,2015-04,West Mercia Police,West Mercia Police,-2.309767,52.110451,On or near Mayflower Close,E01032203,Malvern Hills 007C,Anti-social behaviour,,
,2015-04,West Mercia Police,West Mercia Police,-2.309664,52.112457,On or near Cotswold Road,E01032203,Malvern Hills 007C,Anti-social behaviour,,
,2015-04,West Mercia Police,West Mercia Police,-2.307881,52.110205,On or near Lydes Road,E01032203,Malvern Hills 007C,Anti-social behaviour,,
,2015-04,West Mercia Police,West Mercia Police,-2.312607,52.109437,On or near Barnard'S Green Road,E01032203,Malvern Hills 007C,Anti-social behaviour,,
,2015-04,West Mercia Police,West Mercia Police,-2.312607,52.109437,On or near Barnard'S Green Road,E01032203,Malvern Hills 007C,Anti-social behaviour,,
,2015-04,West Mercia Police,West Mercia Police,-2.307881,52.110205,On or near Lydes Road,E01032203,Malvern Hills 007C,Anti-social behaviour,,
,2015-04,West Mercia Police,West Mercia Police,-2.303977,52.111536,On or near Pound Bank Road,E01032203,Malvern Hills 007C,Anti-social behaviour,,
,2015-04,West Mercia Police,West Mercia Police,-2.309664,52.112457,On or near Cotswold Road,E01032203,Malvern Hills 007C,Anti-social behaviour,,
,2015-04,West Mercia Police,West Mercia Police,-2.311769,52.112847,On or near Elmley Close,E01032203,Malvern Hills 007C,Anti-social behaviour,,
,2015-04,West Mercia Police,West Mercia Police,-2.309664,52.112457,On or near Cotswold Road,E01032203,Malvern Hills 007C,Anti-social behaviour,,
,2015-04,West Mercia Police,West Mercia Police,-2.309767,52.110451,On or near Mayflower Close,E01032203,Malvern Hills 007C,Anti-social behaviour,,
,2015-04,West Mercia Police,West Mercia Police,-2.312731,52.110408,On or near Wilton Road,E01032203,Malvern Hills 007C,Anti-social behaviour,,
,2015-04,West Mercia Police,West Mercia Police,-2.309664,52.112457,On or near Cotswold Road,E01032203,Malvern Hills 007C,Anti-social behaviour,,
,2015-04,West Mercia Police,West Mercia Police,-2.309664,52.112457,On or near Cotswold Road,E01032203,Malvern Hills 007C,Anti-social behaviour,,
,2015-04,West Mercia Police,West Mercia Police,-2.311769,52.112847,On or near Elmley Close,E01032203,Malvern Hills 007C,Anti-social behaviour,,
,2015-04,West Mercia Police,West Mercia Police,-2.309664,52.112457,On or near Cotswold Road,E01032203,Malvern Hills 007C,Anti-social behaviour,,
27867bedece98f77013c2d2c4cfccf9cb9dc9469f0e13e187a4caa5ee29dce03,2015-04,West Mercia Police,West Mercia Police,-2.307881,52.110205,On or near Lydes Road,E01032203,Malvern Hills 007C,Burglary,Investigation complete; no suspect identified,
cc492689aeba212e4b3ce1c7a66a80cb5805f3af091279d5cb96fa61a5a0ea13,2015-04,West Mercia Police,West Mercia Police,-2.310376,52.116213,On or near Edith Berry Court,E01032203,Malvern Hills 007C,Burglary,Offender sent to prison,
72b62f911017bc292aa1f67f25120405955de8e1771f7690681d2092dbf38be6,2015-04,West Mercia Police,West Mercia Police,-2.316958,52.113444,On or near Kingshill Close,E01032203,Malvern Hills 007C,Criminal damage and arson,Investigation complete; no suspect identified,
4a2c2ef3a8d691dc189f3f1f631c7dbd1435e5c2fe5ae9125c9cf75dc47238ec,2015-04,West Mercia Police,West Mercia Police,-2.303977,52.111536,On or near Pound Bank Road,E01032203,Malvern Hills 007C,Criminal damage and arson,Investigation complete; no suspect identified,
a8efeebb778fc03a3905dac5d7744a50ed4e2362cc85fe0f363d3fd1c7683bb1,2015-04,West Mercia Police,West Mercia Police,-2.310834,52.114827,On or near Ashdown Close,E01032203,Malvern Hills 007C,Other theft,Offender given community sentence,
d07bd4d0f8c7caf14a2f7f87c55f9f05e0aef7318473de30812478d69ceba071,2015-04,West Mercia Police,West Mercia Police,-2.309767,52.110451,On or near Mayflower Close,E01032203,Malvern Hills 007C,Vehicle crime,Investigation complete; no suspect identified,
0c23fbf22fc5b5d2d3ade6fbcfb4b7b73a13591b5853c8ad7c2a12f7af364c2b,2015-04,West Mercia Police,West Mercia Police,-2.312731,52.110408,On or near Wilton Road,E01032203,Malvern Hills 007C,Vehicle crime,Investigation complete; no suspect identified,
04227cdd338d6e557ccc4ae92f0a21d977cb3493d3a6c6bc7c574781fa3c3d6a,2015-04,West Mercia Police,West Mercia Police,-2.309223,52.114130,On or near Pickersleigh Road,E01032203,Malvern Hills 007C,Violence and sexual offences,Unable to prosecute suspect,
37374d7c4f1d495563176fe8a1c552f7ad426276f6ff74ac7985eef4a766d3ff,2015-04,West Mercia Police,West Mercia Police,-2.312289,52.114104,On or near Lansdowne Close,E01032203,Malvern Hills 007C,Violence and sexual offences,Investigation complete; no suspect identified,
,2015-04,West Mercia Police,West Mercia Police,-2.297993,52.111920,On or near Shenstone Close,E01032204,Malvern Hills 007D,Anti-social behaviour,,
,2015-04,West Mercia Police,West Mercia Police,-2.304118,52.110718,On or near Ford Close,E01032204,Malvern Hills 007D,Anti-social behaviour,,
,2015-04,West Mercia Police,West Mercia Police,-2.301457,52.112433,On or near The Glade,E01032204,Malvern Hills 007D,Anti-social behaviour,,
,2015-04,West Mercia Police,West Mercia Police,-2.305707,52.112539,On or near Burrows Close,E01032204,Malvern Hills 007D,Anti-social behaviour,,
,2015-04,West Mercia Police,West Mercia Police,-2.301510,52.111615,On or near Skyrrold Road,E01032204,Malvern Hills 007D,Anti-social behaviour,,
,2015-04,West Mercia Police,West Mercia Police,-2.298891,52.113105,On or near Moat Crescent,E01032204,Malvern Hills 007D,Anti-social behaviour,,
,2015-04,West Mercia Police,West Mercia Police,-2.305707,52.112539,On or near Burrows Close,E01032204,Malvern Hills 007D,Anti-social behaviour,,
,2015-04,West Mercia Police,West Mercia Police,-2.303712,52.113371,On or near Oak Crescent,E01032204,Malvern Hills 007D,Anti-social behaviour,,
,2015-04,West Mercia Police,West Mercia Police,-2.304562,52.113791,On or near Acorn Close,E01032204,Malvern Hills 007D,Anti-social behaviour,,
,2015-04,West Mercia Police,West Mercia Police,-2.298891,52.113105,On or near Moat Crescent,E01032204,Malvern Hills 007D,Anti-social behaviour,,
,2015-04,West Mercia Police,West Mercia Police,-2.299954,52.112652,On or near Moatway,E01032204,Malvern Hills 007D,Anti-social behaviour,,
,2015-04,West Mercia Police,West Mercia Police,-2.305707,52.112539,On or near Burrows Close,E01032204,Malvern Hills 007D,Anti-social behaviour,,
,2015-04,West Mercia Police,West Mercia Police,-2.305707,52.112539,On or near Burrows Close,E01032204,Malvern Hills 007D,Anti-social behaviour,,
,2015-04,West Mercia Police,West Mercia Police,-2.303712,52.113371,On or near Oak Crescent,E01032204,Malvern Hills 007D,Anti-social behaviour,,
bc27fd8d08746a0d9d58abb33ab6184adc018374b6e863929c0a17303faee32d,2015-04,West Mercia Police,West Mercia Police,-2.304562,52.113791,On or near Acorn Close,E01032204,Malvern Hills 007D,Bicycle theft,Investigation complete; no suspect identified,
b7970dd9bd56760aa2e1ae4f0ecab945dd87ef4f5287ee4f435896adc0e2acda,2015-04,West Mercia Police,West Mercia Police,-2.304118,52.110718,On or near Ford Close,E01032204,Malvern Hills 007D,Bicycle theft,Investigation complete; no suspect identified,
4bdde81b1ff0a102835a445d7ad21a3fb2e41048be4366a5ddaa6e8dcb1b939f,2015-04,West Mercia Police,West Mercia Police,-2.298891,52.113105,On or near Moat Crescent,E01032204,Malvern Hills 007D,Burglary,Offender given community sentence,
ebbb95ccf9471a611caedd5bc011e9e38ee24b7827068a32906e32dc9c051d32,2015-04,West Mercia Police,West Mercia Police,-2.305707,52.112539,On or near Burrows Close,E01032204,Malvern Hills 007D,Burglary,Investigation complete; no suspect identified,
c23f438447a033acb4c883d601c66b407a57f77f44bbea5315b3733e50ef0cc4,2015-04,West Mercia Police,West Mercia Police,-2.305707,52.112539,On or near Burrows Close,E01032204,Malvern Hills 007D,Burglary,Investigation complete; no suspect identified,
0e38a581602f353f0c4fd17012ce714b4eb5931a3911dccecf17b6689cefc69c,2015-04,West Mercia Police,West Mercia Police,-2.304562,52.113791,On or near Acorn Close,E01032204,Malvern Hills 007D,Burglary,Investigation complete; no suspect identified,
fc55cd747be0e632f65e38e0be5ab192188ba87f7f90c013376f062de64fd22f,2015-04,West Mercia Police,West Mercia Police,-2.301457,52.112433,On or near The Glade,E01032204,Malvern Hills 007D,Other theft,Investigation complete; no suspect identified,
314b1a206c940b25a9a5e95b4631a52480ac4f1f0f2e4a7645ef08ea304ce32f,2015-04,West Mercia Police,West Mercia Police,-2.301510,52.111615,On or near Skyrrold Road,E01032204,Malvern Hills 007D,Vehicle crime,Investigation complete; no suspect identified,
93ec5ca702b576600998171183745e8c0a3095099a1a0748b13b6f2a9d368da4,2015-04,West Mercia Police,West Mercia Police,-2.307392,52.113317,On or near Apple Orchard Close,E01032204,Malvern Hills 007D,Violence and sexual offences,Unable to prosecute suspect,
6a9c4c6b3643a212541496c871dcff2f3f84fe0a1e37d6d1c75aede5c38f08df,2015-04,West Mercia Police,West Mercia Police,-2.298891,52.113105,On or near Moat Crescent,E01032204,Malvern Hills 007D,Violence and sexual offences,Unable to prosecute suspect,
eb19ec2fa5b4ceb4743e5167fdf17dc3057ac53056b1be7cf1e36c0c67e1354e,2015-04,West Mercia Police,West Mercia Police,-2.305707,52.112539,On or near Burrows Close,E01032204,Malvern Hills 007D,Violence and sexual offences,Unable to prosecute suspect,
4c6d275b29f520bdaddfd67af95a2f8c206fc8d7ad1d13df47fe8faa753668e4,2015-04,West Mercia Police,West Mercia Police,-2.298891,52.113105,On or near Moat Crescent,E01032204,Malvern Hills 007D,Violence and sexual offences,Unable to prosecute suspect,
d6962f4d38a6c004253ca6eafe7f59828b16b31bd2a7c365c77fef8c3b5ae73b,2015-04,West Mercia Police,West Mercia Police,-2.305707,52.112539,On or near Burrows Close,E01032204,Malvern Hills 007D,Violence and sexual offences,Offender sent to prison,
eb505994a0fa032b11d388f39c6c5f9add8860a69e18343e21f9f4d169917628,2015-04,West Mercia Police,West Mercia Police,-2.298891,52.113105,On or near Moat Crescent,E01032204,Malvern Hills 007D,Violence and sexual offences,Unable to prosecute suspect,
98234453283163ab9a3b2831551b2b518f28e90367bc534888c96376ac580213,2015-04,West Mercia Police,West Mercia Police,-2.298891,52.113105,On or near Moat Crescent,E01032204,Malvern Hills 007D,Violence and sexual offences,Unable to prosecute suspect,
3b4215c9a9de94abf19354024d3a167434ccc8dd35ab35d639601eb07981f221,2015-04,West Mercia Police,West Mercia Police,-2.303712,52.113371,On or near Oak Crescent,E01032204,Malvern Hills 007D,Violence and sexual offences,Unable to prosecute suspect,
80ce0d305d0a2795979adeacf71249e1bda5fd87826c56873b47f07530a82857,2015-04,West Mercia Police,West Mercia Police,-2.307392,52.113317,On or near Apple Orchard Close,E01032204,Malvern Hills 007D,Violence and sexual offences,Unable to prosecute suspect,
b89b8d7711ff20ad0b8abfbbd0c7d8ca66c50acc4b56f747cc8d4dfaeeb24962,2015-04,West Mercia Police,West Mercia Police,-2.304118,52.110718,On or near Ford Close,E01032204,Malvern Hills 007D,Violence and sexual offences,Unable to prosecute suspect,
ce40f7f0401d8f4a70332d7d44ca14a375fc5e174831e6a73c9e0daed87ff625,2015-04,West Mercia Police,West Mercia Police,-2.301457,52.112433,On or near The Glade,E01032204,Malvern Hills 007D,Violence and sexual offences,Unable to prosecute suspect,
6e4dfbca1411af09f4e08cc55e733845de640e560f423d5178c8d058ad80acce,2015-04,West Mercia Police,West Mercia Police,-2.298891,52.113105,On or near Moat Crescent,E01032204,Malvern Hills 007D,Violence and sexual offences,Unable to prosecute suspect,
,2015-04,West Mercia Police,West Mercia Police,-2.208252,52.097728,On or near Stonnall Close,E01032191,Malvern Hills 008A,Anti-social behaviour,,
,2015-04,West Mercia Police,West Mercia Police,-2.187027,52.132728,On or near Park/Open Space,E01032191,Malvern Hills 008A,Anti-social behaviour,,
,2015-04,West Mercia Police,West Mercia Police,-2.216792,52.160961,On or near Petrol Station,E01032191,Malvern Hills 008A,Anti-social behaviour,,
670a99948d12cbfad817b6da28fff022d8b48793e1949b5a3803072d4bbeaafa,2015-04,West Mercia Police,West Mercia Police,-2.211658,52.144823,On or near Brook Close,E01032191,Malvern Hills 008A,Criminal damage and arson,Investigation complete; no suspect identified,
324e5305f604d61bc34e51293442cc0875557e96e2b8745ed180fcdfa5e2fa2c,2015-04,West Mercia Police,West Mercia Police,-2.203510,52.120743,On or near Park/Open Space,E01032191,Malvern Hills 008A,Violence and sexual offences,Unable to prosecute suspect,
,2015-04,West Mercia Police,West Mercia Police,-2.217966,52.146808,On or near King'S Hill,E01032192,Malvern Hills 008B,Anti-social behaviour,,
7e3fcab10a31430e9764bc7379395624281e6d2f6a54d14096f65a25186ead03,2015-04,West Mercia Police,West Mercia Police,-2.217966,52.146808,On or near King'S Hill,E01032192,Malvern Hills 008B,Criminal damage and arson,Local resolution,
4434f897de80a2c2d2e8af7a371c8b440654ae53b74ac72b47386290c4619eaf,2015-04,West Mercia Police,West Mercia Police,-2.203911,52.067851,On or near A4104,E01032211,Malvern Hills 008C,Other theft,Investigation complete; no suspect identified,
e1f57cd0f67be89d0ef79d2638ebb3ee8ae615b98e14da6a5b3b7a786156b32b,2015-04,West Mercia Police,West Mercia Police,-2.158349,52.066851,On or near Motorway Service Area,E01032211,Malvern Hills 008C,Other theft,Investigation complete; no suspect identified,
55e70495dfe7f2558e6b527a9cdbe6b6b7cd478a7dbe2a1ee41de9fd5646c964,2015-04,West Mercia Police,West Mercia Police,-2.179219,52.076360,On or near A4104,E01032211,Malvern Hills 008C,Other theft,Unable to prosecute suspect,
4cbc63234e1851883d8587f7a634666604ef9fe27dc923ddec339edb3727f1ea,2015-04,West Mercia Police,West Mercia Police,-2.158349,52.066851,On or near Motorway Service Area,E01032211,Malvern Hills 008C,Shoplifting,Offender sent to prison,
af55abd62874db72da02dad3a74d41b443baf8259b129642e038d5352eabe72c,2015-04,West Mercia Police,West Mercia Police,-2.158349,52.066851,On or near Motorway Service Area,E01032211,Malvern Hills 008C,Theft from the person,Unable to prosecute suspect,
e3566592ff2981e47e7fe342e5d27153e3ab47f3bc11e1d1f0806d1673507c0d,2015-04,West Mercia Police,West Mercia Police,-2.181495,52.054797,On or near Green Lane,E01032211,Malvern Hills 008C,Violence and sexual offences,Unable to prosecute suspect,
,2015-04,West Mercia Police,West Mercia Police,-2.308259,52.095171,On or near Hawthorn Lane,E01032184,Malvern Hills 009A,Anti-social behaviour,,
,2015-04,West Mercia Police,West Mercia Police,-2.307409,52.103058,On or near Sports/Recreation Area,E01032184,Malvern Hills 009A,Anti-social behaviour,,
883261abdbc192c30047212f02217a32c70e2236c37abeded30822cdd6df541e,2015-04,West Mercia Police,West Mercia Police,-2.314435,52.097376,On or near Longridge Road,E01032184,Malvern Hills 009A,Burglary,Investigation complete; no suspect identified,
b6e44518e2dadb9fbf93de16fedc5fa07fb001323a8eac0bcdd1b8792978415f,2015-04,West Mercia Police,West Mercia Police,-2.309726,52.096129,On or near Hayes Bank Road,E01032184,Malvern Hills 009A,Burglary,Investigation complete; no suspect identified,
62ecb20008f948c1a5ee5c71de724f90ed939f38c4769ff97e7ad17192200704,2015-04,West Mercia Police,West Mercia Police,-2.318295,52.096242,On or near Piers Close,E01032184,Malvern Hills 009A,Burglary,Investigation complete; no suspect identified,
5865a1a7ddcaa51c781bb76f8ac789ccea30c7264defa33d0cb31ddbbe7cbbb6,2015-04,West Mercia Police,West Mercia Police,-2.304364,52.101888,On or near Coniston Close,E01032184,Malvern Hills 009A,Criminal damage and arson,Investigation complete; no suspect identified,
70d86ec4760282ba5bebc2ec9c394fb9fc702994c7fc82f19a99477f3c474479,2015-04,West Mercia Police,West Mercia Police,-2.307409,52.103058,On or near Sports/Recreation Area,E01032184,Malvern Hills 009A,Criminal damage and arson,Offender given a caution,
1aa6ed75a6a4dbbf426c2e783a7dbdcf3f39efc45adcb32ad8411638c912fb92,2015-04,West Mercia Police,West Mercia Police,-2.306814,52.101469,On or near Poolbrook Road,E01032184,Malvern Hills 009A,Shoplifting,Investigation complete; no suspect identified,
bbea48b6a877775e9d99cbed1656c3732f8d47480c1dc1d27a1fd7bf0a06ea9c,2015-04,West Mercia Police,West Mercia Police,-2.306814,52.101469,On or near Poolbrook Road,E01032184,Malvern Hills 009A,Shoplifting,Investigation complete; no suspect identified,
d0e3095efe7bae4092696d162b17cd5d3df11d29a8ada3eab08cddcf85afe60f,2015-04,West Mercia Police,West Mercia Police,-2.297572,52.110150,On or near Windrush Crescent,E01032185,Malvern Hills 009B,Burglary,Investigation complete; no suspect identified,
9ec5db1ace750a2ab9282a292a7f55518e65232260747a750f71d975f6b671a9,2015-04,West Mercia Police,West Mercia Police,-2.298453,52.110930,On or near Five Oaks Close,E01032185,Malvern Hills 009B,Robbery,Offender sent to prison,
,2015-04,West Mercia Police,West Mercia Police,-2.311008,52.108326,On or near Supermarket,E01032186,Malvern Hills 009C,Anti-social behaviour,,
,2015-04,West Mercia Police,West Mercia Police,-2.317085,52.106647,On or near Court Road,E01032186,Malvern Hills 009C,Anti-social behaviour,,
,2015-04,West Mercia Police,West Mercia Police,-2.317849,52.109486,On or near Parking Area,E01032186,Malvern Hills 009C,Anti-social behaviour,,
fad61167d3853d290a2d51f3958b48fc13353d929d56d8934e72d72a7d427576,2015-04,West Mercia Police,West Mercia Police,-2.317011,52.108580,On or near Manby Road,E01032186,Malvern Hills 009C,Bicycle theft,Investigation complete; no suspect identified,
ad1de0512252eced5de5c15bcd716f8423ea0757291b171a14f4c87bfb40605f,2015-04,West Mercia Police,West Mercia Police,-2.317653,52.102411,On or near Baldock Road,E01032186,Malvern Hills 009C,Burglary,Investigation complete; no suspect identified,
ea871d82afe6b0d1cd32ed5f349c1ba3cb74408fff96afa2221d4d507134a1aa,2015-04,West Mercia Police,West Mercia Police,-2.315622,52.108323,On or near Christ Church Road,E01032186,Malvern Hills 009C,Criminal damage and arson,Investigation complete; no suspect identified,
653275e0bbcc87e03229503a3b96184e88e392757f86aaab7ccdd6d08fbbd912,2015-04,West Mercia Police,West Mercia Police,-2.317085,52.106647,On or near Court Road,E01032186,Malvern Hills 009C,Criminal damage and arson,Investigation complete; no suspect identified,
,2015-04,West Mercia Police,West Mercia Police,-2.300516,52.104946,On or near Foxglove Close,E01032187,Malvern Hills 009D,Anti-social behaviour,,
,2015-04,West Mercia Police,West Mercia Police,-2.303314,52.104274,On or near Watkins' Way,E01032187,Malvern Hills 009D,Anti-social behaviour,,
,2015-04,West Mercia Police,West Mercia Police,-2.299114,52.104914,On or near Trefoil Close,E01032187,Malvern Hills 009D,Anti-social behaviour,,
,2015-04,West Mercia Police,West Mercia Police,-2.303314,52.104274,On or near Watkins' Way,E01032187,Malvern Hills 009D,Anti-social behaviour,,
,2015-04,West Mercia Police,West Mercia Police,-2.304129,52.103840,On or near Primrose Close,E01032187,Malvern Hills 009D,Anti-social behaviour,,
,2015-04,West Mercia Police,West Mercia Police,-2.303314,52.104274,On or near Watkins' Way,E01032187,Malvern Hills 009D,Anti-social behaviour,,
,2015-04,West Mercia Police,West Mercia Police,-2.306818,52.108418,On or near Borrowdale Road,E01032187,Malvern Hills 009D,Anti-social behaviour,,
,2015-04,West Mercia Police,West Mercia Police,-2.304129,52.103840,On or near Primrose Close,E01032187,Malvern Hills 009D,Anti-social behaviour,,
,2015-04,West Mercia Police,West Mercia Police,-2.304129,52.103840,On or near Primrose Close,E01032187,Malvern Hills 009D,Anti-social behaviour,,
427dfe34543fbc0e930c926b895aa735f7c795e2a2a89733b8f5b247012eee94,2015-04,West Mercia Police,West Mercia Police,-2.303090,52.105677,On or near Rhydd Close,E01032187,Malvern Hills 009D,Burglary,Investigation complete; no suspect identified,
e2337d143488517f34c89bf9665c3c09ae05b0f95c8b38b6c0a56140f9b248e0,2015-04,West Mercia Police,West Mercia Police,-2.309341,52.108016,On or near Parking Area,E01032187,Malvern Hills 009D,Criminal damage and arson,Offender given a caution,
3f36ae82aafd9016b7c7dfacffb095c07713d8186394d602c3e2d49cf0a3b3b2,2015-04,West Mercia Police,West Mercia Police,-2.303090,52.105677,On or near Rhydd Close,E01032187,Malvern Hills 009D,Vehicle crime,Investigation complete; no suspect identified,
e8bbab673c7f9fc94e7743e51da7a3c8eafe3712bfa1c3c39a24e2c6eeb8683b,2015-04,West Mercia Police,West Mercia Police,-2.309341,52.108016,On or near Parking Area,E01032187,Malvern Hills 009D,Violence and sexual offences,Unable to prosecute suspect,
217cbfd9e47372f91d6cf51c05a7d780123ded7526360a31963b35f12f10b971,2015-04,West Mercia Police,West Mercia Police,-2.309341,52.108016,On or near Parking Area,E01032187,Malvern Hills 009D,Violence and sexual offences,Offender given a caution,
4085c55db03670a71a3e0e93546ddd3129e74c338b8267d256d6a893cfd0d309,2015-04,West Mercia Police,West Mercia Police,-2.309341,52.108016,On or near Parking Area,E01032187,Malvern Hills 009D,Violence and sexual offences,Offender given a caution,
edc1559a517db84f6c0b03aa1ca7a1f761fa9c2b405a8a3d386ecced9d29ffe5,2015-04,West Mercia Police,West Mercia Police,-2.304129,52.103840,On or near Primrose Close,E01032187,Malvern Hills 009D,Violence and sexual offences,Unable to prosecute suspect,
6412f87e3dbd8be57e78bf8ee0781d800c0ceec81e726a9e4c8742b39d219f40,2015-04,West Mercia Police,West Mercia Police,-2.306940,52.107096,On or near Hastings Pool,E01032187,Malvern Hills 009D,Violence and sexual offences,Unable to prosecute suspect,
,2015-04,West Mercia Police,West Mercia Police,-2.320842,52.115474,On or near Sling Lane,E01032208,Malvern Hills 010A,Anti-social behaviour,,
,2015-04,West Mercia Police,West Mercia Police,-2.320842,52.115474,On or near Sling Lane,E01032208,Malvern Hills 010A,Anti-social behaviour,,
,2015-04,West Mercia Police,West Mercia Police,-2.327449,52.110323,On or near Grange Road,E01032208,Malvern Hills 010A,Anti-social behaviour,,
,2015-04,West Mercia Police,West Mercia Police,-2.327179,52.111366,On or near Supermarket,E01032208,Malvern Hills 010A,Anti-social behaviour,,
,2015-04,West Mercia Police,West Mercia Police,-2.330304,52.113362,On or near Shopping Area,E01032208,Malvern Hills 010A,Anti-social behaviour,,
,2015-04,West Mercia Police,West Mercia Police,-2.331047,52.113064,On or near Queen'S Drive,E01032208,Malvern Hills 010A,Anti-social behaviour,,
,2015-04,West Mercia Police,West Mercia Police,-2.328235,52.111984,On or near Supermarket,E01032208,Malvern Hills 010A,Anti-social behaviour,,
,2015-04,West Mercia Police,West Mercia Police,-2.319022,52.110112,On or near Imperial Road,E01032208,Malvern Hills 010A,Anti-social behaviour,,
,2015-04,West Mercia Police,West Mercia Police,-2.327179,52.111366,On or near Supermarket,E01032208,Malvern Hills 010A,Anti-social behaviour,,
,2015-04,West Mercia Police,West Mercia Police,-2.318455,52.112568,On or near Lansdowne Terrace,E01032208,Malvern Hills 010A,Anti-social behaviour,,
cd507ae992b2ba5852f4eff5097915b0b6901c60a20c5d85c092eb1ceddb395d,2015-04,West Mercia Police,West Mercia Police,-2.329200,52.120037,On or near Oxford Road,E01032208,Malvern Hills 010A,Burglary,Unable to prosecute suspect,
18068f6c17cf3e81be744613e3eb2f23972531a118f9f1efe428a7a9c8604685,2015-04,West Mercia Police,West Mercia Police,-2.331113,52.112084,On or near St Ann'S Road,E01032208,Malvern Hills 010A,Criminal damage and arson,Investigation complete; no suspect identified,
88d4c02e83fb44f8167c1088d98a6434c2b81796b419e7397246e67abe4c5393,2015-04,West Mercia Police,West Mercia Police,-2.331113,52.112084,On or near St Ann'S Road,E01032208,Malvern Hills 010A,Criminal damage and arson,Local resolution,
920c69432be4349c4036697512aa0167ad913fe5d2c3f4da196660a1d7a25812,2015-04,West Mercia Police,West Mercia Police,-2.327449,52.110323,On or near Grange Road,E01032208,Malvern Hills 010A,Public order,Investigation complete; no suspect identified,
5d4d924868e6c38fe61aa41783b1601160d740610d92c3f93b54177c24c7e029,2015-04,West Mercia Police,West Mercia Police,-2.325355,52.113475,On or near Como Road,E01032208,Malvern Hills 010A,Robbery,Investigation complete; no suspect identified,
04f8217091e99a77fcc9df7d4687b4cdeb0bfbc9133c5ca0f75932aac110b9eb,2015-04,West Mercia Police,West Mercia Police,-2.328235,52.111984,On or near Supermarket,E01032208,Malvern Hills 010A,Shoplifting,Unable to prosecute suspect,
f4a5ea786e3845955522c82803e1d814ced8a58d4c0031f011e912683f386533,2015-04,West Mercia Police,West Mercia Police,-2.328235,52.111984,On or near Supermarket,E01032208,Malvern Hills 010A,Theft from the person,Investigation complete; no suspect identified,
e4f9680588994b7173b5e08d2ac5c74cadb621bf79bb504cbbd01ac56b034fc9,2015-04,West Mercia Police,West Mercia Police,-2.327179,52.111366,On or near Supermarket,E01032208,Malvern Hills 010A,Violence and sexual offences,Under investigation,
893f57a6cbc0c2afb418e86d535c415ba6894e8b90d2aa787e220ca355c1a4f3,2015-04,West Mercia Police,West Mercia Police,-2.330304,52.113362,On or near Shopping Area,E01032208,Malvern Hills 010A,Violence and sexual offences,Unable to prosecute suspect,
83f9e78217b740ab23b4ca373aa30f50717761b32ef9fbc2b8b1c882233963da,2015-04,West Mercia Police,West Mercia Police,-2.329924,52.111278,On or near Bellevue Terrace,E01032208,Malvern Hills 010A,Violence and sexual offences,Unable to prosecute suspect,
25f3c2f896dec671cfce501876f6f21a6f1d38f6641170a937bb311eb40c2ab2,2015-04,West Mercia Police,West Mercia Police,-2.327449,52.110323,On or near Grange Road,E01032208,Malvern Hills 010A,Violence and sexual offences,Unable to prosecute suspect,
,2015-04,West Mercia Police,West Mercia Police,-2.330891,52.107796,On or near Foley Terrace,E01032209,Malvern Hills 010B,Anti-social behaviour,,
,2015-04,West Mercia Police,West Mercia Police,-2.322514,52.108430,On or near Albert Road South,E01032209,Malvern Hills 010B,Anti-social behaviour,,
59df69f60e57439e6627ce9a77447b961749bfb4098423f3a0d93d28a77139d1,2015-04,West Mercia Police,West Mercia Police,-2.320982,52.106456,On or near Woodshears Drive,E01032209,Malvern Hills 010B,Violence and sexual offences,Investigation complete; no suspect identified,
c3771c9db8a12e5fea391e1d851242749b031ad8083997087133eb7da63bb84c,2015-04,West Mercia Police,West Mercia Police,-2.326764,52.108481,On or near Orchard Road,E01032209,Malvern Hills 010B,Other crime,Unable to prosecute suspect,
,2015-04,West Mercia Police,West Mercia Police,-2.327845,52.118548,On or near Zetland Road,E01032210,Malvern Hills 010C,Anti-social behaviour,,
,2015-04,West Mercia Police,West Mercia Police,-2.327845,52.118548,On or near Zetland Road,E01032210,Malvern Hills 010C,Anti-social behaviour,,
,2015-04,West Mercia Police,West Mercia Police,-2.319979,52.119298,On or near Barrett Rise,E01032210,Malvern Hills 010C,Anti-social behaviour,,
5e78977a9cfcbcb9768dc8c055f6cb2048551c84a0611480673ee95d4b42f90b,2015-04,West Mercia Police,West Mercia Police,-2.327845,52.118548,On or near Zetland Road,E01032210,Malvern Hills 010C,Burglary,Court result unavailable,
c2f69d37eb2a5b3aac4f7f68cd3fdac6b0b568ca3fb12369844eceff7c6baebc,2015-04,West Mercia Police,West Mercia Police,-2.320485,52.120627,On or near Macaulay Rise,E01032210,Malvern Hills 010C,Criminal damage and arson,Investigation complete; no suspect identified,
8ad73d37221a6d0f88676106c431b7150674db0f8c7ae474a603666b1121616b,2015-04,West Mercia Police,West Mercia Police,-2.323634,52.119845,On or near Cockshot Road,E01032210,Malvern Hills 010C,Other theft,Investigation complete; no suspect identified,
e779bb9984ecbd8c6ebc7b62f7a7707631689b89ce4fc8e25fafdde66475b512,2015-04,West Mercia Police,West Mercia Police,-2.319979,52.119298,On or near Barrett Rise,E01032210,Malvern Hills 010C,Violence and sexual offences,Defendant found not guilty,
e5ea9029e966ce98e7b2b3144b6b9496b0cf43098ce18d4f89105b444029aba7,2015-04,West Mercia Police,West Mercia Police,-2.319979,52.119298,On or near Barrett Rise,E01032210,Malvern Hills 010C,Violence and sexual offences,Awaiting court outcome,
246c028651280b86e70cd92e038f7cb56f810f4fd50cefeabe85f95aa481eca5,2015-04,West Mercia Police,West Mercia Police,-2.319474,52.118238,On or near Kipling Close,E01032210,Malvern Hills 010C,Violence and sexual offences,Court result unavailable,
648c5c162feceb6239fcd1bc37295a98c7c4bcad855a11291227f93628ee7fc0,2015-04,West Mercia Police,West Mercia Police,-2.327845,52.118548,On or near Zetland Road,E01032210,Malvern Hills 010C,Violence and sexual offences,Unable to prosecute suspect,
f511ba51ee284096873b95a69f30ad55399233f06cc6a67675e7d6be7183a2ba,2015-04,West Mercia Police,West Mercia Police,-2.319979,52.119298,On or near Barrett Rise,E01032210,Malvern Hills 010C,Violence and sexual offences,Investigation complete; no suspect identified,
,2015-04,West Mercia Police,West Mercia Police,-2.308492,52.082350,On or near Blackmore Park Road,E01032218,Malvern Hills 010D,Anti-social behaviour,,
,2015-04,West Mercia Police,West Mercia Police,-2.327644,52.079197,On or near Hanley Road,E01032218,Malvern Hills 010D,Anti-social behaviour,,
ce916bf4993a7b1372bdde21ddae98587974533dad2b89473b174961c7f579d2,2015-04,West Mercia Police,West Mercia Police,-2.327644,52.079197,On or near Hanley Road,E01032218,Malvern Hills 010D,Criminal damage and arson,Awaiting court outcome,
845cdf2f797806faa472eca19807fcaf8fba38e015fd49071b3b973e8150ec77,2015-04,West Mercia Police,West Mercia Police,-2.326933,52.077688,On or near Rothwell Road,E01032218,Malvern Hills 010D,Vehicle crime,Investigation complete; no suspect identified,
,2015-04,West Mercia Police,West Mercia Police,-2.334045,52.098104,On or near Wyche Road,E01032219,Malvern Hills 010E,Anti-social behaviour,,
,2015-04,West Mercia Police,West Mercia Police,-2.331573,52.079626,On or near Grundy'S Lane,E01032219,Malvern Hills 010E,Anti-social behaviour,,
,2015-04,West Mercia Police,West Mercia Police,-2.323695,52.096038,On or near Peachfield Road,E01032219,Malvern Hills 010E,Anti-social behaviour,,
73395e6135fa919a94c7289eb98113c0aa9499fb713f03681892187032c76fc9,2015-04,West Mercia Police,West Mercia Police,-2.331592,52.094110,On or near South Lawn,E01032219,Malvern Hills 010E,Burglary,Investigation complete; no suspect identified,
3a5cfa151248ab0df358dce54a3986abfe8183b78e2e849aff64a1f572327bb5,2015-04,West Mercia Police,West Mercia Police,-2.335587,52.091491,On or near Westminster Road,E01032219,Malvern Hills 010E,Vehicle crime,Investigation complete; no suspect identified,
35bc9a33b693041b898a1389ce74e2210b35f46e94cdcf88b7135920c896c01a,2015-04,West Mercia Police,West Mercia Police,-2.335587,52.091491,On or near Westminster Road,E01032219,Malvern Hills 010E,Vehicle crime,Investigation complete; no suspect identified,
2a43ba03bd285535d012cd0e6cfb3b6517ef73faefa54204830d5785078242f9,2015-04,West Mercia Police,West Mercia Police,-2.185824,52.008714,On or near Crofts Field,E01032198,Malvern Hills 011A,Burglary,Investigation complete; no suspect identified,
3ac172771c48a909b61d9117a734a999ba9c5e66f9da16bfd3ad4dfa09d92de3,2015-04,West Mercia Police,West Mercia Police,-2.308375,51.980666,On or near B4208,E01032198,Malvern Hills 011A,Burglary,Investigation complete; no suspect identified,
c369b0dc3a40625a311b63005ce08939e0a3a2d26a4bb275ecdc1ffdb205d01b,2015-04,West Mercia Police,West Mercia Police,-2.249428,51.976499,On or near Poolhay Close,E01032198,Malvern Hills 011A,Burglary,Investigation complete; no suspect identified,
b82c7fe1119e5c542996719dfd568ad477543de8c26b98c552042e92a953ed3e,2015-04,West Mercia Police,West Mercia Police,-2.238704,52.024019,On or near The Badhams,E01032198,Malvern Hills 011A,Criminal damage and arson,Investigation complete; no suspect identified,
e9a4d5750ff41c76c0d5312f9b8f9bc84815cf833927544a00709513cf52f743,2015-04,West Mercia Police,West Mercia Police,-2.238704,52.024019,On or near The Badhams,E01032198,Malvern Hills 011A,Criminal damage and arson,Investigation complete; no suspect identified,
cf579f5fff13e9ef994393c04cc54b9f4ac27441131b02572aea5de97f15e069,2015-04,West Mercia Police,West Mercia Police,-2.235173,52.037216,On or near B4211,E01032198,Malvern Hills 011A,Violence and sexual offences,Unable to prosecute suspect,
0260d291835acac4c19dbedd2693c9ac2f4f9e32fcbbd7bd0cae3caa89664d46,2015-04,West Mercia Police,West Mercia Police,-2.310669,52.004998,On or near Netherley Lane,E01032198,Malvern Hills 011A,Violence and sexual offences,Court result unavailable,
,2015-04,West Mercia Police,West Mercia Police,-2.328405,52.035824,On or near Park/Open Space,E01032200,Malvern Hills 011B,Anti-social behaviour,,
,2015-04,West Mercia Police,West Mercia Police,-2.328405,52.035824,On or near Park/Open Space,E01032200,Malvern Hills 011B,Anti-social behaviour,,
,2015-04,West Mercia Police,West Mercia Police,-2.328405,52.035824,On or near Park/Open Space,E01032200,Malvern Hills 011B,Anti-social behaviour,,
,2015-04,West Mercia Police,West Mercia Police,-2.322268,52.041837,On or near New Road,E01032200,Malvern Hills 011B,Anti-social behaviour,,
,2015-04,West Mercia Police,West Mercia Police,-2.322268,52.041837,On or near New Road,E01032200,Malvern Hills 011B,Anti-social behaviour,,
,2015-04,West Mercia Police,West Mercia Police,-2.328405,52.035824,On or near Park/Open Space,E01032200,Malvern Hills 011B,Anti-social behaviour,,
,2015-04,West Mercia Police,West Mercia Police,-2.328405,52.035824,On or near Park/Open Space,E01032200,Malvern Hills 011B,Anti-social behaviour,,
,2015-04,West Mercia Police,West Mercia Police,-2.328405,52.035824,On or near Park/Open Space,E01032200,Malvern Hills 011B,Anti-social behaviour,,
,2015-04,West Mercia Police,West Mercia Police,-2.322268,52.041837,On or near New Road,E01032200,Malvern Hills 011B,Anti-social behaviour,,
,2015-04,West Mercia Police,West Mercia Police,-2.322268,52.041837,On or near New Road,E01032200,Malvern Hills 011B,Anti-social behaviour,,
,2015-04,West Mercia Police,West Mercia Police,-2.328405,52.035824,On or near Park/Open Space,E01032200,Malvern Hills 011B,Anti-social behaviour,,
,2015-04,West Mercia Police,West Mercia Police,-2.303091,52.060580,On or near The Avenue,E01032200,Malvern Hills 011B,Anti-social behaviour,,
,2015-04,West Mercia Police,West Mercia Police,-2.328405,52.035824,On or near Park/Open Space,E01032200,Malvern Hills 011B,Anti-social behaviour,,
,2015-04,West Mercia Police,West Mercia Police,-2.295707,52.060023,On or near B4208,E01032200,Malvern Hills 011B,Anti-social behaviour,,
6be2746ee0c5d77fc0fc2a56c900fff8c10243b90e841423e3dbc072d5423145,2015-04,West Mercia Police,West Mercia Police,-2.294683,52.026275,On or near Miller'S Court Road,E01032200,Malvern Hills 011B,Burglary,Investigation complete; no suspect identified,
27f5e6640b17fe3f204d7630ede304a320e491f3453a446428815ba88f057fb8,2015-04,West Mercia Police,West Mercia Police,-2.312339,52.041783,On or near B4208,E01032200,Malvern Hills 011B,Criminal damage and arson,Investigation complete; no suspect identified,
a0563f5a79b6277906ae6c6e458f5494dd424206b42ff3258dc953a64df61612,2015-04,West Mercia Police,West Mercia Police,-2.328405,52.035824,On or near Park/Open Space,E01032200,Malvern Hills 011B,Public order,Unable to prosecute suspect,
1c9e79aa7f8a8a076e422f6956fa7eee650d8c3904226c40a02bb227004f0f29,2015-04,West Mercia Police,West Mercia Police,-2.301668,52.057122,On or near Merryfields,E01032200,Malvern Hills 011B,Violence and sexual offences,Unable to prosecute suspect,
5869ba5b18cf11331adf0fc8aaac02159143e2d5aa05f0fa2bfb3fdaaec61961,2015-04,West Mercia Police,West Mercia Police,-2.301201,52.059317,On or near Lime Grove,E01032200,Malvern Hills 011B,Violence and sexual offences,Unable to prosecute suspect,
df85b30a9a583002bca32b9c30a3fb1a4a292c65dc1f80c73bc1d1296d362215,2015-04,West Mercia Police,West Mercia Police,-2.301668,52.057122,On or near Merryfields,E01032200,Malvern Hills 011B,Violence and sexual offences,Unable to prosecute suspect,
,2015-04,West Mercia Police,West Mercia Police,-2.217487,52.063700,On or near High Street,E01032216,Malvern Hills 011D,Anti-social behaviour,,
,2015-04,West Mercia Police,West Mercia Police,-2.217760,52.062675,On or near Supermarket,E01032216,Malvern Hills 011D,Anti-social behaviour,,
,2015-04,West Mercia Police,West Mercia Police,-2.216290,52.063469,On or near Severn Drive,E01032216,Malvern Hills 011D,Anti-social behaviour,,
,2015-04,West Mercia Police,West Mercia Police,-2.219498,52.063193,On or near Parking Area,E01032216,Malvern Hills 011D,Anti-social behaviour,,
,2015-04,West Mercia Police,West Mercia Police,-2.215120,52.065862,On or near East Waterside,E01032216,Malvern Hills 011D,Anti-social behaviour,,
,2015-04,West Mercia Police,West Mercia Police,-2.217101,52.062289,On or near Oak Street,E01032216,Malvern Hills 011D,Anti-social behaviour,,
3b722e6719bd7b82ef2cd84abe0e238eb75edba2c6df39afeaad6a64f4659408,2015-04,West Mercia Police,West Mercia Police,-2.242578,52.061242,On or near Hyde Lane,E01032216,Malvern Hills 011D,Burglary,Investigation complete; no suspect identified,
32b4f7831b2d4606036aada3c1eb1b3bf8d2231fc15fc3d2f441e6558d4610da,2015-04,West Mercia Police,West Mercia Police,-2.234802,52.058111,On or near Lawnside Close,E01032216,Malvern Hills 011D,Criminal damage and arson,Investigation complete; no suspect identified,
771a38486f824e72579fc00e5bf672796c75288c9621ab6909f6e2fa10171f38,2015-04,West Mercia Police,West Mercia Police,-2.217487,52.063700,On or near High Street,E01032216,Malvern Hills 011D,Drugs,Offender otherwise dealt with,
3d3778fa9864dca89b2a14c9d503a57a2734b85c5d6cb457e819c0dcfef3bd27,2015-04,West Mercia Police,West Mercia Police,-2.218015,52.064284,On or near Church Street,E01032216,Malvern Hills 011D,Drugs,Offender given a drugs possession warning,
00e6b366a6d623e54df8b6bcb786977be7cb5d59830405bcce824de4ffb870b3,2015-04,West Mercia Police,West Mercia Police,-2.217487,52.063700,On or near High Street,E01032216,Malvern Hills 011D,Drugs,Offender sent to prison,
de490d47b464d0c5d962c32b1901b75b5b8981dc34997c21f6103cbbb47b2ccf,2015-04,West Mercia Police,West Mercia Police,-2.217760,52.062675,On or near Supermarket,E01032216,Malvern Hills 011D,Shoplifting,Local resolution,
4f3f9e3a5f453ac11956cf2947c31b77850356badbf131e34a5594ab6123644e,2015-04,West Mercia Police,West Mercia Police,-2.216258,52.062794,On or near Brown Square,E01032216,Malvern Hills 011D,Violence and sexual offences,Unable to prosecute suspect,
ed0c4d2dcf20ac6b717115b91943b0c80b28ef328c323b1f6a94af210eb2c2c3,2015-04,West Mercia Police,West Mercia Police,-2.216301,52.059657,On or near Minge Lane,E01032216,Malvern Hills 011D,Violence and sexual offences,Unable to prosecute suspect,
ba5dd5bf19d0f6be9c3c6a7b344e18053c92e2b96ede82e708ac5793e5b31e71,2015-04,West Mercia Police,West Mercia Police,-2.218015,52.064284,On or near Church Street,E01032216,Malvern Hills 011D,Violence and sexual offences,Unable to prosecute suspect,
6e6baa82dd5a47de785c90b7c7aa037a3ffe3dd00f672a83778ea775c96647a7,2015-04,West Mercia Police,West Mercia Police,-2.216258,52.062794,On or near Brown Square,E01032216,Malvern Hills 011D,Violence and sexual offences,Unable to prosecute suspect,
,2015-04,West Mercia Police,West Mercia Police,-2.915682,51.916756,On or near Parking Area,W01001548,Monmouthshire 001B,Anti-social behaviour,,
abc45474fdcf55e6231c10ad8ae32c57379b05d4ab681926a15d32847be55f89,2015-04,West Mercia Police,West Mercia Police,-2.390045,52.919867,On or near Newcastle Road,E01029572,Newcastle-under-Lyme 016D,Violence and sexual offences,Investigation complete; no suspect identified,
47a4cc640ad779298cdd78880def36c437e2b41c7a302ba0f579c400dbc6496b,2015-04,West Mercia Police,West Mercia Police,-3.004622,52.570326,On or near Park/Open Space,W01000434,Powys 007A,Burglary,Investigation complete; no suspect identified,
8a0f49c2f2a32969b7fae20f52f598cc5848fe4938820b9e2faa44e7f96c78ed,2015-04,West Mercia Police,West Mercia Police,-3.221431,52.420916,On or near Bus/Coach Station,W01000427,Powys 011A,Violence and sexual offences,Unable to prosecute suspect,
24dabd46462c7a66466795520994e5284a448f4b906783df6db2ea43b8997af9,2015-04,West Mercia Police,West Mercia Police,-3.188269,52.411014,On or near B4355,W01000427,Powys 011A,Other crime,Investigation complete; no suspect identified,
,2015-04,West Mercia Police,West Mercia Police,-1.943685,52.313839,On or near Dixon Close,E01032226,Redditch 001A,Anti-social behaviour,,
,2015-04,West Mercia Police,West Mercia Police,-1.943685,52.313839,On or near Dixon Close,E01032226,Redditch 001A,Anti-social behaviour,,
,2015-04,West Mercia Police,West Mercia Police,-1.943685,52.313839,On or near Dixon Close,E01032226,Redditch 001A,Anti-social behaviour,,
,2015-04,West Mercia Police,West Mercia Police,-1.939095,52.313172,On or near Supermarket,E01032226,Redditch 001A,Anti-social behaviour,,
,2015-04,West Mercia Police,West Mercia Police,-1.930867,52.312304,On or near St Stephens Gardens,E01032226,Redditch 001A,Anti-social behaviour,,
a10a2bba3d257ba098966bd030ff3a36ff534c57f3316c4f5b95f1994df03fa5,2015-04,West Mercia Police,West Mercia Police,-1.942141,52.317039,On or near Pedestrian Subway,E01032226,Redditch 001A,Other theft,Investigation complete; no suspect identified,
736f491a76657cec69cee927a7377d39b9b24d846c888a354cf183b901802c99,2015-04,West Mercia Police,West Mercia Police,-1.939095,52.313172,On or near Supermarket,E01032226,Redditch 001A,Other theft,Investigation complete; no suspect identified,
2f7f5ba0049542d245474c858e35590b9ce388a73721c80d977c61fc80c59072,2015-04,West Mercia Police,West Mercia Police,-1.939095,52.313172,On or near Supermarket,E01032226,Redditch 001A,Other theft,Investigation complete; no suspect identified,
fd3a3434e973bd792ee79785beee47a189ffefbced6e798eff7bede32d3689a7,2015-04,West Mercia Police,West Mercia Police,-1.939095,52.313172,On or near Supermarket,E01032226,Redditch 001A,Other theft,Investigation complete; no suspect identified,
0995828aade58f5476b3cc2c02d984336ed90fcad6579e81e2b0622ed24f02b2,2015-04,West Mercia Police,West Mercia Police,-1.942141,52.317039,On or near Pedestrian Subway,E01032226,Redditch 001A,Other theft,Investigation complete; no suspect identified,
184c9f68bec3661ba87edde4784e9865a73589a926a5cb49d4c84c915b1d531f,2015-04,West Mercia Police,West Mercia Police,-1.939095,52.313172,On or near Supermarket,E01032226,Redditch 001A,Shoplifting,Local resolution,
45b5db9bcc707d33d49a2a44a6069f736952d26de29e783769dc8a41676b4181,2015-04,West Mercia Police,West Mercia Police,-1.939095,52.313172,On or near Supermarket,E01032226,Redditch 001A,Shoplifting,Offender given penalty notice,
fa1c5f376f8fa08cea6498b62e0ca1ee05c006032e8abb731251adb0817b5abb,2015-04,West Mercia Police,West Mercia Police,-1.939095,52.313172,On or near Supermarket,E01032226,Redditch 001A,Shoplifting,Offender given penalty notice,
426a0685d42a3ce02e006310ef104dacb8b2be5f125febfc5bd14869a41bbe28,2015-04,West Mercia Police,West Mercia Police,-1.939095,52.313172,On or near Supermarket,E01032226,Redditch 001A,Shoplifting,Offender given penalty notice,
f66af569cb81a650125f27f2b7cafd3a72764a37ac0fa4c9ccad97329216b9fe,2015-04,West Mercia Police,West Mercia Police,-1.939095,52.313172,On or near Supermarket,E01032226,Redditch 001A,Shoplifting,Court result unavailable,
42421b054838c6bd08079be48103373960978be6cd14f18e2ac22f289d58c29a,2015-04,West Mercia Police,West Mercia Police,-1.933845,52.322393,On or near Hither Green Lane,E01032226,Redditch 001A,Vehicle crime,Investigation complete; no suspect identified,
43df4d196a16f47d9d8dfcb049b95334f06a0969e758dc28b05fa4a6b35aff1a,2015-04,West Mercia Police,West Mercia Police,-1.934853,52.315183,On or near Parking Area,E01032226,Redditch 001A,Vehicle crime,Investigation complete; no suspect identified,
009583587be1427cd068be31342eb2652226f0cc857edb519f38415073478e15,2015-04,West Mercia Police,West Mercia Police,-1.932059,52.319740,On or near Weights Lane,E01032226,Redditch 001A,Vehicle crime,Investigation complete; no suspect identified,
7c87ae8f69f587712f94dabfba556d6091da407a3253ec272b4bd93285e2c417,2015-04,West Mercia Police,West Mercia Police,-1.930867,52.312304,On or near St Stephens Gardens,E01032226,Redditch 001A,Violence and sexual offences,Awaiting court outcome,
6d65f8d9f13b2ba19aca657fd4c2e93eeb08ffe58d5c4474ff4837df9c557607,2015-04,West Mercia Police,West Mercia Police,-1.934853,52.315183,On or near Parking Area,E01032226,Redditch 001A,Violence and sexual offences,Unable to prosecute suspect,
80226a856e82283ca2819082073199de9f4c786a11b975d28581e46e9841dd9b,2015-04,West Mercia Police,West Mercia Police,-1.943685,52.313839,On or near Dixon Close,E01032226,Redditch 001A,Violence and sexual offences,Local resolution,
70f406dea074a712d96a17c07fd1313775e041acdb7c3f94bd45f0a0c79a0d9e,2015-04,West Mercia Police,West Mercia Police,-1.915423,52.319199,On or near Norbury Close,E01032227,Redditch 001B,Vehicle crime,Investigation complete; no suspect identified,
9f10dec05d09cba405af5308d25b69e954fb85fa876e8b51d4478095b2569aee,2015-04,West Mercia Police,West Mercia Police,-1.918681,52.318751,On or near Radway Close,E01032227,Redditch 001B,Vehicle crime,Investigation complete; no suspect identified,
a4860c45e460100c8ab75dbb7a902268071a230458b8d5e6414c7c91c72c7c62,2015-04,West Mercia Police,West Mercia Police,-1.910855,52.321712,On or near Deerhurst Close,E01032227,Redditch 001B,Vehicle crime,Investigation complete; no suspect identified,
901825b8cc74d51215da2e60c75f8615a8b77d2860531ab5996ae4c046f2f844,2015-04,West Mercia Police,West Mercia Police,-1.909241,52.321828,On or near Icknield Street,E01032227,Redditch 001B,Other crime,Under investigation,
,2015-04,West Mercia Police,West Mercia Police,-1.903717,52.318533,On or near Naseby Close,E01032243,Redditch 001C,Anti-social behaviour,,
,2015-04,West Mercia Police,West Mercia Police,-1.899364,52.316660,On or near Northfield Close,E01032243,Redditch 001C,Anti-social behaviour,,
,2015-04,West Mercia Police,West Mercia Police,-1.892507,52.319540,On or near Thornhill Road,E01032243,Redditch 001C,Anti-social behaviour,,
9b79c9257cbde61faebbde3b7bf772e5f6f817e4bad1fe1b5a7343d95d8cc56c,2015-04,West Mercia Police,West Mercia Police,-1.901148,52.319583,On or near Maisemore Close,E01032243,Redditch 001C,Burglary,Offender given a caution,
bf4524654dab30107a9d71b8ab89f51fb6ee26e7ff0f0b325750d30bf1c0c424,2015-04,West Mercia Police,West Mercia Police,-1.892507,52.319540,On or near Thornhill Road,E01032243,Redditch 001C,Burglary,Investigation complete; no suspect identified,
498106a30e731ef0ae3438169aae2d8e1dad4892394be04e0f16ef31a57213bd,2015-04,West Mercia Police,West Mercia Police,-1.903717,52.318533,On or near Naseby Close,E01032243,Redditch 001C,Criminal damage and arson,Investigation complete; no suspect identified,
6e2208d0e647b6b33bc13e15d217836746916771f9e59511e32e35d37abaeafe,2015-04,West Mercia Police,West Mercia Police,-1.899364,52.316660,On or near Northfield Close,E01032243,Redditch 001C,Drugs,Offender sent to prison,
a812f526fbde87fab55f81814f128d52e67fbcea3dab6e2ddddfc7b70e496f5d,2015-04,West Mercia Police,West Mercia Police,-1.903717,52.318533,On or near Naseby Close,E01032243,Redditch 001C,Other theft,Unable to prosecute suspect,
ff322c65975d8c8193d04da6e2f185af99c3316255c5a478b3914800521dc14b,2015-04,West Mercia Police,West Mercia Police,-1.901148,52.319583,On or near Maisemore Close,E01032243,Redditch 001C,Violence and sexual offences,Unable to prosecute suspect,
249cdfcdb91eb83f3097e5ef974973e1a1a5bb62a393a314ef92beeb3ba3956f,2015-04,West Mercia Police,West Mercia Police,-1.903717,52.318533,On or near Naseby Close,E01032243,Redditch 001C,Violence and sexual offences,Unable to prosecute suspect,
d92d62e95e9c46b83f87e85fdb3de4094cb55eb7012a09433f5f018c7f665985,2015-04,West Mercia Police,West Mercia Police,-1.903717,52.318533,On or near Naseby Close,E01032243,Redditch 001C,Violence and sexual offences,Unable to prosecute suspect,
8943d840cebf68a06e80dbccaffc56feb0128dcc087eabd11098759998ce26f4,2015-04,West Mercia Police,West Mercia Police,-1.903717,52.318533,On or near Naseby Close,E01032243,Redditch 001C,Violence and sexual offences,Unable to prosecute suspect,
e2af722598cd6cbc74459d65266c7bb70a014417383d845a2d6cfeec5dc2cd63,2015-04,West Mercia Police,West Mercia Police,-1.903717,52.318533,On or near Naseby Close,E01032243,Redditch 001C,Violence and sexual offences,Unable to prosecute suspect,
,2015-04,West Mercia Police,West Mercia Police,-1.912847,52.316050,On or near Sports/Recreation Area,E01032244,Redditch 001D,Anti-social behaviour,,
,2015-04,West Mercia Police,West Mercia Police,-1.908414,52.317242,On or near Tenbury Close,E01032244,Redditch 001D,Anti-social behaviour,,
,2015-04,West Mercia Police,West Mercia Police,-1.909444,52.316012,On or near Upper Field Close,E01032244,Redditch 001D,Anti-social behaviour,,
10167676ec2350cf173d28f3d9d36de5cfcc41f807a7c0957b3925efa246fafa,2015-04,West Mercia Police,West Mercia Police,-1.908491,52.315516,On or near Church Hill Way,E01032244,Redditch 001D,Criminal damage and arson,Investigation complete; no suspect identified,
50d06d0ab1396725f35b0dfd9ff0871360c8acdefdd61496b8b72961c2f9f9de,2015-04,West Mercia Police,West Mercia Police,-1.908491,52.315516,On or near Church Hill Way,E01032244,Redditch 001D,Violence and sexual offences,Unable to prosecute suspect,
da2d448b8e3814de5ed6e0cbc25665cb31b19dad525753904ec3925f69c82cc2,2015-04,West Mercia Police,West Mercia Police,-1.909938,52.318062,On or near Redstone Close,E01032244,Redditch 001D,Violence and sexual offences,Offender given suspended prison sentence,
,2015-04,West Mercia Police,West Mercia Police,-1.904095,52.313202,On or near Rickyard Lane,E01032240,Redditch 002A,Anti-social behaviour,,
,2015-04,West Mercia Police,West Mercia Police,-1.905842,52.312700,On or near Flanders Close,E01032240,Redditch 002A,Anti-social behaviour,,
,2015-04,West Mercia Police,West Mercia Police,-1.904095,52.313202,On or near Rickyard Lane,E01032240,Redditch 002A,Anti-social behaviour,,
,2015-04,West Mercia Police,West Mercia Police,-1.908426,52.311776,On or near Chedworth Close,E01032240,Redditch 002A,Anti-social behaviour,,
8f3eebba58d12386ba0028d443192196464a4c76bd75ad7d2f48632e990a51af,2015-04,West Mercia Police,West Mercia Police,-1.908426,52.311776,On or near Chedworth Close,E01032240,Redditch 002A,Criminal damage and arson,Investigation complete; no suspect identified,
497e56cbebf88154fbf6fe11f6706357600b812a66d258f54ac190592d3f4515,2015-04,West Mercia Police,West Mercia Police,-1.904095,52.313202,On or near Rickyard Lane,E01032240,Redditch 002A,Criminal damage and arson,Investigation complete; no suspect identified,
e6d8305d30d3f2b3067338da8e0db3c759b196fbde4f7ee1ca32ce45cc413027,2015-04,West Mercia Police,West Mercia Police,-1.904069,52.311773,On or near Cleeve Close,E01032240,Redditch 002A,Vehicle crime,Investigation complete; no suspect identified,
7a27a3b0c856fae7241956beb34441d86cf5316189751947e9d9e68f5ecc5686,2015-04,West Mercia Police,West Mercia Police,-1.904095,52.313202,On or near Rickyard Lane,E01032240,Redditch 002A,Violence and sexual offences,Unable to prosecute suspect,
2fca897886fccd2a1ed9a7e6468a98e7df0c38125820bd1678cd5d45327cbb99,2015-04,West Mercia Police,West Mercia Police,-1.904095,52.313202,On or near Rickyard Lane,E01032240,Redditch 002A,Violence and sexual offences,Defendant found not guilty,
735e1a6ff8f54e3a26ba6cea6aff2ddfb38bac236710dde80455f07e9d626057,2015-04,West Mercia Police,West Mercia Police,-1.908409,52.312792,On or near Fulbrook Close,E01032240,Redditch 002A,Violence and sexual offences,Unable to prosecute suspect,
dc636808e0230fd269e2846b2131eeba0c9ef025fe46a29f78c99bf5d59b3af7,2015-04,West Mercia Police,West Mercia Police,-1.908426,52.311776,On or near Chedworth Close,E01032240,Redditch 002A,Violence and sexual offences,Unable to prosecute suspect,
e9bec53ddcb7580a8fbcef1773b572423aeb8f0ce79824e89dac7800183066c2,2015-04,West Mercia Police,West Mercia Police,-1.908409,52.312792,On or near Fulbrook Close,E01032240,Redditch 002A,Violence and sexual offences,Under investigation,
,2015-04,West Mercia Police,West Mercia Police,-1.902001,52.311825,On or near Barnwood Close,E01032241,Redditch 002B,Anti-social behaviour,,
,2015-04,West Mercia Police,West Mercia Police,-1.903144,52.312222,On or near Pedestrian Subway,E01032241,Redditch 002B,Anti-social behaviour,,
,2015-04,West Mercia Police,West Mercia Police,-1.885851,52.312044,On or near Pedestrian Subway,E01032241,Redditch 002B,Anti-social behaviour,,
,2015-04,West Mercia Police,West Mercia Police,-1.885851,52.312044,On or near Pedestrian Subway,E01032241,Redditch 002B,Anti-social behaviour,,
,2015-04,West Mercia Police,West Mercia Police,-1.903144,52.312222,On or near Pedestrian Subway,E01032241,Redditch 002B,Anti-social behaviour,,
,2015-04,West Mercia Police,West Mercia Police,-1.900976,52.310925,On or near Arley Close,E01032241,Redditch 002B,Anti-social behaviour,,
,2015-04,West Mercia Police,West Mercia Police,-1.885851,52.312044,On or near Pedestrian Subway,E01032241,Redditch 002B,Anti-social behaviour,,
,2015-04,West Mercia Police,West Mercia Police,-1.902001,52.311825,On or near Barnwood Close,E01032241,Redditch 002B,Anti-social behaviour,,
,2015-04,West Mercia Police,West Mercia Police,-1.903144,52.312222,On or near Pedestrian Subway,E01032241,Redditch 002B,Anti-social behaviour,,
,2015-04,West Mercia Police,West Mercia Police,-1.895630,52.313744,On or near Eagle Road,E01032241,Redditch 002B,Anti-social behaviour,,
,2015-04,West Mercia Police,West Mercia Police,-1.903144,52.312222,On or near Pedestrian Subway,E01032241,Redditch 002B,Anti-social behaviour,,
ecd15aa8475a735f0e8c4001ea2d6ab5ebfcdedf8095c95acf516ff5e5d698b0,2015-04,West Mercia Police,West Mercia Police,-1.901793,52.313201,On or near Exhall Close,E01032241,Redditch 002B,Criminal damage and arson,Court case unable to proceed,
e75431d7010c56ba45f41c230b1752da523837a8fb4452e4bea9ecf181ef6f7d,2015-04,West Mercia Police,West Mercia Police,-1.902001,52.311825,On or near Barnwood Close,E01032241,Redditch 002B,Criminal damage and arson,Investigation complete; no suspect identified,
5b5205f29010303bd80750c61a18161fc4c7f37c7ca839677f3e97807fbb39f6,2015-04,West Mercia Police,West Mercia Police,-1.885851,52.312044,On or near Pedestrian Subway,E01032241,Redditch 002B,Other theft,Under investigation,
08134c5593240b28987de04ad47d7ee1986a28389b3320c3f268be5fa26bd6b0,2015-04,West Mercia Police,West Mercia Police,-1.902001,52.311825,On or near Barnwood Close,E01032241,Redditch 002B,Vehicle crime,Investigation complete; no suspect identified,
8ff8b8f4811492f2e7b18f27a70bfd32be774aa4f84484a124d1d88035ca5869,2015-04,West Mercia Police,West Mercia Police,-1.893062,52.314452,On or near Merse Road,E01032241,Redditch 002B,Vehicle crime,Investigation complete; no suspect identified,
a4d4eab2cd025743e9c3427cad8efd4e39aeea3779662483f25d38021bd9d4a7,2015-04,West Mercia Police,West Mercia Police,-1.895630,52.313744,On or near Eagle Road,E01032241,Redditch 002B,Violence and sexual offences,Investigation complete; no suspect identified,
35f0fffa961b11dd2fa698e5563486f62b7e017202afbec1a0e5d127ccd7267c,2015-04,West Mercia Police,West Mercia Police,-1.902001,52.311825,On or near Barnwood Close,E01032241,Redditch 002B,Violence and sexual offences,Offender fined,
553e3d842850b66e4cb03515521c6841a6609579530131767881c110d5add43a,2015-04,West Mercia Police,West Mercia Police,-1.900976,52.310925,On or near Arley Close,E01032241,Redditch 002B,Violence and sexual offences,Unable to prosecute suspect,
a0ff1f6f374de420a91067cd73dfa1ed5051d43607ed591e1bfd81c342f3eed9,2015-04,West Mercia Police,West Mercia Police,-1.885851,52.312044,On or near Pedestrian Subway,E01032241,Redditch 002B,Violence and sexual offences,Investigation complete; no suspect identified,
ded0980714e2a72c702308e6a5ca8d73e65c943adec1eb62677e64c2d3e0100b,2015-04,West Mercia Police,West Mercia Police,-1.902001,52.311825,On or near Barnwood Close,E01032241,Redditch 002B,Violence and sexual offences,Court result unavailable,
98c83a1d56156a476d2dbc2961150376769cdd920363f872757755606d86a07d,2015-04,West Mercia Police,West Mercia Police,-1.902001,52.311825,On or near Barnwood Close,E01032241,Redditch 002B,Violence and sexual offences,Unable to prosecute suspect,
,2015-04,West Mercia Police,West Mercia Police,-1.914550,52.315404,On or near Oldbury Close,E01032242,Redditch 002C,Anti-social behaviour,,
,2015-04,West Mercia Police,West Mercia Police,-1.911070,52.309513,On or near Pedestrian Subway,E01032242,Redditch 002C,Anti-social behaviour,,
,2015-04,West Mercia Police,West Mercia Police,-1.911063,52.313487,On or near Edgeworth Close,E01032242,Redditch 002C,Anti-social behaviour,,
,2015-04,West Mercia Police,West Mercia Police,-1.913981,52.313767,On or near Northleach Close,E01032242,Redditch 002C,Anti-social behaviour,,
,2015-04,West Mercia Police,West Mercia Police,-1.913981,52.313767,On or near Northleach Close,E01032242,Redditch 002C,Anti-social behaviour,,
,2015-04,West Mercia Police,West Mercia Police,-1.912431,52.311492,On or near Donnington Close,E01032242,Redditch 002C,Anti-social behaviour,,
,2015-04,West Mercia Police,West Mercia Police,-1.911063,52.313487,On or near Edgeworth Close,E01032242,Redditch 002C,Anti-social behaviour,,
f765d571c1f7ad0ea4af0d9e3fe263597ef5b7ed11715d555c3bcc8acb5a69fa,2015-04,West Mercia Police,West Mercia Police,-1.914550,52.315404,On or near Oldbury Close,E01032242,Redditch 002C,Criminal damage and arson,Unable to prosecute suspect,
c261921b9f0b20134081985c194a6e5d8235f51a41121d16b62c9767b9446a80,2015-04,West Mercia Police,West Mercia Police,-1.911063,52.313487,On or near Edgeworth Close,E01032242,Redditch 002C,Violence and sexual offences,Unable to prosecute suspect,
499a1094d72b5da5af3c2c50a62d5109fa10b82caa48bf1c94e0d14b3fd5dd61,2015-04,West Mercia Police,West Mercia Police,-1.911063,52.313487,On or near Edgeworth Close,E01032242,Redditch 002C,Violence and sexual offences,Unable to prosecute suspect,
1b1a9210f212e7ad640920162b6c1d540ffc909190b383f03807c3496c685410,2015-04,West Mercia Police,West Mercia Police,-1.911063,52.313487,On or near Edgeworth Close,E01032242,Redditch 002C,Violence and sexual offences,Court case unable to proceed,
90485d096cd2323bcf3a3050624b3fe99633207be2aa21b6c223b722cfba840f,2015-04,West Mercia Police,West Mercia Police,-1.911063,52.313487,On or near Edgeworth Close,E01032242,Redditch 002C,Violence and sexual offences,Unable to prosecute suspect,
,2015-04,West Mercia Police,West Mercia Police,-1.906044,52.314292,On or near Greystone Close,E01032245,Redditch 002D,Anti-social behaviour,,
,2015-04,West Mercia Police,West Mercia Police,-1.905003,52.314318,On or near Hawkesbury Close,E01032245,Redditch 002D,Anti-social behaviour,,
,2015-04,West Mercia Police,West Mercia Police,-1.905614,52.316692,On or near Parking Area,E01032245,Redditch 002D,Anti-social behaviour,,
,2015-04,West Mercia Police,West Mercia Police,-1.904839,52.315558,On or near Parking Area,E01032245,Redditch 002D,Anti-social behaviour,,
,2015-04,West Mercia Police,West Mercia Police,-1.905614,52.316692,On or near Parking Area,E01032245,Redditch 002D,Anti-social behaviour,,
,2015-04,West Mercia Police,West Mercia Police,-1.906044,52.314292,On or near Greystone Close,E01032245,Redditch 002D,Anti-social behaviour,,
,2015-04,West Mercia Police,West Mercia Police,-1.904839,52.315558,On or near Parking Area,E01032245,Redditch 002D,Anti-social behaviour,,
,2015-04,West Mercia Police,West Mercia Police,-1.905614,52.316692,On or near Parking Area,E01032245,Redditch 002D,Anti-social behaviour,,
,2015-04,West Mercia Police,West Mercia Police,-1.905614,52.316692,On or near Parking Area,E01032245,Redditch 002D,Anti-social behaviour,,
1c736bd54b2838a5e487b066902c0bd191fc6db4a5486e9289ad595731a6b5ce,2015-04,West Mercia Police,West Mercia Police,-1.905003,52.314318,On or near Hawkesbury Close,E01032245,Redditch 002D,Criminal damage and arson,Investigation complete; no suspect identified,
67e7dfa64cd547242f411a9a5fc8b7b7fbad103472c19b4b811600cfcb64d1e5,2015-04,West Mercia Police,West Mercia Police,-1.905003,52.314318,On or near Hawkesbury Close,E01032245,Redditch 002D,Criminal damage and arson,Court result unavailable,
b285563b6c2fd7d734327cfa79aa8201525255429af8d46fbf6a58a1ac7b9b19,2015-04,West Mercia Police,West Mercia Police,-1.901787,52.315727,On or near Loxley Close,E01032245,Redditch 002D,Vehicle crime,Investigation complete; no suspect identified,
990ef35bfda23abbde1dad930a004f846ed19dae8b98b943071d0865c50fec57,2015-04,West Mercia Police,West Mercia Police,-1.901787,52.315727,On or near Loxley Close,E01032245,Redditch 002D,Violence and sexual offences,Unable to prosecute suspect,
fe63b2b24484ba5d7384b27a6df8a2a007ab08280b2bd92b1d75d193dc070298,2015-04,West Mercia Police,West Mercia Police,-1.904839,52.315558,On or near Parking Area,E01032245,Redditch 002D,Violence and sexual offences,Unable to prosecute suspect,
feeb7a9d5e4df95109af03bc8beb13ac487baa429e92cbc2b51f9b9c6b166c52,2015-04,West Mercia Police,West Mercia Police,-1.901787,52.315727,On or near Loxley Close,E01032245,Redditch 002D,Violence and sexual offences,Investigation complete; no suspect identified,
,2015-04,West Mercia Police,West Mercia Police,-1.963262,52.304164,On or near Woodland Road,E01032232,Redditch 003A,Anti-social behaviour,,
,2015-04,West Mercia Police,West Mercia Police,-1.966676,52.308085,On or near Yew Tree Close,E01032232,Redditch 003A,Anti-social behaviour,,
,2015-04,West Mercia Police,West Mercia Police,-1.964534,52.308543,On or near Sanders Close,E01032232,Redditch 003A,Anti-social behaviour,,
,2015-04,West Mercia Police,West Mercia Police,-1.966676,52.308085,On or near Yew Tree Close,E01032232,Redditch 003A,Anti-social behaviour,,
,2015-04,West Mercia Police,West Mercia Police,-1.957945,52.312326,On or near Broad Heath Close,E01032232,Redditch 003A,Anti-social behaviour,,
,2015-04,West Mercia Police,West Mercia Police,-1.962672,52.307724,On or near Willow Way,E01032232,Redditch 003A,Anti-social behaviour,,
,2015-04,West Mercia Police,West Mercia Police,-1.957144,52.306662,On or near Sports/Recreation Area,E01032232,Redditch 003A,Anti-social behaviour,,
,2015-04,West Mercia Police,West Mercia Police,-1.957829,52.310932,On or near Ash Tree Road,E01032232,Redditch 003A,Anti-social behaviour,,
6e5516f656f129ca522c5f864e85e8c87416ae099ca1aa84d67886ce06ca84f4,2015-04,West Mercia Police,West Mercia Police,-1.957829,52.310932,On or near Ash Tree Road,E01032232,Redditch 003A,Criminal damage and arson,Investigation complete; no suspect identified,
a793dc576b5f20565d075931232f5d9600ff70e6ca88d8c9904b80661b049f11,2015-04,West Mercia Police,West Mercia Police,-1.964167,52.309316,On or near Beech Tree Close,E01032232,Redditch 003A,Criminal damage and arson,Investigation complete; no suspect identified,
102572ea67aa5bc17a5b74bd6b759c6043bec538e2612b531017baeb6c5cdd5c,2015-04,West Mercia Police,West Mercia Police,-1.959075,52.311958,On or near Alderbrook Close,E01032232,Redditch 003A,Other theft,Investigation complete; no suspect identified,
c2e19e466ee73239cd41fef6d30487a44f87d4aeb4c1079aefe1b9eb36481f37,2015-04,West Mercia Police,West Mercia Police,-1.962141,52.311104,On or near Cofton Close,E01032232,Redditch 003A,Other theft,Unable to prosecute suspect,
0ba96cc20dc2110513b7940be15945e1d9b1648d45f65d2786ce26a88f07a6ea,2015-04,West Mercia Police,West Mercia Police,-1.966676,52.308085,On or near Yew Tree Close,E01032232,Redditch 003A,Violence and sexual offences,Investigation complete; no suspect identified,
,2015-04,West Mercia Police,West Mercia Police,-1.957841,52.313530,On or near Butler'S Hill Lane,E01032233,Redditch 003B,Anti-social behaviour,,
,2015-04,West Mercia Police,West Mercia Police,-1.957841,52.313530,On or near Butler'S Hill Lane,E01032233,Redditch 003B,Anti-social behaviour,,
,2015-04,West Mercia Police,West Mercia Police,-1.957841,52.313530,On or near Butler'S Hill Lane,E01032233,Redditch 003B,Anti-social behaviour,,
,2015-04,West Mercia Police,West Mercia Police,-1.957841,52.313530,On or near Butler'S Hill Lane,E01032233,Redditch 003B,Anti-social behaviour,,
,2015-04,West Mercia Police,West Mercia Police,-1.966880,52.310189,On or near Vowchurch Close,E01032233,Redditch 003B,Anti-social behaviour,,
,2015-04,West Mercia Police,West Mercia Police,-1.955582,52.314033,On or near Pink Green Lane,E01032233,Redditch 003B,Anti-social behaviour,,
,2015-04,West Mercia Police,West Mercia Police,-1.957841,52.313530,On or near Butler'S Hill Lane,E01032233,Redditch 003B,Anti-social behaviour,,
,2015-04,West Mercia Police,West Mercia Police,-1.957841,52.313530,On or near Butler'S Hill Lane,E01032233,Redditch 003B,Anti-social behaviour,,
,2015-04,West Mercia Police,West Mercia Police,-1.957091,52.315499,On or near Plumstead Close,E01032233,Redditch 003B,Anti-social behaviour,,
,2015-04,West Mercia Police,West Mercia Police,-1.957841,52.313530,On or near Butler'S Hill Lane,E01032233,Redditch 003B,Anti-social behaviour,,
,2015-04,West Mercia Police,West Mercia Police,-1.957841,52.313530,On or near Butler'S Hill Lane,E01032233,Redditch 003B,Anti-social behaviour,,
,2015-04,West Mercia Police,West Mercia Police,-1.957841,52.313530,On or near Butler'S Hill Lane,E01032233,Redditch 003B,Anti-social behaviour,,
,2015-04,West Mercia Police,West Mercia Police,-1.956258,52.313035,On or near B4184,E01032233,Redditch 003B,Anti-social behaviour,,
,2015-04,West Mercia Police,West Mercia Police,-1.957091,52.315499,On or near Plumstead Close,E01032233,Redditch 003B,Anti-social behaviour,,
,2015-04,West Mercia Police,West Mercia Police,-1.957841,52.313530,On or near Butler'S Hill Lane,E01032233,Redditch 003B,Anti-social behaviour,,
,2015-04,West Mercia Police,West Mercia Police,-1.957841,52.313530,On or near Butler'S Hill Lane,E01032233,Redditch 003B,Anti-social behaviour,,
d4eebea4a3952a5f85316caf2d88ac56abed06aa6d2ea83978a179cce25706cb,2015-04,West Mercia Police,West Mercia Police,-1.963710,52.311671,On or near Greenford Close,E01032233,Redditch 003B,Burglary,Investigation complete; no suspect identified,
03fbcb8c4f6517be9b07d9835494cf9a496bfe18f97ae46ac1d5f81649950213,2015-04,West Mercia Police,West Mercia Police,-1.965792,52.312814,On or near Marchwood Close,E01032233,Redditch 003B,Burglary,Investigation complete; no suspect identified,
3588c61bcbf2e2904eb640e0b53ed998f4457702ea33844d4ad21baeec840382,2015-04,West Mercia Police,West Mercia Police,-1.955582,52.314033,On or near Pink Green Lane,E01032233,Redditch 003B,Criminal damage and arson,Investigation complete; no suspect identified,
1ca73aba04c255a8cb5bd6fdf4e97082cd35ca5fa22bb24e5684afcfafe1d41d,2015-04,West Mercia Police,West Mercia Police,-1.969651,52.311448,On or near Parklands Close,E01032233,Redditch 003B,Drugs,Offender given a caution,
8b46043d98d0a03e34f2444cf7453a7320f58e87290cf1bb0734d2e957ae59c7,2015-04,West Mercia Police,West Mercia Police,-1.969651,52.311448,On or near Parklands Close,E01032233,Redditch 003B,Drugs,Offender given a caution,
84bd0d6ac5d4bbaf12dddf13526defb1743880c5e95c54b60ccb1b02a9b875c7,2015-04,West Mercia Police,West Mercia Police,-1.968875,52.309875,On or near Lily Green Lane,E01032233,Redditch 003B,Vehicle crime,Investigation complete; no suspect identified,
e4718b2581c5e770ad58a6407ca869cc6922561f8236149f870564176b737dd0,2015-04,West Mercia Police,West Mercia Police,-1.955582,52.314033,On or near Pink Green Lane,E01032233,Redditch 003B,Vehicle crime,Investigation complete; no suspect identified,
635863243f799daf1ca79ee496059683cea37a7ec69c8a1a27f47f04ac19934f,2015-04,West Mercia Police,West Mercia Police,-1.970533,52.309309,On or near Shireland Lane,E01032233,Redditch 003B,Violence and sexual offences,Unable to prosecute suspect,
,2015-04,West Mercia Police,West Mercia Police,-1.956202,52.309826,On or near Batchley Road,E01032234,Redditch 003C,Anti-social behaviour,,
,2015-04,West Mercia Police,West Mercia Police,-1.956541,52.308468,On or near Pulman Close,E01032234,Redditch 003C,Anti-social behaviour,,
,2015-04,West Mercia Police,West Mercia Police,-1.956541,52.308468,On or near Pulman Close,E01032234,Redditch 003C,Anti-social behaviour,,
,2015-04,West Mercia Police,West Mercia Police,-1.956541,52.308468,On or near Pulman Close,E01032234,Redditch 003C,Anti-social behaviour,,
,2015-04,West Mercia Police,West Mercia Police,-1.955716,52.311327,On or near Hazel Road,E01032234,Redditch 003C,Anti-social behaviour,,
5d3bdcb9fabd4cb44c152e18e7d29888313269b75b6243808a12841a68a2021d,2015-04,West Mercia Police,West Mercia Police,-1.958578,52.309836,On or near Lime Tree Crescent,E01032234,Redditch 003C,Criminal damage and arson,Investigation complete; no suspect identified,
f7d1adca23b35f17ebd81a6fbc8d0e77940118fd66fe55653483da0f90c479ee,2015-04,West Mercia Police,West Mercia Police,-1.955716,52.311327,On or near Hazel Road,E01032234,Redditch 003C,Drugs,Court result unavailable,
d2586d29ca95631e21374c6b16b7e2ec53eb5d0583afd536aecb926e976b91c6,2015-04,West Mercia Police,West Mercia Police,-1.955716,52.311327,On or near Hazel Road,E01032234,Redditch 003C,Vehicle crime,Investigation complete; no suspect identified,
400e883846ec52663ef3c72aa28d371639242ae721b54d227becd10a3ab44524,2015-04,West Mercia Police,West Mercia Police,-1.947548,52.309696,On or near Bowood Court,E01032234,Redditch 003C,Violence and sexual offences,Awaiting court outcome,
5796c5abe698dabd0c6ff5ce5fe8e7105ae0290239c98a66ec64ba3fd504dedb,2015-04,West Mercia Police,West Mercia Police,-1.949365,52.311163,On or near Hewell Road,E01032234,Redditch 003C,Violence and sexual offences,Unable to prosecute suspect,
550e24e76b736b8ff677118e05123326151a8280cb35f2ef1c7293d840aef8c8,2015-04,West Mercia Police,West Mercia Police,-1.956541,52.308468,On or near Pulman Close,E01032234,Redditch 003C,Violence and sexual offences,Unable to prosecute suspect,
e97f2e929f1873549803f783f6cf6d799cb1dfa3b0bbdabc46e6768ac7120d8a,2015-04,West Mercia Police,West Mercia Police,-1.951156,52.310273,On or near Bridley Moor Road,E01032234,Redditch 003C,Violence and sexual offences,Unable to prosecute suspect,
dc203e1f3bc71504c8224e9fae4d53fc35fac1673baf9a7dfcebda537574dd01,2015-04,West Mercia Police,West Mercia Police,-1.956541,52.308468,On or near Pulman Close,E01032234,Redditch 003C,Violence and sexual offences,Investigation complete; no suspect identified,
3317790f8f653f19ce81a5e930b6fd510a282603e7dea7c55306187222d4508c,2015-04,West Mercia Police,West Mercia Police,-1.956541,52.308468,On or near Pulman Close,E01032234,Redditch 003C,Violence and sexual offences,Unable to prosecute suspect,
ffdd30ed296d729ccb7b7621a5d0fdfc670046411ef99fd19fc4bbc8e5149e60,2015-04,West Mercia Police,West Mercia Police,-1.958578,52.309836,On or near Lime Tree Crescent,E01032234,Redditch 003C,Violence and sexual offences,Local resolution,
476d0e11d53cac1df724077e08ab6d3a8b6ca2e00f49f932c8820657a589cc91,2015-04,West Mercia Police,West Mercia Police,-1.956541,52.308468,On or near Pulman Close,E01032234,Redditch 003C,Violence and sexual offences,Unable to prosecute suspect,
,2015-04,West Mercia Police,West Mercia Police,-1.961512,52.309342,On or near Oak Tree Avenue,E01032235,Redditch 003D,Anti-social behaviour,,
,2015-04,West Mercia Police,West Mercia Police,-1.970036,52.305407,On or near Hawthorn Road,E01032235,Redditch 003D,Anti-social behaviour,,
,2015-04,West Mercia Police,West Mercia Police,-1.970036,52.305407,On or near Hawthorn Road,E01032235,Redditch 003D,Anti-social behaviour,,
,2015-04,West Mercia Police,West Mercia Police,-1.969845,52.307331,On or near Foxlydiate Crescent,E01032235,Redditch 003D,Anti-social behaviour,,
,2015-04,West Mercia Police,West Mercia Police,-1.970036,52.305407,On or near Hawthorn Road,E01032235,Redditch 003D,Anti-social behaviour,,
9503f9417bf7e87e43e2cdda2fff2c0e8d78e560ace275f17b7bce29694a9d92,2015-04,West Mercia Police,West Mercia Police,-1.969845,52.307331,On or near Foxlydiate Crescent,E01032235,Redditch 003D,Burglary,Investigation complete; no suspect identified,
fdb22a8f84246e95233fc85d66919323cd673ebe2d48d9ea897d2414087bbd6d,2015-04,West Mercia Police,West Mercia Police,-1.964404,52.306817,On or near Cardy Close,E01032235,Redditch 003D,Criminal damage and arson,Investigation complete; no suspect identified,
c1a4e4f279a67b94c1dce2cae57306ae41c80b19f6aa7e1ba35e58189e91398f,2015-04,West Mercia Police,West Mercia Police,-1.976078,52.306991,On or near Parking Area,E01032235,Redditch 003D,Other theft,Investigation complete; no suspect identified,
fd4e1fb19a18e70cc18c712fd02e7f6e26e0e08a5737762fb5a33b2f7ac925a6,2015-04,West Mercia Police,West Mercia Police,-1.961512,52.309342,On or near Oak Tree Avenue,E01032235,Redditch 003D,Shoplifting,Offender ordered to pay compensation,
dce9aa10856e6a729754690141d6fae8583ebfd9ad456b2a46ffc55cb86336df,2015-04,West Mercia Police,West Mercia Police,-1.961512,52.309342,On or near Oak Tree Avenue,E01032235,Redditch 003D,Shoplifting,Awaiting court outcome,
c0bf787ac969b050aed99a47d514a75d92779fa8f47412ddb130d4a5bcc47dcb,2015-04,West Mercia Police,West Mercia Police,-1.968041,52.306665,On or near Rowan Crescent,E01032235,Redditch 003D,Violence and sexual offences,Unable to prosecute suspect,
68af3707cc9ab8d548bbca406c7d3dc656255175a52a3eea3a471ae2504d8abd,2015-04,West Mercia Police,West Mercia Police,-1.970036,52.305407,On or near Hawthorn Road,E01032235,Redditch 003D,Violence and sexual offences,Defendant found not guilty,
2dd3aeeffdf341ecf5ff77c4e626ba77c5ce22adec88d74d5d933e32aae997c7,2015-04,West Mercia Police,West Mercia Police,-1.966311,52.305936,On or near Lock Close,E01032235,Redditch 003D,Violence and sexual offences,Unable to prosecute suspect,
05c14335ed435bb73edaa891e64c5a391e1a51e9770b48d53ba6541e5a681f7b,2015-04,West Mercia Police,West Mercia Police,-1.973176,52.304095,On or near Pine Tree Close,E01032235,Redditch 003D,Violence and sexual offences,Unable to prosecute suspect,
c2813040c727de2bf2ef3322cc27b8c0b1af9ab12b16d9483bcee32a5513502e,2015-04,West Mercia Police,West Mercia Police,-1.966311,52.305936,On or near Lock Close,E01032235,Redditch 003D,Violence and sexual offences,Offender given suspended prison sentence,
16bb538c31b84b2e04617b07e112cded95c4d831ba4c95af0e271286446b00d2,2015-04,West Mercia Police,West Mercia Police,-1.968041,52.306665,On or near Rowan Crescent,E01032235,Redditch 003D,Violence and sexual offences,Unable to prosecute suspect,
a33bfdcf7c472304830d17af1eace8bdd48f37e1ae95691f793673621b92b9e0,2015-04,West Mercia Police,West Mercia Police,-1.966311,52.305936,On or near Lock Close,E01032235,Redditch 003D,Violence and sexual offences,Unable to prosecute suspect,
2a6ec88001a4e633c50c78ba172a3df60c0dd15fbad33724349fc14ba6e0fc3b,2015-04,West Mercia Police,West Mercia Police,-1.968041,52.306665,On or near Rowan Crescent,E01032235,Redditch 003D,Violence and sexual offences,Unable to prosecute suspect,
1f9dc14dba6e4a5deab4563728deadc13a08911c966a222708d776b51b953ab3,2015-04,West Mercia Police,West Mercia Police,-1.966311,52.305936,On or near Lock Close,E01032235,Redditch 003D,Violence and sexual offences,Unable to prosecute suspect,
,2015-04,West Mercia Police,West Mercia Police,-1.942332,52.305253,On or near Shopping Area,E01032224,Redditch 004A,Anti-social behaviour,,
,2015-04,West Mercia Police,West Mercia Police,-1.941657,52.305801,On or near Shopping Area,E01032224,Redditch 004A,Anti-social behaviour,,
,2015-04,West Mercia Police,West Mercia Police,-1.938634,52.307040,On or near Parking Area,E01032224,Redditch 004A,Anti-social behaviour,,
,2015-04,West Mercia Police,West Mercia Police,-1.944089,52.307654,On or near Pedestrian Subway,E01032224,Redditch 004A,Anti-social behaviour,,
,2015-04,West Mercia Police,West Mercia Police,-1.936318,52.306427,On or near Grove Street,E01032224,Redditch 004A,Anti-social behaviour,,
,2015-04,West Mercia Police,West Mercia Police,-1.941497,52.305181,On or near Shopping Area,E01032224,Redditch 004A,Anti-social behaviour,,
,2015-04,West Mercia Police,West Mercia Police,-1.938197,52.305143,On or near Shopping Area,E01032224,Redditch 004A,Anti-social behaviour,,
,2015-04,West Mercia Police,West Mercia Police,-1.938197,52.305143,On or near Shopping Area,E01032224,Redditch 004A,Anti-social behaviour,,
,2015-04,West Mercia Police,West Mercia Police,-1.941700,52.306925,On or near Unicorn Hill,E01032224,Redditch 004A,Anti-social behaviour,,
,2015-04,West Mercia Police,West Mercia Police,-1.937889,52.304747,On or near Redditch Ringway,E01032224,Redditch 004A,Anti-social behaviour,,
,2015-04,West Mercia Police,West Mercia Police,-1.938197,52.305143,On or near Shopping Area,E01032224,Redditch 004A,Anti-social behaviour,,
,2015-04,West Mercia Police,West Mercia Police,-1.953281,52.312081,On or near Hewell Road,E01032224,Redditch 004A,Anti-social behaviour,,
,2015-04,West Mercia Police,West Mercia Police,-1.944033,52.305865,On or near Izod Street,E01032224,Redditch 004A,Anti-social behaviour,,
,2015-04,West Mercia Police,West Mercia Police,-1.941700,52.306925,On or near Unicorn Hill,E01032224,Redditch 004A,Anti-social behaviour,,
,2015-04,West Mercia Police,West Mercia Police,-1.936318,52.306427,On or near Grove Street,E01032224,Redditch 004A,Anti-social behaviour,,
,2015-04,West Mercia Police,West Mercia Police,-1.937889,52.304747,On or near Redditch Ringway,E01032224,Redditch 004A,Anti-social behaviour,,
,2015-04,West Mercia Police,West Mercia Police,-1.939513,52.307499,On or near Herbert Street,E01032224,Redditch 004A,Anti-social behaviour,,
,2015-04,West Mercia Police,West Mercia Police,-1.938634,52.307040,On or near Parking Area,E01032224,Redditch 004A,Anti-social behaviour,,
,2015-04,West Mercia Police,West Mercia Police,-1.931515,52.310749,On or near Dale Road,E01032224,Redditch 004A,Anti-social behaviour,,
,2015-04,West Mercia Police,West Mercia Police,-1.938634,52.307040,On or near Parking Area,E01032224,Redditch 004A,Anti-social behaviour,,
,2015-04,West Mercia Police,West Mercia Police,-1.941700,52.306925,On or near Unicorn Hill,E01032224,Redditch 004A,Anti-social behaviour,,
,2015-04,West Mercia Police,West Mercia Police,-1.943005,52.306557,On or near Vine Street,E01032224,Redditch 004A,Anti-social behaviour,,
,2015-04,West Mercia Police,West Mercia Police,-1.942971,52.310719,On or near Clive Road,E01032224,Redditch 004A,Anti-social behaviour,,
,2015-04,West Mercia Police,West Mercia Police,-1.942332,52.305253,On or near Shopping Area,E01032224,Redditch 004A,Anti-social behaviour,,
,2015-04,West Mercia Police,West Mercia Police,-1.936318,52.306427,On or near Grove Street,E01032224,Redditch 004A,Anti-social behaviour,,
,2015-04,West Mercia Police,West Mercia Police,-1.943199,52.304192,On or near Parking Area,E01032224,Redditch 004A,Anti-social behaviour,,
,2015-04,West Mercia Police,West Mercia Police,-1.936110,52.307767,On or near Other Road,E01032224,Redditch 004A,Anti-social behaviour,,
,2015-04,West Mercia Police,West Mercia Police,-1.939513,52.307499,On or near Herbert Street,E01032224,Redditch 004A,Anti-social behaviour,,
,2015-04,West Mercia Police,West Mercia Police,-1.945294,52.306000,On or near Pedestrian Subway,E01032224,Redditch 004A,Anti-social behaviour,,
,2015-04,West Mercia Police,West Mercia Police,-1.943004,52.307330,On or near Bates Hill,E01032224,Redditch 004A,Anti-social behaviour,,
,2015-04,West Mercia Police,West Mercia Police,-1.938634,52.307040,On or near Parking Area,E01032224,Redditch 004A,Anti-social behaviour,,
,2015-04,West Mercia Police,West Mercia Police,-1.941700,52.306925,On or near Unicorn Hill,E01032224,Redditch 004A,Anti-social behaviour,,
,2015-04,West Mercia Police,West Mercia Police,-1.943005,52.306557,On or near Vine Street,E01032224,Redditch 004A,Anti-social behaviour,,
,2015-04,West Mercia Police,West Mercia Police,-1.945408,52.308347,On or near Gloucester Close,E01032224,Redditch 004A,Anti-social behaviour,,
,2015-04,West Mercia Police,West Mercia Police,-1.943005,52.306557,On or near Vine Street,E01032224,Redditch 004A,Anti-social behaviour,,
89a0b5bcabf610396fd5cdd90388b307f3facc91ec71aceba6ad69e40b974969,2015-04,West Mercia Police,West Mercia Police,-1.938634,52.307040,On or near Parking Area,E01032224,Redditch 004A,Bicycle theft,Investigation complete; no suspect identified,
32701b6680b5f2310391d12ee73a3628cad7d042cb084ef73046ef15da3a0099,2015-04,West Mercia Police,West Mercia Police,-1.945408,52.308347,On or near Gloucester Close,E01032224,Redditch 004A,Burglary,Investigation complete; no suspect identified,
67f3d43e6b7b6371e3cc33525aa3c39a71b6fd6eee1857e537306d5e0d7da297,2015-04,West Mercia Police,West Mercia Police,-1.943005,52.306557,On or near Vine Street,E01032224,Redditch 004A,Burglary,Investigation complete; no suspect identified,
a503d940a44965bde0cefb5880c9f0a8028c9c7cfd9bff8d701a6c022bc29857,2015-04,West Mercia Police,West Mercia Police,-1.941700,52.306925,On or near Unicorn Hill,E01032224,Redditch 004A,Criminal damage and arson,Court case unable to proceed,
f6b94c114cd3a34a09c829134217a56bc0dc306acd954ef9cc4f3a77c8297503,2015-04,West Mercia Police,West Mercia Police,-1.944033,52.305865,On or near Izod Street,E01032224,Redditch 004A,Criminal damage and arson,Local resolution,
bb8ba0225602f1bded631b404ded895b24275e2bf258ceaa89cc5bff2bbe576c,2015-04,West Mercia Police,West Mercia Police,-1.934477,52.311146,On or near Beckett Close,E01032224,Redditch 004A,Criminal damage and arson,Investigation complete; no suspect identified,
7a01cfc0900dabefc700adddcf1841ce710d27b18e3b5ae3904feab4d80443e7,2015-04,West Mercia Police,West Mercia Police,-1.938634,52.307040,On or near Parking Area,E01032224,Redditch 004A,Criminal damage and arson,Local resolution,
c3f7d5375ef674dde776ae0d8e0c9d8af8665a23a146311522d4aa642daefc21,2015-04,West Mercia Police,West Mercia Police,-1.937081,52.305619,On or near Parking Area,E01032224,Redditch 004A,Criminal damage and arson,Investigation complete; no suspect identified,
9566ec152560406e70a8f949b24ca011e31ecd87971c24d7751be034cdbaa0d0,2015-04,West Mercia Police,West Mercia Police,-1.941700,52.306925,On or near Unicorn Hill,E01032224,Redditch 004A,Criminal damage and arson,Court result unavailable,
89b25f765563d7eff491ce7c90c00dc523d6e1a4b41d2bbbf1017f569b8576b9,2015-04,West Mercia Police,West Mercia Police,-1.938957,52.306797,On or near Wellington Street,E01032224,Redditch 004A,Other theft,Investigation complete; no suspect identified,
9814276e5bfb43616b397ca19e28782eb2792378cabad0adcefa999bf10b65a5,2015-04,West Mercia Police,West Mercia Police,-1.944089,52.307654,On or near Pedestrian Subway,E01032224,Redditch 004A,Other theft,Investigation complete; no suspect identified,
c4b64d40907a4c06013fd803514d251590156978f9f0c475eb86a529e15a1d51,2015-04,West Mercia Police,West Mercia Police,-1.944033,52.305865,On or near Izod Street,E01032224,Redditch 004A,Other theft,Investigation complete; no suspect identified,
7f8991677070492f2d5d2d6e894e32bc931294a8e63b8723822bca329f83f88d,2015-04,West Mercia Police,West Mercia Police,-1.938957,52.306797,On or near Wellington Street,E01032224,Redditch 004A,Other theft,Investigation complete; no suspect identified,
62a7babf524799aff91ae1007186f3004029840e39a9e315e026150ded7c5a01,2015-04,West Mercia Police,West Mercia Police,-1.943005,52.306557,On or near Vine Street,E01032224,Redditch 004A,Other theft,Unable to prosecute suspect,
90f2ff20d50e75b96b6bec35f382a4dfec4ef638faba2f6a309f7822d2167246,2015-04,West Mercia Police,West Mercia Police,-1.937284,52.307579,On or near Archer Road,E01032224,Redditch 004A,Public order,Unable to prosecute suspect,
70eade2711dbcdefcb3ab77eb5fdcbb2881e6ae92449029e8163bb22913dada0,2015-04,West Mercia Police,West Mercia Police,-1.944033,52.305865,On or near Izod Street,E01032224,Redditch 004A,Shoplifting,Offender given suspended prison sentence,
6a86deb7f59b6fc7204f2d3bd40aaaf96e632fde005abe13ad2306b4c57483d7,2015-04,West Mercia Police,West Mercia Police,-1.943199,52.304192,On or near Parking Area,E01032224,Redditch 004A,Shoplifting,Offender given a caution,
dcccff4e34b42758802b340393cd6eac71c5978142b314240572967012c9a705,2015-04,West Mercia Police,West Mercia Police,-1.945294,52.306000,On or near Pedestrian Subway,E01032224,Redditch 004A,Shoplifting,Local resolution,
485111c48107d9f2b6695527c4a2303f6955ac841a5104ad354023032fc6ea36,2015-04,West Mercia Police,West Mercia Police,-1.941497,52.305181,On or near Shopping Area,E01032224,Redditch 004A,Shoplifting,Investigation complete; no suspect identified,
0202173bba7644738f4610d7590f27787b4044587f1772c0f8c0cd4bd398b7ca,2015-04,West Mercia Police,West Mercia Police,-1.941497,52.305181,On or near Shopping Area,E01032224,Redditch 004A,Shoplifting,Offender given a caution,
256117b52d3c4444d59c4efcca72c098c937f917557da4307e25072c43e310d4,2015-04,West Mercia Police,West Mercia Police,-1.941700,52.306925,On or near Unicorn Hill,E01032224,Redditch 004A,Shoplifting,Investigation complete; no suspect identified,
0e23338c0205a0b832d64e32a41defad86568cb5c607e13549d12ec06dcc4aca,2015-04,West Mercia Police,West Mercia Police,-1.941497,52.305181,On or near Shopping Area,E01032224,Redditch 004A,Shoplifting,Local resolution,
41deb1b717b0e4e690a883c386ede458e320f2e3eb8b6f7c52d4a45f0103b335,2015-04,West Mercia Police,West Mercia Police,-1.945294,52.306000,On or near Pedestrian Subway,E01032224,Redditch 004A,Shoplifting,Offender given conditional discharge,
7660ece1da5a166840fbb2ade4448f1f533c0731b2dfbd17cd3078ed84b28826,2015-04,West Mercia Police,West Mercia Police,-1.944033,52.305865,On or near Izod Street,E01032224,Redditch 004A,Shoplifting,Court result unavailable,
fc92c5eee1e9be7be01043e51f087bd9465a14bcfc8a5f38e977be7f5b3d8d47,2015-04,West Mercia Police,West Mercia Police,-1.941657,52.305801,On or near Shopping Area,E01032224,Redditch 004A,Shoplifting,Local resolution,
e0d58dc47054854fbc88ee13e2b001843835414385102968c06fe2f7a958aa67,2015-04,West Mercia Police,West Mercia Police,-1.936318,52.306427,On or near Grove Street,E01032224,Redditch 004A,Shoplifting,Court result unavailable,
4316dae8546077e12b5772c29a119b2c9766e270bb87023c4af19545ba270efc,2015-04,West Mercia Police,West Mercia Police,-1.943199,52.304192,On or near Parking Area,E01032224,Redditch 004A,Shoplifting,Investigation complete; no suspect identified,
65fffaeb286fa9ab1f799dbcedf9b8dae199c876e948795b619ee3e5ae636960,2015-04,West Mercia Police,West Mercia Police,-1.943095,52.305316,On or near Parking Area,E01032224,Redditch 004A,Shoplifting,Offender given a caution,
e0e651993794f2b06cb2a5d44bf63976a9031693096fe111579dbbe2c97724dd,2015-04,West Mercia Police,West Mercia Police,-1.944033,52.305865,On or near Izod Street,E01032224,Redditch 004A,Shoplifting,Offender given conditional discharge,
69ef67c855d043e425d5b1f0da9b4c5d68ade22c2ea341a106c3b5de5dce548e,2015-04,West Mercia Police,West Mercia Police,-1.942332,52.305253,On or near Shopping Area,E01032224,Redditch 004A,Shoplifting,Court result unavailable,
e22eb63ce511bd624dde33801779264a88b9a447d16ce757a8a863e5084835eb,2015-04,West Mercia Police,West Mercia Police,-1.945294,52.306000,On or near Pedestrian Subway,E01032224,Redditch 004A,Shoplifting,Investigation complete; no suspect identified,
f7ecb372eb9bb9c009ed717f10d54a087b293695fa0ef69e58e6208807a9c4ed,2015-04,West Mercia Police,West Mercia Police,-1.941657,52.305801,On or near Shopping Area,E01032224,Redditch 004A,Shoplifting,Investigation complete; no suspect identified,
06a31090cfa91a9c381ea79c310f73acf10f7066662ddde659598775add92892,2015-04,West Mercia Police,West Mercia Police,-1.941497,52.305181,On or near Shopping Area,E01032224,Redditch 004A,Shoplifting,Offender given a caution,
b9e8a1abc77f2e0b458b4cb497525f979482b0811d3d30ad3a98ffd18b5c4b00,2015-04,West Mercia Police,West Mercia Police,-1.945294,52.306000,On or near Pedestrian Subway,E01032224,Redditch 004A,Shoplifting,Investigation complete; no suspect identified,
1c4764fcc144389bceae4556fa043f8b5a5964889dfbeabaea8fee79d30b6a4c,2015-04,West Mercia Police,West Mercia Police,-1.942332,52.305253,On or near Shopping Area,E01032224,Redditch 004A,Shoplifting,Unable to prosecute suspect,
c696c020eb2161ae3555046ebbf2bddd3f3022b8572fbe6482d1a5d9c50a97e0,2015-04,West Mercia Police,West Mercia Police,-1.941497,52.305181,On or near Shopping Area,E01032224,Redditch 004A,Shoplifting,Unable to prosecute suspect,
67b61ddadd6e68d7db38d659c059243b2b3cb9af589e52e9d729f8fe696e6880,2015-04,West Mercia Police,West Mercia Police,-1.938634,52.307040,On or near Parking Area,E01032224,Redditch 004A,Theft from the person,Investigation complete; no suspect identified,
7b380fffc93e71d3d888e6f619490292bf61de8d8b9b68cc75414ff58700c498,2015-04,West Mercia Police,West Mercia Police,-1.943990,52.305245,On or near Parking Area,E01032224,Redditch 004A,Violence and sexual offences,Offender given community sentence,
95ae1850ef1f84d495ad2b034cc079c8f00cf2fec35bb0a583c33f2f30f8ef77,2015-04,West Mercia Police,West Mercia Police,-1.953281,52.312081,On or near Hewell Road,E01032224,Redditch 004A,Violence and sexual offences,Court result unavailable,
bbbf560833acdc3e7212ac1201c80f872a567b8955e582b7d0fe0640006b99a5,2015-04,West Mercia Police,West Mercia Police,-1.941497,52.305181,On or near Shopping Area,E01032224,Redditch 004A,Violence and sexual offences,Offender fined,
e84acd16ba6e9f8955ddedfd068a589d915d67c1d7687ed3dc269a53feed448a,2015-04,West Mercia Police,West Mercia Police,-1.945366,52.306747,On or near Parking Area,E01032224,Redditch 004A,Violence and sexual offences,Investigation complete; no suspect identified,
8fe88614beb355b877db6667d5ccc20fdc5f72ca98103f5ec9d3564cbb1c2649,2015-04,West Mercia Police,West Mercia Police,-1.943005,52.306557,On or near Vine Street,E01032224,Redditch 004A,Violence and sexual offences,Unable to prosecute suspect,
bb5a78516cc7f5a29fb9832a0d4332cb1742fcae95521b78ffdb8f81c80a70d6,2015-04,West Mercia Police,West Mercia Police,-1.934220,52.306804,On or near Other Road,E01032224,Redditch 004A,Violence and sexual offences,Investigation complete; no suspect identified,
6eb7c3bcdeac56aa5aaae336a0232a6f3ff3fd585c9f7ef2eeae1b716acccba1,2015-04,West Mercia Police,West Mercia Police,-1.943005,52.306557,On or near Vine Street,E01032224,Redditch 004A,Violence and sexual offences,Unable to prosecute suspect,
a8b5216ea3f40b6c811b6355bf39601fb26af96b12901d450041ee89397764a7,2015-04,West Mercia Police,West Mercia Police,-1.943005,52.306557,On or near Vine Street,E01032224,Redditch 004A,Violence and sexual offences,Investigation complete; no suspect identified,
8bbdaae397ad32b5203dad478ec96708983790d96b3a7c898fc1f41c806c726a,2015-04,West Mercia Police,West Mercia Police,-1.938957,52.306797,On or near Wellington Street,E01032224,Redditch 004A,Violence and sexual offences,Unable to prosecute suspect,
885b1f20bf720f1e0a59b046c0e2d0b2cf079ad9655cd9408bdc6ae4f5514cda,2015-04,West Mercia Police,West Mercia Police,-1.938634,52.307040,On or near Parking Area,E01032224,Redditch 004A,Violence and sexual offences,Unable to prosecute suspect,
be6d64d88efb0ea36ca4f353887d725517a1fa6e74c48f5e41a98645a59b4409,2015-04,West Mercia Police,West Mercia Police,-1.943005,52.306557,On or near Vine Street,E01032224,Redditch 004A,Violence and sexual offences,Offender given a caution,
2fee6995985b865728f98d0ce139f1e78d79626ee1323271915ae9eae92d75ed,2015-04,West Mercia Police,West Mercia Police,-1.938634,52.307040,On or near Parking Area,E01032224,Redditch 004A,Violence and sexual offences,Unable to prosecute suspect,
ba28d8d6aa9924b7640339f148e4670fc93f2f48f74697ad90dc094b50219636,2015-04,West Mercia Police,West Mercia Police,-1.942827,52.308570,On or near Bus/Coach Station,E01032224,Redditch 004A,Violence and sexual offences,Investigation complete; no suspect identified,
b781d7f1d69978608b925284193cbf8ce71a2734f6c14fefdb10007a2469de88,2015-04,West Mercia Police,West Mercia Police,-1.938634,52.307040,On or near Parking Area,E01032224,Redditch 004A,Violence and sexual offences,Investigation complete; no suspect identified,
6ecdd707a58cce261991c029c7d8b0a220b02dfe9a15c0cb276587a07a4fec0e,2015-04,West Mercia Police,West Mercia Police,-1.938957,52.306797,On or near Wellington Street,E01032224,Redditch 004A,Violence and sexual offences,Unable to prosecute suspect,
96bb6c85adac2742c9dc99f64251eba846c22fcf68e909725401d19ae7e9675f,2015-04,West Mercia Police,West Mercia Police,-1.943005,52.306557,On or near Vine Street,E01032224,Redditch 004A,Violence and sexual offences,Offender fined,
,2015-04,West Mercia Police,West Mercia Police,-1.925162,52.311563,On or near Stanley Close,E01032225,Redditch 004B,Anti-social behaviour,,
5863e3b83836e0e5401a200cd47101197268e1a452c1c01f90a8c038a9fca098,2015-04,West Mercia Police,West Mercia Police,-1.926318,52.313299,On or near Seymour Drive,E01032225,Redditch 004B,Criminal damage and arson,Investigation complete; no suspect identified,
f6ed72ce81a4627351130194683b5667796afd402b1c6045ef3187d5ae36ea8b,2015-04,West Mercia Police,West Mercia Police,-1.926291,52.312166,On or near Lygon Close,E01032225,Redditch 004B,Other theft,Unable to prosecute suspect,
1e02236dac8bbabdb6ed32a8e7c4003bba2a521cde6cb2f2655850b2d3ef3f9b,2015-04,West Mercia Police,West Mercia Police,-1.927362,52.311897,On or near Vernon Close,E01032225,Redditch 004B,Violence and sexual offences,Unable to prosecute suspect,
9eb17c500b2c8d2d0c7736e76d95e1880cdbf9b388be256941dc22eae8067193,2015-04,West Mercia Police,West Mercia Police,-1.927889,52.312491,On or near Neville Close,E01032225,Redditch 004B,Violence and sexual offences,Court result unavailable,
,2015-04,West Mercia Police,West Mercia Police,-1.941677,52.302106,On or near Beaufort Street,E01032239,Redditch 004C,Anti-social behaviour,,
,2015-04,West Mercia Police,West Mercia Police,-1.940620,52.302492,On or near South Street,E01032239,Redditch 004C,Anti-social behaviour,,
,2015-04,West Mercia Police,West Mercia Police,-1.941839,52.300973,On or near Old Crest Avenue,E01032239,Redditch 004C,Anti-social behaviour,,
,2015-04,West Mercia Police,West Mercia Police,-1.940620,52.302492,On or near South Street,E01032239,Redditch 004C,Anti-social behaviour,,
,2015-04,West Mercia Police,West Mercia Police,-1.933376,52.302191,On or near Union Street,E01032239,Redditch 004C,Anti-social behaviour,,
,2015-04,West Mercia Police,West Mercia Police,-1.939814,52.302141,On or near West Avenue,E01032239,Redditch 004C,Anti-social behaviour,,
,2015-04,West Mercia Police,West Mercia Police,-1.938230,52.302554,On or near Mount Street,E01032239,Redditch 004C,Anti-social behaviour,,
,2015-04,West Mercia Police,West Mercia Police,-1.940620,52.302492,On or near South Street,E01032239,Redditch 004C,Anti-social behaviour,,
,2015-04,West Mercia Police,West Mercia Police,-1.939814,52.302141,On or near West Avenue,E01032239,Redditch 004C,Anti-social behaviour,,
,2015-04,West Mercia Police,West Mercia Police,-1.941839,52.300973,On or near Old Crest Avenue,E01032239,Redditch 004C,Anti-social behaviour,,
,2015-04,West Mercia Police,West Mercia Police,-1.929164,52.303861,On or near Holloway Lane,E01032239,Redditch 004C,Anti-social behaviour,,
,2015-04,West Mercia Police,West Mercia Police,-1.933960,52.303693,On or near Honeychurch Close,E01032239,Redditch 004C,Anti-social behaviour,,
,2015-04,West Mercia Police,West Mercia Police,-1.938230,52.302554,On or near Mount Street,E01032239,Redditch 004C,Anti-social behaviour,,
,2015-04,West Mercia Police,West Mercia Police,-1.939814,52.302141,On or near West Avenue,E01032239,Redditch 004C,Anti-social behaviour,,
,2015-04,West Mercia Police,West Mercia Police,-1.933899,52.305716,On or near Other Road,E01032239,Redditch 004C,Anti-social behaviour,,
7e5e655acf89420698f7ea36893bb510cc7230241c301fddc623b296d00e8d17,2015-04,West Mercia Police,West Mercia Police,-1.936793,52.302283,On or near Marsden Road,E01032239,Redditch 004C,Burglary,Unable to prosecute suspect,
d893dc570470711055d9ca90690df0733826c9e9a74d4cb0c444dc3c67462cfa,2015-04,West Mercia Police,West Mercia Police,-1.935309,52.304350,On or near Supermarket,E01032239,Redditch 004C,Burglary,Investigation complete; no suspect identified,
06b6729f350fdd0326040f887a21ecb8a1b9f55ff8818dabe09923c3b4b16117,2015-04,West Mercia Police,West Mercia Police,-1.941677,52.302106,On or near Beaufort Street,E01032239,Redditch 004C,Drugs,Offender given suspended prison sentence,
6d3054f04e77eb37f2943c8a87dd9ba6fd3749c1caa50a1a3cbc475cdb52c1b0,2015-04,West Mercia Police,West Mercia Police,-1.941677,52.302106,On or near Beaufort Street,E01032239,Redditch 004C,Drugs,Offender otherwise dealt with,
e4d6b54dcc53afb312ef4f031bb1f147499a367fda93bf7fcc381d4182731b23,2015-04,West Mercia Police,West Mercia Police,-1.937861,52.303857,On or near Smallwood Street,E01032239,Redditch 004C,Other theft,Investigation complete; no suspect identified,
8f06eaf745137a418d69ba09c3924b440646924704946d0d6b49097e003b0bc0,2015-04,West Mercia Police,West Mercia Police,-1.941677,52.302106,On or near Beaufort Street,E01032239,Redditch 004C,Possession of weapons,Offender sent to prison,
2cb00ac58c6e00f6b7a476a4ed1b210806c739022640dd6c9556b03f240f6c12,2015-04,West Mercia Police,West Mercia Police,-1.930764,52.303071,On or near Burton Lane,E01032239,Redditch 004C,Public order,Court result unavailable,
bbc9563742f21f6dde87d4409c56db2842a05220ae29d2185b3e8956dfd207d8,2015-04,West Mercia Police,West Mercia Police,-1.933960,52.303693,On or near Honeychurch Close,E01032239,Redditch 004C,Shoplifting,Court result unavailable,
54b20b639b43f98206b16cf761db2aac7b53d77509279ccb0e1f3cefc87e3bc2,2015-04,West Mercia Police,West Mercia Police,-1.935309,52.304350,On or near Supermarket,E01032239,Redditch 004C,Shoplifting,Investigation complete; no suspect identified,
6789e80530196df6f073571c6bf4c67c875c3b51ec2a3a016e9a4656ee6634ec,2015-04,West Mercia Police,West Mercia Police,-1.933960,52.303693,On or near Honeychurch Close,E01032239,Redditch 004C,Shoplifting,Local resolution,
c252aa284f26ade3f774b81820d2c4b5dd9fc7b2182ab79baf8303165b1b9ff6,2015-04,West Mercia Police,West Mercia Police,-1.933960,52.303693,On or near Honeychurch Close,E01032239,Redditch 004C,Shoplifting,Unable to prosecute suspect,
0ca29c7ad180cae4195483d91ffc399d089883f97c055f61f9c1bc4e7396428c,2015-04,West Mercia Police,West Mercia Police,-1.935309,52.304350,On or near Supermarket,E01032239,Redditch 004C,Shoplifting,Local resolution,
8e223fa93de38c08d6ea21967a050aa747056f4deacaced5fe4e817268f56dbe,2015-04,West Mercia Police,West Mercia Police,-1.941677,52.302106,On or near Beaufort Street,E01032239,Redditch 004C,Vehicle crime,Offender sent to prison,
c13c00ff460e8e5c310214b395d4ec5ec1f1cfa9730a63a210359e9c6cc54606,2015-04,West Mercia Police,West Mercia Police,-1.941839,52.300973,On or near Old Crest Avenue,E01032239,Redditch 004C,Vehicle crime,Investigation complete; no suspect identified,
44953db8a5fadd45d456c3800416634ffaa736fd4354069192fcdfd5114dfd29,2015-04,West Mercia Police,West Mercia Police,-1.936793,52.302283,On or near Marsden Road,E01032239,Redditch 004C,Violence and sexual offences,Unable to prosecute suspect,
7e0cdafd0e410c8ae50d97b06c059207409cfca52f47d41f4e94f687f41d4ebb,2015-04,West Mercia Police,West Mercia Police,-1.930764,52.303071,On or near Burton Lane,E01032239,Redditch 004C,Violence and sexual offences,Court result unavailable,
7bbc76f5c63e4f99a3b117118798754b3a8017de5f853b87223b84e4b2941f55,2015-04,West Mercia Police,West Mercia Police,-1.936205,52.303155,On or near Lodge Road,E01032239,Redditch 004C,Violence and sexual offences,Offender given a caution,
7a54bff9976f64690fc51717dc1ca0d2a9eed24d5439bb52c0d2b50c7b03b027,2015-04,West Mercia Police,West Mercia Police,-1.936793,52.302283,On or near Marsden Road,E01032239,Redditch 004C,Violence and sexual offences,Court result unavailable,
8097b34fdd3dde73b30893fa41d2eb2bc71adf8ff7cde0f59f175557d38a5c21,2015-04,West Mercia Police,West Mercia Police,-1.937861,52.303857,On or near Smallwood Street,E01032239,Redditch 004C,Violence and sexual offences,Awaiting court outcome,
713484a6f1b0bb8ad07a8753b8d657a0d89fe405902703b198dc998e0e0bdc96,2015-04,West Mercia Police,West Mercia Police,-1.933899,52.305716,On or near Other Road,E01032239,Redditch 004C,Violence and sexual offences,Unable to prosecute suspect,
67d95a3a8e2d7ded09c383e18831ba0984803dd4ce526da7831e0404d1ad588f,2015-04,West Mercia Police,West Mercia Police,-1.933899,52.305716,On or near Other Road,E01032239,Redditch 004C,Violence and sexual offences,Unable to prosecute suspect,
,2015-04,West Mercia Police,West Mercia Police,-1.926195,52.308112,On or near Prospect Road North,E01032262,Redditch 004D,Anti-social behaviour,,
,2015-04,West Mercia Police,West Mercia Police,-1.923558,52.306357,On or near Beoley Road East,E01032262,Redditch 004D,Anti-social behaviour,,
,2015-04,West Mercia Police,West Mercia Police,-1.922811,52.305574,On or near Kingsley Avenue,E01032262,Redditch 004D,Anti-social behaviour,,
800906556042879624ac6ce7ed0af4e92f85a1f868df76f67260663d2590b296,2015-04,West Mercia Police,West Mercia Police,-1.925816,52.306682,On or near Prospect Road South,E01032262,Redditch 004D,Bicycle theft,Investigation complete; no suspect identified,
e166c09acfc54efe6bce8d40ad9ff523a51596b110ce903a50c446fd38595563,2015-04,West Mercia Police,West Mercia Police,-1.923558,52.306357,On or near Beoley Road East,E01032262,Redditch 004D,Burglary,Investigation complete; no suspect identified,
6c49071986a45d9914f86ffa6921abcddf5b2887dfc3763015a3f50d7e66646f,2015-04,West Mercia Police,West Mercia Police,-1.930907,52.305858,On or near Beoley Road West,E01032262,Redditch 004D,Criminal damage and arson,Awaiting court outcome,
e85515d9eb0454f48a2cf7c7fb7e1d68c3e2e798b8e9fb299f33f5932fece517,2015-04,West Mercia Police,West Mercia Police,-1.925816,52.306682,On or near Prospect Road South,E01032262,Redditch 004D,Criminal damage and arson,Investigation complete; no suspect identified,
c74215bc06cbcf05eee71f8850dae3a21377c998475634a13f78ae68a06be0fa,2015-04,West Mercia Police,West Mercia Police,-1.927061,52.307735,On or near Huins Close,E01032262,Redditch 004D,Criminal damage and arson,Offender given suspended prison sentence,
c31cb0b61211a1446e1b72c0fff92e100e8920dea72b3ece985f38e4902862ee,2015-04,West Mercia Police,West Mercia Police,-1.925173,52.305306,On or near Winstone Close,E01032262,Redditch 004D,Criminal damage and arson,Investigation complete; no suspect identified,
f06fec383e9d357aa0f36566af758f46f61f2cb01b57f318e5ae8b2cb3897358,2015-04,West Mercia Police,West Mercia Police,-1.926933,52.305118,On or near Margaret Llewlyn Davies Close,E01032262,Redditch 004D,Criminal damage and arson,Investigation complete; no suspect identified,
22fee4d03d1a574b833a5c3b6f5cc7ebe3f4fa4af9c21d9ad1b99e3bdd7f4483,2015-04,West Mercia Police,West Mercia Police,-1.927061,52.307735,On or near Huins Close,E01032262,Redditch 004D,Criminal damage and arson,Unable to prosecute suspect,
5b29fcfcb92a60728991fbbcbbe339ae0cf63dd813e51c71d4548cd969900957,2015-04,West Mercia Police,West Mercia Police,-1.923558,52.306357,On or near Beoley Road East,E01032262,Redditch 004D,Drugs,Offender given a drugs possession warning,
17b5346a5cb036903be9ee1de859e1fc27500823cfda387474b45dbfb93520e8,2015-04,West Mercia Police,West Mercia Police,-1.931507,52.306695,On or near St Georges Road,E01032262,Redditch 004D,Possession of weapons,Offender given a caution,
f96b2f18ef534341959b85f83a29f060417997f7e6746be42b54579273def86f,2015-04,West Mercia Police,West Mercia Police,-1.931507,52.306695,On or near St Georges Road,E01032262,Redditch 004D,Public order,Unable to prosecute suspect,
231671ed5a664f22bc780e1b98e5f38c0fe96460524c71522dbfcb94d18c0926,2015-04,West Mercia Police,West Mercia Police,-1.923558,52.306357,On or near Beoley Road East,E01032262,Redditch 004D,Public order,Unable to prosecute suspect,
bb9d83be3acaa5f3324c3bf91c5c4f50943f1f7c01741fef4e553a7c7a53f055,2015-04,West Mercia Police,West Mercia Police,-1.927061,52.307735,On or near Huins Close,E01032262,Redditch 004D,Violence and sexual offences,Court result unavailable,
5b45d2d997d545b480bbac0023e12fe90879d1a85720d9a3d417e24e9a6ad5e5,2015-04,West Mercia Police,West Mercia Police,-1.930935,52.306326,On or near Grange Road,E01032262,Redditch 004D,Violence and sexual offences,Unable to prosecute suspect,
88c165027262d436cd6a9f098f2a79df3f6cfb621962e540e52c6c1df5c8f85e,2015-04,West Mercia Police,West Mercia Police,-1.930935,52.306326,On or near Grange Road,E01032262,Redditch 004D,Violence and sexual offences,Offender given community sentence,
a4696b5493678d79089b771ec68918cfe148c2e2dbbbb62d9593c5a9a9dbea35,2015-04,West Mercia Police,West Mercia Police,-1.930935,52.306326,On or near Grange Road,E01032262,Redditch 004D,Violence and sexual offences,Unable to prosecute suspect,
25980de16f401944b96fefb1e6a1decf1d068c18c97b7bde76b615e6c09e366f,2015-04,West Mercia Police,West Mercia Police,-1.930907,52.305858,On or near Beoley Road West,E01032262,Redditch 004D,Violence and sexual offences,Court result unavailable,
cff53f89d17cb26ef22519162fe4ea11e96f801c24830ccd7afb53a99b56b7d1,2015-04,West Mercia Police,West Mercia Police,-1.923558,52.306357,On or near Beoley Road East,E01032262,Redditch 004D,Violence and sexual offences,Court result unavailable,
62a890496711ff3e74ec9e545743b4e6a0540098ce576a80bad5db4c68066ad1,2015-04,West Mercia Police,West Mercia Police,-1.923558,52.306357,On or near Beoley Road East,E01032262,Redditch 004D,Violence and sexual offences,Unable to prosecute suspect,
41a0f781c21c2e0bd053a0c5401e344ceed88e93700fdf6c82620f3adb1b9d06,2015-04,West Mercia Police,West Mercia Police,-1.931507,52.306695,On or near St Georges Road,E01032262,Redditch 004D,Other crime,Offender given a caution,
,2015-04,West Mercia Police,West Mercia Police,-1.882982,52.309758,On or near Kingham Close,E01032273,Redditch 005A,Anti-social behaviour,,
c225baaab3dde78a9cad110f64c0476c9dc7aae9124d0fd75094d8fbd09b7420,2015-04,West Mercia Police,West Mercia Police,-1.882144,52.304921,On or near Jays Close,E01032273,Redditch 005A,Burglary,Investigation complete; no suspect identified,
cb7b03c40e0db87cc737854f9854b5d387798d181bb992a82d017c60551e2a69,2015-04,West Mercia Police,West Mercia Police,-1.882144,52.304921,On or near Jays Close,E01032273,Redditch 005A,Burglary,Investigation complete; no suspect identified,
51fd699e3f2fdfcb0002b402c2a0b83b82c5e220335f478d86c16966cca6864b,2015-04,West Mercia Police,West Mercia Police,-1.879310,52.305961,On or near Flaxley Close,E01032273,Redditch 005A,Other theft,Investigation complete; no suspect identified,
,2015-04,West Mercia Police,West Mercia Police,-1.894314,52.306173,On or near Ibstock Close,E01032275,Redditch 005B,Anti-social behaviour,,
,2015-04,West Mercia Police,West Mercia Police,-1.892865,52.304823,On or near Lilleshall Close,E01032275,Redditch 005B,Anti-social behaviour,,
,2015-04,West Mercia Police,West Mercia Police,-1.895665,52.305365,On or near Winyates Way,E01032275,Redditch 005B,Anti-social behaviour,,
,2015-04,West Mercia Police,West Mercia Police,-1.892237,52.309560,On or near Oxleasow Road,E01032275,Redditch 005B,Anti-social behaviour,,
,2015-04,West Mercia Police,West Mercia Police,-1.896487,52.304745,On or near Lingen Close,E01032275,Redditch 005B,Anti-social behaviour,,
1474142044c4c23f32833d9002496f1e48d88175cc063ea0a4d43ce5950fe87c,2015-04,West Mercia Police,West Mercia Police,-1.895665,52.305365,On or near Winyates Way,E01032275,Redditch 005B,Criminal damage and arson,Investigation complete; no suspect identified,
fc64800b9e54c0e8c383a173b766db14d5e15edc7063c46b985ef269a0b36389,2015-04,West Mercia Police,West Mercia Police,-1.892865,52.304823,On or near Lilleshall Close,E01032275,Redditch 005B,Criminal damage and arson,Investigation complete; no suspect identified,
66370ca00e1dcd248dc9af2ce3b34a6a8fe3060475c5b70e6d0b870b050afed8,2015-04,West Mercia Police,West Mercia Police,-1.892865,52.304823,On or near Lilleshall Close,E01032275,Redditch 005B,Violence and sexual offences,Investigation complete; no suspect identified,
,2015-04,West Mercia Police,West Mercia Police,-1.886103,52.299377,On or near Linton Mews,E01032277,Redditch 005C,Anti-social behaviour,,
,2015-04,West Mercia Police,West Mercia Police,-1.890745,52.301980,On or near Winslow Close,E01032277,Redditch 005C,Anti-social behaviour,,
,2015-04,West Mercia Police,West Mercia Police,-1.892402,52.302197,On or near Leysters Close,E01032277,Redditch 005C,Anti-social behaviour,,
ab9dc3f6d5d3dda9bde6593505dee533acda2652f37404c97ba3dae028f6f324,2015-04,West Mercia Police,West Mercia Police,-1.890745,52.301980,On or near Winslow Close,E01032277,Redditch 005C,Burglary,Under investigation,
8eaae6eeaea33038f98a360043d3cf2d6f7bb0674625bf9ef575a6eab0908d79,2015-04,West Mercia Police,West Mercia Police,-1.890745,52.301980,On or near Winslow Close,E01032277,Redditch 005C,Criminal damage and arson,Court result unavailable,
ae2845898167eee35c3a03b2c107e4f146c7396c802a94ff0d6f1a0f9dc662d6,2015-04,West Mercia Police,West Mercia Police,-1.890745,52.301980,On or near Winslow Close,E01032277,Redditch 005C,Criminal damage and arson,Court result unavailable,
06ba7e5759b849c2ce7d4dfb4e02829111ca67d0773cad10ae97d95f18161048,2015-04,West Mercia Police,West Mercia Police,-1.887934,52.300080,On or near Linton Close,E01032277,Redditch 005C,Criminal damage and arson,Investigation complete; no suspect identified,
e456cc040a816333901c3a718b7c7e938547b59bb9d4a14e4a43558eb4bbdf9d,2015-04,West Mercia Police,West Mercia Police,-1.890745,52.301980,On or near Winslow Close,E01032277,Redditch 005C,Violence and sexual offences,Court result unavailable,
5c01a98ed3e73225136426a9a7e4cf6d57a4f199961f45ca9d2a06255f16bb25,2015-04,West Mercia Police,West Mercia Police,-1.892402,52.302197,On or near Leysters Close,E01032277,Redditch 005C,Violence and sexual offences,Local resolution,
555eaa253f34a74a55f65682ab61e4b467611ef8021dcba693a4b5da66355a0a,2015-04,West Mercia Police,West Mercia Police,-1.891606,52.303896,On or near Shawbury Close,E01032277,Redditch 005C,Violence and sexual offences,Unable to prosecute suspect,
6ea65475130f70e1ed7867bd9dce77654b56f769b18a51a41cdb754278a3320d,2015-04,West Mercia Police,West Mercia Police,-1.891606,52.303896,On or near Shawbury Close,E01032277,Redditch 005C,Violence and sexual offences,Investigation complete; no suspect identified,
,2015-04,West Mercia Police,West Mercia Police,-1.894224,52.300689,On or near Holy Oaks Close,E01032278,Redditch 005D,Anti-social behaviour,,
,2015-04,West Mercia Police,West Mercia Police,-1.897859,52.301438,On or near Thruxton Close,E01032278,Redditch 005D,Anti-social behaviour,,
97824dc404c154ed2f61a9f28b03d621d05458c362e6d4175a8651986255af3c,2015-04,West Mercia Police,West Mercia Police,-1.897941,52.304036,On or near Fownhope Close,E01032278,Redditch 005D,Criminal damage and arson,Investigation complete; no suspect identified,
e124bc3e71cb687e11e030979d694cd496878d4344445fb786b6ce57122fc581,2015-04,West Mercia Police,West Mercia Police,-1.897666,52.302436,On or near Winforton Close,E01032278,Redditch 005D,Other theft,Investigation complete; no suspect identified,
8d83572a2270001dc682a7219fc3245cfe2bbed2e079c7cf6dfe0c74376980a8,2015-04,West Mercia Police,West Mercia Police,-1.897941,52.304036,On or near Fownhope Close,E01032278,Redditch 005D,Public order,Court result unavailable,
223e6210e1ca00c960a73ece43f5ed8798e5ba251075aedb2ba41fade307e0de,2015-04,West Mercia Police,West Mercia Police,-1.897666,52.302436,On or near Winforton Close,E01032278,Redditch 005D,Violence and sexual offences,Unable to prosecute suspect,
0bd41ba77eb914b22e286b8ceae5aabb5d0f73a102c8a35420c2ba023e1b600c,2015-04,West Mercia Police,West Mercia Police,-1.893237,52.302621,On or near Treville Close,E01032278,Redditch 005D,Violence and sexual offences,Unable to prosecute suspect,
c13085eacb77d0e89d583abedf9fa0fbae3d8fb9251def8e8e276969184842db,2015-04,West Mercia Police,West Mercia Police,-1.894224,52.300689,On or near Holy Oaks Close,E01032278,Redditch 005D,Violence and sexual offences,Offender given community sentence,
46d226001dfcbf1c29bb74f57018041b6b577fd6ab291f8d76997f0c4822f02c,2015-04,West Mercia Police,West Mercia Police,-1.893237,52.302621,On or near Treville Close,E01032278,Redditch 005D,Violence and sexual offences,Defendant found not guilty,
,2015-04,West Mercia Police,West Mercia Police,-1.944467,52.298907,On or near Mount Pleasant,E01032236,Redditch 006A,Anti-social behaviour,,
,2015-04,West Mercia Police,West Mercia Police,-1.932086,52.302020,On or near Britannia Close,E01032236,Redditch 006A,Anti-social behaviour,,
,2015-04,West Mercia Police,West Mercia Police,-1.945402,52.301442,On or near Salop Road,E01032236,Redditch 006A,Anti-social behaviour,,
da8f50df262217e4ae5e2dd50849725551c4d342aa4421dec0b735a9f9265f59,2015-04,West Mercia Police,West Mercia Police,-1.946793,52.303502,On or near Cemetery Road,E01032236,Redditch 006A,Burglary,Investigation complete; no suspect identified,
f898a756ecbc7c18b1e1eb3d6c2ee8c0d6dbef350a314208a965839f3e679f93,2015-04,West Mercia Police,West Mercia Police,-1.947188,52.304446,On or near Vicarage View,E01032236,Redditch 006A,Criminal damage and arson,Investigation complete; no suspect identified,
2d02796d54a055afb6f19fbf8e14c951436ec5be19d36ef65d6b00083d1e219f,2015-04,West Mercia Police,West Mercia Police,-1.932086,52.302020,On or near Britannia Close,E01032236,Redditch 006A,Drugs,Court result unavailable,
1bb0466ed7169e18a704fe03e31aedc68b980a675031f38d33ed3f94a1e662ba,2015-04,West Mercia Police,West Mercia Police,-1.935036,52.299927,On or near Nailsworth Road,E01032236,Redditch 006A,Shoplifting,Court result unavailable,
77416bc009463184f51591b41fd6baa69cc37fee3159397eedf3895e192a2f90,2015-04,West Mercia Police,West Mercia Police,-1.935036,52.299927,On or near Nailsworth Road,E01032236,Redditch 006A,Vehicle crime,Investigation complete; no suspect identified,
e02c4137de9a382874c28744938113264fdef22f8669305491e39edaa654e5f7,2015-04,West Mercia Police,West Mercia Police,-1.942693,52.298645,On or near Hillside,E01032236,Redditch 006A,Violence and sexual offences,Unable to prosecute suspect,
,2015-04,West Mercia Police,West Mercia Police,-1.944454,52.297369,On or near Petrol Station,E01032237,Redditch 006B,Anti-social behaviour,,
11ea4ed005bff5023e0c5cb650f3e192f3e3d3114cb25b5518f57e72f622ceda,2015-04,West Mercia Police,West Mercia Police,-1.945964,52.297658,On or near Tilehouse,E01032237,Redditch 006B,Burglary,Investigation complete; no suspect identified,
5213a0aac54fd61d0865c125d786f9c575e4754ea99960773316ff7111096c9a,2015-04,West Mercia Police,West Mercia Police,-1.947559,52.300751,On or near Plymouth Road,E01032237,Redditch 006B,Criminal damage and arson,Investigation complete; no suspect identified,
48840a8e895c5854bf3a53a9608e17bc087887df639a60898fd5e821842cb53e,2015-04,West Mercia Police,West Mercia Police,-1.937819,52.292296,On or near Bromsgrove Highway,E01032237,Redditch 006B,Other theft,Investigation complete; no suspect identified,
f0329036e5a8ef6bb5f677e5dcc3172733c67a9fd9ea95c8fc1f1ee1817ab0d1,2015-04,West Mercia Police,West Mercia Police,-1.937819,52.292296,On or near Bromsgrove Highway,E01032237,Redditch 006B,Shoplifting,Unable to prosecute suspect,
5abf61bd760d90fa76ab4fbe1f0bd99ea8ba9950b3ae2a5a27104f36dea12b0a,2015-04,West Mercia Police,West Mercia Police,-1.937819,52.292296,On or near Bromsgrove Highway,E01032237,Redditch 006B,Shoplifting,Investigation complete; no suspect identified,
4384ea1b5e5326b6f0028bf98f804c566cafafa906436ac787e3b1d839777aab,2015-04,West Mercia Police,West Mercia Police,-1.944617,52.295895,On or near Southcrest Gardens,E01032237,Redditch 006B,Vehicle crime,Investigation complete; no suspect identified,
ca33ec5874d6ebfae529834dc6bc273d9587e1949d7dcb08aa84345c88d3a288,2015-04,West Mercia Police,West Mercia Police,-1.937819,52.292296,On or near Bromsgrove Highway,E01032237,Redditch 006B,Vehicle crime,Investigation complete; no suspect identified,
1c507e44b2afd574534a05e3696b44f745f11b0139aa2e94d0e12a670a450cbe,2015-04,West Mercia Police,West Mercia Police,-1.945964,52.297658,On or near Tilehouse,E01032237,Redditch 006B,Violence and sexual offences,Investigation complete; no suspect identified,
f0bfaeeffe58d938e693486407bbd7555c90f2d1b6411b47089ce9a38eb54b3b,2015-04,West Mercia Police,West Mercia Police,-1.938158,52.291100,On or near Bromsgrove Highway,E01032237,Redditch 006B,Violence and sexual offences,Court result unavailable,
9aed636ad52afb054c8265336ed545b5181d06082d3005f0e907ab0f86f39565,2015-04,West Mercia Police,West Mercia Police,-1.937819,52.292296,On or near Bromsgrove Highway,E01032237,Redditch 006B,Violence and sexual offences,Unable to prosecute suspect,
,2015-04,West Mercia Police,West Mercia Police,-1.952055,52.305734,On or near Lowans Hill View,E01032238,Redditch 006C,Anti-social behaviour,,
,2015-04,West Mercia Police,West Mercia Police,-1.952055,52.305734,On or near Lowans Hill View,E01032238,Redditch 006C,Anti-social behaviour,,
,2015-04,West Mercia Police,West Mercia Police,-1.952055,52.305734,On or near Lowans Hill View,E01032238,Redditch 006C,Anti-social behaviour,,
,2015-04,West Mercia Police,West Mercia Police,-1.952731,52.304700,On or near Coppice Close,E01032238,Redditch 006C,Anti-social behaviour,,
,2015-04,West Mercia Police,West Mercia Police,-1.952055,52.305734,On or near Lowans Hill View,E01032238,Redditch 006C,Anti-social behaviour,,
,2015-04,West Mercia Police,West Mercia Police,-1.942673,52.302772,On or near Ludlow Road,E01032238,Redditch 006C,Anti-social behaviour,,
,2015-04,West Mercia Police,West Mercia Police,-1.952055,52.305734,On or near Lowans Hill View,E01032238,Redditch 006C,Anti-social behaviour,,
9ba9d4c83c8df476392e51d1fcb30d8fb5718c12622bf5a8103a7d44aea0030a,2015-04,West Mercia Police,West Mercia Police,-1.947478,52.306721,On or near Britten Street,E01032238,Redditch 006C,Burglary,Investigation complete; no suspect identified,
ef21e041e37919d4b61fcef19f114ec9d3cdd9f6f6f3d6a649c803afbca7f3af,2015-04,West Mercia Police,West Mercia Police,-1.947478,52.306721,On or near Britten Street,E01032238,Redditch 006C,Burglary,Investigation complete; no suspect identified,
fe07add5012d5328b9eb4b369cb35f9d59c7085c8f07fc1bfb028fd085643cf2,2015-04,West Mercia Police,West Mercia Police,-1.947478,52.306721,On or near Britten Street,E01032238,Redditch 006C,Burglary,Investigation complete; no suspect identified,
cdf86535afe683211fd9bfe3b57897cc952f12f3494eb345902f83cfa4928037,2015-04,West Mercia Police,West Mercia Police,-1.947478,52.306721,On or near Britten Street,E01032238,Redditch 006C,Burglary,Investigation complete; no suspect identified,
2f934a793deab1e41b2f95243ef05cda66bb7f544e8e510b65c57a22bea9c5b0,2015-04,West Mercia Police,West Mercia Police,-1.947478,52.306721,On or near Britten Street,E01032238,Redditch 006C,Burglary,Investigation complete; no suspect identified,
d1550b151ef78973eddabf785ceaaa68543d26b6e01a042a88eaa9aa63ab072f,2015-04,West Mercia Police,West Mercia Police,-1.947478,52.306721,On or near Britten Street,E01032238,Redditch 006C,Burglary,Investigation complete; no suspect identified,
5df79e2b25022ab916a684e7414db2587097ca32ed904fb29fe3d8a3ee13217b,2015-04,West Mercia Police,West Mercia Police,-1.947478,52.306721,On or near Britten Street,E01032238,Redditch 006C,Burglary,Investigation complete; no suspect identified,
9a06e3f71086e838d7b425c1f46ced3446b6faf6aa4e277f3289621ab1a96e70,2015-04,West Mercia Police,West Mercia Police,-1.950458,52.304861,On or near Holmwood Drive,E01032238,Redditch 006C,Drugs,Offender given a drugs possession warning,
e89023f70d6c52c300ccb160aa68ba6066d2d753cca3b2e4d6be0de2ec23d862,2015-04,West Mercia Police,West Mercia Police,-1.942673,52.302772,On or near Ludlow Road,E01032238,Redditch 006C,Other theft,Unable to prosecute suspect,
8c1acb9cf59c4bb44c9ec441db044c01cd4c8775eefad3821610220835911bf4,2015-04,West Mercia Police,West Mercia Police,-1.946351,52.305363,On or near Prophets Close,E01032238,Redditch 006C,Possession of weapons,Unable to prosecute suspect,
a14f3ad80742642692b5e75f8e337551c0145ff05b9d3adb92ed24c093218c70,2015-04,West Mercia Police,West Mercia Police,-1.942673,52.302772,On or near Ludlow Road,E01032238,Redditch 006C,Public order,Court result unavailable,
ad5df5f7e25aee5b1747f6fe63c4fed4c32e83b61001e749a06ba8d439a83a23,2015-04,West Mercia Police,West Mercia Police,-1.950458,52.304861,On or near Holmwood Drive,E01032238,Redditch 006C,Vehicle crime,Investigation complete; no suspect identified,
4723c0ba7248caad2da750b124cf621b80c300e5e8e65024089e579a4877fda4,2015-04,West Mercia Police,West Mercia Police,-1.942673,52.302772,On or near Ludlow Road,E01032238,Redditch 006C,Violence and sexual offences,Unable to prosecute suspect,
54baaf4bb21bf218078600fa88690a7d0847db224e282d0a807cb5cf96d1f139,2015-04,West Mercia Police,West Mercia Police,-1.952039,52.307505,On or near Sports/Recreation Area,E01032238,Redditch 006C,Violence and sexual offences,Unable to prosecute suspect,
,2015-04,West Mercia Police,West Mercia Police,-1.928825,52.296309,On or near Lodge Pool Drive,E01032264,Redditch 006D,Anti-social behaviour,,
,2015-04,West Mercia Police,West Mercia Police,-1.931391,52.296113,On or near Chaddesley Close,E01032264,Redditch 006D,Anti-social behaviour,,
,2015-04,West Mercia Police,West Mercia Police,-1.931391,52.296113,On or near Chaddesley Close,E01032264,Redditch 006D,Anti-social behaviour,,
,2015-04,West Mercia Police,West Mercia Police,-1.927487,52.298214,On or near Crabtree Close,E01032264,Redditch 006D,Anti-social behaviour,,
c6b023d23ec3738d4b6aa64870954e30454c92b6895c64871d12f1d98a60bc78,2015-04,West Mercia Police,West Mercia Police,-1.931976,52.296815,On or near Belbroughton Close,E01032264,Redditch 006D,Criminal damage and arson,Unable to prosecute suspect,
ff01b7937d0b02b889bf5d6ae4eede9802e5131bf4fcaca14f3a83cc93a67203,2015-04,West Mercia Police,West Mercia Police,-1.928825,52.296309,On or near Lodge Pool Drive,E01032264,Redditch 006D,Criminal damage and arson,Investigation complete; no suspect identified,
8458457e483693f8baaf7a74a87bf4fff06be1653e97331808ac73d65a91404a,2015-04,West Mercia Police,West Mercia Police,-1.928825,52.296309,On or near Lodge Pool Drive,E01032264,Redditch 006D,Other theft,Investigation complete; no suspect identified,
f9d1fb4b450591a76f0b5771c33df0fb0d1d16a8cf90e1f0e76505db1befc39a,2015-04,West Mercia Police,West Mercia Police,-1.931070,52.294881,On or near Flyford Close,E01032264,Redditch 006D,Public order,Unable to prosecute suspect,
049e15864acf93733e9ae2ceb3de311ed473a478c86fd03d02af5cfa5bc9781d,2015-04,West Mercia Police,West Mercia Police,-1.928825,52.296309,On or near Lodge Pool Drive,E01032264,Redditch 006D,Violence and sexual offences,Unable to prosecute suspect,
5a7a93123a44ef1cfc5888e6b49bde655a621c1e2fad54aaba6f2fb80b6ca005,2015-04,West Mercia Police,West Mercia Police,-1.932799,52.295907,On or near Aldington Close,E01032264,Redditch 006D,Violence and sexual offences,Unable to prosecute suspect,
,2015-04,West Mercia Police,West Mercia Police,-1.925194,52.292801,On or near Oakenshaw Road,E01032255,Redditch 007A,Anti-social behaviour,,
5234eaab5d37ba73f5c0a2b5061c7980719292709f6fac07944721d2e39a590c,2015-04,West Mercia Police,West Mercia Police,-1.921454,52.293715,On or near Greenlands Avenue,E01032255,Redditch 007A,Burglary,Unable to prosecute suspect,
f3b14442081456a192dede31981cd2ad5e85611f3d649a1897114a3968062085,2015-04,West Mercia Police,West Mercia Police,-1.925194,52.292801,On or near Oakenshaw Road,E01032255,Redditch 007A,Criminal damage and arson,Investigation complete; no suspect identified,
317138662af1af0ce98345bd8ed60575139065ca1647e415387049a8ea172690,2015-04,West Mercia Police,West Mercia Police,-1.922966,52.292682,On or near Greenlands Avenue,E01032255,Redditch 007A,Criminal damage and arson,Investigation complete; no suspect identified,
849aa0d255cf5ed0a35b936b9e24fa1a69ab45e202486ff046917650455c0a66,2015-04,West Mercia Police,West Mercia Police,-1.925194,52.292801,On or near Oakenshaw Road,E01032255,Redditch 007A,Criminal damage and arson,Investigation complete; no suspect identified,
ff71485ee3df39f77ab157bbf9538a40e022b00f0e6875ba7649aea18e82a3af,2015-04,West Mercia Police,West Mercia Police,-1.921454,52.293715,On or near Greenlands Avenue,E01032255,Redditch 007A,Public order,Local resolution,
486a028c37a9a69959870792a87d64ddebd20959e4c7fd909d277ec0840c68df,2015-04,West Mercia Police,West Mercia Police,-1.919326,52.294676,On or near Hoveton Close,E01032255,Redditch 007A,Vehicle crime,Investigation complete; no suspect identified,
f7d2377aec3b6aaf946690eaee50f6996b57a4a16f6a2020f4fae1fd8b9eb2f4,2015-04,West Mercia Police,West Mercia Police,-1.922966,52.292682,On or near Greenlands Avenue,E01032255,Redditch 007A,Vehicle crime,Unable to prosecute suspect,
077dd7a28df193e45ab64d26a43abb651eb1b0ff4b18bd2579878b41d6e3cf4b,2015-04,West Mercia Police,West Mercia Police,-1.920417,52.291063,On or near Auxerre Avenue,E01032255,Redditch 007A,Vehicle crime,Investigation complete; no suspect identified,
a79a51cbc865708941d8f0c94953811c0501a5ef59da97f00d00fa7d9d7a45e8,2015-04,West Mercia Police,West Mercia Police,-1.925204,52.295435,On or near Warwick Highway,E01032255,Redditch 007A,Vehicle crime,Investigation complete; no suspect identified,
7171dab62e095d6282308273f8786d655153054593c8107e722dd85eb03df7ad,2015-04,West Mercia Police,West Mercia Police,-1.925194,52.292801,On or near Oakenshaw Road,E01032255,Redditch 007A,Violence and sexual offences,Unable to prosecute suspect,
,2015-04,West Mercia Police,West Mercia Police,-1.928802,52.301335,On or near Battens Close,E01032263,Redditch 007B,Anti-social behaviour,,
,2015-04,West Mercia Police,West Mercia Police,-1.919131,52.297139,On or near Watery Lane,E01032263,Redditch 007B,Anti-social behaviour,,
,2015-04,West Mercia Police,West Mercia Police,-1.925266,52.302600,On or near Holloway Park,E01032263,Redditch 007B,Anti-social behaviour,,
,2015-04,West Mercia Police,West Mercia Police,-1.919646,52.296186,On or near Sports/Recreation Area,E01032263,Redditch 007B,Anti-social behaviour,,
,2015-04,West Mercia Police,West Mercia Police,-1.927499,52.300138,On or near Winyate Hill,E01032263,Redditch 007B,Anti-social behaviour,,
,2015-04,West Mercia Police,West Mercia Police,-1.925074,52.303148,On or near Farm Road,E01032263,Redditch 007B,Anti-social behaviour,,
,2015-04,West Mercia Police,West Mercia Police,-1.919646,52.296186,On or near Sports/Recreation Area,E01032263,Redditch 007B,Anti-social behaviour,,
,2015-04,West Mercia Police,West Mercia Police,-1.925266,52.302600,On or near Holloway Park,E01032263,Redditch 007B,Anti-social behaviour,,
5250e75b4bd3d96ed96fdaf81d98388dd6165cdb092acd86095b73bbd0fe92dc,2015-04,West Mercia Police,West Mercia Police,-1.927499,52.300138,On or near Winyate Hill,E01032263,Redditch 007B,Burglary,Investigation complete; no suspect identified,
d3e75c363c0bbf68f1b97668827c0a561371bb427b014c784f79b82d9b1537b0,2015-04,West Mercia Police,West Mercia Police,-1.922154,52.303776,On or near Arthur Street,E01032263,Redditch 007B,Burglary,Investigation complete; no suspect identified,
1390562cbb154a411e3f1b55907f894b234d0a2b00f6bbd77a0975f740e61b8a,2015-04,West Mercia Police,West Mercia Police,-1.925266,52.302600,On or near Holloway Park,E01032263,Redditch 007B,Criminal damage and arson,Investigation complete; no suspect identified,
696a70148c49a28842ea2b11b72158e846a902cb803b98b17f079165b2d4675f,2015-04,West Mercia Police,West Mercia Police,-1.925266,52.302600,On or near Holloway Park,E01032263,Redditch 007B,Criminal damage and arson,Unable to prosecute suspect,
52e64f419d01d66ede94a01652e59a5ef30a32e02f0dd5ae1b1f4156a1f8327d,2015-04,West Mercia Police,West Mercia Police,-1.925266,52.302600,On or near Holloway Park,E01032263,Redditch 007B,Criminal damage and arson,Investigation complete; no suspect identified,
81879c0b190c234e29a5a207caabfde643966d47184c53e296e9a751ff065b24,2015-04,West Mercia Police,West Mercia Police,-1.925266,52.302600,On or near Holloway Park,E01032263,Redditch 007B,Criminal damage and arson,Investigation complete; no suspect identified,
6395ba75cac9a33a85c9eee3eb60e98b652bcf8574d88f2cafb88f368dd198a8,2015-04,West Mercia Police,West Mercia Police,-1.927324,52.299203,On or near Barlich Way,E01032263,Redditch 007B,Other theft,Investigation complete; no suspect identified,
c04f110136b721e8ede068856efc9e01b22f66bd4533549f3ce8e5d9cdd4e232,2015-04,West Mercia Police,West Mercia Police,-1.925074,52.303148,On or near Farm Road,E01032263,Redditch 007B,Other theft,Investigation complete; no suspect identified,
6d74f700e214027ab0ea4cadd8f2f656ea2a57a539b4ae1a0ee1bba3599b6ac1,2015-04,West Mercia Police,West Mercia Police,-1.924875,52.299292,On or near Supermarket,E01032263,Redditch 007B,Other theft,Investigation complete; no suspect identified,
7c42d811e434375e85d92c3a88abd70c18e9d0d4fbf40954a9b6605430568dfd,2015-04,West Mercia Police,West Mercia Police,-1.915180,52.300202,On or near Pedestrian Subway,E01032263,Redditch 007B,Violence and sexual offences,Unable to prosecute suspect,
,2015-04,West Mercia Police,West Mercia Police,-1.896419,52.296186,On or near Parking Area,E01032266,Redditch 007C,Anti-social behaviour,,
,2015-04,West Mercia Police,West Mercia Police,-1.897991,52.294830,On or near Oxhill Close,E01032266,Redditch 007C,Anti-social behaviour,,
,2015-04,West Mercia Police,West Mercia Police,-1.896419,52.296186,On or near Parking Area,E01032266,Redditch 007C,Anti-social behaviour,,
,2015-04,West Mercia Police,West Mercia Police,-1.896419,52.296186,On or near Parking Area,E01032266,Redditch 007C,Anti-social behaviour,,
,2015-04,West Mercia Police,West Mercia Police,-1.896419,52.296186,On or near Parking Area,E01032266,Redditch 007C,Anti-social behaviour,,
,2015-04,West Mercia Police,West Mercia Police,-1.896656,52.295243,On or near Parking Area,E01032266,Redditch 007C,Anti-social behaviour,,
,2015-04,West Mercia Police,West Mercia Police,-1.896656,52.295243,On or near Parking Area,E01032266,Redditch 007C,Anti-social behaviour,,
,2015-04,West Mercia Police,West Mercia Police,-1.896419,52.296186,On or near Parking Area,E01032266,Redditch 007C,Anti-social behaviour,,
,2015-04,West Mercia Police,West Mercia Police,-1.906957,52.298874,On or near Alveston Close,E01032266,Redditch 007C,Anti-social behaviour,,
,2015-04,West Mercia Police,West Mercia Police,-1.896656,52.295243,On or near Parking Area,E01032266,Redditch 007C,Anti-social behaviour,,
,2015-04,West Mercia Police,West Mercia Police,-1.902099,52.293692,On or near Morsefield Lane,E01032266,Redditch 007C,Anti-social behaviour,,
,2015-04,West Mercia Police,West Mercia Police,-1.896419,52.296186,On or near Parking Area,E01032266,Redditch 007C,Anti-social behaviour,,
,2015-04,West Mercia Police,West Mercia Police,-1.896419,52.296186,On or near Parking Area,E01032266,Redditch 007C,Anti-social behaviour,,
,2015-04,West Mercia Police,West Mercia Police,-1.896419,52.296186,On or near Parking Area,E01032266,Redditch 007C,Anti-social behaviour,,
32ab11923fbd37770e7449db35aa5d786db1b2e6e41906cbfde3fd4d54b7b79c,2015-04,West Mercia Police,West Mercia Police,-1.901183,52.296910,On or near Tysoe Close,E01032266,Redditch 007C,Vehicle crime,Investigation complete; no suspect identified,
231ad2cf626f26c19df4b2f49081b32f91cc4826e7620eef55c68b4caddb0e83,2015-04,West Mercia Police,West Mercia Police,-1.897991,52.294830,On or near Oxhill Close,E01032266,Redditch 007C,Violence and sexual offences,Court result unavailable,
,2015-04,West Mercia Police,West Mercia Police,-1.899180,52.300837,On or near Sutton Close,E01032274,Redditch 007D,Anti-social behaviour,,
,2015-04,West Mercia Police,West Mercia Police,-1.905677,52.307405,On or near Parking Area,E01032274,Redditch 007D,Anti-social behaviour,,
,2015-04,West Mercia Police,West Mercia Police,-1.899440,52.302725,On or near Dolben Lane,E01032274,Redditch 007D,Anti-social behaviour,,
,2015-04,West Mercia Police,West Mercia Police,-1.902852,52.304796,On or near Badger Close,E01032274,Redditch 007D,Anti-social behaviour,,
,2015-04,West Mercia Police,West Mercia Police,-1.898894,52.304289,On or near Pedestrian Subway,E01032274,Redditch 007D,Anti-social behaviour,,
,2015-04,West Mercia Police,West Mercia Police,-1.909285,52.307543,On or near Parking Area,E01032274,Redditch 007D,Anti-social behaviour,,
,2015-04,West Mercia Police,West Mercia Police,-1.899180,52.300837,On or near Sutton Close,E01032274,Redditch 007D,Anti-social behaviour,,
,2015-04,West Mercia Police,West Mercia Police,-1.909285,52.307543,On or near Parking Area,E01032274,Redditch 007D,Anti-social behaviour,,
,2015-04,West Mercia Police,West Mercia Police,-1.909285,52.307543,On or near Parking Area,E01032274,Redditch 007D,Anti-social behaviour,,
cd6c7755d592b39a4168ed79491b87b33dbbe16dac1bb707f6bbf0f63074e881,2015-04,West Mercia Police,West Mercia Police,-1.905677,52.307405,On or near Parking Area,E01032274,Redditch 007D,Burglary,Investigation complete; no suspect identified,
95d7c26f59708746fef75b632d8505dc677ad406596982277b1d6f2e73a08fd4,2015-04,West Mercia Police,West Mercia Police,-1.907303,52.301688,On or near Supermarket,E01032274,Redditch 007D,Other theft,Court result unavailable,
78f6bf0cad986cd40f842a0071760e4805269ae37e87165a3fe35d0b130e3dc5,2015-04,West Mercia Police,West Mercia Police,-1.907303,52.301688,On or near Supermarket,E01032274,Redditch 007D,Other theft,Investigation complete; no suspect identified,
f66182010f597bf099fcec2bd7dd05526204375a79656b1320603d9eb9360669,2015-04,West Mercia Police,West Mercia Police,-1.907303,52.301688,On or near Supermarket,E01032274,Redditch 007D,Other theft,Investigation complete; no suspect identified,
adcf00c40b12a49bef60c451327a54ba46ed885d4d9f54a9bde98829bf738db3,2015-04,West Mercia Police,West Mercia Police,-1.907303,52.301688,On or near Supermarket,E01032274,Redditch 007D,Other theft,Investigation complete; no suspect identified,
10163c6d2b075e526975a530fe131a1900036a0d576dc8fe440772c0c37aa332,2015-04,West Mercia Police,West Mercia Police,-1.902852,52.304796,On or near Badger Close,E01032274,Redditch 007D,Public order,Defendant found not guilty,
e8f884066eafa469743b32e3daf634cdd70f7a1c4fa00eeab9a1d17e3e9bdc3c,2015-04,West Mercia Police,West Mercia Police,-1.907303,52.301688,On or near Supermarket,E01032274,Redditch 007D,Theft from the person,Investigation complete; no suspect identified,
3cf82ca64503535154e737b246e4eb2fb6c759531de02614eb62bd21ab5ffb3c,2015-04,West Mercia Police,West Mercia Police,-1.901045,52.306520,On or near Edgmond Close,E01032274,Redditch 007D,Vehicle crime,Investigation complete; no suspect identified,
94d89adf955d9903608985cf90c0f2fe41d6f8dfa5f5db8b0ab06dafe771d2df,2015-04,West Mercia Police,West Mercia Police,-1.907303,52.301688,On or near Supermarket,E01032274,Redditch 007D,Vehicle crime,Investigation complete; no suspect identified,
e76b85cce05de4d39c4c684dcd5805c48f4bc2c1033bd9e501ee6a01bc362b67,2015-04,West Mercia Police,West Mercia Police,-1.901194,52.305361,On or near Dinedor Close,E01032274,Redditch 007D,Vehicle crime,Investigation complete; no suspect identified,
,2015-04,West Mercia Police,West Mercia Police,-1.950941,52.292634,On or near The Meadway,E01032259,Redditch 008A,Anti-social behaviour,,
,2015-04,West Mercia Police,West Mercia Police,-1.953920,52.289552,On or near Scott Road,E01032259,Redditch 008A,Anti-social behaviour,,
7bb83b22b89ad5a86b66ed3bba3a30daf02dac5a0fd424ec2b9de9e2898424cb,2015-04,West Mercia Police,West Mercia Police,-1.953327,52.296196,On or near Plymouth Close,E01032259,Redditch 008A,Violence and sexual offences,Unable to prosecute suspect,
cc53d23a68d1dd87464044b577afec5e81c8059790bef462cfbcbee1c258c34c,2015-04,West Mercia Police,West Mercia Police,-1.953812,52.294856,On or near Charles Street,E01032259,Redditch 008A,Violence and sexual offences,Unable to prosecute suspect,
,2015-04,West Mercia Police,West Mercia Police,-1.969235,52.298250,On or near Lyndenwood,E01032269,Redditch 008B,Anti-social behaviour,,
,2015-04,West Mercia Police,West Mercia Police,-1.969163,52.296515,On or near Heathfield Road,E01032269,Redditch 008B,Anti-social behaviour,,
ccd04c1b8d859c1c676f67ab60fe3478de48fbc4ad78138553850f8636ed9805,2015-04,West Mercia Police,West Mercia Police,-1.969545,52.295032,On or near Blackstitch Lane,E01032269,Redditch 008B,Burglary,Investigation complete; no suspect identified,
ca06fadb32ff4c93dcc50b009f35ebfd8131dbcae07fdc2cac58200b40c048ae,2015-04,West Mercia Police,West Mercia Police,-1.970979,52.298646,On or near Downsell Road,E01032269,Redditch 008B,Other theft,Investigation complete; no suspect identified,
0f7ca21106aae8a79e5009cfd7c175d44b20fbb566b8231e7dfcbac3be6e60aa,2015-04,West Mercia Police,West Mercia Police,-1.969235,52.298250,On or near Lyndenwood,E01032269,Redditch 008B,Public order,Unable to prosecute suspect,
7f3bf75a7847f3b4141ed699b6bdef5bdeb09f8ecad68268c3b21c5e9d466c37,2015-04,West Mercia Police,West Mercia Police,-1.963149,52.298258,On or near Minworth Close,E01032269,Redditch 008B,Vehicle crime,Investigation complete; no suspect identified,
e5369f5211f8ecd6998b6f80838d0fbe9579993d2ce76bd059b5219c5f615c51,2015-04,West Mercia Police,West Mercia Police,-1.965995,52.297099,On or near Coleford Close,E01032269,Redditch 008B,Vehicle crime,Investigation complete; no suspect identified,
97eb4defa4ee6d09bf1318e9927f50123fb5cdc8b12b3c6aef997c377966351f,2015-04,West Mercia Police,West Mercia Police,-1.964162,52.297161,On or near Dunstall Close,E01032269,Redditch 008B,Vehicle crime,Investigation complete; no suspect identified,
b9bf1eac38a5dcaba76528d50725fc7e8f7f30f75884bc7c9b0d8ed1981e0727,2015-04,West Mercia Police,West Mercia Police,-1.969235,52.298250,On or near Lyndenwood,E01032269,Redditch 008B,Violence and sexual offences,Unable to prosecute suspect,
,2015-04,West Mercia Police,West Mercia Police,-1.972913,52.301497,On or near Malfield Avenue,E01032270,Redditch 008C,Anti-social behaviour,,
c4e8b8b88431b8b2cb2111e86b94d909d880ca93664bafe6552fab893f68e68e,2015-04,West Mercia Police,West Mercia Police,-1.973633,52.300095,On or near Tynsall Avenue,E01032270,Redditch 008C,Burglary,Investigation complete; no suspect identified,
4a419e7730a89a25507404dff5f2517cbbb828653a09c5f32dde0291239f506c,2015-04,West Mercia Police,West Mercia Police,-1.977797,52.301768,On or near Supermarket,E01032270,Redditch 008C,Burglary,Court result unavailable,
e1ec1e7a0e54118a25c1d8468cff58de927fed4f5fafc60175a1feff5da60015,2015-04,West Mercia Police,West Mercia Police,-1.978282,52.299628,On or near Shirehampton Close,E01032270,Redditch 008C,Burglary,Investigation complete; no suspect identified,
0f500cdcd4f9f0fcd12c89e50ebd13827a2d1bd48f606b5954af6bfde84099e8,2015-04,West Mercia Police,West Mercia Police,-1.979513,52.299772,On or near Grazing Lane,E01032270,Redditch 008C,Other theft,Investigation complete; no suspect identified,
fa60fc8626fafcbac336c977fb326eb37fd53fe3726b72d61436bf85c7cf49b8,2015-04,West Mercia Police,West Mercia Police,-1.977797,52.301768,On or near Supermarket,E01032270,Redditch 008C,Shoplifting,Investigation complete; no suspect identified,
84e308ab678a6d682a921b13e3a2667df7896f9148d2f92635664c2d50098b60,2015-04,West Mercia Police,West Mercia Police,-1.977797,52.301768,On or near Supermarket,E01032270,Redditch 008C,Shoplifting,Investigation complete; no suspect identified,
1531232cfd1049e387d2a15480cee9fdd90d21d5974cc05dcca081b7aa5cb036,2015-04,West Mercia Police,West Mercia Police,-1.977797,52.301768,On or near Supermarket,E01032270,Redditch 008C,Shoplifting,Investigation complete; no suspect identified,
c730a21e5b62affaa529418100071b0b0edcd18fdd9a711ab8ff1d8e6fef537e,2015-04,West Mercia Police,West Mercia Police,-1.977797,52.301768,On or near Supermarket,E01032270,Redditch 008C,Shoplifting,Investigation complete; no suspect identified,
08b385d2940ff4e4415a65e36f78986a87f60dedcb9cca2cc12dcd976f229fca,2015-04,West Mercia Police,West Mercia Police,-1.973633,52.300095,On or near Tynsall Avenue,E01032270,Redditch 008C,Vehicle crime,Investigation complete; no suspect identified,
230cec2e458d6f5f323d295a5ecb79f0f02101b333bf6f1ba0cc6d0b6680b5b1,2015-04,West Mercia Police,West Mercia Police,-1.972913,52.301497,On or near Malfield Avenue,E01032270,Redditch 008C,Violence and sexual offences,Unable to prosecute suspect,
19e736b339403b1846c552026db45f7833d1344692142a30638e2071068ec162,2015-04,West Mercia Police,West Mercia Police,-1.968230,52.288433,On or near Lower Grinsty Lane,E01032271,Redditch 008D,Drugs,Offender given a caution,
8b6b863281e47bbe3598307583d003e6560219dea69680bbeb4d02f4eb534aaf,2015-04,West Mercia Police,West Mercia Police,-1.968230,52.288433,On or near Lower Grinsty Lane,E01032271,Redditch 008D,Other theft,Investigation complete; no suspect identified,
2c4c6d626c8f5557cc8b4516d0b2c4bc720b8726f52fec41dfceb49655340a5f,2015-04,West Mercia Police,West Mercia Police,-1.957882,52.286083,On or near Parking Area,E01032272,Redditch 008E,Drugs,Offender given a drugs possession warning,
5ec37148e4d4589af9c606fd0dec2471c562fd0b7686e776724f569412c14bf5,2015-04,West Mercia Police,West Mercia Police,-1.963267,52.297440,On or near Lower Common Lane,E01032272,Redditch 008E,Vehicle crime,Investigation complete; no suspect identified,
815ae65514800b081dd00d52869e1492572cfc2acb6fa44431f8d39f193228c0,2015-04,West Mercia Police,West Mercia Police,-1.955777,52.295028,On or near Fordbridge Close,E01032272,Redditch 008E,Violence and sexual offences,Unable to prosecute suspect,
4246008ff0ce00c4f12822dddd4cc5457f6a28e29b449f1147359d9a9b37fb3e,2015-04,West Mercia Police,West Mercia Police,-1.956920,52.295307,On or near Goldthorne Close,E01032272,Redditch 008E,Violence and sexual offences,Unable to prosecute suspect,
,2015-04,West Mercia Police,West Mercia Police,-1.914903,52.276701,On or near Batsford Close,E01032253,Redditch 009A,Anti-social behaviour,,
,2015-04,West Mercia Police,West Mercia Police,-1.911273,52.281302,On or near Hospital,E01032253,Redditch 009A,Anti-social behaviour,,
,2015-04,West Mercia Police,West Mercia Police,-1.907338,52.284733,On or near Petrol Station,E01032253,Redditch 009A,Anti-social behaviour,,
,2015-04,West Mercia Police,West Mercia Police,-1.907338,52.284733,On or near Petrol Station,E01032253,Redditch 009A,Anti-social behaviour,,
,2015-04,West Mercia Police,West Mercia Police,-1.911273,52.281302,On or near Hospital,E01032253,Redditch 009A,Anti-social behaviour,,
,2015-04,West Mercia Police,West Mercia Police,-1.912141,52.279774,On or near Hospital,E01032253,Redditch 009A,Anti-social behaviour,,
ecb005aa7153fc1f85a607a4e63ca54a7f2cf8d5663bb7b5b81639d7cd5e0d31,2015-04,West Mercia Police,West Mercia Police,-1.911948,52.288566,On or near Upper Crossgate Road,E01032253,Redditch 009A,Burglary,Investigation complete; no suspect identified,
bdf93a9a1d648dd3347725a4dccf3472aec381dcd62a0a58c6f6653c6c5b151e,2015-04,West Mercia Police,West Mercia Police,-1.912141,52.279774,On or near Hospital,E01032253,Redditch 009A,Criminal damage and arson,Investigation complete; no suspect identified,
2bb06970c9485217ac0f08d9ddb14af8f3b00a4cb2f472bd75f1edafa6f23ceb,2015-04,West Mercia Police,West Mercia Police,-1.908926,52.289571,On or near Pedestrian Subway,E01032253,Redditch 009A,Drugs,Offender given a drugs possession warning,
7b7867c21f728e88f24eff7ced53290b2db2c427d9f7ddd22e63216abf64c31b,2015-04,West Mercia Police,West Mercia Police,-1.914053,52.284279,On or near Pedestrian Subway,E01032253,Redditch 009A,Other theft,Court result unavailable,
c235cfcc08e7af2d94d1a38dc9ce09ef6262ea110c392ff628afa86bf0c0e932,2015-04,West Mercia Police,West Mercia Police,-1.912141,52.279774,On or near Hospital,E01032253,Redditch 009A,Other theft,Investigation complete; no suspect identified,
86ffec219253f7eddede30b68d140e0f04ecaa6dbf51d886fcf9a86873b44a58,2015-04,West Mercia Police,West Mercia Police,-1.912141,52.279774,On or near Hospital,E01032253,Redditch 009A,Other theft,Investigation complete; no suspect identified,
4312feb6c654f0e765497926901166c1895937f8e6cbf0f8ce09900aeac22470,2015-04,West Mercia Police,West Mercia Police,-1.912141,52.279774,On or near Hospital,E01032253,Redditch 009A,Other theft,Investigation complete; no suspect identified,
4fb06422345558325c63357bcf88116607be0f63ac064677337f4c54614fc582,2015-04,West Mercia Police,West Mercia Police,-1.912141,52.279774,On or near Hospital,E01032253,Redditch 009A,Possession of weapons,Offender given a caution,
b19116226d7596c8a13eb183dce9911a595b528b96b08a259dfdc3aead0353d2,2015-04,West Mercia Police,West Mercia Police,-1.904981,52.283248,On or near Pipers Road,E01032253,Redditch 009A,Public order,Investigation complete; no suspect identified,
44d031834051346ca5a460dd1e790e612c3e7cf3fd67401cb51fe94a47a29387,2015-04,West Mercia Police,West Mercia Police,-1.904981,52.283248,On or near Pipers Road,E01032253,Redditch 009A,Public order,Investigation complete; no suspect identified,
cef7955d513df84c63bff24ee3dd2afa81b98fa6bf9feddb511827380c85d441,2015-04,West Mercia Police,West Mercia Police,-1.904981,52.283248,On or near Pipers Road,E01032253,Redditch 009A,Public order,Investigation complete; no suspect identified,
41a2129cdf0c4de9d8623146609f77e4eae1f5771e80248663f320c8f3fd91c2,2015-04,West Mercia Police,West Mercia Police,-1.904981,52.283248,On or near Pipers Road,E01032253,Redditch 009A,Public order,Investigation complete; no suspect identified,
51c20e6988b8d58d99961f4998fe42036b4c2624923087c674143a1b71f61c9d,2015-04,West Mercia Police,West Mercia Police,-1.907338,52.284733,On or near Petrol Station,E01032253,Redditch 009A,Shoplifting,Court result unavailable,
0bdabf75b246e4dff6e6d3e16352620a06bbcc2955515799cccba8872373d24d,2015-04,West Mercia Police,West Mercia Police,-1.912141,52.279774,On or near Hospital,E01032253,Redditch 009A,Violence and sexual offences,Investigation complete; no suspect identified,
888b87c08209b63783064b18a76a5eb419f4a98ca2ab19e370f577d729fd9dc3,2015-04,West Mercia Police,West Mercia Police,-1.911948,52.288566,On or near Upper Crossgate Road,E01032253,Redditch 009A,Violence and sexual offences,Unable to prosecute suspect,
0fcb9d10b3571ce5bb24fe54b1d6fc42ca44a0a1dce92a11f6c595afa7f06e5f,2015-04,West Mercia Police,West Mercia Police,-1.912141,52.279774,On or near Hospital,E01032253,Redditch 009A,Violence and sexual offences,Unable to prosecute suspect,
f10a94607dbbcaadbc70205960d6b7aafcc3abd17957ac453859c0d4263f98e8,2015-04,West Mercia Police,West Mercia Police,-1.908926,52.289571,On or near Pedestrian Subway,E01032253,Redditch 009A,Violence and sexual offences,Unable to prosecute suspect,
ead20aa941f7eb53ca8c0f1047b6cfe56b23a3a8c9d7c15d470434c3a4f8aa6b,2015-04,West Mercia Police,West Mercia Police,-1.910515,52.286560,On or near Crossgate Road,E01032253,Redditch 009A,Violence and sexual offences,Court result unavailable,
7dcd427ce0698254216a83d6b9c6549d979488851a4455d192efe9ba0ba1a4d7,2015-04,West Mercia Police,West Mercia Police,-1.910515,52.286560,On or near Crossgate Road,E01032253,Redditch 009A,Violence and sexual offences,Unable to prosecute suspect,
,2015-04,West Mercia Police,West Mercia Police,-1.903102,52.291391,On or near Pedestrian Subway,E01032265,Redditch 009B,Anti-social behaviour,,
,2015-04,West Mercia Police,West Mercia Police,-1.899993,52.291658,On or near Drayton Close,E01032265,Redditch 009B,Anti-social behaviour,,
,2015-04,West Mercia Police,West Mercia Police,-1.902009,52.288271,On or near Pedestrian Subway,E01032265,Redditch 009B,Anti-social behaviour,,
fb703c8fe73938aa8183e89f8b8ad57fa72f221c4ce18927acfeab9090b6f3ed,2015-04,West Mercia Police,West Mercia Police,-1.896833,52.288554,On or near Bartleet Road,E01032265,Redditch 009B,Burglary,Investigation complete; no suspect identified,
9d9b07f81316fa7552db3122d718598d2e371abef18cdb5983ccc14787eb74eb,2015-04,West Mercia Police,West Mercia Police,-1.896914,52.291404,On or near Frankton Close,E01032265,Redditch 009B,Criminal damage and arson,Unable to prosecute suspect,
bb2c3202ae62222ca3e5081777dcb227e2b6614da5092d6058f0e7c03ffc6bd0,2015-04,West Mercia Police,West Mercia Police,-1.896914,52.291404,On or near Frankton Close,E01032265,Redditch 009B,Other theft,Unable to prosecute suspect,
c42115b2106b9a62398b5f4ecce969ec74207eac036361371a57c52baf05c076,2015-04,West Mercia Police,West Mercia Police,-1.902009,52.288271,On or near Pedestrian Subway,E01032265,Redditch 009B,Violence and sexual offences,Local resolution,
2db687106e47c9124c7b8a714987b1ffeefbde29793689c85bb2d389c736effc,2015-04,West Mercia Police,West Mercia Police,-1.898864,52.291577,On or near Clifton Close,E01032265,Redditch 009B,Violence and sexual offences,Investigation complete; no suspect identified,
,2015-04,West Mercia Police,West Mercia Police,-1.887959,52.290353,On or near Claybrook Drive,E01032267,Redditch 009C,Anti-social behaviour,,
,2015-04,West Mercia Police,West Mercia Police,-1.889809,52.295218,On or near Dilwyn Close,E01032267,Redditch 009C,Anti-social behaviour,,
,2015-04,West Mercia Police,West Mercia Police,-1.895562,52.292868,On or near Matchborough Way,E01032267,Redditch 009C,Anti-social behaviour,,
31dfbaea79afd658f70994c7abee6e48ee34ab998a735499cb404c96226d3cfc,2015-04,West Mercia Police,West Mercia Police,-1.887959,52.290353,On or near Claybrook Drive,E01032267,Redditch 009C,Burglary,Investigation complete; no suspect identified,
ab5f1d2e859ce72da7f3da8686c7bad4b47dd2dacc717da59a8b7dd00b430e84,2015-04,West Mercia Police,West Mercia Police,-1.893154,52.294502,On or near Goosehill Close,E01032267,Redditch 009C,Criminal damage and arson,Investigation complete; no suspect identified,
9f47f46a71995a08a5bb42bd87a8509398879dbbf92c233e800c4a4adde035ab,2015-04,West Mercia Police,West Mercia Police,-1.893154,52.294502,On or near Goosehill Close,E01032267,Redditch 009C,Criminal damage and arson,Unable to prosecute suspect,
57d0b1225b82189057cf07dcc861979ed765945e9da1176860ad17cee93e657e,2015-04,West Mercia Police,West Mercia Police,-1.895562,52.292868,On or near Matchborough Way,E01032267,Redditch 009C,Other theft,Court result unavailable,
e61d16f88335cae92ad7bfb7d3106d587001b85dbc9d1f69cf87a7541e4101b2,2015-04,West Mercia Police,West Mercia Police,-1.893291,52.292219,On or near Haseley Close,E01032267,Redditch 009C,Vehicle crime,Investigation complete; no suspect identified,
cdf24637f38088c1585bf1625dcef211a5febca95a825d73c79c401d76256e78,2015-04,West Mercia Police,West Mercia Police,-1.893291,52.292219,On or near Haseley Close,E01032267,Redditch 009C,Violence and sexual offences,Unable to prosecute suspect,
10c8c3cea146587b7e9f78be1c71a483f82b15e00acf590eb1d65f549f299524,2015-04,West Mercia Police,West Mercia Police,-1.893154,52.294502,On or near Goosehill Close,E01032267,Redditch 009C,Violence and sexual offences,Unable to prosecute suspect,
93da031055748779f527de55731d205f7400aef45a188f39acca448cad1f0054,2015-04,West Mercia Police,West Mercia Police,-1.895562,52.292868,On or near Matchborough Way,E01032267,Redditch 009C,Violence and sexual offences,Unable to prosecute suspect,
fa058e511ed1fff27455a3946dfb3fc153fa411967869e97a4eb57728621c29f,2015-04,West Mercia Police,West Mercia Police,-1.888751,52.296126,On or near Croome Close,E01032268,Redditch 009D,Other theft,Investigation complete; no suspect identified,
d597b4d1a270294648a27b3775a76ba5a421e2fce361459adea7153a263bd66f,2015-04,West Mercia Police,West Mercia Police,-1.889890,52.297844,On or near Ledbury Close,E01032268,Redditch 009D,Robbery,Investigation complete; no suspect identified,
9446da2dc2b3a6887dfb3ab400f436fa3ee2db1893a2d5aeae8bdc26fed1b87a,2015-04,West Mercia Police,West Mercia Police,-1.886392,52.295332,On or near Barford Close,E01032268,Redditch 009D,Vehicle crime,Investigation complete; no suspect identified,
d4330ed218443ee2de70f33bfc7b4873b5cb9fb1d679d2b86cf7a9773e8c681e,2015-04,West Mercia Police,West Mercia Police,-1.888373,52.294633,On or near Cherington Close,E01032268,Redditch 009D,Other crime,Court result unavailable,
,2015-04,West Mercia Police,West Mercia Police,-1.885525,52.301948,On or near Blakemere Close,E01032276,Redditch 009E,Anti-social behaviour,,
,2015-04,West Mercia Police,West Mercia Police,-1.886980,52.300691,On or near Costers Lane,E01032276,Redditch 009E,Anti-social behaviour,,
,2015-04,West Mercia Police,West Mercia Police,-1.885525,52.301948,On or near Blakemere Close,E01032276,Redditch 009E,Anti-social behaviour,,
,2015-04,West Mercia Police,West Mercia Police,-1.918829,52.285479,On or near Woodrow South,E01032250,Redditch 010A,Anti-social behaviour,,
,2015-04,West Mercia Police,West Mercia Police,-1.919812,52.285344,On or near Kempsey Close,E01032250,Redditch 010A,Anti-social behaviour,,
,2015-04,West Mercia Police,West Mercia Police,-1.918829,52.285479,On or near Woodrow South,E01032250,Redditch 010A,Anti-social behaviour,,
,2015-04,West Mercia Police,West Mercia Police,-1.921004,52.282783,On or near Pedestrian Subway,E01032250,Redditch 010A,Anti-social behaviour,,
,2015-04,West Mercia Police,West Mercia Police,-1.920571,52.286819,On or near Cropthorne Close,E01032250,Redditch 010A,Anti-social behaviour,,
,2015-04,West Mercia Police,West Mercia Police,-1.919812,52.285344,On or near Kempsey Close,E01032250,Redditch 010A,Anti-social behaviour,,
,2015-04,West Mercia Police,West Mercia Police,-1.914785,52.284721,On or near Pedmore Close,E01032250,Redditch 010A,Anti-social behaviour,,
,2015-04,West Mercia Police,West Mercia Police,-1.919812,52.285344,On or near Kempsey Close,E01032250,Redditch 010A,Anti-social behaviour,,
ffcba6cdf5b85bb518e649751a32b1b9244d584694b8741735d6132656e06a85,2015-04,West Mercia Police,West Mercia Police,-1.921881,52.283826,On or near Woodrow Walk,E01032250,Redditch 010A,Criminal damage and arson,Investigation complete; no suspect identified,
66e97eaaa9e010bf5c6febe428510b6c0b00b21483e08bb152bc6a0a6898aa43,2015-04,West Mercia Police,West Mercia Police,-1.921881,52.283826,On or near Woodrow Walk,E01032250,Redditch 010A,Criminal damage and arson,Investigation complete; no suspect identified,
75e95cc86f45ef8ac8b5ed655b488f72dd99f9c8a801eb21e18dc18a596649f0,2015-04,West Mercia Police,West Mercia Police,-1.920571,52.286819,On or near Cropthorne Close,E01032250,Redditch 010A,Drugs,Offender given a caution,
1bd5eb7a9388e5290f5e05a99926bf8742f2a33005963aed9772eb855f999720,2015-04,West Mercia Police,West Mercia Police,-1.919812,52.285344,On or near Kempsey Close,E01032250,Redditch 010A,Other theft,Investigation complete; no suspect identified,
b028716a89df7837462efca354ab12beb8e6388ef6545acc833d138413d3fa0a,2015-04,West Mercia Police,West Mercia Police,-1.918007,52.286350,On or near Martley Close,E01032250,Redditch 010A,Other theft,Investigation complete; no suspect identified,
fee99873625bdd2d845f618cc8a12f067ed89f143382991b1d8b82a801996142,2015-04,West Mercia Police,West Mercia Police,-1.920571,52.286819,On or near Cropthorne Close,E01032250,Redditch 010A,Public order,Offender given community sentence,
9b078d5787a65bc509ea6f023b2aed5c0d98636f71ae7bf00707dea0f93da06e,2015-04,West Mercia Police,West Mercia Police,-1.920571,52.286819,On or near Cropthorne Close,E01032250,Redditch 010A,Public order,Court result unavailable,
ce310ee401fb0b21c27c479461a81a2c520e970729c633c8fa9fd19168aff29d,2015-04,West Mercia Police,West Mercia Police,-1.921543,52.284393,On or near Chadwick Mews,E01032250,Redditch 010A,Vehicle crime,Unable to prosecute suspect,
25e96969cdbd6a7d75c62dfca835efaf3f046481b3e515c6ea77637d56aa75c7,2015-04,West Mercia Police,West Mercia Police,-1.915853,52.285638,On or near Newland Close,E01032250,Redditch 010A,Violence and sexual offences,Unable to prosecute suspect,
f74f62f555a33b5e5074f71bd96a1b7c2503a7348817e328feecbc27e926654b,2015-04,West Mercia Police,West Mercia Police,-1.921004,52.282783,On or near Pedestrian Subway,E01032250,Redditch 010A,Violence and sexual offences,Unable to prosecute suspect,
2e457ed6c2e8de800d94976cb1fcdabac2a069ac8248e7f1c82d3ead684ec09e,2015-04,West Mercia Police,West Mercia Police,-1.921543,52.284393,On or near Chadwick Mews,E01032250,Redditch 010A,Violence and sexual offences,Defendant found not guilty,
5f9029fa341938e1463de158b2073acaa17b4ff7d0a5b3d1b9ddb68037709fbc,2015-04,West Mercia Police,West Mercia Police,-1.918007,52.286350,On or near Martley Close,E01032250,Redditch 010A,Violence and sexual offences,Defendant found not guilty,
6d044158df6d5b51ee26ecdcc6e7d7ea7b9753611c236367d2bcdb3c82188616,2015-04,West Mercia Police,West Mercia Police,-1.920571,52.286819,On or near Cropthorne Close,E01032250,Redditch 010A,Violence and sexual offences,Court result unavailable,
79eb6fc82d66202cc2a0f94be721cab3789f6c5903687f1593b86c520dfa8268,2015-04,West Mercia Police,West Mercia Police,-1.921004,52.282783,On or near Pedestrian Subway,E01032250,Redditch 010A,Violence and sexual offences,Unable to prosecute suspect,
,2015-04,West Mercia Police,West Mercia Police,-1.931797,52.289478,On or near Alder Carr Close,E01032251,Redditch 010B,Anti-social behaviour,,
,2015-04,West Mercia Police,West Mercia Police,-1.923809,52.287999,On or near Netherfield,E01032251,Redditch 010B,Anti-social behaviour,,
,2015-04,West Mercia Police,West Mercia Police,-1.923904,52.284034,On or near Astley Close,E01032251,Redditch 010B,Anti-social behaviour,,
,2015-04,West Mercia Police,West Mercia Police,-1.923904,52.284034,On or near Astley Close,E01032251,Redditch 010B,Anti-social behaviour,,
,2015-04,West Mercia Police,West Mercia Police,-1.931797,52.289478,On or near Alder Carr Close,E01032251,Redditch 010B,Anti-social behaviour,,
,2015-04,West Mercia Police,West Mercia Police,-1.922727,52.286560,On or near Pedestrian Subway,E01032251,Redditch 010B,Anti-social behaviour,,
,2015-04,West Mercia Police,West Mercia Police,-1.922538,52.285589,On or near Bushley Close,E01032251,Redditch 010B,Anti-social behaviour,,
,2015-04,West Mercia Police,West Mercia Police,-1.922538,52.285589,On or near Bushley Close,E01032251,Redditch 010B,Anti-social behaviour,,
c0ac73422ed21d2ce13c8925edd4bcfbf8c7b9aea850b9b22183ae34e948ec28,2015-04,West Mercia Police,West Mercia Police,-1.934247,52.288257,On or near Alcester Highway,E01032251,Redditch 010B,Other theft,Investigation complete; no suspect identified,
92d40e30d8599b9a33d9754749734c7fb8fea68bd78c86f878051441598c3427,2015-04,West Mercia Police,West Mercia Police,-1.922538,52.285589,On or near Bushley Close,E01032251,Redditch 010B,Violence and sexual offences,Unable to prosecute suspect,
e39a8df72217720fc5b0ea7754dda8d25cb6b78c94de016c0ef1cb5713557829,2015-04,West Mercia Police,West Mercia Police,-1.923809,52.287999,On or near Netherfield,E01032251,Redditch 010B,Violence and sexual offences,Court case unable to proceed,
e9162d39d388c42c76f8f5749be4cca1bb608fff9fa25ec1e124e2b860c8cb74,2015-04,West Mercia Police,West Mercia Police,-1.923809,52.287999,On or near Netherfield,E01032251,Redditch 010B,Violence and sexual offences,Unable to prosecute suspect,
6fc75598d8601b50d85e1b4c40b4dab54cf89c898eb27ac2d579af69ed3843b7,2015-04,West Mercia Police,West Mercia Police,-1.923904,52.284034,On or near Astley Close,E01032251,Redditch 010B,Violence and sexual offences,Unable to prosecute suspect,
,2015-04,West Mercia Police,West Mercia Police,-1.918738,52.287420,On or near Doverdale Close,E01032252,Redditch 010C,Anti-social behaviour,,
,2015-04,West Mercia Police,West Mercia Police,-1.913010,52.285016,On or near Ombersley Close,E01032252,Redditch 010C,Anti-social behaviour,,
,2015-04,West Mercia Police,West Mercia Police,-1.915572,52.287103,On or near Parking Area,E01032252,Redditch 010C,Anti-social behaviour,,
,2015-04,West Mercia Police,West Mercia Police,-1.917153,52.288183,On or near Eckington Close,E01032252,Redditch 010C,Anti-social behaviour,,
,2015-04,West Mercia Police,West Mercia Police,-1.917153,52.288183,On or near Eckington Close,E01032252,Redditch 010C,Anti-social behaviour,,
,2015-04,West Mercia Police,West Mercia Police,-1.917153,52.288183,On or near Eckington Close,E01032252,Redditch 010C,Anti-social behaviour,,
,2015-04,West Mercia Police,West Mercia Police,-1.917153,52.288183,On or near Eckington Close,E01032252,Redditch 010C,Anti-social behaviour,,
,2015-04,West Mercia Police,West Mercia Police,-1.911973,52.283388,On or near Rushock Close,E01032252,Redditch 010C,Anti-social behaviour,,
,2015-04,West Mercia Police,West Mercia Police,-1.915572,52.287103,On or near Parking Area,E01032252,Redditch 010C,Anti-social behaviour,,
,2015-04,West Mercia Police,West Mercia Police,-1.915572,52.287103,On or near Parking Area,E01032252,Redditch 010C,Anti-social behaviour,,
,2015-04,West Mercia Police,West Mercia Police,-1.913010,52.285016,On or near Ombersley Close,E01032252,Redditch 010C,Anti-social behaviour,,
,2015-04,West Mercia Police,West Mercia Police,-1.918738,52.287420,On or near Doverdale Close,E01032252,Redditch 010C,Anti-social behaviour,,
,2015-04,West Mercia Police,West Mercia Police,-1.915572,52.287103,On or near Parking Area,E01032252,Redditch 010C,Anti-social behaviour,,
,2015-04,West Mercia Police,West Mercia Police,-1.913010,52.285016,On or near Ombersley Close,E01032252,Redditch 010C,Anti-social behaviour,,
3abffc4d308ee4cb564c6be644dda24a99b4090b3cc45e67290e918c368ff6ec,2015-04,West Mercia Police,West Mercia Police,-1.911973,52.283388,On or near Rushock Close,E01032252,Redditch 010C,Burglary,Investigation complete; no suspect identified,
07d5d14250dbe5c211640024fd930211dadb7abaf5a2ff67b3cbb37abacb3390,2015-04,West Mercia Police,West Mercia Police,-1.911973,52.283388,On or near Rushock Close,E01032252,Redditch 010C,Burglary,Investigation complete; no suspect identified,
e102e34e616c5c9e39f74d3dca345f68a8aee4f7e4e11fc57e4eb13e0cfbc0e8,2015-04,West Mercia Police,West Mercia Police,-1.911973,52.283388,On or near Rushock Close,E01032252,Redditch 010C,Criminal damage and arson,Investigation complete; no suspect identified,
3ed23ffce9d56d34e06d2f7f0567b919bb9f6fc59d825a4b38a14eaf31a2d92c,2015-04,West Mercia Police,West Mercia Police,-1.911973,52.283388,On or near Rushock Close,E01032252,Redditch 010C,Criminal damage and arson,Investigation complete; no suspect identified,
f1cfd3b633e3ffeb930ef5c6508497ec073f3066e96941c3a25666cd4b1d1f69,2015-04,West Mercia Police,West Mercia Police,-1.917153,52.288183,On or near Eckington Close,E01032252,Redditch 010C,Criminal damage and arson,Investigation complete; no suspect identified,
d6b4a1b1a5a4f3f287766702dcbca9974edb1842c70dad15a2725b0939aabbaf,2015-04,West Mercia Police,West Mercia Police,-1.917166,52.288930,On or near Pedestrian Subway,E01032252,Redditch 010C,Other theft,Under investigation,
14a6e23db99773d9eb72a5845f678b18774bce3f96c0fb7b83351db843327258,2015-04,West Mercia Police,West Mercia Police,-1.911973,52.283388,On or near Rushock Close,E01032252,Redditch 010C,Other theft,Unable to prosecute suspect,
d5d7ab7c69628097a3e4eb0053e35b1dc6d69688568c60b8db7e2b5f9eea6001,2015-04,West Mercia Police,West Mercia Police,-1.915572,52.287103,On or near Parking Area,E01032252,Redditch 010C,Violence and sexual offences,Unable to prosecute suspect,
60df6cfc67dfe80f2506aedb1df94a9935dedee05c66753d3f1b5b82dd67a3e6,2015-04,West Mercia Police,West Mercia Police,-1.917153,52.288183,On or near Eckington Close,E01032252,Redditch 010C,Violence and sexual offences,Investigation complete; no suspect identified,
5015aefadc5396ce6ccde64587f3d3b4b43fb8950c4f49999fdf54619dee5e7a,2015-04,West Mercia Police,West Mercia Police,-1.911973,52.283388,On or near Rushock Close,E01032252,Redditch 010C,Violence and sexual offences,Court result unavailable,
cb62c5a0bcad9a3ce57db0fa557f195eabe4cd6b77857fd78b99454e346dbc70,2015-04,West Mercia Police,West Mercia Police,-1.915572,52.287103,On or near Parking Area,E01032252,Redditch 010C,Violence and sexual offences,Unable to prosecute suspect,
56b81d110b83d9783209aa12e28da98599403a2cabc14912a96fd989e6345249,2015-04,West Mercia Police,West Mercia Police,-1.917153,52.288183,On or near Eckington Close,E01032252,Redditch 010C,Violence and sexual offences,Unable to prosecute suspect,
c1a7a6d0af51967aa923293d14829430608d9b1198c0d24eaeda556dfc785968,2015-04,West Mercia Police,West Mercia Police,-1.917153,52.288183,On or near Eckington Close,E01032252,Redditch 010C,Violence and sexual offences,Unable to prosecute suspect,
c0a7abd119a5a19f7599465453c8cf68356aa92c64d7f17a8676bfe27bbeef91,2015-04,West Mercia Police,West Mercia Police,-1.911973,52.283388,On or near Rushock Close,E01032252,Redditch 010C,Violence and sexual offences,Unable to prosecute suspect,
d55395b7dd429971d0c5a4e34ea9273964d2c62063e4625ebaf27ab617e8cf15,2015-04,West Mercia Police,West Mercia Police,-1.911973,52.283388,On or near Rushock Close,E01032252,Redditch 010C,Violence and sexual offences,Unable to prosecute suspect,
,2015-04,West Mercia Police,West Mercia Police,-1.928452,52.290825,On or near Harris Close,E01032254,Redditch 010D,Anti-social behaviour,,
,2015-04,West Mercia Police,West Mercia Police,-1.924569,52.289411,On or near Ladygrove Close,E01032254,Redditch 010D,Anti-social behaviour,,
,2015-04,West Mercia Police,West Mercia Police,-1.927270,52.287669,On or near Pedestrian Subway,E01032254,Redditch 010D,Anti-social behaviour,,
,2015-04,West Mercia Police,West Mercia Police,-1.923378,52.291559,On or near Dowler'S Hill Crescent,E01032254,Redditch 010D,Anti-social behaviour,,
380c147f24f6d2d90c34fcda145b0896fff771e7cfe5a360cd51c468e0aff405,2015-04,West Mercia Police,West Mercia Police,-1.927270,52.287669,On or near Pedestrian Subway,E01032254,Redditch 010D,Burglary,Investigation complete; no suspect identified,
dac48e2f3863668238e7bada54d1130323644ea14c2afa2ef9e778b81991d857,2015-04,West Mercia Police,West Mercia Police,-1.927270,52.287669,On or near Pedestrian Subway,E01032254,Redditch 010D,Burglary,Investigation complete; no suspect identified,
348d97b9f6f4cbc290371c28dc62988791984c48900a25635b1160490ca8e684,2015-04,West Mercia Police,West Mercia Police,-1.928452,52.290825,On or near Harris Close,E01032254,Redditch 010D,Drugs,Court result unavailable,
3e8824c0a54ab2f3080f77219f38971228002ee1e5b8f21d2ed2a7ce5f43deb2,2015-04,West Mercia Police,West Mercia Police,-1.928452,52.290825,On or near Harris Close,E01032254,Redditch 010D,Drugs,Court result unavailable,
517f94f002f27117f4a0c2820124d98e9bd40647a7473e8321623e8946acec8a,2015-04,West Mercia Police,West Mercia Police,-1.928452,52.290825,On or near Harris Close,E01032254,Redditch 010D,Other theft,Investigation complete; no suspect identified,
217fd6f9d827a5ced8bf3c68ac098c5b9d352b176287699bdfe46c9a18db3400,2015-04,West Mercia Police,West Mercia Police,-1.923378,52.291559,On or near Dowler'S Hill Crescent,E01032254,Redditch 010D,Violence and sexual offences,Offender given suspended prison sentence,
7f8ef53db1855e8106b330bdc3813eac59352c13faa056c640a01113a359803e,2015-04,West Mercia Police,West Mercia Police,-1.926443,52.291174,On or near Granhill Close,E01032254,Redditch 010D,Violence and sexual offences,Unable to prosecute suspect,
98eb55467c72eef4166fa19b62128a97fd4e2d6092140070e0103901cebf3397,2015-04,West Mercia Police,West Mercia Police,-1.928452,52.290825,On or near Harris Close,E01032254,Redditch 010D,Violence and sexual offences,Unable to prosecute suspect,
,2015-04,West Mercia Police,West Mercia Police,-1.933482,52.280067,On or near Underhill Close,E01032256,Redditch 011A,Anti-social behaviour,,
,2015-04,West Mercia Police,West Mercia Police,-1.928791,52.280540,On or near Kempsford Close,E01032256,Redditch 011A,Anti-social behaviour,,
,2015-04,West Mercia Police,West Mercia Police,-1.928662,52.278823,On or near Perryfields Close,E01032256,Redditch 011A,Anti-social behaviour,,
,2015-04,West Mercia Police,West Mercia Police,-1.930532,52.282420,On or near Coldfield Drive,E01032256,Redditch 011A,Anti-social behaviour,,
b64840cb93a5bcb2c817b1b80c6b3982c68395c73b00749c8f64eb4fb60fe8ed,2015-04,West Mercia Police,West Mercia Police,-1.939311,52.283819,On or near Castleditch Lane,E01032256,Redditch 011A,Criminal damage and arson,Court result unavailable,
9212f8dd18d68c2c5b00d46fe533b58e34800d4cb489a33ae7448f4ec801db2e,2015-04,West Mercia Police,West Mercia Police,-1.930532,52.282420,On or near Coldfield Drive,E01032256,Redditch 011A,Drugs,Court result unavailable,
,2015-04,West Mercia Police,West Mercia Police,-1.930714,52.279094,On or near Stoneleigh Close,E01032257,Redditch 011B,Anti-social behaviour,,
,2015-04,West Mercia Police,West Mercia Police,-1.922470,52.282721,On or near Pedestrian Subway,E01032257,Redditch 011B,Anti-social behaviour,,
,2015-04,West Mercia Police,West Mercia Police,-1.924320,52.280987,On or near Lineholt Close,E01032257,Redditch 011B,Anti-social behaviour,,
,2015-04,West Mercia Police,West Mercia Police,-1.932913,52.278448,On or near Welford Close,E01032257,Redditch 011B,Anti-social behaviour,,
,2015-04,West Mercia Police,West Mercia Police,-1.924320,52.280987,On or near Lineholt Close,E01032257,Redditch 011B,Anti-social behaviour,,
,2015-04,West Mercia Police,West Mercia Police,-1.932119,52.279976,On or near Rough Hill Drive,E01032257,Redditch 011B,Anti-social behaviour,,
,2015-04,West Mercia Police,West Mercia Police,-1.922470,52.282721,On or near Pedestrian Subway,E01032257,Redditch 011B,Anti-social behaviour,,
,2015-04,West Mercia Police,West Mercia Police,-1.932913,52.278448,On or near Welford Close,E01032257,Redditch 011B,Anti-social behaviour,,
d088ac5214ac7ac941c693ac8aec739069b5a32e07b75c857c8735254cb427a8,2015-04,West Mercia Police,West Mercia Police,-1.930101,52.277107,On or near Rockford Close,E01032257,Redditch 011B,Criminal damage and arson,Investigation complete; no suspect identified,
,2015-04,West Mercia Police,West Mercia Police,-1.945340,52.292030,On or near Highfield Road,E01032258,Redditch 011C,Anti-social behaviour,,
,2015-04,West Mercia Police,West Mercia Police,-1.948126,52.292561,On or near Rookery Close,E01032258,Redditch 011C,Anti-social behaviour,,
,2015-04,West Mercia Police,West Mercia Police,-1.934984,52.285821,On or near Coldfield Drive,E01032258,Redditch 011C,Anti-social behaviour,,
e000029eaa8079a6b256519478782d27e100a5ba59e3216efbf3ac8fc57d2b3c,2015-04,West Mercia Police,West Mercia Police,-1.945254,52.291176,On or near Highfield Avenue,E01032258,Redditch 011C,Burglary,Investigation complete; no suspect identified,
1cc78af28344f80f09072a8d69a1671131ccc22814224893ddf7224c5247bb3e,2015-04,West Mercia Police,West Mercia Police,-1.949003,52.294737,On or near Rectory Road,E01032258,Redditch 011C,Criminal damage and arson,Investigation complete; no suspect identified,
57db170ed153804bdb9e7d3ef95d644bcfc6c7226f573e661849d4b407581af9,2015-04,West Mercia Police,West Mercia Police,-1.936842,52.288420,On or near Supermarket,E01032258,Redditch 011C,Other theft,Investigation complete; no suspect identified,
9bb1088bd37704ad72d5ff7e6aea82d6d2ca10eb8f436acf361dba186e1a2b78,2015-04,West Mercia Police,West Mercia Police,-1.936842,52.288420,On or near Supermarket,E01032258,Redditch 011C,Shoplifting,Offender sent to prison,
68c29626a5b3ab546b10ba38ce00f6b9fbf1fbeef62dee84625fbe831fbf8e6e,2015-04,West Mercia Police,West Mercia Police,-1.936842,52.288420,On or near Supermarket,E01032258,Redditch 011C,Shoplifting,Local resolution,
e8bfdabcdebb8db41103f5b69bcd827b76a2058e87b0fc7fa23a8623f4ad989c,2015-04,West Mercia Police,West Mercia Police,-1.936842,52.288420,On or near Supermarket,E01032258,Redditch 011C,Theft from the person,Investigation complete; no suspect identified,
f3a4a2c3e6cf194b0148d4f3da59d3458b9d321fc281fadc1b6f14eef83290f1,2015-04,West Mercia Police,West Mercia Police,-1.949003,52.294737,On or near Rectory Road,E01032258,Redditch 011C,Vehicle crime,Investigation complete; no suspect identified,
ba1a310c42fd02c8f4bdf85daa3cd82bf2969794043824eca7261fcfe6af0214,2015-04,West Mercia Police,West Mercia Police,-1.950986,52.291744,On or near Hamilton Road,E01032258,Redditch 011C,Violence and sexual offences,Investigation complete; no suspect identified,
081df562aaeb8a7b43ad6b678c45ac08b11fe0b2ac0fbe4fc5a95ab8ba68431d,2015-04,West Mercia Police,West Mercia Police,-1.936842,52.288420,On or near Supermarket,E01032258,Redditch 011C,Other crime,Court result unavailable,
,2015-04,West Mercia Police,West Mercia Police,-1.945621,52.290735,On or near Evesham Road,E01032260,Redditch 011D,Anti-social behaviour,,
,2015-04,West Mercia Police,West Mercia Police,-1.942124,52.284674,On or near Northside Close,E01032260,Redditch 011D,Anti-social behaviour,,
,2015-04,West Mercia Police,West Mercia Police,-1.942124,52.284674,On or near Northside Close,E01032260,Redditch 011D,Anti-social behaviour,,
2bb7d04be40bf5a306c4fdf6320d9db353a5450e5f2e51d38abfa782535c3218,2015-04,West Mercia Police,West Mercia Police,-1.944141,52.289737,On or near Guinness Close,E01032260,Redditch 011D,Criminal damage and arson,Unable to prosecute suspect,
4ae6ed42ab44461cc307bbb2777d6894169c341b06ef535a8192fb382e16916b,2015-04,West Mercia Police,West Mercia Police,-1.944141,52.289737,On or near Guinness Close,E01032260,Redditch 011D,Criminal damage and arson,Unable to prosecute suspect,
f481f746f02bf7468ea0831b7399869ac210f3a3c454ae2fa56f2c603f6b9fea,2015-04,West Mercia Police,West Mercia Police,-1.944141,52.289737,On or near Guinness Close,E01032260,Redditch 011D,Criminal damage and arson,Unable to prosecute suspect,
0780d9f00f258c77c319b6d2f29aa2470b6c05c1c91ee4c06c0aabcf3b277441,2015-04,West Mercia Police,West Mercia Police,-1.944141,52.289737,On or near Guinness Close,E01032260,Redditch 011D,Criminal damage and arson,Unable to prosecute suspect,
3df5208b31216a2e8056dec13b468823a52ab6cacb614607756c81bbcff8c9b3,2015-04,West Mercia Police,West Mercia Police,-1.941215,52.284826,On or near Mitcheldean Close,E01032260,Redditch 011D,Drugs,Offender fined,
77221c3b52ccbdb10c45d2e0fd130ed5263610439a05eedee8030f51ccb4e8ad,2015-04,West Mercia Police,West Mercia Police,-1.937946,52.285086,On or near Mickleton Close,E01032260,Redditch 011D,Other theft,Unable to prosecute suspect,
7986b2752386ee4201002c71301574e3741b13197fc80e828e2a441f07eee623,2015-04,West Mercia Police,West Mercia Police,-1.944141,52.289737,On or near Guinness Close,E01032260,Redditch 011D,Violence and sexual offences,Unable to prosecute suspect,
a989443ca29b54207bfd471b9c286a67ab11d6207a1e32868e8b970a438f479b,2015-04,West Mercia Police,West Mercia Police,-1.945621,52.290735,On or near Evesham Road,E01032260,Redditch 011D,Violence and sexual offences,Unable to prosecute suspect,
0e17367eb76e8904a4e74660471e7d05f966865032eaeca2ca6c1d2a63b2c3c0,2015-04,West Mercia Police,West Mercia Police,-1.944842,52.279920,On or near Sports/Recreation Area,E01032246,Redditch 012A,Other theft,Investigation complete; no suspect identified,
,2015-04,West Mercia Police,West Mercia Police,-1.942148,52.277500,On or near Crabbs Cross Lane,E01032247,Redditch 012B,Anti-social behaviour,,
,2015-04,West Mercia Police,West Mercia Police,-1.943244,52.280242,On or near Glenfield Close,E01032247,Redditch 012B,Anti-social behaviour,,
,2015-04,West Mercia Police,West Mercia Police,-1.939508,52.279431,On or near Leckhampton Close,E01032247,Redditch 012B,Anti-social behaviour,,
b75cd766fa60b9b828fba022d4f8aa48111aae119e1841da3eaed72537dd282a,2015-04,West Mercia Police,West Mercia Police,-1.941981,52.281995,On or near Evesham Road,E01032247,Redditch 012B,Criminal damage and arson,Investigation complete; no suspect identified,
bbcc94bb09fce22ab402aac795e40635cf2cec6cdd0f77683edbc3de13188ce3,2015-04,West Mercia Police,West Mercia Police,-1.943651,52.283308,On or near Parking Area,E01032247,Redditch 012B,Criminal damage and arson,Investigation complete; no suspect identified,
aff8367754f331b42373bd66163e0c753ad38e1f068085f72a94fb78b0c57fab,2015-04,West Mercia Police,West Mercia Police,-1.942231,52.281788,On or near Parking Area,E01032247,Redditch 012B,Criminal damage and arson,Investigation complete; no suspect identified,
fc2dbd9e1e1849bc94c4ec4394a17883d9d5d753767a2e9b2220c37ee7c98e94,2015-04,West Mercia Police,West Mercia Police,-1.943651,52.283308,On or near Parking Area,E01032247,Redditch 012B,Drugs,Offender given conditional discharge,
8aeeacd17ae6c95966a33913f92a4b356401096aa90e0c8afff0870f4d8d072c,2015-04,West Mercia Police,West Mercia Police,-1.943651,52.283308,On or near Parking Area,E01032247,Redditch 012B,Drugs,Court result unavailable,
b599a2c4c8adc739c0535b15d1de1e1ec98ffc1cdd57e976feccb67a764bca86,2015-04,West Mercia Police,West Mercia Police,-1.942231,52.281788,On or near Parking Area,E01032247,Redditch 012B,Other theft,Investigation complete; no suspect identified,
f9bd6f12e16c06236d6d333949744efa2d4565b284e1afef6b963fd23f0ce0ef,2015-04,West Mercia Police,West Mercia Police,-1.943651,52.283308,On or near Parking Area,E01032247,Redditch 012B,Public order,Offender given conditional discharge,
f8cc8c687e1ff68ba348be9c867bef91fe58520b43fb831c8f6b163348b8f20b,2015-04,West Mercia Police,West Mercia Police,-1.942231,52.281788,On or near Parking Area,E01032247,Redditch 012B,Violence and sexual offences,Court result unavailable,
b90578e542b71fd3606416a89d6c2b281109a6ba133a32e76d4b6a3a8ff3e1f8,2015-04,West Mercia Police,West Mercia Police,-1.940825,52.280529,On or near Parking Area,E01032247,Redditch 012B,Violence and sexual offences,Local resolution,
,2015-04,West Mercia Police,West Mercia Police,-1.970023,52.281978,On or near Valley Close,E01032248,Redditch 012C,Anti-social behaviour,,
f0a9d2662e55e5d8031527f87916d2b9f0c2461f755e8183652e53f6910f5e0e,2015-04,West Mercia Police,West Mercia Police,-1.965272,52.283460,On or near Partridge Lane,E01032248,Redditch 012C,Vehicle crime,Investigation complete; no suspect identified,
53175dfcca70a4ffe589726ef7c8c006bbbe2c86a38d0378d5621dbeea7ff2f1,2015-04,West Mercia Police,West Mercia Police,-1.960993,52.282776,On or near Stanford Close,E01032248,Redditch 012C,Vehicle crime,Investigation complete; no suspect identified,
,2015-04,West Mercia Police,West Mercia Police,-1.955511,52.281785,On or near Pedestrian Subway,E01032249,Redditch 012D,Anti-social behaviour,,
5a145e488a0cc3f43cc60b1cd06da5462ad0d911ad2b6ae2be1fa5af12c6793e,2015-04,West Mercia Police,West Mercia Police,-1.953212,52.279339,On or near Bilbury Close,E01032249,Redditch 012D,Vehicle crime,Investigation complete; no suspect identified,
62b3b3829f77b86d9253144c28ba79aaafe339a18ff636aab6d0b13f50c05732,2015-04,West Mercia Police,West Mercia Police,-1.954926,52.280715,On or near Lightoak Close,E01032249,Redditch 012D,Violence and sexual offences,Unable to prosecute suspect,
b5f47269ebb62fb2183637f0f94f9e018a47b06c9a942a9682d3c5816ead4402,2015-04,West Mercia Police,West Mercia Police,-1.954926,52.280715,On or near Lightoak Close,E01032249,Redditch 012D,Violence and sexual offences,Offender fined,
60ae0d81afcaf5f3e25bb55c6f33a0a3a2f394930762a0f31ae8f4cb4e7d725c,2015-04,West Mercia Police,West Mercia Police,-1.953797,52.280750,On or near Drakes Close,E01032249,Redditch 012D,Violence and sexual offences,Defendant found not guilty,
,2015-04,West Mercia Police,West Mercia Police,-1.952400,52.285209,On or near Longfellow Close,E01032261,Redditch 012E,Anti-social behaviour,,
a1acf123722791609b376dc39328f12b3fa24e25d4e5268cb62472408d5fcee2,2015-04,West Mercia Police,West Mercia Police,-1.945726,52.288416,On or near Vaynor Drive,E01032261,Redditch 012E,Burglary,Unable to prosecute suspect,
cfe915ecab0052f5f08f5f1c90678b824f9a102fba1edd990f077214108cb557,2015-04,West Mercia Police,West Mercia Police,-1.948103,52.286619,On or near Mason Close,E01032261,Redditch 012E,Vehicle crime,Unable to prosecute suspect,
,2015-04,West Mercia Police,West Mercia Police,-1.985117,52.249616,On or near Alcester Road,E01032228,Redditch 013A,Anti-social behaviour,,
,2015-04,West Mercia Police,West Mercia Police,-1.952002,52.273602,On or near Feckenham Road,E01032229,Redditch 013B,Anti-social behaviour,,
beb38f60fb1bfb8da18693fd1db889e74c059d09425b938b27f28bc82944f2cf,2015-04,West Mercia Police,West Mercia Police,-1.940772,52.276762,On or near Slimbridge Close,E01032229,Redditch 013B,Other theft,Investigation complete; no suspect identified,
,2015-04,West Mercia Police,West Mercia Police,-1.945174,52.260339,On or near Priest Meadow Close,E01032230,Redditch 013C,Anti-social behaviour,,
333cc5e5e890715d914a08fba7961d93f69fc28152837130e1e29732c3b3b80c,2015-04,West Mercia Police,West Mercia Police,-1.945174,52.260339,On or near Priest Meadow Close,E01032230,Redditch 013C,Criminal damage and arson,Investigation complete; no suspect identified,
,2015-04,West Mercia Police,West Mercia Police,-1.935989,52.259696,On or near Sambourne Lane,E01032231,Redditch 013D,Anti-social behaviour,,
,2015-04,West Mercia Police,West Mercia Police,-1.938613,52.258681,On or near Foregate Street,E01032231,Redditch 013D,Anti-social behaviour,,
,2015-04,West Mercia Police,West Mercia Police,-1.941102,52.259708,On or near Chapel Street,E01032231,Redditch 013D,Anti-social behaviour,,
82339ce7403a52f808c020859230b29b40480563263b08e4c270c4daee3a64f5,2015-04,West Mercia Police,West Mercia Police,-1.937376,52.263194,On or near Petrol Station,E01032231,Redditch 013D,Burglary,Investigation complete; no suspect identified,
9ba13d926be37592b6b27b49c5f81a9fb0c9209b1512b5de211190a4154902c1,2015-04,West Mercia Police,West Mercia Police,-1.939656,52.256353,On or near Avenue Road,E01032231,Redditch 013D,Violence and sexual offences,Unable to prosecute suspect,
84356016214aa87a4a2fc03b696b3d06453208c34f11d299deca7141d999eabc,2015-04,West Mercia Police,West Mercia Police,-1.939979,52.255482,On or near Gorsey Close,E01032231,Redditch 013D,Violence and sexual offences,Investigation complete; no suspect identified,
,2015-04,West Mercia Police,West Mercia Police,-2.684245,52.969623,On or near High Street,E01028891,Shropshire 001A,Anti-social behaviour,,
,2015-04,West Mercia Police,West Mercia Police,-2.684413,52.968939,On or near Parking Area,E01028891,Shropshire 001A,Anti-social behaviour,,
,2015-04,West Mercia Police,West Mercia Police,-2.686222,52.970349,On or near Yardington,E01028891,Shropshire 001A,Anti-social behaviour,,
,2015-04,West Mercia Police,West Mercia Police,-2.674951,52.971375,On or near Gambrell Avenue,E01028891,Shropshire 001A,Anti-social behaviour,,
,2015-04,West Mercia Police,West Mercia Police,-2.684413,52.968939,On or near Parking Area,E01028891,Shropshire 001A,Anti-social behaviour,,
,2015-04,West Mercia Police,West Mercia Police,-2.684573,52.970601,On or near Church Street,E01028891,Shropshire 001A,Anti-social behaviour,,
62921d084016bb945b2fd5f4048a8b55ad55dfafc95a0bad1387c6c4396ce7de,2015-04,West Mercia Police,West Mercia Police,-2.684573,52.970601,On or near Church Street,E01028891,Shropshire 001A,Criminal damage and arson,Investigation complete; no suspect identified,
d445185157c999baf9e2873aec1d201991036bf2480ce259c4b19c2c3cb66497,2015-04,West Mercia Police,West Mercia Police,-2.674951,52.971375,On or near Gambrell Avenue,E01028891,Shropshire 001A,Other theft,Investigation complete; no suspect identified,
4909972de55f7ed5912655abaf5607c81c7e20334a7995c794b0ae234e854e0b,2015-04,West Mercia Police,West Mercia Police,-2.684573,52.970601,On or near Church Street,E01028891,Shropshire 001A,Other theft,Investigation complete; no suspect identified,
113ec64b298d642c4bc3fb0caef8bdd7f3cab0847d476cf6ada6e05988e11409,2015-04,West Mercia Police,West Mercia Police,-2.679766,52.970772,On or near Brownlow Street,E01028891,Shropshire 001A,Shoplifting,Offender given suspended prison sentence,
befde64dd46e7fefa979afd1562ec06d019dba08854ec9907fe56c09b10675f1,2015-04,West Mercia Police,West Mercia Police,-2.679600,52.969685,On or near Deermoss Lane,E01028891,Shropshire 001A,Shoplifting,Investigation complete; no suspect identified,
a8533c4775ce72d2a1fc29eccc56cc66cb293598535e20df296a1363215f3374,2015-04,West Mercia Police,West Mercia Police,-2.679600,52.969685,On or near Deermoss Lane,E01028891,Shropshire 001A,Shoplifting,Offender given penalty notice,
f8b414c05abfa007a625e888e6d909687c6abbbe290a568ee3a54684cc70dd23,2015-04,West Mercia Police,West Mercia Police,-2.679600,52.969685,On or near Deermoss Lane,E01028891,Shropshire 001A,Violence and sexual offences,Unable to prosecute suspect,
49dfaee06112f4b529c75f5d3e32b25dc1b425e3674f9f3afb7e7674392e3aa1,2015-04,West Mercia Police,West Mercia Police,-2.686985,52.971522,On or near St Alkmund Meadow,E01028891,Shropshire 001A,Violence and sexual offences,Defendant found not guilty,
73bfc4f16457d9a900e1f41f7194f204577c8a78aa2d3072b51d6303b16288af,2015-04,West Mercia Police,West Mercia Police,-2.686985,52.971522,On or near St Alkmund Meadow,E01028891,Shropshire 001A,Violence and sexual offences,Unable to prosecute suspect,
0659bb5d217c6d3cd2107258284c9590df234e7f17572b5bda563a2d771d6949,2015-04,West Mercia Police,West Mercia Police,-2.684573,52.970601,On or near Church Street,E01028891,Shropshire 001A,Violence and sexual offences,Unable to prosecute suspect,
582ab2bbfa539c7deef7f430327a52725e3d9dbd218c4eee97f1463f1afcc79f,2015-04,West Mercia Police,West Mercia Police,-2.676878,52.969863,On or near Beatrice Gardens,E01028891,Shropshire 001A,Violence and sexual offences,Unable to prosecute suspect,
6c173a22348c7169cc554781550211a67af802302b971efba0e34d74f0887f59,2015-04,West Mercia Police,West Mercia Police,-2.679600,52.969685,On or near Deermoss Lane,E01028891,Shropshire 001A,Violence and sexual offences,Investigation complete; no suspect identified,
b332746be2510efff3eed7eac17d681dd6309622c7bb6d7747e8a1a77b98e9d4,2015-04,West Mercia Police,West Mercia Police,-2.681004,52.981274,On or near Terrick Road,E01028892,Shropshire 001B,Violence and sexual offences,Unable to prosecute suspect,
,2015-04,West Mercia Police,West Mercia Police,-2.680186,52.965268,On or near Dodington,E01028894,Shropshire 001C,Anti-social behaviour,,
,2015-04,West Mercia Police,West Mercia Police,-2.681471,52.964596,On or near Pauls Moss Court,E01028894,Shropshire 001C,Anti-social behaviour,,
,2015-04,West Mercia Police,West Mercia Police,-2.681471,52.964596,On or near Pauls Moss Court,E01028894,Shropshire 001C,Anti-social behaviour,,
,2015-04,West Mercia Police,West Mercia Police,-2.675661,52.963406,On or near Edgeley Gardens,E01028894,Shropshire 001C,Anti-social behaviour,,
,2015-04,West Mercia Police,West Mercia Police,-2.680186,52.965268,On or near Dodington,E01028894,Shropshire 001C,Anti-social behaviour,,
,2015-04,West Mercia Police,West Mercia Police,-2.681471,52.964596,On or near Pauls Moss Court,E01028894,Shropshire 001C,Anti-social behaviour,,
11716b053cfdd01e26b8177f97e69813a283474f8c7954e0cba80c3eabcd58ee,2015-04,West Mercia Police,West Mercia Police,-2.681471,52.964596,On or near Pauls Moss Court,E01028894,Shropshire 001C,Burglary,Investigation complete; no suspect identified,
447114a15d38767e647b9742591059009ca36d92525242d884ea03b5c97a69fc,2015-04,West Mercia Police,West Mercia Police,-2.677553,52.964456,On or near Rydal Avenue,E01028894,Shropshire 001C,Criminal damage and arson,Investigation complete; no suspect identified,
305589d8354c0cc553cf3d615e933f373ecb86c188b094ed08c9982fd7e4a4a0,2015-04,West Mercia Police,West Mercia Police,-2.677553,52.964456,On or near Rydal Avenue,E01028894,Shropshire 001C,Criminal damage and arson,Investigation complete; no suspect identified,
6a2be5aeae2836114b00d1cf4f51ffb424cd64e7a1866ffe5461ee72b8f78fc7,2015-04,West Mercia Police,West Mercia Police,-2.681471,52.964596,On or near Pauls Moss Court,E01028894,Shropshire 001C,Drugs,Offender given penalty notice,
9e30b4c598e758a0eb95bff4e4a3e3816bff58eba20c7176cc0b73ec3cf1974f,2015-04,West Mercia Police,West Mercia Police,-2.681471,52.964596,On or near Pauls Moss Court,E01028894,Shropshire 001C,Theft from the person,Unable to prosecute suspect,
9a4beae1a91c457bb25fe203b66c70aa22c8508f6998ed7248af391027540f92,2015-04,West Mercia Police,West Mercia Police,-2.683225,52.962554,On or near Queensway,E01028894,Shropshire 001C,Violence and sexual offences,Offender sent to prison,
b07e35cf664e89d6bf7a0273b43574c4befdf674c5942c676d9d8e9b0dcc8e0d,2015-04,West Mercia Police,West Mercia Police,-2.684615,52.964784,On or near Kingsway,E01028894,Shropshire 001C,Violence and sexual offences,Unable to prosecute suspect,
43be000e2875121bc184cae81d1363e4b901ea0ce40808702a8fa0e2e940c205,2015-04,West Mercia Police,West Mercia Police,-2.678784,52.963173,On or near Sedgeford,E01028894,Shropshire 001C,Violence and sexual offences,Unable to prosecute suspect,
f1f47df771423f714b0a7ea0cbc09ca93b0ba4b9a5ff4d4b043d0eabd375e6bc,2015-04,West Mercia Police,West Mercia Police,-2.681471,52.964596,On or near Pauls Moss Court,E01028894,Shropshire 001C,Violence and sexual offences,Unable to prosecute suspect,
4397e2b9282a9b1a3d288a47cca6456023d50b2ceed9a0d22ec28e5cf0061924,2015-04,West Mercia Police,West Mercia Police,-2.684615,52.964784,On or near Kingsway,E01028894,Shropshire 001C,Violence and sexual offences,Awaiting court outcome,
dab6e288244d48676fe47e9ab49319ce374fbe17061d0da9fd52ea2b6c68d741,2015-04,West Mercia Police,West Mercia Police,-2.678784,52.963173,On or near Sedgeford,E01028894,Shropshire 001C,Other crime,Court result unavailable,
4103ddf20db1d9580a3263d205637a75793e50c9f5304531b687f3a0c7e1f800,2015-04,West Mercia Police,West Mercia Police,-2.678784,52.963173,On or near Sedgeford,E01028894,Shropshire 001C,Other crime,Court result unavailable,
,2015-04,West Mercia Police,West Mercia Police,-2.681889,52.967524,On or near Earl Edwin Mews,E01028895,Shropshire 001D,Anti-social behaviour,,
,2015-04,West Mercia Police,West Mercia Police,-2.681574,52.968335,On or near Supermarket,E01028895,Shropshire 001D,Anti-social behaviour,,
,2015-04,West Mercia Police,West Mercia Police,-2.668695,52.966448,On or near Civic Green,E01028895,Shropshire 001D,Anti-social behaviour,,
,2015-04,West Mercia Police,West Mercia Police,-2.681574,52.968335,On or near Supermarket,E01028895,Shropshire 001D,Anti-social behaviour,,
,2015-04,West Mercia Police,West Mercia Police,-2.681574,52.968335,On or near Supermarket,E01028895,Shropshire 001D,Anti-social behaviour,,
,2015-04,West Mercia Police,West Mercia Police,-2.681759,52.966832,On or near Dodington,E01028895,Shropshire 001D,Anti-social behaviour,,
,2015-04,West Mercia Police,West Mercia Police,-2.681574,52.968335,On or near Supermarket,E01028895,Shropshire 001D,Anti-social behaviour,,
,2015-04,West Mercia Police,West Mercia Police,-2.683356,52.967992,On or near Watergate,E01028895,Shropshire 001D,Anti-social behaviour,,
,2015-04,West Mercia Police,West Mercia Police,-2.681313,52.967815,On or near Parking Area,E01028895,Shropshire 001D,Anti-social behaviour,,
7af9a10b3f0923871258df8a865f416addd2bbf58970d2a110d9f9c9bcdc07f1,2015-04,West Mercia Police,West Mercia Police,-2.683356,52.967992,On or near Watergate,E01028895,Shropshire 001D,Criminal damage and arson,Investigation complete; no suspect identified,
38a81a97a5cd5bfd583d274784b7de59cbdaf9dc12716b479146342a3ec55b46,2015-04,West Mercia Police,West Mercia Police,-2.677978,52.968751,On or near Whitchurch Police Station,E01028895,Shropshire 001D,Drugs,Offender given penalty notice,
b18c0cd87235fe962568740ed923fd4ec26f1878a6198ce6ad59442c5ab28ac3,2015-04,West Mercia Police,West Mercia Police,-2.681759,52.966832,On or near Dodington,E01028895,Shropshire 001D,Other theft,Investigation complete; no suspect identified,
b8cc94cbd0585c17d90c5961112668e99bbdd2daf9879f0dd265e9f4c129fc98,2015-04,West Mercia Police,West Mercia Police,-2.681574,52.968335,On or near Supermarket,E01028895,Shropshire 001D,Shoplifting,Offender given suspended prison sentence,
62808b3c14db126969efe6eab9d33780d67b03bf501c146a4da7d6cd8f90190f,2015-04,West Mercia Police,West Mercia Police,-2.681759,52.966832,On or near Dodington,E01028895,Shropshire 001D,Shoplifting,Investigation complete; no suspect identified,
fc1c95c02799e7b9115d406d035fb15b9336b3bf01ea43f9abc004867f1c7cc5,2015-04,West Mercia Police,West Mercia Police,-2.681574,52.968335,On or near Supermarket,E01028895,Shropshire 001D,Shoplifting,Suspect charged as part of another case,
1a0da7d6bf8bd7de7de28808a4b2bf3eafd7fd2218bc5ef7768f797d42c3e42f,2015-04,West Mercia Police,West Mercia Police,-2.681574,52.968335,On or near Supermarket,E01028895,Shropshire 001D,Shoplifting,Offender fined,
daa03e480f508a0820303e77a3f6341b6ddddb1e92c00e343dd74872eb3dda8e,2015-04,West Mercia Police,West Mercia Police,-2.681574,52.968335,On or near Supermarket,E01028895,Shropshire 001D,Shoplifting,Local resolution,
9cb0da2fe60a3c6aae60999c8a8b940cd9415346af3a4a32e26caebc9fc839bc,2015-04,West Mercia Police,West Mercia Police,-2.681574,52.968335,On or near Supermarket,E01028895,Shropshire 001D,Shoplifting,Unable to prosecute suspect,
e9edc8a93155867c6947214448984e0a2f7559db953615803a70c97fde1a7e5e,2015-04,West Mercia Police,West Mercia Police,-2.683356,52.967992,On or near Watergate,E01028895,Shropshire 001D,Shoplifting,Court result unavailable,
e68d0f5df7303408d1bc2daf29050aa763a4fad6065f0f2e0679f6acd56e7894,2015-04,West Mercia Police,West Mercia Police,-2.681574,52.968335,On or near Supermarket,E01028895,Shropshire 001D,Shoplifting,Offender sent to prison,
82fc11a85ae0c8b0b68707fa062f210ffef9db0977d086905dab39865b142ae5,2015-04,West Mercia Police,West Mercia Police,-2.674741,52.966477,On or near Churton Drive,E01028895,Shropshire 001D,Violence and sexual offences,Unable to prosecute suspect,
8a173d1856a7d1fc36ec9e9924552a5700330ff78cb47ff30d4e8a396208b38b,2015-04,West Mercia Police,West Mercia Police,-2.683356,52.967992,On or near Watergate,E01028895,Shropshire 001D,Violence and sexual offences,Investigation complete; no suspect identified,
4b95cd95f0ebb33118ebb3cd9575e2cca479d1b0042bc294e61c9a03b5ccdbed,2015-04,West Mercia Police,West Mercia Police,-2.673484,52.966080,On or near Wayland Road,E01028895,Shropshire 001D,Violence and sexual offences,Offender given suspended prison sentence,
86522c43871e36758c52bf477e2bf9eb25ed88845de4cf261f43f7719dddedba,2015-04,West Mercia Police,West Mercia Police,-2.681574,52.968335,On or near Supermarket,E01028895,Shropshire 001D,Violence and sexual offences,Offender given conditional discharge,
,2015-04,West Mercia Police,West Mercia Police,-2.690418,52.964544,On or near Mare Close,E01028896,Shropshire 001E,Anti-social behaviour,,
,2015-04,West Mercia Police,West Mercia Police,-2.690418,52.964544,On or near Mare Close,E01028896,Shropshire 001E,Anti-social behaviour,,
,2015-04,West Mercia Police,West Mercia Police,-2.688403,52.967037,On or near Park Road,E01028896,Shropshire 001E,Anti-social behaviour,,
,2015-04,West Mercia Police,West Mercia Police,-2.686252,52.969431,On or near Newtown,E01028896,Shropshire 001E,Anti-social behaviour,,
,2015-04,West Mercia Police,West Mercia Police,-2.686625,52.969465,On or near Parking Area,E01028896,Shropshire 001E,Anti-social behaviour,,
,2015-04,West Mercia Police,West Mercia Police,-2.686703,52.967820,On or near Darwin Court,E01028896,Shropshire 001E,Anti-social behaviour,,
,2015-04,West Mercia Police,West Mercia Police,-2.689518,52.969709,On or near Parking Area,E01028896,Shropshire 001E,Anti-social behaviour,,
,2015-04,West Mercia Police,West Mercia Police,-2.684318,52.967609,On or near The Wharfage,E01028896,Shropshire 001E,Anti-social behaviour,,
172ff4e9ae6fd9ebb2f207b9660bfb26223fdf1f4b4678ae96232358149721b4,2015-04,West Mercia Police,West Mercia Police,-2.686703,52.967820,On or near Darwin Court,E01028896,Shropshire 001E,Burglary,Investigation complete; no suspect identified,
64dab125b07235c20b89a0905557ab879143499c87ce5cf93d0a1c34765b93d3,2015-04,West Mercia Police,West Mercia Police,-2.686625,52.969465,On or near Parking Area,E01028896,Shropshire 001E,Criminal damage and arson,Investigation complete; no suspect identified,
59f128e35f8ae87401498ec0bf90c5f66ef553ed89c56a241343ae52bed8b640,2015-04,West Mercia Police,West Mercia Police,-2.684645,52.966663,On or near Highgate,E01028896,Shropshire 001E,Other theft,Investigation complete; no suspect identified,
8b88e1dc033a45e9d7a5234736dfcbcef55c6a490af4accf2b81727b5e986c23,2015-04,West Mercia Police,West Mercia Police,-2.685553,52.966640,On or near Highgate,E01028896,Shropshire 001E,Violence and sexual offences,Unable to prosecute suspect,
,2015-04,West Mercia Police,West Mercia Police,-2.696435,52.966541,On or near Poplar Close,E01028897,Shropshire 001F,Anti-social behaviour,,
f8828812cd0326941208613b5860a4d78c77af4ef99c13be46ef9bc14f96ea7c,2015-04,West Mercia Police,West Mercia Police,-2.691920,52.967241,On or near Meadow View Road,E01028897,Shropshire 001F,Burglary,Investigation complete; no suspect identified,
91481a237e8053a64d05c0cb6936bb081743864927cb09be3e1bbbd75e8bba8d,2015-04,West Mercia Police,West Mercia Police,-2.700682,52.968556,On or near Chemistry,E01028897,Shropshire 001F,Criminal damage and arson,Investigation complete; no suspect identified,
f3111f90f97d900b1f4dea37fe0c7b3c8d82f6eeac20b53c322b51b1057346b1,2015-04,West Mercia Police,West Mercia Police,-2.696373,52.969139,On or near Greenfields Way,E01028897,Shropshire 001F,Criminal damage and arson,Investigation complete; no suspect identified,
9a920f29ab84efc2b22b7f58e187d2938d45445d129896737e3797d973ec502e,2015-04,West Mercia Police,West Mercia Police,-2.693414,52.968500,On or near Caldecott Crescent,E01028897,Shropshire 001F,Vehicle crime,Investigation complete; no suspect identified,
6840635a99967eccb4871f5d72959c5f39fe5a33dd97e1a527454e789424ae66,2015-04,West Mercia Police,West Mercia Police,-2.694139,52.969134,On or near Smallbrook Road,E01028897,Shropshire 001F,Violence and sexual offences,Unable to prosecute suspect,
638504f606a611054b514a2ad55d3a08f80f81c19676c3392645dfefe4f57f1e,2015-04,West Mercia Police,West Mercia Police,-2.696441,52.967844,On or near Thompson Drive,E01028897,Shropshire 001F,Violence and sexual offences,Unable to prosecute suspect,
,2015-04,West Mercia Police,West Mercia Police,-2.646826,52.906799,On or near Green Lane,E01028880,Shropshire 002A,Anti-social behaviour,,
,2015-04,West Mercia Police,West Mercia Police,-2.647143,52.911067,On or near Manor Lane,E01028880,Shropshire 002A,Anti-social behaviour,,
,2015-04,West Mercia Police,West Mercia Police,-2.651268,52.913498,On or near Manor Place,E01028880,Shropshire 002A,Anti-social behaviour,,
,2015-04,West Mercia Police,West Mercia Police,-2.651268,52.913498,On or near Manor Place,E01028880,Shropshire 002A,Anti-social behaviour,,
2d20fa6b56fdca173aab723e9bba0bb5342b66505836e36c069e7a1e878fbf25,2015-04,West Mercia Police,West Mercia Police,-2.651268,52.913498,On or near Manor Place,E01028880,Shropshire 002A,Burglary,Investigation complete; no suspect identified,
0fc9d849383d9115ca02d2f7a0500e5922c6c934b4f628ec42f526c138e64221,2015-04,West Mercia Police,West Mercia Police,-2.651268,52.913498,On or near Manor Place,E01028880,Shropshire 002A,Criminal damage and arson,Investigation complete; no suspect identified,
3ab6b01f0281f11257fed7f18d1bbadd45f0b611c4a6cdfb49d219aa1b90d9e2,2015-04,West Mercia Police,West Mercia Police,-2.667275,52.897417,On or near Mill Street,E01028880,Shropshire 002A,Criminal damage and arson,Investigation complete; no suspect identified,
f24216038ef4bb71d49e12ff0290426d63009c10b1dcc2a1a9a216107a3330a3,2015-04,West Mercia Police,West Mercia Police,-2.651268,52.913498,On or near Manor Place,E01028880,Shropshire 002A,Criminal damage and arson,Investigation complete; no suspect identified,
4060accef85b16f4d7fb77eebfb00c9324b73aad9a6e15b417823db9fb7466a2,2015-04,West Mercia Police,West Mercia Police,-2.672387,52.897299,On or near Pheasant Close,E01028880,Shropshire 002A,Other theft,Investigation complete; no suspect identified,
47feb9349750b7512293fc5435674484ae6341ff7e3761756ac9abe0fe0c9fb3,2015-04,West Mercia Police,West Mercia Police,-2.651268,52.913498,On or near Manor Place,E01028880,Shropshire 002A,Violence and sexual offences,Unable to prosecute suspect,
a2620c1cd0cc5de375b463aa2a1d05523f73b338f529b72729b98b699222b895,2015-04,West Mercia Police,West Mercia Police,-2.642275,52.895676,On or near Armoury Lane,E01028880,Shropshire 002A,Violence and sexual offences,Unable to prosecute suspect,
27208110187e5dbf798f68cca7258332b49c8fa8c140547e10bd644e5eb8d374,2015-04,West Mercia Police,West Mercia Police,-2.651268,52.913498,On or near Manor Place,E01028880,Shropshire 002A,Violence and sexual offences,Investigation complete; no suspect identified,
3f99ef3eec3df50089e2c0516f520fce8deca16ba21a8a6bf5805b95c6019be3,2015-04,West Mercia Police,West Mercia Police,-2.658386,52.900389,On or near Meadow View,E01028880,Shropshire 002A,Violence and sexual offences,Unable to prosecute suspect,
3db13ff19a66247f840e8260c6f6099d357d4df2e59d7ee974e802e08ae62269,2015-04,West Mercia Police,West Mercia Police,-2.661045,52.885586,On or near A49,E01028880,Shropshire 002A,Violence and sexual offences,Unable to prosecute suspect,
bc1ac19d4375e59ac440f68e336b0b4b26010a9a9537b41406e71746a50d7721,2015-04,West Mercia Police,West Mercia Police,-2.658386,52.900389,On or near Meadow View,E01028880,Shropshire 002A,Violence and sexual offences,Unable to prosecute suspect,
606ba349fc4143793a1b44b7025bca0468173abedb75f7e0ca9479b9f09cef5d,2015-04,West Mercia Police,West Mercia Police,-2.651268,52.913498,On or near Manor Place,E01028880,Shropshire 002A,Other crime,Offender sent to prison,
43da2572973df0469c1120863325a24ec8e60e0644e0db532c02caf87fe789bc,2015-04,West Mercia Police,West Mercia Police,-2.651268,52.913498,On or near Manor Place,E01028880,Shropshire 002A,Other crime,Court result unavailable,
f1e17c09fca31aa1ca7f9e3f2879f69ce24c0a874f67b071f0db1c5045d05fc7,2015-04,West Mercia Police,West Mercia Police,-2.651799,52.917172,On or near Towers Drive,E01028881,Shropshire 002B,Burglary,Investigation complete; no suspect identified,
02c2b5f43b04e9a4ef94572d26038c21f5af8731eab2b94e02448deff5881271,2015-04,West Mercia Police,West Mercia Police,-2.632790,52.902730,On or near Parking Area,E01028881,Shropshire 002B,Burglary,Investigation complete; no suspect identified,
29143e1056bf218eeead9b93bd693ad3e92ca98e5bcefeded092b891dbfc4e3a,2015-04,West Mercia Police,West Mercia Police,-2.455278,52.928444,On or near Oakley Lane,E01028882,Shropshire 002C,Criminal damage and arson,Investigation complete; no suspect identified,
e8b3490deab4fc6df124b45a678f91c66b3309b724c541e14a8faca223dd7216,2015-04,West Mercia Police,West Mercia Police,-2.565034,52.911387,On or near Bletchley Road,E01028882,Shropshire 002C,Other theft,Investigation complete; no suspect identified,
3eacaa9371708b87b6a5e0e0cda4edc91f11d1e3aff5de0cb70570cd8d77bafc,2015-04,West Mercia Police,West Mercia Police,-2.604497,52.942134,On or near Ightfield Court,E01028882,Shropshire 002C,Violence and sexual offences,Unable to prosecute suspect,
accf8730a5cabaff8aab61d8a935b7582594dfb1a30d4bb5213ef268e231b1cf,2015-04,West Mercia Police,West Mercia Police,-2.604497,52.942134,On or near Ightfield Court,E01028882,Shropshire 002C,Violence and sexual offences,Unable to prosecute suspect,
,2015-04,West Mercia Police,West Mercia Police,-2.661697,52.942072,On or near Heath Road,E01028893,Shropshire 002D,Anti-social behaviour,,
,2015-04,West Mercia Police,West Mercia Police,-2.636340,52.954176,On or near Magna Close,E01028893,Shropshire 002D,Anti-social behaviour,,
,2015-04,West Mercia Police,West Mercia Police,-2.682827,52.936352,On or near Tilstock Close,E01028893,Shropshire 002D,Anti-social behaviour,,
,2015-04,West Mercia Police,West Mercia Police,-2.651935,52.950963,On or near Parking Area,E01028893,Shropshire 002D,Anti-social behaviour,,
,2015-04,West Mercia Police,West Mercia Police,-2.651935,52.950963,On or near Parking Area,E01028893,Shropshire 002D,Anti-social behaviour,,
92260588f48af7628e416426f78d4d67ce063ca9d05165912f61cb2f0e06c071,2015-04,West Mercia Police,West Mercia Police,-2.713586,52.922139,On or near Park/Open Space,E01028893,Shropshire 002D,Burglary,Under investigation,
af60f09fd8e2c90cda361341662d8812c225507d2f9d4aa308055073f88748f1,2015-04,West Mercia Police,West Mercia Police,-2.661697,52.942072,On or near Heath Road,E01028893,Shropshire 002D,Criminal damage and arson,Investigation complete; no suspect identified,
21cefe5d4d1b450148125dcb719ecb7b6035048db82e3099f3af7177acba8f16,2015-04,West Mercia Police,West Mercia Police,-2.639497,52.944207,On or near Ash Lane,E01028893,Shropshire 002D,Criminal damage and arson,Investigation complete; no suspect identified,
a306189d9ff9b721aa4d7e8025492becdf53910a1834267bd034301d81df79ee,2015-04,West Mercia Police,West Mercia Police,-2.677393,52.936132,On or near Lodge Drive,E01028893,Shropshire 002D,Other theft,Investigation complete; no suspect identified,
762ad369d836d10b7368eaa94d0502d2df6cb8bed32085a5329588f7af56b6c8,2015-04,West Mercia Police,West Mercia Police,-2.695364,52.937835,On or near Hollins Lane,E01028893,Shropshire 002D,Public order,Unable to prosecute suspect,
e11645a8d44b2c5733aeb6179722eb88faca8cdc4a5ca48e47ad3a5c8d3ee52c,2015-04,West Mercia Police,West Mercia Police,-2.662132,52.935472,On or near Golf House Lane,E01028893,Shropshire 002D,Public order,Offender given community sentence,
3321e004d242ca4a627eaec786c5225834d93f934d3e72d4b6e78005d6a707b7,2015-04,West Mercia Police,West Mercia Police,-2.662132,52.935472,On or near Golf House Lane,E01028893,Shropshire 002D,Public order,Court result unavailable,
,2015-04,West Mercia Police,West Mercia Police,-2.391417,52.963128,On or near Pipe Gate,E01028899,Shropshire 002E,Anti-social behaviour,,
837c028b2e021c27f86b1193c6de5ea354a267ef6486f8cfa80ca120a1b97a79,2015-04,West Mercia Police,West Mercia Police,-2.401150,52.977181,On or near Kenrick Close,E01028899,Shropshire 002E,Burglary,Investigation complete; no suspect identified,
,2015-04,West Mercia Police,West Mercia Police,-3.077757,52.891893,On or near B4579,E01028910,Shropshire 003A,Anti-social behaviour,,
bbd3441cc96a1ba6c1014aa897890a4e1c131f80df642ecd2995579f2751b5df,2015-04,West Mercia Police,West Mercia Police,-3.077757,52.891893,On or near B4579,E01028910,Shropshire 003A,Other theft,Investigation complete; no suspect identified,
a9415cfe6e5bae900bd7a8e2f78f9ec1f4c4bdf250671fd679ea7a5ae306d4d9,2015-04,West Mercia Police,West Mercia Police,-3.039341,52.883498,On or near B5069,E01028910,Shropshire 003A,Other theft,Investigation complete; no suspect identified,
da246e45676af6ccfcf4aaa8b482f3693d4613be34312275280604bbdb66d31c,2015-04,West Mercia Police,West Mercia Police,-3.043605,52.897053,On or near A5,E01028910,Shropshire 003A,Other theft,Investigation complete; no suspect identified,
11b199e88a939e1b0ecbfde2f38cf720b677b4c44b3af9a474c54570d8f21ec2,2015-04,West Mercia Police,West Mercia Police,-3.043605,52.897053,On or near A5,E01028910,Shropshire 003A,Other theft,Investigation complete; no suspect identified,
936b8134ec70f6cb7fb5d95050be48ba96e681b004e7e9e1833da6915530a033,2015-04,West Mercia Police,West Mercia Police,-3.077757,52.891893,On or near B4579,E01028910,Shropshire 003A,Violence and sexual offences,Unable to prosecute suspect,
,2015-04,West Mercia Police,West Mercia Police,-3.033706,52.898982,On or near Fernhill Avenue,E01028911,Shropshire 003B,Anti-social behaviour,,
,2015-04,West Mercia Police,West Mercia Police,-3.042825,52.901087,On or near Henlle Gardens,E01028911,Shropshire 003B,Anti-social behaviour,,
,2015-04,West Mercia Police,West Mercia Police,-3.031725,52.900105,On or near Perry Road,E01028911,Shropshire 003B,Anti-social behaviour,,
,2015-04,West Mercia Police,West Mercia Police,-3.035455,52.898149,On or near Ferndale Crescent,E01028911,Shropshire 003B,Anti-social behaviour,,
,2015-04,West Mercia Police,West Mercia Police,-3.039802,52.893436,On or near Almond Avenue,E01028912,Shropshire 003C,Anti-social behaviour,,
,2015-04,West Mercia Police,West Mercia Police,-3.033763,52.895772,On or near Hammonds Place,E01028912,Shropshire 003C,Anti-social behaviour,,
,2015-04,West Mercia Police,West Mercia Police,-3.033925,52.895088,On or near Fox'S Field,E01028912,Shropshire 003C,Anti-social behaviour,,
,2015-04,West Mercia Police,West Mercia Police,-3.033763,52.895772,On or near Hammonds Place,E01028912,Shropshire 003C,Anti-social behaviour,,
,2015-04,West Mercia Police,West Mercia Police,-3.033763,52.895772,On or near Hammonds Place,E01028912,Shropshire 003C,Anti-social behaviour,,
,2015-04,West Mercia Police,West Mercia Police,-3.036429,52.894742,On or near New Road,E01028912,Shropshire 003C,Anti-social behaviour,,
,2015-04,West Mercia Police,West Mercia Police,-3.036429,52.894742,On or near New Road,E01028912,Shropshire 003C,Anti-social behaviour,,
376e43d2ed38639c511588585eb36df4963f280a0950b259bcac6b747d251432,2015-04,West Mercia Police,West Mercia Police,-3.036429,52.894742,On or near New Road,E01028912,Shropshire 003C,Criminal damage and arson,Investigation complete; no suspect identified,
8b4a95a1ec49cf97a9d7ab878fe1668c74e5fbfe34d88e6f6e01be5204cf6bd4,2015-04,West Mercia Police,West Mercia Police,-3.036429,52.894742,On or near New Road,E01028912,Shropshire 003C,Other theft,Investigation complete; no suspect identified,
c75875aef789fbdb440871c0da41eed83cddf0e281f5e38b433c826bc3e06fdc,2015-04,West Mercia Police,West Mercia Police,-3.035368,52.893250,On or near Meadow Drive,E01028912,Shropshire 003C,Violence and sexual offences,Investigation complete; no suspect identified,
b0deff50ed3a9efe45bb3e5ba9999e600e355ed0d2bbc63292e0eda64b43a21d,2015-04,West Mercia Police,West Mercia Police,-3.039619,52.892629,On or near Cornwall Avenue,E01028912,Shropshire 003C,Violence and sexual offences,Unable to prosecute suspect,
7fd2bc787e4555b890031dc4afaabb72c32d99c220b03a300ad82790303cc4a0,2015-04,West Mercia Police,West Mercia Police,-3.036429,52.894742,On or near New Road,E01028912,Shropshire 003C,Violence and sexual offences,Unable to prosecute suspect,
,2015-04,West Mercia Police,West Mercia Police,-3.020315,52.916223,On or near St Martin'S Road,E01028920,Shropshire 003D,Anti-social behaviour,,
,2015-04,West Mercia Police,West Mercia Police,-3.000941,52.924812,On or near Ellesmere Road,E01028920,Shropshire 003D,Anti-social behaviour,,
,2015-04,West Mercia Police,West Mercia Police,-3.007210,52.921271,On or near Cedar Close,E01028920,Shropshire 003D,Anti-social behaviour,,
75d0cf441e7a8e9755bcb0619896a4edb9b0d9bd1587a715c8c60bed8590b37e,2015-04,West Mercia Police,West Mercia Police,-3.044079,52.921114,On or near Chirk Road,E01028920,Shropshire 003D,Burglary,Investigation complete; no suspect identified,
3970dca40d1e5187fd3bf535efbf4cfa1de362ff19e077d7fa12abccadc479bd,2015-04,West Mercia Police,West Mercia Police,-3.049444,52.926461,On or near Chirk Road,E01028920,Shropshire 003D,Vehicle crime,Investigation complete; no suspect identified,
4ad73c2d580f0e69291e09659af764c459bc6da136264b27e7d0b62099d5c636,2015-04,West Mercia Police,West Mercia Police,-3.049444,52.926461,On or near Chirk Road,E01028920,Shropshire 003D,Violence and sexual offences,Unable to prosecute suspect,
,2015-04,West Mercia Police,West Mercia Police,-3.010659,52.920531,On or near Trevor Avenue,E01028921,Shropshire 003E,Anti-social behaviour,,
,2015-04,West Mercia Police,West Mercia Police,-3.010255,52.923618,On or near Garden Village,E01028921,Shropshire 003E,Anti-social behaviour,,
,2015-04,West Mercia Police,West Mercia Police,-3.006218,52.925306,On or near Overton Road,E01028921,Shropshire 003E,Anti-social behaviour,,
42cb22674ceb89c8ef62813e8db02b37e587af824e5e4c6ae1d2fc4186dfb7d4,2015-04,West Mercia Police,West Mercia Police,-3.008924,52.923333,On or near Ifton Fields,E01028921,Shropshire 003E,Criminal damage and arson,Local resolution,
64345a4e0433bf2690cbf616592809a012930ec7988161e66d65225f46b48f22,2015-04,West Mercia Police,West Mercia Police,-3.008603,52.925529,On or near Petrol Station,E01028921,Shropshire 003E,Drugs,Offender given a caution,
e0b707f4c28cdb20abde887c94a246233fcd77c23c74efb6fa194ab323154608,2015-04,West Mercia Police,West Mercia Police,-2.993587,52.925224,On or near B5068,E01028921,Shropshire 003E,Other theft,Investigation complete; no suspect identified,
389d12c990aaf6533bf4f4796a87b7a00a261582f44b9a05e7b698bcff81aac7,2015-04,West Mercia Police,West Mercia Police,-2.999760,52.925837,On or near Baytree Close,E01028921,Shropshire 003E,Violence and sexual offences,Unable to prosecute suspect,
2a921812b69adfda2c820e6a46e4f9e3b02b07ae4c5f6345d2838318cbba6939,2015-04,West Mercia Police,West Mercia Police,-3.003839,52.923403,On or near Laburnam Close,E01028921,Shropshire 003E,Other crime,Unable to prosecute suspect,
,2015-04,West Mercia Police,West Mercia Police,-3.042540,52.914017,On or near A5,E01028925,Shropshire 003F,Anti-social behaviour,,
,2015-04,West Mercia Police,West Mercia Police,-3.042540,52.914017,On or near A5,E01028925,Shropshire 003F,Anti-social behaviour,,
c771b741367c833180ccf00afa5f6df92544d0fefb4120cef4688f0adaba0a45,2015-04,West Mercia Police,West Mercia Police,-3.050204,52.925267,On or near Oaklands Road,E01028925,Shropshire 003F,Drugs,Offender given a caution,
,2015-04,West Mercia Police,West Mercia Police,-3.064690,52.914872,On or near Albert Square,E01028926,Shropshire 003G,Anti-social behaviour,,
,2015-04,West Mercia Police,West Mercia Police,-3.064690,52.914872,On or near Albert Square,E01028926,Shropshire 003G,Anti-social behaviour,,
,2015-04,West Mercia Police,West Mercia Police,-3.057585,52.916221,On or near Station Road,E01028926,Shropshire 003G,Anti-social behaviour,,
b3fe9e7fc806e07799e244db6a6bf9441b2a48b4cd79ef3f09590745a6870983,2015-04,West Mercia Police,West Mercia Police,-2.942152,52.919917,On or near Sports/Recreation Area,E01028864,Shropshire 004A,Other theft,Investigation complete; no suspect identified,
dd4994e991d529f85f30b53a9bb18b7a21d740dc5e6bc6bde92918cb61401038,2015-04,West Mercia Police,West Mercia Police,-2.938718,52.924789,On or near Revells Close,E01028864,Shropshire 004A,Other theft,Investigation complete; no suspect identified,
c26dc218f457e3644b889ac36c50e4a0175f88954073a312710289c8584d69d2,2015-04,West Mercia Police,West Mercia Police,-2.940555,52.925826,On or near Hill Park,E01028864,Shropshire 004A,Violence and sexual offences,Unable to prosecute suspect,
25fa4a3638af1ed31c1c36a0e4befe4b6cc22f23946b40b72c93d746f09d0d41,2015-04,West Mercia Police,West Mercia Police,-2.960801,52.925844,On or near Cross Lanes,E01028864,Shropshire 004A,Violence and sexual offences,Unable to prosecute suspect,
,2015-04,West Mercia Police,West Mercia Police,-2.892407,52.911536,On or near Swan Mere Park,E01028865,Shropshire 004B,Anti-social behaviour,,
,2015-04,West Mercia Police,West Mercia Police,-2.891233,52.906510,On or near St John'S Close,E01028866,Shropshire 004C,Anti-social behaviour,,
,2015-04,West Mercia Police,West Mercia Police,-2.893280,52.909174,On or near Sparbridge,E01028866,Shropshire 004C,Anti-social behaviour,,
,2015-04,West Mercia Police,West Mercia Police,-2.893496,52.908085,On or near Supermarket,E01028866,Shropshire 004C,Anti-social behaviour,,
,2015-04,West Mercia Police,West Mercia Police,-2.893211,52.907269,On or near High Street,E01028866,Shropshire 004C,Anti-social behaviour,,
,2015-04,West Mercia Police,West Mercia Police,-2.893280,52.909174,On or near Sparbridge,E01028866,Shropshire 004C,Anti-social behaviour,,
42b3cf4301a4b6df65f2b6f1e129b8242ab55e925a77857c7ec2bc2433778dfa,2015-04,West Mercia Police,West Mercia Police,-2.891887,52.907944,On or near Watergate Street,E01028866,Shropshire 004C,Criminal damage and arson,Investigation complete; no suspect identified,
62af8e4151a8328fb476c9f8c4afed80cf6139afc745c8a752d096599ada7287,2015-04,West Mercia Police,West Mercia Police,-2.890787,52.907970,On or near Petrol Station,E01028866,Shropshire 004C,Other theft,Investigation complete; no suspect identified,
f9f40ea01a18d23db7269c6a09ccff7a134e738a5c710509b4f407e29a3e1843,2015-04,West Mercia Police,West Mercia Police,-2.893496,52.908085,On or near Supermarket,E01028866,Shropshire 004C,Shoplifting,Investigation complete; no suspect identified,
4e7b61e4b9c5e2f945d798da2d40b284efe81576f13b6d87b12ef50f82539de9,2015-04,West Mercia Police,West Mercia Police,-2.893496,52.908085,On or near Supermarket,E01028866,Shropshire 004C,Shoplifting,Investigation complete; no suspect identified,
eec4a9749300ab88d3261402bb5d890edb318eed727cffe70fd21ead6da2c9a5,2015-04,West Mercia Police,West Mercia Police,-2.893496,52.908085,On or near Supermarket,E01028866,Shropshire 004C,Shoplifting,Investigation complete; no suspect identified,
451f01fd2ac0c7523eb7c3e6a64b716a56a967d994466f6bc4f664d2d1899028,2015-04,West Mercia Police,West Mercia Police,-2.891887,52.907944,On or near Watergate Street,E01028866,Shropshire 004C,Violence and sexual offences,Unable to prosecute suspect,
e4810c9cf7e54aa75a70f51a5a9eaf4b751dd4734c8a560476c44be9971a1c1a,2015-04,West Mercia Police,West Mercia Police,-2.895369,52.906659,On or near Scotland Street,E01028866,Shropshire 004C,Violence and sexual offences,Unable to prosecute suspect,
effa9e0f881518f436638e9f7071415c9d1baa66cfd40479765b1eaeb507e6db,2015-04,West Mercia Police,West Mercia Police,-2.889942,52.908084,On or near Church Street,E01028866,Shropshire 004C,Violence and sexual offences,Investigation complete; no suspect identified,
9fa7a076aad6a1f5d57b388f03bab83929d3afd518d6234437ac03f235b50357,2015-04,West Mercia Police,West Mercia Police,-2.818025,52.904439,On or near B5063,E01028866,Shropshire 004C,Violence and sexual offences,Investigation complete; no suspect identified,
,2015-04,West Mercia Police,West Mercia Police,-2.899884,52.906409,On or near Stanham Close,E01028867,Shropshire 004D,Anti-social behaviour,,
bc0124b229e85d75f3f979b41d498e9e2b8b97e977468eaf1a0d621cc0ce7fa1,2015-04,West Mercia Police,West Mercia Police,-2.897950,52.905615,On or near Laurels Close,E01028867,Shropshire 004D,Bicycle theft,Investigation complete; no suspect identified,
415b39ab58e3c83f91840feeb6ab2486613ac260763c685fa305f19af4a0f7ca,2015-04,West Mercia Police,West Mercia Police,-2.897950,52.905615,On or near Laurels Close,E01028867,Shropshire 004D,Criminal damage and arson,Investigation complete; no suspect identified,
a2ac7920fb424ae7bb65167f6c5400df810394e716432d9a0b82fe1f2b316e58,2015-04,West Mercia Police,West Mercia Police,-2.897950,52.905615,On or near Laurels Close,E01028867,Shropshire 004D,Criminal damage and arson,Investigation complete; no suspect identified,
3f73a4308a579a509a090e3a276d64820f19e2517c9cea448fbf59af50556586,2015-04,West Mercia Police,West Mercia Police,-2.897950,52.905615,On or near Laurels Close,E01028867,Shropshire 004D,Possession of weapons,Offender given a caution,
bb127ada5101cb812b77628d80645082895912e7e68676745f0e202830979406,2015-04,West Mercia Police,West Mercia Police,-2.903081,52.904983,On or near Scotland Street,E01028867,Shropshire 004D,Violence and sexual offences,Unable to prosecute suspect,
b485c89eabc1a1965536f27ce0b3a1511022dc34da5dcd5294844fea84837595,2015-04,West Mercia Police,West Mercia Police,-2.900574,52.856467,On or near School Field Close,E01028872,Shropshire 004E,Other theft,Investigation complete; no suspect identified,
2f914c81cf0f80d576043e8718c3933649cdf43495a3e02f8eb2fc199681ce3f,2015-04,West Mercia Police,West Mercia Police,-2.936166,52.894775,On or near A495,E01028872,Shropshire 004E,Other theft,Investigation complete; no suspect identified,
17834ab6a98ae1220e8948cafb87cc7ec66e2754c055380a9b7cf0501e9ee71e,2015-04,West Mercia Police,West Mercia Police,-2.936166,52.894775,On or near A495,E01028872,Shropshire 004E,Violence and sexual offences,Unable to prosecute suspect,
,2015-04,West Mercia Police,West Mercia Police,-2.480506,52.909485,On or near Farifields Road,E01028873,Shropshire 005A,Anti-social behaviour,,
,2015-04,West Mercia Police,West Mercia Police,-2.486903,52.907104,On or near Cheshire Gardens,E01028873,Shropshire 005A,Anti-social behaviour,,
,2015-04,West Mercia Police,West Mercia Police,-2.483342,52.903738,On or near High Street,E01028873,Shropshire 005A,Anti-social behaviour,,
,2015-04,West Mercia Police,West Mercia Police,-2.481894,52.907241,On or near Smithfield Close,E01028873,Shropshire 005A,Anti-social behaviour,,
,2015-04,West Mercia Police,West Mercia Police,-2.486903,52.907104,On or near Cheshire Gardens,E01028873,Shropshire 005A,Anti-social behaviour,,
,2015-04,West Mercia Police,West Mercia Police,-2.483342,52.903738,On or near High Street,E01028873,Shropshire 005A,Anti-social behaviour,,
,2015-04,West Mercia Police,West Mercia Police,-2.486903,52.907104,On or near Cheshire Gardens,E01028873,Shropshire 005A,Anti-social behaviour,,
,2015-04,West Mercia Police,West Mercia Police,-2.485710,52.904160,On or near Parking Area,E01028873,Shropshire 005A,Anti-social behaviour,,
,2015-04,West Mercia Police,West Mercia Police,-2.486650,52.904462,On or near Frogmore Road,E01028873,Shropshire 005A,Anti-social behaviour,,
,2015-04,West Mercia Police,West Mercia Police,-2.482760,52.904873,On or near Stafford Street,E01028873,Shropshire 005A,Anti-social behaviour,,
,2015-04,West Mercia Police,West Mercia Police,-2.486650,52.904462,On or near Frogmore Road,E01028873,Shropshire 005A,Anti-social behaviour,,
,2015-04,West Mercia Police,West Mercia Police,-2.483342,52.903738,On or near High Street,E01028873,Shropshire 005A,Anti-social behaviour,,
,2015-04,West Mercia Police,West Mercia Police,-2.485710,52.904160,On or near Parking Area,E01028873,Shropshire 005A,Anti-social behaviour,,
e5dcb8d0662acf1dfef7de1b8385933a5d2c75bf4aa09659c60d132247c0b67c,2015-04,West Mercia Police,West Mercia Police,-2.483342,52.903738,On or near High Street,E01028873,Shropshire 005A,Burglary,Investigation complete; no suspect identified,
83b54ddcfe5a2329a95204d186c5e00c6c9e8e403bcd8832ae9f2aa8216d38c5,2015-04,West Mercia Police,West Mercia Police,-2.483342,52.903738,On or near High Street,E01028873,Shropshire 005A,Burglary,Investigation complete; no suspect identified,
a917e96f54a3985e0651d47d4f220f16a52258097543e12e089521f083639971,2015-04,West Mercia Police,West Mercia Police,-2.485710,52.904160,On or near Parking Area,E01028873,Shropshire 005A,Burglary,Investigation complete; no suspect identified,
9a4baccbd9f7cc9f4ba3139775d66f17a1f61cd63395e347526868c8a5f3363d,2015-04,West Mercia Police,West Mercia Police,-2.485710,52.904160,On or near Parking Area,E01028873,Shropshire 005A,Criminal damage and arson,Investigation complete; no suspect identified,
0770b5d99bc60e50f3e85cf0c12df7ceb817b76a6a14ac38f25913e15ba7e6a2,2015-04,West Mercia Police,West Mercia Police,-2.482644,52.909216,On or near Campbell Road,E01028873,Shropshire 005A,Criminal damage and arson,Investigation complete; no suspect identified,
4b8dc03bbacca8b54970b61ee2a04bbb15313b39efaa2d9d991c2bd954d11e61,2015-04,West Mercia Police,West Mercia Police,-2.481894,52.907241,On or near Smithfield Close,E01028873,Shropshire 005A,Criminal damage and arson,Investigation complete; no suspect identified,
39d5ff424c6e8da1ed371b39bc2f765e85548843f538919be6177dbcc7249011,2015-04,West Mercia Police,West Mercia Police,-2.488500,52.910315,On or near Bert Smith Way,E01028873,Shropshire 005A,Criminal damage and arson,Investigation complete; no suspect identified,
e55c4e36eae0b4e4faa18b0e30ee8247006d4f460cfa8cce49844729b28912bc,2015-04,West Mercia Police,West Mercia Police,-2.480506,52.909485,On or near Farifields Road,E01028873,Shropshire 005A,Criminal damage and arson,Investigation complete; no suspect identified,
78b59c878967f4b23218711c13ca0b88929b5c41ab446dca38e81835f7bbde2a,2015-04,West Mercia Police,West Mercia Police,-2.485537,52.904646,On or near Supermarket,E01028873,Shropshire 005A,Criminal damage and arson,Unable to prosecute suspect,
9b0a3954d49c978c19ae920d06da4bfcc91d060d67f86730bfa6df32e5af5d38,2015-04,West Mercia Police,West Mercia Police,-2.485710,52.904160,On or near Parking Area,E01028873,Shropshire 005A,Other theft,Court result unavailable,
b8531cae18357fcffb89d0b4ed18d678768a5ab87e241659deadb1cf1403b3f9,2015-04,West Mercia Police,West Mercia Police,-2.489436,52.908864,On or near Parking Area,E01028873,Shropshire 005A,Other theft,Court result unavailable,
f41616158c6c8866ac2fff31f0ed31d76cc478a7b19e1c6ab2b710a49f7cb5e7,2015-04,West Mercia Police,West Mercia Police,-2.482760,52.904873,On or near Stafford Street,E01028873,Shropshire 005A,Possession of weapons,Offender sent to prison,
8657df6c760620443c851269e70ed34f75072e0363f89b3536607b7d8bf61d1f,2015-04,West Mercia Police,West Mercia Police,-2.485537,52.904646,On or near Supermarket,E01028873,Shropshire 005A,Shoplifting,Offender given community sentence,
d140a4f6349c03a3108290266431c3a5a046fa1663dbed0ab88a45d220528002,2015-04,West Mercia Police,West Mercia Police,-2.486903,52.907104,On or near Cheshire Gardens,E01028873,Shropshire 005A,Shoplifting,Offender sent to prison,
1aa6ae0559ebae0f07c73953dbc2cb39e4473e2a9dacee3d6b90e033f45aa104,2015-04,West Mercia Police,West Mercia Police,-2.485459,52.905572,On or near Queen Street,E01028873,Shropshire 005A,Shoplifting,Offender given community sentence,
438b905676248aaeed7c85350ed89f62c17f32c13c9095408c79375131a09c78,2015-04,West Mercia Police,West Mercia Police,-2.485459,52.905572,On or near Queen Street,E01028873,Shropshire 005A,Shoplifting,Offender sent to prison,
ba2310171cf7351eee2acc2e1cea6eb9860d123f400271ac4bb6f2e4047859c6,2015-04,West Mercia Police,West Mercia Police,-2.489436,52.908864,On or near Parking Area,E01028873,Shropshire 005A,Shoplifting,Investigation complete; no suspect identified,
5f7ca74d4d701dbc8ee35c0ce4ef947f6698d3910eddc1139ab008bd9b5ec26d,2015-04,West Mercia Police,West Mercia Police,-2.485459,52.905572,On or near Queen Street,E01028873,Shropshire 005A,Shoplifting,Investigation complete; no suspect identified,
592b0f9cd752778d6bc3110e6d4314bdf4fa11f8fd08e0196c7ba0bc3ba9afee,2015-04,West Mercia Police,West Mercia Police,-2.485459,52.905572,On or near Queen Street,E01028873,Shropshire 005A,Shoplifting,Offender sent to prison,
48098072fda906f92730122bb32b051060010207d231e1f9a46c2f31eaec7f91,2015-04,West Mercia Police,West Mercia Police,-2.485459,52.905572,On or near Queen Street,E01028873,Shropshire 005A,Shoplifting,Offender sent to prison,
007eff211c5417b16314a8aa017d59e4d7461a08e28b29839163363ea7a47f25,2015-04,West Mercia Police,West Mercia Police,-2.485459,52.905572,On or near Queen Street,E01028873,Shropshire 005A,Shoplifting,Investigation complete; no suspect identified,
9ddb6604d2d5540ca6390622ba35739cb7c296f89fc25d1e8c124fd99c30f59f,2015-04,West Mercia Police,West Mercia Police,-2.485459,52.905572,On or near Queen Street,E01028873,Shropshire 005A,Shoplifting,Offender sent to prison,
46454d5cee101c85e35dc83c619d9012c1ad30308ea8874764d9b4e62c4e61f4,2015-04,West Mercia Police,West Mercia Police,-2.485459,52.905572,On or near Queen Street,E01028873,Shropshire 005A,Shoplifting,Court result unavailable,
d8978f4b829d47374d35b5393ced1dc8c60008eef406bcaa450718e4d1849d43,2015-04,West Mercia Police,West Mercia Police,-2.482760,52.904873,On or near Stafford Street,E01028873,Shropshire 005A,Shoplifting,Offender sent to prison,
635a2a5c0f11500afd6a38a301d8cc8137b3fb4fbefa0fd69fc56062ff869dd9,2015-04,West Mercia Police,West Mercia Police,-2.485537,52.904646,On or near Supermarket,E01028873,Shropshire 005A,Shoplifting,Court result unavailable,
4c7dd22ff598067a089e2f20d5d9dd7f631d426a84ae05f2bdc7384f4e9a7679,2015-04,West Mercia Police,West Mercia Police,-2.482590,52.905665,On or near Dairy Close,E01028873,Shropshire 005A,Violence and sexual offences,Investigation complete; no suspect identified,
0ddccd1c3ce7d537e41780cd7f1050414f396c31661c072afdb16c4b9deeb486,2015-04,West Mercia Police,West Mercia Police,-2.483342,52.903738,On or near High Street,E01028873,Shropshire 005A,Violence and sexual offences,Investigation complete; no suspect identified,
d56b4ce732e44535fa733ad55ee920862775731796427c4feea53045ca87547a,2015-04,West Mercia Police,West Mercia Police,-2.486650,52.904462,On or near Frogmore Road,E01028873,Shropshire 005A,Violence and sexual offences,Offender given a caution,
3144723fef7c0b0ad0add45fc84e725c90005dcc05405e55bbf6328133691398,2015-04,West Mercia Police,West Mercia Police,-2.485537,52.904646,On or near Supermarket,E01028873,Shropshire 005A,Violence and sexual offences,Unable to prosecute suspect,
b2cb878612d816bc59ed4510906425d4d4d08e425a95a936774f7ec1c22e900b,2015-04,West Mercia Police,West Mercia Police,-2.483342,52.903738,On or near High Street,E01028873,Shropshire 005A,Violence and sexual offences,Unable to prosecute suspect,
e3f04f5495889f57384a43e0d506df1eefebaba0cc97b9fd018ca626c6a2b46e,2015-04,West Mercia Police,West Mercia Police,-2.482760,52.904873,On or near Stafford Street,E01028873,Shropshire 005A,Violence and sexual offences,Investigation complete; no suspect identified,
711aecfd49773ec31687bf3860ed21dc9fea299b7126304b0598c624369ab45e,2015-04,West Mercia Police,West Mercia Police,-2.483998,52.905273,On or near Parking Area,E01028873,Shropshire 005A,Violence and sexual offences,Offender given a caution,
6e08eb50ee4409714a65d7c53d174b1929428a5107a6f0ba522fc2752c58de71,2015-04,West Mercia Police,West Mercia Police,-2.489436,52.908864,On or near Parking Area,E01028873,Shropshire 005A,Violence and sexual offences,Unable to prosecute suspect,
3e38ecd1b5097b264c5308998ec3e7f4dec56f59e8211683678fdb4939dcd197,2015-04,West Mercia Police,West Mercia Police,-2.480506,52.909485,On or near Farifields Road,E01028873,Shropshire 005A,Violence and sexual offences,Investigation complete; no suspect identified,
,2015-04,West Mercia Police,West Mercia Police,-2.474720,52.907953,On or near Sports/Recreation Area,E01028874,Shropshire 005B,Anti-social behaviour,,
,2015-04,West Mercia Police,West Mercia Police,-2.480535,52.906689,On or near Longlands Lane,E01028874,Shropshire 005B,Anti-social behaviour,,
,2015-04,West Mercia Police,West Mercia Police,-2.472572,52.908636,On or near Betton Road,E01028874,Shropshire 005B,Anti-social behaviour,,
,2015-04,West Mercia Police,West Mercia Police,-2.477303,52.910253,On or near Warwick Close,E01028874,Shropshire 005B,Anti-social behaviour,,
,2015-04,West Mercia Police,West Mercia Police,-2.474720,52.907953,On or near Sports/Recreation Area,E01028874,Shropshire 005B,Anti-social behaviour,,
,2015-04,West Mercia Police,West Mercia Police,-2.472572,52.908636,On or near Betton Road,E01028874,Shropshire 005B,Anti-social behaviour,,
,2015-04,West Mercia Police,West Mercia Police,-2.474720,52.907953,On or near Sports/Recreation Area,E01028874,Shropshire 005B,Anti-social behaviour,,
,2015-04,West Mercia Police,West Mercia Police,-2.472572,52.908636,On or near Betton Road,E01028874,Shropshire 005B,Anti-social behaviour,,
,2015-04,West Mercia Police,West Mercia Police,-2.472897,52.909803,On or near Waterside Drive,E01028874,Shropshire 005B,Anti-social behaviour,,
,2015-04,West Mercia Police,West Mercia Police,-2.472897,52.909803,On or near Waterside Drive,E01028874,Shropshire 005B,Anti-social behaviour,,
4ae9b590bd1e744f246db5a7b7cdadba96a9df6f182a1de08643be6f315bf76b,2015-04,West Mercia Police,West Mercia Police,-2.472897,52.909803,On or near Waterside Drive,E01028874,Shropshire 005B,Criminal damage and arson,Investigation complete; no suspect identified,
e9f94c4b89edea15a50059835423b0e761a3112ffd352230d8e6df09e517ea9b,2015-04,West Mercia Police,West Mercia Police,-2.477955,52.905980,On or near Stafford Street,E01028874,Shropshire 005B,Criminal damage and arson,Investigation complete; no suspect identified,
bd2d7c32c214b381defc2540588fa6b5a494843b01e313877124c89c23d797f6,2015-04,West Mercia Police,West Mercia Police,-2.479644,52.904122,On or near Great Hales Street,E01028874,Shropshire 005B,Criminal damage and arson,Investigation complete; no suspect identified,
1550bb641ca503a494bb3cc8a5167f54641a690fde5228a8ef73ef21acebc2ce,2015-04,West Mercia Police,West Mercia Police,-2.472897,52.909803,On or near Waterside Drive,E01028874,Shropshire 005B,Criminal damage and arson,Investigation complete; no suspect identified,
4337e3f74457ea7eb33645539587fe18c4ab5c61ef4172cf3d6e174d406f47de,2015-04,West Mercia Police,West Mercia Police,-2.474643,52.909014,On or near Balmoral Drive,E01028874,Shropshire 005B,Criminal damage and arson,Investigation complete; no suspect identified,
fe779096f7d8205cff12249d87c26771df9ec88da895f4a793a220b2d5ec40e7,2015-04,West Mercia Police,West Mercia Police,-2.474862,52.910038,On or near Windsor Drive,E01028874,Shropshire 005B,Public order,Investigation complete; no suspect identified,
4e5a519fb23ba89293c1bf9b6900fa96208ffc3deae91a806246a3f69e73b6a2,2015-04,West Mercia Police,West Mercia Police,-2.474720,52.907953,On or near Sports/Recreation Area,E01028874,Shropshire 005B,Violence and sexual offences,Offender given a caution,
db1e71f36ee70e66d0592d36f404955417b17645fbfeba7a9acedd1053b4bf72,2015-04,West Mercia Police,West Mercia Police,-2.476928,52.908645,On or near Sports/Recreation Area,E01028874,Shropshire 005B,Violence and sexual offences,Unable to prosecute suspect,
,2015-04,West Mercia Police,West Mercia Police,-2.493416,52.912345,On or near Parking Area,E01028875,Shropshire 005C,Anti-social behaviour,,
,2015-04,West Mercia Police,West Mercia Police,-2.492104,52.909464,On or near Hampton Drive,E01028875,Shropshire 005C,Anti-social behaviour,,
,2015-04,West Mercia Police,West Mercia Police,-2.497290,52.906557,On or near Ridings Close,E01028875,Shropshire 005C,Anti-social behaviour,,
,2015-04,West Mercia Police,West Mercia Police,-2.499203,52.903520,On or near Pine Close,E01028875,Shropshire 005C,Anti-social behaviour,,
291103159ee19a50a55bcc6cf9d44887e9563e1558adb51dcbb23f1ce098f613,2015-04,West Mercia Police,West Mercia Police,-2.498487,52.902057,On or near Grotto Road,E01028875,Shropshire 005C,Criminal damage and arson,Investigation complete; no suspect identified,
4bba8d19e41d55b67799a16d5b3669f5c6bc0eba0e8f1fb3308f6c8bb8bda3ba,2015-04,West Mercia Police,West Mercia Police,-2.494194,52.911514,On or near Bevan Way,E01028875,Shropshire 005C,Vehicle crime,Unable to prosecute suspect,
2f2003c641ee77dc09eccf466999c9367a9bbaa2349a75dde6e4a98d038f3a08,2015-04,West Mercia Police,West Mercia Police,-2.490135,52.907585,On or near Ashbourne Drive,E01028875,Shropshire 005C,Violence and sexual offences,Unable to prosecute suspect,
,2015-04,West Mercia Police,West Mercia Police,-2.498282,52.900980,On or near Simons Road,E01028876,Shropshire 005D,Anti-social behaviour,,
,2015-04,West Mercia Police,West Mercia Police,-2.489959,52.902569,On or near Clive Road,E01028876,Shropshire 005D,Anti-social behaviour,,
,2015-04,West Mercia Police,West Mercia Police,-2.488803,52.905451,On or near Frogmore Close,E01028876,Shropshire 005D,Anti-social behaviour,,
b2a363e5f318a31284031d5c0b2aa6c999ff263c745e9dfa1c17038352b93507,2015-04,West Mercia Police,West Mercia Police,-2.486938,52.902258,On or near Shropshire Street,E01028876,Shropshire 005D,Criminal damage and arson,Investigation complete; no suspect identified,
a02cba410d788672637615a9750fd0b4765adae80a79a925c40cb86b1795c278,2015-04,West Mercia Police,West Mercia Police,-2.500909,52.900591,On or near Kings Avenue,E01028876,Shropshire 005D,Public order,Unable to prosecute suspect,
35ada864f1ee1e8ad017e861b879e7c8b9680e326a7b413d81dbe0f2abbfe6cf,2015-04,West Mercia Police,West Mercia Police,-2.495515,52.903445,On or near Butts Road,E01028876,Shropshire 005D,Public order,Offender given a caution,
a5c6bf0c5fabfb360406b21c733c06d8f8b8330f21d49bbca46bad87533c7bd2,2015-04,West Mercia Police,West Mercia Police,-2.502689,52.900260,On or near Hospital Lane,E01028876,Shropshire 005D,Violence and sexual offences,Unable to prosecute suspect,
,2015-04,West Mercia Police,West Mercia Police,-2.507068,52.899756,On or near Ellesmere Grove,E01028877,Shropshire 005E,Anti-social behaviour,,
,2015-04,West Mercia Police,West Mercia Police,-2.507068,52.899756,On or near Ellesmere Grove,E01028877,Shropshire 005E,Anti-social behaviour,,
,2015-04,West Mercia Police,West Mercia Police,-2.520428,52.896875,On or near Shrewsbury Road,E01028877,Shropshire 005E,Anti-social behaviour,,
,2015-04,West Mercia Police,West Mercia Police,-2.484344,52.902916,On or near Church Street,E01028878,Shropshire 005F,Anti-social behaviour,,
,2015-04,West Mercia Police,West Mercia Police,-2.482781,52.902824,On or near Phoenix Bank,E01028878,Shropshire 005F,Anti-social behaviour,,
,2015-04,West Mercia Police,West Mercia Police,-2.506413,52.897098,On or near Westminster Drive,E01028878,Shropshire 005F,Anti-social behaviour,,
,2015-04,West Mercia Police,West Mercia Police,-2.484395,52.903563,On or near Shropshire Street,E01028878,Shropshire 005F,Anti-social behaviour,,
,2015-04,West Mercia Police,West Mercia Police,-2.491499,52.898041,On or near Summerhill Gardens,E01028878,Shropshire 005F,Anti-social behaviour,,
,2015-04,West Mercia Police,West Mercia Police,-2.483937,52.901129,On or near Newtown,E01028878,Shropshire 005F,Anti-social behaviour,,
,2015-04,West Mercia Police,West Mercia Police,-2.482781,52.902824,On or near Phoenix Bank,E01028878,Shropshire 005F,Anti-social behaviour,,
,2015-04,West Mercia Police,West Mercia Police,-2.484344,52.902916,On or near Church Street,E01028878,Shropshire 005F,Anti-social behaviour,,
,2015-04,West Mercia Police,West Mercia Police,-2.491499,52.898041,On or near Summerhill Gardens,E01028878,Shropshire 005F,Anti-social behaviour,,
,2015-04,West Mercia Police,West Mercia Police,-2.484344,52.902916,On or near Church Street,E01028878,Shropshire 005F,Anti-social behaviour,,
,2015-04,West Mercia Police,West Mercia Police,-2.484344,52.902916,On or near Church Street,E01028878,Shropshire 005F,Anti-social behaviour,,
6c765e74829bb5c83c767d059040b186c4f735734a534267afef525433fb550b,2015-04,West Mercia Police,West Mercia Police,-2.484395,52.903563,On or near Shropshire Street,E01028878,Shropshire 005F,Criminal damage and arson,Unable to prosecute suspect,
ce946ad2f878119bfe9565615673a6e82c80e90cfb613e145541deb1fc8bfbca,2015-04,West Mercia Police,West Mercia Police,-2.484344,52.902916,On or near Church Street,E01028878,Shropshire 005F,Other theft,Investigation complete; no suspect identified,
05b5afbf815717d21c3984e0039964085317cb51677c4ca3b9dc66e6514f52ab,2015-04,West Mercia Police,West Mercia Police,-2.491499,52.898041,On or near Summerhill Gardens,E01028878,Shropshire 005F,Violence and sexual offences,Unable to prosecute suspect,
aa04fa0b26ff48137899146f0cfafdbb4dab025f33a4c669b9ed06207b8dbca7,2015-04,West Mercia Police,West Mercia Police,-2.506413,52.897098,On or near Westminster Drive,E01028878,Shropshire 005F,Violence and sexual offences,Unable to prosecute suspect,
,2015-04,West Mercia Police,West Mercia Police,-2.497803,52.898141,On or near Melrose Crescent,E01028879,Shropshire 005G,Anti-social behaviour,,
,2015-04,West Mercia Police,West Mercia Police,-2.490065,52.901346,On or near Market Drayton Police Station,E01028879,Shropshire 005G,Anti-social behaviour,,
,2015-04,West Mercia Police,West Mercia Police,-2.494824,52.900194,On or near Salisbury Road,E01028879,Shropshire 005G,Anti-social behaviour,,
,2015-04,West Mercia Police,West Mercia Police,-2.497565,52.899400,On or near Charlesway,E01028879,Shropshire 005G,Anti-social behaviour,,
,2015-04,West Mercia Police,West Mercia Police,-2.494824,52.900194,On or near Salisbury Road,E01028879,Shropshire 005G,Anti-social behaviour,,
,2015-04,West Mercia Police,West Mercia Police,-2.497565,52.899400,On or near Charlesway,E01028879,Shropshire 005G,Anti-social behaviour,,
,2015-04,West Mercia Police,West Mercia Police,-2.498453,52.899100,On or near Bartons Lane,E01028879,Shropshire 005G,Anti-social behaviour,,
3a32351a3a8ecd1494db4f255849ba2f05e9da8237a3fb0c06b5267968638521,2015-04,West Mercia Police,West Mercia Police,-2.500732,52.899486,On or near Holly Drive,E01028879,Shropshire 005G,Burglary,Investigation complete; no suspect identified,
9943b858e6e917b15a50a845d1831f1b0f15e2292c07bd74b8921fd97baade24,2015-04,West Mercia Police,West Mercia Police,-2.490429,52.900689,On or near The Oval,E01028879,Shropshire 005G,Criminal damage and arson,Investigation complete; no suspect identified,
2c06c502e5b30bbe68bf3e35e874fc7e25c21832fcbbed078d2c3f9aded27a16,2015-04,West Mercia Police,West Mercia Police,-2.500732,52.899486,On or near Holly Drive,E01028879,Shropshire 005G,Shoplifting,Investigation complete; no suspect identified,
09bd6d3cf2e7ef1feb2d83cb40e8d0ece3d3119763f0135e2c6132101e9a799f,2015-04,West Mercia Police,West Mercia Police,-2.498992,52.898082,On or near Clifford Road,E01028879,Shropshire 005G,Violence and sexual offences,Unable to prosecute suspect,
688ddb464ddaab62f3d071631c6526c91cbbbac5a9d21571cd349be29129815b,2015-04,West Mercia Police,West Mercia Police,-2.494824,52.900194,On or near Salisbury Road,E01028879,Shropshire 005G,Violence and sexual offences,Unable to prosecute suspect,
47d0f5b4b6a4dc8b59f31d853b3d8212d2055ada5da919c039717bc3baeface6,2015-04,West Mercia Police,West Mercia Police,-2.494550,52.899656,On or near Red Bank Lane,E01028879,Shropshire 005G,Violence and sexual offences,Unable to prosecute suspect,
1e26eae8e18cdcde3c53534a76082721e950b17e28ee46b39d33e1037c1749f7,2015-04,West Mercia Police,West Mercia Police,-2.497565,52.899400,On or near Charlesway,E01028879,Shropshire 005G,Violence and sexual offences,Unable to prosecute suspect,
d91086eb4619fb38a15b4ea0900f726193d2f6f3e3c6f924fd3596b54c649465,2015-04,West Mercia Police,West Mercia Police,-3.047788,52.859717,On or near Powis Avenue,E01028902,Shropshire 006C,Criminal damage and arson,Investigation complete; no suspect identified,
339a962b8dac4cde6c7707f57631e3c33c49eb7c9db8b4dc17ad041fb10d52b6,2015-04,West Mercia Police,West Mercia Police,-3.045778,52.859510,On or near Ardmillan Close,E01028902,Shropshire 006C,Criminal damage and arson,Unable to prosecute suspect,
ce7592869c6dd5a79c66845061fb82cb5741de1c168a26c554aee542cd5882f3,2015-04,West Mercia Police,West Mercia Police,-3.043913,52.860992,On or near Monkmoor Road,E01028902,Shropshire 006C,Criminal damage and arson,Investigation complete; no suspect identified,
e207cd57ff36c7b1b6cec923457527f925c6238c7fd7b5cee19b2ef644deebca,2015-04,West Mercia Police,West Mercia Police,-3.045778,52.859510,On or near Ardmillan Close,E01028902,Shropshire 006C,Violence and sexual offences,Unable to prosecute suspect,
91e5637fc67b7f5b6a5bf522b8bdf5f6dd66a2a90a6f054b7ff82f0766ad4346,2015-04,West Mercia Police,West Mercia Police,-3.045778,52.859510,On or near Ardmillan Close,E01028902,Shropshire 006C,Violence and sexual offences,Unable to prosecute suspect,
,2015-04,West Mercia Police,West Mercia Police,-3.040456,52.864897,On or near Windsor Close,E01028903,Shropshire 006D,Anti-social behaviour,,
,2015-04,West Mercia Police,West Mercia Police,-3.040750,52.859806,On or near Supermarket,E01028903,Shropshire 006D,Anti-social behaviour,,
e8d7c60919400d87970a08284b54ed3166b5c25f599a80f632f5b454df0f9120,2015-04,West Mercia Police,West Mercia Police,-3.042198,52.860108,On or near Gower Place,E01028903,Shropshire 006D,Violence and sexual offences,Unable to prosecute suspect,
8437c3472a74742c8283b0be3ecae6180c388c94841e1d5e48757e4313386395,2015-04,West Mercia Police,West Mercia Police,-3.043369,52.863721,On or near Queen Elizabeth Close,E01028903,Shropshire 006D,Violence and sexual offences,Defendant found not guilty,
76038ea3736f46017366c253a5f5a5da32c78d8bad13c9eeb7d475f4b68a1838,2015-04,West Mercia Police,West Mercia Police,-3.043369,52.863721,On or near Queen Elizabeth Close,E01028903,Shropshire 006D,Violence and sexual offences,Defendant found not guilty,
,2015-04,West Mercia Police,West Mercia Police,-3.033969,52.846336,On or near Maes-Y-Clawdd,E01028904,Shropshire 006E,Anti-social behaviour,,
,2015-04,West Mercia Police,West Mercia Police,-3.033969,52.846336,On or near Maes-Y-Clawdd,E01028904,Shropshire 006E,Anti-social behaviour,,
,2015-04,West Mercia Police,West Mercia Police,-3.043548,52.856312,On or near Cherry Tree Drive,E01028904,Shropshire 006E,Anti-social behaviour,,
,2015-04,West Mercia Police,West Mercia Police,-3.045025,52.856613,On or near Laburnum Drive,E01028904,Shropshire 006E,Anti-social behaviour,,
1c1d45984531836aec9e23aa60d8e08df99a449f5e60f7a7bd2068406a278af7,2015-04,West Mercia Police,West Mercia Police,-3.043548,52.856312,On or near Cherry Tree Drive,E01028904,Shropshire 006E,Criminal damage and arson,Local resolution,
cd6abc01a940a94b859d1cd14976b7a74f9b31f5d922f556afd224ace3f2d55b,2015-04,West Mercia Police,West Mercia Police,-3.033969,52.846336,On or near Maes-Y-Clawdd,E01028904,Shropshire 006E,Drugs,Offender given a drugs possession warning,
b329047359707bcb7b855a3d71e1d3a936804d407a0edd0d740527e60c6f1672,2015-04,West Mercia Police,West Mercia Police,-3.033969,52.846336,On or near Maes-Y-Clawdd,E01028904,Shropshire 006E,Other theft,Investigation complete; no suspect identified,
8bcf98ed3f46c6de2c4740fbea8f98a08e381595dc0cd61eb2342f942929493f,2015-04,West Mercia Police,West Mercia Police,-3.033969,52.846336,On or near Maes-Y-Clawdd,E01028904,Shropshire 006E,Other theft,Investigation complete; no suspect identified,
2fb1ee057b5a7621f3ba4d44e6b8e8fa26e4780c218de90eed17fff68aa68882,2015-04,West Mercia Police,West Mercia Police,-3.033969,52.846336,On or near Maes-Y-Clawdd,E01028904,Shropshire 006E,Other theft,Investigation complete; no suspect identified,
84155e500399f5f2fe4699196757abaa7e9622792ea4c7bdee7f7983ee22aa29,2015-04,West Mercia Police,West Mercia Police,-3.045274,52.853384,On or near Fir Grove,E01028904,Shropshire 006E,Other theft,Investigation complete; no suspect identified,
13c2464de712264497cc099dbfb969e298b62df1e6161ff639bf9737412c149e,2015-04,West Mercia Police,West Mercia Police,-3.043548,52.856312,On or near Cherry Tree Drive,E01028904,Shropshire 006E,Violence and sexual offences,Investigation complete; no suspect identified,
,2015-04,West Mercia Police,West Mercia Police,-3.035635,52.855842,On or near Maple Court,E01028905,Shropshire 006F,Anti-social behaviour,,
,2015-04,West Mercia Police,West Mercia Police,-3.038613,52.854899,On or near Parking Area,E01028905,Shropshire 006F,Anti-social behaviour,,
,2015-04,West Mercia Police,West Mercia Police,-3.040911,52.855364,On or near Lime Grove,E01028905,Shropshire 006F,Anti-social behaviour,,
,2015-04,West Mercia Police,West Mercia Police,-3.038613,52.854899,On or near Parking Area,E01028905,Shropshire 006F,Anti-social behaviour,,
,2015-04,West Mercia Police,West Mercia Police,-3.034495,52.855986,On or near Mandir Close,E01028905,Shropshire 006F,Anti-social behaviour,,
,2015-04,West Mercia Police,West Mercia Police,-3.035635,52.855842,On or near Maple Court,E01028905,Shropshire 006F,Anti-social behaviour,,
,2015-04,West Mercia Police,West Mercia Police,-3.037919,52.856298,On or near Elm Close,E01028905,Shropshire 006F,Anti-social behaviour,,
,2015-04,West Mercia Police,West Mercia Police,-3.039571,52.857084,On or near Lilac Grove,E01028905,Shropshire 006F,Anti-social behaviour,,
,2015-04,West Mercia Police,West Mercia Police,-3.039415,52.858002,On or near Llys Close,E01028905,Shropshire 006F,Anti-social behaviour,,
c7e99ef2597bd1eadb68254f4f03dcfad15fe549d895030f3132f5638c54b9ec,2015-04,West Mercia Police,West Mercia Police,-3.040160,52.859371,On or near Middleton Road,E01028905,Shropshire 006F,Burglary,Investigation complete; no suspect identified,
1e3100aff01167d2b0026dc8fb15e6e75e5aa6451be2acd920246922c3f4d73a,2015-04,West Mercia Police,West Mercia Police,-3.038613,52.854899,On or near Parking Area,E01028905,Shropshire 006F,Criminal damage and arson,Investigation complete; no suspect identified,
018314416ec5a7626a8ba01670332c7c50c80d5e372da3fe1362ef18ea02e96d,2015-04,West Mercia Police,West Mercia Police,-3.036989,52.857807,On or near Wilfred Owen Road,E01028905,Shropshire 006F,Drugs,Offender given a drugs possession warning,
7e09376558f09d5f5e9997c30269620028599259c5a51e4e0d4071f55af1852a,2015-04,West Mercia Police,West Mercia Police,-3.036989,52.857807,On or near Wilfred Owen Road,E01028905,Shropshire 006F,Drugs,Offender given a drugs possession warning,
76a5d35f616006e0e46ff9045cbb386204647eb7a2ecf24be269905672e6184e,2015-04,West Mercia Police,West Mercia Police,-3.038072,52.853995,On or near Further/Higher Educational Building,E01028905,Shropshire 006F,Possession of weapons,Defendant found not guilty,
e60a4f6f89da23114e6cfe54cf0efca087ecc523172f34fee08aba280f83b479,2015-04,West Mercia Police,West Mercia Police,-3.034352,52.857444,On or near Weaver Close,E01028905,Shropshire 006F,Violence and sexual offences,Unable to prosecute suspect,
b02ee2189b219bdc4cf96754bd35d8bd0b1f8c8bee2f96a804e6bac49c36c97e,2015-04,West Mercia Police,West Mercia Police,-3.038072,52.853995,On or near Further/Higher Educational Building,E01028905,Shropshire 006F,Violence and sexual offences,Offender sent to prison,
fb9b4e4aead32c624c613f69d7a80a5f6c58b87b8b5bfdabf72f01fff0b24841,2015-04,West Mercia Police,West Mercia Police,-3.040911,52.855364,On or near Lime Grove,E01028905,Shropshire 006F,Violence and sexual offences,Unable to prosecute suspect,
f43e94620e89ccf3cdf707b894ffc023da5d47bd349763f420ca178dc98c7103,2015-04,West Mercia Police,West Mercia Police,-3.038613,52.854899,On or near Parking Area,E01028905,Shropshire 006F,Violence and sexual offences,Investigation complete; no suspect identified,
,2015-04,West Mercia Police,West Mercia Police,-3.049556,52.864044,On or near Llwyn Fields,E01028909,Shropshire 006G,Anti-social behaviour,,
,2015-04,West Mercia Police,West Mercia Police,-3.049843,52.864850,On or near Gate Street,E01028909,Shropshire 006G,Anti-social behaviour,,
,2015-04,West Mercia Police,West Mercia Police,-3.046799,52.865525,On or near Offa Drive,E01028909,Shropshire 006G,Anti-social behaviour,,
ca67aab46354848c927fd7bcdfbca021340f7bb593bc7d2685ca73604787ef57,2015-04,West Mercia Police,West Mercia Police,-3.046209,52.866923,On or near Knights Way,E01028909,Shropshire 006G,Other theft,Investigation complete; no suspect identified,
,2015-04,West Mercia Police,West Mercia Police,-3.033963,52.866077,On or near Henley Drive,E01033528,Shropshire 006H,Anti-social behaviour,,
,2015-04,West Mercia Police,West Mercia Police,-3.034027,52.861915,On or near Balmoral Crescent,E01033528,Shropshire 006H,Anti-social behaviour,,
,2015-04,West Mercia Police,West Mercia Police,-3.033034,52.863892,On or near Grosvenor Road,E01033528,Shropshire 006H,Anti-social behaviour,,
3cf933f7f91ad8f7c678fe2693c4942900cab425e5e0d86c00cc2420dc704024,2015-04,West Mercia Police,West Mercia Police,-3.032575,52.858295,On or near Aston Close,E01033528,Shropshire 006H,Vehicle crime,Investigation complete; no suspect identified,
750197d53322925cbdbff49d87a96c7f55301af2f48fabc159baa8f1c2749e17,2015-04,West Mercia Police,West Mercia Police,-3.034027,52.861915,On or near Balmoral Crescent,E01033528,Shropshire 006H,Violence and sexual offences,Defendant found not guilty,
45490ed43d4e13aec055b1637a2edb98ad5fed5433484a9c9ec45570c1257e27,2015-04,West Mercia Police,West Mercia Police,-3.033034,52.863892,On or near Grosvenor Road,E01033528,Shropshire 006H,Violence and sexual offences,Unable to prosecute suspect,
7e74bfeece06d42acd141a2a778562c1b3bab4dfcbe0fbaba2935deb4e6b4ff2,2015-04,West Mercia Police,West Mercia Police,-3.034027,52.861915,On or near Balmoral Crescent,E01033528,Shropshire 006H,Violence and sexual offences,Defendant found not guilty,
233758c1b3b45f9ed376dd71905ed21efa89a20a00647c2f39662a4e9b41a7a8,2015-04,West Mercia Police,West Mercia Police,-3.036586,52.866459,On or near Ascot Close,E01033528,Shropshire 006H,Violence and sexual offences,Unable to prosecute suspect,
cd73de5bf379cae476e93ce3f477e580ed951c94ced4c2134c10026ccf80cd17,2015-04,West Mercia Police,West Mercia Police,-3.037898,52.865396,On or near Harlech Court,E01033528,Shropshire 006H,Violence and sexual offences,Investigation complete; no suspect identified,
7c96c03944d2b7c9c7036bf933ad0601b420dfb50c186c4056a3ef80c6e9bcd2,2015-04,West Mercia Police,West Mercia Police,-3.037898,52.865396,On or near Harlech Court,E01033528,Shropshire 006H,Violence and sexual offences,Investigation complete; no suspect identified,
b6c35417e752fae56c4082ee05eb0de99b8b9d40c37a095da8b1017f12536695,2015-04,West Mercia Police,West Mercia Police,-3.037898,52.865396,On or near Harlech Court,E01033528,Shropshire 006H,Violence and sexual offences,Unable to prosecute suspect,
,2015-04,West Mercia Police,West Mercia Police,-3.056002,52.859708,On or near New Street,E01028906,Shropshire 007A,Anti-social behaviour,,
,2015-04,West Mercia Police,West Mercia Police,-3.051797,52.861480,On or near Orchard Street,E01028906,Shropshire 007A,Anti-social behaviour,,
,2015-04,West Mercia Police,West Mercia Police,-3.056183,52.859823,On or near Nightclub,E01028906,Shropshire 007A,Anti-social behaviour,,
,2015-04,West Mercia Police,West Mercia Police,-3.051198,52.859436,On or near Supermarket,E01028906,Shropshire 007A,Anti-social behaviour,,
,2015-04,West Mercia Police,West Mercia Police,-3.054638,52.858605,On or near Supermarket,E01028906,Shropshire 007A,Anti-social behaviour,,
,2015-04,West Mercia Police,West Mercia Police,-3.052268,52.859489,On or near Coney Green,E01028906,Shropshire 007A,Anti-social behaviour,,
,2015-04,West Mercia Police,West Mercia Police,-3.056671,52.857922,On or near Church Street,E01028906,Shropshire 007A,Anti-social behaviour,,
,2015-04,West Mercia Police,West Mercia Police,-3.054303,52.859480,On or near Cross Street,E01028906,Shropshire 007A,Anti-social behaviour,,
,2015-04,West Mercia Police,West Mercia Police,-3.056255,52.854869,On or near West Street,E01028906,Shropshire 007A,Anti-social behaviour,,
,2015-04,West Mercia Police,West Mercia Police,-3.056183,52.859823,On or near Nightclub,E01028906,Shropshire 007A,Anti-social behaviour,,
,2015-04,West Mercia Police,West Mercia Police,-3.056106,52.857891,On or near Parking Area,E01028906,Shropshire 007A,Anti-social behaviour,,
,2015-04,West Mercia Police,West Mercia Police,-3.050155,52.862402,On or near Supermarket,E01028906,Shropshire 007A,Anti-social behaviour,,
,2015-04,West Mercia Police,West Mercia Police,-3.053829,52.860140,On or near Leg Street,E01028906,Shropshire 007A,Anti-social behaviour,,
,2015-04,West Mercia Police,West Mercia Police,-3.055269,52.858887,On or near Shopping Area,E01028906,Shropshire 007A,Anti-social behaviour,,
1c6e8670706fcd42affedbec3440c100be62316466305fb2fde029b196ed558c,2015-04,West Mercia Police,West Mercia Police,-3.051198,52.859436,On or near Supermarket,E01028906,Shropshire 007A,Bicycle theft,Court result unavailable,
760089c03d4ed613c021c8fe11518770acc489ae08acce63663bcb1ef5f1f56a,2015-04,West Mercia Police,West Mercia Police,-3.056212,52.860434,On or near Arthur Street,E01028906,Shropshire 007A,Burglary,Local resolution,
6eb115383bebc30acc4bd4a3dc9efc288eba4a91458a4593b7c2264b862a3cd4,2015-04,West Mercia Police,West Mercia Police,-3.053829,52.860140,On or near Leg Street,E01028906,Shropshire 007A,Criminal damage and arson,Offender fined,
10c94df14a229cb9c95388c95df7296fbc7121c29d715c848927b704d302edad,2015-04,West Mercia Police,West Mercia Police,-3.056002,52.859708,On or near New Street,E01028906,Shropshire 007A,Criminal damage and arson,Local resolution,
3d0a6be6d107468d3f336fab77ca20952f36d41c1e33856e30219d3970347992,2015-04,West Mercia Police,West Mercia Police,-3.057811,52.860797,On or near Willow Street,E01028906,Shropshire 007A,Criminal damage and arson,Offender given a caution,
ffa3ea690b531b8a0b89d2a6fc335838c1bcbd0c2b515b187a04ffa7b661e7a9,2015-04,West Mercia Police,West Mercia Police,-3.056002,52.859708,On or near New Street,E01028906,Shropshire 007A,Criminal damage and arson,Investigation complete; no suspect identified,
a5bb39956d61233ea85ae97f25ae42b66a22f68687bb7d7656db16f109f9eb49,2015-04,West Mercia Police,West Mercia Police,-3.057811,52.860797,On or near Willow Street,E01028906,Shropshire 007A,Criminal damage and arson,Investigation complete; no suspect identified,
5499e31cf9e1c93500ad0ef97a6433dec8f6223fa54cc0b68099ee6c03ee01e7,2015-04,West Mercia Police,West Mercia Police,-3.056255,52.854869,On or near West Street,E01028906,Shropshire 007A,Criminal damage and arson,Local resolution,
6e3d7e60e81113730289cca683507fcf4e4678f1e73989b4a181a2ddf9986e67,2015-04,West Mercia Police,West Mercia Police,-3.054690,52.861355,On or near Parking Area,E01028906,Shropshire 007A,Criminal damage and arson,Local resolution,
5f2f5af883c7683925ff90bd3b24fffae03c729a25c4612302b9387bf2934a13,2015-04,West Mercia Police,West Mercia Police,-3.053487,52.859505,On or near Leg Street,E01028906,Shropshire 007A,Criminal damage and arson,Investigation complete; no suspect identified,
f004201943354a5885d3473fa824133ace981615660c25ab2b10ed529fe8b239,2015-04,West Mercia Police,West Mercia Police,-3.056002,52.859708,On or near New Street,E01028906,Shropshire 007A,Other theft,Investigation complete; no suspect identified,
fdbca84a46894fec0cd70c4d3d7004db273d6ffb8e75a8c55a4c49b81f417c95,2015-04,West Mercia Police,West Mercia Police,-3.052268,52.859489,On or near Coney Green,E01028906,Shropshire 007A,Other theft,Investigation complete; no suspect identified,
383cee471a5f4f0b5fd4a1af10283c8dcb0be1df404e316b1efb8e75f30ff3d8,2015-04,West Mercia Police,West Mercia Police,-3.055269,52.858887,On or near Shopping Area,E01028906,Shropshire 007A,Other theft,Investigation complete; no suspect identified,
29cf2a2574203148b80bdc01cc073fc4b5a035fb9da8dc8be53a36b0faa6383a,2015-04,West Mercia Police,West Mercia Police,-3.055269,52.858887,On or near Shopping Area,E01028906,Shropshire 007A,Other theft,Investigation complete; no suspect identified,
ab3d3b941f5264ed4f7f25cbd0f539f39e1dd63ef8393be4bf1cddf2ccca5555,2015-04,West Mercia Police,West Mercia Police,-3.055269,52.858887,On or near Shopping Area,E01028906,Shropshire 007A,Other theft,Investigation complete; no suspect identified,
e8d35cd51c8016c988db98aedb0051f6e9341b464b280488ca5b92491c4bda73,2015-04,West Mercia Police,West Mercia Police,-3.056183,52.859823,On or near Nightclub,E01028906,Shropshire 007A,Other theft,Investigation complete; no suspect identified,
364ff74d6fce85d3d2c4daba4a252e8c42a29baf265667c20c22bce3fdf30fb3,2015-04,West Mercia Police,West Mercia Police,-3.056002,52.859708,On or near New Street,E01028906,Shropshire 007A,Public order,Offender given a caution,
48ceb961764cafc555b877d52967988ed283393937a00626c05d7b6f10883f55,2015-04,West Mercia Police,West Mercia Police,-3.056002,52.859708,On or near New Street,E01028906,Shropshire 007A,Public order,Unable to prosecute suspect,
107f52eff13b0ded1d2ca26dad5397815547763feb6cddba93c4d08441d91dbf,2015-04,West Mercia Police,West Mercia Police,-3.056106,52.857891,On or near Parking Area,E01028906,Shropshire 007A,Shoplifting,Court result unavailable,
432029621390f36677f433fec6cf7f79e242f4ed7ec6076c34dc19b720ae950e,2015-04,West Mercia Police,West Mercia Police,-3.050155,52.862402,On or near Supermarket,E01028906,Shropshire 007A,Shoplifting,Offender given community sentence,
67f08b18189b640242dd29390ecf6334b1813857b7d3fa0dde92875139eaec16,2015-04,West Mercia Police,West Mercia Police,-3.056106,52.857891,On or near Parking Area,E01028906,Shropshire 007A,Shoplifting,Court result unavailable,
234342862488ef2eff43908a4c710f6e83e384ff31de725589c0b189eed22531,2015-04,West Mercia Police,West Mercia Police,-3.054638,52.858605,On or near Supermarket,E01028906,Shropshire 007A,Shoplifting,Local resolution,
3d7530b04576c8b9833e1dad12a2ed75f425fefa892f250087827de7713ed009,2015-04,West Mercia Police,West Mercia Police,-3.055269,52.858887,On or near Shopping Area,E01028906,Shropshire 007A,Shoplifting,Court result unavailable,
bcdfbceef824940a2bfeb9a983c37b32b75516755084e463496757ba4f6ac10a,2015-04,West Mercia Police,West Mercia Police,-3.055269,52.858887,On or near Shopping Area,E01028906,Shropshire 007A,Shoplifting,Local resolution,
b4d44d0c129f31bf6f3868941081cb270d951d6e3001c3155e1f67686c419204,2015-04,West Mercia Police,West Mercia Police,-3.056070,52.861900,On or near Lord Street,E01028906,Shropshire 007A,Violence and sexual offences,Unable to prosecute suspect,
8988c6f002dffcb0b51decef8c36cc28d5a7fc54946a9abd2517259f3ab151f5,2015-04,West Mercia Police,West Mercia Police,-3.056002,52.859708,On or near New Street,E01028906,Shropshire 007A,Violence and sexual offences,Investigation complete; no suspect identified,
21ef1fb1ae3d252b84afbfc46470a9476c27be581be35fda96dd021b63634fa7,2015-04,West Mercia Police,West Mercia Police,-3.056183,52.859823,On or near Nightclub,E01028906,Shropshire 007A,Violence and sexual offences,Unable to prosecute suspect,
97f8c0c863d25092a52a3c3fe6e33a7bae65afebf68c94cdf814f5cd6aa0821e,2015-04,West Mercia Police,West Mercia Police,-3.053829,52.860140,On or near Leg Street,E01028906,Shropshire 007A,Violence and sexual offences,Unable to prosecute suspect,
428defd43602d7069ff6d344e6e93d60f1a364b7072f26c9a97ad8aab48f7e99,2015-04,West Mercia Police,West Mercia Police,-3.056002,52.859708,On or near New Street,E01028906,Shropshire 007A,Violence and sexual offences,Unable to prosecute suspect,
c078e87f587e1ec6cba8f22ea28a1cac01a8c89d0a155cef8cb0ae2ca8087889,2015-04,West Mercia Police,West Mercia Police,-3.056671,52.857922,On or near Church Street,E01028906,Shropshire 007A,Violence and sexual offences,Investigation complete; no suspect identified,
bc4dd5e3a92e47c13236aa0ef1f96f572990b806bf1533fad2ea8f14928fec5f,2015-04,West Mercia Police,West Mercia Police,-3.056002,52.859708,On or near New Street,E01028906,Shropshire 007A,Violence and sexual offences,Unable to prosecute suspect,
253b0533b44d7d8ec8cadd86f3ac3f445bc132e15178ee952adf83cf29e22f32,2015-04,West Mercia Police,West Mercia Police,-3.056183,52.859823,On or near Nightclub,E01028906,Shropshire 007A,Violence and sexual offences,Unable to prosecute suspect,
ae8722483c2956681dfc8fa5a026b8d6aefa8f63b5e59febd74373d8360d86b9,2015-04,West Mercia Police,West Mercia Police,-3.057811,52.860797,On or near Willow Street,E01028906,Shropshire 007A,Violence and sexual offences,Awaiting court outcome,
14d0741a8bef55a2dadcdd80cb7808e665a4397f67fe9a561d0d86a7585019cd,2015-04,West Mercia Police,West Mercia Police,-3.054303,52.859480,On or near Cross Street,E01028906,Shropshire 007A,Violence and sexual offences,Local resolution,
d8d7c7f5c934143aaada837981fc2b6794b8c24b5259d99ceba634d29802f62a,2015-04,West Mercia Police,West Mercia Police,-3.051822,52.859475,On or near Black Gate Street,E01028906,Shropshire 007A,Violence and sexual offences,Unable to prosecute suspect,
65fba541ded5c17f515e4deb4a3d23b4774844e04419946fe3402623686cfbea,2015-04,West Mercia Police,West Mercia Police,-3.056183,52.859823,On or near Nightclub,E01028906,Shropshire 007A,Violence and sexual offences,Unable to prosecute suspect,
06e5f404e140b90dde8c5778749e9d119f4b70b0b79602beb721c82b2918c84c,2015-04,West Mercia Police,West Mercia Police,-3.056002,52.859708,On or near New Street,E01028906,Shropshire 007A,Violence and sexual offences,Offender given community sentence,
4cec41c374e37d8aff0876e6be8c7b3ebbe22d7c543a8691cc1713fe331b098c,2015-04,West Mercia Police,West Mercia Police,-3.053829,52.860140,On or near Leg Street,E01028906,Shropshire 007A,Violence and sexual offences,Offender given conditional discharge,
1955b2f880b6e394d31ec86c91ade4d7cdcaa64c6ae23ec23e8421d2e0d50d3b,2015-04,West Mercia Police,West Mercia Police,-3.055269,52.858887,On or near Shopping Area,E01028906,Shropshire 007A,Violence and sexual offences,Investigation complete; no suspect identified,
f4e1fcd1057dda8792bc1c7cf35d20e27265f5fe111bf6e5bc9a2b730c7b229e,2015-04,West Mercia Police,West Mercia Police,-3.051822,52.859475,On or near Black Gate Street,E01028906,Shropshire 007A,Violence and sexual offences,Unable to prosecute suspect,
e1f98c9672acca41ea9a8af95719f2862677cde66285cc9a0400c9bdd68dec80,2015-04,West Mercia Police,West Mercia Police,-3.055269,52.858887,On or near Shopping Area,E01028906,Shropshire 007A,Violence and sexual offences,Unable to prosecute suspect,
917dcfc3ff279c29b5e61c91864271a531c9cdc44d020382a668c21d06a3e96a,2015-04,West Mercia Police,West Mercia Police,-3.051822,52.859475,On or near Black Gate Street,E01028906,Shropshire 007A,Violence and sexual offences,Unable to prosecute suspect,
d2409884130dfb62ace9c82af9b538fc31cc955299c528a14917efe9feb74500,2015-04,West Mercia Police,West Mercia Police,-3.053829,52.860140,On or near Leg Street,E01028906,Shropshire 007A,Violence and sexual offences,Under investigation,
,2015-04,West Mercia Police,West Mercia Police,-3.051474,52.854282,On or near Victoria Fields,E01028907,Shropshire 007B,Anti-social behaviour,,
,2015-04,West Mercia Police,West Mercia Police,-3.056882,52.856194,On or near Lower Brook Street,E01028907,Shropshire 007B,Anti-social behaviour,,
,2015-04,West Mercia Police,West Mercia Police,-3.059436,52.856171,On or near Beresford Gardens,E01028907,Shropshire 007B,Anti-social behaviour,,
,2015-04,West Mercia Police,West Mercia Police,-3.052139,52.856604,On or near Stewart Road,E01028907,Shropshire 007B,Anti-social behaviour,,
,2015-04,West Mercia Police,West Mercia Police,-3.055564,52.853320,On or near Queen'S Close,E01028907,Shropshire 007B,Anti-social behaviour,,
,2015-04,West Mercia Police,West Mercia Police,-3.061972,52.856013,On or near Upper Brook Street,E01028907,Shropshire 007B,Anti-social behaviour,,
4907ae07146e19c78c5802fd9dd90602625af0180b732dd891e1a20d52cc6ada,2015-04,West Mercia Police,West Mercia Police,-3.059334,52.851992,On or near Morda Road,E01028907,Shropshire 007B,Violence and sexual offences,Unable to prosecute suspect,
bbfc7f8f17cfbc7bcb4891a2be5f8526e45dfed17d153e4e6b8752dc445bbaf2,2015-04,West Mercia Police,West Mercia Police,-3.062148,52.851094,On or near Croeswylan Crescent,E01028907,Shropshire 007B,Violence and sexual offences,Unable to prosecute suspect,
55a2cb32e5e9019e650242e078902da7f2ed46f53f558ad70c3696100147af7d,2015-04,West Mercia Police,West Mercia Police,-3.048088,52.854303,On or near Petrol Station,E01028907,Shropshire 007B,Violence and sexual offences,Investigation complete; no suspect identified,
,2015-04,West Mercia Police,West Mercia Police,-3.058361,52.862060,On or near Oak Street,E01028908,Shropshire 007C,Anti-social behaviour,,
,2015-04,West Mercia Police,West Mercia Police,-3.054329,52.862995,On or near Albert Mews,E01028908,Shropshire 007C,Anti-social behaviour,,
,2015-04,West Mercia Police,West Mercia Police,-3.056920,52.863259,On or near Hurdsman Street,E01028908,Shropshire 007C,Anti-social behaviour,,
,2015-04,West Mercia Police,West Mercia Police,-3.058361,52.862060,On or near Oak Street,E01028908,Shropshire 007C,Anti-social behaviour,,
,2015-04,West Mercia Police,West Mercia Police,-3.055089,52.863105,On or near Lorne Street,E01028908,Shropshire 007C,Anti-social behaviour,,
,2015-04,West Mercia Police,West Mercia Police,-3.052369,52.864253,On or near Garden View,E01028908,Shropshire 007C,Anti-social behaviour,,
,2015-04,West Mercia Police,West Mercia Police,-3.054329,52.862995,On or near Albert Mews,E01028908,Shropshire 007C,Anti-social behaviour,,
f078af30c641eb318eb0cd7c99f1dfb8b1305cc04a6f438894b1d767b70290ca,2015-04,West Mercia Police,West Mercia Police,-3.051932,52.862162,On or near Cambrian Place,E01028908,Shropshire 007C,Burglary,Investigation complete; no suspect identified,
0c8c2dd58851cac2f9102b7d7e37e8e2c19257732e73a511ceaf5964e25f6437,2015-04,West Mercia Police,West Mercia Police,-3.058361,52.862060,On or near Oak Street,E01028908,Shropshire 007C,Criminal damage and arson,Unable to prosecute suspect,
f5ba51f0d64109c6562a17e094ceea9b8da2e843eb5831c1f5fd4d710456d041,2015-04,West Mercia Police,West Mercia Police,-3.054329,52.862995,On or near Albert Mews,E01028908,Shropshire 007C,Criminal damage and arson,Unable to prosecute suspect,
3e08a5482cf5de8695583a376cbe7ed32d9630a97edc9206c67c73df10bcbfcd,2015-04,West Mercia Police,West Mercia Police,-3.052348,52.862788,On or near Swan Lane,E01028908,Shropshire 007C,Criminal damage and arson,Unable to prosecute suspect,
48c39166af083f6c67de91f8a3d5e31315ae60f3f64d714fd3f522903e258107,2015-04,West Mercia Police,West Mercia Police,-3.054329,52.862995,On or near Albert Mews,E01028908,Shropshire 007C,Drugs,Awaiting court outcome,
64ad1664bfa873aef29acc48d4016228ed4cf1dc0e0467cf5795e3b3e0b432b2,2015-04,West Mercia Police,West Mercia Police,-3.051079,52.862529,On or near Beatrice Street,E01028908,Shropshire 007C,Drugs,Offender given a caution,
513720b0e405e4fe5df9b07886e0d114c12ebd04ce2830ef28875a0281ff8b6f,2015-04,West Mercia Police,West Mercia Police,-3.056920,52.863259,On or near Hurdsman Street,E01028908,Shropshire 007C,Violence and sexual offences,Unable to prosecute suspect,
0612d99572877849b84ee5a6c392d7b706235d1bdbaf5ba0d87b9a2eaaa02b47,2015-04,West Mercia Police,West Mercia Police,-3.054292,52.863939,On or near Lloyd Street,E01028908,Shropshire 007C,Violence and sexual offences,Unable to prosecute suspect,
98c2abdb1632c470feff8db96d0615e29698eb25c4a46c61c273a41a1fc8f6bb,2015-04,West Mercia Police,West Mercia Police,-3.056920,52.863259,On or near Hurdsman Street,E01028908,Shropshire 007C,Violence and sexual offences,Unable to prosecute suspect,
d73a89ea3a842cd301e864e029565498179e1a5f30da74660646fc6e9be00757,2015-04,West Mercia Police,West Mercia Police,-3.059046,52.863339,On or near Vyrnwy Place,E01028908,Shropshire 007C,Violence and sexual offences,Unable to prosecute suspect,
9d6e9960e9665bd881b31e421b487faea014f5a98e5dff86ce5d96c4620030cf,2015-04,West Mercia Police,West Mercia Police,-3.058361,52.862060,On or near Oak Street,E01028908,Shropshire 007C,Violence and sexual offences,Defendant found not guilty,
a802aed01a8068ba4b82c722a757758ec2fb70715a9785e04bca499760416d86,2015-04,West Mercia Police,West Mercia Police,-3.068804,52.862703,On or near Hayes View,E01028916,Shropshire 007D,Drugs,Offender given a drugs possession warning,
2c22fe14635535b7f8449dcb5c885d5e8f1bb0c10e29aea9fab3c52d62b30447,2015-04,West Mercia Police,West Mercia Police,-3.059724,52.863720,On or near Liverpool Road West,E01028916,Shropshire 007D,Violence and sexual offences,Local resolution,
,2015-04,West Mercia Police,West Mercia Police,-3.060352,52.857826,On or near Holbache Road,E01028917,Shropshire 007E,Anti-social behaviour,,
9397cd899889258f70b22aa7a0697430564afb81da25d14a20236f6b6afca370,2015-04,West Mercia Police,West Mercia Police,-3.060676,52.860745,On or near Park Avenue,E01028917,Shropshire 007E,Criminal damage and arson,Investigation complete; no suspect identified,
182fcc4c6ce49817e82f2227924d2a07ddd6c0f5e4608afcc270a6d141163785,2015-04,West Mercia Police,West Mercia Police,-3.067713,52.855746,On or near Bentley Drive,E01028917,Shropshire 007E,Violence and sexual offences,Awaiting court outcome,
f7bc72e721f61927823cb9dd585b346624ae9be1d0e5e3990ac6e0b2b986a37b,2015-04,West Mercia Police,West Mercia Police,-3.061895,52.857147,On or near Jemmett Close,E01028917,Shropshire 007E,Violence and sexual offences,Investigation complete; no suspect identified,
,2015-04,West Mercia Police,West Mercia Police,-3.051426,52.842479,On or near Weston Road,E01028924,Shropshire 007F,Anti-social behaviour,,
,2015-04,West Mercia Police,West Mercia Police,-3.041685,52.847994,On or near Maesbury Road,E01028924,Shropshire 007F,Anti-social behaviour,,
a660e3a1f685632b346ca31ae2e00f2c753a2d4d25b62c2109eb1097b2819e10,2015-04,West Mercia Police,West Mercia Police,-3.056592,52.843035,On or near Weston Close,E01028924,Shropshire 007F,Violence and sexual offences,Unable to prosecute suspect,
eebc63a6f2f9c536b35c3d4fae725ad9c91d2d841de9ffc0ebbaaa6514051af6,2015-04,West Mercia Police,West Mercia Police,-3.056592,52.843035,On or near Weston Close,E01028924,Shropshire 007F,Violence and sexual offences,Unable to prosecute suspect,
5953c18cee6c3faab484638c23a55d0698f00e4e5c95db427806cb05d3aa5e01,2015-04,West Mercia Police,West Mercia Police,-3.064291,52.841573,On or near Milars Field,E01028924,Shropshire 007F,Violence and sexual offences,Unable to prosecute suspect,
f34a293e141cab90aa8948ddf0e4f28b7d518b9db06addd04d79e961b49d3bd7,2015-04,West Mercia Police,West Mercia Police,-3.056084,52.841700,On or near Sweeney Drive,E01028924,Shropshire 007F,Violence and sexual offences,Awaiting court outcome,
,2015-04,West Mercia Police,West Mercia Police,-2.723413,52.855791,On or near Aston Street,E01028886,Shropshire 008A,Anti-social behaviour,,
,2015-04,West Mercia Police,West Mercia Police,-2.721815,52.857077,On or near Park Road,E01028886,Shropshire 008A,Anti-social behaviour,,
,2015-04,West Mercia Police,West Mercia Police,-2.721895,52.857418,On or near Wem Police Station,E01028886,Shropshire 008A,Anti-social behaviour,,
,2015-04,West Mercia Police,West Mercia Police,-2.720002,52.858769,On or near Shrubbery Gardens,E01028886,Shropshire 008A,Anti-social behaviour,,
,2015-04,West Mercia Police,West Mercia Police,-2.723413,52.855791,On or near Aston Street,E01028886,Shropshire 008A,Anti-social behaviour,,
,2015-04,West Mercia Police,West Mercia Police,-2.717662,52.858316,On or near Station Road,E01028886,Shropshire 008A,Anti-social behaviour,,
,2015-04,West Mercia Police,West Mercia Police,-2.720002,52.858769,On or near Shrubbery Gardens,E01028886,Shropshire 008A,Anti-social behaviour,,
,2015-04,West Mercia Police,West Mercia Police,-2.717402,52.854227,On or near Orchard Way,E01028886,Shropshire 008A,Anti-social behaviour,,
dd338e78d1e4565b2cc9bd58422cc06f45adbdbcc04f769de3e9fae0b30b9e9c,2015-04,West Mercia Police,West Mercia Police,-2.720170,52.856386,On or near Aston Street,E01028886,Shropshire 008A,Criminal damage and arson,Investigation complete; no suspect identified,
a81f86a1478422a4b710ced3aab9d12a7d4b8ec4af4399aa1e2b4c40c2c1a8e3,2015-04,West Mercia Police,West Mercia Police,-2.714920,52.855950,On or near Cordwell Park,E01028886,Shropshire 008A,Public order,Unable to prosecute suspect,
7d065f8a42067c78014b3cde7053a52a8cd2a95ccd765964713330d455983fe5,2015-04,West Mercia Police,West Mercia Police,-2.722873,52.855524,On or near Further/Higher Educational Building,E01028886,Shropshire 008A,Shoplifting,Court result unavailable,
8b59a01b111d318e4210f892aeaab544b08017c20c2d73308a536ad01ccde5b4,2015-04,West Mercia Police,West Mercia Police,-2.723546,52.854909,On or near Leek Street,E01028886,Shropshire 008A,Violence and sexual offences,Unable to prosecute suspect,
15a36af6a87834873ff3ff4a35fecc80b80e0b5cb7e22240e638df7fff99bf01,2015-04,West Mercia Police,West Mercia Police,-2.721815,52.857077,On or near Park Road,E01028886,Shropshire 008A,Violence and sexual offences,Unable to prosecute suspect,
,2015-04,West Mercia Police,West Mercia Police,-2.720179,52.863200,On or near Whitchurch Road,E01028887,Shropshire 008B,Anti-social behaviour,,
ee1d819959651929fb190364530da44fba6758c1696f616e3ce90ef84327e850,2015-04,West Mercia Police,West Mercia Police,-2.715260,52.857665,On or near Hazlitt Place,E01028887,Shropshire 008B,Violence and sexual offences,Unable to prosecute suspect,
f3193264e1ff217670d2c5d3548dd49b96a691abb45b994edd42c34ce683794c,2015-04,West Mercia Police,West Mercia Police,-2.713604,52.854448,On or near Aston Road,E01028887,Shropshire 008B,Violence and sexual offences,Unable to prosecute suspect,
ddba53ef1c523fe0340b8f0f4492a9516258f217d324632b348a0041f6f7f875,2015-04,West Mercia Police,West Mercia Police,-2.709403,52.857323,On or near Sports/Recreation Area,E01028887,Shropshire 008B,Other crime,Unable to prosecute suspect,
21c85f7c950e2e36e4fd255f809c8ba37cbd19aed2f602b98d9224da977c54af,2015-04,West Mercia Police,West Mercia Police,-2.727148,52.860703,On or near Butler Road,E01028889,Shropshire 008C,Burglary,Investigation complete; no suspect identified,
a5321914813d213094fe3cee22e4eb99fc37bdbed2ccf59d3e18f5c5778744c8,2015-04,West Mercia Police,West Mercia Police,-2.724772,52.860754,On or near Crabtree Lane,E01028889,Shropshire 008C,Burglary,Investigation complete; no suspect identified,
b65a305a056b6b63d1df2a750a3501ce2cbf403eb2ae32de971538fdc662e18f,2015-04,West Mercia Police,West Mercia Police,-2.730941,52.857506,On or near Lowe Hill Gardens,E01028889,Shropshire 008C,Violence and sexual offences,Unable to prosecute suspect,
,2015-04,West Mercia Police,West Mercia Police,-2.729388,52.854352,On or near The Grove,E01028890,Shropshire 008D,Anti-social behaviour,,
,2015-04,West Mercia Police,West Mercia Police,-2.726579,52.856005,On or near Noble Street,E01028890,Shropshire 008D,Anti-social behaviour,,
e65d268a5177d577dc33df71f2c2b0236265b78d060b2bc09b0c231798f520a3,2015-04,West Mercia Police,West Mercia Police,-2.725088,52.855655,On or near Crown Street,E01028890,Shropshire 008D,Burglary,Investigation complete; no suspect identified,
0d64eeaf422457a7479d4198e9403e8fdd54bff8c34ddaa84b40c4b601e08da9,2015-04,West Mercia Police,West Mercia Police,-2.726579,52.856005,On or near Noble Street,E01028890,Shropshire 008D,Criminal damage and arson,Investigation complete; no suspect identified,
b7feb79f93187b8b0af07da506d42ca475607565ad398842685531edfcc7212b,2015-04,West Mercia Police,West Mercia Police,-2.726721,52.849361,On or near B5476,E01028890,Shropshire 008D,Other theft,Unable to prosecute suspect,
0dd3ff749865cd03d2e642b7ecda24b2916878f7a819549f77d7c81515df2272,2015-04,West Mercia Police,West Mercia Police,-2.726721,52.849361,On or near B5476,E01028890,Shropshire 008D,Other theft,Investigation complete; no suspect identified,
ebd1d81f1a9fccd3c8b80076c3a3f8dfddacecd76eb94394c6a437fb2771f285,2015-04,West Mercia Police,West Mercia Police,-2.726068,52.858265,On or near Parking Area,E01028890,Shropshire 008D,Violence and sexual offences,Unable to prosecute suspect,
,2015-04,West Mercia Police,West Mercia Police,-2.420803,52.864755,On or near Ellam Piece,E01028868,Shropshire 009A,Anti-social behaviour,,
d038c9a1ac99fb66eefe44360779f6e7b8e020e9ea3118ccd27cef475a8387f6,2015-04,West Mercia Police,West Mercia Police,-2.394895,52.877574,On or near Moss Lane,E01028868,Shropshire 009A,Burglary,Investigation complete; no suspect identified,
82559ce77a39fa989086b28022cc29b8ba525701cb77d90163e916b0d9568108,2015-04,West Mercia Police,West Mercia Police,-2.438525,52.850083,On or near Goldstone Road,E01028868,Shropshire 009A,Other theft,Investigation complete; no suspect identified,
553e923320e9708214dd0cf20a3f9a0c9046e618700afd8a770cda1ba50444f1,2015-04,West Mercia Police,West Mercia Police,-2.458243,52.835833,On or near Orchard Close,E01028868,Shropshire 009A,Vehicle crime,Investigation complete; no suspect identified,
700ce0393b171ba5180e626fae70489a66e614f3b5c3e2cb50b11e6a0b6044a8,2015-04,West Mercia Police,West Mercia Police,-2.458243,52.835833,On or near Orchard Close,E01028868,Shropshire 009A,Vehicle crime,Investigation complete; no suspect identified,
88bd9aa258ad06db2143f30911e60a28fce482c2db3260ecf27cd242b7fd57b1,2015-04,West Mercia Police,West Mercia Police,-2.458243,52.835833,On or near Orchard Close,E01028868,Shropshire 009A,Vehicle crime,Investigation complete; no suspect identified,
,2015-04,West Mercia Police,West Mercia Police,-2.465481,52.842286,On or near Villa Farm Close,E01028869,Shropshire 009B,Anti-social behaviour,,
03ef528ad7b30bd6b46fed857cd14a1fa60c304b78dbedb8de0978003e53d5d9,2015-04,West Mercia Police,West Mercia Police,-2.500314,52.834818,On or near Park/Open Space,E01028869,Shropshire 009B,Violence and sexual offences,Unable to prosecute suspect,
ba631a98375870211e2eebff82b161f4b4b4867a54a48b9a08a8371aca6d588b,2015-04,West Mercia Police,West Mercia Police,-2.500314,52.834818,On or near Park/Open Space,E01028869,Shropshire 009B,Violence and sexual offences,Investigation complete; no suspect identified,
,2015-04,West Mercia Police,West Mercia Police,-2.518646,52.804858,On or near Mill Lane,E01028871,Shropshire 009C,Anti-social behaviour,,
8b124b37737350a22037d603723b08b67134fecda641fd333a4cfac7f6bdca0d,2015-04,West Mercia Police,West Mercia Police,-2.574107,52.855276,On or near Drayton Road,E01028871,Shropshire 009C,Criminal damage and arson,Unable to prosecute suspect,
33b45312438204c88ec7c91e09618ecf2f0b847304a2ca71c3a726486ec8d83d,2015-04,West Mercia Police,West Mercia Police,-2.573848,52.852545,On or near Castle Hill View,E01028871,Shropshire 009C,Criminal damage and arson,Offender ordered to pay compensation,
456d6966fc5ab066db00a8285f214dbeb47a83eb529b7738663172194dd4f5f8,2015-04,West Mercia Police,West Mercia Police,-2.566359,52.849938,On or near Station Road,E01028871,Shropshire 009C,Possession of weapons,Court result unavailable,
132ce046fdbce92f7a0bc18628e96387912742e29ff620dcf10fd1905e0cb865,2015-04,West Mercia Police,West Mercia Police,-2.576456,52.853287,On or near Church Street,E01028871,Shropshire 009C,Violence and sexual offences,Offender given conditional discharge,
,2015-04,West Mercia Police,West Mercia Police,-2.527124,52.865535,On or near Dutton Close,E01028885,Shropshire 009D,Anti-social behaviour,,
,2015-04,West Mercia Police,West Mercia Police,-2.534844,52.882140,On or near Riverside Drive,E01028885,Shropshire 009D,Anti-social behaviour,,
,2015-04,West Mercia Police,West Mercia Police,-2.524517,52.883400,On or near Stokesay Road,E01028885,Shropshire 009D,Anti-social behaviour,,
,2015-04,West Mercia Police,West Mercia Police,-2.516369,52.856737,On or near Sandy Lane,E01028885,Shropshire 009D,Anti-social behaviour,,
19d60021e0d4543cfa0cc1ca6740bfbf45d28cb3f835bf6c552cb7f52bcdb4c1,2015-04,West Mercia Police,West Mercia Police,-2.516369,52.856737,On or near Sandy Lane,E01028885,Shropshire 009D,Burglary,Investigation complete; no suspect identified,
79735f3897bea5b002771fcabb9516da9317fe1c2bd85616ce0648c086ef64ff,2015-04,West Mercia Police,West Mercia Police,-2.493418,52.856313,On or near Chapel Bank,E01028885,Shropshire 009D,Criminal damage and arson,Investigation complete; no suspect identified,
52990d8d1887eff11895277955e41d6b3b4c73d061993515d56cdaf01aee5a38,2015-04,West Mercia Police,West Mercia Police,-2.527124,52.865535,On or near Dutton Close,E01028885,Shropshire 009D,Drugs,Unable to prosecute suspect,
0e116ef5df04e1a7f8092ebf1e0f80d5052a9a4a3b39e8bdc9502219d5cb1c16,2015-04,West Mercia Police,West Mercia Police,-2.516699,52.872018,On or near Petrol Station,E01028885,Shropshire 009D,Other theft,Investigation complete; no suspect identified,
865b8891242922347c5df69aab565bfbedc248aad0220f29a8c8784bf2d0add8,2015-04,West Mercia Police,West Mercia Police,-2.516699,52.872018,On or near Petrol Station,E01028885,Shropshire 009D,Other theft,Unable to prosecute suspect,
00ffbe4a69f213edb4d5cc4b10532efa4b9bbdb03fb2e2bc631eb9864ec3ce45,2015-04,West Mercia Police,West Mercia Police,-2.516699,52.872018,On or near Petrol Station,E01028885,Shropshire 009D,Vehicle crime,Investigation complete; no suspect identified,
970946d1c22015b4548864a911ea80c9401fbf0774d79609df6c5f1c30d653c5,2015-04,West Mercia Police,West Mercia Police,-2.471193,52.883030,On or near Hollins Lane,E01028885,Shropshire 009D,Vehicle crime,Investigation complete; no suspect identified,
bc84d3678cceea0adafe3f1f242bf8d2b476d8b9c77198830166f01c5f0d0ff6,2015-04,West Mercia Police,West Mercia Police,-2.527124,52.865535,On or near Dutton Close,E01028885,Shropshire 009D,Violence and sexual offences,Unable to prosecute suspect,
38e0f2f91b40596ed2fc6b6a7804be11c14954d4c55b6b4ae473ada0c43eff54,2015-04,West Mercia Police,West Mercia Police,-2.527124,52.865535,On or near Dutton Close,E01028885,Shropshire 009D,Violence and sexual offences,Awaiting court outcome,
8a536cca225d0dc66dcbc1edc2d7d58e666614150d87f25f218411cc30ef6643,2015-04,West Mercia Police,West Mercia Police,-2.513541,52.886424,On or near Ottley Way,E01028885,Shropshire 009D,Violence and sexual offences,Investigation complete; no suspect identified,
a79f55d1290e01fb6f734deaa9e0a25975e093665cabea3dee9cd91a57c12644,2015-04,West Mercia Police,West Mercia Police,-2.527124,52.865535,On or near Dutton Close,E01028885,Shropshire 009D,Violence and sexual offences,Awaiting court outcome,
bce0d0c5d33a698688339a506a6c8e9e09e603feeff5a0205033f1bee996cb41,2015-04,West Mercia Police,West Mercia Police,-2.527124,52.865535,On or near Dutton Close,E01028885,Shropshire 009D,Violence and sexual offences,Awaiting court outcome,
ba623853557ac0e982d4a60fa8626b022e0d0b33799b9b336d7e314b6fc9130d,2015-04,West Mercia Police,West Mercia Police,-2.527124,52.865535,On or near Dutton Close,E01028885,Shropshire 009D,Violence and sexual offences,Awaiting court outcome,
628d4875a771ce13daf5a97ecf47752bd75be06f9601f0f7e78d9f99338a2cd4,2015-04,West Mercia Police,West Mercia Police,-2.527124,52.865535,On or near Dutton Close,E01028885,Shropshire 009D,Other crime,Under investigation,
019225e4505d8a2f9e999fb710dcd6d348b155ab547325b31a310951904190bb,2015-04,West Mercia Police,West Mercia Police,-2.527124,52.865535,On or near Dutton Close,E01028885,Shropshire 009D,Other crime,Investigation complete; no suspect identified,
8d8798db681697daf9e85ae900b8e32cb2287657ada12bee37856a24bff83853,2015-04,West Mercia Police,West Mercia Police,-2.527124,52.865535,On or near Dutton Close,E01028885,Shropshire 009D,Other crime,Awaiting court outcome,
,2015-04,West Mercia Police,West Mercia Police,-2.838593,52.779942,On or near Further/Higher Educational Building,E01028860,Shropshire 010A,Anti-social behaviour,,
,2015-04,West Mercia Police,West Mercia Police,-2.838593,52.779942,On or near Further/Higher Educational Building,E01028860,Shropshire 010A,Anti-social behaviour,,
,2015-04,West Mercia Police,West Mercia Police,-2.850859,52.792377,On or near Kings Road North,E01028860,Shropshire 010A,Anti-social behaviour,,
c30279f048322713fc63e200889d2f9cf4dfeae14ced54c71b9f083166bc0e6b,2015-04,West Mercia Police,West Mercia Police,-2.851011,52.797096,On or near Station Road,E01028860,Shropshire 010A,Criminal damage and arson,Investigation complete; no suspect identified,
5796ab76dd3e44c8cc0b9a7a34e6f7286baf7b366f6d8bb76336254643536ec6,2015-04,West Mercia Police,West Mercia Police,-2.851011,52.797096,On or near Station Road,E01028860,Shropshire 010A,Criminal damage and arson,Investigation complete; no suspect identified,
0390c42dc5f0c3319204f5de2513ec9bfca2e44d0e1556767e116b6cf00c1350,2015-04,West Mercia Police,West Mercia Police,-2.838593,52.779942,On or near Further/Higher Educational Building,E01028860,Shropshire 010A,Violence and sexual offences,Unable to prosecute suspect,
09297e2eab22b4b7da9dbe74ea59a4fda40665af60ef9b38ffbe6d2a55184abd,2015-04,West Mercia Police,West Mercia Police,-2.787144,52.810068,On or near Hillside,E01028862,Shropshire 010B,Burglary,Investigation complete; no suspect identified,
5ef3b4f0fd4b446379854cde60294d1757137811b2ac12e4774739e0b38bda22,2015-04,West Mercia Police,West Mercia Police,-2.743868,52.816164,On or near B5476,E01028862,Shropshire 010B,Criminal damage and arson,Offender given community sentence,
,2015-04,West Mercia Police,West Mercia Police,-2.820811,52.839443,On or near A528,E01028863,Shropshire 010C,Anti-social behaviour,,
740437a6d98f20e535d6ac858756ff1bf27b93138cebc37658f6a72bc7e8fa62,2015-04,West Mercia Police,West Mercia Police,-2.842308,52.858656,On or near The Meadows,E01028863,Shropshire 010C,Other theft,Investigation complete; no suspect identified,
0c5499c03fe25b6cbe14b11019dcd7c4cfc25430700244cb427262c7c1d2a6ac,2015-04,West Mercia Police,West Mercia Police,-2.839314,52.861276,On or near Crosemere Lane,E01028863,Shropshire 010C,Other theft,Investigation complete; no suspect identified,
cbe0222103a42faebe53520435fbbc04667ece67b1f7bbec7940c8a710268f67,2015-04,West Mercia Police,West Mercia Police,-2.841609,52.855506,On or near The Parklands,E01028863,Shropshire 010C,Other theft,Local resolution,
433fd0e63954cbe2618838832545637163102d3959c5be86a6f66ef865098ccd,2015-04,West Mercia Police,West Mercia Police,-2.842317,52.857551,On or near Kenwick Close,E01028863,Shropshire 010C,Possession of weapons,Offender given a caution,
622985e9122f9a41b3609a68597773309a58544329096498b4ccf51608607ede,2015-04,West Mercia Police,West Mercia Police,-2.842308,52.858656,On or near The Meadows,E01028863,Shropshire 010C,Public order,Unable to prosecute suspect,
,2015-04,West Mercia Police,West Mercia Police,-2.779054,52.881958,On or near The Woodlands,E01028888,Shropshire 010D,Anti-social behaviour,,
,2015-04,West Mercia Police,West Mercia Police,-2.755744,52.862628,On or near B5063,E01028888,Shropshire 010D,Anti-social behaviour,,
,2015-04,West Mercia Police,West Mercia Police,-2.774368,52.859155,On or near Salters Lane,E01028888,Shropshire 010D,Anti-social behaviour,,
,2015-04,West Mercia Police,West Mercia Police,-2.716886,52.845465,On or near Shawbury Road,E01028888,Shropshire 010D,Anti-social behaviour,,
2987f0a250f0a4788d705211fdfe8fd850794cca0bd8b8d2bd6d7c2c64fbfe8c,2015-04,West Mercia Police,West Mercia Police,-2.794422,52.894316,On or near Salters Mill,E01028888,Shropshire 010D,Burglary,Investigation complete; no suspect identified,
d5fbd11a0b4ded18170f8f7a891cb6c684c8d7a9cddd02f676ae06ef38183817,2015-04,West Mercia Police,West Mercia Police,-2.730167,52.846769,On or near Tilley Road,E01028888,Shropshire 010D,Burglary,Investigation complete; no suspect identified,
13769bbc572cb4074b31d25096fe83a1e4551da1f68e7d3c5c8168faa623c128,2015-04,West Mercia Police,West Mercia Police,-2.684805,52.868407,On or near B5065,E01028888,Shropshire 010D,Burglary,Investigation complete; no suspect identified,
e1ba7680e06b6206f7abf89737cfce50ba5de851aee2c21067cba212e3fa0028,2015-04,West Mercia Police,West Mercia Police,-2.811584,52.827865,On or near Pickhill,E01028888,Shropshire 010D,Other theft,Unable to prosecute suspect,
aec4ad609561453699ee79c2080f69817cd86381b9f6708912b545036eb139bf,2015-04,West Mercia Police,West Mercia Police,-2.684805,52.868407,On or near B5065,E01028888,Shropshire 010D,Other theft,Investigation complete; no suspect identified,
873369e9a0099b93f40ca4cd9def264991311f8feefe0ae9383abc14e3b8583f,2015-04,West Mercia Police,West Mercia Police,-2.730167,52.846769,On or near Tilley Road,E01028888,Shropshire 010D,Vehicle crime,Investigation complete; no suspect identified,
fd633935ee7e50d2664fecf1a7ca8ad157330a523a7097866a72f2f7735ecffe,2015-04,West Mercia Police,West Mercia Police,-2.811584,52.827865,On or near Pickhill,E01028888,Shropshire 010D,Violence and sexual offences,Unable to prosecute suspect,
2d202b9c13b1dde04641ab47f110bfa5f2f9afbf6fdfd3f2b50e5c6f6ea2de7b,2015-04,West Mercia Police,West Mercia Police,-2.733471,52.849886,On or near Mill Street,E01028888,Shropshire 010D,Violence and sexual offences,Unable to prosecute suspect,
6e0ba7d0c5336c77ac52f8283d3bced0787df1745008384424f670f67c20b92c,2015-04,West Mercia Police,West Mercia Police,-2.811584,52.827865,On or near Pickhill,E01028888,Shropshire 010D,Violence and sexual offences,Unable to prosecute suspect,
,2015-04,West Mercia Police,West Mercia Police,-2.737134,52.879358,On or near Park/Open Space,E01028898,Shropshire 010E,Anti-social behaviour,,
b0d0e8e6bab4070a3ce213d77ae91482edde05f52f8ca47491a8cde47216173b,2015-04,West Mercia Police,West Mercia Police,-2.715570,52.878312,On or near B5476,E01028898,Shropshire 010E,Criminal damage and arson,Investigation complete; no suspect identified,
,2015-04,West Mercia Police,West Mercia Police,-2.990425,52.795079,On or near St Marys Close,E01028913,Shropshire 011A,Anti-social behaviour,,
,2015-04,West Mercia Police,West Mercia Police,-2.989616,52.794735,On or near Church Lane,E01028913,Shropshire 011A,Anti-social behaviour,,
,2015-04,West Mercia Police,West Mercia Police,-2.989616,52.794735,On or near Church Lane,E01028913,Shropshire 011A,Anti-social behaviour,,
,2015-04,West Mercia Police,West Mercia Police,-2.990425,52.795079,On or near St Marys Close,E01028913,Shropshire 011A,Anti-social behaviour,,
,2015-04,West Mercia Police,West Mercia Police,-2.989616,52.794735,On or near Church Lane,E01028913,Shropshire 011A,Anti-social behaviour,,
,2015-04,West Mercia Police,West Mercia Police,-2.989616,52.794735,On or near Church Lane,E01028913,Shropshire 011A,Anti-social behaviour,,
b5c0c0871499f25f396392b37ca401471f87ca0de50a5cd0fb66d5367d62448a,2015-04,West Mercia Police,West Mercia Police,-2.966591,52.793037,On or near B4396,E01028913,Shropshire 011A,Burglary,Investigation complete; no suspect identified,
0f8446907a2fbd799baa066837d57635fb98aca63aa7b1c257adede561c6826e,2015-04,West Mercia Police,West Mercia Police,-2.935223,52.851677,On or near Rednal Industrial Estate (Site B),E01028918,Shropshire 011B,Other theft,Investigation complete; no suspect identified,
5f8d4e5739048d18923b4cc3b1f9d040f76b42aa1b399193377d06e8a3a2bb27,2015-04,West Mercia Police,West Mercia Police,-2.969137,52.825496,On or near Bishops Close,E01028918,Shropshire 011B,Other theft,Investigation complete; no suspect identified,
,2015-04,West Mercia Police,West Mercia Police,-2.898727,52.792932,On or near Gooseberry Lane,E01028919,Shropshire 011C,Anti-social behaviour,,
,2015-04,West Mercia Police,West Mercia Police,-2.888501,52.794744,On or near The Quillets,E01028919,Shropshire 011C,Anti-social behaviour,,
,2015-04,West Mercia Police,West Mercia Police,-2.899726,52.791783,On or near Big Walls,E01028919,Shropshire 011C,Anti-social behaviour,,
106d9cf7319c977ecdf76e82d785ae649572ae59bdc68947c142afa8440c0e7e,2015-04,West Mercia Police,West Mercia Police,-2.888016,52.794964,On or near Peverey Close,E01028919,Shropshire 011C,Burglary,Investigation complete; no suspect identified,
7ab02cca6ca75f34da61d8fe0baae3367e626d02671a2bd2406a19c5791d714f,2015-04,West Mercia Police,West Mercia Police,-2.904273,52.794364,On or near Hall Farm Grange,E01028919,Shropshire 011C,Violence and sexual offences,Unable to prosecute suspect,
a808056e81dafb78a4387b5b70bd330b7e8927f80ec6704f79d74f461e0094cd,2015-04,West Mercia Police,West Mercia Police,-2.901236,52.802424,On or near Sports/Recreation Area,E01028919,Shropshire 011C,Violence and sexual offences,Unable to prosecute suspect,
c9943ba8ff165c9de27f27d8db84ada8debdcacaae7d0fe5008b3495f2d2d805,2015-04,West Mercia Police,West Mercia Police,-2.899726,52.791783,On or near Big Walls,E01028919,Shropshire 011C,Violence and sexual offences,Unable to prosecute suspect,
,2015-04,West Mercia Police,West Mercia Police,-3.032370,52.870335,On or near West Drive,E01028927,Shropshire 011D,Anti-social behaviour,,
,2015-04,West Mercia Police,West Mercia Police,-3.003261,52.876535,On or near Daisy Lane,E01028927,Shropshire 011D,Anti-social behaviour,,
,2015-04,West Mercia Police,West Mercia Police,-3.032370,52.870335,On or near West Drive,E01028927,Shropshire 011D,Anti-social behaviour,,
7f27c14e6222a552e2a832940d8fccf4882673322a99a6dd9540525db13d46c1,2015-04,West Mercia Police,West Mercia Police,-3.029481,52.875034,On or near Park/Open Space,E01028927,Shropshire 011D,Burglary,Investigation complete; no suspect identified,
cc54013e1755954d6273dd51ce2e4317bb3333a3629055aea9577e134ba837de,2015-04,West Mercia Police,West Mercia Police,-3.003639,52.870374,On or near Oaklands Drive,E01028927,Shropshire 011D,Burglary,Investigation complete; no suspect identified,
7ecaf721f693fa683b9298ea36d7a7680d234848fd4cf4bac9bd3ce7fed83802,2015-04,West Mercia Police,West Mercia Police,-3.001729,52.875164,On or near Boot Street,E01028927,Shropshire 011D,Public order,Unable to prosecute suspect,
,2015-04,West Mercia Police,West Mercia Police,-3.002152,52.873542,On or near Castle Street,E01028928,Shropshire 011E,Anti-social behaviour,,
,2015-04,West Mercia Police,West Mercia Police,-3.006896,52.871794,On or near Western Avenue,E01028928,Shropshire 011E,Anti-social behaviour,,
,2015-04,West Mercia Police,West Mercia Police,-3.000010,52.877974,On or near Penybryn Avenue,E01028928,Shropshire 011E,Anti-social behaviour,,
,2015-04,West Mercia Police,West Mercia Police,-3.006896,52.871794,On or near Western Avenue,E01028928,Shropshire 011E,Anti-social behaviour,,
0f392186553bfd828286071549ebf1a4f3777130f8156ab55ecc383b9adf0e16,2015-04,West Mercia Police,West Mercia Police,-2.991506,52.864093,On or near Fitzalan Close,E01028928,Shropshire 011E,Burglary,Investigation complete; no suspect identified,
c03c76e9c3b0da0034c6e6b4254785392ba58423180b1a2eb584f53f9403ca84,2015-04,West Mercia Police,West Mercia Police,-3.010604,52.874082,On or near Cambrian Avenue,E01028928,Shropshire 011E,Criminal damage and arson,Unable to prosecute suspect,
683c8317b10ddc4554578d3721abef2a647462c126ca77ef62bd59078251d231,2015-04,West Mercia Police,West Mercia Police,-3.019101,52.874656,On or near Drenewydd,E01028928,Shropshire 011E,Public order,Unable to prosecute suspect,
3e7e8981b853a4573642fe63360cce5955590e5655bbf720c2f645974e084c1a,2015-04,West Mercia Police,West Mercia Police,-3.000010,52.877974,On or near Penybryn Avenue,E01028928,Shropshire 011E,Vehicle crime,Investigation complete; no suspect identified,
a2996dbf59e8a6cd9ad1a68db90faddf2697a2f9eaad3b7e6b035a7529f7084d,2015-04,West Mercia Police,West Mercia Police,-3.002152,52.873542,On or near Castle Street,E01028928,Shropshire 011E,Violence and sexual offences,Unable to prosecute suspect,
,2015-04,West Mercia Police,West Mercia Police,-3.074990,52.794433,On or near Brooklyn Road,E01028914,Shropshire 012A,Anti-social behaviour,,
,2015-04,West Mercia Police,West Mercia Police,-3.074399,52.810782,On or near Dolgoch,E01028914,Shropshire 012A,Anti-social behaviour,,
71331640736f6ea1b2e374808312ff911267c7f63dbed3124be3dd10b61e1d50,2015-04,West Mercia Police,West Mercia Police,-3.058403,52.810062,On or near Rodney View,E01028914,Shropshire 012A,Burglary,Under investigation,
737300286ffe06a891a1669bf293f7356b9007570fd6ba817bf9e971f1acfdfa,2015-04,West Mercia Police,West Mercia Police,-3.111074,52.801463,On or near B4396,E01028914,Shropshire 012A,Other theft,Investigation complete; no suspect identified,
65e6811911294b11c7023128da9cd882b7e61e7bf019c6c9c65b504922695bb3,2015-04,West Mercia Police,West Mercia Police,-3.074002,52.796473,On or near Penygarreg Close,E01028914,Shropshire 012A,Shoplifting,Investigation complete; no suspect identified,
4b60187dd7f392a23368da84e4fe59147ed9439336560b513248fe9984d70949,2015-04,West Mercia Police,West Mercia Police,-3.074002,52.796473,On or near Penygarreg Close,E01028914,Shropshire 012A,Theft from the person,Under investigation,
e3093f4bb573b3cbf69f34057a80800e390610b453215f53d531867d2afe2414,2015-04,West Mercia Police,West Mercia Police,-3.086619,52.781426,On or near Barley Meadows,E01028915,Shropshire 012B,Violence and sexual offences,Unable to prosecute suspect,
b30031206efb2e62e482840551cbb7b1918a4a04997ca3c1ebdf45f02628e4ee,2015-04,West Mercia Police,West Mercia Police,-3.051502,52.821028,On or near Albridge Lane,E01028922,Shropshire 012C,Drugs,Offender given a drugs possession warning,
9c4720d9de6a306b54d6cde6b16c7ea5e0d1fca99af69c09bf42fb9be5fffa22,2015-04,West Mercia Police,West Mercia Police,-3.051502,52.821028,On or near Albridge Lane,E01028922,Shropshire 012C,Other theft,Investigation complete; no suspect identified,
47688de68e4bd1930e4badcb0c421c9848d817188066885eaaeee200ce69b4f1,2015-04,West Mercia Police,West Mercia Police,-3.005831,52.838613,On or near Park/Open Space,E01028922,Shropshire 012C,Violence and sexual offences,Offender given a caution,
,2015-04,West Mercia Police,West Mercia Police,-3.101886,52.814089,On or near Blodwel Bank,E01028923,Shropshire 012D,Anti-social behaviour,,
,2015-04,West Mercia Police,West Mercia Police,-3.095885,52.834471,On or near Woodland View,E01028923,Shropshire 012D,Anti-social behaviour,,
f246bb8acc6b41e58324f462013fcb5e6de094aa7ac5855ff89882f022b1193d,2015-04,West Mercia Police,West Mercia Police,-3.109222,52.814345,On or near Nantmawr Bank,E01028923,Shropshire 012D,Burglary,Investigation complete; no suspect identified,
8448e176b86d45daf3d8b11d7b1f91d59539a0058693f42e3d0ccebab74a212f,2015-04,West Mercia Police,West Mercia Police,-3.095885,52.834471,On or near Woodland View,E01028923,Shropshire 012D,Other theft,Investigation complete; no suspect identified,
,2015-04,West Mercia Police,West Mercia Police,-2.708063,52.772262,On or near Old Farm Road,E01028861,Shropshire 013A,Anti-social behaviour,,
,2015-04,West Mercia Police,West Mercia Police,-2.708016,52.804939,On or near Sports/Recreation Area,E01028861,Shropshire 013A,Anti-social behaviour,,
,2015-04,West Mercia Police,West Mercia Police,-2.709937,52.772646,On or near Wedgefields Close,E01028861,Shropshire 013A,Anti-social behaviour,,
95cd0e231578fbf67e0708f7e6b0e1feb8663934146ff384d08063cf19c1b92e,2015-04,West Mercia Police,West Mercia Police,-2.709039,52.799450,On or near Sandy Lane,E01028861,Shropshire 013A,Criminal damage and arson,Investigation complete; no suspect identified,
cc94512f31e52f6dd70cee465b9354f291ed27cf91eeda27e2f328a847f11d25,2015-04,West Mercia Police,West Mercia Police,-2.709734,52.774697,On or near Shrewsbury Road,E01028861,Shropshire 013A,Other theft,Unable to prosecute suspect,
,2015-04,West Mercia Police,West Mercia Police,-2.562493,52.866785,On or near Mill Road,E01028870,Shropshire 013B,Anti-social behaviour,,
18d76481d7c1a9fd1b0091b0d9a0aa8b0b0029723c9392ae9725d79373b1a6b9,2015-04,West Mercia Police,West Mercia Police,-2.618054,52.807402,On or near A53,E01028870,Shropshire 013B,Burglary,Investigation complete; no suspect identified,
32da9bef09ea23cf4c37a9e8f7bc27d53e51d3d2e6f7f2ae9da153b858f33c02,2015-04,West Mercia Police,West Mercia Police,-2.641074,52.812251,On or near Blacksmiths Lane,E01028870,Shropshire 013B,Violence and sexual offences,Unable to prosecute suspect,
0a20fafee7d59ade87847df205c09b00b1dd309b259206f406f283e38e6d93a3,2015-04,West Mercia Police,West Mercia Police,-2.641074,52.812251,On or near Blacksmiths Lane,E01028870,Shropshire 013B,Violence and sexual offences,Unable to prosecute suspect,
,2015-04,West Mercia Police,West Mercia Police,-2.659457,52.795618,On or near Mckinley Way,E01028883,Shropshire 013C,Anti-social behaviour,,
,2015-04,West Mercia Police,West Mercia Police,-2.658198,52.784928,On or near Church Close,E01028884,Shropshire 013D,Anti-social behaviour,,
,2015-04,West Mercia Police,West Mercia Police,-2.644174,52.788079,On or near Mytton Lane,E01028884,Shropshire 013D,Anti-social behaviour,,
10ebdf437b99351cd7d9cc6d3c9b7c3c0630a935ab879d71056c756ce7975dde,2015-04,West Mercia Police,West Mercia Police,-2.658198,52.784928,On or near Church Close,E01028884,Shropshire 013D,Burglary,Investigation complete; no suspect identified,
c57d771de465931ee3ef5effc3ea4e30dd69f15c500f0b6691d125d6056a30cf,2015-04,West Mercia Police,West Mercia Police,-2.655801,52.786244,On or near Parking Area,E01028884,Shropshire 013D,Criminal damage and arson,Investigation complete; no suspect identified,
01160383f2d5de7fd0f19c72036782908b1fba336d4a98877914f3b51b5aaa01,2015-04,West Mercia Police,West Mercia Police,-2.654561,52.782628,On or near Poynton Road,E01028884,Shropshire 013D,Violence and sexual offences,Unable to prosecute suspect,
82e2bb655bd05a1ef39593fad327ee99685fdad5b3e3f1ed7a51e50dda461fcf,2015-04,West Mercia Police,West Mercia Police,-2.654561,52.782628,On or near Poynton Road,E01028884,Shropshire 013D,Violence and sexual offences,Unable to prosecute suspect,
df558540fd86fcc5d780f9a1f027d030aeba3cc7474b2ef3081d63e69caca1b9,2015-04,West Mercia Police,West Mercia Police,-2.658198,52.784928,On or near Church Close,E01028884,Shropshire 013D,Violence and sexual offences,Under investigation,
e6e68de8b1d38a80278d737fa4b4f0f748f490fcc07ec53cfc45495eae624df0,2015-04,West Mercia Police,West Mercia Police,-2.644174,52.788079,On or near Mytton Lane,E01028884,Shropshire 013D,Violence and sexual offences,Unable to prosecute suspect,
b7d9b3fe8f410d60e2d437c6fc3262b3cde5bac0a2c8de9cf5192d35a415dcab,2015-04,West Mercia Police,West Mercia Police,-2.743586,52.730026,On or near Parking Area,E01028929,Shropshire 014A,Shoplifting,Offender given conditional discharge,
03b112143b9504d27667151bc9fe3db432c6def2bf04a5b3cb4f5e0ac9c53c97,2015-04,West Mercia Police,West Mercia Police,-2.748005,52.724371,On or near Katesway,E01028929,Shropshire 014A,Violence and sexual offences,Unable to prosecute suspect,
cca2a80731c4c0faf9e1d646da8f29ddf7455c8ddc805c93fe297b6fcef7473a,2015-04,West Mercia Police,West Mercia Police,-2.745430,52.733988,On or near Walnut Drive,E01028929,Shropshire 014A,Violence and sexual offences,Local resolution,
b6004ad2297a4a40d6c6fbfc7466448e533af993803c668c701e84b34d41afab,2015-04,West Mercia Police,West Mercia Police,-2.751473,52.727127,On or near Tawnylea,E01028929,Shropshire 014A,Violence and sexual offences,Unable to prosecute suspect,
fc8ef03499faf722c784a69f7a1e9e9731f146c6740cb82ddfb080d208b94baa,2015-04,West Mercia Police,West Mercia Police,-2.751473,52.727127,On or near Tawnylea,E01028929,Shropshire 014A,Violence and sexual offences,Unable to prosecute suspect,
a241c2ec643df502c5037c443ac2ab5372502bb84315ea80e34ba8b11cf7b20c,2015-04,West Mercia Police,West Mercia Police,-2.750343,52.727736,On or near Lapwood Drive,E01028929,Shropshire 014A,Violence and sexual offences,Unable to prosecute suspect,
6e0d3ef58487635d50ad9d4ef3476da82cc7413050134eabc577dbd7feeaeb77,2015-04,West Mercia Police,West Mercia Police,-2.750343,52.727736,On or near Lapwood Drive,E01028929,Shropshire 014A,Violence and sexual offences,Unable to prosecute suspect,
78cc4aa2c21ccfe7df9793bb05056d70dff858a90606bb528fd7d36f162add42,2015-04,West Mercia Police,West Mercia Police,-2.748376,52.726975,On or near Carling Close,E01028929,Shropshire 014A,Violence and sexual offences,Unable to prosecute suspect,
eb29ec62f02f615b986935b8990013fea57f1518852b12b17902fe423f02a649,2015-04,West Mercia Police,West Mercia Police,-2.748376,52.726975,On or near Carling Close,E01028929,Shropshire 014A,Violence and sexual offences,Unable to prosecute suspect,
,2015-04,West Mercia Police,West Mercia Police,-2.916762,52.767632,On or near Petrol Station,E01028969,Shropshire 014B,Anti-social behaviour,,
,2015-04,West Mercia Police,West Mercia Police,-2.926579,52.754610,On or near Hilly Lane,E01028969,Shropshire 014B,Anti-social behaviour,,
7fbda39124fef34a31a70ae52cc85ba8428b895a73301efc7870ab85ab5d434e,2015-04,West Mercia Police,West Mercia Police,-2.938340,52.783411,On or near B4396,E01028969,Shropshire 014B,Criminal damage and arson,Investigation complete; no suspect identified,
e34baf24d7dc74f247be2707d52956ef13b051c622edf8c221135b7d3ca5c635,2015-04,West Mercia Police,West Mercia Police,-2.916762,52.767632,On or near Petrol Station,E01028969,Shropshire 014B,Other theft,Unable to prosecute suspect,
f3eabfff4e120f89c9dd79df1837d8ccfeef8ebec187e651709a9a760c979813,2015-04,West Mercia Police,West Mercia Police,-2.916762,52.767632,On or near Petrol Station,E01028969,Shropshire 014B,Other theft,Investigation complete; no suspect identified,
ce49a1c15b38649422915efb2270c800d79d0713b92d33cebea00b1941aeff7e,2015-04,West Mercia Police,West Mercia Police,-2.881632,52.773355,On or near Park/Open Space,E01028969,Shropshire 014B,Public order,Offender given a caution,
e7b1720a816f8555e48a4600f71ec6689e46b55508cd90aa99ed75e9dbf8436d,2015-04,West Mercia Police,West Mercia Police,-2.922996,52.771584,On or near Petrol Station,E01028969,Shropshire 014B,Violence and sexual offences,Unable to prosecute suspect,
e12bfbf9567ff49795e539a1a3690a01bcb615c4e77516fdffc1b773ca173a35,2015-04,West Mercia Police,West Mercia Police,-2.891041,52.775334,On or near Valeswood Lane,E01028969,Shropshire 014B,Violence and sexual offences,Unable to prosecute suspect,
,2015-04,West Mercia Police,West Mercia Police,-2.839366,52.731508,On or near The Crescent,E01028970,Shropshire 014C,Anti-social behaviour,,
,2015-04,West Mercia Police,West Mercia Police,-2.807341,52.734293,On or near Isle Lane,E01028970,Shropshire 014C,Anti-social behaviour,,
,2015-04,West Mercia Police,West Mercia Police,-2.844427,52.734367,On or near Alloe Brook,E01028970,Shropshire 014C,Anti-social behaviour,,
,2015-04,West Mercia Police,West Mercia Police,-2.839366,52.731508,On or near The Crescent,E01028970,Shropshire 014C,Anti-social behaviour,,
74dcbbc20ca26d34dcfff97dde2239e55be641a6d7e4fb4adc03f9e73c00ccb9,2015-04,West Mercia Police,West Mercia Police,-2.837077,52.725663,On or near Preston Montford Lane,E01028970,Shropshire 014C,Criminal damage and arson,Unable to prosecute suspect,
bc1690094d4641fec81e5187c387ce51893c4efd5784f8780919234a21ec3f3d,2015-04,West Mercia Police,West Mercia Police,-2.844427,52.734367,On or near Alloe Brook,E01028970,Shropshire 014C,Criminal damage and arson,Under investigation,
b7a1f1bfba115120674a33dfc5fe42195baf14ea5272383920b7af7b4268f4a1,2015-04,West Mercia Police,West Mercia Police,-2.815739,52.720859,On or near Calcott Lane,E01028970,Shropshire 014C,Criminal damage and arson,Court result unavailable,
536bf6bbf17ecc230502ec0379be0da9d245d0471d3cbc5bdfa40a9d6bc31690,2015-04,West Mercia Police,West Mercia Police,-2.844427,52.734367,On or near Alloe Brook,E01028970,Shropshire 014C,Criminal damage and arson,Unable to prosecute suspect,
91aba1942328602f04f08b6aa713e7ef603519885643cfb02809c0364bc2a389,2015-04,West Mercia Police,West Mercia Police,-2.809699,52.724082,On or near Petrol Station,E01028970,Shropshire 014C,Other theft,Investigation complete; no suspect identified,
1534308b8c654dd52aeb0b2d10002f6fa771d318fd807612f05a7f88f315c5a6,2015-04,West Mercia Police,West Mercia Police,-2.844427,52.734367,On or near Alloe Brook,E01028970,Shropshire 014C,Violence and sexual offences,Court case unable to proceed,
d3229cdccdd6359c524f74075a8ab6a9a7fd93a402adf8d3b851518d57cbafbe,2015-04,West Mercia Police,West Mercia Police,-2.837077,52.725663,On or near Preston Montford Lane,E01028970,Shropshire 014C,Violence and sexual offences,Local resolution,
1bc80c2ec2ccd5f8066551f358757cc2f63bb37f94667539a3287f980b86d98a,2015-04,West Mercia Police,West Mercia Police,-2.837077,52.725663,On or near Preston Montford Lane,E01028970,Shropshire 014C,Violence and sexual offences,Unable to prosecute suspect,
b3058dc2ff1221d31422315f56b494450eb88c80b7175a37bfe598cecbfd6312,2015-04,West Mercia Police,West Mercia Police,-2.837077,52.725663,On or near Preston Montford Lane,E01028970,Shropshire 014C,Violence and sexual offences,Unable to prosecute suspect,
5dcd1f16ee0b4df60e1d97f9f7440fd3e1832ae4d757df4a4bfd76a279b4fb13,2015-04,West Mercia Police,West Mercia Police,-2.844427,52.734367,On or near Alloe Brook,E01028970,Shropshire 014C,Violence and sexual offences,Investigation complete; no suspect identified,
344acf71f7986799116313eb68425e438fa76312870a481b22c91fa2e30ad197,2015-04,West Mercia Police,West Mercia Police,-2.837077,52.725663,On or near Preston Montford Lane,E01028970,Shropshire 014C,Violence and sexual offences,Unable to prosecute suspect,
,2015-04,West Mercia Police,West Mercia Police,-2.817734,52.766522,On or near Park/Open Space,E01028971,Shropshire 014D,Anti-social behaviour,,
,2015-04,West Mercia Police,West Mercia Police,-2.781308,52.769213,On or near Whitehouse Lane,E01028971,Shropshire 014D,Anti-social behaviour,,
,2015-04,West Mercia Police,West Mercia Police,-2.782336,52.770348,On or near The Crescent,E01028971,Shropshire 014D,Anti-social behaviour,,
,2015-04,West Mercia Police,West Mercia Police,-2.817734,52.766522,On or near Park/Open Space,E01028971,Shropshire 014D,Anti-social behaviour,,
,2015-04,West Mercia Police,West Mercia Police,-2.778982,52.768455,On or near Magnolia Close,E01028971,Shropshire 014D,Anti-social behaviour,,
,2015-04,West Mercia Police,West Mercia Police,-2.787700,52.759587,On or near B5067,E01028971,Shropshire 014D,Anti-social behaviour,,
,2015-04,West Mercia Police,West Mercia Police,-2.818337,52.767048,On or near Park/Open Space,E01028971,Shropshire 014D,Anti-social behaviour,,
d510a472ea1ba65a9109422ab8f05e5ad75f4e316f1eaccc80804d589d6aaf02,2015-04,West Mercia Police,West Mercia Police,-2.783627,52.772092,On or near Yew Tree Bank,E01028971,Shropshire 014D,Burglary,Investigation complete; no suspect identified,
e95994caa6962e76d1a817ffa5a38d175252aa93df8d36ce463c3d1f06dd9295,2015-04,West Mercia Police,West Mercia Police,-2.776735,52.772110,On or near The Common,E01028971,Shropshire 014D,Burglary,Investigation complete; no suspect identified,
3ae12dfd05ec3689027f54ed0a2ffc3fc9c216be80239b11b017ec47d77bb05b,2015-04,West Mercia Police,West Mercia Police,-2.818337,52.767048,On or near Park/Open Space,E01028971,Shropshire 014D,Other theft,Investigation complete; no suspect identified,
950f3590b6b3ed11b83b2f4fafff97b24715f870a1b3cd0f66756a7431d46208,2015-04,West Mercia Police,West Mercia Police,-2.818337,52.767048,On or near Park/Open Space,E01028971,Shropshire 014D,Other theft,Investigation complete; no suspect identified,
046f9ce0bac1ccc6d424bb01eb22f181a03224aab1e50d25a7511c7021eda804,2015-04,West Mercia Police,West Mercia Police,-2.782017,52.774045,On or near Pump Road,E01028971,Shropshire 014D,Other theft,Investigation complete; no suspect identified,
56db24ff461d2badd9d8dfaf67d91400512ceaabd110a3d3df323a266ac1ccb3,2015-04,West Mercia Police,West Mercia Police,-2.781562,52.775153,On or near Merrington Road,E01028971,Shropshire 014D,Other theft,Investigation complete; no suspect identified,
3b528547d22c828bf7b46fdeade0b0662cff66f58f917b1f7478e678ad4bc974,2015-04,West Mercia Police,West Mercia Police,-2.781933,52.771825,On or near Chapel Close,E01028971,Shropshire 014D,Public order,Unable to prosecute suspect,
83f230ad3b9b04b2c9e5f4e008c7018120d56635ab2e040a55dcacdc4c15bc5c,2015-04,West Mercia Police,West Mercia Police,-2.787700,52.759587,On or near B5067,E01028971,Shropshire 014D,Violence and sexual offences,Unable to prosecute suspect,
3c32f0f70b3f6a8f3b5db2bb4c40d576f735dd4e715e667a930a646e85fc6fb8,2015-04,West Mercia Police,West Mercia Police,-2.817734,52.766522,On or near Park/Open Space,E01028971,Shropshire 014D,Violence and sexual offences,Unable to prosecute suspect,
4ce7a3954fffb142c80661e221f73548b2b2cc3f313319cf8e6c08d5e1abd69b,2015-04,West Mercia Police,West Mercia Police,-2.781562,52.775153,On or near Merrington Road,E01028971,Shropshire 014D,Violence and sexual offences,Unable to prosecute suspect,
11b7f49ea6a2711a307641ed9c63ea93ac134fcaf68f9198176141b27378d08c,2015-04,West Mercia Police,West Mercia Police,-2.951058,52.677777,On or near Sports/Recreation Area,E01028978,Shropshire 014E,Burglary,Unable to prosecute suspect,
ab8d02675ea4203fa9e267e0d7bcd3e469d3711fe7819014daa65b9508f0a49c,2015-04,West Mercia Police,West Mercia Police,-2.956142,52.697218,On or near Wigmore Lane,E01028978,Shropshire 014E,Burglary,Investigation complete; no suspect identified,
6a887756b367e4b659bd041c288b0c71519b4e32ca9021bf2ec8599c3900e879,2015-04,West Mercia Police,West Mercia Police,-2.956120,52.698953,On or near Old School Lane,E01028978,Shropshire 014E,Burglary,Investigation complete; no suspect identified,
2f500c957fbbcd34e2340ccbdb3f6303c9e663f0738d109ee38bd8d7a2477eed,2015-04,West Mercia Police,West Mercia Police,-2.945841,52.651280,On or near Hem Lane,E01028978,Shropshire 014E,Criminal damage and arson,Unable to prosecute suspect,
02e4a8c23f13e997df02c5301821337d3d99fe019a28c8d0fe4a7c174b85de62,2015-04,West Mercia Police,West Mercia Police,-2.950308,52.677307,On or near Broxtons Wood,E01028978,Shropshire 014E,Other theft,Unable to prosecute suspect,
,2015-04,West Mercia Police,West Mercia Police,-2.866460,52.715464,On or near But Lane,E01028979,Shropshire 014F,Anti-social behaviour,,
c3be192df3b47f01df0db81a50fcbc282798ae9cf7b05792e46a217d50c83ced,2015-04,West Mercia Police,West Mercia Police,-2.941298,52.704735,On or near A458,E01028979,Shropshire 014F,Burglary,Investigation complete; no suspect identified,
9f96ae2a02dc23d9e8decfb4837a7aa9d988497f9b18d775448c48c16c95a097,2015-04,West Mercia Police,West Mercia Police,-2.867680,52.718773,On or near New Street,E01028979,Shropshire 014F,Other theft,Investigation complete; no suspect identified,
,2015-04,West Mercia Police,West Mercia Police,-2.737834,52.727060,On or near Old Heath,E01028933,Shropshire 015A,Anti-social behaviour,,
,2015-04,West Mercia Police,West Mercia Police,-2.737834,52.727060,On or near Old Heath,E01028933,Shropshire 015A,Anti-social behaviour,,
,2015-04,West Mercia Police,West Mercia Police,-2.731366,52.731630,On or near Grasmere Road,E01028933,Shropshire 015A,Anti-social behaviour,,
,2015-04,West Mercia Police,West Mercia Police,-2.731366,52.731630,On or near Grasmere Road,E01028933,Shropshire 015A,Anti-social behaviour,,
,2015-04,West Mercia Police,West Mercia Police,-2.737834,52.727060,On or near Old Heath,E01028933,Shropshire 015A,Anti-social behaviour,,
,2015-04,West Mercia Police,West Mercia Police,-2.737834,52.727060,On or near Old Heath,E01028933,Shropshire 015A,Anti-social behaviour,,
,2015-04,West Mercia Police,West Mercia Police,-2.737834,52.727060,On or near Old Heath,E01028933,Shropshire 015A,Anti-social behaviour,,
,2015-04,West Mercia Police,West Mercia Police,-2.737944,52.724775,On or near Ditherington Road,E01028933,Shropshire 015A,Anti-social behaviour,,
,2015-04,West Mercia Police,West Mercia Police,-2.739116,52.725784,On or near Sandford Close,E01028933,Shropshire 015A,Anti-social behaviour,,
,2015-04,West Mercia Police,West Mercia Police,-2.737834,52.727060,On or near Old Heath,E01028933,Shropshire 015A,Anti-social behaviour,,
,2015-04,West Mercia Police,West Mercia Police,-2.735868,52.729032,On or near Supermarket,E01028933,Shropshire 015A,Anti-social behaviour,,
,2015-04,West Mercia Police,West Mercia Police,-2.728218,52.734706,On or near Kendal Road,E01028933,Shropshire 015A,Anti-social behaviour,,
,2015-04,West Mercia Police,West Mercia Police,-2.737944,52.724775,On or near Ditherington Road,E01028933,Shropshire 015A,Anti-social behaviour,,
,2015-04,West Mercia Police,West Mercia Police,-2.733008,52.731521,On or near Windermere Road,E01028933,Shropshire 015A,Anti-social behaviour,,
,2015-04,West Mercia Police,West Mercia Police,-2.731366,52.731630,On or near Grasmere Road,E01028933,Shropshire 015A,Anti-social behaviour,,
d0df4ddb7b02dec73ed12773f5908ebb8b92a481e1c76fb70fea1f609cf337f2,2015-04,West Mercia Police,West Mercia Police,-2.737834,52.727060,On or near Old Heath,E01028933,Shropshire 015A,Burglary,Unable to prosecute suspect,
2b86665d669bc36f938ab052b593faa15719a3f72920be0c767c4293bada5d6b,2015-04,West Mercia Police,West Mercia Police,-2.729660,52.734113,On or near Centruion Park,E01028933,Shropshire 015A,Criminal damage and arson,Investigation complete; no suspect identified,
d0a2ec5527f0d21e48d6112aa221697a9b275cb1330e1ed2249e877e840d31a6,2015-04,West Mercia Police,West Mercia Police,-2.737834,52.727060,On or near Old Heath,E01028933,Shropshire 015A,Criminal damage and arson,Investigation complete; no suspect identified,
c570af92cb502a21d422983df506f9ad86a88a17c0808bc827faabef2a855660,2015-04,West Mercia Police,West Mercia Police,-2.739819,52.725330,On or near Long Row,E01028933,Shropshire 015A,Criminal damage and arson,Investigation complete; no suspect identified,
96529091672fb00b3f7355137319de9d2744753b3477d78ce0c89b421dad6777,2015-04,West Mercia Police,West Mercia Police,-2.735868,52.729032,On or near Supermarket,E01028933,Shropshire 015A,Public order,Investigation complete; no suspect identified,
70463979c1203fcf9164582e363782873663642a2affa3e6dab4ad799352e1c9,2015-04,West Mercia Police,West Mercia Police,-2.728581,52.735145,On or near Ambleside,E01028933,Shropshire 015A,Shoplifting,Offender given community sentence,
71ebc12f987dc335f3ea82e54b1fd06676628ae1bc5cda95d3e9b87773efba9f,2015-04,West Mercia Police,West Mercia Police,-2.728581,52.735145,On or near Ambleside,E01028933,Shropshire 015A,Shoplifting,Court result unavailable,
60f8823ad0eb469bd8b9bbc00db0d78bc8465361ad652a37cdeff4e9fa8242c0,2015-04,West Mercia Police,West Mercia Police,-2.737944,52.724775,On or near Ditherington Road,E01028933,Shropshire 015A,Shoplifting,Offender sent to prison,
16991b3db123de81616650ff7e32f52fca6238c69dbc46a6fb2ac533cb8e43fc,2015-04,West Mercia Police,West Mercia Police,-2.737944,52.724775,On or near Ditherington Road,E01028933,Shropshire 015A,Shoplifting,Investigation complete; no suspect identified,
fdbd8bc1d19dbc4f20ce3f12593c6c31bf18530e0f49fa8c6b91f94cd749d22c,2015-04,West Mercia Police,West Mercia Police,-2.735868,52.729032,On or near Supermarket,E01028933,Shropshire 015A,Theft from the person,Unable to prosecute suspect,
92316cae8158a7e7915c00d34b8a70e0804ceb328a2988d0063fc4cc8ef09dc5,2015-04,West Mercia Police,West Mercia Police,-2.737944,52.724775,On or near Ditherington Road,E01028933,Shropshire 015A,Vehicle crime,Offender sent to prison,
8ff786a4c1c744e71cea4bdaac19d99663997fdf94d75744892b50bd8a108599,2015-04,West Mercia Police,West Mercia Police,-2.737834,52.727060,On or near Old Heath,E01028933,Shropshire 015A,Violence and sexual offences,Unable to prosecute suspect,
56c42741860777599a55e6716bbc7c7ca292ff15550b9c0d0cebb9c2264523f2,2015-04,West Mercia Police,West Mercia Police,-2.733008,52.731521,On or near Windermere Road,E01028933,Shropshire 015A,Violence and sexual offences,Awaiting court outcome,
b6888b195e5e84d1c3e8b15ba4c18325b5b77fd6bf205bdbabcd304bb783eb15,2015-04,West Mercia Police,West Mercia Police,-2.733008,52.731521,On or near Windermere Road,E01028933,Shropshire 015A,Violence and sexual offences,Unable to prosecute suspect,
741b64a5d624f680a83a7bb6a0be56b3f794d293e7a087aabb4fc8e1e23ccbae,2015-04,West Mercia Police,West Mercia Police,-2.737834,52.727060,On or near Old Heath,E01028933,Shropshire 015A,Violence and sexual offences,Unable to prosecute suspect,
2a8da3534165868e0ff03b12074568c0d7756e118cb00e9b30579982e6425d94,2015-04,West Mercia Police,West Mercia Police,-2.737834,52.727060,On or near Old Heath,E01028933,Shropshire 015A,Violence and sexual offences,Unable to prosecute suspect,
,2015-04,West Mercia Police,West Mercia Police,-2.741159,52.723182,On or near Wingfield Gardens,E01028934,Shropshire 015B,Anti-social behaviour,,
,2015-04,West Mercia Police,West Mercia Police,-2.741608,52.721723,On or near Wingfield Close,E01028934,Shropshire 015B,Anti-social behaviour,,
,2015-04,West Mercia Police,West Mercia Police,-2.740747,52.724192,On or near White House Gardens,E01028934,Shropshire 015B,Anti-social behaviour,,
,2015-04,West Mercia Police,West Mercia Police,-2.741310,52.726840,On or near Weston Drive,E01028934,Shropshire 015B,Anti-social behaviour,,
,2015-04,West Mercia Police,West Mercia Police,-2.742757,52.726570,On or near Combermere Drive,E01028934,Shropshire 015B,Anti-social behaviour,,
,2015-04,West Mercia Police,West Mercia Police,-2.740747,52.724192,On or near White House Gardens,E01028934,Shropshire 015B,Anti-social behaviour,,
,2015-04,West Mercia Police,West Mercia Police,-2.740747,52.724192,On or near White House Gardens,E01028934,Shropshire 015B,Anti-social behaviour,,
,2015-04,West Mercia Police,West Mercia Police,-2.741608,52.721723,On or near Wingfield Close,E01028934,Shropshire 015B,Anti-social behaviour,,
,2015-04,West Mercia Police,West Mercia Police,-2.741608,52.721723,On or near Wingfield Close,E01028934,Shropshire 015B,Anti-social behaviour,,
aee04768e4baa15ba8d754d1a8e4dc775430afc5bfb225e582474711d695aa74,2015-04,West Mercia Police,West Mercia Police,-2.738945,52.722711,On or near Supermarket,E01028934,Shropshire 015B,Burglary,Investigation complete; no suspect identified,
4f64007e4a15539de6f924c6b6769d85478e19ad11692254be5d80d5d403e181,2015-04,West Mercia Police,West Mercia Police,-2.741159,52.723182,On or near Wingfield Gardens,E01028934,Shropshire 015B,Criminal damage and arson,Investigation complete; no suspect identified,
43f7016e937d3865106026b8ac9b6d91f309a972a2d48b71173a40ce05fd789c,2015-04,West Mercia Police,West Mercia Police,-2.740747,52.724192,On or near White House Gardens,E01028934,Shropshire 015B,Criminal damage and arson,Investigation complete; no suspect identified,
f6bfb20b2dfc194a9b1d4b847b6b8a25e28a34a8b8a795a6c05bcc3eea10d420,2015-04,West Mercia Police,West Mercia Police,-2.738945,52.722711,On or near Supermarket,E01028934,Shropshire 015B,Other theft,Investigation complete; no suspect identified,
4548312f8789779f0a7d54e7825a3b980a15eb61d9c02ae058232d95564fc45c,2015-04,West Mercia Police,West Mercia Police,-2.738945,52.722711,On or near Supermarket,E01028934,Shropshire 015B,Shoplifting,Offender given conditional discharge,
56b20d3c2cd0ca9e03f023589adabb859dd6db1d3ea69ada16476f8a3238b79b,2015-04,West Mercia Police,West Mercia Police,-2.738945,52.722711,On or near Supermarket,E01028934,Shropshire 015B,Shoplifting,Offender sent to prison,
4c880a0636391b2350e208e7cec5b4a9f1e09c20eac7e97f4301f6ef915e5c85,2015-04,West Mercia Police,West Mercia Police,-2.740747,52.724192,On or near White House Gardens,E01028934,Shropshire 015B,Vehicle crime,Investigation complete; no suspect identified,
5b45adb2f2252ed82d7fe8cd613df18f8cfc94469fa3b622565e7aa7aefcc3af,2015-04,West Mercia Police,West Mercia Police,-2.741404,52.721023,On or near Spring Gardens,E01028934,Shropshire 015B,Violence and sexual offences,Offender given conditional discharge,
54349029bf78dc5217db6d25d8d0463bf97c9d20682d556a288f6dbe459abbe4,2015-04,West Mercia Police,West Mercia Police,-2.740747,52.724192,On or near White House Gardens,E01028934,Shropshire 015B,Violence and sexual offences,Unable to prosecute suspect,
542ca52585370f111465ff33dac2ace76e17fbb1674c96b21cd4b306ae1e7856,2015-04,West Mercia Police,West Mercia Police,-2.738945,52.722711,On or near Supermarket,E01028934,Shropshire 015B,Violence and sexual offences,Unable to prosecute suspect,
71fc394548d1c2363c00379efa507f4b0b509b0513c7ba28cda5bf18f2b14fc9,2015-04,West Mercia Police,West Mercia Police,-2.740650,52.721100,On or near Spring Gardens,E01028934,Shropshire 015B,Violence and sexual offences,Unable to prosecute suspect,
,2015-04,West Mercia Police,West Mercia Police,-2.732488,52.734087,On or near Greenwood Court,E01028956,Shropshire 015C,Anti-social behaviour,,
,2015-04,West Mercia Police,West Mercia Police,-2.734148,52.735946,On or near Ennerdale Drive,E01028956,Shropshire 015C,Anti-social behaviour,,
,2015-04,West Mercia Police,West Mercia Police,-2.730619,52.738323,On or near Petrol Station,E01028956,Shropshire 015C,Anti-social behaviour,,
9e36a351bb31cc0e037fcf110da351ca8df790bda391fda4ab68fd16d00031e7,2015-04,West Mercia Police,West Mercia Police,-2.732488,52.734087,On or near Greenwood Court,E01028956,Shropshire 015C,Criminal damage and arson,Investigation complete; no suspect identified,
b9f792d9fef1891cf4b8a9dba60f91805d20356a1381f899f4bd0a6eaa734c6b,2015-04,West Mercia Police,West Mercia Police,-2.743230,52.736960,On or near Horksley,E01028956,Shropshire 015C,Violence and sexual offences,Investigation complete; no suspect identified,
,2015-04,West Mercia Police,West Mercia Police,-2.737612,52.737552,On or near Mortimar,E01028957,Shropshire 015D,Anti-social behaviour,,
,2015-04,West Mercia Police,West Mercia Police,-2.739404,52.738422,On or near York Road,E01028957,Shropshire 015D,Anti-social behaviour,,
,2015-04,West Mercia Police,West Mercia Police,-2.737612,52.737552,On or near Mortimar,E01028957,Shropshire 015D,Anti-social behaviour,,
,2015-04,West Mercia Police,West Mercia Police,-2.737612,52.737552,On or near Mortimar,E01028957,Shropshire 015D,Anti-social behaviour,,
,2015-04,West Mercia Police,West Mercia Police,-2.737612,52.737552,On or near Mortimar,E01028957,Shropshire 015D,Anti-social behaviour,,
,2015-04,West Mercia Police,West Mercia Police,-2.737612,52.737552,On or near Mortimar,E01028957,Shropshire 015D,Anti-social behaviour,,
,2015-04,West Mercia Police,West Mercia Police,-2.739404,52.738422,On or near York Road,E01028957,Shropshire 015D,Anti-social behaviour,,
,2015-04,West Mercia Police,West Mercia Police,-2.737612,52.737552,On or near Mortimar,E01028957,Shropshire 015D,Anti-social behaviour,,
,2015-04,West Mercia Police,West Mercia Police,-2.737612,52.737552,On or near Mortimar,E01028957,Shropshire 015D,Anti-social behaviour,,
,2015-04,West Mercia Police,West Mercia Police,-2.739404,52.738422,On or near York Road,E01028957,Shropshire 015D,Anti-social behaviour,,
,2015-04,West Mercia Police,West Mercia Police,-2.734847,52.737857,On or near Kynaston Road,E01028957,Shropshire 015D,Anti-social behaviour,,
,2015-04,West Mercia Police,West Mercia Police,-2.737549,52.735602,On or near Fitzalan Road,E01028957,Shropshire 015D,Anti-social behaviour,,
,2015-04,West Mercia Police,West Mercia Police,-2.737612,52.737552,On or near Mortimar,E01028957,Shropshire 015D,Anti-social behaviour,,
,2015-04,West Mercia Police,West Mercia Police,-2.737612,52.737552,On or near Mortimar,E01028957,Shropshire 015D,Anti-social behaviour,,
,2015-04,West Mercia Police,West Mercia Police,-2.739603,52.736200,On or near Worcester Road,E01028957,Shropshire 015D,Anti-social behaviour,,
,2015-04,West Mercia Police,West Mercia Police,-2.734393,52.737257,On or near Prestbury Green,E01028957,Shropshire 015D,Anti-social behaviour,,
,2015-04,West Mercia Police,West Mercia Police,-2.734847,52.737857,On or near Kynaston Road,E01028957,Shropshire 015D,Anti-social behaviour,,
,2015-04,West Mercia Police,West Mercia Police,-2.732571,52.738159,On or near Aynesworth Green,E01028957,Shropshire 015D,Anti-social behaviour,,
,2015-04,West Mercia Police,West Mercia Police,-2.739404,52.738422,On or near York Road,E01028957,Shropshire 015D,Anti-social behaviour,,
,2015-04,West Mercia Police,West Mercia Police,-2.739404,52.738422,On or near York Road,E01028957,Shropshire 015D,Anti-social behaviour,,
,2015-04,West Mercia Police,West Mercia Police,-2.737612,52.737552,On or near Mortimar,E01028957,Shropshire 015D,Anti-social behaviour,,
92101297dfac24d55882b774388de43040fea217b2881411dc86add8fa9072e5,2015-04,West Mercia Police,West Mercia Police,-2.734847,52.737857,On or near Kynaston Road,E01028957,Shropshire 015D,Criminal damage and arson,Unable to prosecute suspect,
fa2cf11221679cefa561d3b1d73b663bb429abb61a7ce3f5ef034746525218bf,2015-04,West Mercia Police,West Mercia Police,-2.740568,52.740680,On or near Massey Crescent,E01028957,Shropshire 015D,Criminal damage and arson,Investigation complete; no suspect identified,
bd07ca25a893bf69709b76d3476f5afb9b7a23c9f147438b6ca2eca2aed5f290,2015-04,West Mercia Police,West Mercia Police,-2.734847,52.737857,On or near Kynaston Road,E01028957,Shropshire 015D,Criminal damage and arson,Investigation complete; no suspect identified,
1805a0cb63f6d7a93e2c69a2f493cce435a9dfd174b826dc87cff08c83888020,2015-04,West Mercia Police,West Mercia Police,-2.732571,52.738159,On or near Aynesworth Green,E01028957,Shropshire 015D,Criminal damage and arson,Offender given community sentence,
3b1053f272857d2e2a84c9124da4b31d7a77dfaf59135122358bcfaab4a9ae15,2015-04,West Mercia Police,West Mercia Police,-2.739404,52.738422,On or near York Road,E01028957,Shropshire 015D,Criminal damage and arson,Investigation complete; no suspect identified,
fd7fcb6eaef5ca2521fa9548905a1d8e9e607e8b563440a038ca2923aee5bf67,2015-04,West Mercia Police,West Mercia Police,-2.735980,52.736564,On or near Grosvenor Green,E01028957,Shropshire 015D,Criminal damage and arson,Investigation complete; no suspect identified,
387096b131233693b04c275aae6bd770c0a79237a03cb33f348e264f3eb044d3,2015-04,West Mercia Police,West Mercia Police,-2.738909,52.736330,On or near Dutton Green,E01028957,Shropshire 015D,Drugs,Offender fined,
a30b1dc9dc02571f08a0e4ac3a37097d264a799faf6687707f38edf079bc6ef0,2015-04,West Mercia Police,West Mercia Police,-2.737612,52.737552,On or near Mortimar,E01028957,Shropshire 015D,Drugs,Offender given a caution,
215644cb702e755c1f07f518e82c348b9edfe3f322e5e2677304266609dc08e0,2015-04,West Mercia Police,West Mercia Police,-2.734847,52.737857,On or near Kynaston Road,E01028957,Shropshire 015D,Public order,Investigation complete; no suspect identified,
998e0262b458c37ba08cd36ffe365dc65da9e7579ffb40df1f4be00337697705,2015-04,West Mercia Police,West Mercia Police,-2.734847,52.737857,On or near Kynaston Road,E01028957,Shropshire 015D,Public order,Offender given a caution,
3e797b8eb9f641e1bb3a76add136d75c00e638cc93027828320532b74db533ba,2015-04,West Mercia Police,West Mercia Police,-2.732571,52.738159,On or near Aynesworth Green,E01028957,Shropshire 015D,Shoplifting,Investigation complete; no suspect identified,
58bcf2a8fe156687ecedfa858507ecdf5123863abe09d0c37497fdfe550c6a71,2015-04,West Mercia Police,West Mercia Police,-2.737549,52.735602,On or near Fitzalan Road,E01028957,Shropshire 015D,Violence and sexual offences,Offender given conditional discharge,
6391d2b48b3ed9ef5902742b7384abafdbdfbf33fd7538d04e53ba69b7cf8294,2015-04,West Mercia Police,West Mercia Police,-2.732571,52.738159,On or near Aynesworth Green,E01028957,Shropshire 015D,Violence and sexual offences,Unable to prosecute suspect,
77245ebe47a18e02b3dc25fc28b95a4ccf1bfafae40b29ab5e4664606ae0c1f0,2015-04,West Mercia Police,West Mercia Police,-2.734405,52.737985,On or near Beaufort Green,E01028957,Shropshire 015D,Violence and sexual offences,Investigation complete; no suspect identified,
d250e19b2cc34cf3196e5ccb6d50547f63226809f931a682436f1251dfa696f6,2015-04,West Mercia Police,West Mercia Police,-2.739404,52.738422,On or near York Road,E01028957,Shropshire 015D,Violence and sexual offences,Investigation complete; no suspect identified,
358929f508ca9bbfec2fd0836974b32f3e1f0b4d1ee6046d00804cd617f8423b,2015-04,West Mercia Police,West Mercia Police,-2.734405,52.737985,On or near Beaufort Green,E01028957,Shropshire 015D,Violence and sexual offences,Defendant found not guilty,
a8582fe58b65c83970d6fc29c5b6561ce4732b653623cf836b75369032be9855,2015-04,West Mercia Police,West Mercia Police,-2.737612,52.737552,On or near Mortimar,E01028957,Shropshire 015D,Violence and sexual offences,Unable to prosecute suspect,
768c162202ca3a467478792a9965035e84fcdb334a92419da5f97ce9566ac2ea,2015-04,West Mercia Police,West Mercia Police,-2.739603,52.736200,On or near Worcester Road,E01028957,Shropshire 015D,Violence and sexual offences,Unable to prosecute suspect,
84758e1704dd214865e2a2b5714213931e3fe9be521697db9884309487298f9b,2015-04,West Mercia Police,West Mercia Police,-2.737612,52.737552,On or near Mortimar,E01028957,Shropshire 015D,Violence and sexual offences,Local resolution,
2d8677e58bf6ac3d86acec0392c7d989f8e130ca876830ce3aa81dfa7baf0c3e,2015-04,West Mercia Police,West Mercia Police,-2.737612,52.737552,On or near Mortimar,E01028957,Shropshire 015D,Violence and sexual offences,Unable to prosecute suspect,
a7785417653bdfbffb7e17c2907514b56d09eda262a4cd95a4357fa0dcda7576,2015-04,West Mercia Police,West Mercia Police,-2.737612,52.737552,On or near Mortimar,E01028957,Shropshire 015D,Violence and sexual offences,Unable to prosecute suspect,
5076796c497c9071464762d8ce73d4f19e2527f26f73b56183811bfad14eabb2,2015-04,West Mercia Police,West Mercia Police,-2.737612,52.737552,On or near Mortimar,E01028957,Shropshire 015D,Violence and sexual offences,Unable to prosecute suspect,
0892c65d3951af4db706fdaf17217c8aaa3dca956245f560321dbc8215d3d3e2,2015-04,West Mercia Police,West Mercia Police,-2.734847,52.737857,On or near Kynaston Road,E01028957,Shropshire 015D,Violence and sexual offences,Investigation complete; no suspect identified,
2a46f065ed29f03a89d595d8869e8d47272b3363bfc550ae4590cee82b61d3b2,2015-04,West Mercia Police,West Mercia Police,-2.734405,52.737985,On or near Beaufort Green,E01028957,Shropshire 015D,Violence and sexual offences,Unable to prosecute suspect,
,2015-04,West Mercia Police,West Mercia Police,-2.738388,52.740559,On or near Rutland,E01028958,Shropshire 015E,Anti-social behaviour,,
,2015-04,West Mercia Police,West Mercia Police,-2.727827,52.740534,On or near Vanguard Way,E01028958,Shropshire 015E,Anti-social behaviour,,
,2015-04,West Mercia Police,West Mercia Police,-2.738388,52.740559,On or near Rutland,E01028958,Shropshire 015E,Anti-social behaviour,,
,2015-04,West Mercia Police,West Mercia Police,-2.733304,52.743899,On or near Battlefield Way,E01028958,Shropshire 015E,Anti-social behaviour,,
,2015-04,West Mercia Police,West Mercia Police,-2.727827,52.740534,On or near Vanguard Way,E01028958,Shropshire 015E,Anti-social behaviour,,
,2015-04,West Mercia Police,West Mercia Police,-2.733304,52.743899,On or near Battlefield Way,E01028958,Shropshire 015E,Anti-social behaviour,,
,2015-04,West Mercia Police,West Mercia Police,-2.741018,52.742763,On or near Wayhill,E01028958,Shropshire 015E,Anti-social behaviour,,
,2015-04,West Mercia Police,West Mercia Police,-2.743666,52.745200,On or near Park Plaza,E01028958,Shropshire 015E,Anti-social behaviour,,
,2015-04,West Mercia Police,West Mercia Police,-2.741018,52.742763,On or near Wayhill,E01028958,Shropshire 015E,Anti-social behaviour,,
,2015-04,West Mercia Police,West Mercia Police,-2.738388,52.740559,On or near Rutland,E01028958,Shropshire 015E,Anti-social behaviour,,
,2015-04,West Mercia Police,West Mercia Police,-2.738388,52.740559,On or near Rutland,E01028958,Shropshire 015E,Anti-social behaviour,,
,2015-04,West Mercia Police,West Mercia Police,-2.733021,52.740232,On or near Longbow Close,E01028958,Shropshire 015E,Anti-social behaviour,,
,2015-04,West Mercia Police,West Mercia Police,-2.727827,52.740534,On or near Vanguard Way,E01028958,Shropshire 015E,Anti-social behaviour,,
4095cc66ad56f52bb417b7fe7bd83c8160b62655e6dac7fa2ad1f6dd56d1d72f,2015-04,West Mercia Police,West Mercia Police,-2.738388,52.740559,On or near Rutland,E01028958,Shropshire 015E,Criminal damage and arson,Investigation complete; no suspect identified,
6e49b05f9b54cba99724d7db0a671bb70d6c04b37b8e9cc7b67245f04b670b10,2015-04,West Mercia Police,West Mercia Police,-2.744265,52.740351,On or near Morris Close,E01028958,Shropshire 015E,Criminal damage and arson,Investigation complete; no suspect identified,
e7d770d5d0648ade97254894c8642d6af6d2ad941d1671b6264cf6242ce165f8,2015-04,West Mercia Police,West Mercia Police,-2.738388,52.740559,On or near Rutland,E01028958,Shropshire 015E,Criminal damage and arson,Investigation complete; no suspect identified,
d5723b1854987b0d821e68e0c248567eb41fd96bf967a8cf03536962ee4d0638,2015-04,West Mercia Police,West Mercia Police,-2.737385,52.743451,On or near March Way,E01028958,Shropshire 015E,Public order,Unable to prosecute suspect,
2ee7f9c9613463537f1c9d3f9e7f2343c621dc345ee1810bad0bff1eea44d032,2015-04,West Mercia Police,West Mercia Police,-2.743666,52.745200,On or near Park Plaza,E01028958,Shropshire 015E,Public order,Investigation complete; no suspect identified,
6ddf18cabfd1e0749bb9c1aab9833c8b3bb8f90b77a8da1a23aa892599970bab,2015-04,West Mercia Police,West Mercia Police,-2.738288,52.746016,On or near Hotspur Park,E01028958,Shropshire 015E,Vehicle crime,Unable to prosecute suspect,
6d5131a7ddfa515365100564b72c6f4825ae26bc074ea1ad5bf17d60fad5f0f3,2015-04,West Mercia Police,West Mercia Police,-2.745088,52.740813,On or near Hodgkinson Walk,E01028958,Shropshire 015E,Violence and sexual offences,Unable to prosecute suspect,
708168006bcd53c4f69efca259ae77c6d859ba2a9a8d68ce42b8cb0fecc2c3e9,2015-04,West Mercia Police,West Mercia Police,-2.738388,52.740559,On or near Rutland,E01028958,Shropshire 015E,Violence and sexual offences,Unable to prosecute suspect,
e33654b379c9cffbc250d76509e4fb815f19b3cdda6029aa2bc1da5110013850,2015-04,West Mercia Police,West Mercia Police,-2.741455,52.739748,On or near Grafton Mews,E01028958,Shropshire 015E,Violence and sexual offences,Unable to prosecute suspect,
8aa63989865a34f097f5aa33e43fe3e61141be242c5ab7752fade0b40e98f6bd,2015-04,West Mercia Police,West Mercia Police,-2.741018,52.742763,On or near Wayhill,E01028958,Shropshire 015E,Violence and sexual offences,Offender sent to prison,
,2015-04,West Mercia Police,West Mercia Police,-2.723403,52.738188,On or near Parking Area,E01028932,Shropshire 016A,Anti-social behaviour,,
,2015-04,West Mercia Police,West Mercia Police,-2.720408,52.746054,On or near A5124,E01028932,Shropshire 016A,Anti-social behaviour,,
,2015-04,West Mercia Police,West Mercia Police,-2.719307,52.737646,On or near Arlington Way,E01028932,Shropshire 016A,Anti-social behaviour,,
,2015-04,West Mercia Police,West Mercia Police,-2.719626,52.741726,On or near Battlefield Court,E01028932,Shropshire 016A,Anti-social behaviour,,
,2015-04,West Mercia Police,West Mercia Police,-2.720408,52.746054,On or near A5124,E01028932,Shropshire 016A,Anti-social behaviour,,
,2015-04,West Mercia Police,West Mercia Police,-2.719307,52.737646,On or near Arlington Way,E01028932,Shropshire 016A,Anti-social behaviour,,
,2015-04,West Mercia Police,West Mercia Police,-2.712716,52.732194,On or near Goldcrest Drive,E01028932,Shropshire 016A,Anti-social behaviour,,
,2015-04,West Mercia Police,West Mercia Police,-2.713881,52.738237,On or near Latchford Lane,E01028932,Shropshire 016A,Anti-social behaviour,,
,2015-04,West Mercia Police,West Mercia Police,-2.715421,52.738254,On or near Farran Grove,E01028932,Shropshire 016A,Anti-social behaviour,,
,2015-04,West Mercia Police,West Mercia Police,-2.719626,52.741726,On or near Battlefield Court,E01028932,Shropshire 016A,Anti-social behaviour,,
,2015-04,West Mercia Police,West Mercia Police,-2.715421,52.738254,On or near Farran Grove,E01028932,Shropshire 016A,Anti-social behaviour,,
e07d70364d6b2c009713a941d62f1a2c720a4050e9ac3c1869826e0afbc9a0cb,2015-04,West Mercia Police,West Mercia Police,-2.723403,52.738188,On or near Parking Area,E01028932,Shropshire 016A,Bicycle theft,Unable to prosecute suspect,
a1915c294db6214da0b0f34b14f941d11e547a3edb272d87b2b7cf267f51f8ae,2015-04,West Mercia Police,West Mercia Police,-2.719307,52.737646,On or near Arlington Way,E01028932,Shropshire 016A,Criminal damage and arson,Investigation complete; no suspect identified,
09add3a0c6cee6ac2d501b72e4ee0b588f3529cdbc1a347e7d23adeda165a3f6,2015-04,West Mercia Police,West Mercia Police,-2.719626,52.741726,On or near Battlefield Court,E01028932,Shropshire 016A,Criminal damage and arson,Investigation complete; no suspect identified,
c125315fc4da1577219ca5c4ab940d7c878e259347296c765e3667c613c28a65,2015-04,West Mercia Police,West Mercia Police,-2.716708,52.735406,On or near Supermarket,E01028932,Shropshire 016A,Other theft,Offender otherwise dealt with,
d220d1273246b32ff88e332cdd95c201021952e4c5a7687cd36049c8bb7c5c1c,2015-04,West Mercia Police,West Mercia Police,-2.720408,52.746054,On or near A5124,E01028932,Shropshire 016A,Other theft,Investigation complete; no suspect identified,
881f1c6842e529024284f1ab13fc202701b955f8d3dcbd19e780b70eccf38e1e,2015-04,West Mercia Police,West Mercia Police,-2.726498,52.737261,On or near Harlescott Lane,E01028932,Shropshire 016A,Other theft,Investigation complete; no suspect identified,
3ea7c4bddf76e474f44bd8d532faf367e60f814ca5ab49efb91721a21658bdff,2015-04,West Mercia Police,West Mercia Police,-2.723403,52.738188,On or near Parking Area,E01028932,Shropshire 016A,Other theft,Investigation complete; no suspect identified,
bcbec98a50433b2f2e448ba96a3c4e8f61440a4ceda4dc5c69a3cc61ff670a99,2015-04,West Mercia Police,West Mercia Police,-2.726498,52.737261,On or near Harlescott Lane,E01028932,Shropshire 016A,Shoplifting,Offender given conditional discharge,
998d8ca8426cdf97f72d58b33914221aa000d00972ea760f5cee41b309c93685,2015-04,West Mercia Police,West Mercia Police,-2.723403,52.738188,On or near Parking Area,E01028932,Shropshire 016A,Shoplifting,Local resolution,
07fcbd30d6e156c8150afc2c7030c550690eec5abb459364801c946eedb72007,2015-04,West Mercia Police,West Mercia Police,-2.723403,52.738188,On or near Parking Area,E01028932,Shropshire 016A,Shoplifting,Local resolution,
d393fadc91cdb312e59b1b4ddfaa0890a2aea01aa7a4eaa3f4d0c9db640cb8b0,2015-04,West Mercia Police,West Mercia Police,-2.712716,52.732194,On or near Goldcrest Drive,E01028932,Shropshire 016A,Violence and sexual offences,Offender given a caution,
565a347017229af348c5c79c2d5eeac1865f235d26284355f9eae0a381da5da5,2015-04,West Mercia Police,West Mercia Police,-2.715421,52.738254,On or near Farran Grove,E01028932,Shropshire 016A,Violence and sexual offences,Unable to prosecute suspect,
f259efe52a6152c6c5a965e2c7d7cec06f00c54d23a9e4b4f4f7fcbae677330d,2015-04,West Mercia Police,West Mercia Police,-2.716708,52.735406,On or near Supermarket,E01028932,Shropshire 016A,Violence and sexual offences,Local resolution,
0fb06320d6616026f32b448756cb266ddd00c0c9f8c8dffb866e65bf13405aec,2015-04,West Mercia Police,West Mercia Police,-2.726498,52.737261,On or near Harlescott Lane,E01028932,Shropshire 016A,Violence and sexual offences,Offender given conditional discharge,
,2015-04,West Mercia Police,West Mercia Police,-2.723966,52.727469,On or near Montgomery Way,E01028981,Shropshire 016B,Anti-social behaviour,,
,2015-04,West Mercia Police,West Mercia Police,-2.726978,52.729563,On or near Sundorne Crescent,E01028981,Shropshire 016B,Anti-social behaviour,,
,2015-04,West Mercia Police,West Mercia Police,-2.733480,52.727887,On or near First Avenue,E01028981,Shropshire 016B,Anti-social behaviour,,
,2015-04,West Mercia Police,West Mercia Police,-2.722532,52.726686,On or near Sandhurst Meadows,E01028981,Shropshire 016B,Anti-social behaviour,,
,2015-04,West Mercia Police,West Mercia Police,-2.722532,52.726686,On or near Sandhurst Meadows,E01028981,Shropshire 016B,Anti-social behaviour,,
cf54e58f962ed3efb1391c5e8a1d50cd2d067c19f6624bebefa940987fb66da0,2015-04,West Mercia Police,West Mercia Police,-2.731721,52.726333,On or near Beachley,E01028981,Shropshire 016B,Criminal damage and arson,Investigation complete; no suspect identified,
7d8b3d190aa589f1a4ad79a25efb2c0d5e0260a134c8fd1ded751c09fc7e9f4c,2015-04,West Mercia Police,West Mercia Police,-2.726978,52.729563,On or near Sundorne Crescent,E01028981,Shropshire 016B,Criminal damage and arson,Investigation complete; no suspect identified,
8ccddc41045599d06d47be99273c61e256c31dadf75ad3063610fb6e2e60dab0,2015-04,West Mercia Police,West Mercia Police,-2.728155,52.729124,On or near Sundorne Avenue,E01028981,Shropshire 016B,Vehicle crime,Investigation complete; no suspect identified,
,2015-04,West Mercia Police,West Mercia Police,-2.729531,52.730824,On or near Albert Square,E01028982,Shropshire 016C,Anti-social behaviour,,
,2015-04,West Mercia Police,West Mercia Police,-2.724111,52.735289,On or near Hawkestone Road,E01028982,Shropshire 016C,Anti-social behaviour,,
,2015-04,West Mercia Police,West Mercia Police,-2.727804,52.732057,On or near Rosemede,E01028982,Shropshire 016C,Anti-social behaviour,,
,2015-04,West Mercia Police,West Mercia Police,-2.724111,52.735289,On or near Hawkestone Road,E01028982,Shropshire 016C,Anti-social behaviour,,
,2015-04,West Mercia Police,West Mercia Police,-2.725710,52.735252,On or near Whitchurch Road,E01028982,Shropshire 016C,Anti-social behaviour,,
d0ea6166ff3069abe58edf290bdee48f0c0845d8e2adc55062facd005b10c37f,2015-04,West Mercia Police,West Mercia Police,-2.727804,52.732057,On or near Rosemede,E01028982,Shropshire 016C,Bicycle theft,Unable to prosecute suspect,
667a6d32d8f77b2aa770bb7c97da072f3006389b67a9d346a8cd29770c334a7d,2015-04,West Mercia Police,West Mercia Police,-2.725710,52.735252,On or near Whitchurch Road,E01028982,Shropshire 016C,Bicycle theft,Investigation complete; no suspect identified,
6ec12abadb3a35db0cf3a368bb1909049c3e2367f17ebe24e6ff16eddd2eca41,2015-04,West Mercia Police,West Mercia Police,-2.721391,52.733804,On or near Broughton Road,E01028982,Shropshire 016C,Criminal damage and arson,Investigation complete; no suspect identified,
a00802a8289d4e36dc6c86222bdaf0447434fae0cbe227626a52141c01fc9bea,2015-04,West Mercia Police,West Mercia Police,-2.731193,52.729249,On or near Albert Road,E01028982,Shropshire 016C,Criminal damage and arson,Investigation complete; no suspect identified,
603bcadd62f289378df10edc3d10f43f60533047566b5e80645ea89955b87cb1,2015-04,West Mercia Police,West Mercia Police,-2.725710,52.735252,On or near Whitchurch Road,E01028982,Shropshire 016C,Shoplifting,Local resolution,
20bc62df3a643d2a7328b71b08f1770fb582ff3b8995d3e25824bc26deb66be7,2015-04,West Mercia Police,West Mercia Police,-2.724111,52.735289,On or near Hawkestone Road,E01028982,Shropshire 016C,Shoplifting,Investigation complete; no suspect identified,
5fbccc7ab6f73611ae2e0f471a5a8219e1a12e9d1e420bd8f56a79f85c180584,2015-04,West Mercia Police,West Mercia Police,-2.724111,52.735289,On or near Hawkestone Road,E01028982,Shropshire 016C,Shoplifting,Investigation complete; no suspect identified,
87473e90497fee62708506ac0fcda21a42fd6d4c4eaa5ae8693d49b202f8acfa,2015-04,West Mercia Police,West Mercia Police,-2.725786,52.731836,On or near Corndon Crescent,E01028982,Shropshire 016C,Violence and sexual offences,Unable to prosecute suspect,
6ed2ced3a1cfd76d8b26a5aff83a4c706249e6462a3b59f78a0575571883024c,2015-04,West Mercia Police,West Mercia Police,-2.722365,52.732684,On or near Meadow Farm Drive,E01028982,Shropshire 016C,Violence and sexual offences,Investigation complete; no suspect identified,
135c565731dd6bfeeb647ce3ea8532d6f2c6b584c19433264d85fba6be052bff,2015-04,West Mercia Police,West Mercia Police,-2.721391,52.733804,On or near Broughton Road,E01028982,Shropshire 016C,Violence and sexual offences,Local resolution,
bf0908e80cd28d2409aaa82c91dfae37b5c4a5dfb210f399ff5e887ab14fd55b,2015-04,West Mercia Police,West Mercia Police,-2.729531,52.730824,On or near Albert Square,E01028982,Shropshire 016C,Violence and sexual offences,Unable to prosecute suspect,
65b410686a6622637f0f4e006a656b2014337d38542933fe8bea651249c705a9,2015-04,West Mercia Police,West Mercia Police,-2.722365,52.732684,On or near Meadow Farm Drive,E01028982,Shropshire 016C,Violence and sexual offences,Investigation complete; no suspect identified,
,2015-04,West Mercia Police,West Mercia Police,-2.711854,52.729313,On or near Farmoor,E01028983,Shropshire 016D,Anti-social behaviour,,
,2015-04,West Mercia Police,West Mercia Police,-2.720862,52.732261,On or near Moston Green,E01028983,Shropshire 016D,Anti-social behaviour,,
,2015-04,West Mercia Police,West Mercia Police,-2.714922,52.730346,On or near Claverley Road,E01028983,Shropshire 016D,Anti-social behaviour,,
,2015-04,West Mercia Police,West Mercia Police,-2.720862,52.732261,On or near Moston Green,E01028983,Shropshire 016D,Anti-social behaviour,,
,2015-04,West Mercia Police,West Mercia Police,-2.720862,52.732261,On or near Moston Green,E01028983,Shropshire 016D,Anti-social behaviour,,
,2015-04,West Mercia Police,West Mercia Police,-2.722655,52.729670,On or near East Crescent,E01028983,Shropshire 016D,Anti-social behaviour,,
,2015-04,West Mercia Police,West Mercia Police,-2.720862,52.732261,On or near Moston Green,E01028983,Shropshire 016D,Anti-social behaviour,,
,2015-04,West Mercia Police,West Mercia Police,-2.715851,52.731060,On or near Allerton Road,E01028983,Shropshire 016D,Anti-social behaviour,,
,2015-04,West Mercia Police,West Mercia Police,-2.718144,52.729104,On or near Hopton Drive,E01028983,Shropshire 016D,Anti-social behaviour,,
9eedfacd8175c868b4c005854a59e45d8b5638b31a275bc1443706987e939471,2015-04,West Mercia Police,West Mercia Police,-2.711853,52.726499,On or near Sports/Recreation Area,E01028983,Shropshire 016D,Bicycle theft,Investigation complete; no suspect identified,
10c307798b6ec9bc0d8a3c529d9d492e99ecec4242fa04b53fc63c313618c683,2015-04,West Mercia Police,West Mercia Police,-2.719209,52.732613,On or near Field Crescent,E01028983,Shropshire 016D,Criminal damage and arson,Offender given a caution,
fb8628fd21e2df94befa18402a4d6163b313ebee809d4f42cfbe231f19faa0e8,2015-04,West Mercia Police,West Mercia Police,-2.719209,52.732613,On or near Field Crescent,E01028983,Shropshire 016D,Criminal damage and arson,Unable to prosecute suspect,
1b2bc2e386ad66452114bd9b7334d63510e46ac52fec99519a48344f32499d7a,2015-04,West Mercia Police,West Mercia Police,-2.720862,52.732261,On or near Moston Green,E01028983,Shropshire 016D,Criminal damage and arson,Local resolution,
3df8bdbcbd73fbb07db31b975da5cf441b1ce6504235b14503cfb6ac69c03402,2015-04,West Mercia Police,West Mercia Police,-2.720862,52.732261,On or near Moston Green,E01028983,Shropshire 016D,Drugs,Unable to prosecute suspect,
f29feea8e968c82cd89f8e06dc1e5d8463c4ca379d90bff695e9b2884ac23147,2015-04,West Mercia Police,West Mercia Police,-2.718144,52.729104,On or near Hopton Drive,E01028983,Shropshire 016D,Other theft,Investigation complete; no suspect identified,
219a71c952e64405073a3f7d3cae1388d1311147e8dd542901c3bcce5377e4bd,2015-04,West Mercia Police,West Mercia Police,-2.719429,52.733412,On or near Stanton Green,E01028983,Shropshire 016D,Violence and sexual offences,Investigation complete; no suspect identified,
cce982d54135f554369c50516fe691243cec76938229b25f524f2807f21247c5,2015-04,West Mercia Police,West Mercia Police,-2.720862,52.732261,On or near Moston Green,E01028983,Shropshire 016D,Violence and sexual offences,Unable to prosecute suspect,
c0b4d63c9f3337adf74eb60f4de6be52c414a3741e51e67e26b8b342977be100,2015-04,West Mercia Police,West Mercia Police,-2.718158,52.730830,On or near Moston Road,E01028983,Shropshire 016D,Violence and sexual offences,Unable to prosecute suspect,
e37e8662c1b57aa4bc7e857df0e6ca16a19291e255aaa39e965f4835da9cb7de,2015-04,West Mercia Police,West Mercia Police,-2.719429,52.733412,On or near Stanton Green,E01028983,Shropshire 016D,Violence and sexual offences,Unable to prosecute suspect,
7fa4c613c364deb3e3a3b23943120ca0f67095b152d891126fbca185f7cb006f,2015-04,West Mercia Police,West Mercia Police,-2.718158,52.730830,On or near Moston Road,E01028983,Shropshire 016D,Violence and sexual offences,Unable to prosecute suspect,
0dbc993ee349ad7c17943db40b32c9274a172a0b21c311b873a0e56bfb91e634,2015-04,West Mercia Police,West Mercia Police,-2.720862,52.732261,On or near Moston Green,E01028983,Shropshire 016D,Violence and sexual offences,Unable to prosecute suspect,
9a1762121d3f8a59af01998821ffb10e303c732eb37c41da8236b544fa4c38c2,2015-04,West Mercia Police,West Mercia Police,-2.715851,52.731060,On or near Allerton Road,E01028983,Shropshire 016D,Violence and sexual offences,Offender given community sentence,
a4a61fab0f05b19b631a41b16723a3838ff9b61240e2cd3e176feffe28225fea,2015-04,West Mercia Police,West Mercia Police,-2.715851,52.731060,On or near Allerton Road,E01028983,Shropshire 016D,Violence and sexual offences,Unable to prosecute suspect,
6852f6ed7eed523abdb6aea7b356da5fef765b8ccfada40c424d9a14a04f4a42,2015-04,West Mercia Police,West Mercia Police,-2.718158,52.730830,On or near Moston Road,E01028983,Shropshire 016D,Violence and sexual offences,Unable to prosecute suspect,
4d80140b5d40b3021eb21ddc760890d7e5b2498d07f2ff22a63933d261e120dc,2015-04,West Mercia Police,West Mercia Police,-2.719209,52.732613,On or near Field Crescent,E01028983,Shropshire 016D,Other crime,Investigation complete; no suspect identified,
b1bdb78372081724d8a58eccf80233637f0ac42fa4c9ae4282c208fb1c1a7b9e,2015-04,West Mercia Police,West Mercia Police,-2.746465,52.720883,On or near Sports/Recreation Area,E01028930,Shropshire 017A,Burglary,Investigation complete; no suspect identified,
7f7a90c2221f73763a5585d405e55c4e83c6e022677adaadff5525beebfe0e94,2015-04,West Mercia Police,West Mercia Police,-2.746465,52.720883,On or near Sports/Recreation Area,E01028930,Shropshire 017A,Criminal damage and arson,Investigation complete; no suspect identified,
1588b41b4a699ab282d5dda871d25d1ddb44873bf462384e2f220520ce8c99cd,2015-04,West Mercia Police,West Mercia Police,-2.746465,52.720883,On or near Sports/Recreation Area,E01028930,Shropshire 017A,Criminal damage and arson,Investigation complete; no suspect identified,
2929d19bfdb4d2a12a558119fa3fa55db7f7e8c610d0d0e9fd0464629cc0ae51,2015-04,West Mercia Police,West Mercia Police,-2.748520,52.719846,On or near Falstaff Street,E01028930,Shropshire 017A,Criminal damage and arson,Investigation complete; no suspect identified,
89bca5cbe319b810726ee703713060dfb227bc646220ef75ebdc58b42ceeea95,2015-04,West Mercia Police,West Mercia Police,-2.751257,52.722319,On or near Lymehurst Court,E01028930,Shropshire 017A,Violence and sexual offences,Investigation complete; no suspect identified,
f729f8e7fb8203f3fe2901167c56f20f9883447209adf7adbbba9be41c8b064f,2015-04,West Mercia Police,West Mercia Police,-2.751312,52.728072,On or near Bayford Drive,E01028930,Shropshire 017A,Violence and sexual offences,Investigation complete; no suspect identified,
,2015-04,West Mercia Police,West Mercia Police,-2.761567,52.716652,On or near Conference/Exhibition Centre,E01028931,Shropshire 017B,Anti-social behaviour,,
,2015-04,West Mercia Police,West Mercia Police,-2.753384,52.715167,On or near Coton Hill,E01028931,Shropshire 017B,Anti-social behaviour,,
,2015-04,West Mercia Police,West Mercia Police,-2.750977,52.718068,On or near Wood Street,E01028931,Shropshire 017B,Anti-social behaviour,,
,2015-04,West Mercia Police,West Mercia Police,-2.751732,52.716355,On or near Greenfields Gardens,E01028931,Shropshire 017B,Anti-social behaviour,,
,2015-04,West Mercia Police,West Mercia Police,-2.756699,52.718517,On or near Coton Mount,E01028931,Shropshire 017B,Anti-social behaviour,,
c6808888927c44a06b9c16e886645a18f39b75089a346191193f20096f064849,2015-04,West Mercia Police,West Mercia Police,-2.753139,52.715546,On or near Jane'S Place,E01028931,Shropshire 017B,Criminal damage and arson,Investigation complete; no suspect identified,
b7ba9ce001c8ceb2545a807985068d3bb267b7428fc3c71943cbeafaf8411f20,2015-04,West Mercia Police,West Mercia Police,-2.756698,52.716719,On or near Berwick Close,E01028931,Shropshire 017B,Criminal damage and arson,Investigation complete; no suspect identified,
aaf167bef8743fa065d4d1fd020fdcdfc88dd4e6b963874532e5e823acc92ab3,2015-04,West Mercia Police,West Mercia Police,-2.753384,52.715167,On or near Coton Hill,E01028931,Shropshire 017B,Criminal damage and arson,Investigation complete; no suspect identified,
e77cd12cf25904f756c03bdc3ef8b0ac567d6fd0bb4e7fce0dc6434c4433e718,2015-04,West Mercia Police,West Mercia Police,-2.754659,52.717829,On or near Westminster Close,E01028931,Shropshire 017B,Criminal damage and arson,Investigation complete; no suspect identified,
3a06605765e0c86a8ee56b7652420181df6fdb913971ebd9cbfb123d504b41cb,2015-04,West Mercia Police,West Mercia Police,-2.754659,52.717829,On or near Westminster Close,E01028931,Shropshire 017B,Other theft,Investigation complete; no suspect identified,
5c6e0dbe05c3bbf055fbc1f323c4ec2c07ce76c7877e7452f308e1b317a6f9ef,2015-04,West Mercia Police,West Mercia Police,-2.752601,52.719514,On or near Elm Street,E01028931,Shropshire 017B,Robbery,Investigation complete; no suspect identified,
bd69107e03006ec23f81356e2762af6cc1a411f845fbe87e5e98236939da4a90,2015-04,West Mercia Police,West Mercia Police,-2.752601,52.719514,On or near Elm Street,E01028931,Shropshire 017B,Violence and sexual offences,Investigation complete; no suspect identified,
cd38aab82ef1ed80f88171c17834dc567c33bbcbfd9b77be88a1b34200f4b262,2015-04,West Mercia Police,West Mercia Police,-2.750977,52.718068,On or near Wood Street,E01028931,Shropshire 017B,Violence and sexual offences,Local resolution,
150688fb2d3665c4624964ccb9a16400995e33137cdc4661de28945da8f787a7,2015-04,West Mercia Police,West Mercia Police,-2.750977,52.718068,On or near Wood Street,E01028931,Shropshire 017B,Violence and sexual offences,Unable to prosecute suspect,
,2015-04,West Mercia Police,West Mercia Police,-2.740099,52.719152,On or near Woodhall Close,E01028944,Shropshire 017C,Anti-social behaviour,,
,2015-04,West Mercia Police,West Mercia Police,-2.744164,52.717877,On or near Sports/Recreation Area,E01028944,Shropshire 017C,Anti-social behaviour,,
,2015-04,West Mercia Police,West Mercia Police,-2.741497,52.720384,On or near Spring Gardens,E01028944,Shropshire 017C,Anti-social behaviour,,
bf10978d8107e41c3765bdc371d6a5495de1d81afed6afc83f746c815b1c96f1,2015-04,West Mercia Police,West Mercia Police,-2.735132,52.721377,On or near Warrenby Close,E01028944,Shropshire 017C,Bicycle theft,Investigation complete; no suspect identified,
90284dbf0410d40fd4fa5e97e5e2f78f24df1df038d6c828144e542ee789bd23,2015-04,West Mercia Police,West Mercia Police,-2.735885,52.722972,On or near Millers Green,E01028944,Shropshire 017C,Bicycle theft,Investigation complete; no suspect identified,
414ad168935b8aba31eb5320c9bdb0919996155a38ded36cf98d5239a946d200,2015-04,West Mercia Police,West Mercia Police,-2.744164,52.717877,On or near Sports/Recreation Area,E01028944,Shropshire 017C,Criminal damage and arson,Investigation complete; no suspect identified,
c08d5581e6a3a7e4544875f9b3cf18841e44279eccd284ab1788893e9c292d41,2015-04,West Mercia Police,West Mercia Police,-2.743271,52.716750,On or near Osbourne Close,E01028944,Shropshire 017C,Criminal damage and arson,Investigation complete; no suspect identified,
9d3d22b066d11e06688f4846d0d638efc16268f36d95b0e846f7d9e9a08fbce8,2015-04,West Mercia Police,West Mercia Police,-2.736048,52.720328,On or near Didcot Close,E01028944,Shropshire 017C,Vehicle crime,Investigation complete; no suspect identified,
0b17133f3e0570b47f36a7945d7609d7bc0f847f68c0c70c5425da465d83cbb4,2015-04,West Mercia Police,West Mercia Police,-2.742594,52.717833,On or near New Park Close,E01028944,Shropshire 017C,Violence and sexual offences,Unable to prosecute suspect,
90002bf7345288aa3a71cbef39665ec6588ca6394a2a0fa3530157bb77001978,2015-04,West Mercia Police,West Mercia Police,-2.742594,52.717833,On or near New Park Close,E01028944,Shropshire 017C,Violence and sexual offences,Unable to prosecute suspect,
,2015-04,West Mercia Police,West Mercia Police,-2.743504,52.713944,On or near North Street,E01028945,Shropshire 017D,Anti-social behaviour,,
,2015-04,West Mercia Police,West Mercia Police,-2.743504,52.713944,On or near North Street,E01028945,Shropshire 017D,Anti-social behaviour,,
,2015-04,West Mercia Police,West Mercia Police,-2.746506,52.718096,On or near Crewe Street,E01028945,Shropshire 017D,Anti-social behaviour,,
,2015-04,West Mercia Police,West Mercia Police,-2.744182,52.712852,On or near Dorset Street,E01028945,Shropshire 017D,Anti-social behaviour,,
,2015-04,West Mercia Police,West Mercia Police,-2.747542,52.716328,On or near Derfald Street,E01028945,Shropshire 017D,Anti-social behaviour,,
dc3976e2ba49d05930093987900a682e9396eb2abe92d011fe33949b799af600,2015-04,West Mercia Police,West Mercia Police,-2.744094,52.714668,On or near Parking Area,E01028945,Shropshire 017D,Bicycle theft,Investigation complete; no suspect identified,
1cb829cfdbfd9e01b8a80146df586385be0f2b9ff44b4962fa13e5fb8ee10809,2015-04,West Mercia Police,West Mercia Police,-2.747542,52.716328,On or near Derfald Street,E01028945,Shropshire 017D,Bicycle theft,Investigation complete; no suspect identified,
d561e732b74ca7fc6c6bf0b5b8a84b138b01b2eb5db38cf9a2f80e8a70b9a9d0,2015-04,West Mercia Police,West Mercia Police,-2.744094,52.714668,On or near Parking Area,E01028945,Shropshire 017D,Burglary,Court result unavailable,
e4b1d3f6ed2275cf311d2d23002d742db752900824f1d653328e519798bf0044,2015-04,West Mercia Police,West Mercia Police,-2.746679,52.715228,On or near Cormill Square,E01028945,Shropshire 017D,Criminal damage and arson,Investigation complete; no suspect identified,
cf96adacca69a55d084767bfcd0bbdf8a2110f63a32f5c298952007e056a3562,2015-04,West Mercia Police,West Mercia Police,-2.744094,52.714668,On or near Parking Area,E01028945,Shropshire 017D,Criminal damage and arson,Investigation complete; no suspect identified,
b7227a2de9c1dba3752d3bcbaf0a19ae61e8c74938ef65542738ed3d8597d25e,2015-04,West Mercia Police,West Mercia Police,-2.746469,52.717665,On or near St Michael'S Terrace,E01028945,Shropshire 017D,Criminal damage and arson,Unable to prosecute suspect,
2d63b02dcb0aa664f04a1a4f6dcaa88dbaff1299d36af56b84a3cf59e489aed4,2015-04,West Mercia Police,West Mercia Police,-2.746469,52.717665,On or near St Michael'S Terrace,E01028945,Shropshire 017D,Criminal damage and arson,Investigation complete; no suspect identified,
c85caa12944271d0e4f291196cffe911d54fd3e51321d6e96527861345987ec1,2015-04,West Mercia Police,West Mercia Police,-2.742145,52.714977,On or near Lindley Street,E01028945,Shropshire 017D,Criminal damage and arson,Unable to prosecute suspect,
3401e852891347544ba04badd5f16ba276178769412a8f82b610a9caf3c349f7,2015-04,West Mercia Police,West Mercia Police,-2.744094,52.714668,On or near Parking Area,E01028945,Shropshire 017D,Drugs,Offender given suspended prison sentence,
0992d2b8b27e0e8f414158d7345ce224d47efc9332070261e0364a0fa93bc7af,2015-04,West Mercia Police,West Mercia Police,-2.741349,52.714308,On or near Queen Street,E01028945,Shropshire 017D,Other theft,Investigation complete; no suspect identified,
f2182864a6882887e9a9b2c0a9119fb7f430a7635c798f451fa82d35ead5dfd3,2015-04,West Mercia Police,West Mercia Police,-2.746506,52.718096,On or near Crewe Street,E01028945,Shropshire 017D,Other theft,Unable to prosecute suspect,
b69f822c8901668ebb840a2f2f7402220adfd0a96de805f554ad6c8638df2285,2015-04,West Mercia Police,West Mercia Police,-2.739690,52.714229,On or near Sports/Recreation Area,E01028945,Shropshire 017D,Violence and sexual offences,Investigation complete; no suspect identified,
b0864ab4de04c313e2fe86895d2bfe099709ba332d85c7b19109a6d16f791969,2015-04,West Mercia Police,West Mercia Police,-2.742614,52.714705,On or near New Park Street,E01028945,Shropshire 017D,Violence and sexual offences,Local resolution,
c0d2396e243babb6338a5806d33d0cad596742b026707b1fb5a0e05b913a0d29,2015-04,West Mercia Police,West Mercia Police,-2.742614,52.714705,On or near New Park Street,E01028945,Shropshire 017D,Violence and sexual offences,Local resolution,
,2015-04,West Mercia Police,West Mercia Police,-2.721308,52.711762,On or near Hinton Drive,E01028965,Shropshire 018A,Anti-social behaviour,,
,2015-04,West Mercia Police,West Mercia Police,-2.725115,52.716377,On or near Shrewsbury Police Station,E01028965,Shropshire 018A,Anti-social behaviour,,
,2015-04,West Mercia Police,West Mercia Police,-2.721308,52.711762,On or near Hinton Drive,E01028965,Shropshire 018A,Anti-social behaviour,,
,2015-04,West Mercia Police,West Mercia Police,-2.725115,52.716377,On or near Shrewsbury Police Station,E01028965,Shropshire 018A,Anti-social behaviour,,
,2015-04,West Mercia Police,West Mercia Police,-2.721308,52.711762,On or near Hinton Drive,E01028965,Shropshire 018A,Anti-social behaviour,,
,2015-04,West Mercia Police,West Mercia Police,-2.721308,52.711762,On or near Hinton Drive,E01028965,Shropshire 018A,Anti-social behaviour,,
,2015-04,West Mercia Police,West Mercia Police,-2.725115,52.716377,On or near Shrewsbury Police Station,E01028965,Shropshire 018A,Anti-social behaviour,,
,2015-04,West Mercia Police,West Mercia Police,-2.721308,52.711762,On or near Hinton Drive,E01028965,Shropshire 018A,Anti-social behaviour,,
,2015-04,West Mercia Police,West Mercia Police,-2.723127,52.713405,On or near Upton Lane,E01028965,Shropshire 018A,Anti-social behaviour,,
,2015-04,West Mercia Police,West Mercia Police,-2.725115,52.716377,On or near Shrewsbury Police Station,E01028965,Shropshire 018A,Anti-social behaviour,,
,2015-04,West Mercia Police,West Mercia Police,-2.721308,52.711762,On or near Hinton Drive,E01028965,Shropshire 018A,Anti-social behaviour,,
,2015-04,West Mercia Police,West Mercia Police,-2.725115,52.716377,On or near Shrewsbury Police Station,E01028965,Shropshire 018A,Anti-social behaviour,,
,2015-04,West Mercia Police,West Mercia Police,-2.725115,52.716377,On or near Shrewsbury Police Station,E01028965,Shropshire 018A,Anti-social behaviour,,
,2015-04,West Mercia Police,West Mercia Police,-2.717365,52.711426,On or near Northwood Road,E01028965,Shropshire 018A,Anti-social behaviour,,
b7fa644e1e551046ea8a6b1873021281dfa96270927e124d51af00622cbfdb97,2015-04,West Mercia Police,West Mercia Police,-2.718682,52.713153,On or near Fairness Close,E01028965,Shropshire 018A,Burglary,Investigation complete; no suspect identified,
397b9e5a67a53d43e67e52b0c3d768b53ef08680f588268beca5211d3f9939b0,2015-04,West Mercia Police,West Mercia Police,-2.722885,52.709550,On or near Lawley Gardens,E01028965,Shropshire 018A,Criminal damage and arson,Offender given suspended prison sentence,
975dac9a7c67d41e3562c4d27226aceb7c0abf85858251f35941af2953e95978,2015-04,West Mercia Police,West Mercia Police,-2.722885,52.709550,On or near Lawley Gardens,E01028965,Shropshire 018A,Other theft,Investigation complete; no suspect identified,
2e242338fe3ed37c350e09b06f888b7414aa997c975d3ec6dc703987ed0c0525,2015-04,West Mercia Police,West Mercia Police,-2.721308,52.711762,On or near Hinton Drive,E01028965,Shropshire 018A,Other theft,Investigation complete; no suspect identified,
f565d89de5a4c09a84c135d3828981c3530be7bfa698ce0a1b3238f27181cf13,2015-04,West Mercia Police,West Mercia Police,-2.725115,52.716377,On or near Shrewsbury Police Station,E01028965,Shropshire 018A,Violence and sexual offences,Unable to prosecute suspect,
9d062c8ffebe92c852ef58139c8198c2cd22487c9b63b8d3184f95dd2277b624,2015-04,West Mercia Police,West Mercia Police,-2.722438,52.710254,On or near Caradoc Crescent,E01028965,Shropshire 018A,Violence and sexual offences,Unable to prosecute suspect,
6f8ab628fd2f6df8a4cc504e1180a8e80d485a1702add8144a7ef5f1c1a740d9,2015-04,West Mercia Police,West Mercia Police,-2.722639,52.716141,On or near Abingdon Road,E01028965,Shropshire 018A,Violence and sexual offences,Investigation complete; no suspect identified,
b712e447d2ab81fab97e4876c1693b35ade4b154101f8b760c5db8bbad0ef31a,2015-04,West Mercia Police,West Mercia Police,-2.723734,52.715226,On or near Forest Way,E01028965,Shropshire 018A,Violence and sexual offences,Unable to prosecute suspect,
,2015-04,West Mercia Police,West Mercia Police,-2.717839,52.717734,On or near Hamilton Drive,E01028966,Shropshire 018B,Anti-social behaviour,,
,2015-04,West Mercia Police,West Mercia Police,-2.727080,52.713471,On or near Abbots Road,E01028967,Shropshire 018C,Anti-social behaviour,,
,2015-04,West Mercia Police,West Mercia Police,-2.728201,52.715891,On or near Supermarket,E01028967,Shropshire 018C,Anti-social behaviour,,
,2015-04,West Mercia Police,West Mercia Police,-2.728201,52.715891,On or near Supermarket,E01028967,Shropshire 018C,Anti-social behaviour,,
,2015-04,West Mercia Police,West Mercia Police,-2.726212,52.711094,On or near Flagwall,E01028967,Shropshire 018C,Anti-social behaviour,,
,2015-04,West Mercia Police,West Mercia Police,-2.727324,52.713037,On or near Coller Meadow,E01028967,Shropshire 018C,Anti-social behaviour,,
,2015-04,West Mercia Police,West Mercia Police,-2.728799,52.710044,On or near Grinshill Drive,E01028967,Shropshire 018C,Anti-social behaviour,,
,2015-04,West Mercia Police,West Mercia Police,-2.727080,52.713471,On or near Abbots Road,E01028967,Shropshire 018C,Anti-social behaviour,,
e149574e3d68a3c9055f696771986f50f163016e430271b7265d2530f04d0b2b,2015-04,West Mercia Police,West Mercia Police,-2.724307,52.710503,On or near Mynd Close,E01028967,Shropshire 018C,Bicycle theft,Investigation complete; no suspect identified,
1016413d8450e613ade86558d8f17288880a36e8f2dd6936be333c225196b857,2015-04,West Mercia Police,West Mercia Police,-2.730260,52.709774,On or near Gwyn Close,E01028967,Shropshire 018C,Bicycle theft,Offender given a caution,
fa13ad11a42c924125ac630937f0e4cf0a3ff1f91d7a356a66b91209a5019bc0,2015-04,West Mercia Police,West Mercia Police,-2.730260,52.709774,On or near Gwyn Close,E01028967,Shropshire 018C,Bicycle theft,Court result unavailable,
c85110f1d8acaa918a10e44590f90e514695c83b38169f8d6ab31198f7c2c235,2015-04,West Mercia Police,West Mercia Police,-2.726742,52.710973,On or near Potters Meadow,E01028967,Shropshire 018C,Burglary,Unable to prosecute suspect,
f4a5c46347250b75712d12c0576cb6895e2440cdb6658874869e4d2cc07a23fa,2015-04,West Mercia Police,West Mercia Police,-2.727324,52.713037,On or near Coller Meadow,E01028967,Shropshire 018C,Criminal damage and arson,Investigation complete; no suspect identified,
2c896f9053a25479a2d7a9eaab09d82cf0b58591d535ab881046d10fa82b1ba1,2015-04,West Mercia Police,West Mercia Police,-2.727167,52.714279,On or near Abbots Place,E01028967,Shropshire 018C,Other theft,Unable to prosecute suspect,
a64caaeab2a099322468b84c77e059436a2985c420715b45f3a97cc76c563208,2015-04,West Mercia Police,West Mercia Police,-2.726742,52.710973,On or near Potters Meadow,E01028967,Shropshire 018C,Other theft,Unable to prosecute suspect,
92a89d291acacdc6d256727dddf26e48cecc9f8c349cdff5525c481268459206,2015-04,West Mercia Police,West Mercia Police,-2.727167,52.714279,On or near Abbots Place,E01028967,Shropshire 018C,Violence and sexual offences,Unable to prosecute suspect,
2f2ed3dfb574a1a14b4f2590dfbdaf612b0ef435c56405ff35b7478ef0c53cf5,2015-04,West Mercia Police,West Mercia Police,-2.728201,52.715891,On or near Supermarket,E01028967,Shropshire 018C,Violence and sexual offences,Investigation complete; no suspect identified,
e87a0f51b95b09de184abb379ed58a111760b08036c15800fe25b8fb4e6cf7f5,2015-04,West Mercia Police,West Mercia Police,-2.728201,52.715891,On or near Supermarket,E01028967,Shropshire 018C,Violence and sexual offences,Unable to prosecute suspect,
,2015-04,West Mercia Police,West Mercia Police,-2.721420,52.717640,On or near Shopping Area,E01028968,Shropshire 018D,Anti-social behaviour,,
,2015-04,West Mercia Police,West Mercia Police,-2.721420,52.717640,On or near Shopping Area,E01028968,Shropshire 018D,Anti-social behaviour,,
,2015-04,West Mercia Police,West Mercia Police,-2.721420,52.717640,On or near Shopping Area,E01028968,Shropshire 018D,Anti-social behaviour,,
,2015-04,West Mercia Police,West Mercia Police,-2.722169,52.719092,On or near Middletown Square,E01028968,Shropshire 018D,Anti-social behaviour,,
acb3cef1033f2dff993bb265977d77881cfc36c3bd3c8661866bf5093e49b8be,2015-04,West Mercia Police,West Mercia Police,-2.723982,52.718560,On or near Buttington Road,E01028968,Shropshire 018D,Violence and sexual offences,Defendant found not guilty,
108f2771bc7fd55d7a43f000efeafeb34c2ec99316b9d83519ce2bc9b5e787fa,2015-04,West Mercia Police,West Mercia Police,-2.721930,52.718015,On or near Monkmoor Road,E01028968,Shropshire 018D,Violence and sexual offences,Investigation complete; no suspect identified,
,2015-04,West Mercia Police,West Mercia Police,-2.732548,52.712951,On or near Parking Area,E01028988,Shropshire 018E,Anti-social behaviour,,
,2015-04,West Mercia Police,West Mercia Police,-2.732269,52.711290,On or near Racecourse Crescent,E01028988,Shropshire 018E,Anti-social behaviour,,
cfb6ef4f28ed41dd22b475fc0de677ae4b73d7737eb692de49d52973dc0a6a4c,2015-04,West Mercia Police,West Mercia Police,-2.732548,52.712951,On or near Parking Area,E01028988,Shropshire 018E,Public order,Unable to prosecute suspect,
81e1854e89a60b90f2407796a1b614be2e07157bfceb2288527785194ce369c6,2015-04,West Mercia Police,West Mercia Police,-2.736247,52.713684,On or near Underdale Road,E01028988,Shropshire 018E,Vehicle crime,Investigation complete; no suspect identified,
,2015-04,West Mercia Police,West Mercia Police,-2.726843,52.717886,On or near Rushton Road,E01028989,Shropshire 018F,Anti-social behaviour,,
,2015-04,West Mercia Police,West Mercia Police,-2.728323,52.717023,On or near Loton Butts,E01028989,Shropshire 018F,Anti-social behaviour,,
,2015-04,West Mercia Police,West Mercia Police,-2.729832,52.719603,On or near Lowfield,E01028989,Shropshire 018F,Anti-social behaviour,,
,2015-04,West Mercia Police,West Mercia Police,-2.730010,52.716078,On or near Judith Butts Lane,E01028989,Shropshire 018F,Anti-social behaviour,,
,2015-04,West Mercia Police,West Mercia Police,-2.729518,52.718499,On or near Armdale,E01028989,Shropshire 018F,Anti-social behaviour,,
,2015-04,West Mercia Police,West Mercia Police,-2.729832,52.719603,On or near Lowfield,E01028989,Shropshire 018F,Anti-social behaviour,,
,2015-04,West Mercia Police,West Mercia Police,-2.729455,52.719173,On or near Bridgeford Way,E01028989,Shropshire 018F,Anti-social behaviour,,
,2015-04,West Mercia Police,West Mercia Police,-2.729832,52.719603,On or near Lowfield,E01028989,Shropshire 018F,Anti-social behaviour,,
,2015-04,West Mercia Police,West Mercia Police,-2.726843,52.717886,On or near Rushton Road,E01028989,Shropshire 018F,Anti-social behaviour,,
,2015-04,West Mercia Police,West Mercia Police,-2.729455,52.719173,On or near Bridgeford Way,E01028989,Shropshire 018F,Anti-social behaviour,,
,2015-04,West Mercia Police,West Mercia Police,-2.729832,52.719603,On or near Lowfield,E01028989,Shropshire 018F,Anti-social behaviour,,
767ada674f1459d05e8098f33ea0895b8e5a74c92c7f12fa44cd1e91b4a30f32,2015-04,West Mercia Police,West Mercia Police,-2.731583,52.720707,On or near Colley Close,E01028989,Shropshire 018F,Criminal damage and arson,Offender given community sentence,
251a144f2dadfc560e4387b798896c310f59be249a0af43d4e1180e1550b134a,2015-04,West Mercia Police,West Mercia Police,-2.731583,52.720707,On or near Colley Close,E01028989,Shropshire 018F,Drugs,Offender given a drugs possession warning,
9b7a325da8e38237d074c4a15e20f472937e436b7bee1e5414c3932269aa6340,2015-04,West Mercia Police,West Mercia Police,-2.731583,52.720707,On or near Colley Close,E01028989,Shropshire 018F,Other theft,Investigation complete; no suspect identified,
c2fd797e8919161f291f5270ceffc9457740c9739988d1b496a0eede8fb3feba,2015-04,West Mercia Police,West Mercia Police,-2.728211,52.717401,On or near Aston Butts,E01028989,Shropshire 018F,Public order,Unable to prosecute suspect,
0b3566e6b4f60f18a652b7f8231563a648f803e6444d826a2912f81de13b922f,2015-04,West Mercia Police,West Mercia Police,-2.728323,52.717023,On or near Loton Butts,E01028989,Shropshire 018F,Violence and sexual offences,Unable to prosecute suspect,
329e54fcf0d0805f47cb5aa0b0a080c38578c8c63a00c8a71f75f214c149dcb4,2015-04,West Mercia Police,West Mercia Police,-2.728323,52.717023,On or near Loton Butts,E01028989,Shropshire 018F,Violence and sexual offences,Unable to prosecute suspect,
,2015-04,West Mercia Police,West Mercia Police,-2.753185,52.710485,On or near Parking Area,E01028946,Shropshire 019A,Anti-social behaviour,,
,2015-04,West Mercia Police,West Mercia Police,-2.757376,52.709712,On or near Mardol Quay,E01028946,Shropshire 019A,Anti-social behaviour,,
,2015-04,West Mercia Police,West Mercia Police,-2.749526,52.713753,On or near Castle Foregate,E01028946,Shropshire 019A,Anti-social behaviour,,
,2015-04,West Mercia Police,West Mercia Police,-2.758368,52.708869,On or near St Austin'S Street,E01028946,Shropshire 019A,Anti-social behaviour,,
,2015-04,West Mercia Police,West Mercia Police,-2.751225,52.712709,On or near Chester Street,E01028946,Shropshire 019A,Anti-social behaviour,,
,2015-04,West Mercia Police,West Mercia Police,-2.753185,52.710485,On or near Parking Area,E01028946,Shropshire 019A,Anti-social behaviour,,
,2015-04,West Mercia Police,West Mercia Police,-2.751437,52.709543,On or near Castle Street,E01028946,Shropshire 019A,Anti-social behaviour,,
,2015-04,West Mercia Police,West Mercia Police,-2.757049,52.708824,On or near Hill'S Lane,E01028946,Shropshire 019A,Anti-social behaviour,,
,2015-04,West Mercia Police,West Mercia Police,-2.751465,52.711152,On or near Meadow Place,E01028946,Shropshire 019A,Anti-social behaviour,,
,2015-04,West Mercia Police,West Mercia Police,-2.754519,52.708858,On or near Shopping Area,E01028946,Shropshire 019A,Anti-social behaviour,,
,2015-04,West Mercia Police,West Mercia Police,-2.755121,52.709439,On or near Roushill,E01028946,Shropshire 019A,Anti-social behaviour,,
,2015-04,West Mercia Police,West Mercia Police,-2.754519,52.708858,On or near Shopping Area,E01028946,Shropshire 019A,Anti-social behaviour,,
,2015-04,West Mercia Police,West Mercia Police,-2.757875,52.706050,On or near Murivance,E01028946,Shropshire 019A,Anti-social behaviour,,
,2015-04,West Mercia Police,West Mercia Police,-2.757376,52.709712,On or near Mardol Quay,E01028946,Shropshire 019A,Anti-social behaviour,,
,2015-04,West Mercia Police,West Mercia Police,-2.754727,52.708030,On or near Mardol Head,E01028946,Shropshire 019A,Anti-social behaviour,,
,2015-04,West Mercia Police,West Mercia Police,-2.750537,52.711445,On or near Castle Gates,E01028946,Shropshire 019A,Anti-social behaviour,,
,2015-04,West Mercia Police,West Mercia Police,-2.750927,52.711695,On or near Chester Street,E01028946,Shropshire 019A,Anti-social behaviour,,
,2015-04,West Mercia Police,West Mercia Police,-2.758601,52.706144,On or near Quarry Place,E01028946,Shropshire 019A,Anti-social behaviour,,
,2015-04,West Mercia Police,West Mercia Police,-2.751465,52.711152,On or near Meadow Place,E01028946,Shropshire 019A,Anti-social behaviour,,
,2015-04,West Mercia Police,West Mercia Police,-2.758368,52.708869,On or near St Austin'S Street,E01028946,Shropshire 019A,Anti-social behaviour,,
,2015-04,West Mercia Police,West Mercia Police,-2.753086,52.707276,On or near High Street,E01028946,Shropshire 019A,Anti-social behaviour,,
,2015-04,West Mercia Police,West Mercia Police,-2.750537,52.711445,On or near Castle Gates,E01028946,Shropshire 019A,Anti-social behaviour,,
,2015-04,West Mercia Police,West Mercia Police,-2.758368,52.708869,On or near St Austin'S Street,E01028946,Shropshire 019A,Anti-social behaviour,,
,2015-04,West Mercia Police,West Mercia Police,-2.756074,52.704641,On or near Crescent Lane,E01028946,Shropshire 019A,Anti-social behaviour,,
,2015-04,West Mercia Police,West Mercia Police,-2.755121,52.709439,On or near Roushill,E01028946,Shropshire 019A,Anti-social behaviour,,
,2015-04,West Mercia Police,West Mercia Police,-2.751180,52.710057,On or near School Gardens,E01028946,Shropshire 019A,Anti-social behaviour,,
,2015-04,West Mercia Police,West Mercia Police,-2.759156,52.708253,On or near Claremont Bank,E01028946,Shropshire 019A,Anti-social behaviour,,
,2015-04,West Mercia Police,West Mercia Police,-2.750537,52.711445,On or near Castle Gates,E01028946,Shropshire 019A,Anti-social behaviour,,
,2015-04,West Mercia Police,West Mercia Police,-2.750927,52.711695,On or near Chester Street,E01028946,Shropshire 019A,Anti-social behaviour,,
,2015-04,West Mercia Police,West Mercia Police,-2.751465,52.711152,On or near Meadow Place,E01028946,Shropshire 019A,Anti-social behaviour,,
,2015-04,West Mercia Police,West Mercia Police,-2.750927,52.711695,On or near Chester Street,E01028946,Shropshire 019A,Anti-social behaviour,,
,2015-04,West Mercia Police,West Mercia Police,-2.757376,52.709712,On or near Mardol Quay,E01028946,Shropshire 019A,Anti-social behaviour,,
,2015-04,West Mercia Police,West Mercia Police,-2.751465,52.711152,On or near Meadow Place,E01028946,Shropshire 019A,Anti-social behaviour,,
,2015-04,West Mercia Police,West Mercia Police,-2.757049,52.708824,On or near Hill'S Lane,E01028946,Shropshire 019A,Anti-social behaviour,,
,2015-04,West Mercia Police,West Mercia Police,-2.752161,52.705987,On or near Belmont Bank,E01028946,Shropshire 019A,Anti-social behaviour,,
,2015-04,West Mercia Police,West Mercia Police,-2.751465,52.711152,On or near Meadow Place,E01028946,Shropshire 019A,Anti-social behaviour,,
,2015-04,West Mercia Police,West Mercia Police,-2.752528,52.706704,On or near Milk Street,E01028946,Shropshire 019A,Anti-social behaviour,,
,2015-04,West Mercia Police,West Mercia Police,-2.754519,52.708858,On or near Shopping Area,E01028946,Shropshire 019A,Anti-social behaviour,,
,2015-04,West Mercia Police,West Mercia Police,-2.753185,52.710485,On or near Parking Area,E01028946,Shropshire 019A,Anti-social behaviour,,
,2015-04,West Mercia Police,West Mercia Police,-2.753086,52.707276,On or near High Street,E01028946,Shropshire 019A,Anti-social behaviour,,
,2015-04,West Mercia Police,West Mercia Police,-2.751180,52.710057,On or near School Gardens,E01028946,Shropshire 019A,Anti-social behaviour,,
,2015-04,West Mercia Police,West Mercia Police,-2.750537,52.711445,On or near Castle Gates,E01028946,Shropshire 019A,Anti-social behaviour,,
,2015-04,West Mercia Police,West Mercia Police,-2.750537,52.711445,On or near Castle Gates,E01028946,Shropshire 019A,Anti-social behaviour,,
,2015-04,West Mercia Police,West Mercia Police,-2.750707,52.712730,On or near Cross Street,E01028946,Shropshire 019A,Anti-social behaviour,,
,2015-04,West Mercia Police,West Mercia Police,-2.750383,52.709343,On or near St Mary'S Water Lane,E01028946,Shropshire 019A,Anti-social behaviour,,
,2015-04,West Mercia Police,West Mercia Police,-2.750707,52.712730,On or near Cross Street,E01028946,Shropshire 019A,Anti-social behaviour,,
,2015-04,West Mercia Police,West Mercia Police,-2.750537,52.711445,On or near Castle Gates,E01028946,Shropshire 019A,Anti-social behaviour,,
,2015-04,West Mercia Police,West Mercia Police,-2.750537,52.711445,On or near Castle Gates,E01028946,Shropshire 019A,Anti-social behaviour,,
,2015-04,West Mercia Police,West Mercia Police,-2.754727,52.708030,On or near Mardol Head,E01028946,Shropshire 019A,Anti-social behaviour,,
,2015-04,West Mercia Police,West Mercia Police,-2.749526,52.713753,On or near Castle Foregate,E01028946,Shropshire 019A,Anti-social behaviour,,
,2015-04,West Mercia Police,West Mercia Police,-2.750707,52.712730,On or near Cross Street,E01028946,Shropshire 019A,Anti-social behaviour,,
,2015-04,West Mercia Police,West Mercia Police,-2.754727,52.708030,On or near Mardol Head,E01028946,Shropshire 019A,Anti-social behaviour,,
,2015-04,West Mercia Police,West Mercia Police,-2.755121,52.709439,On or near Roushill,E01028946,Shropshire 019A,Anti-social behaviour,,
4a9a5871fad557021c8c553c450b6070bda7ada3a55de4840cded187baf3b358,2015-04,West Mercia Police,West Mercia Police,-2.755121,52.709439,On or near Roushill,E01028946,Shropshire 019A,Bicycle theft,Investigation complete; no suspect identified,
8b2a121a2223f3a61452cfd791f66f4e3201cf8418295774541e438b7954c562,2015-04,West Mercia Police,West Mercia Police,-2.754519,52.708858,On or near Shopping Area,E01028946,Shropshire 019A,Bicycle theft,Offender sent to prison,
3d5636d7d38e5e6d31fe724401b4bc4180282543bb3f68dc9f188f41d2da0892,2015-04,West Mercia Police,West Mercia Police,-2.757248,52.708328,On or near Barker Street,E01028946,Shropshire 019A,Bicycle theft,Investigation complete; no suspect identified,
b588f4726c83c7a36fad3d391ecc5a322f842369be6ef263d37eb833d301b1fe,2015-04,West Mercia Police,West Mercia Police,-2.759156,52.708253,On or near Claremont Bank,E01028946,Shropshire 019A,Bicycle theft,Offender sent to prison,
dbe42dbbabc6e88ee2b028a93dd74f49f74eb41e942b2674a7055edaa1a82af3,2015-04,West Mercia Police,West Mercia Police,-2.754541,52.706709,On or near College Hill,E01028946,Shropshire 019A,Bicycle theft,Unable to prosecute suspect,
4d53c91de31e3b1cd5c3fa768bcd5604e304efe1fdf34c15983f825c60476296,2015-04,West Mercia Police,West Mercia Police,-2.759156,52.708253,On or near Claremont Bank,E01028946,Shropshire 019A,Bicycle theft,Investigation complete; no suspect identified,
afbe7ef782361b9289e1c22757f797172605777d1d41c639fb22ea68c434b59a,2015-04,West Mercia Police,West Mercia Police,-2.754871,52.706986,On or near Theatre/Concert Hall,E01028946,Shropshire 019A,Bicycle theft,Investigation complete; no suspect identified,
93a4cbb782119ed9a8712db213c3704a8ba75d5a7bbd0eb0bb5c5fc05840837c,2015-04,West Mercia Police,West Mercia Police,-2.749526,52.713753,On or near Castle Foregate,E01028946,Shropshire 019A,Bicycle theft,Investigation complete; no suspect identified,
083e6c58e70b063932259707ec1bb9df41b030f30c8d2144a76e2b685f139d33,2015-04,West Mercia Police,West Mercia Police,-2.755121,52.709439,On or near Roushill,E01028946,Shropshire 019A,Bicycle theft,Investigation complete; no suspect identified,
b5fa8121764c3f2d0cae10dbc9a72860d8696b4849469889c3ba7a07e6a9312c,2015-04,West Mercia Police,West Mercia Police,-2.757049,52.708824,On or near Hill'S Lane,E01028946,Shropshire 019A,Bicycle theft,Investigation complete; no suspect identified,
b85e1d73c8ec6c556807d7db2a3cb134543452c5f56506426a5c55b893d77dbd,2015-04,West Mercia Police,West Mercia Police,-2.748403,52.706110,On or near St Julians Crescent,E01028946,Shropshire 019A,Burglary,Offender sent to prison,
2a02f7e8400f1539769616363bb6c13a74b2de680bbed6e329cf547a47d9d13e,2015-04,West Mercia Police,West Mercia Police,-2.756255,52.706546,On or near Swan Hill,E01028946,Shropshire 019A,Burglary,Unable to prosecute suspect,
2331eaca7cf2eeef33a9d323905a6844e7eb01df91716a361faacb923835dd20,2015-04,West Mercia Police,West Mercia Police,-2.755848,52.707798,On or near Shopping Area,E01028946,Shropshire 019A,Burglary,Investigation complete; no suspect identified,
528c56c9a3966710f419403d9d44bbca98120f7ed2b1c01d569ca0caf451f793,2015-04,West Mercia Police,West Mercia Police,-2.753185,52.710485,On or near Parking Area,E01028946,Shropshire 019A,Criminal damage and arson,Investigation complete; no suspect identified,
089fac60122a717692f36bca8a43637dec00dd6a20e3b30e54f9aec7a0dc7533,2015-04,West Mercia Police,West Mercia Police,-2.751465,52.711152,On or near Meadow Place,E01028946,Shropshire 019A,Criminal damage and arson,Investigation complete; no suspect identified,
654065569061dd1919ae1b8580e446eb4cd50034fbca1cf80aada3f3e7cf14ab,2015-04,West Mercia Police,West Mercia Police,-2.755911,52.708921,On or near Mardol,E01028946,Shropshire 019A,Criminal damage and arson,Investigation complete; no suspect identified,
843e90b826dc8d530f9e4c2209689841105fa60a429bd5d5c4b9b94074e33f66,2015-04,West Mercia Police,West Mercia Police,-2.750537,52.711445,On or near Castle Gates,E01028946,Shropshire 019A,Criminal damage and arson,Local resolution,
b8f14acfdca3aaef923cd1375879bde9235f27a7aac42ea566fc40022f2a02e0,2015-04,West Mercia Police,West Mercia Police,-2.754519,52.708858,On or near Shopping Area,E01028946,Shropshire 019A,Criminal damage and arson,Under investigation,
44e83bc3e44c09a0556b55a01ee68cafa4c5131f94af76a288e5b98c07559418,2015-04,West Mercia Police,West Mercia Police,-2.751928,52.707958,On or near Church Street,E01028946,Shropshire 019A,Criminal damage and arson,Offender given a caution,
26f1682b0d934b94f3976d226203596e9aeb0cf065b650e60a145e04cd4e01da,2015-04,West Mercia Police,West Mercia Police,-2.757376,52.709712,On or near Mardol Quay,E01028946,Shropshire 019A,Criminal damage and arson,Local resolution,
042b5c5c115c952bfdf353f6d18cad8d837124fc7ba359feb60fa3b465d75edf,2015-04,West Mercia Police,West Mercia Police,-2.754519,52.708858,On or near Shopping Area,E01028946,Shropshire 019A,Criminal damage and arson,Local resolution,
ba0ac9b2e5c57d3885684635fef4d5ffc144ebd268b208fb3748f34b7d95fc49,2015-04,West Mercia Police,West Mercia Police,-2.759156,52.708253,On or near Claremont Bank,E01028946,Shropshire 019A,Criminal damage and arson,Investigation complete; no suspect identified,
ccfaf7e2c65e3cbc697127cd3201323e9a4cbcc9ff7e6542b4e16a8f75e0bfcd,2015-04,West Mercia Police,West Mercia Police,-2.757049,52.708824,On or near Hill'S Lane,E01028946,Shropshire 019A,Criminal damage and arson,Investigation complete; no suspect identified,
71e9b736435eb740e2d9dea81f318c8e29003a51296ba3192ac3c19377261b17,2015-04,West Mercia Police,West Mercia Police,-2.749526,52.713753,On or near Castle Foregate,E01028946,Shropshire 019A,Drugs,Offender deprived of property,
b87b0b118428bd3b969a89b1369928eeb4abb6d220a5d9adfda2a5d257d6de73,2015-04,West Mercia Police,West Mercia Police,-2.749526,52.713753,On or near Castle Foregate,E01028946,Shropshire 019A,Drugs,Offender given a caution,
08ef5ad95c49bbed7a8d6f9017a396d42ef7219d935b35798e882e6debabfdc8,2015-04,West Mercia Police,West Mercia Police,-2.759156,52.708253,On or near Claremont Bank,E01028946,Shropshire 019A,Other theft,Investigation complete; no suspect identified,
2334f4179f2d056547c72b6f9407798454af1f5df5da4c235ce80b455aa088d8,2015-04,West Mercia Police,West Mercia Police,-2.754519,52.708858,On or near Shopping Area,E01028946,Shropshire 019A,Other theft,Investigation complete; no suspect identified,
30cc46444223ba843cf964ce2f315f31ad7277e6a0f52669b3b0c9fd57128220,2015-04,West Mercia Police,West Mercia Police,-2.756659,52.706804,On or near Cross Hill,E01028946,Shropshire 019A,Other theft,Unable to prosecute suspect,
cae5b81d4c03a8a0934acfd0d41fd2fbb09fc83fd63265c1c2499a333821d4a0,2015-04,West Mercia Police,West Mercia Police,-2.749681,52.705536,On or near St Julian'S Friars,E01028946,Shropshire 019A,Other theft,Investigation complete; no suspect identified,
0db69915e6dfb3a9f9fc711cdb2e07c2c560222b008030c5501c2e9804dac9a9,2015-04,West Mercia Police,West Mercia Police,-2.751374,52.707557,On or near Shopping Area,E01028946,Shropshire 019A,Other theft,Investigation complete; no suspect identified,
b6d02446c0b0b016fd7c08c241e58282870130092cf5a50c8b6ad38f7b391647,2015-04,West Mercia Police,West Mercia Police,-2.751928,52.707958,On or near Church Street,E01028946,Shropshire 019A,Other theft,Investigation complete; no suspect identified,
7877eee3311a084de8585fbe1ce463c77709865dfe369021057dddc05ce732c6,2015-04,West Mercia Police,West Mercia Police,-2.756255,52.706546,On or near Swan Hill,E01028946,Shropshire 019A,Other theft,Unable to prosecute suspect,
fa8187729cefa572099ad70bc3121810e7d6202eb2d45b426f25e754fe27806a,2015-04,West Mercia Police,West Mercia Police,-2.755564,52.705975,On or near Swan Hill Gardens,E01028946,Shropshire 019A,Other theft,Investigation complete; no suspect identified,
fa75712b01d6b7172dda7b6bb32efb556554bdbaae6e6d4fb851411293f69713,2015-04,West Mercia Police,West Mercia Police,-2.749347,52.706742,On or near Parking Area,E01028946,Shropshire 019A,Other theft,Investigation complete; no suspect identified,
b100692b76db0419724146b69446bb06cb904e6b79eb8eac45f32d4ed2e49eb2,2015-04,West Mercia Police,West Mercia Police,-2.751928,52.707958,On or near Church Street,E01028946,Shropshire 019A,Other theft,Investigation complete; no suspect identified,
39d001cbc08e9a38daf91a9339d04907aa6a8434396e6661faad20c45e82cda9,2015-04,West Mercia Police,West Mercia Police,-2.755564,52.705975,On or near Swan Hill Gardens,E01028946,Shropshire 019A,Other theft,Investigation complete; no suspect identified,
a0e994bf043659a5d64faae33c179d8f1f6d2b5efe00dc4932f1365c58a2c1af,2015-04,West Mercia Police,West Mercia Police,-2.749526,52.713753,On or near Castle Foregate,E01028946,Shropshire 019A,Public order,Unable to prosecute suspect,
71f2b889d7d361dde46919ad85bf6e3df99df0478cd1c7ecb04d0a8f9855b86e,2015-04,West Mercia Police,West Mercia Police,-2.755848,52.707798,On or near Shopping Area,E01028946,Shropshire 019A,Public order,Unable to prosecute suspect,
927b7d2513858d53f1e5072277057641a5a438a01a5df6e76e1bfc5613736fc8,2015-04,West Mercia Police,West Mercia Police,-2.750537,52.711445,On or near Castle Gates,E01028946,Shropshire 019A,Robbery,Investigation complete; no suspect identified,
2cb86d1e8d7c404a2fc432f7e790fad14abfe8d6a973562f5643d88d9a4b3f11,2015-04,West Mercia Police,West Mercia Police,-2.755848,52.707798,On or near Shopping Area,E01028946,Shropshire 019A,Shoplifting,Investigation complete; no suspect identified,
8f13b7cab503d09c01a32fdb56dc02b9d7e81d166d2f7718d6455d8f4323d47f,2015-04,West Mercia Police,West Mercia Police,-2.751784,52.708192,On or near St Mary'S Street,E01028946,Shropshire 019A,Shoplifting,Offender given suspended prison sentence,
92c12978514219972583cfe6ce85d462cb94b4d27394b91d9d94ed7ddddd6e95,2015-04,West Mercia Police,West Mercia Police,-2.755770,52.707565,On or near Shoplatch,E01028946,Shropshire 019A,Shoplifting,Unable to prosecute suspect,
ad55b2777ef038aaba432e6bfba888c4f41a0fd6cfecd538a4c98c9294098cab,2015-04,West Mercia Police,West Mercia Police,-2.754519,52.708858,On or near Shopping Area,E01028946,Shropshire 019A,Shoplifting,Offender given suspended prison sentence,
a7b5579e4e8316002dc9dca5decf302c753c4a79ee48a4843e482d401b9c2560,2015-04,West Mercia Police,West Mercia Police,-2.752371,52.709609,On or near Shopping Area,E01028946,Shropshire 019A,Shoplifting,Offender given a caution,
4c89f25e4a9a915bd40065f9b924b4bfa8d6d094e344b966156976464f87311a,2015-04,West Mercia Police,West Mercia Police,-2.755770,52.707565,On or near Shoplatch,E01028946,Shropshire 019A,Shoplifting,Offender given community sentence,
8992031a637ce56066b658e9a98f28a9d3430a515579c5e7cdac573df0f83e6e,2015-04,West Mercia Police,West Mercia Police,-2.754519,52.708858,On or near Shopping Area,E01028946,Shropshire 019A,Shoplifting,Court result unavailable,
b8c0ea9766afc351b1502d9569d9e63f5cc2bc7b9751e0705b5d915d45c09be9,2015-04,West Mercia Police,West Mercia Police,-2.754519,52.708858,On or near Shopping Area,E01028946,Shropshire 019A,Shoplifting,Offender given suspended prison sentence,
5bf8cc02cf735f7c8b23abc55f55c41660445fe964115fad4f86eea583c5383e,2015-04,West Mercia Police,West Mercia Police,-2.754519,52.708858,On or near Shopping Area,E01028946,Shropshire 019A,Shoplifting,Investigation complete; no suspect identified,
26435c70214868f1d409f6a3d5e9ee15938eab9a50b819bed08e11a776cbb86f,2015-04,West Mercia Police,West Mercia Police,-2.754519,52.708858,On or near Shopping Area,E01028946,Shropshire 019A,Shoplifting,Offender sent to prison,
2e36c3d1cb29859eae8c8ca025b3efe0b2155ae96a27269d3c1fcb4d34e0b46a,2015-04,West Mercia Police,West Mercia Police,-2.754727,52.708030,On or near Mardol Head,E01028946,Shropshire 019A,Shoplifting,Investigation complete; no suspect identified,
b4e4c2120d2de445e856746f3b838154cf94167e3229ffd3da307252ff1938ac,2015-04,West Mercia Police,West Mercia Police,-2.754519,52.708858,On or near Shopping Area,E01028946,Shropshire 019A,Shoplifting,Offender given penalty notice,
9699fb8fd8d1a79c1e15125f45d81c289bfe0a98edd3b1b7304c5d38fbc408b7,2015-04,West Mercia Police,West Mercia Police,-2.754519,52.708858,On or near Shopping Area,E01028946,Shropshire 019A,Shoplifting,Offender sent to prison,
9152dc6ffacdc3b2cf09022964dd1aa47cfe8ce67d323f09bd222b8896123764,2015-04,West Mercia Police,West Mercia Police,-2.754519,52.708858,On or near Shopping Area,E01028946,Shropshire 019A,Shoplifting,Suspect charged as part of another case,
6447ecd01d499d00effaa22a82153eb1b2c05d1ee238ede93f6fdc4e46d9d29f,2015-04,West Mercia Police,West Mercia Police,-2.754519,52.708858,On or near Shopping Area,E01028946,Shropshire 019A,Shoplifting,Offender sent to prison,
6c6222892954437bdcc23e26be51fd72209b647c1469cd341431607eeed2e9d4,2015-04,West Mercia Police,West Mercia Police,-2.754519,52.708858,On or near Shopping Area,E01028946,Shropshire 019A,Shoplifting,Suspect charged as part of another case,
12860c24c971d276f4f10f01c76f84afff5a2fe481d9bda6d00eeeff5486e431,2015-04,West Mercia Police,West Mercia Police,-2.751784,52.708192,On or near St Mary'S Street,E01028946,Shropshire 019A,Shoplifting,Offender given a caution,
d4919607ec377950576d4dca2894f77f93af421441bc1b26488cc74676605c10,2015-04,West Mercia Police,West Mercia Police,-2.755770,52.707565,On or near Shoplatch,E01028946,Shropshire 019A,Shoplifting,Offender given suspended prison sentence,
c017e73c650c62370315102b01fb2ac3d68da53a5e10207bb362c6806af1fc31,2015-04,West Mercia Police,West Mercia Police,-2.752371,52.709609,On or near Shopping Area,E01028946,Shropshire 019A,Shoplifting,Local resolution,
b6465560de1cd27584b03ef9b85d485439b4ed63141b473d74ceb36ea314cf20,2015-04,West Mercia Police,West Mercia Police,-2.754519,52.708858,On or near Shopping Area,E01028946,Shropshire 019A,Shoplifting,Investigation complete; no suspect identified,
e43170e88db0374b2690ac018320b01d5bfe8775eb322e00ad42a901a62e55fa,2015-04,West Mercia Police,West Mercia Police,-2.755770,52.707565,On or near Shoplatch,E01028946,Shropshire 019A,Shoplifting,Offender sent to prison,
94824e634e9e5bb178496d186b3fc280ce61f5c763572d9bfb9a411d36068738,2015-04,West Mercia Police,West Mercia Police,-2.754519,52.708858,On or near Shopping Area,E01028946,Shropshire 019A,Shoplifting,Court result unavailable,
e8e443219412152d7886e7d6ee1706a6630e6b0a19b6ecdedb0c30b00ecb0872,2015-04,West Mercia Police,West Mercia Police,-2.752371,52.709609,On or near Shopping Area,E01028946,Shropshire 019A,Theft from the person,Investigation complete; no suspect identified,
f44f2d772204874ae10445896395b3a480085a5e6862c2657bd3c2a36de646d8,2015-04,West Mercia Police,West Mercia Police,-2.757049,52.708824,On or near Hill'S Lane,E01028946,Shropshire 019A,Theft from the person,Investigation complete; no suspect identified,
5e4fb6c9089b3ab4db74ff177263a2414f135f4dd7b26900735a9f71ab1b3a5a,2015-04,West Mercia Police,West Mercia Police,-2.749526,52.713753,On or near Castle Foregate,E01028946,Shropshire 019A,Vehicle crime,Unable to prosecute suspect,
2e0011567d5d91085e606e9647a7acef37de5131d784162941f91b2ce007b5c4,2015-04,West Mercia Police,West Mercia Police,-2.759156,52.708253,On or near Claremont Bank,E01028946,Shropshire 019A,Violence and sexual offences,Offender given a caution,
d0a65c4face71cae5c017d543b17c5f8f2c71d0e511e7ff71882d37b59a7889a,2015-04,West Mercia Police,West Mercia Police,-2.749526,52.713753,On or near Castle Foregate,E01028946,Shropshire 019A,Violence and sexual offences,Unable to prosecute suspect,
5e09a80ca7f548cb2247d1c830c4da6adaa34276089e8f038b32b3d6775046dd,2015-04,West Mercia Police,West Mercia Police,-2.759156,52.708253,On or near Claremont Bank,E01028946,Shropshire 019A,Violence and sexual offences,Offender given a caution,
b4d060a094d38b917f18fc932fe0b220aa6d4d723b130e0ee17fb34821828b5f,2015-04,West Mercia Police,West Mercia Police,-2.750707,52.712730,On or near Cross Street,E01028946,Shropshire 019A,Violence and sexual offences,Investigation complete; no suspect identified,
31c0899ce646860ee2f9b11f691fc55ecfa00e3eba1dd8e026c3b32373b4df69,2015-04,West Mercia Police,West Mercia Police,-2.757049,52.708824,On or near Hill'S Lane,E01028946,Shropshire 019A,Violence and sexual offences,Unable to prosecute suspect,
a0e34654f31a0a1c741507438660bd40cbd16b2beffb5804bdb5a0e84d48296c,2015-04,West Mercia Police,West Mercia Police,-2.749526,52.713753,On or near Castle Foregate,E01028946,Shropshire 019A,Violence and sexual offences,Offender given suspended prison sentence,
30dfde4034b102119243146d1deb76e3a3e337627ece1a7ee64b5872ab82246d,2015-04,West Mercia Police,West Mercia Police,-2.757248,52.708328,On or near Barker Street,E01028946,Shropshire 019A,Violence and sexual offences,Unable to prosecute suspect,
0b70136e4dfef8b0bd8fd789ce582b23b4736289709a131a9e9920aa1aeacba5,2015-04,West Mercia Police,West Mercia Police,-2.750707,52.712730,On or near Cross Street,E01028946,Shropshire 019A,Violence and sexual offences,Awaiting court outcome,
a80e663b11f4825f8c94c77ffa03bc2b58bbc8f609f0fb55a2cc6f1347431f17,2015-04,West Mercia Police,West Mercia Police,-2.749681,52.705536,On or near St Julian'S Friars,E01028946,Shropshire 019A,Violence and sexual offences,Unable to prosecute suspect,
cf3de8e24914b919c7443cc3219c907db7881d5b78a726ea8617e6ffcbe4305b,2015-04,West Mercia Police,West Mercia Police,-2.757049,52.708824,On or near Hill'S Lane,E01028946,Shropshire 019A,Violence and sexual offences,Investigation complete; no suspect identified,
611b1972b9624bb9eaad3895e3788ab10afb2d09ae5894d62af939ea1d09f5dc,2015-04,West Mercia Police,West Mercia Police,-2.751465,52.711152,On or near Meadow Place,E01028946,Shropshire 019A,Violence and sexual offences,Unable to prosecute suspect,
5219622664cb094bbbf1b5c4d56d5dc08ec47c299d1080686cc9de2e26765263,2015-04,West Mercia Police,West Mercia Police,-2.757248,52.708328,On or near Barker Street,E01028946,Shropshire 019A,Violence and sexual offences,Unable to prosecute suspect,
7a9950f269b65de0a71aa0b0e8b060bc50a1613665dfbf391c641d80b5491034,2015-04,West Mercia Police,West Mercia Police,-2.755121,52.709439,On or near Roushill,E01028946,Shropshire 019A,Violence and sexual offences,Unable to prosecute suspect,
ed906e3abf5f65487c91a7cd62d6e5fc5ef090ba6b81133bf236067e5ba7eaba,2015-04,West Mercia Police,West Mercia Police,-2.759156,52.708253,On or near Claremont Bank,E01028946,Shropshire 019A,Violence and sexual offences,Unable to prosecute suspect,
11d73d625ee20598e04f36e695299a5cb7719f591ba1c89223b8166bb964443b,2015-04,West Mercia Police,West Mercia Police,-2.758368,52.708869,On or near St Austin'S Street,E01028946,Shropshire 019A,Violence and sexual offences,Unable to prosecute suspect,
f845126e07c1590412ed0d70b54a412bce9c1bf5abf8b1178d5344ebce1316c8,2015-04,West Mercia Police,West Mercia Police,-2.774694,52.713942,On or near Bryn Road,E01028972,Shropshire 019B,Public order,Unable to prosecute suspect,
efd5e9c8b6e47eedd1ea63e09003c4ab72ecfae0e0539a9dca4d3900be4220f6,2015-04,West Mercia Police,West Mercia Police,-2.780953,52.710449,On or near Copthorne Park,E01028972,Shropshire 019B,Violence and sexual offences,Unable to prosecute suspect,
9224b08c4619237e865c906861d11978e90b83a58975a3d1937670996e947cf4,2015-04,West Mercia Police,West Mercia Police,-2.781630,52.714355,On or near Shelton Lane,E01028972,Shropshire 019B,Violence and sexual offences,Unable to prosecute suspect,
,2015-04,West Mercia Police,West Mercia Police,-2.759632,52.710965,On or near Frankwell,E01028973,Shropshire 019C,Anti-social behaviour,,
,2015-04,West Mercia Police,West Mercia Police,-2.759632,52.710965,On or near Frankwell,E01028973,Shropshire 019C,Anti-social behaviour,,
,2015-04,West Mercia Police,West Mercia Police,-2.759632,52.710965,On or near Frankwell,E01028973,Shropshire 019C,Anti-social behaviour,,
,2015-04,West Mercia Police,West Mercia Police,-2.766406,52.711452,On or near Hafren Road,E01028973,Shropshire 019C,Anti-social behaviour,,
,2015-04,West Mercia Police,West Mercia Police,-2.759632,52.710965,On or near Frankwell,E01028973,Shropshire 019C,Anti-social behaviour,,
,2015-04,West Mercia Police,West Mercia Police,-2.759632,52.710965,On or near Frankwell,E01028973,Shropshire 019C,Anti-social behaviour,,
,2015-04,West Mercia Police,West Mercia Police,-2.764803,52.710374,On or near Lessar Avenue,E01028973,Shropshire 019C,Anti-social behaviour,,
,2015-04,West Mercia Police,West Mercia Police,-2.759632,52.710965,On or near Frankwell,E01028973,Shropshire 019C,Anti-social behaviour,,
,2015-04,West Mercia Police,West Mercia Police,-2.759632,52.710965,On or near Frankwell,E01028973,Shropshire 019C,Anti-social behaviour,,
,2015-04,West Mercia Police,West Mercia Police,-2.759632,52.710965,On or near Frankwell,E01028973,Shropshire 019C,Anti-social behaviour,,
,2015-04,West Mercia Police,West Mercia Police,-2.759632,52.710965,On or near Frankwell,E01028973,Shropshire 019C,Anti-social behaviour,,
,2015-04,West Mercia Police,West Mercia Police,-2.759632,52.710965,On or near Frankwell,E01028973,Shropshire 019C,Anti-social behaviour,,
da845e2344aae59da7982908c210c5a8089a74b2cf92e57f1a749c09f3f40490,2015-04,West Mercia Police,West Mercia Police,-2.770846,52.710596,On or near Copthorne Road,E01028973,Shropshire 019C,Bicycle theft,Investigation complete; no suspect identified,
afab6fb2c45a0303a7ad312e98ed5986c1293339d33968a09d6b756b6638ce33,2015-04,West Mercia Police,West Mercia Police,-2.759632,52.710965,On or near Frankwell,E01028973,Shropshire 019C,Burglary,Investigation complete; no suspect identified,
8f3c5e72281c5cd653f785bd9c3fd43aa124b33987c086e5369d1ee0e18ec497,2015-04,West Mercia Police,West Mercia Police,-2.758439,52.712995,On or near Hunter Street,E01028973,Shropshire 019C,Criminal damage and arson,Investigation complete; no suspect identified,
7c6c75875715326804016784c5f6f25ad9178c248ca2fa0d48d92cee5b3e6dc0,2015-04,West Mercia Police,West Mercia Police,-2.759632,52.710965,On or near Frankwell,E01028973,Shropshire 019C,Criminal damage and arson,Investigation complete; no suspect identified,
f310169c594fa81e2d85910c214b77996880067ac545fa7e4f40c4eaa56645e1,2015-04,West Mercia Police,West Mercia Police,-2.761440,52.711070,On or near Copthorne Road,E01028973,Shropshire 019C,Other theft,Investigation complete; no suspect identified,
4e2bb961a3b2f8de1e3596313e076d639afb30b483768b7e8b197acdb71f5bb3,2015-04,West Mercia Police,West Mercia Police,-2.770846,52.710596,On or near Copthorne Road,E01028973,Shropshire 019C,Other theft,Investigation complete; no suspect identified,
91e57562b7d38c7085568a54db5df89541b82c05420ee56c23c69b5df9ea100a,2015-04,West Mercia Police,West Mercia Police,-2.757689,52.710726,On or near Theatre/Concert Hall,E01028973,Shropshire 019C,Violence and sexual offences,Investigation complete; no suspect identified,
e7c26dfcb0beacdb8e8e7bef52a8ae3dc980767b3b11fa031907de11d98c45b8,2015-04,West Mercia Police,West Mercia Police,-2.758101,52.712269,On or near Alma Street,E01028973,Shropshire 019C,Violence and sexual offences,Unable to prosecute suspect,
5a17928d8de0078246b0308cfee4ab6ac44ea471a0d44747467321cd6c9ce137,2015-04,West Mercia Police,West Mercia Police,-2.761440,52.711070,On or near Copthorne Road,E01028973,Shropshire 019C,Violence and sexual offences,Local resolution,
,2015-04,West Mercia Police,West Mercia Police,-2.745565,52.707171,On or near Abbey Foregate,E01028987,Shropshire 019D,Anti-social behaviour,,
,2015-04,West Mercia Police,West Mercia Police,-2.741310,52.706766,On or near Supermarket,E01028987,Shropshire 019D,Anti-social behaviour,,
,2015-04,West Mercia Police,West Mercia Police,-2.735543,52.707917,On or near Clifford Street,E01028987,Shropshire 019D,Anti-social behaviour,,
,2015-04,West Mercia Police,West Mercia Police,-2.735543,52.707917,On or near Clifford Street,E01028987,Shropshire 019D,Anti-social behaviour,,
8ea21b6fd44236b33bce4aaace82363a0a742d36c533bb805c5b309ee5d89dea,2015-04,West Mercia Police,West Mercia Police,-2.745565,52.707171,On or near Abbey Foregate,E01028987,Shropshire 019D,Bicycle theft,Offender sent to prison,
81329d3fcd4e81e8f15a3de5e132b9c8a272eaec82219878b8ad6533afeb6a4d,2015-04,West Mercia Police,West Mercia Police,-2.736313,52.705341,On or near Mill Road,E01028987,Shropshire 019D,Bicycle theft,Investigation complete; no suspect identified,
086e6fde717bcbfb4331b615399d695ccbbbcf7f4b14c45a7fc1c40054900791,2015-04,West Mercia Police,West Mercia Police,-2.741310,52.706766,On or near Supermarket,E01028987,Shropshire 019D,Burglary,Investigation complete; no suspect identified,
ef1911808004de2746d9a31162c38a769175feb93b4f8cc706e6d785760afafd,2015-04,West Mercia Police,West Mercia Police,-2.740303,52.706727,On or near Abbey Foregate,E01028987,Shropshire 019D,Criminal damage and arson,Investigation complete; no suspect identified,
a958009a936a5a520950813d9c9021db935befd4cc4e228bcef40b781f27569a,2015-04,West Mercia Police,West Mercia Police,-2.740303,52.706727,On or near Abbey Foregate,E01028987,Shropshire 019D,Criminal damage and arson,Investigation complete; no suspect identified,
a9b403591c97a5a3785c17e0211cb98da86f52c7eb8a3a93dd69d39e89a68665,2015-04,West Mercia Police,West Mercia Police,-2.739169,52.709656,On or near Trafalgar Place,E01028987,Shropshire 019D,Criminal damage and arson,Unable to prosecute suspect,
93e2249b76f578442d0592604cbdd65d0441c5f31cd0e009a86a9d696d7965ee,2015-04,West Mercia Police,West Mercia Police,-2.740303,52.706727,On or near Abbey Foregate,E01028987,Shropshire 019D,Other theft,Investigation complete; no suspect identified,
8f30f689e262b6aa7f4e066c2109a60765321c73bdeeb459b29a62049d440bde,2015-04,West Mercia Police,West Mercia Police,-2.743854,52.710975,On or near Sports/Recreation Area,E01028987,Shropshire 019D,Robbery,Awaiting court outcome,
65800ffa41c9119fe65bda28add1fa66ace6df82228235e5e2db4285138f1cf4,2015-04,West Mercia Police,West Mercia Police,-2.743854,52.710975,On or near Sports/Recreation Area,E01028987,Shropshire 019D,Theft from the person,Awaiting court outcome,
f24ba48932c601593b86d37d8546284b1093c2d2b38e910f0600849eab3959df,2015-04,West Mercia Police,West Mercia Police,-2.737280,52.711753,On or near Bradford Street,E01028987,Shropshire 019D,Violence and sexual offences,Unable to prosecute suspect,
41c9973235c28290b4d2d236535471612344cd50c8461dd525a407a066624768,2015-04,West Mercia Police,West Mercia Police,-2.742006,52.706753,On or near Brook Road,E01028987,Shropshire 019D,Violence and sexual offences,Unable to prosecute suspect,
b45b12b44f52352a1e8fc71996696730cb56acdc2aca31ff1011e963b4dca570,2015-04,West Mercia Police,West Mercia Police,-2.747185,52.706693,On or near Wyle Cop,E01028987,Shropshire 019D,Other crime,Investigation complete; no suspect identified,
,2015-04,West Mercia Police,West Mercia Police,-2.798245,52.708185,On or near Wellwood Close,E01028941,Shropshire 020A,Anti-social behaviour,,
,2015-04,West Mercia Police,West Mercia Police,-2.786903,52.704683,On or near Dickens Place,E01028941,Shropshire 020A,Anti-social behaviour,,
,2015-04,West Mercia Police,West Mercia Police,-2.803744,52.710252,On or near Frinton Close,E01028941,Shropshire 020A,Anti-social behaviour,,
,2015-04,West Mercia Police,West Mercia Police,-2.802604,52.710241,On or near Findon Way,E01028941,Shropshire 020A,Anti-social behaviour,,
9cb9052e87701b41df4581d3f0c28119cf71b3f99164a0347b9ac17b03e25dfd,2015-04,West Mercia Police,West Mercia Police,-2.804082,52.709305,On or near The Dell,E01028941,Shropshire 020A,Criminal damage and arson,Investigation complete; no suspect identified,
65f32ddf604cc03a5d078b1a37c88ab7e9596b7ee9a857e72578d1638516eaf8,2015-04,West Mercia Police,West Mercia Police,-2.798245,52.708185,On or near Wellwood Close,E01028941,Shropshire 020A,Criminal damage and arson,Unable to prosecute suspect,
510a6b653a2187877c4b958716d593067c63b8c56c2b677515b3eb8480aa0fea,2015-04,West Mercia Police,West Mercia Police,-2.798245,52.708185,On or near Wellwood Close,E01028941,Shropshire 020A,Criminal damage and arson,Unable to prosecute suspect,
e4beb880600d1629e7a02ace5d025a1e2b44b8ec176f68411af65b08213a5abf,2015-04,West Mercia Police,West Mercia Police,-2.806085,52.708725,On or near Robinsford Close,E01028941,Shropshire 020A,Criminal damage and arson,Unable to prosecute suspect,
cefed3515a54d8444218bc3c2c1e561a0f90e676e773d5cd6e8ea62d37adeccd,2015-04,West Mercia Police,West Mercia Police,-2.798245,52.708185,On or near Wellwood Close,E01028941,Shropshire 020A,Drugs,Offender given community sentence,
b2d66927262480a4d5e01c14bcd13cc84eb84c590aa20a25cd21fb0043bc2369,2015-04,West Mercia Police,West Mercia Police,-2.798245,52.708185,On or near Wellwood Close,E01028941,Shropshire 020A,Public order,Unable to prosecute suspect,
939c6017aa5542a0c24660d51a1f701a12ccbdcff55ace888d36cb4b135efd94,2015-04,West Mercia Police,West Mercia Police,-2.802001,52.707198,On or near Cresswell Court,E01028941,Shropshire 020A,Shoplifting,Investigation complete; no suspect identified,
04cd568d4ba08ec2ce356281d882c477f881f8347308b040b3e0c569f04cd49c,2015-04,West Mercia Police,West Mercia Police,-2.806085,52.708725,On or near Robinsford Close,E01028941,Shropshire 020A,Violence and sexual offences,Unable to prosecute suspect,
b35045263a661211172bcd82e6975632c401ae8a302033e30a965f05af6bd268,2015-04,West Mercia Police,West Mercia Police,-2.806085,52.708725,On or near Robinsford Close,E01028941,Shropshire 020A,Violence and sexual offences,Unable to prosecute suspect,
df6b18cbc2b421527764c7e58ecb59ab4b87a61627946ecbe151343a3c702745,2015-04,West Mercia Police,West Mercia Police,-2.798245,52.708185,On or near Wellwood Close,E01028941,Shropshire 020A,Violence and sexual offences,Unable to prosecute suspect,
45430fc1a40d391406f7ad13cc143a9c49103ec7385528302cf2dc42f57bbce8,2015-04,West Mercia Police,West Mercia Police,-2.795507,52.707385,On or near Edgecombe Way,E01028941,Shropshire 020A,Violence and sexual offences,Unable to prosecute suspect,
30efcc11da00ce1e30dba4fd8e72ed695168d417e519e5fe50d0055c5dfc50ed,2015-04,West Mercia Police,West Mercia Police,-2.798245,52.708185,On or near Wellwood Close,E01028941,Shropshire 020A,Violence and sexual offences,Unable to prosecute suspect,
ead7a41a7b5bfcc620fb83fe3bfdbaec232b9601c9c326a59ed9c5874868b941,2015-04,West Mercia Police,West Mercia Police,-2.798245,52.708185,On or near Wellwood Close,E01028941,Shropshire 020A,Violence and sexual offences,Unable to prosecute suspect,
3337e00d4c4c612c6ac671deb1da1e83f8d07b8c4cd3f6a679f91013ea7ecf8b,2015-04,West Mercia Police,West Mercia Police,-2.798245,52.708185,On or near Wellwood Close,E01028941,Shropshire 020A,Violence and sexual offences,Unable to prosecute suspect,
d142e661472bf0401fe17b983c0719986a735a80f1a2918b6449f89cce052f5e,2015-04,West Mercia Police,West Mercia Police,-2.798245,52.708185,On or near Wellwood Close,E01028941,Shropshire 020A,Violence and sexual offences,Local resolution,
,2015-04,West Mercia Police,West Mercia Police,-2.793766,52.709348,On or near Hospital,E01028942,Shropshire 020B,Anti-social behaviour,,
,2015-04,West Mercia Police,West Mercia Police,-2.793766,52.709348,On or near Hospital,E01028942,Shropshire 020B,Anti-social behaviour,,
,2015-04,West Mercia Police,West Mercia Police,-2.795125,52.714058,On or near Waverton Way,E01028942,Shropshire 020B,Anti-social behaviour,,
,2015-04,West Mercia Police,West Mercia Police,-2.793766,52.709348,On or near Hospital,E01028942,Shropshire 020B,Anti-social behaviour,,
,2015-04,West Mercia Police,West Mercia Police,-2.793766,52.709348,On or near Hospital,E01028942,Shropshire 020B,Anti-social behaviour,,
6c8133080010c4e780cae396beb5717a20fcfef079b3e2a40edd326c0360226f,2015-04,West Mercia Police,West Mercia Police,-2.789752,52.715757,On or near Pennywell,E01028942,Shropshire 020B,Burglary,Investigation complete; no suspect identified,
149f24deb87ca5057ae1e70def1ec169bd44f99f60b434971fc6c12873d8d7a8,2015-04,West Mercia Police,West Mercia Police,-2.793766,52.709348,On or near Hospital,E01028942,Shropshire 020B,Criminal damage and arson,Local resolution,
6fb1ff6d5fa0719d43bf751ac80e9f115d8a49c2b0e6966b8a261087dbf5316f,2015-04,West Mercia Police,West Mercia Police,-2.798121,52.713580,On or near Cavendish Close,E01028942,Shropshire 020B,Shoplifting,Offender given community sentence,
8a374b6d35dc850a8d623ccb6cb7d7a61ce64f6b85adbccb0e61f294db2e02bb,2015-04,West Mercia Police,West Mercia Police,-2.801543,52.714501,On or near Shelton Gardens,E01028942,Shropshire 020B,Violence and sexual offences,Local resolution,
e63fded70d5e1b01e42e131bebdf6774ca0ab8313d6fc69b26d7e67a4d6de80b,2015-04,West Mercia Police,West Mercia Police,-2.793766,52.709348,On or near Hospital,E01028942,Shropshire 020B,Violence and sexual offences,Local resolution,
,2015-04,West Mercia Police,West Mercia Police,-2.806774,52.710788,On or near The Ridings,E01028943,Shropshire 020C,Anti-social behaviour,,
,2015-04,West Mercia Police,West Mercia Police,-2.810191,52.712257,On or near Briery Lane,E01028943,Shropshire 020C,Anti-social behaviour,,
,2015-04,West Mercia Police,West Mercia Police,-2.811407,52.713993,On or near Knowsley Drive,E01028943,Shropshire 020C,Anti-social behaviour,,
,2015-04,West Mercia Police,West Mercia Police,-2.812793,52.712887,On or near Kelsall Drive,E01028943,Shropshire 020C,Anti-social behaviour,,
,2015-04,West Mercia Police,West Mercia Police,-2.806783,52.713710,On or near The Woolams,E01028943,Shropshire 020C,Anti-social behaviour,,
,2015-04,West Mercia Police,West Mercia Police,-2.808513,52.713581,On or near Coach Road,E01028943,Shropshire 020C,Anti-social behaviour,,
920e9acb4035d757d004eb9f1c30187c9eb04ceb582af4d49409a6d53c699534,2015-04,West Mercia Police,West Mercia Police,-2.782780,52.705852,On or near Shopping Area,E01028951,Shropshire 020D,Violence and sexual offences,Offender sent to prison,
,2015-04,West Mercia Police,West Mercia Police,-2.786717,52.709152,On or near Westlands Road,E01028953,Shropshire 020E,Anti-social behaviour,,
,2015-04,West Mercia Police,West Mercia Police,-2.785746,52.706974,On or near Mytton Oak Road,E01028953,Shropshire 020E,Anti-social behaviour,,
,2015-04,West Mercia Police,West Mercia Police,-2.780740,52.708455,On or near Mytton Park,E01028953,Shropshire 020E,Anti-social behaviour,,
43dfd8514ac0fc96665f3594167358f124ff9a4a43abd90087294bbb52bf4a37,2015-04,West Mercia Police,West Mercia Police,-2.783174,52.707180,On or near Supermarket,E01028953,Shropshire 020E,Bicycle theft,Investigation complete; no suspect identified,
723536d490c9f2605f393fc1a16234373420148bf1a990868d819ebdb1075c86,2015-04,West Mercia Police,West Mercia Police,-2.777939,52.706585,On or near Kenwood Drive,E01028953,Shropshire 020E,Burglary,Suspect charged as part of another case,
e7deb48661ec637b14e5321b2df9e12012eec352f54afa5a8646449440230958,2015-04,West Mercia Police,West Mercia Police,-2.782019,52.707988,On or near Mytton Grove,E01028953,Shropshire 020E,Criminal damage and arson,Investigation complete; no suspect identified,
fee80eb66b88561d72658208753b6e73ff821123e3f8e84a06359174a19ec736,2015-04,West Mercia Police,West Mercia Police,-2.789033,52.708723,On or near Kingswood Crescent,E01028953,Shropshire 020E,Vehicle crime,Investigation complete; no suspect identified,
,2015-04,West Mercia Police,West Mercia Police,-2.724984,52.707586,On or near Portland Crescent,E01028947,Shropshire 021A,Anti-social behaviour,,
,2015-04,West Mercia Police,West Mercia Police,-2.719463,52.704887,On or near Reynaulds Close,E01028947,Shropshire 021A,Anti-social behaviour,,
96ba5bc351120141c32e6ad5951981ea9a56b85b8781eac5719ab5278552d47d,2015-04,West Mercia Police,West Mercia Police,-2.719463,52.704887,On or near Reynaulds Close,E01028947,Shropshire 021A,Other theft,Investigation complete; no suspect identified,
c497abcfcd5204cecc047d6abe2674a3797c4f0c4d2111dd5a0f8d366619a645,2015-04,West Mercia Police,West Mercia Police,-2.719463,52.704887,On or near Reynaulds Close,E01028947,Shropshire 021A,Possession of weapons,Offender given a caution,
,2015-04,West Mercia Police,West Mercia Police,-2.728129,52.695547,On or near Woodlea,E01028948,Shropshire 021B,Anti-social behaviour,,
,2015-04,West Mercia Police,West Mercia Police,-2.729385,52.692807,On or near Pool Rise,E01028948,Shropshire 021B,Anti-social behaviour,,
,2015-04,West Mercia Police,West Mercia Police,-2.729385,52.692807,On or near Pool Rise,E01028948,Shropshire 021B,Anti-social behaviour,,
,2015-04,West Mercia Police,West Mercia Police,-2.729385,52.692807,On or near Pool Rise,E01028948,Shropshire 021B,Anti-social behaviour,,
,2015-04,West Mercia Police,West Mercia Police,-2.728129,52.695547,On or near Woodlea,E01028948,Shropshire 021B,Anti-social behaviour,,
c24d63ae71e3fb988662f6237705a632df8963f7499fa0e6c009977b2073c40e,2015-04,West Mercia Police,West Mercia Police,-2.720003,52.691794,On or near Lexington Avenue,E01028948,Shropshire 021B,Bicycle theft,Investigation complete; no suspect identified,
a7fe6d38aa5bac7bf0dd11c298f68911a5b92a72505aedda53bc27de523e06ff,2015-04,West Mercia Police,West Mercia Police,-2.716737,52.692075,On or near Sitka Drive,E01028948,Shropshire 021B,Criminal damage and arson,Investigation complete; no suspect identified,
eb4f7594bcf2944e4a4248f50561b88d6ae66a15a2b299fe0040817f7b1a269e,2015-04,West Mercia Police,West Mercia Police,-2.726663,52.693740,On or near Mereside,E01028948,Shropshire 021B,Other theft,Investigation complete; no suspect identified,
d4a0d1c5b31b17912275501f3b7902c541addd339112e20eb93973f67017e031,2015-04,West Mercia Police,West Mercia Police,-2.729385,52.692807,On or near Pool Rise,E01028948,Shropshire 021B,Violence and sexual offences,Unable to prosecute suspect,
,2015-04,West Mercia Police,West Mercia Police,-2.732082,52.702787,On or near Woodlands Park,E01028949,Shropshire 021C,Anti-social behaviour,,
,2015-04,West Mercia Police,West Mercia Police,-2.735364,52.705194,On or near Bage Way,E01028949,Shropshire 021C,Anti-social behaviour,,
,2015-04,West Mercia Police,West Mercia Police,-2.735364,52.705194,On or near Bage Way,E01028949,Shropshire 021C,Anti-social behaviour,,
,2015-04,West Mercia Police,West Mercia Police,-2.735364,52.705194,On or near Bage Way,E01028949,Shropshire 021C,Anti-social behaviour,,
,2015-04,West Mercia Police,West Mercia Police,-2.735364,52.705194,On or near Bage Way,E01028949,Shropshire 021C,Anti-social behaviour,,
c5a56899e59eedcd97b12b3f7422280b8d3e15c1da2ffc0e3683eb7f13aef20a,2015-04,West Mercia Police,West Mercia Police,-2.733373,52.704739,On or near Abbey Foregate,E01028949,Shropshire 021C,Bicycle theft,Investigation complete; no suspect identified,
003c31b0d6b1490087f93a4bc19d482ce8ac16a28edfab260230d605a754639f,2015-04,West Mercia Police,West Mercia Police,-2.733373,52.704739,On or near Abbey Foregate,E01028949,Shropshire 021C,Bicycle theft,Investigation complete; no suspect identified,
a79c84229536c0930cfc1b9fb5d5dbd30138ed43373713021853caccf46b2d46,2015-04,West Mercia Police,West Mercia Police,-2.733373,52.704739,On or near Abbey Foregate,E01028949,Shropshire 021C,Bicycle theft,Investigation complete; no suspect identified,
312fa64d287380ac4f1823d30fdba63d3fa23fc4ac481da8393262bd491a3ac5,2015-04,West Mercia Police,West Mercia Police,-2.730791,52.702570,On or near St Giles' Road,E01028949,Shropshire 021C,Burglary,Suspect charged as part of another case,
189e66d4c1b17339c04f45668707f0bf595d74745e821e5933a2cb0fa9ad7648,2015-04,West Mercia Police,West Mercia Police,-2.735364,52.705194,On or near Bage Way,E01028949,Shropshire 021C,Criminal damage and arson,Unable to prosecute suspect,
ae070f7527bdff721e23c89ab7a3311a5ef322006c711433e32b9546c54c8e09,2015-04,West Mercia Police,West Mercia Police,-2.735364,52.705194,On or near Bage Way,E01028949,Shropshire 021C,Drugs,Offender given a drugs possession warning,
cdbdc5186e6298ceb703b201f8e447ae12ced33849273cfc88cff0c7a10bdb68,2015-04,West Mercia Police,West Mercia Police,-2.735364,52.705194,On or near Bage Way,E01028949,Shropshire 021C,Other theft,Investigation complete; no suspect identified,
5645d6e007c4691b263a9c8f3c0bec48b5bd4d0b02e03f3e5ed01b17c25461d2,2015-04,West Mercia Police,West Mercia Police,-2.729908,52.706396,On or near Belvidere Walk,E01028949,Shropshire 021C,Other theft,Unable to prosecute suspect,
7a02c45ca5eca2c2908de8ee13097782faf69ce989bc25f9d7b3e48687a03188,2015-04,West Mercia Police,West Mercia Police,-2.735364,52.705194,On or near Bage Way,E01028949,Shropshire 021C,Other theft,Investigation complete; no suspect identified,
e0689d06da30e11a1e1cbabc9321ccde156364f32aac052506706fd4e98c80f3,2015-04,West Mercia Police,West Mercia Police,-2.733632,52.704288,On or near Longmeadow Drive,E01028949,Shropshire 021C,Violence and sexual offences,Investigation complete; no suspect identified,
925f43fc6b7f0794f3e35e46802149745f1735f8da40c29b5cc2e58fa47784a0,2015-04,West Mercia Police,West Mercia Police,-2.727302,52.702771,On or near Sports/Recreation Area,E01028949,Shropshire 021C,Violence and sexual offences,Local resolution,
979408bb9c1e6ac2b656847a75802013e15053ebc418df6542167b58e21cbacd,2015-04,West Mercia Police,West Mercia Police,-2.729908,52.706396,On or near Belvidere Walk,E01028949,Shropshire 021C,Violence and sexual offences,Unable to prosecute suspect,
066c6d506338d34b523705af48c1508cd17e73172f40c0888b45301a5d3a47bb,2015-04,West Mercia Police,West Mercia Police,-2.739161,52.695173,On or near Glamis,E01028985,Shropshire 021D,Bicycle theft,Investigation complete; no suspect identified,
bf7488d6741d3b30eca1139fc92f9134ee1ff0f365303fe5446624edb3625f30,2015-04,West Mercia Police,West Mercia Police,-2.733389,52.695119,On or near Folliott Close,E01028985,Shropshire 021D,Criminal damage and arson,Investigation complete; no suspect identified,
fa370049be409282bba51823f5b578fbe708b30dcdd31be97320b70a8624b272,2015-04,West Mercia Police,West Mercia Police,-2.735575,52.695735,On or near Elland Court,E01028985,Shropshire 021D,Criminal damage and arson,Offender given a caution,
47bcb71bdda44c9b03f48df4c28b015f66b22b683f7c88329f0b2a2a2a5075c8,2015-04,West Mercia Police,West Mercia Police,-2.735575,52.695735,On or near Elland Court,E01028985,Shropshire 021D,Violence and sexual offences,Unable to prosecute suspect,
ce31ffacd0dd15e2997e9c100970b2be0918037bc87bfd25166e7ec2064b1e24,2015-04,West Mercia Police,West Mercia Police,-2.737934,52.700521,On or near Reabrook Avenue,E01028985,Shropshire 021D,Violence and sexual offences,Unable to prosecute suspect,
1f943d247e0e0bffb6501ae6b89b7418f3758a2a0e30e3c8e4fd87f96c2a48ec,2015-04,West Mercia Police,West Mercia Police,-2.748678,52.704014,On or near Longden Coleham,E01028938,Shropshire 022A,Bicycle theft,Investigation complete; no suspect identified,
e148107c957f0c0aeefc26f8cefaf86257b6aff7654713ed66ff637dc2af3fe2,2015-04,West Mercia Police,West Mercia Police,-2.746122,52.705990,On or near Coleham Head,E01028938,Shropshire 022A,Criminal damage and arson,Unable to prosecute suspect,
db89563aed02303ac728402c9673b1f97b413c7b36fae0785400d2d7e002449a,2015-04,West Mercia Police,West Mercia Police,-2.749975,52.702846,On or near Longden Gardens,E01028938,Shropshire 022A,Robbery,Court result unavailable,
aefd7071760b753c3f57fd21843530f58c8ad248b8c9d05ebd4140b5686e626b,2015-04,West Mercia Police,West Mercia Police,-2.748678,52.704014,On or near Longden Coleham,E01028938,Shropshire 022A,Shoplifting,Investigation complete; no suspect identified,
93a03ce3dc98dda8d1b63103fa60734a629d7dd705025781d8d3dc7fc1e62e4c,2015-04,West Mercia Police,West Mercia Police,-2.748678,52.704014,On or near Longden Coleham,E01028938,Shropshire 022A,Shoplifting,Offender sent to prison,
5ca6d2c410282f90808047f91c4a785d4e1b0cd5c733b126a7a43d3246eee569,2015-04,West Mercia Police,West Mercia Police,-2.748678,52.704014,On or near Longden Coleham,E01028938,Shropshire 022A,Shoplifting,Investigation complete; no suspect identified,
eb67d31b380ae7687e99a911ae806b4373eb3250b7faf873943bf710207f94d4,2015-04,West Mercia Police,West Mercia Police,-2.748678,52.704014,On or near Longden Coleham,E01028938,Shropshire 022A,Shoplifting,Court case unable to proceed,
826535eb16dc79b5967b8f15b8852344e1e957f0a14c289844a2c59fc6c8200d,2015-04,West Mercia Police,West Mercia Police,-2.744883,52.704505,On or near Moreton Crescent,E01028938,Shropshire 022A,Violence and sexual offences,Unable to prosecute suspect,
162c39f3cc790038626d9894ab6273959bb27d74280a89b663b88fb707b560d2,2015-04,West Mercia Police,West Mercia Police,-2.746548,52.704081,On or near Pound Close,E01028938,Shropshire 022A,Violence and sexual offences,Unable to prosecute suspect,
,2015-04,West Mercia Police,West Mercia Police,-2.747423,52.698996,On or near Havelock Road,E01028939,Shropshire 022B,Anti-social behaviour,,
,2015-04,West Mercia Police,West Mercia Police,-2.755198,52.691584,On or near Hereford Road,E01028939,Shropshire 022B,Anti-social behaviour,,
,2015-04,West Mercia Police,West Mercia Police,-2.747423,52.698996,On or near Havelock Road,E01028939,Shropshire 022B,Anti-social behaviour,,
,2015-04,West Mercia Police,West Mercia Police,-2.747423,52.698996,On or near Havelock Road,E01028939,Shropshire 022B,Anti-social behaviour,,
,2015-04,West Mercia Police,West Mercia Police,-2.746547,52.699667,On or near Hawthorn Road,E01028939,Shropshire 022B,Anti-social behaviour,,
4e93ee051a9dbc7c75d3394855e2975c724cfe38a1fe268ed368d2034ecc4ec7,2015-04,West Mercia Police,West Mercia Police,-2.747423,52.698996,On or near Havelock Road,E01028939,Shropshire 022B,Burglary,Unable to prosecute suspect,
8ba857de53953df32ba233977615aa65ffcace4b03e566ac17ccd48fdb36ce46,2015-04,West Mercia Police,West Mercia Police,-2.747039,52.697264,On or near Sussex Drive,E01028939,Shropshire 022B,Criminal damage and arson,Investigation complete; no suspect identified,
a2a1bb7535f857bcfffb472d986d5b2e525535b23ebe0af6db238497ba86c5c1,2015-04,West Mercia Police,West Mercia Police,-2.755117,52.692034,On or near Petrol Station,E01028939,Shropshire 022B,Other theft,Investigation complete; no suspect identified,
94952880edccd65a38c99ee4792633c9a9b5929fcbb5c61322bdbb3b51508f27,2015-04,West Mercia Police,West Mercia Police,-2.755117,52.692034,On or near Petrol Station,E01028939,Shropshire 022B,Other theft,Investigation complete; no suspect identified,
63079b0231f5d3a6f1d9f456e4eb8271e0adf73c582d36afcaf502a5bf42ae56,2015-04,West Mercia Police,West Mercia Police,-2.745636,52.702639,On or near Alton Terrace,E01028939,Shropshire 022B,Vehicle crime,Investigation complete; no suspect identified,
f4618e0a5c7827c10e9526faa76c29ce7f8901a42113ea59fdfc042a7bc6758a,2015-04,West Mercia Police,West Mercia Police,-2.745636,52.702639,On or near Alton Terrace,E01028939,Shropshire 022B,Violence and sexual offences,Unable to prosecute suspect,
,2015-04,West Mercia Police,West Mercia Police,-2.743377,52.705593,On or near Petrol Station,E01028984,Shropshire 022C,Anti-social behaviour,,
,2015-04,West Mercia Police,West Mercia Police,-2.739747,52.701858,On or near Rocke Street,E01028984,Shropshire 022C,Anti-social behaviour,,
,2015-04,West Mercia Police,West Mercia Police,-2.741194,52.700752,On or near Brunel Way,E01028984,Shropshire 022C,Anti-social behaviour,,
,2015-04,West Mercia Police,West Mercia Police,-2.739747,52.701858,On or near Rocke Street,E01028984,Shropshire 022C,Anti-social behaviour,,
1c2ae3bb9b48df7bde81c91fea8c90c9242bb7e58921f95e82769ec72610b127,2015-04,West Mercia Police,West Mercia Police,-2.739747,52.701858,On or near Rocke Street,E01028984,Shropshire 022C,Burglary,Investigation complete; no suspect identified,
ab05fb389789e64c803b8685922c302541acd4b00b856cd9f420c78ff47255b8,2015-04,West Mercia Police,West Mercia Police,-2.739747,52.701858,On or near Rocke Street,E01028984,Shropshire 022C,Criminal damage and arson,Unable to prosecute suspect,
4defe4ec62e62e17e451ed5ba883194fb42d04b9125058b358ff5e18afa1342b,2015-04,West Mercia Police,West Mercia Police,-2.742768,52.694126,On or near Summit Close,E01028984,Shropshire 022C,Criminal damage and arson,Investigation complete; no suspect identified,
42ad9da0128b6dad14f97825297077df3a1d66b3b038737e97c206ff0c709ee0,2015-04,West Mercia Police,West Mercia Police,-2.743377,52.705593,On or near Petrol Station,E01028984,Shropshire 022C,Other theft,Investigation complete; no suspect identified,
05d85e989f5c1b02ff52ef7636c15d44f6319af6309f26552b22e48f70926bec,2015-04,West Mercia Police,West Mercia Police,-2.743377,52.705593,On or near Petrol Station,E01028984,Shropshire 022C,Other theft,Local resolution,
7e4779968a3de64acfd53e6898e498cba96c046d18ec28486897aed009941ee2,2015-04,West Mercia Police,West Mercia Police,-2.743377,52.705593,On or near Petrol Station,E01028984,Shropshire 022C,Public order,Unable to prosecute suspect,
ebf2149cc62622ba0aa8505f89ef05bb7a4e77011c94ccaeb58803d5f4b090f1,2015-04,West Mercia Police,West Mercia Police,-2.741194,52.700752,On or near Brunel Way,E01028984,Shropshire 022C,Violence and sexual offences,Unable to prosecute suspect,
9b0b14b60bb3663e465dfec009c1911fbfc55d401c548944b99771320e4717e8,2015-04,West Mercia Police,West Mercia Police,-2.739747,52.701858,On or near Rocke Street,E01028984,Shropshire 022C,Violence and sexual offences,Unable to prosecute suspect,
3db3c8519435b93f26090124330b8b7aa1dad78ea6c11903ededb331cfbb03c8,2015-04,West Mercia Police,West Mercia Police,-2.740850,52.699667,On or near Stephenson Drive,E01028984,Shropshire 022C,Violence and sexual offences,Unable to prosecute suspect,
bef42058f9c70fa8bf72f92304f598e4e5ac64da60cda3dcb9aaeb2912c4dfa3,2015-04,West Mercia Police,West Mercia Police,-2.741178,52.703342,On or near Old Potts Way,E01028984,Shropshire 022C,Violence and sexual offences,Unable to prosecute suspect,
,2015-04,West Mercia Police,West Mercia Police,-2.736394,52.689024,On or near Melrose Drive,E01028986,Shropshire 022D,Anti-social behaviour,,
,2015-04,West Mercia Police,West Mercia Police,-2.754203,52.696571,On or near Oak Street Head,E01028940,Shropshire 023A,Anti-social behaviour,,
,2015-04,West Mercia Police,West Mercia Police,-2.753817,52.698174,On or near Longden Avenue,E01028940,Shropshire 023A,Anti-social behaviour,,
4bf1d915aaa8633ce90b626fea9ed79250f8c5fd3c5330186712a19bd61b6da7,2015-04,West Mercia Police,West Mercia Police,-2.755253,52.699917,On or near Arbourne Gardens,E01028940,Shropshire 023A,Violence and sexual offences,Unable to prosecute suspect,
8b9dc6bf780150d526ede096002edbe3e538fa5e248e4c76e2baf48f3e97f552,2015-04,West Mercia Police,West Mercia Police,-2.756248,52.699309,On or near North Close,E01028940,Shropshire 023A,Violence and sexual offences,Local resolution,
,2015-04,West Mercia Police,West Mercia Police,-2.775640,52.696298,On or near Shopping Area,E01028952,Shropshire 023B,Anti-social behaviour,,
,2015-04,West Mercia Police,West Mercia Police,-2.775640,52.696298,On or near Shopping Area,E01028952,Shropshire 023B,Anti-social behaviour,,
c042e0275243b43d677d4c109647f93aa1cd005a4beed34dfaa105b7decfe4c1,2015-04,West Mercia Police,West Mercia Police,-2.778436,52.698797,On or near Crawford Meadow,E01028952,Shropshire 023B,Criminal damage and arson,Unable to prosecute suspect,
f9c4b67902d61680552b09f84587c789f365abc6d3aab9228fd478ed8e1735ec,2015-04,West Mercia Police,West Mercia Police,-2.774225,52.702501,On or near Ridgebourne Road,E01028952,Shropshire 023B,Drugs,Offender given a drugs possession warning,
fc89ed2a9ba724620f0a950aaaf68f16c7e3555a6aca4ccbf2051cd235bfd7de,2015-04,West Mercia Police,West Mercia Police,-2.776870,52.695571,On or near Cotshore Drive,E01028952,Shropshire 023B,Other theft,Unable to prosecute suspect,
04d063884a1fc502395d4df28cea2b2486a4e988e551faa7af50f2a8ca688bca,2015-04,West Mercia Police,West Mercia Police,-2.774847,52.697499,On or near Ladycroft Close,E01028952,Shropshire 023B,Violence and sexual offences,Unable to prosecute suspect,
6ef56f5ed48606b2fd65d8f26e05a46d90e8076609c27407887d63f276db7aa4,2015-04,West Mercia Police,West Mercia Police,-2.778436,52.698797,On or near Crawford Meadow,E01028952,Shropshire 023B,Violence and sexual offences,Unable to prosecute suspect,
c6cab66567690b896f4c9e554eda31bd63ba2e5b2882c396a6d6e8f575b81005,2015-04,West Mercia Police,West Mercia Police,-2.774847,52.697499,On or near Ladycroft Close,E01028952,Shropshire 023B,Violence and sexual offences,Unable to prosecute suspect,
a6b5737d18c7ec9407e55c731c780d418c7d8fcf542c764ed77ee27533239b68,2015-04,West Mercia Police,West Mercia Police,-2.774225,52.702501,On or near Ridgebourne Road,E01028952,Shropshire 023B,Violence and sexual offences,Unable to prosecute suspect,
,2015-04,West Mercia Police,West Mercia Police,-2.757568,52.688378,On or near Stapleton Road,E01028962,Shropshire 023C,Anti-social behaviour,,
,2015-04,West Mercia Police,West Mercia Police,-2.758594,52.688668,On or near Moneybrook Way,E01028962,Shropshire 023C,Anti-social behaviour,,
961cea454833326def0876d822dff9697fb627a9ddb65ce043627c4c5f9d7567,2015-04,West Mercia Police,West Mercia Police,-2.758594,52.688668,On or near Moneybrook Way,E01028962,Shropshire 023C,Criminal damage and arson,Investigation complete; no suspect identified,
0590f0a8bc005870b6f193b9880457ba4ddef2183dec0a83fb3640d60b9d4a39,2015-04,West Mercia Police,West Mercia Police,-2.757374,52.687381,On or near Chilton Close,E01028962,Shropshire 023C,Criminal damage and arson,Investigation complete; no suspect identified,
f53bbfe28758cc1edeb5b4048097c7c03933a77a118c29e06ca71b7202459265,2015-04,West Mercia Police,West Mercia Police,-2.756527,52.688879,On or near Knolls Farm Close,E01028962,Shropshire 023C,Criminal damage and arson,Investigation complete; no suspect identified,
e558dcfedea0e1ac9e9a173b019172d826687ec2156015e409e16237a480a5bd,2015-04,West Mercia Police,West Mercia Police,-2.758594,52.688668,On or near Moneybrook Way,E01028962,Shropshire 023C,Drugs,Offender given a caution,
842a946b0451f441c3b643898154a0b8d7cd610b05bf4218352cf0edd3e37b0f,2015-04,West Mercia Police,West Mercia Police,-2.758594,52.688668,On or near Moneybrook Way,E01028962,Shropshire 023C,Drugs,Investigation complete; no suspect identified,
eaeacbb5181fd66f0a43957c677ce089ea64ab3534b8772e608cc799f6af5cdf,2015-04,West Mercia Police,West Mercia Police,-2.759900,52.684641,On or near Chatford Drive,E01028962,Shropshire 023C,Possession of weapons,Investigation complete; no suspect identified,
279cb498ab90e7a4bfcee7e3acd365bac139c5099e99072bd4d9706d0a39e1ce,2015-04,West Mercia Police,West Mercia Police,-2.756527,52.688879,On or near Knolls Farm Close,E01028962,Shropshire 023C,Possession of weapons,Investigation complete; no suspect identified,
adc1f52114ada9c955bc2a7edeb305f2c143a7b5a26a559768a577abcd5befa5,2015-04,West Mercia Police,West Mercia Police,-2.761970,52.686255,On or near Mary Webb Road,E01028962,Shropshire 023C,Violence and sexual offences,Unable to prosecute suspect,
22a5d9d95c4dfff508679105181a9adc503e2a386120e16e753f5a9d90636845,2015-04,West Mercia Police,West Mercia Police,-2.759820,52.685981,On or near Shomere Crescent,E01028962,Shropshire 023C,Violence and sexual offences,Investigation complete; no suspect identified,
814eb7eb0742612ee34991bcf1d2d1459248dd999a9ae59d113d1338c7b4770c,2015-04,West Mercia Police,West Mercia Police,-2.759030,52.687335,On or near Maesbrook Road,E01028962,Shropshire 023C,Violence and sexual offences,Unable to prosecute suspect,
18d3ffe3fb96581e5fb87fd49514f1deb089da9ceddcec34ac86a1eb66c1232d,2015-04,West Mercia Police,West Mercia Police,-2.759900,52.684641,On or near Chatford Drive,E01028962,Shropshire 023C,Violence and sexual offences,Unable to prosecute suspect,
6e53850707fa1925a78c584e9c3d8b6d1390fd959066278d34a0886a6db560a6,2015-04,West Mercia Police,West Mercia Police,-2.757374,52.687381,On or near Chilton Close,E01028962,Shropshire 023C,Violence and sexual offences,Investigation complete; no suspect identified,
2dab3a543e15440b7ecb8e3ea9ae6bd6faff3f309085134956a2b8a6f3bd0088,2015-04,West Mercia Police,West Mercia Police,-2.761970,52.686255,On or near Mary Webb Road,E01028962,Shropshire 023C,Violence and sexual offences,Investigation complete; no suspect identified,
,2015-04,West Mercia Police,West Mercia Police,-2.757673,52.691856,On or near Mill Road,E01028963,Shropshire 023D,Anti-social behaviour,,
,2015-04,West Mercia Police,West Mercia Police,-2.752426,52.687889,On or near Petrol Station,E01028963,Shropshire 023D,Anti-social behaviour,,
,2015-04,West Mercia Police,West Mercia Police,-2.763118,52.688486,On or near Church Road,E01028963,Shropshire 023D,Anti-social behaviour,,
,2015-04,West Mercia Police,West Mercia Police,-2.751470,52.690781,On or near Oteley Road,E01028963,Shropshire 023D,Anti-social behaviour,,
,2015-04,West Mercia Police,West Mercia Police,-2.751470,52.690781,On or near Oteley Road,E01028963,Shropshire 023D,Anti-social behaviour,,
3d1be471224e0c143d21a3601cbc4f1bf03ebc352a50bc828bf8fa40c9b2512c,2015-04,West Mercia Police,West Mercia Police,-2.751470,52.690781,On or near Oteley Road,E01028963,Shropshire 023D,Criminal damage and arson,Investigation complete; no suspect identified,
52982807a13faaeba4a73bc27f4ab8b6112497c2b95dd0c93f9a876a628ae40e,2015-04,West Mercia Police,West Mercia Police,-2.757673,52.691856,On or near Mill Road,E01028963,Shropshire 023D,Criminal damage and arson,Investigation complete; no suspect identified,
52e140180582e7aeb318f23cec861a01d0511a9a660f08e90e1ec3ac6f5237e8,2015-04,West Mercia Police,West Mercia Police,-2.752426,52.687889,On or near Petrol Station,E01028963,Shropshire 023D,Other theft,Investigation complete; no suspect identified,
f974b6f8c383c8e5cf3fb9b068b494790c69b2e5a876a1e2908d4e576ec2d8b7,2015-04,West Mercia Police,West Mercia Police,-2.774283,52.688216,On or near Mercian Close,E01028963,Shropshire 023D,Other theft,Unable to prosecute suspect,
2f7f8dd868ee6943fd7ad59d517e79c003614449f2e905846415364282e3f821,2015-04,West Mercia Police,West Mercia Police,-2.757673,52.691856,On or near Mill Road,E01028963,Shropshire 023D,Other theft,Unable to prosecute suspect,
54418c836828aa3382118906250cfc3a8b06c14794b45e90dbf28195312cf4e2,2015-04,West Mercia Police,West Mercia Police,-2.752426,52.687889,On or near Petrol Station,E01028963,Shropshire 023D,Shoplifting,Unable to prosecute suspect,
67e6f93ba59df78a6c9d2e246a831e0c52f64af649bb974e7eea8abbd121b807,2015-04,West Mercia Police,West Mercia Police,-2.752426,52.687889,On or near Petrol Station,E01028963,Shropshire 023D,Shoplifting,Offender given penalty notice,
236ef75b53ff1fc6494a3cfd3ecbb56f51bff565e00625695139779e3791bdfa,2015-04,West Mercia Police,West Mercia Police,-2.752426,52.687889,On or near Petrol Station,E01028963,Shropshire 023D,Shoplifting,Investigation complete; no suspect identified,
4cd9448d7f639c11075921e3dc479468c50bd64edebc5252fe298cda2ab39001,2015-04,West Mercia Police,West Mercia Police,-2.752426,52.687889,On or near Petrol Station,E01028963,Shropshire 023D,Shoplifting,Offender given penalty notice,
06dd666162a8fa25569556673227bf4b0a3fa112fd41dbb4041892f9418f8989,2015-04,West Mercia Police,West Mercia Police,-2.752426,52.687889,On or near Petrol Station,E01028963,Shropshire 023D,Shoplifting,Offender given penalty notice,
707e4d583ebecf4d4aae060872c1dc9186de80502c0a922ff3fc92b316e79aed,2015-04,West Mercia Police,West Mercia Police,-2.752426,52.687889,On or near Petrol Station,E01028963,Shropshire 023D,Shoplifting,Offender given penalty notice,
842d8b299190cf66baecae6b19095d0cd9eeb61efb948735b798523620d4e8ce,2015-04,West Mercia Police,West Mercia Police,-2.752426,52.687889,On or near Petrol Station,E01028963,Shropshire 023D,Shoplifting,Offender given penalty notice,
4006e2f4335af6de2f5c96324aa31e0d7c7823f1a640298a35124a3db8c99d55,2015-04,West Mercia Police,West Mercia Police,-2.752426,52.687889,On or near Petrol Station,E01028963,Shropshire 023D,Shoplifting,Local resolution,
1bf78ea3d06c6b52b83358734b3b8a2bc06b077e10ce82b4d1ab1c768281933c,2015-04,West Mercia Police,West Mercia Police,-2.752426,52.687889,On or near Petrol Station,E01028963,Shropshire 023D,Shoplifting,Court result unavailable,
4dec3a67489ec92c3504f2271814c0ea9dd93fe17972665cdb95a940a957de22,2015-04,West Mercia Police,West Mercia Police,-2.751470,52.690781,On or near Oteley Road,E01028963,Shropshire 023D,Theft from the person,Investigation complete; no suspect identified,
248d0d3fe08497bc1bbc1f2fdd70768b82be0aa5d1bd21c7a266a7cd32cbe1df,2015-04,West Mercia Police,West Mercia Police,-2.751470,52.690781,On or near Oteley Road,E01028963,Shropshire 023D,Vehicle crime,Investigation complete; no suspect identified,
aaf272773b6dcdd0c9dd7c2f35eb1583a549bac68a1ea966c062593ee8e47a34,2015-04,West Mercia Police,West Mercia Police,-2.757673,52.691856,On or near Mill Road,E01028963,Shropshire 023D,Violence and sexual offences,Unable to prosecute suspect,
227cb32862045d0f17dab59cb483c2948c4c4e4947240a1fd8b16277d93d43c4,2015-04,West Mercia Police,West Mercia Police,-2.752426,52.687889,On or near Petrol Station,E01028963,Shropshire 023D,Violence and sexual offences,Unable to prosecute suspect,
37978fea8c615fe6ebf0234041a62d5d9c54e961277bc34570b58dc0cac9c315,2015-04,West Mercia Police,West Mercia Police,-2.757673,52.691856,On or near Mill Road,E01028963,Shropshire 023D,Violence and sexual offences,Unable to prosecute suspect,
ac3eedfe5d3160728d6df824cf9020780654f9a8080bd0d82318670324d38a4e,2015-04,West Mercia Police,West Mercia Police,-2.759382,52.693140,On or near Meole Crescent,E01028963,Shropshire 023D,Violence and sexual offences,Unable to prosecute suspect,
a44262048d87a67139b7957c91b4e0c2d40a772562d019b0cdf456d2171685d8,2015-04,West Mercia Police,West Mercia Police,-2.770720,52.686639,On or near Elswick Close,E01028964,Shropshire 023E,Other theft,Investigation complete; no suspect identified,
90a584e0cee28c00226feedee5962ab5f074005e516af90d6d4bcc20bce21aef,2015-04,West Mercia Police,West Mercia Police,-2.770464,52.698156,On or near Grangefields Road,E01028964,Shropshire 023E,Other theft,Investigation complete; no suspect identified,
ed9a3260c27d31094b9a0392892314bef5ad025d5a4b4e55b2b83933d3b943b2,2015-04,West Mercia Police,West Mercia Police,-2.767097,52.695194,On or near Priory Drive,E01028964,Shropshire 023E,Violence and sexual offences,Unable to prosecute suspect,
5990cf1d12306ac18f1c430ab62e783891161c2923d3a1993b4ae7de9bcebc76,2015-04,West Mercia Police,West Mercia Police,-2.773868,52.694035,On or near Talcott Drive,E01028964,Shropshire 023E,Violence and sexual offences,Unable to prosecute suspect,
acfa586d1b0ba1c74542ecb773d2b5cd41345ade71871fb93c7e9c1a7e6483d4,2015-04,West Mercia Police,West Mercia Police,-2.768651,52.706978,On or near Porthill Road,E01028974,Shropshire 023F,Burglary,Offender sent to prison,
5ac065eb5479d295f08c8fee337a2b009dd8e3e27b634dba75509d76848825d2,2015-04,West Mercia Police,West Mercia Police,-2.761844,52.709602,On or near Water Lane,E01028974,Shropshire 023F,Other theft,Investigation complete; no suspect identified,
b1abd40d442dcddea1bba4b07b29bb212d3d5049f4ad5084b6dbfdd510f33282,2015-04,West Mercia Police,West Mercia Police,-2.762722,52.701398,On or near Greville Road,E01028974,Shropshire 023F,Violence and sexual offences,Unable to prosecute suspect,
,2015-04,West Mercia Police,West Mercia Police,-2.777445,52.677147,On or near Westbourne Rise,E01028935,Shropshire 024A,Anti-social behaviour,,
95a19c1babe662140ba691285378264d308149fdae63e9cbc67cf68431e8e155,2015-04,West Mercia Police,West Mercia Police,-2.780118,52.677767,On or near Hanley Lane,E01028935,Shropshire 024A,Criminal damage and arson,Investigation complete; no suspect identified,
77a40e73cb56d18ef978d8bc543e5a8446dac087befd5d0d3d74fe0645d1e43b,2015-04,West Mercia Police,West Mercia Police,-2.771847,52.676761,On or near Hollies Drive,E01028935,Shropshire 024A,Violence and sexual offences,Unable to prosecute suspect,
,2015-04,West Mercia Police,West Mercia Police,-2.760106,52.682024,On or near Petrol Station,E01028936,Shropshire 024B,Anti-social behaviour,,
,2015-04,West Mercia Police,West Mercia Police,-2.758792,52.675335,On or near Cross Lane,E01028936,Shropshire 024B,Anti-social behaviour,,
,2015-04,West Mercia Police,West Mercia Police,-2.758792,52.675335,On or near Cross Lane,E01028936,Shropshire 024B,Anti-social behaviour,,
,2015-04,West Mercia Police,West Mercia Police,-2.758792,52.675335,On or near Cross Lane,E01028936,Shropshire 024B,Anti-social behaviour,,
6c837ef39686d436c574a8a247e802af9b3675ed043c042c208ceefc5e0f4c23,2015-04,West Mercia Police,West Mercia Police,-2.768318,52.669484,On or near Eric Lock Road,E01028936,Shropshire 024B,Burglary,Investigation complete; no suspect identified,
387ed0ff5cf1294fededa64ae9c2ae6d461b1dd3db8360e3c4eae58b8b50ce11,2015-04,West Mercia Police,West Mercia Police,-2.769703,52.673385,On or near The Maltings,E01028936,Shropshire 024B,Criminal damage and arson,Investigation complete; no suspect identified,
f3be24c9e655012235e31599308c02b95e55a63a5938de491b8df8818eca6437,2015-04,West Mercia Police,West Mercia Police,-2.760106,52.682024,On or near Petrol Station,E01028936,Shropshire 024B,Other theft,Investigation complete; no suspect identified,
3daf41fdcf384b425e19eefaf4c3fd3d1c9b75b70c272ded1d01655910f8cbd2,2015-04,West Mercia Police,West Mercia Police,-2.760106,52.682024,On or near Petrol Station,E01028936,Shropshire 024B,Other theft,Investigation complete; no suspect identified,
a6fdc454ba9b1b18f86e4fc66a61fbb33c9bc2b1fedd8d1917f1e8e0fd6cb58f,2015-04,West Mercia Police,West Mercia Police,-2.760106,52.682024,On or near Petrol Station,E01028936,Shropshire 024B,Other theft,Unable to prosecute suspect,
072f75a140791a2f48a9d77b70be28257f99341b1766868b019c74504e4fee3b,2015-04,West Mercia Police,West Mercia Police,-2.760106,52.682024,On or near Petrol Station,E01028936,Shropshire 024B,Possession of weapons,Offender given community sentence,
956e5f8b933d60e59ef1f5c16eefa8c5a5e98f26754004bd5840722e4ce2d956,2015-04,West Mercia Police,West Mercia Police,-2.761754,52.673841,On or near Cross Roads,E01028936,Shropshire 024B,Vehicle crime,Unable to prosecute suspect,
8153cdb8f3bd2963d65b00e0c7decccbc1948f41d5f2cd1401168105e20d335f,2015-04,West Mercia Police,West Mercia Police,-2.759775,52.674034,On or near Park/Open Space,E01028936,Shropshire 024B,Violence and sexual offences,Unable to prosecute suspect,
397a8edeb4277da4143fa6622ba8b4b0696699458c3924000d269d31013d0386,2015-04,West Mercia Police,West Mercia Police,-2.758792,52.675335,On or near Cross Lane,E01028936,Shropshire 024B,Violence and sexual offences,Offender given community sentence,
84d74ddf0b818c5fecb23d35a7e0e84b0a52ba13fd2c7c815a23d504bb64f590,2015-04,West Mercia Police,West Mercia Police,-2.759775,52.674034,On or near Park/Open Space,E01028936,Shropshire 024B,Violence and sexual offences,Unable to prosecute suspect,
7f5dbf2d76bf07a90c60098e59b12006534b33555a3bf4d40a6855d33d6d05c8,2015-04,West Mercia Police,West Mercia Police,-2.759775,52.674034,On or near Park/Open Space,E01028936,Shropshire 024B,Violence and sexual offences,Unable to prosecute suspect,
,2015-04,West Mercia Police,West Mercia Police,-2.775383,52.675155,On or near Long Meadow,E01028937,Shropshire 024C,Anti-social behaviour,,
,2015-04,West Mercia Police,West Mercia Police,-2.773739,52.673314,On or near Beeches Drive,E01028937,Shropshire 024C,Anti-social behaviour,,
,2015-04,West Mercia Police,West Mercia Police,-2.777002,52.676358,On or near Berwyn Drive,E01028937,Shropshire 024C,Anti-social behaviour,,
,2015-04,West Mercia Police,West Mercia Police,-2.774578,52.676419,On or near Lansdowne Road,E01028937,Shropshire 024C,Anti-social behaviour,,
,2015-04,West Mercia Police,West Mercia Police,-2.709263,52.656331,On or near Cliff Hollow,E01028959,Shropshire 024D,Anti-social behaviour,,
,2015-04,West Mercia Police,West Mercia Police,-2.659080,52.706865,On or near Pelham Road,E01028959,Shropshire 024D,Anti-social behaviour,,
,2015-04,West Mercia Police,West Mercia Police,-2.659080,52.706865,On or near Pelham Road,E01028959,Shropshire 024D,Anti-social behaviour,,
,2015-04,West Mercia Police,West Mercia Police,-2.707778,52.725436,On or near Pedestrian Subway,E01028959,Shropshire 024D,Anti-social behaviour,,
5033a7975eb4bb8de3d0eb84b0eaf7c4b3b0eeed0fb41461dace79a2f441ccae,2015-04,West Mercia Police,West Mercia Police,-2.683364,52.663999,On or near The Chestnuts,E01028959,Shropshire 024D,Burglary,Investigation complete; no suspect identified,
fc3826c47bf013f66453bbfdcb149f148dc416fa4ba6bd94703ffb02bf8b7522,2015-04,West Mercia Police,West Mercia Police,-2.700285,52.720770,On or near Mill Lane,E01028959,Shropshire 024D,Burglary,Investigation complete; no suspect identified,
5732c273cda9b90554e1a216ba282269533adc01af6e67860725aedcb82a2b5b,2015-04,West Mercia Police,West Mercia Police,-2.695936,52.756341,On or near A53,E01028959,Shropshire 024D,Criminal damage and arson,Investigation complete; no suspect identified,
e150d4523723796c86d31d23846e373d597c7d7fb54285c095a74f1f0f03b64d,2015-04,West Mercia Police,West Mercia Police,-2.707778,52.725436,On or near Pedestrian Subway,E01028959,Shropshire 024D,Shoplifting,Investigation complete; no suspect identified,
d26e948dc83086fa08cc410bb234d38b7cd6ebc25188986c2d853261e4315fe7,2015-04,West Mercia Police,West Mercia Police,-2.709263,52.656331,On or near Cliff Hollow,E01028959,Shropshire 024D,Vehicle crime,Investigation complete; no suspect identified,
6ad2fd85e49b4123db2a818670db08b3625f576c94438f3c25d14c8b5cd1e721,2015-04,West Mercia Police,West Mercia Police,-2.686450,52.729715,On or near B5062,E01028959,Shropshire 024D,Vehicle crime,Investigation complete; no suspect identified,
798075789549015971a86e4d307b63f73e34ef5f1a1cae1fdfeb1370c9598e6c,2015-04,West Mercia Police,West Mercia Police,-2.683364,52.663999,On or near The Chestnuts,E01028959,Shropshire 024D,Violence and sexual offences,Unable to prosecute suspect,
e17f7d839aa726de8835dfcd1b8b98bca937f3a2953582267e27410a790f940c,2015-04,West Mercia Police,West Mercia Police,-2.695936,52.756341,On or near A53,E01028959,Shropshire 024D,Violence and sexual offences,Unable to prosecute suspect,
8828ea6807905da9ff92b8f340356f54c83977376f6233d1b4e115bad47a1796,2015-04,West Mercia Police,West Mercia Police,-2.681991,52.662272,On or near Tudor Close,E01028959,Shropshire 024D,Violence and sexual offences,Unable to prosecute suspect,
109cb73cde96a05f9d5f203baf05f857fcaf1cbefd0f295a1f7b8d77d00108f7,2015-04,West Mercia Police,West Mercia Police,-2.683364,52.663999,On or near The Chestnuts,E01028959,Shropshire 024D,Violence and sexual offences,Unable to prosecute suspect,
d4f6c61342707828e7351a0ee66e93f337692ecf6531c53d93b0bdc50c320480,2015-04,West Mercia Police,West Mercia Police,-2.681991,52.662272,On or near Tudor Close,E01028959,Shropshire 024D,Violence and sexual offences,Under investigation,
254dccc463d3a4f856bd619342f88724df3546eff26e58ac48d0b612027411b4,2015-04,West Mercia Police,West Mercia Police,-2.695936,52.756341,On or near A53,E01028959,Shropshire 024D,Violence and sexual offences,Investigation complete; no suspect identified,
4304cb2c5b546ef1035830225836a7cb32b9569e4e6a68a2e78210caa8b5c597,2015-04,West Mercia Police,West Mercia Police,-2.695936,52.756341,On or near A53,E01028959,Shropshire 024D,Violence and sexual offences,Unable to prosecute suspect,
94ac07c0074662f92b47d0f56ff03673f1013f2b2d4947c5774f3a8f25a6f573,2015-04,West Mercia Police,West Mercia Police,-2.695936,52.756341,On or near A53,E01028959,Shropshire 024D,Violence and sexual offences,Unable to prosecute suspect,
3fdba1875b22c45648486a74360f641f0df0d8f472327da0cb444259e05c33c2,2015-04,West Mercia Police,West Mercia Police,-2.713526,52.690197,On or near A5,E01028959,Shropshire 024D,Other crime,Investigation complete; no suspect identified,
,2015-04,West Mercia Police,West Mercia Police,-2.371606,52.671635,On or near High Street,E01028853,Shropshire 025A,Anti-social behaviour,,
,2015-04,West Mercia Police,West Mercia Police,-2.372651,52.671011,On or near The Willows,E01028853,Shropshire 025A,Anti-social behaviour,,
,2015-04,West Mercia Police,West Mercia Police,-2.371606,52.671635,On or near High Street,E01028853,Shropshire 025A,Anti-social behaviour,,
,2015-04,West Mercia Police,West Mercia Police,-2.371606,52.671635,On or near High Street,E01028853,Shropshire 025A,Anti-social behaviour,,
1b1f2a1b30c7c8a89428516ae96940cb1911ef067dd442ecb3daa89127fb878d,2015-04,West Mercia Police,West Mercia Police,-2.373386,52.673976,On or near Worfe Road,E01028853,Shropshire 025A,Other theft,Investigation complete; no suspect identified,
,2015-04,West Mercia Police,West Mercia Police,-2.372329,52.667965,On or near Dunstanville Court,E01028854,Shropshire 025B,Anti-social behaviour,,
,2015-04,West Mercia Police,West Mercia Police,-2.375284,52.667659,On or near Cornmill Gardens,E01028854,Shropshire 025B,Anti-social behaviour,,
,2015-04,West Mercia Police,West Mercia Police,-2.379158,52.671009,On or near Haughton Lane,E01028854,Shropshire 025B,Anti-social behaviour,,
,2015-04,West Mercia Police,West Mercia Police,-2.375284,52.667659,On or near Cornmill Gardens,E01028854,Shropshire 025B,Anti-social behaviour,,
41e91fee6c4b6a04a799628371ad86d683c8b9a027622a19ae6b2029b3775b31,2015-04,West Mercia Police,West Mercia Police,-2.377587,52.672380,On or near Newfield Close,E01028854,Shropshire 025B,Criminal damage and arson,Investigation complete; no suspect identified,
4bd44c35ab5953b6bd604dd70c67851851b0f3382a7ce30559c989a52e14cf45,2015-04,West Mercia Police,West Mercia Police,-2.400806,52.677275,On or near Motorway Service Area,E01028854,Shropshire 025B,Other theft,Investigation complete; no suspect identified,
1f14a728a14752b7cac18b09493369e49dd651262625bdb909ff9f74658db75c,2015-04,West Mercia Police,West Mercia Police,-2.400806,52.677275,On or near Motorway Service Area,E01028854,Shropshire 025B,Other theft,Investigation complete; no suspect identified,
4ebbaacfda3b076e051675b1c540e6ab883ae00f0f594f6b2ea64dd372e550f7,2015-04,West Mercia Police,West Mercia Police,-2.400806,52.677275,On or near Motorway Service Area,E01028854,Shropshire 025B,Other theft,Investigation complete; no suspect identified,
1014f36ba7d70162695974a23bb34778e8680908e4cf8147ed758dba6a1f6f44,2015-04,West Mercia Police,West Mercia Police,-2.400806,52.677275,On or near Motorway Service Area,E01028854,Shropshire 025B,Other theft,Investigation complete; no suspect identified,
9d9c72858ec6498c0d743374207856942e7e9679c2324a73b62ef755b21510fd,2015-04,West Mercia Police,West Mercia Police,-2.400806,52.677275,On or near Motorway Service Area,E01028854,Shropshire 025B,Vehicle crime,Offender given conditional discharge,
,2015-04,West Mercia Police,West Mercia Police,-2.335298,52.644361,On or near Parking Area,E01028855,Shropshire 025C,Anti-social behaviour,,
,2015-04,West Mercia Police,West Mercia Police,-2.367788,52.658998,On or near A464,E01028855,Shropshire 025C,Anti-social behaviour,,
,2015-04,West Mercia Police,West Mercia Police,-2.376224,52.663503,On or near Vicarage Drive,E01028855,Shropshire 025C,Anti-social behaviour,,
,2015-04,West Mercia Police,West Mercia Police,-2.367788,52.658998,On or near A464,E01028855,Shropshire 025C,Anti-social behaviour,,
,2015-04,West Mercia Police,West Mercia Police,-2.373591,52.663376,On or near Dyas Close,E01028855,Shropshire 025C,Anti-social behaviour,,
,2015-04,West Mercia Police,West Mercia Police,-2.377847,52.663039,On or near Manor Close,E01028855,Shropshire 025C,Anti-social behaviour,,
34932f564b3eafb94fda70d82060403f56c8f7ce5d4fa37ae6a64992be1f5095,2015-04,West Mercia Police,West Mercia Police,-2.395769,52.655079,On or near A4169,E01028855,Shropshire 025C,Bicycle theft,Investigation complete; no suspect identified,
1e3f3185c6b64b11a831475cf001f9f11ce4c01166e091a112edbbbb82ce5250,2015-04,West Mercia Police,West Mercia Police,-2.373259,52.662613,On or near Brooklands Avenue,E01028855,Shropshire 025C,Criminal damage and arson,Investigation complete; no suspect identified,
402352a52e9f58720b4bb641e10ad9efc5a0ab5be640c7bad8b0ac59e0841c09,2015-04,West Mercia Police,West Mercia Police,-2.359692,52.663293,On or near Lamledge Lane,E01028855,Shropshire 025C,Violence and sexual offences,Unable to prosecute suspect,
0a2036a9b4e720fb87585982e01a23ba53d0aef3747d59ea414eed650f9ed1b7,2015-04,West Mercia Police,West Mercia Police,-2.359692,52.663293,On or near Lamledge Lane,E01028855,Shropshire 025C,Violence and sexual offences,Investigation complete; no suspect identified,
,2015-04,West Mercia Police,West Mercia Police,-2.372736,52.665393,On or near Market Place,E01028856,Shropshire 025D,Anti-social behaviour,,
,2015-04,West Mercia Police,West Mercia Police,-2.373036,52.664115,On or near Dyas Mews,E01028856,Shropshire 025D,Anti-social behaviour,,
,2015-04,West Mercia Police,West Mercia Police,-2.373036,52.664115,On or near Dyas Mews,E01028856,Shropshire 025D,Anti-social behaviour,,
,2015-04,West Mercia Police,West Mercia Police,-2.373036,52.664115,On or near Dyas Mews,E01028856,Shropshire 025D,Anti-social behaviour,,
,2015-04,West Mercia Police,West Mercia Police,-2.373013,52.666704,On or near Parking Area,E01028856,Shropshire 025D,Anti-social behaviour,,
d89447f93e6441e0501d2accec2dc47fe88971f1960f51e7be663584eafb2c2e,2015-04,West Mercia Police,West Mercia Police,-2.373036,52.664115,On or near Dyas Mews,E01028856,Shropshire 025D,Criminal damage and arson,Investigation complete; no suspect identified,
a7c4d0036533806b5b1b508b3d071516da38a5d0f8d012beb0d201e28151154d,2015-04,West Mercia Police,West Mercia Police,-2.367283,52.667549,On or near Aston Road,E01028856,Shropshire 025D,Other theft,Offender given conditional discharge,
7731c68140ec8a37f528097aa9255be372d4c63efd498655d53bfc158eaf2f2a,2015-04,West Mercia Police,West Mercia Police,-2.372971,52.665194,On or near John'S Street,E01028856,Shropshire 025D,Public order,Unable to prosecute suspect,
9a344277eaee2bffcab20228c19ed910a1b01148df2acf0a0fca369904932a84,2015-04,West Mercia Police,West Mercia Police,-2.372927,52.666965,On or near Cheapside,E01028856,Shropshire 025D,Shoplifting,Unable to prosecute suspect,
20b45ccbdac8f483650e93be64016778f8b374fb7895704edea3c310d73ceba6,2015-04,West Mercia Police,West Mercia Police,-2.372927,52.666965,On or near Cheapside,E01028856,Shropshire 025D,Shoplifting,Local resolution,
52d749e2d4d8e25e807e8f614adda5a69b384a3d924c6f9ce436a39aa560bd80,2015-04,West Mercia Police,West Mercia Police,-2.378901,52.666982,On or near The Lindens,E01028856,Shropshire 025D,Vehicle crime,Investigation complete; no suspect identified,
df73ab004746ffa478a4353c965971ae5d06d45dd2670ec8bf5874c586c70e8e,2015-04,West Mercia Police,West Mercia Police,-2.372193,52.665898,On or near Pedestrian Subway,E01028856,Shropshire 025D,Violence and sexual offences,Investigation complete; no suspect identified,
fff66fb4b3ca429cf3eb07f8cc336a441489ee3bf7040aff1503551c3968079d,2015-04,West Mercia Police,West Mercia Police,-2.373036,52.664115,On or near Dyas Mews,E01028856,Shropshire 025D,Violence and sexual offences,Investigation complete; no suspect identified,
,2015-04,West Mercia Police,West Mercia Police,-2.344143,52.701564,On or near Marsh Road,E01028857,Shropshire 025E,Anti-social behaviour,,
,2015-04,West Mercia Police,West Mercia Police,-2.368146,52.673453,On or near Barrington Court,E01028857,Shropshire 025E,Anti-social behaviour,,
,2015-04,West Mercia Police,West Mercia Police,-2.368146,52.673453,On or near Barrington Court,E01028857,Shropshire 025E,Anti-social behaviour,,
,2015-04,West Mercia Police,West Mercia Police,-2.320369,52.696596,On or near Parking Area,E01028857,Shropshire 025E,Anti-social behaviour,,
,2015-04,West Mercia Police,West Mercia Police,-2.368667,52.673847,On or near Rodney Close,E01028857,Shropshire 025E,Anti-social behaviour,,
e7f4813dec5ecf18484b17eab27f576d425a87d2b44855ea24d711c3a9c8fe43,2015-04,West Mercia Police,West Mercia Police,-2.368966,52.718129,On or near Lilyhurst Road,E01028857,Shropshire 025E,Criminal damage and arson,Unable to prosecute suspect,
372b79411bb536b65a547928f5d8d08ee23badda44207b093dc140e85277f68c,2015-04,West Mercia Police,West Mercia Police,-2.333309,52.716958,On or near King'S Street,E01028857,Shropshire 025E,Other theft,Investigation complete; no suspect identified,
771ef006d411467f0584500421ce3b56eb7f8afc2b8dcf2719caa587fb44e463,2015-04,West Mercia Police,West Mercia Police,-2.402927,52.697207,On or near Woodhouse Lane,E01028857,Shropshire 025E,Other theft,Investigation complete; no suspect identified,
0ba325c3ce2c32b5b5658a59f2aa7f9ae9488d56ebfdbe227248cbeb225af4c1,2015-04,West Mercia Police,West Mercia Police,-2.367834,52.675018,On or near Balfour Road,E01028857,Shropshire 025E,Other theft,Investigation complete; no suspect identified,
4f1bedef492dd861bc03c03016cbd5672b122a6ce5c9ff0009ebcd2a57d6a651,2015-04,West Mercia Police,West Mercia Police,-2.348509,52.709138,On or near Kettlemore Lane,E01028857,Shropshire 025E,Possession of weapons,Unable to prosecute suspect,
a74908e7757adac419127b6a29280cd64099723ccfffbd71d8a48aec7209fa1d,2015-04,West Mercia Police,West Mercia Police,-2.369277,52.676038,On or near Meadow Drive,E01028857,Shropshire 025E,Vehicle crime,Investigation complete; no suspect identified,
397956039c5215c9f35372be3cd9a975d533c03f4dde7b3998e595bfd08190fb,2015-04,West Mercia Police,West Mercia Police,-2.365876,52.674377,On or near Jellicoe Crescent,E01028857,Shropshire 025E,Violence and sexual offences,Unable to prosecute suspect,
d13170f4539ec64346ecc1d0386f9796fe13ef0a123775bf361e6bb5e0b70400,2015-04,West Mercia Police,West Mercia Police,-2.368667,52.673847,On or near Rodney Close,E01028857,Shropshire 025E,Violence and sexual offences,Investigation complete; no suspect identified,
55a351e50f00dace374fc36463f1a65aa5046c320cc4baf0efc82fd44c520596,2015-04,West Mercia Police,West Mercia Police,-2.368966,52.718129,On or near Lilyhurst Road,E01028857,Shropshire 025E,Violence and sexual offences,Offender given a caution,
,2015-04,West Mercia Police,West Mercia Police,-2.821511,52.656892,On or near Shrewsbury Road,E01028954,Shropshire 026A,Anti-social behaviour,,
730976ba8aa37b5e2fe9f5adc9572b72743254b35a5440e04ca16a6dd3137b6e,2015-04,West Mercia Police,West Mercia Police,-2.827258,52.654352,On or near Little Barnyard,E01028954,Shropshire 026A,Criminal damage and arson,Unable to prosecute suspect,
ba87a163df85b06f4a021f8d0348e28713322f1fa98df71f8b60de72fbf6b13f,2015-04,West Mercia Police,West Mercia Police,-2.795535,52.675588,On or near Parking Area,E01028954,Shropshire 026A,Criminal damage and arson,Investigation complete; no suspect identified,
8f46cc29d6ac2585166c6b138937bc08a8d371849b2d3d2e37b924f49f37a5ce,2015-04,West Mercia Police,West Mercia Police,-2.827258,52.654352,On or near Little Barnyard,E01028954,Shropshire 026A,Criminal damage and arson,Unable to prosecute suspect,
6f141f2410aba6aa4e46174a470d57d69d54c2d62013c6ce1e0e11080df3d719,2015-04,West Mercia Police,West Mercia Police,-2.827258,52.654352,On or near Little Barnyard,E01028954,Shropshire 026A,Violence and sexual offences,Unable to prosecute suspect,
ac78c962627c042d98457ca7a686a896c9ab206f15d760ef077ac3cf6a66b5e1,2015-04,West Mercia Police,West Mercia Police,-2.821511,52.656892,On or near Shrewsbury Road,E01028954,Shropshire 026A,Violence and sexual offences,Unable to prosecute suspect,
,2015-04,West Mercia Police,West Mercia Police,-2.815580,52.686896,On or near Caradoc View,E01028955,Shropshire 026B,Anti-social behaviour,,
,2015-04,West Mercia Police,West Mercia Police,-2.815580,52.686896,On or near Caradoc View,E01028955,Shropshire 026B,Anti-social behaviour,,
,2015-04,West Mercia Police,West Mercia Police,-2.815580,52.686896,On or near Caradoc View,E01028955,Shropshire 026B,Anti-social behaviour,,
a27a2b21e374da5c96e550ba227c7346ecf3e46a3c1fb4ff7cef51f959b74e15,2015-04,West Mercia Police,West Mercia Police,-2.822775,52.681695,On or near Birch Drive,E01028955,Shropshire 026B,Violence and sexual offences,Investigation complete; no suspect identified,
ff7efcd62343c7fdccf7b69c9e64236d86458143bc2dacf0810368afe2009464,2015-04,West Mercia Police,West Mercia Police,-2.824992,52.681581,On or near Rectory Gardens,E01028955,Shropshire 026B,Violence and sexual offences,Investigation complete; no suspect identified,
1dba118d461540fe5d9553308bf5c07a4834f73c88571a365de69769c0a01b6d,2015-04,West Mercia Police,West Mercia Police,-2.824992,52.681581,On or near Rectory Gardens,E01028955,Shropshire 026B,Violence and sexual offences,Unable to prosecute suspect,
929b4ec4af28065c7ece61526931f5d32daa96b01d069e253770d8c6acbc9880,2015-04,West Mercia Police,West Mercia Police,-2.827833,52.680851,On or near Chestnut Close,E01028955,Shropshire 026B,Violence and sexual offences,Unable to prosecute suspect,
,2015-04,West Mercia Police,West Mercia Police,-2.929738,52.639181,On or near Park Meadow,E01028975,Shropshire 026C,Anti-social behaviour,,
,2015-04,West Mercia Police,West Mercia Police,-2.920730,52.640196,On or near Hawthorn Road,E01028975,Shropshire 026C,Anti-social behaviour,,
,2015-04,West Mercia Police,West Mercia Police,-2.948163,52.621298,On or near Drury Lane,E01028975,Shropshire 026C,Anti-social behaviour,,
3e25cb774a917cf593ebc53a6c7f82551924ad5759d286568d4912991d46c29e,2015-04,West Mercia Police,West Mercia Police,-2.918515,52.638864,On or near Hogarth Close,E01028975,Shropshire 026C,Other theft,Offender given a caution,
342786a9fc38222c41835030036249f07303091ed3e7aba1735e26d1d3c7f156,2015-04,West Mercia Police,West Mercia Police,-2.923402,52.640067,On or near Saddlers,E01028975,Shropshire 026C,Violence and sexual offences,Investigation complete; no suspect identified,
95750b6b5165cf32803a1cea81520ae50014fdcbbb419ce2601a8e9aa5e420ac,2015-04,West Mercia Police,West Mercia Police,-2.846226,52.687292,On or near Cruckton (Unnamed Unnumbered Road Through),E01028976,Shropshire 026D,Criminal damage and arson,Investigation complete; no suspect identified,
43499160b95908bdd520074b686426a21e181a0cbbab7fd20a44e77051c0f3c5,2015-04,West Mercia Police,West Mercia Police,-2.846226,52.687292,On or near Cruckton (Unnamed Unnumbered Road Through),E01028976,Shropshire 026D,Violence and sexual offences,Unable to prosecute suspect,
28a79b30fa6a75db347ee4894363cadbfe440e72d931905dd9f817e10758da98,2015-04,West Mercia Police,West Mercia Police,-2.846226,52.687292,On or near Cruckton (Unnamed Unnumbered Road Through),E01028976,Shropshire 026D,Violence and sexual offences,Unable to prosecute suspect,
b29c4d1a4883c8b48442aca7299ffbf7e0dc1227ae06aa2575b8af4ca362f1b8,2015-04,West Mercia Police,West Mercia Police,-2.846226,52.687292,On or near Cruckton (Unnamed Unnumbered Road Through),E01028976,Shropshire 026D,Violence and sexual offences,Offender given a caution,
46bd5f5647f8c67991348c70f495189414fad46939c82263c68629e06992dfb2,2015-04,West Mercia Police,West Mercia Police,-2.846226,52.687292,On or near Cruckton (Unnamed Unnumbered Road Through),E01028976,Shropshire 026D,Violence and sexual offences,Unable to prosecute suspect,
ddc6539c0eeef30467221164ecca37444f1d5a75284b36f2612ebd8bf985eefc,2015-04,West Mercia Police,West Mercia Police,-2.846226,52.687292,On or near Cruckton (Unnamed Unnumbered Road Through),E01028976,Shropshire 026D,Violence and sexual offences,Unable to prosecute suspect,
,2015-04,West Mercia Police,West Mercia Police,-2.883983,52.647137,On or near St Georges Gardens,E01028977,Shropshire 026E,Anti-social behaviour,,
,2015-04,West Mercia Police,West Mercia Police,-2.888036,52.648024,On or near Stallion Lane,E01028977,Shropshire 026E,Anti-social behaviour,,
,2015-04,West Mercia Police,West Mercia Police,-2.883983,52.647137,On or near St Georges Gardens,E01028977,Shropshire 026E,Anti-social behaviour,,
,2015-04,West Mercia Police,West Mercia Police,-2.889399,52.648904,On or near Supermarket,E01028977,Shropshire 026E,Anti-social behaviour,,
,2015-04,West Mercia Police,West Mercia Police,-2.887094,52.649667,On or near Manor Gardens,E01028977,Shropshire 026E,Anti-social behaviour,,
,2015-04,West Mercia Police,West Mercia Police,-2.883983,52.647137,On or near St Georges Gardens,E01028977,Shropshire 026E,Anti-social behaviour,,
,2015-04,West Mercia Police,West Mercia Police,-2.895694,52.643750,On or near Lower Road,E01028977,Shropshire 026E,Anti-social behaviour,,
bf27f968acd9b3183cd9f1c10cb57075cafab57efe147d032645187b89947967,2015-04,West Mercia Police,West Mercia Police,-2.871603,52.651922,On or near Slag Lane,E01028977,Shropshire 026E,Criminal damage and arson,Investigation complete; no suspect identified,
69c7eb4ecf8502f840641516b309dfbcdd5d31b84cab9297f7ff58e32ca13747,2015-04,West Mercia Police,West Mercia Police,-2.887094,52.649667,On or near Manor Gardens,E01028977,Shropshire 026E,Other theft,Investigation complete; no suspect identified,
21c7621823b31479f92e3b994f9d542b266020ac2ade9db5d5d885cbb4f6b404,2015-04,West Mercia Police,West Mercia Police,-2.883983,52.647137,On or near St Georges Gardens,E01028977,Shropshire 026E,Other theft,Investigation complete; no suspect identified,
f774860d1d9f7a53afb889676e979cf7677012d271443e3a668c47cdefe804bf,2015-04,West Mercia Police,West Mercia Police,-2.886598,52.645625,On or near Rosemary Way,E01028977,Shropshire 026E,Other theft,Investigation complete; no suspect identified,
b036db855775d99129e6bd7bf76cae01e1acf7bb2c21ea9620e8e0fa823e9c8a,2015-04,West Mercia Police,West Mercia Police,-2.889399,52.648904,On or near Supermarket,E01028977,Shropshire 026E,Violence and sexual offences,Court result unavailable,
,2015-04,West Mercia Police,West Mercia Police,-2.277564,52.634055,On or near Wolverley Court,E01028826,Shropshire 027A,Anti-social behaviour,,
,2015-04,West Mercia Police,West Mercia Police,-2.283542,52.635344,On or near Abney Avenue,E01028826,Shropshire 027A,Anti-social behaviour,,
,2015-04,West Mercia Police,West Mercia Police,-2.277374,52.634388,On or near High Street,E01028826,Shropshire 027A,Anti-social behaviour,,
,2015-04,West Mercia Police,West Mercia Police,-2.283542,52.635344,On or near Abney Avenue,E01028826,Shropshire 027A,Anti-social behaviour,,
,2015-04,West Mercia Police,West Mercia Police,-2.277374,52.634388,On or near High Street,E01028826,Shropshire 027A,Anti-social behaviour,,
dfc8eac095d45501750f320bcb6bb42d4fe1b0550d929240af84230fba0b5321,2015-04,West Mercia Police,West Mercia Police,-2.283542,52.635344,On or near Abney Avenue,E01028826,Shropshire 027A,Public order,Local resolution,
cae58fae5ee72ec702483966e804341b0366becb5b8e2715a0f0f0e04b976075,2015-04,West Mercia Police,West Mercia Police,-2.277374,52.634388,On or near High Street,E01028826,Shropshire 027A,Shoplifting,Investigation complete; no suspect identified,
8300b0c47761c109835978e2d92aaef62b6e5cf9c4355eb23e57b2bd1b4f02ee,2015-04,West Mercia Police,West Mercia Police,-2.279858,52.634634,On or near The Orchard,E01028826,Shropshire 027A,Shoplifting,Investigation complete; no suspect identified,
99ad147bfcc8ce48d5bde4aefa2dc17f99c66d15bea4b12960ae7b4b6154582f,2015-04,West Mercia Police,West Mercia Police,-2.277374,52.634388,On or near High Street,E01028826,Shropshire 027A,Shoplifting,Investigation complete; no suspect identified,
ce4bff8b001606f33b1d695dc88d01a71b779271b4954bba7c6f6d4a17af6b6f,2015-04,West Mercia Police,West Mercia Police,-2.283542,52.635344,On or near Abney Avenue,E01028826,Shropshire 027A,Violence and sexual offences,Unable to prosecute suspect,
,2015-04,West Mercia Police,West Mercia Police,-2.288016,52.634893,On or near Delaware Avenue,E01028827,Shropshire 027B,Anti-social behaviour,,
,2015-04,West Mercia Police,West Mercia Police,-2.288016,52.634893,On or near Delaware Avenue,E01028827,Shropshire 027B,Anti-social behaviour,,
3f8a5b941e460331c792d4b58e8a0f2d25fbaf7d5bbbaaba5801df1cfafe31ac,2015-04,West Mercia Police,West Mercia Police,-2.284896,52.632222,On or near Bishton Road,E01028827,Shropshire 027B,Criminal damage and arson,Unable to prosecute suspect,
0c5e246250c1366ec50fd7ccaa6659cf126e7746fb3abe8fb0b1f2d8d0fff04f,2015-04,West Mercia Police,West Mercia Police,-2.288016,52.634893,On or near Delaware Avenue,E01028827,Shropshire 027B,Other theft,Under investigation,
cfa8f888d27c6687eb93714151cb7e12aa953acf94e954aff502c70a0af5207a,2015-04,West Mercia Police,West Mercia Police,-2.288016,52.634893,On or near Delaware Avenue,E01028827,Shropshire 027B,Public order,Unable to prosecute suspect,
f9b7950595196e1def7598c5e130ccaa25fe036c87f5fe930d7279852bee32d0,2015-04,West Mercia Police,West Mercia Police,-2.288668,52.635197,On or near Talbot Road,E01028827,Shropshire 027B,Violence and sexual offences,Unable to prosecute suspect,
,2015-04,West Mercia Police,West Mercia Police,-2.294520,52.650654,On or near Newport Road,E01028844,Shropshire 027C,Anti-social behaviour,,
,2015-04,West Mercia Police,West Mercia Police,-2.292881,52.646505,On or near Victoria Road,E01028844,Shropshire 027C,Anti-social behaviour,,
d85e997867ada0ed675072c394643e3bef1347716d210e34b06b0f7163d45c39,2015-04,West Mercia Police,West Mercia Police,-2.292407,52.648466,On or near Petrol Station,E01028844,Shropshire 027C,Other theft,Investigation complete; no suspect identified,
eb37a9519ed52fe72359bcd63dbe300f0acdd602ffc0655fbdd3e88523a0d18a,2015-04,West Mercia Police,West Mercia Police,-2.301447,52.662674,On or near Newport Road,E01028844,Shropshire 027C,Vehicle crime,Investigation complete; no suspect identified,
e1429118609dbb4e7b990744b3478a86df5b7c1bf2610340c3433df529afe286,2015-04,West Mercia Police,West Mercia Police,-2.301447,52.662674,On or near Newport Road,E01028844,Shropshire 027C,Vehicle crime,Investigation complete; no suspect identified,
c716313d84cde4e3831827510ec9450281585031df6a86c07df627b06fde5a39,2015-04,West Mercia Police,West Mercia Police,-2.315664,52.643318,On or near Battle Road,E01028844,Shropshire 027C,Violence and sexual offences,Unable to prosecute suspect,
a2498f3441542266e691cdef4f438e9567dd316657142646e016835c1f1da2ce,2015-04,West Mercia Police,West Mercia Police,-2.306183,52.659120,On or near M54,E01028844,Shropshire 027C,Violence and sexual offences,Unable to prosecute suspect,
c2b4cd930301591c897994e85c33781ea76042a5ca2ec0ea1b1d6f241384d25d,2015-04,West Mercia Police,West Mercia Police,-2.315664,52.643318,On or near Battle Road,E01028844,Shropshire 027C,Violence and sexual offences,Unable to prosecute suspect,
,2015-04,West Mercia Police,West Mercia Police,-2.271257,52.634438,On or near Meeson Close,E01028845,Shropshire 027D,Anti-social behaviour,,
,2015-04,West Mercia Police,West Mercia Police,-2.279306,52.636155,On or near Arrow Drive,E01028845,Shropshire 027D,Anti-social behaviour,,
,2015-04,West Mercia Police,West Mercia Police,-2.271257,52.634438,On or near Meeson Close,E01028845,Shropshire 027D,Anti-social behaviour,,
1e972616a83b334651513dcfb6b2fc54c918f063dac900a2443fcd263da456f7,2015-04,West Mercia Police,West Mercia Police,-2.274318,52.637155,On or near Station Road,E01028845,Shropshire 027D,Criminal damage and arson,Investigation complete; no suspect identified,
ba142900af99963d10500055393f6b502e87d11bdbf732c7d4fbb7af95f7cc79,2015-04,West Mercia Police,West Mercia Police,-2.274206,52.638090,On or near Windsor Road,E01028845,Shropshire 027D,Criminal damage and arson,Investigation complete; no suspect identified,
b6a34304e30025384114b4dabe725a4418eca64b8891c616799181602a10f8bb,2015-04,West Mercia Police,West Mercia Police,-2.273811,52.636455,On or near Cotswold Drive,E01028845,Shropshire 027D,Other theft,Investigation complete; no suspect identified,
9290c24ff9fcafcb1946c4eaae4b69197cf56b63fcffd678ed5746979116a0e9,2015-04,West Mercia Police,West Mercia Police,-2.276484,52.636134,On or near Albrighton Police Station,E01028845,Shropshire 027D,Violence and sexual offences,Unable to prosecute suspect,
e1de422797e08d18c7009a74ecb32c7020b50c49d5a69a156dffc132c24f068f,2015-04,West Mercia Police,West Mercia Police,-2.272547,52.635145,On or near Meadow Road,E01028845,Shropshire 027D,Violence and sexual offences,Under investigation,
c3e72487b342c37967d1ce47831460b27a58d0040a34f48924605d46f2b8ea6f,2015-04,West Mercia Police,West Mercia Police,-2.276484,52.636134,On or near Albrighton Police Station,E01028845,Shropshire 027D,Violence and sexual offences,Unable to prosecute suspect,
,2015-04,West Mercia Police,West Mercia Police,-2.770875,52.621515,On or near Bank Drive,E01028950,Shropshire 028A,Anti-social behaviour,,
,2015-04,West Mercia Police,West Mercia Police,-2.778672,52.633034,On or near Park/Open Space,E01028950,Shropshire 028A,Anti-social behaviour,,
785bad68fd82a9e966299f846e3d5e25d8275475b9a6f7f21ab820ef46c6c6c5,2015-04,West Mercia Police,West Mercia Police,-2.763362,52.649046,On or near Grange Lane,E01028950,Shropshire 028A,Vehicle crime,Investigation complete; no suspect identified,
3b6be813b3038610fa2fdedc21dd55dd7b42f5c27b0f88a68dd4149624692036,2015-04,West Mercia Police,West Mercia Police,-2.830725,52.626666,On or near Newhouse Lane,E01028950,Shropshire 028A,Violence and sexual offences,Unable to prosecute suspect,
,2015-04,West Mercia Police,West Mercia Police,-2.818978,52.601252,On or near Park/Open Space,E01028960,Shropshire 028B,Anti-social behaviour,,
,2015-04,West Mercia Police,West Mercia Police,-2.775154,52.581095,On or near Parking Area,E01028960,Shropshire 028B,Anti-social behaviour,,
71ee2a30cb7d0cb8f5fe251016c119a5c3d349296ef821587098a39b07d50a53,2015-04,West Mercia Police,West Mercia Police,-2.775154,52.581095,On or near Parking Area,E01028960,Shropshire 028B,Burglary,Investigation complete; no suspect identified,
,2015-04,West Mercia Police,West Mercia Police,-2.763972,52.600047,On or near A49,E01028961,Shropshire 028C,Anti-social behaviour,,
e54941988a4122080cd4d1ade782152dd51a3892b89d45227516d26156c86f3c,2015-04,West Mercia Police,West Mercia Police,-2.679283,52.612519,On or near Park/Open Space,E01028961,Shropshire 028C,Burglary,Unable to prosecute suspect,
,2015-04,West Mercia Police,West Mercia Police,-2.535950,52.638876,On or near Parking Area,E01028980,Shropshire 028D,Anti-social behaviour,,
d94fa7c2bcf14ea95c11c3053c316365e985215e9571f1020516943badcba458,2015-04,West Mercia Police,West Mercia Police,-2.578975,52.647277,On or near B4380,E01028980,Shropshire 028D,Other theft,Investigation complete; no suspect identified,
44c073f1202e11d5672b75fbe9b804b2ca928a2c8b0f9ae183e45c37cf79991e,2015-04,West Mercia Police,West Mercia Police,-2.635015,52.688603,On or near B4394,E01028980,Shropshire 028D,Vehicle crime,Investigation complete; no suspect identified,
,2015-04,West Mercia Police,West Mercia Police,-2.480595,52.614787,On or near Birch Meadow,E01028838,Shropshire 029A,Anti-social behaviour,,
,2015-04,West Mercia Police,West Mercia Police,-2.476084,52.619651,On or near Blithe Close,E01028838,Shropshire 029A,Anti-social behaviour,,
,2015-04,West Mercia Police,West Mercia Police,-2.481435,52.611925,On or near Hockley Road,E01028838,Shropshire 029A,Anti-social behaviour,,
b3b1ed0f6c6a082601993d39c6e5933cf4977bd193dd58542a8143d5fe90adb8,2015-04,West Mercia Police,West Mercia Police,-2.480595,52.614787,On or near Birch Meadow,E01028838,Shropshire 029A,Burglary,Investigation complete; no suspect identified,
8d4e374f74decadf92faeb5e9d7b7d7c7fdd83f9c947703f1f0fba5157e54941,2015-04,West Mercia Police,West Mercia Police,-2.481435,52.611925,On or near Hockley Road,E01028838,Shropshire 029A,Criminal damage and arson,Investigation complete; no suspect identified,
617d58e9a7649a6b28be596479f855d4237a49d7cf6be1bd0603036aeca6baf9,2015-04,West Mercia Police,West Mercia Police,-2.481563,52.612841,On or near Parking Area,E01028838,Shropshire 029A,Criminal damage and arson,Investigation complete; no suspect identified,
0a356dcfebe9f00d43313d2a1a037cd9b6a38891552a961f3ae49979b041831b,2015-04,West Mercia Police,West Mercia Police,-2.482368,52.613512,On or near Birch Row,E01028838,Shropshire 029A,Other theft,Investigation complete; no suspect identified,
faaae14e6e473f035b277038cb6f87a4e2b2c7dd0094c4dd55a083347da288ab,2015-04,West Mercia Police,West Mercia Police,-2.480595,52.614787,On or near Birch Meadow,E01028838,Shropshire 029A,Public order,Investigation complete; no suspect identified,
31f5d5e158cc01509625ca8808b77fb856817fd6193095364b7b2eab9bfd8617,2015-04,West Mercia Police,West Mercia Police,-2.481563,52.612841,On or near Parking Area,E01028838,Shropshire 029A,Vehicle crime,Investigation complete; no suspect identified,
875675b78fc8eb91183c88dd8a895df53bb423570e2d4eae572f6acea29b587c,2015-04,West Mercia Police,West Mercia Police,-2.479557,52.610386,On or near Foundry Lane,E01028838,Shropshire 029A,Violence and sexual offences,Investigation complete; no suspect identified,
8be472726269a506f5537b2a258cdbba5f7db0f72d19e6bb077d5eda6e092b20,2015-04,West Mercia Police,West Mercia Police,-2.477980,52.610635,On or near Church Street,E01028838,Shropshire 029A,Violence and sexual offences,Local resolution,
,2015-04,West Mercia Police,West Mercia Police,-2.473566,52.618987,On or near Belvedere Gardens,E01028839,Shropshire 029B,Anti-social behaviour,,
,2015-04,West Mercia Police,West Mercia Police,-2.476408,52.618211,On or near Redfield Close,E01028839,Shropshire 029B,Anti-social behaviour,,
,2015-04,West Mercia Police,West Mercia Police,-2.464503,52.623751,On or near Salthouse Road,E01028839,Shropshire 029B,Anti-social behaviour,,
468cde2c3aadcf925cfae3e4adc86b4ca6e030662946f63c839330a4edde9fc5,2015-04,West Mercia Police,West Mercia Police,-2.469101,52.622744,On or near Calcutts Road,E01028839,Shropshire 029B,Burglary,Investigation complete; no suspect identified,
fd4b464c3d10f7927ac1da2810dfc0348d3ce4da51e997fad9448cd72213c673,2015-04,West Mercia Police,West Mercia Police,-2.473789,52.609564,On or near Petrol Station,E01028839,Shropshire 029B,Shoplifting,Unable to prosecute suspect,
684348ca29d0b32ec95674a4770a833c54d09eeedb5fb402bd9976bfd354bc4d,2015-04,West Mercia Police,West Mercia Police,-2.473789,52.609564,On or near Petrol Station,E01028839,Shropshire 029B,Shoplifting,Investigation complete; no suspect identified,
93da02fb75ffa9e1090c4d6746d34d7ae51ee3906f3b8361bc383d0d5350d9db,2015-04,West Mercia Police,West Mercia Police,-2.473789,52.609564,On or near Petrol Station,E01028839,Shropshire 029B,Shoplifting,Offender sent to prison,
baee54c5153e0f0391c49d0cbfc29b3ae752bd70eb40b21e9e1be3eca9f8a0ac,2015-04,West Mercia Police,West Mercia Police,-2.484691,52.617872,On or near Windsor Crescent,E01028840,Shropshire 029C,Criminal damage and arson,Investigation complete; no suspect identified,
b2cff46d34b1853ab37a1ca1597ffcfe344c9a266ab1b777d512022d73224662,2015-04,West Mercia Police,West Mercia Police,-2.487515,52.620791,On or near Quarry Road,E01028840,Shropshire 029C,Criminal damage and arson,Investigation complete; no suspect identified,
,2015-04,West Mercia Police,West Mercia Police,-2.484980,52.614625,On or near Jackson Avenue,E01028841,Shropshire 029D,Anti-social behaviour,,
,2015-04,West Mercia Police,West Mercia Police,-2.487459,52.618454,On or near Legge'S Hill,E01028841,Shropshire 029D,Anti-social behaviour,,
,2015-04,West Mercia Police,West Mercia Police,-2.486654,52.615140,On or near Cape Street,E01028841,Shropshire 029D,Anti-social behaviour,,
,2015-04,West Mercia Police,West Mercia Police,-2.485460,52.612637,On or near Mill Lane,E01028841,Shropshire 029D,Anti-social behaviour,,
,2015-04,West Mercia Police,West Mercia Police,-2.498683,52.614443,On or near Benthall Lane,E01028841,Shropshire 029D,Anti-social behaviour,,
,2015-04,West Mercia Police,West Mercia Police,-2.485460,52.612637,On or near Mill Lane,E01028841,Shropshire 029D,Anti-social behaviour,,
ab39d59ce070098838621f0c3b66c645de9ba68aefa408eea09e417f6fcc34f7,2015-04,West Mercia Police,West Mercia Police,-2.483434,52.611099,On or near Park View,E01028841,Shropshire 029D,Criminal damage and arson,Investigation complete; no suspect identified,
7739674a2fc0beac080fb3be7267abd56323472385a114f2b08e761197a4c1da,2015-04,West Mercia Police,West Mercia Police,-2.479137,52.608383,On or near Bridgnorth Road,E01028841,Shropshire 029D,Vehicle crime,Investigation complete; no suspect identified,
cfc5af8717eed3997e7ce367e63e4142ebc6ca1364cd3991a0f955a7f1471d9e,2015-04,West Mercia Police,West Mercia Police,-2.485627,52.615719,On or near Queen Street,E01028841,Shropshire 029D,Violence and sexual offences,Defendant found not guilty,
59611a40c1d9ac57096ce895a2433ca9acf92c54aa46fa55d76187a55495afad,2015-04,West Mercia Police,West Mercia Police,-2.485627,52.615719,On or near Queen Street,E01028841,Shropshire 029D,Other crime,Unable to prosecute suspect,
,2015-04,West Mercia Police,West Mercia Police,-2.492290,52.544825,On or near Meadow Close,E01028850,Shropshire 029E,Anti-social behaviour,,
,2015-04,West Mercia Police,West Mercia Police,-2.442313,52.537210,On or near Wenlock Road,E01028850,Shropshire 029E,Anti-social behaviour,,
,2015-04,West Mercia Police,West Mercia Police,-2.492290,52.544825,On or near Meadow Close,E01028850,Shropshire 029E,Anti-social behaviour,,
,2015-04,West Mercia Police,West Mercia Police,-2.438009,52.537280,On or near Church Lane,E01028850,Shropshire 029E,Anti-social behaviour,,
fc2167ae55aad4d89c045c6f400818308f9bd6ef20e7054c9253f7d0ece2216f,2015-04,West Mercia Police,West Mercia Police,-2.438134,52.540929,On or near Fairfield,E01028850,Shropshire 029E,Burglary,Investigation complete; no suspect identified,
2b984dd51e8fce30d40f875e94e89d2b2e0b41a472dba2b9187e6b5d16bad587,2015-04,West Mercia Police,West Mercia Police,-2.438503,52.536532,On or near Trevithick Close,E01028850,Shropshire 029E,Violence and sexual offences,Court result unavailable,
c26a50588ac20b644399006540936ed4ecb2f63d267442578a973bbf9e7dfefb,2015-04,West Mercia Police,West Mercia Police,-2.443797,52.536620,On or near Roundthorn Close,E01028850,Shropshire 029E,Violence and sexual offences,Unable to prosecute suspect,
,2015-04,West Mercia Police,West Mercia Police,-2.636728,52.529617,On or near B4378,E01028851,Shropshire 029F,Anti-social behaviour,,
,2015-04,West Mercia Police,West Mercia Police,-2.556443,52.595531,On or near Barrow Street,E01028851,Shropshire 029F,Anti-social behaviour,,
,2015-04,West Mercia Police,West Mercia Police,-2.556057,52.593052,On or near Racecourse Road,E01028851,Shropshire 029F,Anti-social behaviour,,
,2015-04,West Mercia Police,West Mercia Police,-2.617039,52.548888,On or near B4378,E01028851,Shropshire 029F,Anti-social behaviour,,
afcad2e5dc12768912996e9e0a2c468345536eb62564fed751e105592bf90284,2015-04,West Mercia Police,West Mercia Police,-2.556443,52.595531,On or near Barrow Street,E01028851,Shropshire 029F,Burglary,Investigation complete; no suspect identified,
095f3730ff8fa6b1cb7bc2a6a14bd23051c1db12160b60f8e739f8d7ce74ecc4,2015-04,West Mercia Police,West Mercia Police,-2.556443,52.595531,On or near Barrow Street,E01028851,Shropshire 029F,Burglary,Investigation complete; no suspect identified,
4ede60f4ca0913c4f53f8af8a7d7d386e0cf844f0d83a502989199e084979021,2015-04,West Mercia Police,West Mercia Police,-2.559419,52.597396,On or near Chapel Close,E01028851,Shropshire 029F,Burglary,Investigation complete; no suspect identified,
10c146468e2417890c21af66a09a805dd60513b227b6f9685bc44ff9bdfed0be,2015-04,West Mercia Police,West Mercia Police,-2.556443,52.595531,On or near Barrow Street,E01028851,Shropshire 029F,Burglary,Investigation complete; no suspect identified,
d893b81b0ffeee6ab73dbf5c076559f5739b723b91baebb8542e35af6087f772,2015-04,West Mercia Police,West Mercia Police,-2.558432,52.598686,On or near Linden Avenue,E01028851,Shropshire 029F,Criminal damage and arson,Investigation complete; no suspect identified,
bc0f905fda65563ee7bc41aa7d1efcba3fc051be2986d6af89d11e27e3320954,2015-04,West Mercia Police,West Mercia Police,-2.561546,52.596280,On or near Parking Area,E01028851,Shropshire 029F,Vehicle crime,Investigation complete; no suspect identified,
4ca3d34830a4a29917a22d3beb8e94ca0f8cbe20460b9caf659ba713b7061ba0,2015-04,West Mercia Police,West Mercia Police,-2.558284,52.592889,On or near Bridgnorth Road,E01028851,Shropshire 029F,Violence and sexual offences,Offender given community sentence,
,2015-04,West Mercia Police,West Mercia Police,-2.557416,52.594313,On or near St Mary'S Road,E01028852,Shropshire 029G,Anti-social behaviour,,
,2015-04,West Mercia Police,West Mercia Police,-2.557382,52.596255,On or near Wilmore Street,E01028852,Shropshire 029G,Anti-social behaviour,,
,2015-04,West Mercia Police,West Mercia Police,-2.563615,52.595362,On or near High Causeway,E01028852,Shropshire 029G,Anti-social behaviour,,
548f701b61a71f3fdb90ed6a62381fe9ec7c41a883bcb7519574669dfdfaf2ce,2015-04,West Mercia Police,West Mercia Police,-2.559168,52.593945,On or near Petrol Station,E01028852,Shropshire 029G,Vehicle crime,Investigation complete; no suspect identified,
,2015-04,West Mercia Police,West Mercia Police,-3.000048,52.489228,On or near Grange Gardens,E01028991,Shropshire 030A,Anti-social behaviour,,
,2015-04,West Mercia Police,West Mercia Police,-2.994293,52.532457,On or near A488,E01028991,Shropshire 030A,Anti-social behaviour,,
1f5b920633e6a3be14b654ad24a16194111701bbe7ae1a9b6a073e79747316b3,2015-04,West Mercia Police,West Mercia Police,-2.979529,52.514932,On or near Glebe Meadow,E01028991,Shropshire 030A,Burglary,Investigation complete; no suspect identified,
,2015-04,West Mercia Police,West Mercia Police,-3.001679,52.495552,On or near Welsh Street Gardens,E01028992,Shropshire 030B,Anti-social behaviour,,
,2015-04,West Mercia Police,West Mercia Police,-2.998487,52.491183,On or near Petrol Station,E01028992,Shropshire 030B,Anti-social behaviour,,
,2015-04,West Mercia Police,West Mercia Police,-3.001227,52.491196,On or near Sports/Recreation Area,E01028992,Shropshire 030B,Anti-social behaviour,,
,2015-04,West Mercia Police,West Mercia Police,-3.003842,52.492198,On or near Corricks Rise,E01028992,Shropshire 030B,Anti-social behaviour,,
0b42c5fb1d1ad7d4ad3aed4ef8b6d9fe7ba22da2f5f6b15abbacd406ea5edc77,2015-04,West Mercia Police,West Mercia Police,-2.998364,52.494879,On or near Salop Street,E01028992,Shropshire 030B,Burglary,Investigation complete; no suspect identified,
2d6f9b0697ed267bb2e779d5a36b29f14c7190e6e74f80700cf9752be7def89d,2015-04,West Mercia Police,West Mercia Police,-2.999366,52.491607,On or near Pound Close,E01028992,Shropshire 030B,Criminal damage and arson,Local resolution,
dd9a5a05d28ef54e2fceac3e682ca2ae2e7a8eb367548318acfc35d62f27ea3e,2015-04,West Mercia Police,West Mercia Police,-2.999366,52.491607,On or near Pound Close,E01028992,Shropshire 030B,Drugs,Offender given community sentence,
7877c8aa39ead7ff0dc099b1f2455e29f2e73a9febea00a506275bcf316c8d3c,2015-04,West Mercia Police,West Mercia Police,-2.999366,52.491607,On or near Pound Close,E01028992,Shropshire 030B,Other theft,Offender given community sentence,
a71e0b32596b7069055aa17833708ce27d1c65a2a694c52a37dd6bb024c483fd,2015-04,West Mercia Police,West Mercia Police,-3.000942,52.493590,On or near Hospital,E01028992,Shropshire 030B,Other theft,Unable to prosecute suspect,
89428b93c972f21cc729e105173b13c5ecdf937f43b1ca8dbea791ba7509ec98,2015-04,West Mercia Police,West Mercia Police,-3.002141,52.489929,On or near Grange Road,E01028992,Shropshire 030B,Other theft,Investigation complete; no suspect identified,
bb0ee3bc6ae46cdb7a74f48d7c6a9c8f3dd972e9c92e4d7bf2156e4921cb8d80,2015-04,West Mercia Police,West Mercia Police,-2.997889,52.492078,On or near Church Street,E01028992,Shropshire 030B,Public order,Unable to prosecute suspect,
03d5d31068719a642c5390cda7ded39cc816fd1f764ada59b9231f0ff68fc7d7,2015-04,West Mercia Police,West Mercia Police,-2.997889,52.492078,On or near Church Street,E01028992,Shropshire 030B,Public order,Unable to prosecute suspect,
146dc47d89ea4f032bae78f06539878b919d8811cd7551d9a6c03df775ef0a65,2015-04,West Mercia Police,West Mercia Police,-2.996994,52.492886,On or near New Street,E01028992,Shropshire 030B,Shoplifting,Investigation complete; no suspect identified,
c3b2ca5d7e1bf529133dd2c1f757c55b5ed4ac4e7be8e11076ff1284d278b965,2015-04,West Mercia Police,West Mercia Police,-2.997889,52.492078,On or near Church Street,E01028992,Shropshire 030B,Violence and sexual offences,Unable to prosecute suspect,
be113343be937c432bf5b96e02eb58078091b7fd50d457380012d5c52ddc79c5,2015-04,West Mercia Police,West Mercia Police,-2.998487,52.491183,On or near Petrol Station,E01028992,Shropshire 030B,Violence and sexual offences,Defendant found not guilty,
cd28bd4d54f1fd87f4ee859b8eca415b7c1465a89070bef49251c287a4aeec00,2015-04,West Mercia Police,West Mercia Police,-3.089534,52.578556,On or near Camlad Cottages,E01033530,Shropshire 030E,Public order,Offender fined,
,2015-04,West Mercia Police,West Mercia Police,-2.419377,52.534569,On or near Postern Gate,E01028830,Shropshire 031A,Anti-social behaviour,,
637a2cb6dcb64ee4fcb0cbe72cf586352c1325e3ed42db113648ed6985312bd6,2015-04,West Mercia Police,West Mercia Police,-2.418011,52.530475,On or near King'S Loade,E01028830,Shropshire 031A,Burglary,Investigation complete; no suspect identified,
e9f6abc8a7ebe4b21868b7312db8c6853b09c8729266c13eb0b5986f985fe98f,2015-04,West Mercia Police,West Mercia Police,-2.418011,52.530475,On or near King'S Loade,E01028830,Shropshire 031A,Criminal damage and arson,Investigation complete; no suspect identified,
c2f617b4c9b15bfc46cdd2370616ea397c5c18471fc27ce91cc163ed8b89c0f3,2015-04,West Mercia Police,West Mercia Police,-2.416610,52.524124,On or near B4555,E01028830,Shropshire 031A,Criminal damage and arson,Investigation complete; no suspect identified,
17e8e8939b2c6d6fdfb75584ab68238800d09da7ce3090652ab0facbd0d97ed1,2015-04,West Mercia Police,West Mercia Police,-2.419377,52.534569,On or near Postern Gate,E01028830,Shropshire 031A,Violence and sexual offences,Unable to prosecute suspect,
150d44c09e81cc510cbd93b979a9b71758695e02e935cef7aee15292f280c330,2015-04,West Mercia Police,West Mercia Police,-2.427760,52.530907,On or near Morgan Springs,E01028830,Shropshire 031A,Violence and sexual offences,Unable to prosecute suspect,
d7c02ac8b7298e45e104a7ea36d437b34c89d8f93630aa736d557639fb2ab6e1,2015-04,West Mercia Police,West Mercia Police,-2.420697,52.533854,On or near Railway Street,E01028830,Shropshire 031A,Violence and sexual offences,Unable to prosecute suspect,
,2015-04,West Mercia Police,West Mercia Police,-2.427402,52.535080,On or near Paulbrook Road,E01028831,Shropshire 031B,Anti-social behaviour,,
,2015-04,West Mercia Police,West Mercia Police,-2.427402,52.535080,On or near Paulbrook Road,E01028831,Shropshire 031B,Anti-social behaviour,,
,2015-04,West Mercia Police,West Mercia Police,-2.431777,52.536215,On or near Bridgnorth Police Station,E01028831,Shropshire 031B,Anti-social behaviour,,
957c19180117382bdaa5d9317dfc395c07fa634eb37a19e651724f65952d61ba,2015-04,West Mercia Police,West Mercia Police,-2.437085,52.534802,On or near Ridley Close,E01028831,Shropshire 031B,Violence and sexual offences,Unable to prosecute suspect,
023381214d54235420202ffe4c59797f8d290e2036281d695f16ecd66417616f,2015-04,West Mercia Police,West Mercia Police,-2.437085,52.534802,On or near Ridley Close,E01028831,Shropshire 031B,Violence and sexual offences,Offender given a caution,
,2015-04,West Mercia Police,West Mercia Police,-2.438304,52.538771,On or near Wrekin Road,E01028836,Shropshire 031C,Anti-social behaviour,,
,2015-04,West Mercia Police,West Mercia Police,-2.436656,52.537572,On or near Leasowes Close,E01028836,Shropshire 031C,Anti-social behaviour,,
,2015-04,West Mercia Police,West Mercia Police,-2.438304,52.538771,On or near Wrekin Road,E01028836,Shropshire 031C,Anti-social behaviour,,
,2015-04,West Mercia Police,West Mercia Police,-2.436865,52.539397,On or near Haughton Close,E01028836,Shropshire 031C,Anti-social behaviour,,
,2015-04,West Mercia Police,West Mercia Police,-2.435303,52.537910,On or near Tasley Close,E01028836,Shropshire 031C,Anti-social behaviour,,
,2015-04,West Mercia Police,West Mercia Police,-2.433095,52.539824,On or near Ash Road,E01028836,Shropshire 031C,Anti-social behaviour,,
,2015-04,West Mercia Police,West Mercia Police,-2.438304,52.538771,On or near Wrekin Road,E01028836,Shropshire 031C,Anti-social behaviour,,
12639ee67a0ad8d2149f57abe9949a290f857bbfde9194368983b842bc754691,2015-04,West Mercia Police,West Mercia Police,-2.436865,52.539397,On or near Haughton Close,E01028836,Shropshire 031C,Drugs,Offender given penalty notice,
8628b37f5ba9d3bdafb8f2ff55fe7746f3800786a80d096d568ab66f4ec69a38,2015-04,West Mercia Police,West Mercia Police,-2.438304,52.538771,On or near Wrekin Road,E01028836,Shropshire 031C,Vehicle crime,Investigation complete; no suspect identified,
d196e59da11da7704541ff5105cab0e9757a801ee55f5cc3079e739f6bccf726,2015-04,West Mercia Police,West Mercia Police,-2.438304,52.538771,On or near Wrekin Road,E01028836,Shropshire 031C,Vehicle crime,Suspect charged as part of another case,
e0de5a9d90ac5eb5d28b22c1704a56626bb9026510a395d802f34f756889cf9d,2015-04,West Mercia Police,West Mercia Police,-2.435303,52.537910,On or near Tasley Close,E01028836,Shropshire 031C,Vehicle crime,Unable to prosecute suspect,
b135ef8a235a611719cdb1b01aed964498bf48bb5fa296352b7930fcc8f97035,2015-04,West Mercia Police,West Mercia Police,-2.435461,52.540526,On or near Sydney Cottage Drive,E01028836,Shropshire 031C,Violence and sexual offences,Unable to prosecute suspect,
,2015-04,West Mercia Police,West Mercia Police,-2.433311,52.543815,On or near Dunval Close,E01028837,Shropshire 031D,Anti-social behaviour,,
ab65a67d60fe27d5c8c21fd6aaeead328416be63b234301480de353ebf385094,2015-04,West Mercia Police,West Mercia Police,-2.434601,52.543010,On or near Linley View Drive,E01028837,Shropshire 031D,Burglary,Investigation complete; no suspect identified,
ed00cb38f719672f48af50cb43ec316a2f871f861d6d4fb815ef2cdca760ac10,2015-04,West Mercia Police,West Mercia Police,-2.434601,52.543010,On or near Linley View Drive,E01028837,Shropshire 031D,Burglary,Investigation complete; no suspect identified,
f11151f42604a1dce5e36bb17e7cafb87bc143cb151a327facd075579ea57e85,2015-04,West Mercia Police,West Mercia Police,-2.775130,52.527056,On or near St. Andrews Close,E01028990,Shropshire 032A,Other theft,Awaiting court outcome,
,2015-04,West Mercia Police,West Mercia Police,-2.790836,52.536472,On or near Sandford Drive,E01028997,Shropshire 032B,Anti-social behaviour,,
,2015-04,West Mercia Police,West Mercia Police,-2.805626,52.539070,On or near Beaumont Road,E01028997,Shropshire 032B,Anti-social behaviour,,
,2015-04,West Mercia Police,West Mercia Police,-2.806153,52.544451,On or near Longmynd Place,E01028997,Shropshire 032B,Anti-social behaviour,,
,2015-04,West Mercia Police,West Mercia Police,-2.805303,52.546354,On or near Yeld Bank,E01028997,Shropshire 032B,Anti-social behaviour,,
,2015-04,West Mercia Police,West Mercia Police,-2.805605,52.539528,On or near Lutwyche Road,E01028997,Shropshire 032B,Anti-social behaviour,,
a982f2757fa8cde99f5150a0799ab2d8f38b90719086a1d68b71df5e52001165,2015-04,West Mercia Police,West Mercia Police,-2.795161,52.539221,On or near Helmeth Road,E01028997,Shropshire 032B,Burglary,Investigation complete; no suspect identified,
0e649fb5e07b0a39b3ed7cf39584f8c4b927f10c58c5781e605c410d73d2f713,2015-04,West Mercia Police,West Mercia Police,-2.790836,52.536472,On or near Sandford Drive,E01028997,Shropshire 032B,Criminal damage and arson,Investigation complete; no suspect identified,
ca26bd35a8b534eb630c570af9f665c6de743f70c67c7beb54285cce1ef71412,2015-04,West Mercia Police,West Mercia Police,-2.790836,52.536472,On or near Sandford Drive,E01028997,Shropshire 032B,Vehicle crime,Unable to prosecute suspect,
85fc6cfffd650b9cfd6bb24c8eacf4ade4ff57cd278f324f4845196eee4f529f,2015-04,West Mercia Police,West Mercia Police,-2.805037,52.543092,On or near Ashbrook Crescent,E01028997,Shropshire 032B,Vehicle crime,Investigation complete; no suspect identified,
ec8c1245859231c93e44d3703960bac44c230f0a58c9df8541ed413d571e5ce9,2015-04,West Mercia Police,West Mercia Police,-2.805626,52.539070,On or near Beaumont Road,E01028997,Shropshire 032B,Violence and sexual offences,Unable to prosecute suspect,
a3903b9ae9a3052aace65be290835d86bb556782c88d76b39c3a9f8c388cd892,2015-04,West Mercia Police,West Mercia Police,-2.805626,52.539070,On or near Beaumont Road,E01028997,Shropshire 032B,Violence and sexual offences,Offender given conditional discharge,
,2015-04,West Mercia Police,West Mercia Police,-2.813335,52.537345,On or near Parking Area,E01028998,Shropshire 032C,Anti-social behaviour,,
,2015-04,West Mercia Police,West Mercia Police,-2.813239,52.536923,On or near Cunnery Road,E01028998,Shropshire 032C,Anti-social behaviour,,
,2015-04,West Mercia Police,West Mercia Police,-2.804071,52.534648,On or near Watling Street South,E01028998,Shropshire 032C,Anti-social behaviour,,
,2015-04,West Mercia Police,West Mercia Police,-2.807596,52.537951,On or near Parking Area,E01028998,Shropshire 032C,Anti-social behaviour,,
,2015-04,West Mercia Police,West Mercia Police,-2.804071,52.534648,On or near Watling Street South,E01028998,Shropshire 032C,Anti-social behaviour,,
,2015-04,West Mercia Police,West Mercia Police,-2.813335,52.537345,On or near Parking Area,E01028998,Shropshire 032C,Anti-social behaviour,,
a4e9dec4e79b1d73ef261b3dc60ba4917aebb7ee02e96a43325f1bae4017be39,2015-04,West Mercia Police,West Mercia Police,-2.820819,52.519646,On or near Crown Lane,E01028998,Shropshire 032C,Burglary,Investigation complete; no suspect identified,
b521943c7f07dc0cdf5d038c1bcff890ffc53a408a3a52880fbb28aecb9a7957,2015-04,West Mercia Police,West Mercia Police,-2.800399,52.533783,On or near Ragleth Road,E01028998,Shropshire 032C,Burglary,Investigation complete; no suspect identified,
50fc2098012ef38e2cdd7a7428211dc011510c633b20883a67df66bcec8b96a1,2015-04,West Mercia Police,West Mercia Police,-2.820502,52.522417,On or near Elms Paddock,E01028998,Shropshire 032C,Burglary,Investigation complete; no suspect identified,
02f0c0c4c29b5d4af900fa2b26a24dd3899414d46a448516174d28a1a19fad73,2015-04,West Mercia Police,West Mercia Police,-2.824631,52.513038,On or near Parking Area,E01028998,Shropshire 032C,Criminal damage and arson,Investigation complete; no suspect identified,
689c2d34639965ade054332fabcda734c3cb4109508113215c02f9101def12b8,2015-04,West Mercia Police,West Mercia Police,-2.813335,52.537345,On or near Parking Area,E01028998,Shropshire 032C,Criminal damage and arson,Investigation complete; no suspect identified,
e48f49aef3a4ce56b9bfaf3bb2eba4d2eae45ebd58753a50c790cfec11ed69db,2015-04,West Mercia Police,West Mercia Police,-2.802321,52.537321,On or near Petrol Station,E01028998,Shropshire 032C,Other theft,Investigation complete; no suspect identified,
2943953609c59a10148d325da1fb424c1120fa31a3727145ee0f119abff020fb,2015-04,West Mercia Police,West Mercia Police,-2.813335,52.537345,On or near Parking Area,E01028998,Shropshire 032C,Other theft,Investigation complete; no suspect identified,
d0905f3eeaecd9418865db60c3b2c7bf6ec2aa3474aaa6d785c8a4b31507973a,2015-04,West Mercia Police,West Mercia Police,-2.804596,52.535112,On or near Crossways,E01028998,Shropshire 032C,Violence and sexual offences,Unable to prosecute suspect,
6df4da279640e0d60f1cee13ceb799cd2331cce871b91c7cbcac1b7006feb00f,2015-04,West Mercia Police,West Mercia Police,-2.813335,52.537345,On or near Parking Area,E01028998,Shropshire 032C,Violence and sexual offences,Unable to prosecute suspect,
d7e2233da0e421d2a00042f5840c70d35007a98acabcb4439f918f3901cea70e,2015-04,West Mercia Police,West Mercia Police,-2.808622,52.535175,On or near Stretton Farm Road,E01028998,Shropshire 032C,Violence and sexual offences,Investigation complete; no suspect identified,
,2015-04,West Mercia Police,West Mercia Police,-2.415570,52.534142,On or near Bridge Street,E01028832,Shropshire 033A,Anti-social behaviour,,
,2015-04,West Mercia Police,West Mercia Police,-2.416996,52.535288,On or near Parking Area,E01028832,Shropshire 033A,Anti-social behaviour,,
,2015-04,West Mercia Police,West Mercia Police,-2.416401,52.536369,On or near River Side,E01028832,Shropshire 033A,Anti-social behaviour,,
,2015-04,West Mercia Police,West Mercia Police,-2.416401,52.536369,On or near River Side,E01028832,Shropshire 033A,Anti-social behaviour,,
,2015-04,West Mercia Police,West Mercia Police,-2.419712,52.535674,On or near High Street,E01028832,Shropshire 033A,Anti-social behaviour,,
,2015-04,West Mercia Police,West Mercia Police,-2.413076,52.533962,On or near St Johns Street,E01028832,Shropshire 033A,Anti-social behaviour,,
,2015-04,West Mercia Police,West Mercia Police,-2.419751,52.536663,On or near Church Street,E01028832,Shropshire 033A,Anti-social behaviour,,
,2015-04,West Mercia Police,West Mercia Police,-2.413557,52.534904,On or near Mill Street,E01028832,Shropshire 033A,Anti-social behaviour,,
da039670e7f55a3299fac1d6ba4ba01ca038094cd8efee76d3d1d1fc5196797c,2015-04,West Mercia Police,West Mercia Police,-2.415570,52.534142,On or near Bridge Street,E01028832,Shropshire 033A,Burglary,Offender sent to prison,
dbf202d7f0074a7fcac5fe1757c3f2ec0b40c12acd5bf23ba756f3642657a27f,2015-04,West Mercia Police,West Mercia Police,-2.413076,52.533962,On or near St Johns Street,E01028832,Shropshire 033A,Drugs,Offender given a caution,
122ef7f354c636713a58709091b8835d273db5f671795c5b470bf75c5973904f,2015-04,West Mercia Police,West Mercia Police,-2.419122,52.537141,On or near St Leonards Close,E01028832,Shropshire 033A,Other theft,Investigation complete; no suspect identified,
27beef2170698c6e7b2f1b9742ef00d55814afd04ec2b02b6a829a8485fa33e5,2015-04,West Mercia Police,West Mercia Police,-2.411300,52.534742,On or near Cann Hall Drive,E01028832,Shropshire 033A,Shoplifting,Unable to prosecute suspect,
7085ec47831e26edf1658d595c0b2029aa06113805143b96858314e2d1a1d880,2015-04,West Mercia Police,West Mercia Police,-2.413076,52.533962,On or near St Johns Street,E01028832,Shropshire 033A,Shoplifting,Under investigation,
8ef2ca9d10de958754c58b9d357f29a5771964589478191f8d2a84f5d921f4b5,2015-04,West Mercia Police,West Mercia Police,-2.413557,52.534904,On or near Mill Street,E01028832,Shropshire 033A,Shoplifting,Offender sent to prison,
6ebcbbb1079026a9e11261ad69994d9195297b45fa531c8c3b7aa3162768d300,2015-04,West Mercia Police,West Mercia Police,-2.413557,52.534904,On or near Mill Street,E01028832,Shropshire 033A,Shoplifting,Unable to prosecute suspect,
2db7f2d15f9fda7cb040bb8ac8cc7daac5070bb497d6ce34a9f9f96156519c9a,2015-04,West Mercia Police,West Mercia Police,-2.419421,52.536026,On or near Supermarket,E01028832,Shropshire 033A,Shoplifting,Unable to prosecute suspect,
9d4778071b9ace1decb7b54508316ca3297ab360c6fb17e85de29e96a15cf136,2015-04,West Mercia Police,West Mercia Police,-2.413557,52.534904,On or near Mill Street,E01028832,Shropshire 033A,Theft from the person,Investigation complete; no suspect identified,
6df7217efe73bddaf9b7eb32c04ef93b310710b3738e42281c491d5dde3d6fbc,2015-04,West Mercia Police,West Mercia Police,-2.417858,52.534530,On or near Theatre/Concert Hall,E01028832,Shropshire 033A,Vehicle crime,Investigation complete; no suspect identified,
2c9241c783df4b1da35105c7a8dfd39bd74fd2cf50e39dddcf41563ca4013591,2015-04,West Mercia Police,West Mercia Police,-2.411509,52.536593,On or near Mill Street,E01028832,Shropshire 033A,Vehicle crime,Offender given community sentence,
1378484da2b40910109ff217de2845227df75d61b8e04236b8b8c4de0bd0213c,2015-04,West Mercia Police,West Mercia Police,-2.412635,52.530871,On or near Lavington View,E01028832,Shropshire 033A,Vehicle crime,Investigation complete; no suspect identified,
5e4ecfa5d2de55f3a1aa61a4c2e9e065cade1fc23be354da87a0117982d08c3d,2015-04,West Mercia Police,West Mercia Police,-2.416401,52.536369,On or near River Side,E01028832,Shropshire 033A,Violence and sexual offences,Investigation complete; no suspect identified,
2b6da366ed1afef8345e5ef3aed40a657ebcc5353d773030788d8eddd955ac91,2015-04,West Mercia Police,West Mercia Police,-2.421623,52.535101,On or near St Marys Street,E01028832,Shropshire 033A,Violence and sexual offences,Unable to prosecute suspect,
e109d36cc5680559b938307ad4637f12a3e2620e8ffb625bf87731e8553247ba,2015-04,West Mercia Police,West Mercia Police,-2.411300,52.534742,On or near Cann Hall Drive,E01028832,Shropshire 033A,Violence and sexual offences,Investigation complete; no suspect identified,
d19439a0b37c10a7474bd1adc6625e43cfda12f8edd609f945c8843b1c4760d3,2015-04,West Mercia Police,West Mercia Police,-2.413557,52.534904,On or near Mill Street,E01028832,Shropshire 033A,Violence and sexual offences,Unable to prosecute suspect,
1f0214f6dc9f06b109c0a9bd1592ae3b26504be749672ace3bc59edf02b1b920,2015-04,West Mercia Police,West Mercia Police,-2.414604,52.533382,On or near Parking Area,E01028832,Shropshire 033A,Violence and sexual offences,Court case unable to proceed,
,2015-04,West Mercia Police,West Mercia Police,-2.423833,52.534931,On or near Pound Street,E01028833,Shropshire 033B,Anti-social behaviour,,
1adb6f74f127473a196af887b53bc6c6818420bd55d17112af36fe33be5f5e1d,2015-04,West Mercia Police,West Mercia Police,-2.422107,52.539423,On or near Parking Area,E01028833,Shropshire 033B,Shoplifting,Investigation complete; no suspect identified,
2414c1e232146793843056b8fa3edaebda9ff0f4c6d6e0a2fc9da23509553ec8,2015-04,West Mercia Police,West Mercia Police,-2.424085,52.536584,On or near Supermarket,E01028833,Shropshire 033B,Vehicle crime,Offender sent to prison,
0a8d032ab017c87be8689f7a8e9819ddc9fdd10bed12f9aa5e7254b3a315f7de,2015-04,West Mercia Police,West Mercia Police,-2.421026,52.537359,On or near Bus/Coach Station,E01028833,Shropshire 033B,Vehicle crime,Awaiting court outcome,
07e9bd872995d99e3bc4c981ab5993f61fa661cc2a3a221d1a59d747b89728fb,2015-04,West Mercia Police,West Mercia Police,-2.420445,52.536804,On or near High Street,E01028833,Shropshire 033B,Violence and sexual offences,Unable to prosecute suspect,
4ac2cd102946d9dc928918fceb0604b577652e72cc7d70245d642846ade62037,2015-04,West Mercia Police,West Mercia Police,-2.413517,52.543166,On or near Sports/Recreation Area,E01028833,Shropshire 033B,Violence and sexual offences,Unable to prosecute suspect,
3591fe9a4617bc012b9208b6ba375a10a283dfe5bcf94b7130b1f613b496073e,2015-04,West Mercia Police,West Mercia Police,-2.420445,52.536804,On or near High Street,E01028833,Shropshire 033B,Violence and sexual offences,Investigation complete; no suspect identified,
71b70ad6fac0327fc2b6148bcf85faf4db3c9b541d6501a008d5c76918734dc4,2015-04,West Mercia Police,West Mercia Police,-2.423516,52.537261,On or near Parking Area,E01028833,Shropshire 033B,Violence and sexual offences,Under investigation,
8e830a3c3eee8c42b2d9627dec2601618e2e0d10e28809edfd209919efd7c588,2015-04,West Mercia Police,West Mercia Police,-2.413517,52.543166,On or near Sports/Recreation Area,E01028833,Shropshire 033B,Violence and sexual offences,Unable to prosecute suspect,
,2015-04,West Mercia Police,West Mercia Police,-2.405850,52.532063,On or near Queens Road,E01028834,Shropshire 033C,Anti-social behaviour,,
,2015-04,West Mercia Police,West Mercia Police,-2.405980,52.534967,On or near Hermitage Close,E01028834,Shropshire 033C,Anti-social behaviour,,
,2015-04,West Mercia Police,West Mercia Police,-2.405850,52.532063,On or near Queens Road,E01028834,Shropshire 033C,Anti-social behaviour,,
,2015-04,West Mercia Police,West Mercia Police,-2.405850,52.532063,On or near Queens Road,E01028834,Shropshire 033C,Anti-social behaviour,,
,2015-04,West Mercia Police,West Mercia Police,-2.405980,52.534967,On or near Hermitage Close,E01028834,Shropshire 033C,Anti-social behaviour,,
6a1be8290e7823437a7ba4173a6ee9756d4ed79d740d30b0cd1589e47c3384a1,2015-04,West Mercia Police,West Mercia Police,-2.399980,52.525296,On or near Sports/Recreation Area,E01028834,Shropshire 033C,Bicycle theft,Investigation complete; no suspect identified,
e6d10c41a1f14dfc9f2b4516997fccdbde66cdcd7fc2cd95ee0adc1461ebd702,2015-04,West Mercia Police,West Mercia Police,-2.408274,52.534347,On or near Morfe Road,E01028834,Shropshire 033C,Burglary,Investigation complete; no suspect identified,
161650946d447848760868e7eae44b09ad8b8a72854c1146e2bc8adbdbc44683,2015-04,West Mercia Police,West Mercia Police,-2.403327,52.528584,On or near College Court,E01028834,Shropshire 033C,Burglary,Investigation complete; no suspect identified,
161eb97d45fff16b111db3bcdb6642c860f95e560ce3f787c3966898a06e2e7d,2015-04,West Mercia Police,West Mercia Police,-2.383990,52.518777,On or near Chapel Lane,E01028834,Shropshire 033C,Other theft,Investigation complete; no suspect identified,
d76e5cec77a30defa84ffc6ce943a3b3ab422d4b44e9f7538eb303e4e0e000da,2015-04,West Mercia Police,West Mercia Police,-2.406880,52.533489,On or near Lodge Lane,E01028834,Shropshire 033C,Shoplifting,Offender sent to prison,
b3c51ae2859b9eb22617677f9578282e5e3b8abc0f5b3b2d88e2fc9148696336,2015-04,West Mercia Police,West Mercia Police,-2.406880,52.533489,On or near Lodge Lane,E01028834,Shropshire 033C,Shoplifting,Investigation complete; no suspect identified,
87f823d3edc5499f08a0b3fa4b65682ede099db85cbfeff3cb44d996571a8240,2015-04,West Mercia Police,West Mercia Police,-2.405522,52.530015,On or near Goodwood Avenue,E01028834,Shropshire 033C,Shoplifting,Investigation complete; no suspect identified,
9210d7cd4bd33fea19af9ca93131759572f91142ec34b52e778d9c2e2487fe9f,2015-04,West Mercia Police,West Mercia Police,-2.407235,52.533533,On or near Beeston'S Close,E01028834,Shropshire 033C,Violence and sexual offences,Unable to prosecute suspect,
,2015-04,West Mercia Police,West Mercia Police,-2.411912,52.529310,On or near Priory Close,E01028835,Shropshire 033D,Anti-social behaviour,,
d654d805be062695499c8225d12b0d059a09ee2360b7d6dfc194be0c7a67a276,2015-04,West Mercia Police,West Mercia Police,-2.408619,52.531757,On or near Grove Crescent,E01028835,Shropshire 033D,Vehicle crime,Investigation complete; no suspect identified,
3ddc9392fff0af1f6694690021f1daccb429f4f492959bfa71b9cd2987efa43b,2015-04,West Mercia Police,West Mercia Police,-2.411912,52.529310,On or near Priory Close,E01028835,Shropshire 033D,Violence and sexual offences,Unable to prosecute suspect,
6b91d6139f3b239900afa888d076caa84cda4118b03b6e284e0a73f114045422,2015-04,West Mercia Police,West Mercia Police,-2.411861,52.531719,On or near Hospital Street,E01028835,Shropshire 033D,Violence and sexual offences,Unable to prosecute suspect,
4023ef55d1efdee227932fea72a85649c93d4ee10b6f9c6d59f64dfce602fc18,2015-04,West Mercia Police,West Mercia Police,-2.410005,52.531869,On or near The Mall,E01028835,Shropshire 033D,Violence and sexual offences,Unable to prosecute suspect,
ac8839ad9229955e468f1ddbbc19d8f2dcf828fe31ed2e3ef93593e70d43f6ff,2015-04,West Mercia Police,West Mercia Police,-2.411833,52.533400,On or near Hospital Lane,E01028835,Shropshire 033D,Violence and sexual offences,Unable to prosecute suspect,
,2015-04,West Mercia Police,West Mercia Police,-2.305751,52.446717,On or near Beacon Lane,E01028828,Shropshire 034A,Anti-social behaviour,,
,2015-04,West Mercia Police,West Mercia Police,-2.368967,52.496944,On or near A442,E01028828,Shropshire 034A,Anti-social behaviour,,
,2015-04,West Mercia Police,West Mercia Police,-2.368967,52.496944,On or near A442,E01028828,Shropshire 034A,Anti-social behaviour,,
,2015-04,West Mercia Police,West Mercia Police,-2.387934,52.536475,On or near The Hobbins,E01028828,Shropshire 034A,Anti-social behaviour,,
,2015-04,West Mercia Police,West Mercia Police,-2.343629,52.460718,On or near A442,E01028828,Shropshire 034A,Anti-social behaviour,,
,2015-04,West Mercia Police,West Mercia Police,-2.343629,52.460718,On or near A442,E01028828,Shropshire 034A,Anti-social behaviour,,
,2015-04,West Mercia Police,West Mercia Police,-2.368967,52.496944,On or near A442,E01028828,Shropshire 034A,Anti-social behaviour,,
7a9e67d33ab5ff884587175fdabef306ed158ace6f6a83f2b67f22bfd14b405f,2015-04,West Mercia Police,West Mercia Police,-2.364614,52.453356,On or near Park/Open Space,E01028828,Shropshire 034A,Burglary,Investigation complete; no suspect identified,
85e2fa4316f88340d37dc28c6ad86f8458f2d33bc603ea9af9083b2cdfbd92f6,2015-04,West Mercia Police,West Mercia Police,-2.314525,52.476307,On or near Park/Open Space,E01028828,Shropshire 034A,Other theft,Investigation complete; no suspect identified,
1447a35a665380493845b3d4e5399b95b7cc08040d93bcc1fdb359e622355c14,2015-04,West Mercia Police,West Mercia Police,-2.314525,52.476307,On or near Park/Open Space,E01028828,Shropshire 034A,Public order,Offender given a caution,
4e6d641231bd71615deb50858aa128783ce3995088adf68ec2f1d96547aea370,2015-04,West Mercia Police,West Mercia Police,-2.368967,52.496944,On or near A442,E01028828,Shropshire 034A,Vehicle crime,Investigation complete; no suspect identified,
,2015-04,West Mercia Police,West Mercia Police,-2.349679,52.460916,On or near Cedar Close,E01028829,Shropshire 034B,Anti-social behaviour,,
,2015-04,West Mercia Police,West Mercia Police,-2.350420,52.457822,On or near Green Leys Crescent,E01028829,Shropshire 034B,Anti-social behaviour,,
372e77d5df0c3d1b7915ac0fd1720a8e784513fa289d799b5b5d38e3a2c5826b,2015-04,West Mercia Police,West Mercia Police,-2.351483,52.454573,On or near Golden Acres,E01028829,Shropshire 034B,Other theft,Investigation complete; no suspect identified,
1d5b84333456940e8c1d8974ea68cd4eae6caaea45c0fbddcb4cba8bc5d99705,2015-04,West Mercia Police,West Mercia Police,-2.350462,52.455628,On or near Seabright Way,E01028829,Shropshire 034B,Violence and sexual offences,Unable to prosecute suspect,
e0af29d49c36e22383bfef1a89365821459d1c594162a5646445c946507c6903,2015-04,West Mercia Police,West Mercia Police,-2.353038,52.459405,On or near Honeybourne Road,E01028829,Shropshire 034B,Violence and sexual offences,Unable to prosecute suspect,
,2015-04,West Mercia Police,West Mercia Police,-2.282262,52.548955,On or near B4176,E01028842,Shropshire 034C,Anti-social behaviour,,
ef8839c046571ecddc4ceede084c987e6afb9c958d0736281a8dfe927e69b4cf,2015-04,West Mercia Police,West Mercia Police,-2.296501,52.539256,On or near Danesbrook,E01028842,Shropshire 034C,Burglary,Investigation complete; no suspect identified,
ea1d4d24fc4e5fb864f0fff9ae246105c7ba936ddbe1f8419643e3c2bc2d9805,2015-04,West Mercia Police,West Mercia Police,-2.275969,52.523736,On or near Pear Tree Lane,E01028842,Shropshire 034C,Criminal damage and arson,Unable to prosecute suspect,
66c55d2cd7e80ff2820af8137c3ff8f313efc8cf448dac4a41e53db41b0dac2f,2015-04,West Mercia Police,West Mercia Police,-2.275969,52.523736,On or near Pear Tree Lane,E01028842,Shropshire 034C,Other theft,Investigation complete; no suspect identified,
39d80d184a0627739e10cc0d726e598c48b48ae5b1c3a0c948b2118240063ea5,2015-04,West Mercia Police,West Mercia Police,-2.335000,52.504659,On or near A458,E01028842,Shropshire 034C,Other theft,Investigation complete; no suspect identified,
8b00144fb2fa22b53d9771e50ea1a0888c7d347f37b03c3ddc11d20e4aefa212,2015-04,West Mercia Police,West Mercia Police,-2.275969,52.523736,On or near Pear Tree Lane,E01028842,Shropshire 034C,Other theft,Investigation complete; no suspect identified,
617b16d256eda8c8c5adf2743a0141cddf67b7ae07398d115bace9816efb8b53,2015-04,West Mercia Police,West Mercia Police,-2.297885,52.538911,On or near Clover Heath,E01028842,Shropshire 034C,Violence and sexual offences,Unable to prosecute suspect,
,2015-04,West Mercia Police,West Mercia Police,-2.402098,52.602206,On or near Windmill Lane,E01028847,Shropshire 034D,Anti-social behaviour,,
,2015-04,West Mercia Police,West Mercia Police,-2.402896,52.600639,On or near Bridgnorth Road,E01028847,Shropshire 034D,Anti-social behaviour,,
,2015-04,West Mercia Police,West Mercia Police,-2.407698,52.610503,On or near Vicarage Lane,E01028847,Shropshire 034D,Anti-social behaviour,,
,2015-04,West Mercia Police,West Mercia Police,-2.414946,52.619584,On or near Petrol Station,E01028847,Shropshire 034D,Anti-social behaviour,,
775c6ac7aa57a6e5fe05837d0652c7abab6fa5ce148b053fc68b6d6010c4ef95,2015-04,West Mercia Police,West Mercia Police,-2.373860,52.625591,On or near Grindle Road,E01028847,Shropshire 034D,Bicycle theft,Investigation complete; no suspect identified,
61828534787d2157978d4be893720bcbd574a5ae6d9cfe31278d16230aab92ce,2015-04,West Mercia Police,West Mercia Police,-2.413088,52.626189,On or near B4379,E01028847,Shropshire 034D,Burglary,Investigation complete; no suspect identified,
04650b635138df81d31133bc603b0d136fc8e6159ff60d5abbdfbfe9adfbd232,2015-04,West Mercia Police,West Mercia Police,-2.413088,52.626189,On or near B4379,E01028847,Shropshire 034D,Burglary,Investigation complete; no suspect identified,
0692d6e13a4ca252513a4e1aa73c20a46474d79be49c4fe33dee6e651d3b73e2,2015-04,West Mercia Police,West Mercia Police,-2.413088,52.626189,On or near B4379,E01028847,Shropshire 034D,Burglary,Investigation complete; no suspect identified,
a3d41ae0628257e620d4e4a2a109438272a3f93951472f642108b87975948eb9,2015-04,West Mercia Police,West Mercia Police,-2.413088,52.626189,On or near B4379,E01028847,Shropshire 034D,Burglary,Investigation complete; no suspect identified,
b2d9c5d5916f1fa93eb0c77647595b2b93f0830d9c6fed79f6f3f124c1a87600,2015-04,West Mercia Police,West Mercia Police,-2.399878,52.601629,On or near Village Road,E01028847,Shropshire 034D,Burglary,Investigation complete; no suspect identified,
737600f295ed86efef8104df96543561807bf35d12c324e85f264f9b3d29cfe0,2015-04,West Mercia Police,West Mercia Police,-2.400345,52.638252,On or near Mill Lane,E01028847,Shropshire 034D,Burglary,Investigation complete; no suspect identified,
a38d0489f6b4ac72477337e0a90ad223c0e6783d4c1e2924f18fde9c2ee9aed5,2015-04,West Mercia Police,West Mercia Police,-2.402896,52.600639,On or near Bridgnorth Road,E01028847,Shropshire 034D,Burglary,Investigation complete; no suspect identified,
0a0980f7a50fbbec11adcf228a2c696f8db28e3a143b78ad8cdeeec56eeadedc,2015-04,West Mercia Police,West Mercia Police,-2.413088,52.626189,On or near B4379,E01028847,Shropshire 034D,Burglary,Investigation complete; no suspect identified,
d597ffbf04e2b79d046637dde8f6e6181710929840d9cd4699a7cf27730ed1b4,2015-04,West Mercia Police,West Mercia Police,-2.414946,52.619584,On or near Petrol Station,E01028847,Shropshire 034D,Other theft,Investigation complete; no suspect identified,
a79f53509dea4e86fc4fb6e38f2a496e96b50a63549441b57fa9469c04c76183,2015-04,West Mercia Police,West Mercia Police,-2.414946,52.619584,On or near Petrol Station,E01028847,Shropshire 034D,Other theft,Investigation complete; no suspect identified,
958f87a3f3810189df31d470c8bb8e1da9c599478dc205eb61ace87f2a2d4af1,2015-04,West Mercia Police,West Mercia Police,-2.414946,52.619584,On or near Petrol Station,E01028847,Shropshire 034D,Other theft,Investigation complete; no suspect identified,
9f8714c57366003bb350c15ed1ff3f4e7f28350cf39cb4b9e078b77c097aaf89,2015-04,West Mercia Police,West Mercia Police,-2.414946,52.619584,On or near Petrol Station,E01028847,Shropshire 034D,Other theft,Investigation complete; no suspect identified,
56b4c34de884ab974ceaf6e200793fe934dc641e823a7cdc66c9056e47cef63b,2015-04,West Mercia Police,West Mercia Police,-2.414946,52.619584,On or near Petrol Station,E01028847,Shropshire 034D,Other theft,Investigation complete; no suspect identified,
5fd31d30e1d65ad35c53bd28774d171a972f359caea7701cd92c3697b767c8f3,2015-04,West Mercia Police,West Mercia Police,-2.407698,52.610503,On or near Vicarage Lane,E01028847,Shropshire 034D,Other theft,Investigation complete; no suspect identified,
e5742e4e36b259d9ce3b587863de3fd9b0f154c737a61abd1bf201d6700d966c,2015-04,West Mercia Police,West Mercia Police,-2.414946,52.619584,On or near Petrol Station,E01028847,Shropshire 034D,Robbery,Under investigation,
a4e7fbf8b3e74b38dd3f4b3a49cbe27b4da55d2201f5b805cb855d7788891fc9,2015-04,West Mercia Police,West Mercia Police,-2.428083,52.624653,On or near Brick Kiln Lane,E01028847,Shropshire 034D,Vehicle crime,Investigation complete; no suspect identified,
8c1d2c8dd15a8bd7c6dc95d220cfc0f1d2617e71fb2972fdb2d92b74f04b582b,2015-04,West Mercia Police,West Mercia Police,-2.407698,52.610503,On or near Vicarage Lane,E01028847,Shropshire 034D,Vehicle crime,Suspect charged as part of another case,
,2015-04,West Mercia Police,West Mercia Police,-2.393561,52.564001,On or near A442,E01028859,Shropshire 034E,Anti-social behaviour,,
,2015-04,West Mercia Police,West Mercia Police,-2.331835,52.553861,On or near Sandpit Lane,E01028859,Shropshire 034E,Anti-social behaviour,,
,2015-04,West Mercia Police,West Mercia Police,-2.365853,52.545841,On or near Brook Lane,E01028859,Shropshire 034E,Anti-social behaviour,,
b3aa27d610e8211a739ed453488ec322246b96c66e33624a9403b8a8c7003678,2015-04,West Mercia Police,West Mercia Police,-2.360550,52.559198,On or near Hallon,E01028859,Shropshire 034E,Burglary,Investigation complete; no suspect identified,
1262a1ae7c1a8478f3590e5b3c056d0ef8cb55fe8d4c56e44f1f9eba621380ee,2015-04,West Mercia Police,West Mercia Police,-2.340773,52.586289,On or near Rosemount Gardens,E01028859,Shropshire 034E,Other theft,Investigation complete; no suspect identified,
f6ee585eb517783461ab4350dbabda980fac3a752a0f45e7123f1213d7953aad,2015-04,West Mercia Police,West Mercia Police,-2.396948,52.548590,On or near Batch Lane,E01028859,Shropshire 034E,Other theft,Investigation complete; no suspect identified,
882388dd40368fe59f055a95142c8af5a3c0c883b161ab070a48ea8964c8c06b,2015-04,West Mercia Police,West Mercia Police,-2.350147,52.553170,On or near Petrol Station,E01028859,Shropshire 034E,Shoplifting,Investigation complete; no suspect identified,
62597f74db1ab4bf3b43928004fb739f959194d66fd4ffe47661d35ce44bf84b,2015-04,West Mercia Police,West Mercia Police,-2.331835,52.553861,On or near Sandpit Lane,E01028859,Shropshire 034E,Vehicle crime,Investigation complete; no suspect identified,
ad51c69bf8bb91dd1f448dadcbbc94ba85e0ae18733cdab22c5d3bb876ca8be0,2015-04,West Mercia Police,West Mercia Police,-2.306298,52.559342,On or near B4176,E01028859,Shropshire 034E,Violence and sexual offences,Unable to prosecute suspect,
a2645fa0590083e75ccbd1f3eb81f96727a1aa0fb537842b9d52f45a82157ac7,2015-04,West Mercia Police,West Mercia Police,-2.350147,52.553170,On or near Petrol Station,E01028859,Shropshire 034E,Violence and sexual offences,Investigation complete; no suspect identified,
,2015-04,West Mercia Police,West Mercia Police,-2.584304,52.495932,On or near Hall Road,E01028843,Shropshire 035A,Anti-social behaviour,,
,2015-04,West Mercia Police,West Mercia Police,-2.569994,52.502133,On or near Station Road,E01028843,Shropshire 035A,Anti-social behaviour,,
,2015-04,West Mercia Police,West Mercia Police,-2.569994,52.502133,On or near Station Road,E01028843,Shropshire 035A,Anti-social behaviour,,
,2015-04,West Mercia Police,West Mercia Police,-2.569994,52.502133,On or near Station Road,E01028843,Shropshire 035A,Anti-social behaviour,,
,2015-04,West Mercia Police,West Mercia Police,-2.569994,52.502133,On or near Station Road,E01028843,Shropshire 035A,Anti-social behaviour,,
d12d924ce99134e40cbff852a81a8458d17eb50b45baf1b759423e073a2bb081,2015-04,West Mercia Police,West Mercia Police,-2.560566,52.462819,On or near Oaktree Lane,E01028843,Shropshire 035A,Criminal damage and arson,Unable to prosecute suspect,
,2015-04,West Mercia Police,West Mercia Police,-2.412455,52.483351,On or near The Glebe,E01028846,Shropshire 035B,Anti-social behaviour,,
,2015-04,West Mercia Police,West Mercia Police,-2.410244,52.511668,On or near The Moat House,E01028846,Shropshire 035B,Anti-social behaviour,,
,2015-04,West Mercia Police,West Mercia Police,-2.412455,52.483351,On or near The Glebe,E01028846,Shropshire 035B,Anti-social behaviour,,
,2015-04,West Mercia Police,West Mercia Police,-2.409908,52.510303,On or near Apple Acre,E01028846,Shropshire 035B,Anti-social behaviour,,
3722392c2c976f042e4eb45057b73d2bceea4ef07902bca4a4a977e1ede772d1,2015-04,West Mercia Police,West Mercia Police,-2.487317,52.500543,On or near B4364,E01028846,Shropshire 035B,Burglary,Investigation complete; no suspect identified,
b166acf0549ea1e4127388a8ec7284b509f9727c549eaaee81714118449b99e2,2015-04,West Mercia Police,West Mercia Police,-2.487317,52.500543,On or near B4364,E01028846,Shropshire 035B,Burglary,Investigation complete; no suspect identified,
40b01e0f76b88540a870d1fa457053cd05a6fff7d39276ffce5f24a567117246,2015-04,West Mercia Police,West Mercia Police,-2.487317,52.500543,On or near B4364,E01028846,Shropshire 035B,Vehicle crime,Investigation complete; no suspect identified,
,2015-04,West Mercia Police,West Mercia Police,-2.389518,52.453950,On or near Willow Drive,E01028848,Shropshire 035C,Anti-social behaviour,,
c7c50694aa325f5d999acd828c4f643620a286b3f90cd05cea2ca4c359c5b674,2015-04,West Mercia Police,West Mercia Police,-2.379752,52.445963,On or near Cherry Bank,E01028848,Shropshire 035C,Burglary,Investigation complete; no suspect identified,
3515a8354e32017525f826297e31e2d54fed36124a45b682436c9adcbb4f76a3,2015-04,West Mercia Police,West Mercia Police,-2.390325,52.456986,On or near Hazelwells Road,E01028848,Shropshire 035C,Burglary,Investigation complete; no suspect identified,
af85ac2b039766f9eefc5da35eabd90803bce1a4babeb2fc35c140b3e79ace19,2015-04,West Mercia Police,West Mercia Police,-2.388683,52.454349,On or near Hawthorn Drive,E01028848,Shropshire 035C,Burglary,Investigation complete; no suspect identified,
f62c2b2847cb65f7cbf1b204cdc0a60aa3839d407f513718605b46297a414f70,2015-04,West Mercia Police,West Mercia Police,-2.383309,52.447354,On or near Witley Gardens,E01028848,Shropshire 035C,Violence and sexual offences,Offender given community sentence,
73521674692188cb49d9aacf80b30e69da7f575bb3261d8a3a1febaa44e1b6ef,2015-04,West Mercia Police,West Mercia Police,-2.389518,52.453950,On or near Willow Drive,E01028848,Shropshire 035C,Violence and sexual offences,Unable to prosecute suspect,
,2015-04,West Mercia Police,West Mercia Police,-2.382059,52.449102,On or near Parking Area,E01028849,Shropshire 035D,Anti-social behaviour,,
,2015-04,West Mercia Police,West Mercia Police,-2.394481,52.457728,On or near Woodhill Road,E01028849,Shropshire 035D,Anti-social behaviour,,
,2015-04,West Mercia Police,West Mercia Police,-2.382059,52.449102,On or near Parking Area,E01028849,Shropshire 035D,Anti-social behaviour,,
,2015-04,West Mercia Police,West Mercia Police,-2.383224,52.449422,On or near Borle Brook Court,E01028849,Shropshire 035D,Anti-social behaviour,,
4bd33dc34e35131c8db95ed991ae8191e806310e55de78d5e153b678be469fd3,2015-04,West Mercia Police,West Mercia Police,-2.381812,52.449427,On or near Orchard Street,E01028849,Shropshire 035D,Burglary,Investigation complete; no suspect identified,
8104bd75155c82b3502d3c40bbb65d1a90abe8b23d250ad6488297e5e043b58c,2015-04,West Mercia Police,West Mercia Police,-2.369368,52.444629,On or near Parking Area,E01028849,Shropshire 035D,Other theft,Investigation complete; no suspect identified,
530cd6f524978d65747800dfceec74e6efe5d91f44d4122f3434a4b5a0499d60,2015-04,West Mercia Police,West Mercia Police,-2.380204,52.447229,On or near Arley View Close,E01028849,Shropshire 035D,Other theft,Investigation complete; no suspect identified,
f9c68ae708dad4f1b419d570ceed81813c75bef0518265b4646c0f03e814da93,2015-04,West Mercia Police,West Mercia Police,-2.382645,52.450521,On or near Assembly Close,E01028849,Shropshire 035D,Other theft,Unable to prosecute suspect,
12d4388bf31e4a97cba222b023ef0d2abfb163552129f2edbbc88187fd80fde7,2015-04,West Mercia Police,West Mercia Police,-2.394052,52.454169,On or near Netherfield,E01028849,Shropshire 035D,Vehicle crime,Court result unavailable,
4c46953f05b9430b57879c3d69a624b5b33e9036a843cf9a292956b431433e8b,2015-04,West Mercia Police,West Mercia Police,-2.383161,52.448946,On or near Silverdale Terrace,E01028849,Shropshire 035D,Vehicle crime,Investigation complete; no suspect identified,
41477e44b84e2bb07f47f9f4e390606468069f1ba77b61318d7c78a51e34b389,2015-04,West Mercia Police,West Mercia Police,-2.394481,52.457728,On or near Woodhill Road,E01028849,Shropshire 035D,Violence and sexual offences,Awaiting court outcome,
866b87e2f27271f202db8762047fe5dbcd9828fd7dc259b79c7cac98a8cd4283,2015-04,West Mercia Police,West Mercia Police,-2.394481,52.457728,On or near Woodhill Road,E01028849,Shropshire 035D,Violence and sexual offences,Awaiting court outcome,
cb9abbc14231ea26dbcdcef4121e1e77fbedacced954ec9db1568010774ae62b,2015-04,West Mercia Police,West Mercia Police,-2.381963,52.449929,On or near Coronation Street,E01028849,Shropshire 035D,Violence and sexual offences,Unable to prosecute suspect,
3cbadc3bcee595757efbd1a0e2dd8e7fa660efebe9e328756f833b2b80c37714,2015-04,West Mercia Police,West Mercia Police,-2.415407,52.418495,On or near Little Stocks Close,E01028858,Shropshire 035E,Burglary,Investigation complete; no suspect identified,
,2015-04,West Mercia Police,West Mercia Police,-2.599297,52.394961,On or near Parking Area,E01028993,Shropshire 036A,Anti-social behaviour,,
,2015-04,West Mercia Police,West Mercia Police,-2.774670,52.444763,On or near B4368,E01029004,Shropshire 036B,Anti-social behaviour,,
,2015-04,West Mercia Police,West Mercia Police,-2.774670,52.444763,On or near B4368,E01029004,Shropshire 036B,Anti-social behaviour,,
ae01f0f41cefb16f3ec8f526c4d467bed6235be28095c9f238066db5f3071908,2015-04,West Mercia Police,West Mercia Police,-2.731516,52.378942,On or near Burway Lane,E01029004,Shropshire 036B,Other theft,Investigation complete; no suspect identified,
59c55b915353a0ae0fbd614c8459fd6577cc2506a4aaccb008bd1377b741f0e5,2015-04,West Mercia Police,West Mercia Police,-2.762317,52.387971,On or near A49,E01029004,Shropshire 036B,Other theft,Investigation complete; no suspect identified,
238691fdebdcc324295610be3956561fc47a9e634824c192fd98228a8fae1c57,2015-04,West Mercia Police,West Mercia Police,-2.774670,52.444763,On or near B4368,E01029004,Shropshire 036B,Violence and sexual offences,Unable to prosecute suspect,
6fc7febaccf1ec77cf0a3dedab4f7840c22c390035721997b507f7b0560cad88,2015-04,West Mercia Police,West Mercia Police,-2.774670,52.444763,On or near B4368,E01029004,Shropshire 036B,Violence and sexual offences,Unable to prosecute suspect,
,2015-04,West Mercia Police,West Mercia Police,-2.847422,52.441576,On or near Watling Street,E01029013,Shropshire 036C,Anti-social behaviour,,
8d8e81022acac740dd2d3f767e140e54d31c86190f75cfb2145971b69d9ccbb0,2015-04,West Mercia Police,West Mercia Police,-2.841201,52.443221,On or near Maple Close,E01029013,Shropshire 036C,Criminal damage and arson,Unable to prosecute suspect,
5acdb0af7cc3cc47842c09d388bb88d59663369367b2cf5294be47ccec3d9b99,2015-04,West Mercia Police,West Mercia Police,-2.842843,52.439828,On or near Clun Road,E01029013,Shropshire 036C,Criminal damage and arson,Investigation complete; no suspect identified,
bbf14ad86e18297874a9afd0894fc816cfeea32e8d65237a090646bce2d7e8c2,2015-04,West Mercia Police,West Mercia Police,-2.834907,52.437925,On or near Craven Arms Police Station,E01029013,Shropshire 036C,Shoplifting,Investigation complete; no suspect identified,
2511e834097ad85cfd22fdb3855e04590fd02fcc5c65b864789642476d91ffbd,2015-04,West Mercia Police,West Mercia Police,-2.833234,52.438926,On or near Market Street,E01029013,Shropshire 036C,Vehicle crime,Investigation complete; no suspect identified,
fea27f6783a6b5209bc1249a9ab5f33abfd00b6683d114a7042247180ef9dbc7,2015-04,West Mercia Police,West Mercia Police,-2.843821,52.440199,On or near Willow Grove,E01029013,Shropshire 036C,Violence and sexual offences,Unable to prosecute suspect,
1764e08228087f00847d95f66a4af0f6c4884c4a7f016f262a1d25fc4cadda13,2015-04,West Mercia Police,West Mercia Police,-2.833088,52.439772,On or near Dale Street,E01029013,Shropshire 036C,Violence and sexual offences,Unable to prosecute suspect,
11ff9dc991befeeed6a54d77f54107ebbe77c6c334f94863b911b710e4a7c355,2015-04,West Mercia Police,West Mercia Police,-2.843821,52.440199,On or near Willow Grove,E01029013,Shropshire 036C,Violence and sexual offences,Court result unavailable,
43b25eaaea66f66e10899644eaf5a4f10ca534b7eeb0f7a92261a6c20149c88d,2015-04,West Mercia Police,West Mercia Police,-2.829350,52.401311,On or near Green Lane,E01029013,Shropshire 036C,Violence and sexual offences,Unable to prosecute suspect,
,2015-04,West Mercia Police,West Mercia Police,-2.838462,52.442323,On or near Brooklands Park,E01029014,Shropshire 036D,Anti-social behaviour,,
,2015-04,West Mercia Police,West Mercia Police,-2.833629,52.441890,On or near Onnybrook Drive,E01029014,Shropshire 036D,Anti-social behaviour,,
,2015-04,West Mercia Police,West Mercia Police,-2.836158,52.441809,On or near Whitemeadow Close,E01029014,Shropshire 036D,Anti-social behaviour,,
,2015-04,West Mercia Police,West Mercia Police,-2.836932,52.443062,On or near Station Crescent,E01029014,Shropshire 036D,Anti-social behaviour,,
,2015-04,West Mercia Police,West Mercia Police,-2.835863,52.443330,On or near Shrewsbury Road,E01029014,Shropshire 036D,Anti-social behaviour,,
,2015-04,West Mercia Police,West Mercia Police,-2.832974,52.441481,On or near Halford Crescent,E01029014,Shropshire 036D,Anti-social behaviour,,
b9d1be0f6f3db3cc744d5bb4a3b3584fc1b5b4e4781a60879b064a8468eb2058,2015-04,West Mercia Police,West Mercia Police,-2.836158,52.441809,On or near Whitemeadow Close,E01029014,Shropshire 036D,Criminal damage and arson,Investigation complete; no suspect identified,
62855bc6fe5cd26da11aa0f9d696fd7b753b1f723c959d98197d911cb5dc7c0a,2015-04,West Mercia Police,West Mercia Police,-2.834084,52.441068,On or near Mynd View,E01029014,Shropshire 036D,Other theft,Unable to prosecute suspect,
dad2664ebf9012cae03741e64c7f01ec7bf15e84a5c1e633b92e413a61506a00,2015-04,West Mercia Police,West Mercia Police,-2.834330,52.440878,On or near Parking Area,E01029014,Shropshire 036D,Other theft,Investigation complete; no suspect identified,
2d78e0df0cc35495ce13d2b32fabe4dfec131b9db2377be8d38331f30b206c45,2015-04,West Mercia Police,West Mercia Police,-2.834330,52.440878,On or near Parking Area,E01029014,Shropshire 036D,Other theft,Unable to prosecute suspect,
fbd11fcd310951333d9a086e820b0e9c97d167a3419fb022320d422e2fa7320b,2015-04,West Mercia Police,West Mercia Police,-2.834330,52.440878,On or near Parking Area,E01029014,Shropshire 036D,Violence and sexual offences,Unable to prosecute suspect,
4c50e65026c303c4c92e3ee650b420c4cfa54bfd6277a8b82d5339cc366a1140,2015-04,West Mercia Police,West Mercia Police,-2.835863,52.443330,On or near Shrewsbury Road,E01029014,Shropshire 036D,Violence and sexual offences,Offender sent to prison,
6249626795c0beb01822a013c4edf0b79bd8af5d4aaacea16b9345c1077ab58d,2015-04,West Mercia Police,West Mercia Police,-2.835863,52.443330,On or near Shrewsbury Road,E01029014,Shropshire 036D,Violence and sexual offences,Offender sent to prison,
98f842d21376c965179b81b51611fa553bc206ef1502c3cdedaeef764cbd6403,2015-04,West Mercia Police,West Mercia Police,-2.835863,52.443330,On or near Shrewsbury Road,E01029014,Shropshire 036D,Violence and sexual offences,Offender sent to prison,
dc1d92a2b622919c49849ce4e7b52097569f586d792b417c20c3757f5143021f,2015-04,West Mercia Police,West Mercia Police,-2.723003,52.461147,On or near Park/Open Space,E01029015,Shropshire 036E,Violence and sexual offences,Unable to prosecute suspect,
,2015-04,West Mercia Police,West Mercia Police,-2.950667,52.361468,On or near Chestnut Meadow,E01028994,Shropshire 037A,Anti-social behaviour,,
,2015-04,West Mercia Police,West Mercia Police,-2.945568,52.359253,On or near Petrol Station,E01028994,Shropshire 037A,Anti-social behaviour,,
aa657db323769d94900700dc981f1eab5be36d49c2fa46cf158295402ada89b3,2015-04,West Mercia Police,West Mercia Police,-2.945568,52.359253,On or near Petrol Station,E01028994,Shropshire 037A,Burglary,Unable to prosecute suspect,
42c9695e232a4c94b6543247539df0ae6961d53089c0fdc1d662003cdcb7c3ab,2015-04,West Mercia Police,West Mercia Police,-2.945568,52.359253,On or near Petrol Station,E01028994,Shropshire 037A,Violence and sexual offences,Unable to prosecute suspect,
dab057eb59bc3a84e473746d67b939726ec961cf1b9a9c96210f57c527272d10,2015-04,West Mercia Police,West Mercia Police,-2.886767,52.403744,On or near Chapel Court,E01028994,Shropshire 037A,Violence and sexual offences,Unable to prosecute suspect,
,2015-04,West Mercia Police,West Mercia Police,-3.033187,52.420778,On or near Sports/Recreation Area,E01029003,Shropshire 037B,Anti-social behaviour,,
,2015-04,West Mercia Police,West Mercia Police,-3.028748,52.422768,On or near Newport Street,E01029003,Shropshire 037B,Anti-social behaviour,,
5c034985e9d5de5d0617358fb635a6b947c9fdfca5d55086ec16db9e84457523,2015-04,West Mercia Police,West Mercia Police,-3.030195,52.419860,On or near Church Street,E01029003,Shropshire 037B,Violence and sexual offences,Investigation complete; no suspect identified,
16d2ab65ba50a69a12613cad7a63e9ebcae2a9fff51af98c17c18a73d4828f50,2015-04,West Mercia Police,West Mercia Police,-3.033869,52.417886,On or near St George'S Place,E01029003,Shropshire 037B,Violence and sexual offences,Unable to prosecute suspect,
,2015-04,West Mercia Police,West Mercia Police,-2.959914,52.467543,On or near Oak Tree Crescent,E01029005,Shropshire 037C,Anti-social behaviour,,
,2015-04,West Mercia Police,West Mercia Police,-2.959384,52.468905,On or near Habershan Close,E01029005,Shropshire 037C,Anti-social behaviour,,
cfa1f5d87a7e46e783a93c0426fabb54449cefd0e81cf34bb7d63123b3ddef74,2015-04,West Mercia Police,West Mercia Police,-2.967659,52.426026,On or near B4368,E01029005,Shropshire 037C,Burglary,Investigation complete; no suspect identified,
15e34e1d4c2a9de2ef8ba03952b7b8b3ae0ae47a5a96aeba3eaf52ad9ebf5c6f,2015-04,West Mercia Police,West Mercia Police,-2.914579,52.492572,On or near A489,E01029005,Shropshire 037C,Criminal damage and arson,Investigation complete; no suspect identified,
1fff19f5740104f2d85aa09ceae124fd69ef93fbd3e65dca84ecce05107793b1,2015-04,West Mercia Police,West Mercia Police,-2.903419,52.463331,On or near Basford Bank,E01029005,Shropshire 037C,Criminal damage and arson,Unable to prosecute suspect,
2296baa549514f944c57ab2dfe105411668539ef86f8dff844eb9c9f09626d84,2015-04,West Mercia Police,West Mercia Police,-2.903419,52.463331,On or near Basford Bank,E01029005,Shropshire 037C,Violence and sexual offences,Unable to prosecute suspect,
7efff8e577807ba4cd7122963ddb979d959ffc0428eca3c0312a79bb1dc74ce1,2015-04,West Mercia Police,West Mercia Police,-2.954470,52.467659,On or near St Michaels Close,E01029005,Shropshire 037C,Violence and sexual offences,Local resolution,
,2015-04,West Mercia Police,West Mercia Police,-2.868892,52.435127,On or near Clun Road,E01029016,Shropshire 037D,Anti-social behaviour,,
,2015-04,West Mercia Police,West Mercia Police,-2.858473,52.450019,On or near Long Lane,E01029016,Shropshire 037D,Anti-social behaviour,,
,2015-04,West Mercia Police,West Mercia Police,-2.849291,52.493607,On or near B4370,E01029016,Shropshire 037D,Anti-social behaviour,,
6329d0d9b80e4c3a07caf9966f5f7e81064ccc0527ec1a7829a8c8dc388377c1,2015-04,West Mercia Police,West Mercia Police,-2.838650,52.466928,On or near Greene Close,E01029016,Shropshire 037D,Burglary,Investigation complete; no suspect identified,
,2015-04,West Mercia Police,West Mercia Police,-2.715974,52.370766,On or near Station Drive,E01029006,Shropshire 038A,Anti-social behaviour,,
,2015-04,West Mercia Police,West Mercia Police,-2.714765,52.371393,On or near Quarry Gardens,E01029006,Shropshire 038A,Anti-social behaviour,,
,2015-04,West Mercia Police,West Mercia Police,-2.715974,52.370766,On or near Station Drive,E01029006,Shropshire 038A,Anti-social behaviour,,
,2015-04,West Mercia Police,West Mercia Police,-2.715974,52.370766,On or near Station Drive,E01029006,Shropshire 038A,Anti-social behaviour,,
d9d15fe631abafa96c9efc8924a059f117eb605c9cc73d353e8d6ae586dff3c9,2015-04,West Mercia Police,West Mercia Police,-2.708297,52.372934,On or near Sandpits Road,E01029006,Shropshire 038A,Burglary,Investigation complete; no suspect identified,
3a185026570dd7a46b8c5deb4dce4d2b8077b0e9fc3709caf0da888dea15df42,2015-04,West Mercia Police,West Mercia Police,-2.715073,52.372326,On or near Hillside,E01029006,Shropshire 038A,Criminal damage and arson,Investigation complete; no suspect identified,
1669cbd568b7a50f8ad9fb75b9cf30e5a1802fb8a2a7f3ce4e981ac05b28917b,2015-04,West Mercia Police,West Mercia Police,-2.700961,52.372528,On or near St Margaret Road,E01029006,Shropshire 038A,Vehicle crime,Investigation complete; no suspect identified,
07b2bdfd3044bf40f6eee95e02c677508d9c32aa30ece508c8bf3d0142e132bc,2015-04,West Mercia Police,West Mercia Police,-2.714765,52.371393,On or near Quarry Gardens,E01029006,Shropshire 038A,Violence and sexual offences,Unable to prosecute suspect,
,2015-04,West Mercia Police,West Mercia Police,-2.707155,52.370423,On or near Sandpits Avenue,E01029007,Shropshire 038B,Anti-social behaviour,,
,2015-04,West Mercia Police,West Mercia Police,-2.705847,52.367572,On or near Sidney Road,E01029007,Shropshire 038B,Anti-social behaviour,,
,2015-04,West Mercia Police,West Mercia Police,-2.707155,52.370423,On or near Sandpits Avenue,E01029007,Shropshire 038B,Anti-social behaviour,,
,2015-04,West Mercia Police,West Mercia Police,-2.707155,52.370423,On or near Sandpits Avenue,E01029007,Shropshire 038B,Anti-social behaviour,,
,2015-04,West Mercia Police,West Mercia Police,-2.707147,52.368976,On or near Mortimer Place,E01029007,Shropshire 038B,Anti-social behaviour,,
,2015-04,West Mercia Police,West Mercia Police,-2.704914,52.369870,On or near Sandford Road,E01029007,Shropshire 038B,Anti-social behaviour,,
,2015-04,West Mercia Police,West Mercia Police,-2.707883,52.368198,On or near Housman Crescent,E01029007,Shropshire 038B,Anti-social behaviour,,
,2015-04,West Mercia Police,West Mercia Police,-2.704914,52.369870,On or near Sandford Road,E01029007,Shropshire 038B,Anti-social behaviour,,
,2015-04,West Mercia Police,West Mercia Police,-2.707155,52.370423,On or near Sandpits Avenue,E01029007,Shropshire 038B,Anti-social behaviour,,
b2d2ef52a73b31875481375a32fd15d259e422348d2c8f594450525d5f05a17f,2015-04,West Mercia Police,West Mercia Police,-2.707883,52.368198,On or near Housman Crescent,E01029007,Shropshire 038B,Drugs,Offender given a caution,
5fd7f2ded7205b5e11e6e0cbe7d93ab943eb965cd37128cabebe87f2867ffe72,2015-04,West Mercia Police,West Mercia Police,-2.707147,52.368976,On or near Mortimer Place,E01029007,Shropshire 038B,Other theft,Investigation complete; no suspect identified,
02ef13d6342e0c9b1b900465d5c5ba76a553f793a53159e9262e207910b0b1d5,2015-04,West Mercia Police,West Mercia Police,-2.707897,52.369025,On or near Rock Lane,E01029007,Shropshire 038B,Other theft,Investigation complete; no suspect identified,
bfa60c5751421fcc9e05b7c74b372a538d3291b3c64b1b21e4d222c63df2021b,2015-04,West Mercia Police,West Mercia Police,-2.705898,52.368974,On or near Milton Road,E01029007,Shropshire 038B,Possession of weapons,Unable to prosecute suspect,
78505dc608c7c31f316e9856171f5138f281df5be094843bbab9f08f4b2272be,2015-04,West Mercia Police,West Mercia Police,-2.707155,52.370423,On or near Sandpits Avenue,E01029007,Shropshire 038B,Public order,Unable to prosecute suspect,
457e915dfd834dd3e1b9483ce3a34d6ec1a3502d239c17a5489a2d1a91845e9f,2015-04,West Mercia Police,West Mercia Police,-2.704365,52.370458,On or near Riddings Meadow,E01029007,Shropshire 038B,Vehicle crime,Under investigation,
5bb09ba7e536d697c071eab160cd6fc6e456f84709bd85669c648d41671db197,2015-04,West Mercia Police,West Mercia Police,-2.707883,52.368198,On or near Housman Crescent,E01029007,Shropshire 038B,Violence and sexual offences,Unable to prosecute suspect,
e253a291d650e89302db3754981bf2d8af426f59c335b578f6fc464293641aee,2015-04,West Mercia Police,West Mercia Police,-2.707155,52.370423,On or near Sandpits Avenue,E01029007,Shropshire 038B,Violence and sexual offences,Unable to prosecute suspect,
f1169369f7238960453e48c7d46c82a9ca22e97140ef40c429739c0299d4c8ad,2015-04,West Mercia Police,West Mercia Police,-2.707897,52.369025,On or near Rock Lane,E01029007,Shropshire 038B,Violence and sexual offences,Unable to prosecute suspect,
b8789583f45b5852502ca1da915a14efc838333d4260b44eed5137bdafc6754d,2015-04,West Mercia Police,West Mercia Police,-2.707155,52.370423,On or near Sandpits Avenue,E01029007,Shropshire 038B,Violence and sexual offences,Unable to prosecute suspect,
0e7c975b02820c508c8bc2fd835f4b3b8070ceb5e28d43c92d656bbb5f1f1a68,2015-04,West Mercia Police,West Mercia Police,-2.707883,52.368198,On or near Housman Crescent,E01029007,Shropshire 038B,Violence and sexual offences,Unable to prosecute suspect,
3198cdf4688604016cd23482d3c235dda51b186e3e2496644ffe2d7b3cbcb6b5,2015-04,West Mercia Police,West Mercia Police,-2.707155,52.370423,On or near Sandpits Avenue,E01029007,Shropshire 038B,Violence and sexual offences,Unable to prosecute suspect,
ceccfe0bddb4dbbaab7551717160404453c77f912b2ed4490ed7b028ca9adcaf,2015-04,West Mercia Police,West Mercia Police,-2.707155,52.370423,On or near Sandpits Avenue,E01029007,Shropshire 038B,Violence and sexual offences,Court result unavailable,
914cd2cfbfcfc3571b7cf04753fb5032a8cb162b99ab000597c5e08919ae940e,2015-04,West Mercia Police,West Mercia Police,-2.705898,52.368974,On or near Milton Road,E01029007,Shropshire 038B,Violence and sexual offences,Unable to prosecute suspect,
52afd1c15186d6223bd1f7868ce268f43feaa74fc08068e69f24a0f8693903db,2015-04,West Mercia Police,West Mercia Police,-2.707155,52.370423,On or near Sandpits Avenue,E01029007,Shropshire 038B,Other crime,Unable to prosecute suspect,
,2015-04,West Mercia Police,West Mercia Police,-2.714801,52.375484,On or near New Street,E01029009,Shropshire 038D,Anti-social behaviour,,
,2015-04,West Mercia Police,West Mercia Police,-2.713135,52.378757,On or near Stanton Road,E01029009,Shropshire 038D,Anti-social behaviour,,
aef0bd961748ab005e8997027d22423014981e4d1a1046a40849a9a3373690a3,2015-04,West Mercia Police,West Mercia Police,-2.716838,52.377872,On or near Bringewood Road,E01029009,Shropshire 038D,Burglary,Investigation complete; no suspect identified,
2bae8cdaa1247e07c0500dfa3efcf71791cf8d637dae2a28c79a1772f3dc49f6,2015-04,West Mercia Police,West Mercia Police,-2.714587,52.379504,On or near Parking Area,E01029009,Shropshire 038D,Drugs,Offender given conditional discharge,
,2015-04,West Mercia Police,West Mercia Police,-2.708963,52.376939,On or near Henley Orchards,E01029010,Shropshire 038E,Anti-social behaviour,,
,2015-04,West Mercia Police,West Mercia Police,-2.707328,52.376643,On or near Potter Close,E01029010,Shropshire 038E,Anti-social behaviour,,
09fb4bb709106d91aa8ceb9f3bebbb8701c089a7b8baa1db0fe56d36a98cf77a,2015-04,West Mercia Police,West Mercia Police,-2.707528,52.378153,On or near A49,E01029010,Shropshire 038E,Drugs,Court result unavailable,
179d2770062136a266e59193663e80edf9c12ba62c892cf33ac53e87e53cdcca,2015-04,West Mercia Police,West Mercia Police,-2.714448,52.373652,On or near Hospital,E01029010,Shropshire 038E,Shoplifting,Offender given a caution,
63894c52eb356b249539dfe994b4c4408921f240228a637069b2456b3545456e,2015-04,West Mercia Police,West Mercia Police,-2.708250,52.375496,On or near Henley Road,E01029010,Shropshire 038E,Vehicle crime,Investigation complete; no suspect identified,
,2015-04,West Mercia Police,West Mercia Police,-2.712177,52.367588,On or near Ludlow Police Station,E01029011,Shropshire 038F,Anti-social behaviour,,
811b0c232d1fbb5e51605f31512fd51b1e12d5760384e4b19903b4575731a45e,2015-04,West Mercia Police,West Mercia Police,-2.711381,52.367404,On or near Parking Area,E01029011,Shropshire 038F,Vehicle crime,Investigation complete; no suspect identified,
d711bf2ffc304d5489961f8baf10b733e8457164438b2eef6b836a0afebd99bf,2015-04,West Mercia Police,West Mercia Police,-2.705468,52.365012,On or near Steventon New Road,E01029011,Shropshire 038F,Violence and sexual offences,Unable to prosecute suspect,
,2015-04,West Mercia Police,West Mercia Police,-2.736354,52.365102,On or near Killhorse Lane,E01029012,Shropshire 038G,Anti-social behaviour,,
,2015-04,West Mercia Police,West Mercia Police,-2.717177,52.363467,On or near Lower Broad Street,E01029012,Shropshire 038G,Anti-social behaviour,,
,2015-04,West Mercia Police,West Mercia Police,-2.703926,52.377949,On or near Fearney Avenue,E01029012,Shropshire 038G,Anti-social behaviour,,
abc6c9a40dd486592f09768ddb1641afac096c7eabf2bcb21c73b58b15227a2f,2015-04,West Mercia Police,West Mercia Police,-2.697535,52.363908,On or near Foldgate View,E01029012,Shropshire 038G,Burglary,Investigation complete; no suspect identified,
,2015-04,West Mercia Police,West Mercia Police,-2.716564,52.369135,On or near Parking Area,E01033526,Shropshire 038H,Anti-social behaviour,,
,2015-04,West Mercia Police,West Mercia Police,-2.716453,52.368650,On or near Supermarket,E01033526,Shropshire 038H,Anti-social behaviour,,
,2015-04,West Mercia Police,West Mercia Police,-2.719459,52.367427,On or near Market Street,E01033526,Shropshire 038H,Anti-social behaviour,,
,2015-04,West Mercia Police,West Mercia Police,-2.715297,52.368873,On or near Upper Galdeford,E01033526,Shropshire 038H,Anti-social behaviour,,
67cbfb55d0f2e159c4df5ae0a1631c8157719205e9fa5e54025d2e08f8340d7c,2015-04,West Mercia Police,West Mercia Police,-2.717627,52.368562,On or near Bull Ring,E01033526,Shropshire 038H,Burglary,Investigation complete; no suspect identified,
77f41270c9d424da094ec96e34e8ad74bffdc24ab42d2b014d162c3c0b749df3,2015-04,West Mercia Police,West Mercia Police,-2.717627,52.368562,On or near Bull Ring,E01033526,Shropshire 038H,Criminal damage and arson,Investigation complete; no suspect identified,
69034a055b0760117197bf5daf50d99fa3a71d7fc4ad170ecb8edb707f9e3a11,2015-04,West Mercia Police,West Mercia Police,-2.719459,52.367427,On or near Market Street,E01033526,Shropshire 038H,Criminal damage and arson,Local resolution,
046abf9a30a217455f090fd869971d2ef66189c255fa1179dd82123bd4404b71,2015-04,West Mercia Police,West Mercia Police,-2.716564,52.369135,On or near Parking Area,E01033526,Shropshire 038H,Other theft,Unable to prosecute suspect,
c7d2ae689d7696e9d1cb5f44852b3e5362c5c8b800da6da1afcf14dee8920552,2015-04,West Mercia Police,West Mercia Police,-2.716453,52.368650,On or near Supermarket,E01033526,Shropshire 038H,Shoplifting,Local resolution,
37cae026aeecd5870dafe654f6a2eaf7de23b6ed53bc8a205db97df1f6e4e5b8,2015-04,West Mercia Police,West Mercia Police,-2.716453,52.368650,On or near Supermarket,E01033526,Shropshire 038H,Vehicle crime,Investigation complete; no suspect identified,
1a841094f0568ca71ba2feb305265dcc31d2195a2d0455c83d20521ab0744225,2015-04,West Mercia Police,West Mercia Police,-2.718535,52.366570,On or near Broad Street,E01033526,Shropshire 038H,Violence and sexual offences,Unable to prosecute suspect,
57bcc338fbb6da7279533556eb4dd18f842aabea2118d96d49abfeb77ed274fa,2015-04,West Mercia Police,West Mercia Police,-2.714846,52.367347,On or near Friars Garden,E01033526,Shropshire 038H,Violence and sexual offences,Unable to prosecute suspect,
36020fff132d6ecb11a69ee60cf9d33b9f2b02b000cf2bc6e3ece351e40db3c9,2015-04,West Mercia Police,West Mercia Police,-2.717627,52.368562,On or near Bull Ring,E01033526,Shropshire 038H,Violence and sexual offences,Offender given conditional discharge,
7e5a430bf2f4ba536bf348ebbc612d381577bfcec4b567f310e6717f526e9c1e,2015-04,West Mercia Police,West Mercia Police,-2.716453,52.368650,On or near Supermarket,E01033526,Shropshire 038H,Violence and sexual offences,Local resolution,
60b8518da0181f3cd784e7fca16e5b0f119ccf4596d960c4e99a8c667f81be63,2015-04,West Mercia Police,West Mercia Police,-2.716453,52.368650,On or near Supermarket,E01033526,Shropshire 038H,Violence and sexual offences,Local resolution,
3ea9960fa3e39b64652af70cafac4264244866790b6a63f609f3109cce945502,2015-04,West Mercia Police,West Mercia Police,-2.716453,52.368650,On or near Supermarket,E01033526,Shropshire 038H,Other crime,Unable to prosecute suspect,
,2015-04,West Mercia Police,West Mercia Police,-2.717258,52.363898,On or near Lower Broad Street,E01033527,Shropshire 038I,Anti-social behaviour,,
,2015-04,West Mercia Police,West Mercia Police,-2.718606,52.370983,On or near Supermarket,E01033527,Shropshire 038I,Anti-social behaviour,,
edd4f313890407bbeab56461704037ad2503ea6f37e1a3f3875d6a719301f658,2015-04,West Mercia Police,West Mercia Police,-2.725794,52.375794,On or near Sports/Recreation Area,E01033527,Shropshire 038I,Burglary,Investigation complete; no suspect identified,
040086cf1ce61865e869b4f79ff440cdc4e428e9bf28427200aa1aa2e7854da8,2015-04,West Mercia Police,West Mercia Police,-2.725794,52.375794,On or near Sports/Recreation Area,E01033527,Shropshire 038I,Burglary,Investigation complete; no suspect identified,
7db581b1ec500cd492902d5cd70c597d668c0d3bae9af2e92b02be533a93061e,2015-04,West Mercia Police,West Mercia Police,-2.718606,52.370983,On or near Supermarket,E01033527,Shropshire 038I,Criminal damage and arson,Investigation complete; no suspect identified,
7c62833f1c3fbd7e3ea24ba07ab7fe7f5ec1c0d8dbdddb90a91fe2bef375398e,2015-04,West Mercia Police,West Mercia Police,-2.719186,52.365073,On or near Silk Mill Lane,E01033527,Shropshire 038I,Criminal damage and arson,Investigation complete; no suspect identified,
da6444a7bfa8d3f57d85923ab7a4469350b516d3f1dcf990dd4b0f3b848bdf10,2015-04,West Mercia Police,West Mercia Police,-2.718606,52.370983,On or near Supermarket,E01033527,Shropshire 038I,Other theft,Unable to prosecute suspect,
1d42411d8d27e7058403bf72b26a12eea4eff9c28b45fcc34a8a7ea86b1e2df2,2015-04,West Mercia Police,West Mercia Police,-2.717258,52.363898,On or near Lower Broad Street,E01033527,Shropshire 038I,Other theft,Unable to prosecute suspect,
8c95ca7a495daea0ea0cf333b727c9fabecaf8556f51783497f40b605134de73,2015-04,West Mercia Police,West Mercia Police,-2.718606,52.370983,On or near Supermarket,E01033527,Shropshire 038I,Public order,Unable to prosecute suspect,
4fe60b46f212dc8991cc93b4a5e8fb0fa150ec2398e82b945061c606e3dab0d2,2015-04,West Mercia Police,West Mercia Police,-2.719713,52.366787,On or near Raven Lane,E01033527,Shropshire 038I,Shoplifting,Investigation complete; no suspect identified,
c6a46a1c95b11407fbb61176b6d4233ae1f3a6ec17a7661c774be254c72e6cd5,2015-04,West Mercia Police,West Mercia Police,-2.718606,52.370983,On or near Supermarket,E01033527,Shropshire 038I,Violence and sexual offences,Unable to prosecute suspect,
,2015-04,West Mercia Police,West Mercia Police,-2.571614,52.316820,On or near A456,E01028995,Shropshire 039A,Anti-social behaviour,,
e84da82e021bd217bae8aaec8fe0b2868c6f086c7e2208106a11380ff73491d3,2015-04,West Mercia Police,West Mercia Police,-2.594010,52.314264,On or near Petrol Station,E01028995,Shropshire 039A,Burglary,Investigation complete; no suspect identified,
02058af1c36d322164335df3003851760567befda5fc919227ebade34ad9b70d,2015-04,West Mercia Police,West Mercia Police,-2.592443,52.317706,On or near Boraston Lane,E01028995,Shropshire 039A,Criminal damage and arson,Offender given a caution,
ca68d0c121934555ad7659baa2abe8ca84ab1f445689a2d58f76e44b4abbecd3,2015-04,West Mercia Police,West Mercia Police,-2.615229,52.310568,On or near Park/Open Space,E01028995,Shropshire 039A,Vehicle crime,Investigation complete; no suspect identified,
c889d03713db6d62e73ad1ac8fafe8c0063a21a56c95cf68012c57a5d4eeab8a,2015-04,West Mercia Police,West Mercia Police,-2.592443,52.317706,On or near Boraston Lane,E01028995,Shropshire 039A,Violence and sexual offences,Unable to prosecute suspect,
29056c922e8bd9976ea59a16aa608bf309e26ec5b2ff26be4fdfd4861f60204f,2015-04,West Mercia Police,West Mercia Police,-2.592443,52.317706,On or near Boraston Lane,E01028995,Shropshire 039A,Violence and sexual offences,Offender given a caution,
26e6f7aa11c7f69cffa521f30db53f9b07b75743f337450026c221f99ee54604,2015-04,West Mercia Police,West Mercia Police,-2.588616,52.316781,On or near Castle Close,E01028995,Shropshire 039A,Other crime,Unable to prosecute suspect,
,2015-04,West Mercia Police,West Mercia Police,-2.625077,52.368189,On or near Caynham Road,E01028996,Shropshire 039B,Anti-social behaviour,,
,2015-04,West Mercia Police,West Mercia Police,-2.699552,52.332664,On or near Parking Area,E01028996,Shropshire 039B,Anti-social behaviour,,
a01626c3a57c1e7388d79843794579f449881b97010cd6bf4dc0e71f99162299,2015-04,West Mercia Police,West Mercia Police,-2.717591,52.335550,On or near Wheatcommon Lane,E01028996,Shropshire 039B,Burglary,Investigation complete; no suspect identified,
057ae1757ca75184d00705f68a479636c7e6b71830700bb393c6527ca7e59da4,2015-04,West Mercia Police,West Mercia Police,-2.625077,52.368189,On or near Caynham Road,E01028996,Shropshire 039B,Other theft,Offender given a caution,
2a910e718233317769ae865093d238cab7546925dc1ea754e3d59a4fb5961418,2015-04,West Mercia Police,West Mercia Police,-2.602244,52.373980,On or near Clee Vantage,E01028999,Shropshire 039C,Violence and sexual offences,Offender given a caution,
,2015-04,West Mercia Police,West Mercia Police,-2.559210,52.387120,On or near Petrol Station,E01029000,Shropshire 039D,Anti-social behaviour,,
,2015-04,West Mercia Police,West Mercia Police,-2.544201,52.398545,On or near Park/Open Space,E01029000,Shropshire 039D,Anti-social behaviour,,
,2015-04,West Mercia Police,West Mercia Police,-2.476982,52.382707,On or near Rockley Bank,E01029001,Shropshire 039E,Anti-social behaviour,,
,2015-04,West Mercia Police,West Mercia Police,-2.484809,52.378288,On or near Petrol Station,E01029001,Shropshire 039E,Anti-social behaviour,,
,2015-04,West Mercia Police,West Mercia Police,-2.490588,52.377509,On or near Curdale Close,E01029001,Shropshire 039E,Anti-social behaviour,,
5e6ca0d6349a2157af14a05e6fd88fa749b7c6ecec37c29b49efabbe5e669e8f,2015-04,West Mercia Police,West Mercia Police,-2.484809,52.378288,On or near Petrol Station,E01029001,Shropshire 039E,Criminal damage and arson,Offender given community sentence,
8eafe79215f93e9fd795283fc4f1c20d3358106b4bd512e3d4f843ccffa4a033,2015-04,West Mercia Police,West Mercia Police,-2.484809,52.378288,On or near Petrol Station,E01029001,Shropshire 039E,Drugs,Offender given a caution,
5a946eb577a83838738c431685179d602503ca2567f3ae5b4f57a18ab3fe1134,2015-04,West Mercia Police,West Mercia Police,-2.484809,52.378288,On or near Petrol Station,E01029001,Shropshire 039E,Other theft,Unable to prosecute suspect,
48c685e9bd8720dafd5c8bdba6009bb07d73d37e257a8b8be835ecd003dd935b,2015-04,West Mercia Police,West Mercia Police,-2.484809,52.378288,On or near Petrol Station,E01029001,Shropshire 039E,Public order,Offender given community sentence,
b9321eb7148216491633f73b90b4ae49540b7df38d2ea2058d04e503458cac41,2015-04,West Mercia Police,West Mercia Police,-2.505448,52.383370,On or near Common Lane,E01029001,Shropshire 039E,Vehicle crime,Unable to prosecute suspect,
00224d5d9463b4d17e4319c982abd2c945e034a20d617df583dea4c12412102f,2015-04,West Mercia Police,West Mercia Police,-2.484809,52.378288,On or near Petrol Station,E01029001,Shropshire 039E,Violence and sexual offences,Offender given community sentence,
3a57a104e447a0abf87acfda939b18bafb81776d8d91fde79453eb41653f7c3d,2015-04,West Mercia Police,West Mercia Police,-2.484809,52.378288,On or near Petrol Station,E01029001,Shropshire 039E,Violence and sexual offences,Unable to prosecute suspect,
decc9dc610eba204d26a3ac0f1539856f184f596584c1e88cceebe1f5b54e9fe,2015-04,West Mercia Police,West Mercia Police,-2.484809,52.378288,On or near Petrol Station,E01029001,Shropshire 039E,Violence and sexual offences,Unable to prosecute suspect,
5ac7f64cbcc5910d921f36acff25aa609723b6453c1aa9d83f08e5f77a2ffb42,2015-04,West Mercia Police,West Mercia Police,-2.490588,52.377509,On or near Curdale Close,E01029001,Shropshire 039E,Violence and sexual offences,Unable to prosecute suspect,
,2015-04,West Mercia Police,West Mercia Police,-2.479476,52.382319,On or near Ronhill Crescent,E01029002,Shropshire 039F,Anti-social behaviour,,
,2015-04,West Mercia Police,West Mercia Police,-2.480568,52.382764,On or near Ronhill Lane,E01029002,Shropshire 039F,Anti-social behaviour,,
,2015-04,West Mercia Police,West Mercia Police,-2.481368,52.377987,On or near Eagle Lane,E01029002,Shropshire 039F,Anti-social behaviour,,
,2015-04,West Mercia Police,West Mercia Police,-2.482122,52.379746,On or near Childe Road,E01029002,Shropshire 039F,Anti-social behaviour,,
,2015-04,West Mercia Police,West Mercia Police,-2.482129,52.379117,On or near Cleobury Mortimer Police Station,E01029002,Shropshire 039F,Anti-social behaviour,,
,2015-04,West Mercia Police,West Mercia Police,-2.485958,52.377267,On or near Hartmann Close,E01029002,Shropshire 039F,Anti-social behaviour,,
,2015-04,West Mercia Police,West Mercia Police,-2.479476,52.382319,On or near Ronhill Crescent,E01029002,Shropshire 039F,Anti-social behaviour,,
,2015-04,West Mercia Police,West Mercia Police,-2.477144,52.381312,On or near Lower Street,E01029002,Shropshire 039F,Anti-social behaviour,,
,2015-04,West Mercia Police,West Mercia Police,-2.477144,52.381312,On or near Lower Street,E01029002,Shropshire 039F,Anti-social behaviour,,
,2015-04,West Mercia Police,West Mercia Police,-2.480568,52.382764,On or near Ronhill Lane,E01029002,Shropshire 039F,Anti-social behaviour,,
,2015-04,West Mercia Police,West Mercia Police,-2.482129,52.379117,On or near Cleobury Mortimer Police Station,E01029002,Shropshire 039F,Anti-social behaviour,,
b3f6983bf685e7d5704365378493acf5538cb373477e6fb46023a6dee39a59fa,2015-04,West Mercia Police,West Mercia Police,-2.478563,52.382179,On or near Furlongs Road,E01029002,Shropshire 039F,Burglary,Investigation complete; no suspect identified,
4703f9b5a49e823a87d096387de29065de6e2877d1a4e1fd0f46e4d3496cdf58,2015-04,West Mercia Police,West Mercia Police,-2.485742,52.377645,On or near Vaughan Road,E01029002,Shropshire 039F,Criminal damage and arson,Investigation complete; no suspect identified,
5d64dcaad814fb557ae7babcf6a0f90e2aa85e6ff66e12d241245cc514103833,2015-04,West Mercia Police,West Mercia Police,-2.484224,52.378515,On or near High Street,E01029002,Shropshire 039F,Criminal damage and arson,Unable to prosecute suspect,
af501eb6af0f56c8d5a0ecf0c252e869395f7fc37f8afd1570ba4f6a7732388d,2015-04,West Mercia Police,West Mercia Police,-2.485742,52.377645,On or near Vaughan Road,E01029002,Shropshire 039F,Public order,Unable to prosecute suspect,
47daa9c19ce25c9c7004a4cdd5964c668ba50249de9f4329f568ffe893b2957b,2015-04,West Mercia Police,West Mercia Police,-2.481368,52.377987,On or near Eagle Lane,E01029002,Shropshire 039F,Violence and sexual offences,Local resolution,
553fcbbe5291b8562f324227b8e8cedf3fe8f59c96087dec64707255179d1503,2015-04,West Mercia Police,West Mercia Police,-1.853549,52.388272,On or near Houndsfield Lane,E01010181,Solihull 029B,Criminal damage and arson,Unable to prosecute suspect,
85b67b958221a20889bf282f95fd3393628581339f34936eb7bd099e3e829a3a,2015-04,West Mercia Police,West Mercia Police,-2.236738,52.636652,On or near County Lane,E01029626,South Staffordshire 009A,Burglary,Investigation complete; no suspect identified,
,2015-04,West Mercia Police,West Mercia Police,-2.261006,52.441215,On or near Bird'S Barn Lane,E01029650,South Staffordshire 014B,Anti-social behaviour,,
2c6ed5dfa87220755f636f85a1fba031ebfee3e3e79f3cdd3cbd4191d6f438d1,2015-04,West Mercia Police,West Mercia Police,-2.177801,52.427075,On or near Parking Area,E01029652,South Staffordshire 014D,Drugs,Offender given a drugs possession warning,
9772f64dceb3f0518125841fff3b11a60f7cfeb97e63f355fd74c93141468fe4,2015-04,West Mercia Police,West Mercia Police,-2.177801,52.427075,On or near Parking Area,E01029652,South Staffordshire 014D,Drugs,Offender given a drugs possession warning,
74fa4d7804cc8e4b4ca54f8457d52ccd84c5945b4b0e56b55f12eb256b1a558a,2015-04,West Mercia Police,West Mercia Police,-1.867435,52.314228,On or near Gorcott Hill,E01031244,Stratford-on-Avon 001C,Violence and sexual offences,Local resolution,
699fa8462f15a70695b46e25f3a84a9bdc909228af027cd8f6c84cebb80724f8,2015-04,West Mercia Police,West Mercia Police,-1.867435,52.314228,On or near Gorcott Hill,E01031244,Stratford-on-Avon 001C,Violence and sexual offences,Unable to prosecute suspect,
0d4240cf5722a55071755c95380528e28fd854cddb62ffbfb2debbd2d4160ee4,2015-04,West Mercia Police,West Mercia Police,-1.867435,52.314228,On or near Gorcott Hill,E01031244,Stratford-on-Avon 001C,Violence and sexual offences,Unable to prosecute suspect,
,2015-04,West Mercia Police,West Mercia Police,-2.378020,52.772119,On or near Parking Area,E01014171,Telford and Wrekin 001A,Anti-social behaviour,,
,2015-04,West Mercia Police,West Mercia Police,-2.376546,52.773041,On or near Islington Close,E01014171,Telford and Wrekin 001A,Anti-social behaviour,,
,2015-04,West Mercia Police,West Mercia Police,-2.372872,52.771605,On or near Vineyard Drive,E01014171,Telford and Wrekin 001A,Anti-social behaviour,,
,2015-04,West Mercia Police,West Mercia Police,-2.370736,52.769589,On or near Meadow Road,E01014171,Telford and Wrekin 001A,Anti-social behaviour,,
,2015-04,West Mercia Police,West Mercia Police,-2.374003,52.773813,On or near Fishers Lock,E01014171,Telford and Wrekin 001A,Anti-social behaviour,,
,2015-04,West Mercia Police,West Mercia Police,-2.374600,52.772597,On or near Vineyard Road,E01014171,Telford and Wrekin 001A,Anti-social behaviour,,
,2015-04,West Mercia Police,West Mercia Police,-2.376546,52.773041,On or near Islington Close,E01014171,Telford and Wrekin 001A,Anti-social behaviour,,
,2015-04,West Mercia Police,West Mercia Police,-2.370736,52.769589,On or near Meadow Road,E01014171,Telford and Wrekin 001A,Anti-social behaviour,,
f1c657a230a335320aedfd45d2d0a331082cc14d5b2683354fe54b1566f84298,2015-04,West Mercia Police,West Mercia Police,-2.370736,52.769589,On or near Meadow Road,E01014171,Telford and Wrekin 001A,Other theft,Investigation complete; no suspect identified,
c4de48746205d55e3947c1a5f9d960a4ce62704f69f01fc4d56a1c6984d7c814,2015-04,West Mercia Police,West Mercia Police,-2.379512,52.771476,On or near Parking Area,E01014171,Telford and Wrekin 001A,Violence and sexual offences,Local resolution,
,2015-04,West Mercia Police,West Mercia Police,-2.371907,52.774871,On or near Maynards Croft,E01014172,Telford and Wrekin 001B,Anti-social behaviour,,
,2015-04,West Mercia Police,West Mercia Police,-2.371237,52.772797,On or near Tudor Close,E01014172,Telford and Wrekin 001B,Anti-social behaviour,,
,2015-04,West Mercia Police,West Mercia Police,-2.371907,52.774871,On or near Maynards Croft,E01014172,Telford and Wrekin 001B,Anti-social behaviour,,
548d92925e2c60abb95a7d4bb95d33ca61bc1359beaa95234334de633d04ede2,2015-04,West Mercia Police,West Mercia Police,-2.366396,52.771688,On or near Hampton Close,E01014172,Telford and Wrekin 001B,Other theft,Unable to prosecute suspect,
263a5ed2c19b15bc8ff130a75d61ad61ddd57204263c5477281d0b8f8b63bc14,2015-04,West Mercia Police,West Mercia Police,-2.366552,52.774366,On or near Ben Jones Avenue,E01014172,Telford and Wrekin 001B,Violence and sexual offences,Local resolution,
,2015-04,West Mercia Police,West Mercia Police,-2.387614,52.769247,On or near Greenacres Way,E01014173,Telford and Wrekin 001C,Anti-social behaviour,,
,2015-04,West Mercia Police,West Mercia Police,-2.385479,52.769146,On or near Hallcroft Close,E01014173,Telford and Wrekin 001C,Anti-social behaviour,,
c5bc3faf68f2ef4a187827b9262df1e609093b02923b4a846cd60a75a6d6f0f0,2015-04,West Mercia Police,West Mercia Police,-2.379087,52.773761,On or near Chetwynd Grove,E01014173,Telford and Wrekin 001C,Burglary,Investigation complete; no suspect identified,
a1a9b25af33603a120768cc9e8facc2ac3fbea75ed48e81b2cc3f2a3e8bdfbb0,2015-04,West Mercia Police,West Mercia Police,-2.381786,52.772233,On or near Chetwynd End,E01014173,Telford and Wrekin 001C,Other theft,Investigation complete; no suspect identified,
ecd94c888cafbde05930561a54f9abc789744a57053c1ccad89266c9baf966ff,2015-04,West Mercia Police,West Mercia Police,-2.387363,52.771001,On or near Broomfield Close,E01014173,Telford and Wrekin 001C,Violence and sexual offences,Under investigation,
3ccff09ec6fd79cf48f3684bbeaac32cc59831b3d09169c1fcbae1a8bdefe610,2015-04,West Mercia Police,West Mercia Police,-2.387363,52.771001,On or near Broomfield Close,E01014173,Telford and Wrekin 001C,Violence and sexual offences,Under investigation,
,2015-04,West Mercia Police,West Mercia Police,-2.376585,52.777607,On or near Forton Road,E01014174,Telford and Wrekin 001D,Anti-social behaviour,,
,2015-04,West Mercia Police,West Mercia Police,-2.379678,52.775224,On or near Petrol Station,E01014174,Telford and Wrekin 001D,Anti-social behaviour,,
66b699ca9484a1b361e22627b67ae998d7c0da7acebd00fbabb81bebe4d2c393,2015-04,West Mercia Police,West Mercia Police,-2.379678,52.775224,On or near Petrol Station,E01014174,Telford and Wrekin 001D,Burglary,Investigation complete; no suspect identified,
d4834bcedca4f068340aaea3c94614507de1e7702a828a0645e3118dbb2a4d6f,2015-04,West Mercia Police,West Mercia Police,-2.378189,52.779571,On or near Fallow Deer Lawn,E01014174,Telford and Wrekin 001D,Burglary,Investigation complete; no suspect identified,
,2015-04,West Mercia Police,West Mercia Police,-2.353759,52.748758,On or near A41,E01014112,Telford and Wrekin 002A,Anti-social behaviour,,
,2015-04,West Mercia Police,West Mercia Police,-2.378281,52.759443,On or near Richmond Close,E01014112,Telford and Wrekin 002A,Anti-social behaviour,,
6aaad0b65838062c35422a77ce0c1cde37f19ebae43a5a4de4fbe331e42e76aa,2015-04,West Mercia Police,West Mercia Police,-2.366490,52.745834,On or near Pitchcroft Lane,E01014112,Telford and Wrekin 002A,Burglary,Investigation complete; no suspect identified,
4456b80f9a8e356ee31623db6db0e1494a5eeb3a177b66b9e58dbca883559a43,2015-04,West Mercia Police,West Mercia Police,-2.353759,52.748758,On or near A41,E01014112,Telford and Wrekin 002A,Burglary,Investigation complete; no suspect identified,
0928aba3b6b7ea39f9cbf9a84e6249e22a84421e3177349a529edae2e4a6b9e6,2015-04,West Mercia Police,West Mercia Police,-2.366965,52.747693,On or near Littlehales Road,E01014112,Telford and Wrekin 002A,Other theft,Investigation complete; no suspect identified,
,2015-04,West Mercia Police,West Mercia Police,-2.476533,52.769588,On or near B5062,E01014131,Telford and Wrekin 002B,Anti-social behaviour,,
,2015-04,West Mercia Police,West Mercia Police,-2.474783,52.780419,On or near Mill Lane,E01014131,Telford and Wrekin 002B,Anti-social behaviour,,
2ae2e4e449c7b0c746591e022f80e4ff3e93db6a8a76d699ee1ca0d516545303,2015-04,West Mercia Police,West Mercia Police,-2.454894,52.816563,On or near Crosshill Lane,E01014131,Telford and Wrekin 002B,Burglary,Investigation complete; no suspect identified,
0b8f2ce47c52f7cf852b2d36ce0b56f8f179baf70c2f03bc59f89a56bdd51bf8,2015-04,West Mercia Police,West Mercia Police,-2.454894,52.816563,On or near Crosshill Lane,E01014131,Telford and Wrekin 002B,Other theft,Investigation complete; no suspect identified,
1f88b128e7ea1e327851022a76754ce8fcb6e453a4bad8d5f3aa8503da35b6bc,2015-04,West Mercia Police,West Mercia Police,-2.454894,52.816563,On or near Crosshill Lane,E01014131,Telford and Wrekin 002B,Vehicle crime,Investigation complete; no suspect identified,
c4f16793423a4e8ffe3d67e87dc408b9d524bf615004b8452318faed2b120012,2015-04,West Mercia Police,West Mercia Police,-2.393852,52.791952,On or near Chetwynd Park,E01014131,Telford and Wrekin 002B,Violence and sexual offences,Awaiting court outcome,
c050db6cd997c92cdf352c7852e103233808e6c4d5a192fcebcc6db441aa458b,2015-04,West Mercia Police,West Mercia Police,-2.474783,52.780419,On or near Mill Lane,E01014131,Telford and Wrekin 002B,Violence and sexual offences,Offender given a caution,
19dd3bf6c7a1c4ccdc28183ae8ad94f00e0f1645979311417daf675bb2b62c09,2015-04,West Mercia Police,West Mercia Police,-2.474783,52.780419,On or near Mill Lane,E01014131,Telford and Wrekin 002B,Violence and sexual offences,Unable to prosecute suspect,
183d602b81c4225ab2812abf06f9056ff2b81413f36a99f1abd7dee7f4782558,2015-04,West Mercia Police,West Mercia Police,-2.474783,52.780419,On or near Mill Lane,E01014131,Telford and Wrekin 002B,Violence and sexual offences,Unable to prosecute suspect,
,2015-04,West Mercia Police,West Mercia Police,-2.401364,52.773525,On or near Newport Road,E01014132,Telford and Wrekin 002C,Anti-social behaviour,,
9e954a5b6a6f47c8f8d3078d029168fc6402275e7a94ad32cb8b14aca1eeafd4,2015-04,West Mercia Police,West Mercia Police,-2.414364,52.772006,On or near Manor Road,E01014132,Telford and Wrekin 002C,Burglary,Investigation complete; no suspect identified,
71fb3e0cd26602e83917d582ebfa367fec563dc4cd42d88f1eda659810ef3316,2015-04,West Mercia Police,West Mercia Police,-2.408871,52.775855,On or near Mentone Crescent,E01014132,Telford and Wrekin 002C,Burglary,Offender sent to prison,
d4a7f0c512b7f6aaee26be62f80df7eed1e37742e9e78a1816246795e368e95b,2015-04,West Mercia Police,West Mercia Police,-2.411118,52.776755,On or near Woodridge Close,E01014132,Telford and Wrekin 002C,Other crime,Investigation complete; no suspect identified,
a565b245d0b43950b0ea8de944874ea1c9e61be4aa6925d812cd02b235b0af98,2015-04,West Mercia Police,West Mercia Police,-2.531767,52.761766,On or near B5062,E01014135,Telford and Wrekin 002D,Burglary,Investigation complete; no suspect identified,
fcb4ae48ddaf2103e4b722caee1629dd2c71f34e538f1f0f4de589edf11beb48,2015-04,West Mercia Police,West Mercia Police,-2.552212,52.785882,On or near Cliff Crescent,E01014135,Telford and Wrekin 002D,Burglary,Investigation complete; no suspect identified,
5cd10a37ed3f1a4220830f80bdbb77ff1e6b4018b01cc8b248ed80e1a20e9c93,2015-04,West Mercia Police,West Mercia Police,-2.552212,52.785882,On or near Cliff Crescent,E01014135,Telford and Wrekin 002D,Burglary,Investigation complete; no suspect identified,
673d6a8a57aec1c12900ae13b000aeb6eaa74f0d49b171e159851fc9d7ddf671,2015-04,West Mercia Police,West Mercia Police,-2.531767,52.761766,On or near B5062,E01014135,Telford and Wrekin 002D,Other theft,Investigation complete; no suspect identified,
58841a008b0874ef157b51a15c4dc7cd6736b81b36669873a72704c9de691f34,2015-04,West Mercia Police,West Mercia Police,-2.475465,52.745051,On or near Kynnersley Drive,E01014135,Telford and Wrekin 002D,Violence and sexual offences,Unable to prosecute suspect,
d84c515d798c36370909be8978ac289bffcfb8215cf789cf93a5b0b5d038af21,2015-04,West Mercia Police,West Mercia Police,-2.539046,52.742819,On or near The Duke'S Drive,E01014135,Telford and Wrekin 002D,Violence and sexual offences,Unable to prosecute suspect,
,2015-04,West Mercia Police,West Mercia Police,-2.367796,52.767288,On or near Sports/Recreation Area,E01014175,Telford and Wrekin 003A,Anti-social behaviour,,
,2015-04,West Mercia Police,West Mercia Police,-2.373515,52.765301,On or near Granville Avenue,E01014175,Telford and Wrekin 003A,Anti-social behaviour,,
,2015-04,West Mercia Police,West Mercia Police,-2.366427,52.770133,On or near Meadow View Close,E01014175,Telford and Wrekin 003A,Anti-social behaviour,,
,2015-04,West Mercia Police,West Mercia Police,-2.369236,52.769306,On or near Broadway,E01014175,Telford and Wrekin 003A,Anti-social behaviour,,
,2015-04,West Mercia Police,West Mercia Police,-2.367796,52.767288,On or near Sports/Recreation Area,E01014175,Telford and Wrekin 003A,Anti-social behaviour,,
1a1b7ce9ea65a68a353be354684e905e682085757ed79bbdb0d6e8ccec6d4af7,2015-04,West Mercia Police,West Mercia Police,-2.371014,52.767520,On or near Shuker'S Close,E01014175,Telford and Wrekin 003A,Burglary,Investigation complete; no suspect identified,
daf0dc568953e33cdc21258697714af3ed662942dbe97e1e755bda37176fc242,2015-04,West Mercia Police,West Mercia Police,-2.367018,52.768162,On or near Barnmeadow Close,E01014175,Telford and Wrekin 003A,Criminal damage and arson,Investigation complete; no suspect identified,
d71ae6ee25e61872d0a5872b1b24d8b699452cadba896b7499b6133ceb502473,2015-04,West Mercia Police,West Mercia Police,-2.371014,52.767520,On or near Shuker'S Close,E01014175,Telford and Wrekin 003A,Other theft,Investigation complete; no suspect identified,
550d6515481981f44d9a4a620c79951b7a6ad629d33b41aad995d960c1a0d0d8,2015-04,West Mercia Police,West Mercia Police,-2.367018,52.768162,On or near Barnmeadow Close,E01014175,Telford and Wrekin 003A,Violence and sexual offences,Unable to prosecute suspect,
4cd1875232513cc8814d5bc237321bb0a446746a113ec71e2ff3de2e88eef6aa,2015-04,West Mercia Police,West Mercia Police,-2.367018,52.768162,On or near Barnmeadow Close,E01014175,Telford and Wrekin 003A,Violence and sexual offences,Unable to prosecute suspect,
,2015-04,West Mercia Police,West Mercia Police,-2.376765,52.765758,On or near Upper Bar,E01014176,Telford and Wrekin 003B,Anti-social behaviour,,
,2015-04,West Mercia Police,West Mercia Police,-2.367200,52.765159,On or near Audley Avenue,E01014176,Telford and Wrekin 003B,Anti-social behaviour,,
,2015-04,West Mercia Police,West Mercia Police,-2.367200,52.765159,On or near Audley Avenue,E01014176,Telford and Wrekin 003B,Anti-social behaviour,,
,2015-04,West Mercia Police,West Mercia Police,-2.367200,52.765159,On or near Audley Avenue,E01014176,Telford and Wrekin 003B,Anti-social behaviour,,
1a75259981d004044b2c90908c3ad079474a01b8087a0eec0f33cc941295a757,2015-04,West Mercia Police,West Mercia Police,-2.372349,52.762428,On or near Princess Gardens,E01014176,Telford and Wrekin 003B,Burglary,Investigation complete; no suspect identified,
b2785d6c1a59d360de90a1ef93dc048c76f097560b771920bbcc05f0a669f79e,2015-04,West Mercia Police,West Mercia Police,-2.367200,52.765159,On or near Audley Avenue,E01014176,Telford and Wrekin 003B,Criminal damage and arson,Investigation complete; no suspect identified,
e9a260d204ce8c577e7a0b5800a278bf25af6c072f3d7b5674f5246cac86b211,2015-04,West Mercia Police,West Mercia Police,-2.376765,52.765758,On or near Upper Bar,E01014176,Telford and Wrekin 003B,Violence and sexual offences,Investigation complete; no suspect identified,
3baa672ba87076bbbf397bba1c8a65a655f4250f579fbd795459e0ad8a706665,2015-04,West Mercia Police,West Mercia Police,-2.376765,52.765758,On or near Upper Bar,E01014176,Telford and Wrekin 003B,Violence and sexual offences,Unable to prosecute suspect,
6bafd6dc9084c5345e1295a7250c69a52f9643c3aba1074d4b4255e14da4d299,2015-04,West Mercia Police,West Mercia Police,-2.387154,52.765752,On or near Ingestre Close,E01014177,Telford and Wrekin 003C,Criminal damage and arson,Investigation complete; no suspect identified,
6736d2cb2921885fd69057515a911fb17ec7801a6fa70c31dabf1cc897c268ae,2015-04,West Mercia Police,West Mercia Police,-2.383061,52.760470,On or near Dark Lane,E01014177,Telford and Wrekin 003C,Violence and sexual offences,Unable to prosecute suspect,
,2015-04,West Mercia Police,West Mercia Police,-2.378407,52.768908,On or near The Square,E01014178,Telford and Wrekin 003D,Anti-social behaviour,,
,2015-04,West Mercia Police,West Mercia Police,-2.378407,52.768908,On or near The Square,E01014178,Telford and Wrekin 003D,Anti-social behaviour,,
,2015-04,West Mercia Police,West Mercia Police,-2.378525,52.768854,On or near High Street,E01014178,Telford and Wrekin 003D,Anti-social behaviour,,
,2015-04,West Mercia Police,West Mercia Police,-2.378407,52.768908,On or near The Square,E01014178,Telford and Wrekin 003D,Anti-social behaviour,,
,2015-04,West Mercia Police,West Mercia Police,-2.375057,52.768865,On or near Parking Area,E01014178,Telford and Wrekin 003D,Anti-social behaviour,,
,2015-04,West Mercia Police,West Mercia Police,-2.375057,52.768865,On or near Parking Area,E01014178,Telford and Wrekin 003D,Anti-social behaviour,,
,2015-04,West Mercia Police,West Mercia Police,-2.378525,52.768854,On or near High Street,E01014178,Telford and Wrekin 003D,Anti-social behaviour,,
,2015-04,West Mercia Police,West Mercia Police,-2.376538,52.766982,On or near Parking Area,E01014178,Telford and Wrekin 003D,Anti-social behaviour,,
,2015-04,West Mercia Police,West Mercia Police,-2.381581,52.770867,On or near Petrol Station,E01014178,Telford and Wrekin 003D,Anti-social behaviour,,
,2015-04,West Mercia Police,West Mercia Police,-2.377122,52.769344,On or near Stafford Street,E01014178,Telford and Wrekin 003D,Anti-social behaviour,,
,2015-04,West Mercia Police,West Mercia Police,-2.381581,52.770867,On or near Petrol Station,E01014178,Telford and Wrekin 003D,Anti-social behaviour,,
,2015-04,West Mercia Police,West Mercia Police,-2.378407,52.768908,On or near The Square,E01014178,Telford and Wrekin 003D,Anti-social behaviour,,
,2015-04,West Mercia Police,West Mercia Police,-2.379693,52.766774,On or near Roddam Court,E01014178,Telford and Wrekin 003D,Anti-social behaviour,,
,2015-04,West Mercia Police,West Mercia Police,-2.382899,52.767312,On or near Gravelly Drive,E01014178,Telford and Wrekin 003D,Anti-social behaviour,,
c7230657c27817a5da56be6f031960b79f5f1e233958fff2a551629f5b898539,2015-04,West Mercia Police,West Mercia Police,-2.383037,52.767824,On or near Adams Crescent,E01014178,Telford and Wrekin 003D,Burglary,Investigation complete; no suspect identified,
8eb7c92dba8586fe586489bdf15eaacbc82e3e77c8ef7ce10b5edd1c61457bb9,2015-04,West Mercia Police,West Mercia Police,-2.381581,52.770867,On or near Petrol Station,E01014178,Telford and Wrekin 003D,Burglary,Investigation complete; no suspect identified,
de679c7ef7617156b0086c5f54e24d6887a075280f295a18c471b41671becdd3,2015-04,West Mercia Police,West Mercia Police,-2.378407,52.768908,On or near The Square,E01014178,Telford and Wrekin 003D,Criminal damage and arson,Unable to prosecute suspect,
f6c61c114d730bf1035a2bb4d1531e2c57be0678310ea85cdd1e1cd13bf96004,2015-04,West Mercia Police,West Mercia Police,-2.378407,52.768908,On or near The Square,E01014178,Telford and Wrekin 003D,Criminal damage and arson,Investigation complete; no suspect identified,
d850c213aa5d8153bb0fa6cf804f5243a64f008c1f29d2266d3252f624e8f7cf,2015-04,West Mercia Police,West Mercia Police,-2.379693,52.766774,On or near Roddam Court,E01014178,Telford and Wrekin 003D,Criminal damage and arson,Investigation complete; no suspect identified,
eabecd4bb661954046aecf49943d76033c8c76215b9d1855beaec50f7575392f,2015-04,West Mercia Police,West Mercia Police,-2.376538,52.766982,On or near Parking Area,E01014178,Telford and Wrekin 003D,Other theft,Investigation complete; no suspect identified,
f8d557ec55669e73ef446401378d0ee8967b6d7f41ebe123d7b76ed68cdde3cb,2015-04,West Mercia Police,West Mercia Police,-2.378407,52.768908,On or near The Square,E01014178,Telford and Wrekin 003D,Other theft,Unable to prosecute suspect,
40798153127f52a6c4e06cf4a71d3ddf197217184333be0a3bae0723d5466fbf,2015-04,West Mercia Police,West Mercia Police,-2.376902,52.767906,On or near Bellman'S Yard,E01014178,Telford and Wrekin 003D,Public order,Offender given penalty notice,
b56f8663244027571022e554440f6f1060ae91084e61d883aa278e173cce2a0a,2015-04,West Mercia Police,West Mercia Police,-2.378407,52.768908,On or near The Square,E01014178,Telford and Wrekin 003D,Robbery,Investigation complete; no suspect identified,
b59405f90416ce725cb83e222f68e7ce83c74c9f26259a430d8b87d35b7bda88,2015-04,West Mercia Police,West Mercia Police,-2.377201,52.768184,On or near Shopping Area,E01014178,Telford and Wrekin 003D,Shoplifting,Offender given a caution,
523dbe0618ca20a23fa6d19ca554d9fd97cb907e0933168e4f5d3e2abd310ed4,2015-04,West Mercia Police,West Mercia Police,-2.375057,52.768865,On or near Parking Area,E01014178,Telford and Wrekin 003D,Shoplifting,Under investigation,
81d6798aff18578063373dc1be15e3101eb722055554c5d9382ed038dad3d914,2015-04,West Mercia Police,West Mercia Police,-2.377201,52.768184,On or near Shopping Area,E01014178,Telford and Wrekin 003D,Shoplifting,Offender given community sentence,
be1160db4ea661922597b4c4e52b9a68ed58f741b167a35624db048413b7e776,2015-04,West Mercia Police,West Mercia Police,-2.377201,52.768184,On or near Shopping Area,E01014178,Telford and Wrekin 003D,Shoplifting,Awaiting court outcome,
ba09ce165e142f0eecd07779b1e70463219a9da2b2c1f84ef2a7dd99b80a5c0c,2015-04,West Mercia Police,West Mercia Police,-2.377201,52.768184,On or near Shopping Area,E01014178,Telford and Wrekin 003D,Shoplifting,Unable to prosecute suspect,
43d844c0939cbd2a208268e9a4bef3966a3e2ff9c068f0819d7cb57ea0038a7b,2015-04,West Mercia Police,West Mercia Police,-2.379693,52.766774,On or near Roddam Court,E01014178,Telford and Wrekin 003D,Theft from the person,Investigation complete; no suspect identified,
8470af6516d9676df20a016551ab866c00be7c2367afea29a1edebfcaac52920,2015-04,West Mercia Police,West Mercia Police,-2.379693,52.766774,On or near Roddam Court,E01014178,Telford and Wrekin 003D,Violence and sexual offences,Awaiting court outcome,
0a27f8507a679e33c198f720fa6bdcc34cf3354b14c0ff5548283f032f2e39e4,2015-04,West Mercia Police,West Mercia Police,-2.382899,52.767312,On or near Gravelly Drive,E01014178,Telford and Wrekin 003D,Violence and sexual offences,Investigation complete; no suspect identified,
bdcaceb67e477729bfacabe05cb8d4b7dba4fd297678a5696ad528f9aada9732,2015-04,West Mercia Police,West Mercia Police,-2.382899,52.767312,On or near Gravelly Drive,E01014178,Telford and Wrekin 003D,Violence and sexual offences,Investigation complete; no suspect identified,
8ab368dd2ec14a05e1caf9efce3be31e98bd3aa19a18071c43a3daca4deea339,2015-04,West Mercia Police,West Mercia Police,-2.378407,52.768908,On or near The Square,E01014178,Telford and Wrekin 003D,Violence and sexual offences,Unable to prosecute suspect,
adf399fb2aec77b91402d33827f00e5bd3e6b7a18c1f270e27687485829dcf49,2015-04,West Mercia Police,West Mercia Police,-2.377356,52.767276,On or near Supermarket,E01014178,Telford and Wrekin 003D,Other crime,Investigation complete; no suspect identified,
32e63e3e2b1f72a00a651bad298154fea535560b798141611b5874374d337071,2015-04,West Mercia Police,West Mercia Police,-2.377356,52.767276,On or near Supermarket,E01014178,Telford and Wrekin 003D,Other crime,Investigation complete; no suspect identified,
,2015-04,West Mercia Police,West Mercia Police,-2.475727,52.736438,On or near Sports/Recreation Area,E01014111,Telford and Wrekin 004A,Anti-social behaviour,,
c53869b7fde74b62110f19e28bd2938b7bfcab485ee0883554d692560c249f21,2015-04,West Mercia Police,West Mercia Police,-2.475727,52.736438,On or near Sports/Recreation Area,E01014111,Telford and Wrekin 004A,Criminal damage and arson,Unable to prosecute suspect,
a1ad0b2ba8e001f6b802158799252e58d6877414977646d38d814199f85ff12e,2015-04,West Mercia Police,West Mercia Police,-2.401338,52.743347,On or near Wellington Road,E01014111,Telford and Wrekin 004A,Other theft,Investigation complete; no suspect identified,
666a15fc28a8a47d203c7993e2e81b7b5304ee9732116f12a28db578aa1912af,2015-04,West Mercia Police,West Mercia Police,-2.438262,52.731135,On or near Richards Road,E01014111,Telford and Wrekin 004A,Other theft,Investigation complete; no suspect identified,
937c198c476dc2715acb4c9f2c8c7346c83f905be44cb83a265986c8ac8931f6,2015-04,West Mercia Police,West Mercia Police,-2.396181,52.744785,On or near Barrack Lane,E01014111,Telford and Wrekin 004A,Violence and sexual offences,Investigation complete; no suspect identified,
,2015-04,West Mercia Police,West Mercia Police,-2.417240,52.708539,On or near Granville Road,E01014167,Telford and Wrekin 004B,Anti-social behaviour,,
,2015-04,West Mercia Police,West Mercia Police,-2.424866,52.722544,On or near Elmhurst Coppice,E01014167,Telford and Wrekin 004B,Anti-social behaviour,,
,2015-04,West Mercia Police,West Mercia Police,-2.423386,52.721057,On or near Quines Close,E01014167,Telford and Wrekin 004B,Anti-social behaviour,,
,2015-04,West Mercia Police,West Mercia Police,-2.414137,52.718474,On or near Ryder Drive,E01014167,Telford and Wrekin 004B,Anti-social behaviour,,
,2015-04,West Mercia Police,West Mercia Police,-2.410659,52.709083,On or near Lodge Road,E01014167,Telford and Wrekin 004B,Anti-social behaviour,,
,2015-04,West Mercia Police,West Mercia Police,-2.417867,52.721437,On or near The Stables,E01014167,Telford and Wrekin 004B,Anti-social behaviour,,
,2015-04,West Mercia Police,West Mercia Police,-2.419096,52.721432,On or near Chalice Close,E01014167,Telford and Wrekin 004B,Anti-social behaviour,,
,2015-04,West Mercia Police,West Mercia Police,-2.431883,52.707515,On or near A4640,E01014167,Telford and Wrekin 004B,Anti-social behaviour,,
,2015-04,West Mercia Police,West Mercia Police,-2.414137,52.718474,On or near Ryder Drive,E01014167,Telford and Wrekin 004B,Anti-social behaviour,,
,2015-04,West Mercia Police,West Mercia Police,-2.410659,52.709083,On or near Lodge Road,E01014167,Telford and Wrekin 004B,Anti-social behaviour,,
37bc16197a99c3a45557d5d7e1e1152104cc6cd10f8080b34ff636e3269cafaa,2015-04,West Mercia Police,West Mercia Police,-2.427717,52.700680,On or near Redhill Way,E01014167,Telford and Wrekin 004B,Burglary,Investigation complete; no suspect identified,
32f33b6654df6871f214d1ba15ec35631cf7fa5a37772e09a3971d7c94a6aaa1,2015-04,West Mercia Police,West Mercia Police,-2.417334,52.716773,On or near Weybourne Walk,E01014167,Telford and Wrekin 004B,Burglary,Investigation complete; no suspect identified,
8ce387494fdb989ec2a912d9e8de122555ea7cfd64bcf40f2c25326fa93f8ce7,2015-04,West Mercia Police,West Mercia Police,-2.426864,52.724012,On or near Fieldhouse Drive,E01014167,Telford and Wrekin 004B,Burglary,Awaiting court outcome,
8e5d05f8b1d7ee78984d4702bdad4f6d0a2528b6096583bca1732071ac62aaa4,2015-04,West Mercia Police,West Mercia Police,-2.423386,52.721057,On or near Quines Close,E01014167,Telford and Wrekin 004B,Burglary,Investigation complete; no suspect identified,
c121b017c4dc815f110134640008e242ae6cab942069a145704930300e622807,2015-04,West Mercia Police,West Mercia Police,-2.410659,52.709083,On or near Lodge Road,E01014167,Telford and Wrekin 004B,Burglary,Investigation complete; no suspect identified,
18966f12a4c776b688833cbbf239129c2b98add5aec30224ae5afd5efc0c3fc9,2015-04,West Mercia Police,West Mercia Police,-2.427717,52.700680,On or near Redhill Way,E01014167,Telford and Wrekin 004B,Criminal damage and arson,Unable to prosecute suspect,
25f7719226359cab621abf9242adddb3fd1895a3d162e73ce10d6122ff1de5b9,2015-04,West Mercia Police,West Mercia Police,-2.410659,52.709083,On or near Lodge Road,E01014167,Telford and Wrekin 004B,Criminal damage and arson,Investigation complete; no suspect identified,
f1bc06d5cb3c49817556484ed6abcc1b7dc224b06da1189e5b12b54be17522b1,2015-04,West Mercia Police,West Mercia Police,-2.410659,52.709083,On or near Lodge Road,E01014167,Telford and Wrekin 004B,Criminal damage and arson,Investigation complete; no suspect identified,
1f2ff0b2af19da667c554c6eed25e93641ad6c9d87a5679000f3b1ea540d8be9,2015-04,West Mercia Police,West Mercia Police,-2.410659,52.709083,On or near Lodge Road,E01014167,Telford and Wrekin 004B,Criminal damage and arson,Investigation complete; no suspect identified,
29eec4598e1d2701517e02996ebeb16fa94202b5a871f8b70968b18245c84462,2015-04,West Mercia Police,West Mercia Police,-2.410659,52.709083,On or near Lodge Road,E01014167,Telford and Wrekin 004B,Criminal damage and arson,Investigation complete; no suspect identified,
d386c50caf20237362bd2333d583899bf25645cd038b408e58547257e32ca84c,2015-04,West Mercia Police,West Mercia Police,-2.421951,52.721251,On or near Andreas Drive,E01014167,Telford and Wrekin 004B,Drugs,Offender given a caution,
7953c9c59fd5ceacb85190935c64073c820d2feb17c675c9de4b8b4fc089c6f5,2015-04,West Mercia Police,West Mercia Police,-2.419075,52.716155,On or near Woodspring Grove,E01014167,Telford and Wrekin 004B,Other theft,Investigation complete; no suspect identified,
bc1da19a5412865b2b047149d37868b6e5799a7995d326be2266dc7f48024989,2015-04,West Mercia Police,West Mercia Police,-2.410659,52.709083,On or near Lodge Road,E01014167,Telford and Wrekin 004B,Vehicle crime,Investigation complete; no suspect identified,
0196856c57b149651120c6c5748cfe3c2552e8672414b6808d184700bf8704eb,2015-04,West Mercia Police,West Mercia Police,-2.410659,52.709083,On or near Lodge Road,E01014167,Telford and Wrekin 004B,Vehicle crime,Investigation complete; no suspect identified,
ba9730552523d9417fbb41010744b117f29a7be0752b2edbf7cb163293911e4b,2015-04,West Mercia Police,West Mercia Police,-2.410659,52.709083,On or near Lodge Road,E01014167,Telford and Wrekin 004B,Violence and sexual offences,Investigation complete; no suspect identified,
b733dfcd57bc25942af23e2c02c2e0d5e4027ae856cfd5303c28e24d3d58e369,2015-04,West Mercia Police,West Mercia Police,-2.425342,52.713706,On or near Barleywood Close,E01014167,Telford and Wrekin 004B,Violence and sexual offences,Under investigation,
70a78cca0277e6e1aadaf0e37dce381915e1e8a8d16203e74f3c93c1a5b2c4df,2015-04,West Mercia Police,West Mercia Police,-2.427717,52.700680,On or near Redhill Way,E01014167,Telford and Wrekin 004B,Violence and sexual offences,Unable to prosecute suspect,
0a715300d5b1e289d5694dcba7ec0f6e7cb3e0bcd24bff9763dee707e781c139,2015-04,West Mercia Police,West Mercia Police,-2.427717,52.700680,On or near Redhill Way,E01014167,Telford and Wrekin 004B,Violence and sexual offences,Unable to prosecute suspect,
89d8a2439d5e02a6d5074974a2db14f6555a1d98b716a5f921fb5e68880fa7ea,2015-04,West Mercia Police,West Mercia Police,-2.427470,52.720854,On or near Pine View,E01014168,Telford and Wrekin 004C,Burglary,Investigation complete; no suspect identified,
2095d9af89dfd11782ae48265e9864d9029bfe4acae22a60432337ccb0d3ee5e,2015-04,West Mercia Police,West Mercia Police,-2.432581,52.724153,On or near Parking Area,E01014168,Telford and Wrekin 004C,Shoplifting,Investigation complete; no suspect identified,
deb7a2398aa277e1fd94ff5ddbdeb2d530e9d97b2d634a49d17debd00645b5c7,2015-04,West Mercia Police,West Mercia Police,-2.428941,52.724444,On or near Brookside,E01014168,Telford and Wrekin 004C,Violence and sexual offences,Investigation complete; no suspect identified,
374bf1991a229220d3887296f9af5644ec9feec7fe70ef26b62d899e323f0d6b,2015-04,West Mercia Police,West Mercia Police,-2.426864,52.720964,On or near Almond Close,E01014168,Telford and Wrekin 004C,Violence and sexual offences,Unable to prosecute suspect,
,2015-04,West Mercia Police,West Mercia Police,-2.419385,52.723858,On or near Laneside,E01014170,Telford and Wrekin 004D,Anti-social behaviour,,
,2015-04,West Mercia Police,West Mercia Police,-2.420044,52.726166,On or near Sutherland Drive,E01014170,Telford and Wrekin 004D,Anti-social behaviour,,
,2015-04,West Mercia Police,West Mercia Police,-2.422671,52.722166,On or near Saltwells Drive,E01014170,Telford and Wrekin 004D,Anti-social behaviour,,
99a84b41e14c32ef631edd61e02140cac18ed57e6185d88387d1fea93bfb693f,2015-04,West Mercia Police,West Mercia Police,-2.423684,52.725848,On or near The Sutherlands,E01014170,Telford and Wrekin 004D,Burglary,Investigation complete; no suspect identified,
e4fc02fb719ca45a91ca3990b57765a177d12e7b3c017754d6c6dc9893cdd729,2015-04,West Mercia Police,West Mercia Police,-2.423684,52.725848,On or near The Sutherlands,E01014170,Telford and Wrekin 004D,Other theft,Investigation complete; no suspect identified,
083f936a4589b69b5556493b856305216ad4a7f9a7a84ccc53b9131bdb66ff7b,2015-04,West Mercia Police,West Mercia Police,-2.418412,52.728860,On or near Wellington Road,E01014170,Telford and Wrekin 004D,Public order,Unable to prosecute suspect,
bc31c477e6f1542177a4d105be48036d54a772d9d6e88b94c8aafdca57bef6cb,2015-04,West Mercia Police,West Mercia Police,-2.423926,52.724849,On or near Grampian Close,E01014170,Telford and Wrekin 004D,Violence and sexual offences,Local resolution,
,2015-04,West Mercia Police,West Mercia Police,-2.443539,52.714116,On or near West Avenue,E01014125,Telford and Wrekin 005A,Anti-social behaviour,,
,2015-04,West Mercia Police,West Mercia Police,-2.442490,52.715810,On or near Winifred'S Drive,E01014125,Telford and Wrekin 005A,Anti-social behaviour,,
,2015-04,West Mercia Police,West Mercia Police,-2.443468,52.717271,On or near James Way,E01014125,Telford and Wrekin 005A,Anti-social behaviour,,
,2015-04,West Mercia Police,West Mercia Police,-2.442130,52.715316,On or near Leonard Close,E01014125,Telford and Wrekin 005A,Anti-social behaviour,,
,2015-04,West Mercia Police,West Mercia Police,-2.443539,52.714116,On or near West Avenue,E01014125,Telford and Wrekin 005A,Anti-social behaviour,,
,2015-04,West Mercia Police,West Mercia Police,-2.442130,52.715316,On or near Leonard Close,E01014125,Telford and Wrekin 005A,Anti-social behaviour,,
,2015-04,West Mercia Police,West Mercia Police,-2.442490,52.715810,On or near Winifred'S Drive,E01014125,Telford and Wrekin 005A,Anti-social behaviour,,
,2015-04,West Mercia Police,West Mercia Police,-2.439341,52.714689,On or near East Avenue,E01014125,Telford and Wrekin 005A,Anti-social behaviour,,
,2015-04,West Mercia Police,West Mercia Police,-2.439341,52.714689,On or near East Avenue,E01014125,Telford and Wrekin 005A,Anti-social behaviour,,
,2015-04,West Mercia Police,West Mercia Police,-2.439341,52.714689,On or near East Avenue,E01014125,Telford and Wrekin 005A,Anti-social behaviour,,
,2015-04,West Mercia Police,West Mercia Police,-2.442490,52.715810,On or near Winifred'S Drive,E01014125,Telford and Wrekin 005A,Anti-social behaviour,,
,2015-04,West Mercia Police,West Mercia Police,-2.442490,52.715810,On or near Winifred'S Drive,E01014125,Telford and Wrekin 005A,Anti-social behaviour,,
9dc83fadcf1a5af2fddcf0853df6c9e53bb8387ea9bf7ab3c406ceade595f3f5,2015-04,West Mercia Police,West Mercia Police,-2.439341,52.714689,On or near East Avenue,E01014125,Telford and Wrekin 005A,Burglary,Investigation complete; no suspect identified,
de499d7e3df32c95274cfff52faf77d1cc6eb05425636811aa5495aec5f809dd,2015-04,West Mercia Police,West Mercia Police,-2.442490,52.715810,On or near Winifred'S Drive,E01014125,Telford and Wrekin 005A,Burglary,Investigation complete; no suspect identified,
4ffff81825d7dd53b48ddddf20a0f7404591e2483ac8835953be02f7b15b6fd6,2015-04,West Mercia Police,West Mercia Police,-2.442490,52.715810,On or near Winifred'S Drive,E01014125,Telford and Wrekin 005A,Criminal damage and arson,Investigation complete; no suspect identified,
c4f7eff1090e962a4a07746c5aa04b4d7373e1d37e0c990c380c64172180187f,2015-04,West Mercia Police,West Mercia Police,-2.439341,52.714689,On or near East Avenue,E01014125,Telford and Wrekin 005A,Other theft,Investigation complete; no suspect identified,
4703b8d091ace0d8ba384ba1d6799236e355231252a66eea35ee48e1dbbff9a0,2015-04,West Mercia Police,West Mercia Police,-2.442490,52.715810,On or near Winifred'S Drive,E01014125,Telford and Wrekin 005A,Vehicle crime,Investigation complete; no suspect identified,
292c00deb018668d0422c72b140d3610cca4f26831867ed784b9c8bce1757401,2015-04,West Mercia Police,West Mercia Police,-2.440586,52.711888,On or near Cordingley Way,E01014125,Telford and Wrekin 005A,Violence and sexual offences,Unable to prosecute suspect,
d29b8446f61ffa738f3f7ceea5f074947f5fcd39668751ca8501bf19758780e7,2015-04,West Mercia Police,West Mercia Police,-2.439341,52.714689,On or near East Avenue,E01014125,Telford and Wrekin 005A,Violence and sexual offences,Unable to prosecute suspect,
d717611c1924ea01219695736d62d9da6ececf86bb28c9e65395afe173dfc0ce,2015-04,West Mercia Police,West Mercia Police,-2.442490,52.715810,On or near Winifred'S Drive,E01014125,Telford and Wrekin 005A,Violence and sexual offences,Unable to prosecute suspect,
45d2e180692891954ba4dca208370413df804b11121c15c32bb5d937b794eaf3,2015-04,West Mercia Police,West Mercia Police,-2.443539,52.714116,On or near West Avenue,E01014125,Telford and Wrekin 005A,Violence and sexual offences,Unable to prosecute suspect,
,2015-04,West Mercia Police,West Mercia Police,-2.436037,52.718818,On or near Church Walk,E01014126,Telford and Wrekin 005B,Anti-social behaviour,,
dcfe5bc09cdc986d6fa3c9fda15c075859e04662900da188812dd75d2f7685ec,2015-04,West Mercia Police,West Mercia Police,-2.439944,52.711414,On or near Oakengates Road,E01014126,Telford and Wrekin 005B,Burglary,Investigation complete; no suspect identified,
24d3a7efd6547978c6f0341b7eb111da46233e59f43572fa2e703521dea223ca,2015-04,West Mercia Police,West Mercia Police,-2.438642,52.717298,On or near Hawthorn Road,E01014126,Telford and Wrekin 005B,Criminal damage and arson,Investigation complete; no suspect identified,
afd2b2ced13fe199faddf58d215b582f634235628cdac9bfde61b94fd476e982,2015-04,West Mercia Police,West Mercia Police,-2.440497,52.710396,On or near Wood Close,E01014126,Telford and Wrekin 005B,Vehicle crime,Investigation complete; no suspect identified,
7f43dba8c2caa132ffae9abc4efb3c32a8ff6fbb6404aaa3e6d1eea013d4a3ff,2015-04,West Mercia Police,West Mercia Police,-2.439434,52.716621,On or near Wrekin Drive,E01014126,Telford and Wrekin 005B,Violence and sexual offences,Investigation complete; no suspect identified,
4cb95ddf82b542b79cf1fe47c7f1aa3b3081cb986de4da5837d97900f7a1a574,2015-04,West Mercia Police,West Mercia Police,-2.438642,52.717298,On or near Hawthorn Road,E01014126,Telford and Wrekin 005B,Violence and sexual offences,Unable to prosecute suspect,
,2015-04,West Mercia Police,West Mercia Police,-2.432904,52.720933,On or near Jubilee Avenue,E01014127,Telford and Wrekin 005C,Anti-social behaviour,,
,2015-04,West Mercia Police,West Mercia Police,-2.431542,52.719410,On or near School Road,E01014127,Telford and Wrekin 005C,Anti-social behaviour,,
,2015-04,West Mercia Police,West Mercia Police,-2.434997,52.716997,On or near New Road,E01014127,Telford and Wrekin 005C,Anti-social behaviour,,
1f8a45f8eea7472dcc4f28099e21a46d35fc4126939e8d30e8e01fe439edebf2,2015-04,West Mercia Police,West Mercia Police,-2.434342,52.716685,On or near Hayward Avenue,E01014127,Telford and Wrekin 005C,Bicycle theft,Investigation complete; no suspect identified,
df6b1f2ab8fcc75844664959cf15dd7731a960159bb0cddb6a1a09ad4e4cd30b,2015-04,West Mercia Police,West Mercia Police,-2.434997,52.716997,On or near New Road,E01014127,Telford and Wrekin 005C,Burglary,Investigation complete; no suspect identified,
90ac350cdad9d0b927985b7205dbaeaaf1b799e97bff8f073b403f2bc570d8f8,2015-04,West Mercia Police,West Mercia Police,-2.433541,52.714944,On or near Glebelands,E01014127,Telford and Wrekin 005C,Burglary,Under investigation,
00c1c6247dcf2a94b3ead0abb3c9e6bb9e9508a653a6632d97d056a4bb9e0371,2015-04,West Mercia Police,West Mercia Police,-2.433541,52.714944,On or near Glebelands,E01014127,Telford and Wrekin 005C,Drugs,Court result unavailable,
f505283523a8cd07f6b1e93d70cb523eb0d15d95f64a371dcbbff313acd66414,2015-04,West Mercia Police,West Mercia Police,-2.431542,52.719410,On or near School Road,E01014127,Telford and Wrekin 005C,Other theft,Investigation complete; no suspect identified,
81f288ad71be86efe1203cb9009c88f823832fed6f8862a65b543c51b62bc6d8,2015-04,West Mercia Police,West Mercia Police,-2.433284,52.718918,On or near The Crescent,E01014127,Telford and Wrekin 005C,Violence and sexual offences,Unable to prosecute suspect,
cb2aabaaff4aa144a91d0bf0bf2aa28b6ca9373c8da6154b16824bb75a45dfde,2015-04,West Mercia Police,West Mercia Police,-2.431138,52.715968,On or near Cardinals Close,E01014127,Telford and Wrekin 005C,Violence and sexual offences,Investigation complete; no suspect identified,
2a67ec57694f821fa86dd730a08e65dccb0d844beb67cd7b4313913d0a2b7b8d,2015-04,West Mercia Police,West Mercia Police,-2.433284,52.718918,On or near The Crescent,E01014127,Telford and Wrekin 005C,Violence and sexual offences,Offender given a caution,
,2015-04,West Mercia Police,West Mercia Police,-2.435512,52.722668,On or near Sports/Recreation Area,E01014128,Telford and Wrekin 005D,Anti-social behaviour,,
,2015-04,West Mercia Police,West Mercia Police,-2.436288,52.726189,On or near Highlander Drive,E01014128,Telford and Wrekin 005D,Anti-social behaviour,,
,2015-04,West Mercia Police,West Mercia Police,-2.439925,52.727137,On or near Sports/Recreation Area,E01014128,Telford and Wrekin 005D,Anti-social behaviour,,
,2015-04,West Mercia Police,West Mercia Police,-2.429116,52.718079,On or near Sports/Recreation Area,E01014128,Telford and Wrekin 005D,Anti-social behaviour,,
,2015-04,West Mercia Police,West Mercia Police,-2.435524,52.720870,On or near Winston Drive,E01014128,Telford and Wrekin 005D,Anti-social behaviour,,
,2015-04,West Mercia Police,West Mercia Police,-2.441960,52.718985,On or near Donnington Police Station,E01014128,Telford and Wrekin 005D,Anti-social behaviour,,
,2015-04,West Mercia Police,West Mercia Police,-2.456819,52.717122,On or near Hortonwood 37,E01014128,Telford and Wrekin 005D,Anti-social behaviour,,
,2015-04,West Mercia Police,West Mercia Police,-2.435433,52.723594,On or near Sports/Recreation Area,E01014128,Telford and Wrekin 005D,Anti-social behaviour,,
,2015-04,West Mercia Police,West Mercia Police,-2.436288,52.726189,On or near Highlander Drive,E01014128,Telford and Wrekin 005D,Anti-social behaviour,,
c32e2dcd4b72ce776b20429a3c73e83e70544ebf08305e98fedd222025c24703,2015-04,West Mercia Police,West Mercia Police,-2.436288,52.726189,On or near Highlander Drive,E01014128,Telford and Wrekin 005D,Burglary,Investigation complete; no suspect identified,
ba5a28258cb30277ffcc2251db891c478fab7bb5dfccf0c0e2da9191d5725627,2015-04,West Mercia Police,West Mercia Police,-2.429761,52.720441,On or near Coronation Drive,E01014128,Telford and Wrekin 005D,Other theft,Local resolution,
3bf7ba27f40fc3d184fce62525ee790e5f64ab22495da5460846c4afd3b20394,2015-04,West Mercia Police,West Mercia Police,-2.435524,52.720870,On or near Winston Drive,E01014128,Telford and Wrekin 005D,Other theft,Investigation complete; no suspect identified,
064590141c9b4f4db56d4f2833724b503dab17ea3edd1e7217e991976910a8da,2015-04,West Mercia Police,West Mercia Police,-2.439090,52.720632,On or near Morris Drive,E01014128,Telford and Wrekin 005D,Shoplifting,Awaiting court outcome,
8a4838443a625b01e004eb75e9069883babfd42fb5233b5ac06dca67c3ae23c5,2015-04,West Mercia Police,West Mercia Police,-2.439744,52.729745,On or near Donnington Way,E01014128,Telford and Wrekin 005D,Violence and sexual offences,Court result unavailable,
,2015-04,West Mercia Police,West Mercia Police,-2.434131,52.708784,On or near Supermarket,E01014169,Telford and Wrekin 005E,Anti-social behaviour,,
,2015-04,West Mercia Police,West Mercia Police,-2.430190,52.712960,On or near Barn Close,E01014169,Telford and Wrekin 005E,Anti-social behaviour,,
,2015-04,West Mercia Police,West Mercia Police,-2.432669,52.713670,On or near St Matthew'S Road,E01014169,Telford and Wrekin 005E,Anti-social behaviour,,
,2015-04,West Mercia Police,West Mercia Police,-2.427509,52.715784,On or near Colridge Court,E01014169,Telford and Wrekin 005E,Anti-social behaviour,,
,2015-04,West Mercia Police,West Mercia Police,-2.430196,52.710560,On or near Eastwood Drive,E01014169,Telford and Wrekin 005E,Anti-social behaviour,,
,2015-04,West Mercia Police,West Mercia Police,-2.434131,52.708784,On or near Supermarket,E01014169,Telford and Wrekin 005E,Anti-social behaviour,,
,2015-04,West Mercia Police,West Mercia Police,-2.434131,52.708784,On or near Supermarket,E01014169,Telford and Wrekin 005E,Anti-social behaviour,,
935c6eb565ccbdfe4175dda51542a69680bd0d521474f215dab52612834353ce,2015-04,West Mercia Police,West Mercia Police,-2.432247,52.712881,On or near Penistone Close,E01014169,Telford and Wrekin 005E,Burglary,Investigation complete; no suspect identified,
e1dad08bbe97e919c23b32ad95490276063f2982bf22c34739eec3f294591a26,2015-04,West Mercia Police,West Mercia Police,-2.430190,52.712960,On or near Barn Close,E01014169,Telford and Wrekin 005E,Burglary,Investigation complete; no suspect identified,
007cf7fa41324618ea608bd5ea2566d2130cdbcc87638a020e0be11141b12f1e,2015-04,West Mercia Police,West Mercia Police,-2.432669,52.713670,On or near St Matthew'S Road,E01014169,Telford and Wrekin 005E,Criminal damage and arson,Unable to prosecute suspect,
4dacfff2fbb35743cab63685cbb88615fae92fa2b9bd496b43c1cbf14ac207ce,2015-04,West Mercia Police,West Mercia Police,-2.434131,52.708784,On or near Supermarket,E01014169,Telford and Wrekin 005E,Drugs,Unable to prosecute suspect,
f2a92c485abde44c663d30de262f6604f21a388f5b2d15688442852ed303549b,2015-04,West Mercia Police,West Mercia Police,-2.432669,52.713670,On or near St Matthew'S Road,E01014169,Telford and Wrekin 005E,Drugs,Offender fined,
6d94e08b85026e2e2e59bd175e41cf6e525d6204189972df6676df27a140722c,2015-04,West Mercia Police,West Mercia Police,-2.434131,52.708784,On or near Supermarket,E01014169,Telford and Wrekin 005E,Other theft,Investigation complete; no suspect identified,
2172904c6ca2ff5bf446e4baf513873ba0a16e4a12de8f56e51b9d112135a9ce,2015-04,West Mercia Police,West Mercia Police,-2.432669,52.713670,On or near St Matthew'S Road,E01014169,Telford and Wrekin 005E,Other theft,Investigation complete; no suspect identified,
b834739ec3dfb9063c9a469f3ed2fe53bc90f35bc253407a971900e1b684bbfe,2015-04,West Mercia Police,West Mercia Police,-2.433077,52.710037,On or near Lodge Coppice,E01014169,Telford and Wrekin 005E,Public order,Unable to prosecute suspect,
bf69837f286a39477195ff1970aba56287d51c0e636cde405cc4f1d8b0a574d8,2015-04,West Mercia Police,West Mercia Police,-2.434131,52.708784,On or near Supermarket,E01014169,Telford and Wrekin 005E,Shoplifting,Offender given community sentence,
9bb491d829c9e70b52311da382bcaaf7c4c9019e32b18992e68497aa7c112e2f,2015-04,West Mercia Police,West Mercia Police,-2.434131,52.708784,On or near Supermarket,E01014169,Telford and Wrekin 005E,Shoplifting,Investigation complete; no suspect identified,
fb8b093c72e2a55a8e64fa0b82f9bb9ac23c9a0f7c4859a86ba881eadb3af166,2015-04,West Mercia Police,West Mercia Police,-2.434131,52.708784,On or near Supermarket,E01014169,Telford and Wrekin 005E,Shoplifting,Offender given community sentence,
d27cb731e9bbc329e6eff314a96c4072f07bbc5d69b28c3f4bfb036601b48132,2015-04,West Mercia Police,West Mercia Police,-2.434131,52.708784,On or near Supermarket,E01014169,Telford and Wrekin 005E,Shoplifting,Offender sent to prison,
da8762e104ff420816be68f1b209eb55a56823b48ab48c69e1619a74a273931c,2015-04,West Mercia Police,West Mercia Police,-2.434131,52.708784,On or near Supermarket,E01014169,Telford and Wrekin 005E,Theft from the person,Investigation complete; no suspect identified,
93fb0dddd47ae83c7c392076f77219899fbe43faab34f6d394e2da85a5462a2b,2015-04,West Mercia Police,West Mercia Police,-2.430190,52.712960,On or near Barn Close,E01014169,Telford and Wrekin 005E,Violence and sexual offences,Under investigation,
f49489e2ee3c114423161d43a8d01a0deeabc8d26911ec54faa72466f93fe09d,2015-04,West Mercia Police,West Mercia Police,-2.432247,52.712881,On or near Penistone Close,E01014169,Telford and Wrekin 005E,Violence and sexual offences,Investigation complete; no suspect identified,
,2015-04,West Mercia Police,West Mercia Police,-2.529199,52.711283,On or near Morville Drive,E01014129,Telford and Wrekin 006A,Anti-social behaviour,,
,2015-04,West Mercia Police,West Mercia Police,-2.529199,52.711283,On or near Morville Drive,E01014129,Telford and Wrekin 006A,Anti-social behaviour,,
,2015-04,West Mercia Police,West Mercia Police,-2.523697,52.710399,On or near Grinshill,E01014129,Telford and Wrekin 006A,Anti-social behaviour,,
68456ac1c8bdbf9ef44c6bc762e3c5b88cf9ac15c5348c1506ea518bec8d8a21,2015-04,West Mercia Police,West Mercia Police,-2.530134,52.710236,On or near Clun Close,E01014129,Telford and Wrekin 006A,Criminal damage and arson,Investigation complete; no suspect identified,
476c398f25aedc9c0a2d9904c970898c5cd01c34788647fc7d59a292bec221f9,2015-04,West Mercia Police,West Mercia Police,-2.520970,52.713845,On or near The Savannahs,E01014130,Telford and Wrekin 006B,Burglary,Offender sent to prison,
85816fbd4149e1c18b5c1ce5cabb5a051f0ab781eb27fcb372cf748da405fbca,2015-04,West Mercia Police,West Mercia Police,-2.526868,52.708201,On or near Cound Close,E01014180,Telford and Wrekin 006D,Criminal damage and arson,Investigation complete; no suspect identified,
,2015-04,West Mercia Police,West Mercia Police,-2.531602,52.720199,On or near Oakfield Road,E01014189,Telford and Wrekin 006E,Anti-social behaviour,,
,2015-04,West Mercia Police,West Mercia Police,-2.531602,52.720199,On or near Oakfield Road,E01014189,Telford and Wrekin 006E,Anti-social behaviour,,
,2015-04,West Mercia Police,West Mercia Police,-2.534530,52.722397,On or near Hopkins Heath,E01014189,Telford and Wrekin 006E,Anti-social behaviour,,
,2015-04,West Mercia Police,West Mercia Police,-2.531602,52.720199,On or near Oakfield Road,E01014189,Telford and Wrekin 006E,Anti-social behaviour,,
,2015-04,West Mercia Police,West Mercia Police,-2.527112,52.718610,On or near Blackthorn Grove,E01014189,Telford and Wrekin 006E,Anti-social behaviour,,
a85e2023a4bff7703e00f5b33e6d120fe9e07cd3187dd7b028f0b5cc1277a0ba,2015-04,West Mercia Police,West Mercia Police,-2.526456,52.717057,On or near St Marks Close,E01014189,Telford and Wrekin 006E,Criminal damage and arson,Investigation complete; no suspect identified,
6e2bea9b9c43f8a34192993fa5ef15afb0e34dbce4b830c62b8d042e44c6e827,2015-04,West Mercia Police,West Mercia Police,-2.531602,52.720199,On or near Oakfield Road,E01014189,Telford and Wrekin 006E,Violence and sexual offences,Under investigation,
71abfe97f39a03460559c8d31acbaa1cfe40f8abcdc4462dfb6edf0fde99a632,2015-04,West Mercia Police,West Mercia Police,-2.529830,52.723012,On or near Sherwood Close,E01014189,Telford and Wrekin 006E,Violence and sexual offences,Unable to prosecute suspect,
a99895cdc54fb7000c3be533fabb0d27afcc589baa5ced59c3bfe1e437ef48ae,2015-04,West Mercia Police,West Mercia Police,-2.529830,52.723012,On or near Sherwood Close,E01014189,Telford and Wrekin 006E,Violence and sexual offences,Unable to prosecute suspect,
,2015-04,West Mercia Police,West Mercia Police,-2.533657,52.715146,On or near Brockwood Copse,E01014190,Telford and Wrekin 006F,Anti-social behaviour,,
,2015-04,West Mercia Police,West Mercia Police,-2.533149,52.718403,On or near Fallow Road,E01014190,Telford and Wrekin 006F,Anti-social behaviour,,
,2015-04,West Mercia Police,West Mercia Police,-2.532889,52.716453,On or near Quail Gate,E01014190,Telford and Wrekin 006F,Anti-social behaviour,,
73a8dd01c5190695e274de4b739899d7ef5441d03feb09bca2180dd976c493ab,2015-04,West Mercia Police,West Mercia Police,-2.531353,52.717962,On or near Acorn Way,E01014190,Telford and Wrekin 006F,Shoplifting,Investigation complete; no suspect identified,
f2f17534e1c58e7a207c6c9462e4bcc72327a1f9847ccca2f24e23e6f637e885,2015-04,West Mercia Police,West Mercia Police,-2.531353,52.717962,On or near Acorn Way,E01014190,Telford and Wrekin 006F,Shoplifting,Investigation complete; no suspect identified,
,2015-04,West Mercia Police,West Mercia Police,-2.510562,52.712407,On or near Hospital,E01014102,Telford and Wrekin 007A,Anti-social behaviour,,
,2015-04,West Mercia Police,West Mercia Police,-2.510562,52.712407,On or near Hospital,E01014102,Telford and Wrekin 007A,Anti-social behaviour,,
,2015-04,West Mercia Police,West Mercia Police,-2.510562,52.712407,On or near Hospital,E01014102,Telford and Wrekin 007A,Anti-social behaviour,,
,2015-04,West Mercia Police,West Mercia Police,-2.505721,52.713642,On or near Wigeon Grove,E01014102,Telford and Wrekin 007A,Anti-social behaviour,,
,2015-04,West Mercia Police,West Mercia Police,-2.505721,52.713642,On or near Wigeon Grove,E01014102,Telford and Wrekin 007A,Anti-social behaviour,,
,2015-04,West Mercia Police,West Mercia Police,-2.505721,52.713642,On or near Wigeon Grove,E01014102,Telford and Wrekin 007A,Anti-social behaviour,,
f431cf94d12bdf62329924c9486b8babbc7a4723f96f00a8ac93edb3c13d3f93,2015-04,West Mercia Police,West Mercia Police,-2.510562,52.712407,On or near Hospital,E01014102,Telford and Wrekin 007A,Criminal damage and arson,Court result unavailable,
af0ed1f04d739f5544557fdb0481a7a9e8a941992ce590a7e15444d150e4d089,2015-04,West Mercia Police,West Mercia Police,-2.498569,52.716054,On or near Beaufort Close,E01014102,Telford and Wrekin 007A,Criminal damage and arson,Investigation complete; no suspect identified,
6d94634b1a3160e7a66c7165111bf166ae36891e487b7d6651b94020366bbcc2,2015-04,West Mercia Police,West Mercia Police,-2.510562,52.712407,On or near Hospital,E01014102,Telford and Wrekin 007A,Other theft,Investigation complete; no suspect identified,
2929d2e4cc83bd2c5a4224ca4af48bf24eb68be5c33ed48026e61a8eb4292da2,2015-04,West Mercia Police,West Mercia Police,-2.509571,52.718857,On or near Goshawk Drive,E01014102,Telford and Wrekin 007A,Other theft,Investigation complete; no suspect identified,
cdf4ee926bf87f246b39ab4f6800e68a1a0e036a95f4d06094f42ddb4039c9ab,2015-04,West Mercia Police,West Mercia Police,-2.510562,52.712407,On or near Hospital,E01014102,Telford and Wrekin 007A,Public order,Unable to prosecute suspect,
c85cccd2e6ac27261bb77354cfe10bef5140e4a8924e6b4892db379e36a12e16,2015-04,West Mercia Police,West Mercia Police,-2.505721,52.713642,On or near Wigeon Grove,E01014102,Telford and Wrekin 007A,Robbery,Investigation complete; no suspect identified,
,2015-04,West Mercia Police,West Mercia Police,-2.500748,52.712440,On or near Pedestrian Subway,E01014103,Telford and Wrekin 007B,Anti-social behaviour,,
,2015-04,West Mercia Police,West Mercia Police,-2.500748,52.712440,On or near Pedestrian Subway,E01014103,Telford and Wrekin 007B,Anti-social behaviour,,
46b2c8c396297deeb06bde82615e05c638bb7bf55c5085ffea36b5e4587c1b04,2015-04,West Mercia Police,West Mercia Police,-2.500748,52.712440,On or near Pedestrian Subway,E01014103,Telford and Wrekin 007B,Burglary,Investigation complete; no suspect identified,
26f9799e292c6fb33517b55f10687a2d8cebf3bd347795b4dfedd96492243868,2015-04,West Mercia Police,West Mercia Police,-2.503879,52.709236,On or near Heatherdale,E01014103,Telford and Wrekin 007B,Other theft,Investigation complete; no suspect identified,
ecccb26d48dd35df6b9b2a5e20ede10f16df7ae23ac3ffd4b3e301a391e5b729,2015-04,West Mercia Police,West Mercia Police,-2.500748,52.712440,On or near Pedestrian Subway,E01014103,Telford and Wrekin 007B,Shoplifting,Awaiting court outcome,
,2015-04,West Mercia Police,West Mercia Police,-2.492510,52.713059,On or near Park Court,E01014138,Telford and Wrekin 007C,Anti-social behaviour,,
,2015-04,West Mercia Police,West Mercia Police,-2.492510,52.713059,On or near Park Court,E01014138,Telford and Wrekin 007C,Anti-social behaviour,,
,2015-04,West Mercia Police,West Mercia Police,-2.496098,52.717476,On or near Queensway,E01014138,Telford and Wrekin 007C,Anti-social behaviour,,
e12713993559906e1591fe71c65a34582a786e1cbb276d444b9acc6d1e8a1962,2015-04,West Mercia Police,West Mercia Police,-2.496545,52.711208,On or near Halifax Drive,E01014138,Telford and Wrekin 007C,Criminal damage and arson,Investigation complete; no suspect identified,
d7a137a739b5f4fc13fc948668fc41b29457d46c1948c2591862520ba6281ed2,2015-04,West Mercia Police,West Mercia Police,-2.500711,52.709177,On or near Pedestrian Subway,E01014138,Telford and Wrekin 007C,Violence and sexual offences,Offender given suspended prison sentence,
,2015-04,West Mercia Police,West Mercia Police,-2.498338,52.703578,On or near Radnor Court,E01014140,Telford and Wrekin 007D,Anti-social behaviour,,
,2015-04,West Mercia Police,West Mercia Police,-2.499892,52.707455,On or near Epsom Court,E01014140,Telford and Wrekin 007D,Anti-social behaviour,,
,2015-04,West Mercia Police,West Mercia Police,-2.498840,52.704744,On or near Westmorland Mews,E01014140,Telford and Wrekin 007D,Anti-social behaviour,,
,2015-04,West Mercia Police,West Mercia Police,-2.498338,52.703578,On or near Radnor Court,E01014140,Telford and Wrekin 007D,Anti-social behaviour,,
,2015-04,West Mercia Police,West Mercia Police,-2.499002,52.703377,On or near Cumberland Mews,E01014140,Telford and Wrekin 007D,Anti-social behaviour,,
,2015-04,West Mercia Police,West Mercia Police,-2.499002,52.703377,On or near Cumberland Mews,E01014140,Telford and Wrekin 007D,Anti-social behaviour,,
,2015-04,West Mercia Police,West Mercia Police,-2.500311,52.705295,On or near Acacia Drive,E01014140,Telford and Wrekin 007D,Anti-social behaviour,,
,2015-04,West Mercia Police,West Mercia Police,-2.499002,52.703377,On or near Cumberland Mews,E01014140,Telford and Wrekin 007D,Anti-social behaviour,,
9d6aef10a514cab3eed499aa48e53056ece8317b8dd3f0388ae68365ef18dd44,2015-04,West Mercia Police,West Mercia Police,-2.500311,52.705295,On or near Acacia Drive,E01014140,Telford and Wrekin 007D,Burglary,Investigation complete; no suspect identified,
b5d51f8274bd9ec5777e17f15fcc2903e01865bbcba0d8f1a1ef04784841dad9,2015-04,West Mercia Police,West Mercia Police,-2.499002,52.703377,On or near Cumberland Mews,E01014140,Telford and Wrekin 007D,Burglary,Investigation complete; no suspect identified,
ee91240dfca6fa36c7cc65be103c0eea98838949dfd47eca76b23c2c33804647,2015-04,West Mercia Police,West Mercia Police,-2.498338,52.703578,On or near Radnor Court,E01014140,Telford and Wrekin 007D,Other theft,Investigation complete; no suspect identified,
a63bf7448f5efe67d9b422be78fd6c1e8f4799ea0b4676b7083c6e40ba30ded2,2015-04,West Mercia Police,West Mercia Police,-2.500311,52.705295,On or near Acacia Drive,E01014140,Telford and Wrekin 007D,Other theft,Investigation complete; no suspect identified,
5c376087fbb4989aafccdd44aa24668fbb2a3dd98d49866e0cb6261b778058b7,2015-04,West Mercia Police,West Mercia Police,-2.496588,52.707181,On or near Whimbrel Close,E01014140,Telford and Wrekin 007D,Violence and sexual offences,Unable to prosecute suspect,
,2015-04,West Mercia Police,West Mercia Police,-2.453466,52.709287,On or near St John'S Drive,E01014205,Telford and Wrekin 008A,Anti-social behaviour,,
,2015-04,West Mercia Police,West Mercia Police,-2.455162,52.712939,On or near Oakwood Drive,E01014205,Telford and Wrekin 008A,Anti-social behaviour,,
,2015-04,West Mercia Police,West Mercia Police,-2.458065,52.713107,On or near Trench Road,E01014205,Telford and Wrekin 008A,Anti-social behaviour,,
7247ab80b5f29e799776f185eb2207105e15c39caba93b532c1ad76e14f5b0e2,2015-04,West Mercia Police,West Mercia Police,-2.454305,52.713059,On or near Tenbury Drive,E01014205,Telford and Wrekin 008A,Violence and sexual offences,Unable to prosecute suspect,
,2015-04,West Mercia Police,West Mercia Police,-2.450295,52.714701,On or near Field Road,E01014206,Telford and Wrekin 008B,Anti-social behaviour,,
,2015-04,West Mercia Police,West Mercia Police,-2.450295,52.714701,On or near Field Road,E01014206,Telford and Wrekin 008B,Anti-social behaviour,,
,2015-04,West Mercia Police,West Mercia Police,-2.451483,52.713555,On or near Gordon Road,E01014206,Telford and Wrekin 008B,Anti-social behaviour,,
,2015-04,West Mercia Police,West Mercia Police,-2.447738,52.716491,On or near Parking Area,E01014206,Telford and Wrekin 008B,Anti-social behaviour,,
,2015-04,West Mercia Police,West Mercia Police,-2.448698,52.714815,On or near Sports/Recreation Area,E01014206,Telford and Wrekin 008B,Anti-social behaviour,,
,2015-04,West Mercia Police,West Mercia Police,-2.449264,52.716575,On or near Sports/Recreation Area,E01014206,Telford and Wrekin 008B,Anti-social behaviour,,
e1d98585622c73e8cde1a37b09466af78265180022e26bae7c6babe66e23c4f1,2015-04,West Mercia Police,West Mercia Police,-2.448698,52.714815,On or near Sports/Recreation Area,E01014206,Telford and Wrekin 008B,Bicycle theft,Investigation complete; no suspect identified,
ad6f02d4427db4830f2d53071ceaa2e7ba9e8f3e6c5cc459b72cad67ae3a3658,2015-04,West Mercia Police,West Mercia Police,-2.455498,52.712560,On or near Broadway Avenue,E01014206,Telford and Wrekin 008B,Criminal damage and arson,Investigation complete; no suspect identified,
e2bb1d05a359b267c002732bc0ddfb2451d1c62ba8879dcc2cd0635f72aff7aa,2015-04,West Mercia Police,West Mercia Police,-2.448698,52.714815,On or near Sports/Recreation Area,E01014206,Telford and Wrekin 008B,Other theft,Court result unavailable,
aca406d902e61cd8c7285d80325e1a4be04d399450b09e26cfee53a8c6e00f92,2015-04,West Mercia Police,West Mercia Police,-2.448698,52.714815,On or near Sports/Recreation Area,E01014206,Telford and Wrekin 008B,Public order,Court result unavailable,
df18caa8283cf43eb09b4954e0f41e09f125dab48b69cdfab0c5dc56b67b7e7a,2015-04,West Mercia Police,West Mercia Police,-2.448698,52.714815,On or near Sports/Recreation Area,E01014206,Telford and Wrekin 008B,Violence and sexual offences,Unable to prosecute suspect,
52dab0214c35cc20f40c1e2a5b954fc6a4efac811bc512d6f3a9c6bed35a4377,2015-04,West Mercia Police,West Mercia Police,-2.448698,52.714815,On or near Sports/Recreation Area,E01014206,Telford and Wrekin 008B,Violence and sexual offences,Unable to prosecute suspect,
,2015-04,West Mercia Police,West Mercia Police,-2.457262,52.709910,On or near Bridge Close,E01014207,Telford and Wrekin 008C,Anti-social behaviour,,
,2015-04,West Mercia Police,West Mercia Police,-2.468562,52.709156,On or near Queensway,E01014207,Telford and Wrekin 008C,Anti-social behaviour,,
,2015-04,West Mercia Police,West Mercia Police,-2.468562,52.709156,On or near Queensway,E01014207,Telford and Wrekin 008C,Anti-social behaviour,,
,2015-04,West Mercia Police,West Mercia Police,-2.462165,52.715860,On or near Hortonwood 7,E01014207,Telford and Wrekin 008C,Anti-social behaviour,,
,2015-04,West Mercia Police,West Mercia Police,-2.468189,52.717140,On or near Hortonwood 31,E01014207,Telford and Wrekin 008C,Anti-social behaviour,,
26708322ca299da03c3af9da1f05c1453df335497853dec8c9aa8d23814f1c0b,2015-04,West Mercia Police,West Mercia Police,-2.461796,52.710351,On or near Springfield Road,E01014207,Telford and Wrekin 008C,Other theft,Investigation complete; no suspect identified,
68ea8eb588a5db8935406086bcc7860aa93da01fad271ef972526527d419e459,2015-04,West Mercia Police,West Mercia Police,-2.468189,52.717140,On or near Hortonwood 31,E01014207,Telford and Wrekin 008C,Vehicle crime,Investigation complete; no suspect identified,
da89667d9080bc83b5231d30f823886dfaeab9157e301e1433a71f85b982dd4c,2015-04,West Mercia Police,West Mercia Police,-2.466090,52.710559,On or near Tudor Meadow,E01014207,Telford and Wrekin 008C,Violence and sexual offences,Unable to prosecute suspect,
2c58efa7f93875e853da83281a669980711c7bc4a2de730b3008de3df3947dfb,2015-04,West Mercia Police,West Mercia Police,-2.457262,52.709910,On or near Bridge Close,E01014207,Telford and Wrekin 008C,Violence and sexual offences,Local resolution,
050a16fea1c85b2aad9f4aa55944de222580333674b6f1a4b31a9fb65c73493d,2015-04,West Mercia Police,West Mercia Police,-2.461796,52.710351,On or near Springfield Road,E01014207,Telford and Wrekin 008C,Violence and sexual offences,Unable to prosecute suspect,
cdd1f012e4c3b50b0f049368d104b4ac462049891a1fcd0d85cb7a68e05b90e5,2015-04,West Mercia Police,West Mercia Police,-2.458047,52.708541,On or near Trenleigh Gardens,E01014207,Telford and Wrekin 008C,Other crime,Under investigation,
,2015-04,West Mercia Police,West Mercia Police,-2.447852,52.710252,On or near Malcolm Davies Drive,E01014208,Telford and Wrekin 008D,Anti-social behaviour,,
,2015-04,West Mercia Police,West Mercia Police,-2.445892,52.712552,On or near Gibbons Road,E01014208,Telford and Wrekin 008D,Anti-social behaviour,,
,2015-04,West Mercia Police,West Mercia Police,-2.443896,52.708460,On or near Chapel Grove,E01014208,Telford and Wrekin 008D,Anti-social behaviour,,
,2015-04,West Mercia Police,West Mercia Police,-2.446922,52.714912,On or near Lennock Road,E01014208,Telford and Wrekin 008D,Anti-social behaviour,,
c407faa199fde9c738a6f140c12f1185abcfe0cca387dcf7bf26b27a01f44fd5,2015-04,West Mercia Police,West Mercia Police,-2.447852,52.710252,On or near Malcolm Davies Drive,E01014208,Telford and Wrekin 008D,Burglary,Suspect charged as part of another case,
c2359ac31c119d8e5caca3a846618361a0aacf91344a68219ae2902b2ab770c3,2015-04,West Mercia Police,West Mercia Police,-2.449202,52.710624,On or near James Close,E01014208,Telford and Wrekin 008D,Burglary,Investigation complete; no suspect identified,
ac4cb055223f0e16883e5790184d2899f9b40545eca9e36967ef543162bc6833,2015-04,West Mercia Police,West Mercia Police,-2.442914,52.707906,On or near Plough Road,E01014208,Telford and Wrekin 008D,Criminal damage and arson,Court result unavailable,
b307025ce741639f224c8506c159584c294eedb5345ddf0607235e28b8bdc4d8,2015-04,West Mercia Police,West Mercia Police,-2.443874,52.710662,On or near Dickins Road,E01014208,Telford and Wrekin 008D,Criminal damage and arson,Unable to prosecute suspect,
4a0691085e68b510ea1d74a3cd0e64f849657b7819a9c6502af197194f1b2fad,2015-04,West Mercia Police,West Mercia Police,-2.444157,52.709394,On or near Wade Road,E01014208,Telford and Wrekin 008D,Criminal damage and arson,Investigation complete; no suspect identified,
84350d53851413e9cc5517814a9e9f5de822aefed50fee7adfce7f9c1d834a04,2015-04,West Mercia Police,West Mercia Police,-2.444157,52.709394,On or near Wade Road,E01014208,Telford and Wrekin 008D,Criminal damage and arson,Investigation complete; no suspect identified,
9ebf69442019133a63d428735b66b2c83999cdb475dab3dd27c2f3b02a34ee82,2015-04,West Mercia Police,West Mercia Police,-2.446922,52.714912,On or near Lennock Road,E01014208,Telford and Wrekin 008D,Criminal damage and arson,Investigation complete; no suspect identified,
b35e585fcce5c9a5ed66a98591f820aadda2e8e960bac8f510b1e7436fc8cd09,2015-04,West Mercia Police,West Mercia Police,-2.446922,52.714912,On or near Lennock Road,E01014208,Telford and Wrekin 008D,Criminal damage and arson,Investigation complete; no suspect identified,
0682cd126cc040628f330287a5f52c4c5f2781c15836042bdfc156044d4bf5d5,2015-04,West Mercia Police,West Mercia Police,-2.443874,52.710662,On or near Dickins Road,E01014208,Telford and Wrekin 008D,Criminal damage and arson,Local resolution,
15acc596598546f4c2c56c298cd27726cb55dae58925fad1b34ec9bb79dfa9bc,2015-04,West Mercia Police,West Mercia Police,-2.441979,52.709132,On or near Charles Street,E01014208,Telford and Wrekin 008D,Other theft,Investigation complete; no suspect identified,
72cc0e30bf06e83277d9a0f703f07adf19aed271aff7ebc672cf0c19addf4ac0,2015-04,West Mercia Police,West Mercia Police,-2.445098,52.713148,On or near James Nelson Crescent,E01014208,Telford and Wrekin 008D,Other theft,Investigation complete; no suspect identified,
2ebe709054e5219ffa1384fd855f1b6d469e54311b0de1418687a5941518c2b8,2015-04,West Mercia Police,West Mercia Police,-2.441979,52.709132,On or near Charles Street,E01014208,Telford and Wrekin 008D,Other theft,Investigation complete; no suspect identified,
92507a3f14ca4db7e8fdc0c17a32f134194d9684456429b0b075c2fdf4e37b19,2015-04,West Mercia Police,West Mercia Police,-2.445098,52.713148,On or near James Nelson Crescent,E01014208,Telford and Wrekin 008D,Violence and sexual offences,Unable to prosecute suspect,
f5694725d4195733b349c7c2a63b4a260168d2d85a81a3c24e56388e09d5253a,2015-04,West Mercia Police,West Mercia Police,-2.449202,52.710624,On or near James Close,E01014208,Telford and Wrekin 008D,Violence and sexual offences,Unable to prosecute suspect,
aef85ed57a230d8fc6514a8137869248c892c30933eaa2d7c3a9d4bd0215e7bc,2015-04,West Mercia Police,West Mercia Police,-2.449060,52.711137,On or near Church Road,E01014208,Telford and Wrekin 008D,Violence and sexual offences,Unable to prosecute suspect,
48fecd0b8b9e62b6ad3e621d893d7f28cf72a48529defd00bfda3a73fd6f010f,2015-04,West Mercia Police,West Mercia Police,-2.446922,52.714912,On or near Lennock Road,E01014208,Telford and Wrekin 008D,Violence and sexual offences,Unable to prosecute suspect,
881ee01e5c8d37e28857214c11e9dcf9be8e451ee9b2392dd4d76e9de6a2a52f,2015-04,West Mercia Police,West Mercia Police,-2.445892,52.712552,On or near Gibbons Road,E01014208,Telford and Wrekin 008D,Violence and sexual offences,Under investigation,
2197273010f29ae2f227830a80b98481d1ba5bf88712431e4a439e8b0284db6f,2015-04,West Mercia Police,West Mercia Police,-2.446922,52.714912,On or near Lennock Road,E01014208,Telford and Wrekin 008D,Violence and sexual offences,Unable to prosecute suspect,
cfc807e087c386eba481c2e913058e7c8a5ab679baead37592835b719ae4b07a,2015-04,West Mercia Police,West Mercia Police,-2.443874,52.710662,On or near Dickins Road,E01014208,Telford and Wrekin 008D,Violence and sexual offences,Unable to prosecute suspect,
509ac589707f1568f74cfee4d18c621aae47973502f158a6cebc2e4e2ef0aa35,2015-04,West Mercia Police,West Mercia Police,-2.447852,52.710252,On or near Malcolm Davies Drive,E01014208,Telford and Wrekin 008D,Violence and sexual offences,Unable to prosecute suspect,
,2015-04,West Mercia Police,West Mercia Police,-2.455977,52.705960,On or near Juniper Drive,E01014209,Telford and Wrekin 008E,Anti-social behaviour,,
,2015-04,West Mercia Police,West Mercia Police,-2.454714,52.702584,On or near Laburnum Road,E01014209,Telford and Wrekin 008E,Anti-social behaviour,,
,2015-04,West Mercia Police,West Mercia Police,-2.454861,52.703914,On or near Birch Dale Avenue,E01014209,Telford and Wrekin 008E,Anti-social behaviour,,
,2015-04,West Mercia Police,West Mercia Police,-2.454552,52.706927,On or near Newfield Drive,E01014209,Telford and Wrekin 008E,Anti-social behaviour,,
,2015-04,West Mercia Police,West Mercia Police,-2.454552,52.706927,On or near Newfield Drive,E01014209,Telford and Wrekin 008E,Anti-social behaviour,,
38570324f99929920b8e12cff4b27a0e6080dc7c226061ad0fb7766c8f7c2fab,2015-04,West Mercia Police,West Mercia Police,-2.454517,52.707853,On or near Supermarket,E01014209,Telford and Wrekin 008E,Violence and sexual offences,Unable to prosecute suspect,
,2015-04,West Mercia Police,West Mercia Police,-2.469485,52.723392,On or near Hortonwood 60,E01014137,Telford and Wrekin 009A,Anti-social behaviour,,
,2015-04,West Mercia Police,West Mercia Police,-2.489812,52.711362,On or near Wheatley Crescent,E01014137,Telford and Wrekin 009A,Anti-social behaviour,,
,2015-04,West Mercia Police,West Mercia Police,-2.487070,52.715041,On or near Sandal Close,E01014137,Telford and Wrekin 009A,Anti-social behaviour,,
f522ebb8f5902f896e862a80513420d9545511c25b43dbdc2edc2263de488c11,2015-04,West Mercia Police,West Mercia Police,-2.487965,52.715667,On or near Porchester Close,E01014137,Telford and Wrekin 009A,Criminal damage and arson,Investigation complete; no suspect identified,
d28632279e41a0509f4a888b3649e65d5692c76e0d09eb57bd8997e63c8ca720,2015-04,West Mercia Police,West Mercia Police,-2.492703,52.710442,On or near Millstream Way,E01014137,Telford and Wrekin 009A,Other theft,Investigation complete; no suspect identified,
d3982b0cd375fcc0383cccfe3064aa0af4cb94ba7978b00ae84c98ac2b93a757,2015-04,West Mercia Police,West Mercia Police,-2.482773,52.711958,On or near Park/Open Space,E01014137,Telford and Wrekin 009A,Other theft,Local resolution,
21b93a14697b8e0a675087eb23da8a83337fadcee7d8914a9ed677ff1af4bf70,2015-04,West Mercia Police,West Mercia Police,-2.487853,52.713600,On or near Warwick Way,E01014137,Telford and Wrekin 009A,Other theft,Investigation complete; no suspect identified,
b42051d025c03b23ebf880e175e206c2966281e389dc55d790f4a3721343fc5c,2015-04,West Mercia Police,West Mercia Police,-2.487965,52.715667,On or near Porchester Close,E01014137,Telford and Wrekin 009A,Violence and sexual offences,Unable to prosecute suspect,
10d173af7225425c387ff50580f1f4db230780cade1976996cc7608a9e0846c0,2015-04,West Mercia Police,West Mercia Police,-2.482773,52.711958,On or near Park/Open Space,E01014137,Telford and Wrekin 009A,Violence and sexual offences,Unable to prosecute suspect,
,2015-04,West Mercia Police,West Mercia Police,-2.493447,52.702960,On or near Summer House Drive,E01014139,Telford and Wrekin 009B,Anti-social behaviour,,
,2015-04,West Mercia Police,West Mercia Police,-2.493255,52.705568,On or near Chockleys Meadow,E01014139,Telford and Wrekin 009B,Anti-social behaviour,,
,2015-04,West Mercia Police,West Mercia Police,-2.488923,52.708642,On or near The Grove,E01014139,Telford and Wrekin 009B,Anti-social behaviour,,
,2015-04,West Mercia Police,West Mercia Police,-2.488923,52.708642,On or near The Grove,E01014139,Telford and Wrekin 009B,Anti-social behaviour,,
,2015-04,West Mercia Police,West Mercia Police,-2.493447,52.702960,On or near Summer House Drive,E01014139,Telford and Wrekin 009B,Anti-social behaviour,,
,2015-04,West Mercia Police,West Mercia Police,-2.492877,52.707484,On or near Pedestrian Subway,E01014139,Telford and Wrekin 009B,Anti-social behaviour,,
,2015-04,West Mercia Police,West Mercia Police,-2.493255,52.705568,On or near Chockleys Meadow,E01014139,Telford and Wrekin 009B,Anti-social behaviour,,
,2015-04,West Mercia Police,West Mercia Police,-2.495366,52.706422,On or near Dunlin Close,E01014139,Telford and Wrekin 009B,Anti-social behaviour,,
1970abe1ee338f966915de2aea090189e4376cf005682f7f5150645b47610fd1,2015-04,West Mercia Police,West Mercia Police,-2.493447,52.702960,On or near Summer House Drive,E01014139,Telford and Wrekin 009B,Burglary,Investigation complete; no suspect identified,
5a18bfe78d0e2987c7a4376463e81b4974738fa9b301095fc6b49a56cf9617c2,2015-04,West Mercia Police,West Mercia Police,-2.491270,52.702780,On or near Haybridge Road,E01014139,Telford and Wrekin 009B,Burglary,Investigation complete; no suspect identified,
36daa660c2782a2f24ea47e83fc9985019ea6f5e434893bf91903fdce44e21cc,2015-04,West Mercia Police,West Mercia Police,-2.492877,52.707484,On or near Pedestrian Subway,E01014139,Telford and Wrekin 009B,Burglary,Investigation complete; no suspect identified,
7fd0b6dab3971fa6aa621530a0782c06eb540f53ecfaf4c3bf3778bbbfabce0d,2015-04,West Mercia Police,West Mercia Police,-2.493447,52.702960,On or near Summer House Drive,E01014139,Telford and Wrekin 009B,Burglary,Investigation complete; no suspect identified,
288f0bbc2645011b8f9a1e234a4602662d4bd237c361e6e1e2e226f19934b83e,2015-04,West Mercia Police,West Mercia Police,-2.490147,52.705581,On or near Chockleys Drive,E01014139,Telford and Wrekin 009B,Vehicle crime,Investigation complete; no suspect identified,
6b968c737c7bd4d9b8a1a267dabbbab5f64f0d20e313d795778cb06ebf03daa0,2015-04,West Mercia Police,West Mercia Police,-2.493255,52.705568,On or near Chockleys Meadow,E01014139,Telford and Wrekin 009B,Violence and sexual offences,Unable to prosecute suspect,
2f07ecba7a3af00e29b9cba0c0d20aae55540f2eed9c8de42d40c66f204b8f25,2015-04,West Mercia Police,West Mercia Police,-2.490147,52.705581,On or near Chockleys Drive,E01014139,Telford and Wrekin 009B,Violence and sexual offences,Unable to prosecute suspect,
9c72a1736868616039ce01bdad4ad7c753a9730f302c39a22e6eb75cc328531d,2015-04,West Mercia Police,West Mercia Police,-2.493255,52.705568,On or near Chockleys Meadow,E01014139,Telford and Wrekin 009B,Other crime,Unable to prosecute suspect,
,2015-04,West Mercia Police,West Mercia Police,-2.474271,52.705978,On or near Riven Road,E01014141,Telford and Wrekin 009C,Anti-social behaviour,,
,2015-04,West Mercia Police,West Mercia Police,-2.475795,52.704614,On or near Dove Close,E01014141,Telford and Wrekin 009C,Anti-social behaviour,,
,2015-04,West Mercia Police,West Mercia Police,-2.469470,52.695821,On or near Beveley Road,E01014141,Telford and Wrekin 009C,Anti-social behaviour,,
,2015-04,West Mercia Police,West Mercia Police,-2.478142,52.706735,On or near Castle Lane,E01014141,Telford and Wrekin 009C,Anti-social behaviour,,
,2015-04,West Mercia Police,West Mercia Police,-2.474271,52.705978,On or near Riven Road,E01014141,Telford and Wrekin 009C,Anti-social behaviour,,
,2015-04,West Mercia Police,West Mercia Police,-2.468576,52.707646,On or near Oakworth Close,E01014141,Telford and Wrekin 009C,Anti-social behaviour,,
,2015-04,West Mercia Police,West Mercia Police,-2.470237,52.707999,On or near Trench Lock 1,E01014141,Telford and Wrekin 009C,Anti-social behaviour,,
,2015-04,West Mercia Police,West Mercia Police,-2.477194,52.705319,On or near Union Street,E01014141,Telford and Wrekin 009C,Anti-social behaviour,,
,2015-04,West Mercia Police,West Mercia Police,-2.467136,52.694778,On or near Ley Brook,E01014141,Telford and Wrekin 009C,Anti-social behaviour,,
,2015-04,West Mercia Police,West Mercia Police,-2.478142,52.706735,On or near Castle Lane,E01014141,Telford and Wrekin 009C,Anti-social behaviour,,
,2015-04,West Mercia Police,West Mercia Police,-2.479364,52.700779,On or near Waterloo Close,E01014141,Telford and Wrekin 009C,Anti-social behaviour,,
,2015-04,West Mercia Police,West Mercia Police,-2.472432,52.708430,On or near Trench Lock,E01014141,Telford and Wrekin 009C,Anti-social behaviour,,
,2015-04,West Mercia Police,West Mercia Police,-2.482813,52.704927,On or near High Street,E01014141,Telford and Wrekin 009C,Anti-social behaviour,,
,2015-04,West Mercia Police,West Mercia Police,-2.474085,52.705205,On or near Bricklin Mews,E01014141,Telford and Wrekin 009C,Anti-social behaviour,,
,2015-04,West Mercia Police,West Mercia Police,-2.480551,52.706420,On or near The Nettlefolds,E01014141,Telford and Wrekin 009C,Anti-social behaviour,,
,2015-04,West Mercia Police,West Mercia Police,-2.472022,52.704665,On or near Caldera Road,E01014141,Telford and Wrekin 009C,Anti-social behaviour,,
,2015-04,West Mercia Police,West Mercia Police,-2.472022,52.704665,On or near Caldera Road,E01014141,Telford and Wrekin 009C,Anti-social behaviour,,
,2015-04,West Mercia Police,West Mercia Police,-2.469470,52.695821,On or near Beveley Road,E01014141,Telford and Wrekin 009C,Anti-social behaviour,,
,2015-04,West Mercia Police,West Mercia Police,-2.476576,52.705672,On or near Parish Drive,E01014141,Telford and Wrekin 009C,Anti-social behaviour,,
,2015-04,West Mercia Police,West Mercia Police,-2.474085,52.705205,On or near Bricklin Mews,E01014141,Telford and Wrekin 009C,Anti-social behaviour,,
,2015-04,West Mercia Police,West Mercia Police,-2.472022,52.704665,On or near Caldera Road,E01014141,Telford and Wrekin 009C,Anti-social behaviour,,
,2015-04,West Mercia Police,West Mercia Police,-2.472432,52.708430,On or near Trench Lock,E01014141,Telford and Wrekin 009C,Anti-social behaviour,,
,2015-04,West Mercia Police,West Mercia Police,-2.480551,52.706420,On or near The Nettlefolds,E01014141,Telford and Wrekin 009C,Anti-social behaviour,,
,2015-04,West Mercia Police,West Mercia Police,-2.479086,52.705131,On or near Victoria Court,E01014141,Telford and Wrekin 009C,Anti-social behaviour,,
154df8f4c5ed0032fa4da5b5331ab6db73e52827aa0dc06caaf85af7964ad507,2015-04,West Mercia Police,West Mercia Police,-2.478142,52.706735,On or near Castle Lane,E01014141,Telford and Wrekin 009C,Burglary,Investigation complete; no suspect identified,
5a9a0ea4b565cc3db57162d65d758d495ba29dcad8ed8fe1f04552e8ea48503f,2015-04,West Mercia Police,West Mercia Police,-2.472432,52.708430,On or near Trench Lock,E01014141,Telford and Wrekin 009C,Burglary,Investigation complete; no suspect identified,
6d0bf808d002b8f704b5513ef920c42cf224f603d879d1c17a645a94edea2e7b,2015-04,West Mercia Police,West Mercia Police,-2.474250,52.704045,On or near Ashford Close,E01014141,Telford and Wrekin 009C,Criminal damage and arson,Investigation complete; no suspect identified,
8a846b2daad2cf436b6caf25354c3959347ecd7857367d01d86b0f9a0191f0b1,2015-04,West Mercia Police,West Mercia Police,-2.478004,52.706322,On or near Castle Street,E01014141,Telford and Wrekin 009C,Criminal damage and arson,Investigation complete; no suspect identified,
bb432fd0cbdea459a9ba792de6990a3c8dbdedd7b285488bd121d92e026174e2,2015-04,West Mercia Police,West Mercia Police,-2.476671,52.702157,On or near Far Vallens,E01014141,Telford and Wrekin 009C,Drugs,Offender given a drugs possession warning,
a52ddd648d459e67ec8ba93b2fe70d2f2a7df0056d40a0811404d81a06da92b6,2015-04,West Mercia Police,West Mercia Police,-2.474085,52.705205,On or near Bricklin Mews,E01014141,Telford and Wrekin 009C,Other theft,Investigation complete; no suspect identified,
5065745dfa06a73284c742d9b837851cb03dd2c81c721830028f4d9720e3108c,2015-04,West Mercia Police,West Mercia Police,-2.472743,52.705732,On or near Marlborough Road,E01014141,Telford and Wrekin 009C,Violence and sexual offences,Unable to prosecute suspect,
b4a60baecbf714da5908edc6b5859c525dcef5784c942abfedf0b649902bc912,2015-04,West Mercia Police,West Mercia Police,-2.472743,52.705732,On or near Marlborough Road,E01014141,Telford and Wrekin 009C,Violence and sexual offences,Unable to prosecute suspect,
b6a3f59b07ed2c954772f4bbdc68c3e279d0745a61ba52ea10625ba73fb1b9ff,2015-04,West Mercia Police,West Mercia Police,-2.468576,52.707646,On or near Oakworth Close,E01014141,Telford and Wrekin 009C,Violence and sexual offences,Unable to prosecute suspect,
e20d5739de50eed4395df9920a4610d371b24a0495c6351872ccf4446027458c,2015-04,West Mercia Police,West Mercia Police,-2.472998,52.706028,On or near Redlands Road,E01014141,Telford and Wrekin 009C,Violence and sexual offences,Unable to prosecute suspect,
bb94737b95c58914c93ca53eea7332ee990b396f5867ea85cc6c64ddcfee8eee,2015-04,West Mercia Police,West Mercia Police,-2.472432,52.708430,On or near Trench Lock,E01014141,Telford and Wrekin 009C,Violence and sexual offences,Unable to prosecute suspect,
eb491162efef3d626730af3436c9c39c8e5c347c50fedd3d4ab1ad690fc2031b,2015-04,West Mercia Police,West Mercia Police,-2.472743,52.705732,On or near Marlborough Road,E01014141,Telford and Wrekin 009C,Violence and sexual offences,Unable to prosecute suspect,
23c6de32cb521a4444ececa6127274448aef4fd3bd1ae991f63e816ebcb31db2,2015-04,West Mercia Police,West Mercia Police,-2.468576,52.707646,On or near Oakworth Close,E01014141,Telford and Wrekin 009C,Violence and sexual offences,Unable to prosecute suspect,
8b9414df0ae4cd3155165688acbceb465051af41811599507ddfe8f8640bcbc6,2015-04,West Mercia Police,West Mercia Police,-2.472743,52.705732,On or near Marlborough Road,E01014141,Telford and Wrekin 009C,Violence and sexual offences,Unable to prosecute suspect,
52d33a550ea32d2d5bfddad1257980e526066a25bbd41f5634849a932d0ca866,2015-04,West Mercia Police,West Mercia Police,-2.472743,52.705732,On or near Marlborough Road,E01014141,Telford and Wrekin 009C,Violence and sexual offences,Unable to prosecute suspect,
469103b2d3bb269799020cfbba6ae05093a67bed3145dce20c3d9e484aa62801,2015-04,West Mercia Police,West Mercia Police,-2.469470,52.695821,On or near Beveley Road,E01014141,Telford and Wrekin 009C,Other crime,Unable to prosecute suspect,
e42a1176636c85f609922402b9b7275c1614da62a8364fd6af09d1270967b407,2015-04,West Mercia Police,West Mercia Police,-2.473107,52.703735,On or near Hadley Lodge Road,E01014141,Telford and Wrekin 009C,Other crime,Unable to prosecute suspect,
,2015-04,West Mercia Police,West Mercia Police,-2.495992,52.704208,On or near Hurleybrook Way,E01014142,Telford and Wrekin 009D,Anti-social behaviour,,
,2015-04,West Mercia Police,West Mercia Police,-2.495992,52.704208,On or near Hurleybrook Way,E01014142,Telford and Wrekin 009D,Anti-social behaviour,,
,2015-04,West Mercia Police,West Mercia Police,-2.495992,52.704208,On or near Hurleybrook Way,E01014142,Telford and Wrekin 009D,Anti-social behaviour,,
,2015-04,West Mercia Police,West Mercia Police,-2.495992,52.704208,On or near Hurleybrook Way,E01014142,Telford and Wrekin 009D,Anti-social behaviour,,
,2015-04,West Mercia Police,West Mercia Police,-2.495992,52.704208,On or near Hurleybrook Way,E01014142,Telford and Wrekin 009D,Anti-social behaviour,,
,2015-04,West Mercia Police,West Mercia Police,-2.489772,52.701240,On or near Haybridge Avenue,E01014142,Telford and Wrekin 009D,Anti-social behaviour,,
,2015-04,West Mercia Police,West Mercia Police,-2.495992,52.704208,On or near Hurleybrook Way,E01014142,Telford and Wrekin 009D,Anti-social behaviour,,
,2015-04,West Mercia Police,West Mercia Police,-2.493375,52.701791,On or near Halldene,E01014142,Telford and Wrekin 009D,Anti-social behaviour,,
,2015-04,West Mercia Police,West Mercia Police,-2.495992,52.704208,On or near Hurleybrook Way,E01014142,Telford and Wrekin 009D,Anti-social behaviour,,
,2015-04,West Mercia Police,West Mercia Police,-2.495992,52.704208,On or near Hurleybrook Way,E01014142,Telford and Wrekin 009D,Anti-social behaviour,,
2cc1f3a8813e3192b452c5dc5b6e0be8e9d8aa330d054daea36e76b68cb65fa3,2015-04,West Mercia Police,West Mercia Police,-2.493375,52.701791,On or near Halldene,E01014142,Telford and Wrekin 009D,Other theft,Investigation complete; no suspect identified,
07840129d291fc2af9061f5f0217ac879be1461c8fa259729241444d9590db05,2015-04,West Mercia Police,West Mercia Police,-2.493375,52.701791,On or near Halldene,E01014142,Telford and Wrekin 009D,Other theft,Investigation complete; no suspect identified,
21c5a7e1e6592bfbac61271afbee7db00be3dc2f9c24272cef748b31eaa6c0a4,2015-04,West Mercia Police,West Mercia Police,-2.495992,52.704208,On or near Hurleybrook Way,E01014142,Telford and Wrekin 009D,Violence and sexual offences,Unable to prosecute suspect,
a2d93ed5aa5c57849c1c2a55715fd90ddb56f78959d830e2bc15a3cde385d5fd,2015-04,West Mercia Police,West Mercia Police,-2.495992,52.704208,On or near Hurleybrook Way,E01014142,Telford and Wrekin 009D,Violence and sexual offences,Local resolution,
1b5f06120af95e5ab1de1f93eef012d73bc64a202d77249606047a31bb5d5c70,2015-04,West Mercia Police,West Mercia Police,-2.495992,52.704208,On or near Hurleybrook Way,E01014142,Telford and Wrekin 009D,Violence and sexual offences,Unable to prosecute suspect,
7cd12c19a325aa2bfb7b0f45f02a833951b4a07669a0371c67bb5b221b4b5474,2015-04,West Mercia Police,West Mercia Police,-2.495992,52.704208,On or near Hurleybrook Way,E01014142,Telford and Wrekin 009D,Violence and sexual offences,Unable to prosecute suspect,
05e4d1b264d5128369ec1437ad38f2d9812deb38b759eff465d8bf7990b38e6a,2015-04,West Mercia Police,West Mercia Police,-2.489772,52.701240,On or near Haybridge Avenue,E01014142,Telford and Wrekin 009D,Violence and sexual offences,Unable to prosecute suspect,
9f3065fe29cfa212543fd016540505f6441828b4809e0380b7ae5246ac45199d,2015-04,West Mercia Police,West Mercia Police,-2.495992,52.704208,On or near Hurleybrook Way,E01014142,Telford and Wrekin 009D,Violence and sexual offences,Unable to prosecute suspect,
e35b7fe0a33eba0d94281d77f509c62a83e2f2c615fd8a38461bbef0d88a843d,2015-04,West Mercia Police,West Mercia Police,-2.493375,52.701791,On or near Halldene,E01014142,Telford and Wrekin 009D,Violence and sexual offences,Unable to prosecute suspect,
,2015-04,West Mercia Police,West Mercia Police,-2.484475,52.703968,On or near Manse Road,E01014143,Telford and Wrekin 009E,Anti-social behaviour,,
,2015-04,West Mercia Police,West Mercia Police,-2.484900,52.704892,On or near Parking Area,E01014143,Telford and Wrekin 009E,Anti-social behaviour,,
,2015-04,West Mercia Police,West Mercia Police,-2.487890,52.702327,On or near Crescent Road,E01014143,Telford and Wrekin 009E,Anti-social behaviour,,
,2015-04,West Mercia Police,West Mercia Police,-2.485545,52.705662,On or near Parking Area,E01014143,Telford and Wrekin 009E,Anti-social behaviour,,
,2015-04,West Mercia Police,West Mercia Police,-2.484475,52.703968,On or near Manse Road,E01014143,Telford and Wrekin 009E,Anti-social behaviour,,
,2015-04,West Mercia Police,West Mercia Police,-2.486294,52.707862,On or near Parkdale,E01014143,Telford and Wrekin 009E,Anti-social behaviour,,
,2015-04,West Mercia Police,West Mercia Police,-2.487890,52.702327,On or near Crescent Road,E01014143,Telford and Wrekin 009E,Anti-social behaviour,,
,2015-04,West Mercia Police,West Mercia Police,-2.484900,52.704892,On or near Parking Area,E01014143,Telford and Wrekin 009E,Anti-social behaviour,,
bf75d7bb1622b54223829e633abf74c002dd338a5d4cfcf49df5b13fdaaec38a,2015-04,West Mercia Police,West Mercia Police,-2.482282,52.703698,On or near Gladstone Street,E01014143,Telford and Wrekin 009E,Criminal damage and arson,Investigation complete; no suspect identified,
9421fa2bba618f0db05ab6f435f35414089ae9c013a1bd73d0827c01093e0237,2015-04,West Mercia Police,West Mercia Police,-2.482282,52.703698,On or near Gladstone Street,E01014143,Telford and Wrekin 009E,Drugs,Offender given a drugs possession warning,
60baeeda8d504039f19296d920db4ce6715d75ae3b85eb44a7e0c621ba319e0b,2015-04,West Mercia Police,West Mercia Police,-2.484475,52.703968,On or near Manse Road,E01014143,Telford and Wrekin 009E,Other theft,Investigation complete; no suspect identified,
ea0977794c4a293fe50352e1ea2903a07d7816848a46d397418bf91959bcdb55,2015-04,West Mercia Police,West Mercia Police,-2.490221,52.704268,On or near Brookdale,E01014143,Telford and Wrekin 009E,Other theft,Investigation complete; no suspect identified,
7af56f0b063b9207d0e8fdcd124a436e77fd2d6e555602eddd961ffa77a446e2,2015-04,West Mercia Police,West Mercia Police,-2.489937,52.704026,On or near Sanderstead Court,E01014143,Telford and Wrekin 009E,Theft from the person,Investigation complete; no suspect identified,
debd906fdb306535074eea500e8a1eff2a506f5801868e5d5549623981dde304,2015-04,West Mercia Police,West Mercia Police,-2.481122,52.703181,On or near Bevan Close,E01014143,Telford and Wrekin 009E,Vehicle crime,Offender fined,
4c65bc4b8e3bb882fdb13dde3209a917133cd279d68f5ea1b54894dba7919151,2015-04,West Mercia Police,West Mercia Police,-2.487890,52.702327,On or near Crescent Road,E01014143,Telford and Wrekin 009E,Violence and sexual offences,Unable to prosecute suspect,
2aad5271291e3924e7c47871c691c952abc3ad8382c23bafd5f75ac6ed95b29c,2015-04,West Mercia Police,West Mercia Police,-2.485545,52.705662,On or near Parking Area,E01014143,Telford and Wrekin 009E,Violence and sexual offences,Unable to prosecute suspect,
a3a81398e1b9c0f94911561af12aa573e2629d52bcedef0a325fa6ac66b87e10,2015-04,West Mercia Police,West Mercia Police,-2.487890,52.702327,On or near Crescent Road,E01014143,Telford and Wrekin 009E,Violence and sexual offences,Unable to prosecute suspect,
98a48b9fe149f59870687cd0584b3e64dfe241050d532eae36d5060adc6b8fa4,2015-04,West Mercia Police,West Mercia Police,-2.489937,52.704026,On or near Sanderstead Court,E01014143,Telford and Wrekin 009E,Violence and sexual offences,Unable to prosecute suspect,
,2015-04,West Mercia Police,West Mercia Police,-2.633342,52.747738,On or near Marlbrook Way,E01014136,Telford and Wrekin 010A,Anti-social behaviour,,
,2015-04,West Mercia Police,West Mercia Police,-2.633342,52.747738,On or near Marlbrook Way,E01014136,Telford and Wrekin 010A,Anti-social behaviour,,
,2015-04,West Mercia Police,West Mercia Police,-2.604813,52.750152,On or near Talbot Fields,E01014136,Telford and Wrekin 010A,Anti-social behaviour,,
52d45a9fd2167b96e123722ea3ba48eff590842f0119a862c56d3add1ada46e6,2015-04,West Mercia Police,West Mercia Police,-2.633342,52.747738,On or near Marlbrook Way,E01014136,Telford and Wrekin 010A,Violence and sexual offences,Unable to prosecute suspect,
60364f5d6815fb4a25681ff951f9858ccdeb5e3378b40d1e42a6c57849521a71,2015-04,West Mercia Police,West Mercia Police,-2.633342,52.747738,On or near Marlbrook Way,E01014136,Telford and Wrekin 010A,Violence and sexual offences,Unable to prosecute suspect,
,2015-04,West Mercia Police,West Mercia Police,-2.491244,52.629307,On or near The Wharfage,E01014148,Telford and Wrekin 010B,Anti-social behaviour,,
,2015-04,West Mercia Police,West Mercia Police,-2.447914,52.618044,On or near Riverside Avenue,E01014148,Telford and Wrekin 010B,Anti-social behaviour,,
,2015-04,West Mercia Police,West Mercia Police,-2.492887,52.629588,On or near Parking Area,E01014148,Telford and Wrekin 010B,Anti-social behaviour,,
,2015-04,West Mercia Police,West Mercia Police,-2.492887,52.629588,On or near Parking Area,E01014148,Telford and Wrekin 010B,Anti-social behaviour,,
818b2d2d1940394fc5b538ba36d84870b55f9d9363ea52602cc18e24ff71a654,2015-04,West Mercia Police,West Mercia Police,-2.450592,52.618456,On or near Parking Area,E01014148,Telford and Wrekin 010B,Burglary,Investigation complete; no suspect identified,
6a5dca5b3ba732c70d39e85cb433bf88c0b5f491e9508819d188e93b03f62740,2015-04,West Mercia Police,West Mercia Police,-2.456692,52.621264,On or near Parking Area,E01014148,Telford and Wrekin 010B,Burglary,Investigation complete; no suspect identified,
39ccd5fe9f276e6c7f2b30f1e735ea1d9b3e5db9599faa1af81dcc0b881192f6,2015-04,West Mercia Police,West Mercia Police,-2.454148,52.619557,On or near Ferry Road,E01014148,Telford and Wrekin 010B,Burglary,Investigation complete; no suspect identified,
1d761aa28807f669e3aa29ac96ac180e8cb6ad0e296e4f3f485a65e31a1c3cec,2015-04,West Mercia Police,West Mercia Police,-2.486547,52.628131,On or near Severn Bank,E01014148,Telford and Wrekin 010B,Burglary,Investigation complete; no suspect identified,
7099b3864d0bc3c8b3873b67c44a9cc2674f67ce9f894efc2dac6dea3bebd29b,2015-04,West Mercia Police,West Mercia Police,-2.484713,52.627886,On or near The Square,E01014148,Telford and Wrekin 010B,Criminal damage and arson,Investigation complete; no suspect identified,
e3da9bb1ab2f807c29732bfe181cc49cb5e478d95250188a14ddfbb84ed0f9b6,2015-04,West Mercia Police,West Mercia Police,-2.487752,52.628818,On or near New Road,E01014148,Telford and Wrekin 010B,Criminal damage and arson,Investigation complete; no suspect identified,
37583e5f412424695de33d59a3fad0ef0339f0099eb230d775d4757444ac73e1,2015-04,West Mercia Police,West Mercia Police,-2.484698,52.627904,On or near Parking Area,E01014148,Telford and Wrekin 010B,Criminal damage and arson,Unable to prosecute suspect,
96e640994f98015216dd43fb04d519768bd148029004b4cfda1332e831599606,2015-04,West Mercia Police,West Mercia Police,-2.491244,52.629307,On or near The Wharfage,E01014148,Telford and Wrekin 010B,Criminal damage and arson,Investigation complete; no suspect identified,
2b6b00999b9d30e5962840275a1304172fa2f68ee2593163968b03b7d5a647df,2015-04,West Mercia Police,West Mercia Police,-2.484713,52.627886,On or near The Square,E01014148,Telford and Wrekin 010B,Criminal damage and arson,Investigation complete; no suspect identified,
39d2c3858c4cf46910445c1b26284b29c309a28a85d5ead60a0539a774c95f91,2015-04,West Mercia Police,West Mercia Police,-2.484549,52.626458,On or near Parking Area,E01014148,Telford and Wrekin 010B,Drugs,Court result unavailable,
8a922ff554059cb95cce391eb9a4db5f924401ab62e1c470749c4ec850f991a7,2015-04,West Mercia Police,West Mercia Police,-2.484698,52.627904,On or near Parking Area,E01014148,Telford and Wrekin 010B,Other theft,Investigation complete; no suspect identified,
dcf9cc924ab83ff2940581acc179a204e5b15499c20396b73698fc79ea2ec5bc,2015-04,West Mercia Police,West Mercia Police,-2.484713,52.627886,On or near The Square,E01014148,Telford and Wrekin 010B,Other theft,Investigation complete; no suspect identified,
dfdab88a48684052d36ea67f3ebb3b38454573525177fe050a66a40248e0402b,2015-04,West Mercia Police,West Mercia Police,-2.495022,52.630289,On or near Parking Area,E01014148,Telford and Wrekin 010B,Shoplifting,Investigation complete; no suspect identified,
347632205efb9710883494017efa50809c09772419afcc21d76d67be269a12b2,2015-04,West Mercia Police,West Mercia Police,-2.486547,52.628131,On or near Severn Bank,E01014148,Telford and Wrekin 010B,Violence and sexual offences,Investigation complete; no suspect identified,
3b7860eebc95635e4a6d4b2122edc52694211e0e0cef51f65da90f09aab8e551,2015-04,West Mercia Police,West Mercia Police,-2.495022,52.630289,On or near Parking Area,E01014148,Telford and Wrekin 010B,Violence and sexual offences,Unable to prosecute suspect,
6bbad9c189641aa676abebd9a214341e694b15b5b2ed22321d9330b12292d0ee,2015-04,West Mercia Police,West Mercia Police,-2.487752,52.628818,On or near New Road,E01014148,Telford and Wrekin 010B,Violence and sexual offences,Unable to prosecute suspect,
,2015-04,West Mercia Police,West Mercia Police,-2.498096,52.642080,On or near Sunniside,E01014149,Telford and Wrekin 010C,Anti-social behaviour,,
fd92f529bb95aa10c6e808a40b1b057f1b62e037a208badf96220905c999bc55,2015-04,West Mercia Police,West Mercia Police,-2.500155,52.630807,On or near Sports/Recreation Area,E01014149,Telford and Wrekin 010C,Burglary,Awaiting court outcome,
d706614343e30efe1f1df1fea9f1710a6a19a22c607ab0cfe9654c20d37fda46,2015-04,West Mercia Police,West Mercia Police,-2.489299,52.629827,On or near Severn Terrace,E01014149,Telford and Wrekin 010C,Criminal damage and arson,Unable to prosecute suspect,
3c4d25290a8f79a3bf62dcb4346792154ddbf959203b6ca1998dcfafcd1de3f7,2015-04,West Mercia Police,West Mercia Police,-2.489299,52.629827,On or near Severn Terrace,E01014149,Telford and Wrekin 010C,Criminal damage and arson,Unable to prosecute suspect,
3e70658b9462badece8b01c298388ba979ac6e37db0c4a59fe03fd53d8fb67d5,2015-04,West Mercia Police,West Mercia Police,-2.487559,52.631390,On or near Lincoln Hill,E01014149,Telford and Wrekin 010C,Other theft,Investigation complete; no suspect identified,
9be4a6f3701949026aa61b1d72a32667f98dd28fe7a404510f1a2c3c36557d46,2015-04,West Mercia Police,West Mercia Police,-2.490901,52.633003,On or near Paradise,E01014149,Telford and Wrekin 010C,Violence and sexual offences,Unable to prosecute suspect,
c72858b3c8657a0c18998d35dbb55461a4d1b6b403323603d813f37023e7fde4,2015-04,West Mercia Police,West Mercia Police,-2.505041,52.632962,On or near Buildwas Road,E01014149,Telford and Wrekin 010C,Violence and sexual offences,Unable to prosecute suspect,
44b0f3d8a93d23b8884ed3c08d2189315fd340dbbb4b9ea60bf69742bc45e208,2015-04,West Mercia Police,West Mercia Police,-2.477267,52.634713,On or near Woodside Avenue,E01014149,Telford and Wrekin 010C,Violence and sexual offences,Unable to prosecute suspect,
a4f13290c27828a184716f45c893b40e9cfbd746a4702cb09f62e1ce8ab30119,2015-04,West Mercia Police,West Mercia Police,-2.491236,52.633847,On or near Dale Road,E01014149,Telford and Wrekin 010C,Violence and sexual offences,Under investigation,
a52979127185fec62c8ba711e465a7e990377ec393b257861c93f220eae7ef4e,2015-04,West Mercia Police,West Mercia Police,-2.477267,52.634713,On or near Woodside Avenue,E01014149,Telford and Wrekin 010C,Violence and sexual offences,Unable to prosecute suspect,
33135010f481339ec8bed6b681ff80689f11402e1b7bcc942792cd9316e042b7,2015-04,West Mercia Police,West Mercia Police,-2.489299,52.629827,On or near Severn Terrace,E01014149,Telford and Wrekin 010C,Violence and sexual offences,Offender given conditional discharge,
,2015-04,West Mercia Police,West Mercia Police,-2.522368,52.659847,On or near Wellington Road,E01014202,Telford and Wrekin 010D,Anti-social behaviour,,
,2015-04,West Mercia Police,West Mercia Police,-2.484177,52.679742,On or near Lawley Drive,E01014202,Telford and Wrekin 010D,Anti-social behaviour,,
,2015-04,West Mercia Police,West Mercia Police,-2.484896,52.677824,On or near Clips Moor,E01014202,Telford and Wrekin 010D,Anti-social behaviour,,
,2015-04,West Mercia Police,West Mercia Police,-2.536140,52.689470,On or near M54,E01014202,Telford and Wrekin 010D,Anti-social behaviour,,
,2015-04,West Mercia Police,West Mercia Police,-2.540109,52.714973,On or near Shawbirch Road,E01014202,Telford and Wrekin 010D,Anti-social behaviour,,
,2015-04,West Mercia Police,West Mercia Police,-2.484896,52.677824,On or near Clips Moor,E01014202,Telford and Wrekin 010D,Anti-social behaviour,,
7d419e887a4dfcef3434c05907d932eaa6be4613044c58ffafdcce5ef8839208,2015-04,West Mercia Police,West Mercia Police,-2.485678,52.677641,On or near Pepper Mill,E01014202,Telford and Wrekin 010D,Burglary,Investigation complete; no suspect identified,
27bb265ff9c982efe0d2ba187c2656bb7977a992e6fd2d5d17334662c4d81c3b,2015-04,West Mercia Police,West Mercia Police,-2.575614,52.690750,On or near A5,E01014202,Telford and Wrekin 010D,Criminal damage and arson,Investigation complete; no suspect identified,
da88862058c61a1ee20b54774b2e3135c77c113b1b73f6540a591af8972ccacb,2015-04,West Mercia Police,West Mercia Police,-2.485185,52.678551,On or near Church Croft,E01014202,Telford and Wrekin 010D,Criminal damage and arson,Investigation complete; no suspect identified,
bd4a5f1a9f3d1f0c6b6760a617278619170d500eddec4e574b49c3e9a37c31c8,2015-04,West Mercia Police,West Mercia Police,-2.488442,52.677522,On or near Glendale Mews,E01014202,Telford and Wrekin 010D,Criminal damage and arson,Investigation complete; no suspect identified,
e578719a6919a717c555619d319cd41e1bb921f085d62131b998bca4dec2ab38,2015-04,West Mercia Police,West Mercia Police,-2.484177,52.679742,On or near Lawley Drive,E01014202,Telford and Wrekin 010D,Other theft,Investigation complete; no suspect identified,
4d5f0d95166ca80d8cdeec5c19aa1b493c1cf8de64aa2b06fd2f5c3dd0e1d603,2015-04,West Mercia Police,West Mercia Police,-2.572109,52.699891,On or near Park/Open Space,E01014202,Telford and Wrekin 010D,Vehicle crime,Investigation complete; no suspect identified,
77d09bf4b16bf3ba86023b3e541e8d5a294ae887f6fc1ae3a6b34f0af2bf1bf4,2015-04,West Mercia Police,West Mercia Police,-2.541440,52.681391,On or near Wrekin Course,E01014202,Telford and Wrekin 010D,Vehicle crime,Investigation complete; no suspect identified,
93892945d145abd86d1a7e5a29960805c5c25066f3cb91fe8e80c974f33b37cf,2015-04,West Mercia Police,West Mercia Police,-2.540556,52.692416,On or near Holyhead Road,E01014202,Telford and Wrekin 010D,Violence and sexual offences,Under investigation,
de2194f6832153e7bf61d4998adc34384e7d1727fab662e6655659958d02934c,2015-04,West Mercia Police,West Mercia Police,-2.485184,52.678497,On or near Yew Tree Moor,E01014202,Telford and Wrekin 010D,Violence and sexual offences,Unable to prosecute suspect,
9e33cf158466db68436efd371326ee65c6031d919136667fb23f0852a626c0fc,2015-04,West Mercia Police,West Mercia Police,-2.544272,52.717579,On or near Holt Coppice Road,E01014202,Telford and Wrekin 010D,Other crime,Unable to prosecute suspect,
3248afacd4a1c57497cd42556c6de63d70ed09b6260b653cd37b4229d888b579,2015-04,West Mercia Police,West Mercia Police,-2.544272,52.717579,On or near Holt Coppice Road,E01014202,Telford and Wrekin 010D,Other crime,Unable to prosecute suspect,
,2015-04,West Mercia Police,West Mercia Police,-2.547229,52.712549,On or near Station Road,E01014203,Telford and Wrekin 010E,Anti-social behaviour,,
,2015-04,West Mercia Police,West Mercia Police,-2.555133,52.703199,On or near The Avenue,E01014203,Telford and Wrekin 010E,Anti-social behaviour,,
,2015-04,West Mercia Police,West Mercia Police,-2.544524,52.714072,On or near Elmsdale Crescent,E01014203,Telford and Wrekin 010E,Anti-social behaviour,,
2931e4d4967799e15460c3d81260c1e6cc24157407aaa20c14e4fb6ef7065e1e,2015-04,West Mercia Police,West Mercia Police,-2.544524,52.714072,On or near Elmsdale Crescent,E01014203,Telford and Wrekin 010E,Burglary,Investigation complete; no suspect identified,
34f61da3896f9057f2377f99e2836f3e5c1d47b4a42898dcd56846d127168337,2015-04,West Mercia Police,West Mercia Police,-2.544623,52.712499,On or near Sutton Road,E01014203,Telford and Wrekin 010E,Other theft,Investigation complete; no suspect identified,
,2015-04,West Mercia Police,West Mercia Police,-2.613841,52.731596,On or near Rodenhurst Lane,E01014204,Telford and Wrekin 010F,Anti-social behaviour,,
e1a7232a35e09f47395c71145c25115aa87551624bf452f85ba9d9adf35852ae,2015-04,West Mercia Police,West Mercia Police,-2.588503,52.709574,On or near Sports/Recreation Area,E01014204,Telford and Wrekin 010F,Burglary,Investigation complete; no suspect identified,
4502c9a54df2051d3ee8e6af1f0811c4662477e73d43c6e118cdcce5d4d63501,2015-04,West Mercia Police,West Mercia Police,-2.540432,52.719512,On or near Crowdale Road,E01014204,Telford and Wrekin 010F,Burglary,Offender sent to prison,
2bbea1c0acbd1752f35f57d835a636aae5c01d86d4fcf7a1ff5c6a1e232ad9f9,2015-04,West Mercia Police,West Mercia Police,-2.616751,52.726879,On or near Sports/Recreation Area,E01014204,Telford and Wrekin 010F,Vehicle crime,Investigation complete; no suspect identified,
,2015-04,West Mercia Police,West Mercia Police,-2.494459,52.691638,On or near Lidgates Green,E01014104,Telford and Wrekin 011A,Anti-social behaviour,,
,2015-04,West Mercia Police,West Mercia Police,-2.494459,52.691638,On or near Lidgates Green,E01014104,Telford and Wrekin 011A,Anti-social behaviour,,
,2015-04,West Mercia Police,West Mercia Police,-2.496293,52.692942,On or near Arleston Lane,E01014104,Telford and Wrekin 011A,Anti-social behaviour,,
,2015-04,West Mercia Police,West Mercia Police,-2.494766,52.690027,On or near Arleston Manor Mews,E01014104,Telford and Wrekin 011A,Anti-social behaviour,,
,2015-04,West Mercia Police,West Mercia Police,-2.492193,52.692744,On or near Petrol Station,E01014104,Telford and Wrekin 011A,Anti-social behaviour,,
,2015-04,West Mercia Police,West Mercia Police,-2.494459,52.691638,On or near Lidgates Green,E01014104,Telford and Wrekin 011A,Anti-social behaviour,,
,2015-04,West Mercia Police,West Mercia Police,-2.492193,52.692744,On or near Petrol Station,E01014104,Telford and Wrekin 011A,Anti-social behaviour,,
,2015-04,West Mercia Police,West Mercia Police,-2.490154,52.689093,On or near A5223,E01014104,Telford and Wrekin 011A,Anti-social behaviour,,
cf3282697f286856e487404cf5c3219de2a036620136a482ab8c034110c6b48b,2015-04,West Mercia Police,West Mercia Police,-2.501413,52.693011,On or near Kingsland,E01014104,Telford and Wrekin 011A,Drugs,Under investigation,
e9d220fdacf66da191dfbd06e4dc5deb08f899cd31398305672442c8960a64d7,2015-04,West Mercia Police,West Mercia Police,-2.494766,52.690027,On or near Arleston Manor Mews,E01014104,Telford and Wrekin 011A,Other theft,Investigation complete; no suspect identified,
0b282480332474b0ba0c6b27c5f5d817e483ca1b958874f4969b9de2647c3d13,2015-04,West Mercia Police,West Mercia Police,-2.492193,52.692744,On or near Petrol Station,E01014104,Telford and Wrekin 011A,Other theft,Investigation complete; no suspect identified,
c1b77f1694d09d729aa0d3e6f1e875994156cf89d96ce1b6bcd3faa576ceeeae,2015-04,West Mercia Police,West Mercia Police,-2.492193,52.692744,On or near Petrol Station,E01014104,Telford and Wrekin 011A,Other theft,Court case unable to proceed,
68abe3af167a9acda3c526b25b7635aef1af0e84e20cb864f13dace0e22d46fa,2015-04,West Mercia Police,West Mercia Police,-2.492193,52.692744,On or near Petrol Station,E01014104,Telford and Wrekin 011A,Other theft,Investigation complete; no suspect identified,
8416dba2ed2a605a85d9de2452a35d51064c1ca74e31975ecf90b1aa13f7ba12,2015-04,West Mercia Police,West Mercia Police,-2.494766,52.690027,On or near Arleston Manor Mews,E01014104,Telford and Wrekin 011A,Possession of weapons,Offender given community sentence,
a3ff0517772b570193f39455e4094d74214016d1084e990430db0fdd55ebfec9,2015-04,West Mercia Police,West Mercia Police,-2.494459,52.691638,On or near Lidgates Green,E01014104,Telford and Wrekin 011A,Robbery,Investigation complete; no suspect identified,
92d12f5722cacd71ae9db3edaa571aaca9dc63a90d19a7cbb43742ad3813d501,2015-04,West Mercia Police,West Mercia Police,-2.494766,52.690027,On or near Arleston Manor Mews,E01014104,Telford and Wrekin 011A,Shoplifting,Court result unavailable,
4a3bc32c5f041c79bdbe9f045bcfc6d9d364763e4bc2f5a42e56e3779c059094,2015-04,West Mercia Police,West Mercia Police,-2.494459,52.691638,On or near Lidgates Green,E01014104,Telford and Wrekin 011A,Shoplifting,Local resolution,
7a301f0db1cc1a39285a2f33508891629832fc66a2a93a96a9ecc397871a4ef8,2015-04,West Mercia Police,West Mercia Police,-2.494766,52.690027,On or near Arleston Manor Mews,E01014104,Telford and Wrekin 011A,Shoplifting,Local resolution,
1f499356247c21a0ff59d6e092dc7b0a240c29e6aaddad4d9563c1ea64a2398f,2015-04,West Mercia Police,West Mercia Police,-2.494459,52.691638,On or near Lidgates Green,E01014104,Telford and Wrekin 011A,Shoplifting,Investigation complete; no suspect identified,
832f520497d9b4a9aa28c0d2278b906b7f6abc39744d54a3011f4c85e6b01bfa,2015-04,West Mercia Police,West Mercia Police,-2.494459,52.691638,On or near Lidgates Green,E01014104,Telford and Wrekin 011A,Shoplifting,Court result unavailable,
27b35287ae67838d488040c616c40a898000b17e7bdfc13cb2a01a265eff2d23,2015-04,West Mercia Police,West Mercia Police,-2.494766,52.690027,On or near Arleston Manor Mews,E01014104,Telford and Wrekin 011A,Shoplifting,Offender given community sentence,
541d543126628ff4c7228844daa728cf181b44f4ecf69b22425cf8829d8ef999,2015-04,West Mercia Police,West Mercia Police,-2.494766,52.690027,On or near Arleston Manor Mews,E01014104,Telford and Wrekin 011A,Shoplifting,Offender given a caution,
890e947353cd41bae5d0eaa2d756efbb94a31a75dfa81d8400e7e8277ff640b9,2015-04,West Mercia Police,West Mercia Police,-2.494766,52.690027,On or near Arleston Manor Mews,E01014104,Telford and Wrekin 011A,Shoplifting,Local resolution,
e0291b63003b49bfa6f5c674f2018088e37a604a89270833f248ff9faa0e0a39,2015-04,West Mercia Police,West Mercia Police,-2.494459,52.691638,On or near Lidgates Green,E01014104,Telford and Wrekin 011A,Violence and sexual offences,Unable to prosecute suspect,
5d9cb48416dd8d747a4fe5d0730522093654cd71f99985c1cec36f0aafd0b9ca,2015-04,West Mercia Police,West Mercia Police,-2.494459,52.691638,On or near Lidgates Green,E01014104,Telford and Wrekin 011A,Violence and sexual offences,Unable to prosecute suspect,
7b19aa2bcef106b784c0315276d59fc1a1244c29aee4b708eeadd152f6604939,2015-04,West Mercia Police,West Mercia Police,-2.501413,52.693011,On or near Kingsland,E01014104,Telford and Wrekin 011A,Violence and sexual offences,Unable to prosecute suspect,
,2015-04,West Mercia Police,West Mercia Police,-2.498813,52.694622,On or near Woollam Road,E01014105,Telford and Wrekin 011B,Anti-social behaviour,,
,2015-04,West Mercia Police,West Mercia Police,-2.507239,52.691395,On or near Mount Gilbert,E01014105,Telford and Wrekin 011B,Anti-social behaviour,,
,2015-04,West Mercia Police,West Mercia Police,-2.496599,52.696447,On or near Bennetts Bank,E01014105,Telford and Wrekin 011B,Anti-social behaviour,,
,2015-04,West Mercia Police,West Mercia Police,-2.498059,52.695965,On or near Hornbeam Close,E01014105,Telford and Wrekin 011B,Anti-social behaviour,,
,2015-04,West Mercia Police,West Mercia Police,-2.506400,52.695588,On or near Old Hall Close,E01014105,Telford and Wrekin 011B,Anti-social behaviour,,
,2015-04,West Mercia Police,West Mercia Police,-2.498813,52.694622,On or near Woollam Road,E01014105,Telford and Wrekin 011B,Anti-social behaviour,,
,2015-04,West Mercia Police,West Mercia Police,-2.498059,52.695965,On or near Hornbeam Close,E01014105,Telford and Wrekin 011B,Anti-social behaviour,,
,2015-04,West Mercia Police,West Mercia Police,-2.506400,52.695588,On or near Old Hall Close,E01014105,Telford and Wrekin 011B,Anti-social behaviour,,
,2015-04,West Mercia Police,West Mercia Police,-2.494574,52.695314,On or near Highway View,E01014105,Telford and Wrekin 011B,Anti-social behaviour,,
,2015-04,West Mercia Police,West Mercia Police,-2.508425,52.695462,On or near Old Hall Gardens,E01014105,Telford and Wrekin 011B,Anti-social behaviour,,
053e61b2dc3d40bb197f998f4f7b8f6a05a4e16d4ad4cdbb7681ccb69a17c6f5,2015-04,West Mercia Police,West Mercia Police,-2.498059,52.695965,On or near Hornbeam Close,E01014105,Telford and Wrekin 011B,Criminal damage and arson,Investigation complete; no suspect identified,
c6eec0d00dbde950ec6c5eb6ff825771a41acb313f34052ec559ccce19d80afb,2015-04,West Mercia Police,West Mercia Police,-2.498813,52.694622,On or near Woollam Road,E01014105,Telford and Wrekin 011B,Criminal damage and arson,Investigation complete; no suspect identified,
4c2551131d0e27cb1d9f81daa1e80f74c604059107995d2888f7258abf41cc4b,2015-04,West Mercia Police,West Mercia Police,-2.503806,52.695176,On or near St Giles Close,E01014105,Telford and Wrekin 011B,Criminal damage and arson,Investigation complete; no suspect identified,
c6a5e7b6f662d814e76d187850a7dc5e4f292461a0fb3fb017edb460826f600d,2015-04,West Mercia Police,West Mercia Police,-2.503806,52.695176,On or near St Giles Close,E01014105,Telford and Wrekin 011B,Other theft,Investigation complete; no suspect identified,
750f651b933f14b6189ed4df0cd51f3d87233e1d365da9d72bc7333a2845345e,2015-04,West Mercia Police,West Mercia Police,-2.503806,52.695176,On or near St Giles Close,E01014105,Telford and Wrekin 011B,Other theft,Investigation complete; no suspect identified,
e19f3771888167e2b11e9f86d4c34572a71cdcd42e06f067e6844021c67b9a31,2015-04,West Mercia Police,West Mercia Police,-2.496599,52.696447,On or near Bennetts Bank,E01014105,Telford and Wrekin 011B,Public order,Offender fined,
cd5d2e75131b692d7138331f11f6507f5341e581df485f0e581f0a971189d010,2015-04,West Mercia Police,West Mercia Police,-2.503806,52.695176,On or near St Giles Close,E01014105,Telford and Wrekin 011B,Shoplifting,Investigation complete; no suspect identified,
1eb9c96db91430d758257867841ef13191c1e23c6cde281a896e16049e2ec1fc,2015-04,West Mercia Police,West Mercia Police,-2.503806,52.695176,On or near St Giles Close,E01014105,Telford and Wrekin 011B,Shoplifting,Awaiting court outcome,
61d7bb5b56bc355b97f4009b2a8243021fdddfc34ec558fa12bbaaf841a681da,2015-04,West Mercia Police,West Mercia Police,-2.496599,52.696447,On or near Bennetts Bank,E01014105,Telford and Wrekin 011B,Theft from the person,Local resolution,
45e627df8e320cd672f7b9737da88b86013281cc95dff41d278580d1e5eaac37,2015-04,West Mercia Police,West Mercia Police,-2.496599,52.696447,On or near Bennetts Bank,E01014105,Telford and Wrekin 011B,Vehicle crime,Investigation complete; no suspect identified,
712bc854b8916899fcd82e156a07e50abc92004f44c9eea13d8d8e2489a98f2e,2015-04,West Mercia Police,West Mercia Police,-2.498059,52.695965,On or near Hornbeam Close,E01014105,Telford and Wrekin 011B,Vehicle crime,Investigation complete; no suspect identified,
5f325890d5339d981b7a2cff21c238c9f840d4bbf4c0fb73a15a7dff65c539fb,2015-04,West Mercia Police,West Mercia Police,-2.507239,52.691395,On or near Mount Gilbert,E01014105,Telford and Wrekin 011B,Violence and sexual offences,Unable to prosecute suspect,
85b3cb7ebbaed6876e919c19bcfec8e26864293766b2006a8ee18b6fdddfd49d,2015-04,West Mercia Police,West Mercia Police,-2.500069,52.694482,On or near Princess Avenue,E01014105,Telford and Wrekin 011B,Violence and sexual offences,Unable to prosecute suspect,
699aa1489bbf4e5153226b10d44aa55a66273285c055c5cf2b986d3fd3b6eac5,2015-04,West Mercia Police,West Mercia Police,-2.503806,52.695176,On or near St Giles Close,E01014105,Telford and Wrekin 011B,Violence and sexual offences,Unable to prosecute suspect,
86cb26a1458da6e0d90658dd9be785112167d890762915e32099612a58b45e09,2015-04,West Mercia Police,West Mercia Police,-2.503806,52.695176,On or near St Giles Close,E01014105,Telford and Wrekin 011B,Other crime,Under investigation,
,2015-04,West Mercia Police,West Mercia Police,-2.514827,52.700028,On or near Parking Area,E01014113,Telford and Wrekin 011C,Anti-social behaviour,,
,2015-04,West Mercia Police,West Mercia Police,-2.502978,52.696528,On or near Withering Close,E01014113,Telford and Wrekin 011C,Anti-social behaviour,,
,2015-04,West Mercia Police,West Mercia Police,-2.508579,52.697241,On or near Greenman Close,E01014113,Telford and Wrekin 011C,Anti-social behaviour,,
,2015-04,West Mercia Police,West Mercia Police,-2.514827,52.700028,On or near Parking Area,E01014113,Telford and Wrekin 011C,Anti-social behaviour,,
,2015-04,West Mercia Police,West Mercia Police,-2.510422,52.699139,On or near Further/Higher Educational Building,E01014113,Telford and Wrekin 011C,Anti-social behaviour,,
,2015-04,West Mercia Police,West Mercia Police,-2.513142,52.700206,On or near Victoria Avenue,E01014113,Telford and Wrekin 011C,Anti-social behaviour,,
,2015-04,West Mercia Police,West Mercia Police,-2.503019,52.696267,On or near Watling Street,E01014113,Telford and Wrekin 011C,Anti-social behaviour,,
,2015-04,West Mercia Police,West Mercia Police,-2.514827,52.700028,On or near Parking Area,E01014113,Telford and Wrekin 011C,Anti-social behaviour,,
,2015-04,West Mercia Police,West Mercia Police,-2.502978,52.696528,On or near Withering Close,E01014113,Telford and Wrekin 011C,Anti-social behaviour,,
,2015-04,West Mercia Police,West Mercia Police,-2.502978,52.696528,On or near Withering Close,E01014113,Telford and Wrekin 011C,Anti-social behaviour,,
,2015-04,West Mercia Police,West Mercia Police,-2.502978,52.696528,On or near Withering Close,E01014113,Telford and Wrekin 011C,Anti-social behaviour,,
,2015-04,West Mercia Police,West Mercia Police,-2.518538,52.702277,On or near Church Street,E01014113,Telford and Wrekin 011C,Anti-social behaviour,,
,2015-04,West Mercia Police,West Mercia Police,-2.496730,52.700159,On or near Petrol Station,E01014113,Telford and Wrekin 011C,Anti-social behaviour,,
,2015-04,West Mercia Police,West Mercia Police,-2.499153,52.698531,On or near Haybridge Road,E01014113,Telford and Wrekin 011C,Anti-social behaviour,,
,2015-04,West Mercia Police,West Mercia Police,-2.496730,52.700159,On or near Petrol Station,E01014113,Telford and Wrekin 011C,Anti-social behaviour,,
,2015-04,West Mercia Police,West Mercia Police,-2.518538,52.702277,On or near Church Street,E01014113,Telford and Wrekin 011C,Anti-social behaviour,,
60cbdb274729921e241744ba62696a8c0fc9ca819c5930841bbe4e7c04fbe6bc,2015-04,West Mercia Police,West Mercia Police,-2.508579,52.697241,On or near Greenman Close,E01014113,Telford and Wrekin 011C,Criminal damage and arson,Offender given a caution,
3bc984f75336b82f66a6383b0b31a2ed92c2d34d2f4c97808e07667b4bb661d7,2015-04,West Mercia Police,West Mercia Police,-2.515511,52.700331,On or near Bus/Coach Station,E01014113,Telford and Wrekin 011C,Criminal damage and arson,Unable to prosecute suspect,
155cd4a63cb4363c52aba518a6c1b21b62f590438418495b35b1e411bae62356,2015-04,West Mercia Police,West Mercia Police,-2.515511,52.700331,On or near Bus/Coach Station,E01014113,Telford and Wrekin 011C,Drugs,Offender given a caution,
eef1dad501db6b09be4276de61f0280e31b6e1c1a14946e90a25a6287b66cfb8,2015-04,West Mercia Police,West Mercia Police,-2.516702,52.700937,On or near The Parade,E01014113,Telford and Wrekin 011C,Other theft,Investigation complete; no suspect identified,
fd978bcbcf8c572fa906c9b9876b8db87f1935436f867dd6fd03934f82735a94,2015-04,West Mercia Police,West Mercia Police,-2.503822,52.697855,On or near Urban Gardens,E01014113,Telford and Wrekin 011C,Other theft,Investigation complete; no suspect identified,
c2bd5346126e03c23616f88a8a9bf5e812f15dc85be4b35dc7c22191eedfcf97,2015-04,West Mercia Police,West Mercia Police,-2.516702,52.700937,On or near The Parade,E01014113,Telford and Wrekin 011C,Other theft,Unable to prosecute suspect,
6a7b1ae29bec6be3acb724e94050cc82d028ec622473eb54b09e05b85b841f7b,2015-04,West Mercia Police,West Mercia Police,-2.496730,52.700159,On or near Petrol Station,E01014113,Telford and Wrekin 011C,Other theft,Unable to prosecute suspect,
6e3d1fbebb3694e1908d38b55cf22771b87c14edb07a9d6ed85e809fb436b166,2015-04,West Mercia Police,West Mercia Police,-2.503019,52.696267,On or near Watling Street,E01014113,Telford and Wrekin 011C,Robbery,Court result unavailable,
3cf70981cee1335b58728fec757eb3e0cbcbbfbcb7e05a2a684a630d9ea87494,2015-04,West Mercia Police,West Mercia Police,-2.503019,52.696267,On or near Watling Street,E01014113,Telford and Wrekin 011C,Robbery,Court result unavailable,
3ceb25bfe5144fda3a752be9d624bf17c43885b37fe66a8f94d9209300872d7b,2015-04,West Mercia Police,West Mercia Police,-2.517950,52.701318,On or near Station Road,E01014113,Telford and Wrekin 011C,Shoplifting,Investigation complete; no suspect identified,
541c04f01202a151bac208a3af68e4b4a16525a8be9044517e6503d9b29823df,2015-04,West Mercia Police,West Mercia Police,-2.516702,52.700937,On or near The Parade,E01014113,Telford and Wrekin 011C,Shoplifting,Unable to prosecute suspect,
d0cdb6b097f408947df9cef0b3b0da594f99f7d6b74c0efce92afe70a9a0bd44,2015-04,West Mercia Police,West Mercia Police,-2.515511,52.700331,On or near Bus/Coach Station,E01014113,Telford and Wrekin 011C,Shoplifting,Investigation complete; no suspect identified,
b784a89eec1bb701041e58acbc1feb25c153e76e5c17cac40d7ead0af45f25e7,2015-04,West Mercia Police,West Mercia Police,-2.516702,52.700937,On or near The Parade,E01014113,Telford and Wrekin 011C,Shoplifting,Awaiting court outcome,
204e27a7d4f663e4b3a48bd2875634036fed70f205d7034a732e07a2027222b2,2015-04,West Mercia Police,West Mercia Police,-2.503019,52.696267,On or near Watling Street,E01014113,Telford and Wrekin 011C,Vehicle crime,Investigation complete; no suspect identified,
80fa74e9916ced41e70c39706ef9d089cfbd3bd2d7f18784495b1c6fd38c7d22,2015-04,West Mercia Police,West Mercia Police,-2.502741,52.696529,On or near Parking Area,E01014113,Telford and Wrekin 011C,Vehicle crime,Investigation complete; no suspect identified,
a73b0d117133a1f6ae9f30a7ba5c58ccb7113415b4c36c0f50fd22763f0cbf1d,2015-04,West Mercia Police,West Mercia Police,-2.496730,52.700159,On or near Petrol Station,E01014113,Telford and Wrekin 011C,Violence and sexual offences,Defendant found not guilty,
bbc242a4c66b5e75516f8fb9f2f07c9e7231a3f3c19ed5931773efb6f349ccfc,2015-04,West Mercia Police,West Mercia Police,-2.513142,52.700206,On or near Victoria Avenue,E01014113,Telford and Wrekin 011C,Violence and sexual offences,Investigation complete; no suspect identified,
ac6c4d089a104740e7f04a95447e6a5f7d5380d17258f12a9b621f42303c3d4e,2015-04,West Mercia Police,West Mercia Police,-2.517950,52.701318,On or near Station Road,E01014113,Telford and Wrekin 011C,Violence and sexual offences,Unable to prosecute suspect,
7eb2f24109c23e4ebb713726585d7fb35b5fb7785ca06519e85590f4fff3488c,2015-04,West Mercia Police,West Mercia Police,-2.517950,52.701318,On or near Station Road,E01014113,Telford and Wrekin 011C,Violence and sexual offences,Awaiting court outcome,
d6d8e3b5f8ab470345c0501428514a8ab74e1962f5204ebb3708c04d2c202b63,2015-04,West Mercia Police,West Mercia Police,-2.505547,52.698594,On or near Millfields Road,E01014113,Telford and Wrekin 011C,Violence and sexual offences,Defendant found not guilty,
e0f95e1572314835e8620a98384358220afe545ea5d72f0b44aacdd8045d6762,2015-04,West Mercia Police,West Mercia Police,-2.517950,52.701318,On or near Station Road,E01014113,Telford and Wrekin 011C,Violence and sexual offences,Awaiting court outcome,
aa809aa598e6a5c024c1f55fc3868b017dba57223fdc34089ce9d90b3736f5c4,2015-04,West Mercia Police,West Mercia Police,-2.517950,52.701318,On or near Station Road,E01014113,Telford and Wrekin 011C,Violence and sexual offences,Unable to prosecute suspect,
7fb769b64345b7d2e96bc8228cf8cc3a5dc58ce7eeb6a7da5409bbc6663b3dde,2015-04,West Mercia Police,West Mercia Police,-2.499153,52.698531,On or near Haybridge Road,E01014113,Telford and Wrekin 011C,Violence and sexual offences,Investigation complete; no suspect identified,
,2015-04,West Mercia Police,West Mercia Police,-2.517900,52.704591,On or near Park Street,E01014114,Telford and Wrekin 011D,Anti-social behaviour,,
,2015-04,West Mercia Police,West Mercia Police,-2.517900,52.704591,On or near Park Street,E01014114,Telford and Wrekin 011D,Anti-social behaviour,,
,2015-04,West Mercia Police,West Mercia Police,-2.509870,52.701362,On or near Prospect Road,E01014114,Telford and Wrekin 011D,Anti-social behaviour,,
,2015-04,West Mercia Police,West Mercia Police,-2.517900,52.704591,On or near Park Street,E01014114,Telford and Wrekin 011D,Anti-social behaviour,,
,2015-04,West Mercia Police,West Mercia Police,-2.514883,52.703498,On or near Albert Road,E01014114,Telford and Wrekin 011D,Anti-social behaviour,,
,2015-04,West Mercia Police,West Mercia Police,-2.517900,52.704591,On or near Park Street,E01014114,Telford and Wrekin 011D,Anti-social behaviour,,
bdd091d6aa7f1c98d3f0eaf5faf4da1cc8953e83278a68a6dd697b56ba77cf74,2015-04,West Mercia Police,West Mercia Police,-2.513398,52.708125,On or near Longford Rise,E01014114,Telford and Wrekin 011D,Burglary,Court case unable to proceed,
a1c677609e52685bc22a32a6b3756f7a3518d39416ffaf2e68feb26a61d2b98b,2015-04,West Mercia Police,West Mercia Police,-2.515759,52.705049,On or near Ladycroft,E01014114,Telford and Wrekin 011D,Other theft,Investigation complete; no suspect identified,
cdae5eebfaae180a65199dafd959c9eb3e923d898f609d1a7666f50228227d4d,2015-04,West Mercia Police,West Mercia Police,-2.517900,52.704591,On or near Park Street,E01014114,Telford and Wrekin 011D,Violence and sexual offences,Investigation complete; no suspect identified,
,2015-04,West Mercia Police,West Mercia Police,-2.520366,52.696696,On or near King'S Haye Road,E01014133,Telford and Wrekin 012A,Anti-social behaviour,,
,2015-04,West Mercia Police,West Mercia Police,-2.520366,52.696696,On or near King'S Haye Road,E01014133,Telford and Wrekin 012A,Anti-social behaviour,,
,2015-04,West Mercia Police,West Mercia Police,-2.509748,52.693371,On or near Cherry Tree Close,E01014133,Telford and Wrekin 012A,Anti-social behaviour,,
,2015-04,West Mercia Police,West Mercia Police,-2.521041,52.693753,On or near Holyhead Road,E01014133,Telford and Wrekin 012A,Anti-social behaviour,,
,2015-04,West Mercia Police,West Mercia Police,-2.509748,52.693371,On or near Cherry Tree Close,E01014133,Telford and Wrekin 012A,Anti-social behaviour,,
68ce0a8e3fb06bb651fcb5a335a3134fd8b5bf25e6825da9611c71888f3f17f1,2015-04,West Mercia Police,West Mercia Police,-2.517905,52.692490,On or near Golf Links Lane,E01014133,Telford and Wrekin 012A,Burglary,Investigation complete; no suspect identified,
f2e9ca18d32b282166e418aeb58e21d355f7a67b0df405056ea73edd30cefce8,2015-04,West Mercia Police,West Mercia Police,-2.520366,52.696696,On or near King'S Haye Road,E01014133,Telford and Wrekin 012A,Other theft,Unable to prosecute suspect,
136c3301027218445ea9f0f9236fe030e4e1a9cfa83e6e71e409b8d72366b5b4,2015-04,West Mercia Police,West Mercia Police,-2.520366,52.696696,On or near King'S Haye Road,E01014133,Telford and Wrekin 012A,Robbery,Investigation complete; no suspect identified,
c85a034ea4322c68c02e32c9a180b60ab077b7f39bd1846e14af2730d49a7c42,2015-04,West Mercia Police,West Mercia Police,-2.519046,52.696396,On or near Wrekin Road,E01014133,Telford and Wrekin 012A,Vehicle crime,Investigation complete; no suspect identified,
6855d71af151bdebde5f707f5a6ce45df48d4c3b1a16d81e0dc3e138d51450b3,2015-04,West Mercia Police,West Mercia Police,-2.528877,52.696856,On or near Haygate Road,E01014134,Telford and Wrekin 012B,Criminal damage and arson,Investigation complete; no suspect identified,
5b13b09c5e45bb9c4d91aaa0d65df626ed0f593b9a78acce483ccdcb37590573,2015-04,West Mercia Police,West Mercia Police,-2.531982,52.691844,On or near Avondale Road,E01014134,Telford and Wrekin 012B,Other theft,Unable to prosecute suspect,
93209eab68645573242760163f92144729e2ba71ca78ee6b7304510951d7cfd0,2015-04,West Mercia Police,West Mercia Police,-2.525783,52.693067,On or near Petrol Station,E01014134,Telford and Wrekin 012B,Shoplifting,Investigation complete; no suspect identified,
,2015-04,West Mercia Police,West Mercia Police,-2.529493,52.700107,On or near Steventon Road,E01014144,Telford and Wrekin 012C,Anti-social behaviour,,
,2015-04,West Mercia Police,West Mercia Police,-2.527999,52.700132,On or near Hollies Road,E01014144,Telford and Wrekin 012C,Anti-social behaviour,,
,2015-04,West Mercia Police,West Mercia Police,-2.528899,52.698708,On or near West Road,E01014144,Telford and Wrekin 012C,Anti-social behaviour,,
,2015-04,West Mercia Police,West Mercia Police,-2.530186,52.698693,On or near Addison Road,E01014144,Telford and Wrekin 012C,Anti-social behaviour,,
,2015-04,West Mercia Police,West Mercia Police,-2.531796,52.699675,On or near Woodlands Avenue,E01014144,Telford and Wrekin 012C,Anti-social behaviour,,
,2015-04,West Mercia Police,West Mercia Police,-2.533865,52.700627,On or near Sports/Recreation Area,E01014144,Telford and Wrekin 012C,Anti-social behaviour,,
,2015-04,West Mercia Police,West Mercia Police,-2.530670,52.702008,On or near Orleton Lane,E01014144,Telford and Wrekin 012C,Anti-social behaviour,,
,2015-04,West Mercia Police,West Mercia Police,-2.530186,52.698693,On or near Addison Road,E01014144,Telford and Wrekin 012C,Anti-social behaviour,,
9fd2d9b9e9f58549340f7bc087af49e077a5e271fd00eb46819a3e41b3c24d20,2015-04,West Mercia Police,West Mercia Police,-2.527840,52.702902,On or near Nevil Road,E01014144,Telford and Wrekin 012C,Burglary,Investigation complete; no suspect identified,
eaed5e851a7ebf38950b3f56af3840e20f409d8423c7b110090d806573be4ebc,2015-04,West Mercia Police,West Mercia Police,-2.528296,52.701479,On or near George Place,E01014144,Telford and Wrekin 012C,Criminal damage and arson,Unable to prosecute suspect,
1053283e8f4f0059cf7396d725ef432db6c420c40aa104ed1651f33292de743d,2015-04,West Mercia Police,West Mercia Police,-2.530186,52.698693,On or near Addison Road,E01014144,Telford and Wrekin 012C,Criminal damage and arson,Investigation complete; no suspect identified,
0906d80199de44e9d93ba354b007e064d7bb44eaf93621e40ea35e597a6d2c73,2015-04,West Mercia Police,West Mercia Police,-2.527999,52.700132,On or near Hollies Road,E01014144,Telford and Wrekin 012C,Violence and sexual offences,Unable to prosecute suspect,
f7bf827f85b677d101135dce9314f6ad3d7a07a7fa9aa39df6f962cf063ae11d,2015-04,West Mercia Police,West Mercia Police,-2.531747,52.704125,On or near Wrockwardine Road,E01014144,Telford and Wrekin 012C,Violence and sexual offences,Unable to prosecute suspect,
c4811391d33691466da72c46557930073dec8a85397175575a1f19daf37573ee,2015-04,West Mercia Police,West Mercia Police,-2.527999,52.700132,On or near Hollies Road,E01014144,Telford and Wrekin 012C,Violence and sexual offences,Investigation complete; no suspect identified,
1291d3a8e99175f0c552a77ceea41af48f38953ed36415866bd344a66d73c164,2015-04,West Mercia Police,West Mercia Police,-2.527999,52.700132,On or near Hollies Road,E01014144,Telford and Wrekin 012C,Violence and sexual offences,Unable to prosecute suspect,
c834414b00e389aa1f923ae43361c948d54d8c40b7eab6f2e024ddeb9bbd1ad7,2015-04,West Mercia Police,West Mercia Police,-2.529099,52.699363,On or near Cranage Crescent,E01014144,Telford and Wrekin 012C,Violence and sexual offences,Unable to prosecute suspect,
32dc335fff4e66caef7cbee463369645dd7475db73c62a796c005a6eb091f175,2015-04,West Mercia Police,West Mercia Police,-2.527999,52.700132,On or near Hollies Road,E01014144,Telford and Wrekin 012C,Violence and sexual offences,Unable to prosecute suspect,
,2015-04,West Mercia Police,West Mercia Police,-2.520052,52.700158,On or near Rowland Gate,E01014145,Telford and Wrekin 012D,Anti-social behaviour,,
,2015-04,West Mercia Police,West Mercia Police,-2.517225,52.700126,On or near Espley Close,E01014145,Telford and Wrekin 012D,Anti-social behaviour,,
,2015-04,West Mercia Police,West Mercia Police,-2.519912,52.700842,On or near Shopping Area,E01014145,Telford and Wrekin 012D,Anti-social behaviour,,
,2015-04,West Mercia Police,West Mercia Police,-2.520052,52.700158,On or near Rowland Gate,E01014145,Telford and Wrekin 012D,Anti-social behaviour,,
,2015-04,West Mercia Police,West Mercia Police,-2.517225,52.700126,On or near Espley Close,E01014145,Telford and Wrekin 012D,Anti-social behaviour,,
,2015-04,West Mercia Police,West Mercia Police,-2.520052,52.700158,On or near Rowland Gate,E01014145,Telford and Wrekin 012D,Anti-social behaviour,,
,2015-04,West Mercia Police,West Mercia Police,-2.514382,52.698682,On or near St John Street,E01014145,Telford and Wrekin 012D,Anti-social behaviour,,
,2015-04,West Mercia Police,West Mercia Police,-2.517524,52.700304,On or near Bell Street,E01014145,Telford and Wrekin 012D,Anti-social behaviour,,
,2015-04,West Mercia Police,West Mercia Police,-2.517225,52.700126,On or near Espley Close,E01014145,Telford and Wrekin 012D,Anti-social behaviour,,
,2015-04,West Mercia Police,West Mercia Police,-2.522474,52.700966,On or near Parking Area,E01014145,Telford and Wrekin 012D,Anti-social behaviour,,
,2015-04,West Mercia Police,West Mercia Police,-2.524028,52.699754,On or near The Maltings,E01014145,Telford and Wrekin 012D,Anti-social behaviour,,
,2015-04,West Mercia Police,West Mercia Police,-2.518083,52.698845,On or near Parking Area,E01014145,Telford and Wrekin 012D,Anti-social behaviour,,
,2015-04,West Mercia Police,West Mercia Police,-2.524028,52.699754,On or near The Maltings,E01014145,Telford and Wrekin 012D,Anti-social behaviour,,
,2015-04,West Mercia Police,West Mercia Police,-2.520052,52.700158,On or near Rowland Gate,E01014145,Telford and Wrekin 012D,Anti-social behaviour,,
,2015-04,West Mercia Police,West Mercia Police,-2.520655,52.702268,On or near Queen Street,E01014145,Telford and Wrekin 012D,Anti-social behaviour,,
,2015-04,West Mercia Police,West Mercia Police,-2.520052,52.700158,On or near Rowland Gate,E01014145,Telford and Wrekin 012D,Anti-social behaviour,,
,2015-04,West Mercia Police,West Mercia Police,-2.516594,52.698007,On or near Wellington Police Station,E01014145,Telford and Wrekin 012D,Anti-social behaviour,,
,2015-04,West Mercia Police,West Mercia Police,-2.514448,52.698034,On or near Glebe Street,E01014145,Telford and Wrekin 012D,Anti-social behaviour,,
,2015-04,West Mercia Police,West Mercia Police,-2.516785,52.699211,On or near Parking Area,E01014145,Telford and Wrekin 012D,Anti-social behaviour,,
,2015-04,West Mercia Police,West Mercia Police,-2.523354,52.702742,On or near Petrol Station,E01014145,Telford and Wrekin 012D,Anti-social behaviour,,
,2015-04,West Mercia Police,West Mercia Police,-2.518083,52.698845,On or near Parking Area,E01014145,Telford and Wrekin 012D,Anti-social behaviour,,
,2015-04,West Mercia Police,West Mercia Police,-2.520655,52.702268,On or near Queen Street,E01014145,Telford and Wrekin 012D,Anti-social behaviour,,
871f844fd6d28ff8ddf17de3560d681bb92f7a161a7f7e32720b4a3d7f2da91c,2015-04,West Mercia Police,West Mercia Police,-2.520655,52.702268,On or near Queen Street,E01014145,Telford and Wrekin 012D,Burglary,Suspect charged as part of another case,
bd32e794a6442507950b7555b9e4cb5c3e88949d8f9f22b6d1fb69f5bb91d316,2015-04,West Mercia Police,West Mercia Police,-2.525954,52.699952,On or near Moorhouse Close,E01014145,Telford and Wrekin 012D,Criminal damage and arson,Investigation complete; no suspect identified,
508357b3e97669f6f67d32eb556f991bb940d0d7ff1777d707d8893cb25cbb05,2015-04,West Mercia Police,West Mercia Police,-2.523354,52.702742,On or near Petrol Station,E01014145,Telford and Wrekin 012D,Other theft,Investigation complete; no suspect identified,
0f205c7c89ac9be57a13c2abb6fd5bf22d8940ba59a2d526d405183ac05ddbaa,2015-04,West Mercia Police,West Mercia Police,-2.523354,52.702742,On or near Petrol Station,E01014145,Telford and Wrekin 012D,Other theft,Investigation complete; no suspect identified,
153f0ecc93a3e78459edc9b3b38130735ba26258774fec43cc5ee82df3ed9738,2015-04,West Mercia Police,West Mercia Police,-2.523354,52.702742,On or near Petrol Station,E01014145,Telford and Wrekin 012D,Other theft,Investigation complete; no suspect identified,
15d0eda4b13cfd5fb1ef316bb6b2538a074116c0c7007e927eb2ff519f98a0bf,2015-04,West Mercia Police,West Mercia Police,-2.518083,52.698845,On or near Parking Area,E01014145,Telford and Wrekin 012D,Other theft,Investigation complete; no suspect identified,
38ba84127871145fd1d055ab2523f5c5fea885e9a2afb845e11f30ef2667654c,2015-04,West Mercia Police,West Mercia Police,-2.523354,52.702742,On or near Petrol Station,E01014145,Telford and Wrekin 012D,Other theft,Investigation complete; no suspect identified,
6803d63d953f650b04aecc7d38c6b2472efbbc80154d675100d9df4d725b01e6,2015-04,West Mercia Police,West Mercia Police,-2.525954,52.699952,On or near Moorhouse Close,E01014145,Telford and Wrekin 012D,Other theft,Investigation complete; no suspect identified,
8cd917d27cc37dcabf3abab3598a329fce4407c226c895300d1898353e71235b,2015-04,West Mercia Police,West Mercia Police,-2.517524,52.700304,On or near Bell Street,E01014145,Telford and Wrekin 012D,Public order,Unable to prosecute suspect,
b78eb45524e0d3a456fb6f859c80508e25088ac7353a049be0554f2593727f7e,2015-04,West Mercia Police,West Mercia Police,-2.522330,52.701263,On or near Supermarket,E01014145,Telford and Wrekin 012D,Shoplifting,Unable to prosecute suspect,
f24d7a1bb3aab6b449149bde369ad3c2e646efa2fe8d2a097f1ffb878bcafa60,2015-04,West Mercia Police,West Mercia Police,-2.516709,52.700263,On or near Supermarket,E01014145,Telford and Wrekin 012D,Shoplifting,Court result unavailable,
1e3db8410fb25f1877a8a776d25b0c43d9deaa8f48217d503a162b527e1be8e3,2015-04,West Mercia Police,West Mercia Police,-2.523354,52.702742,On or near Petrol Station,E01014145,Telford and Wrekin 012D,Shoplifting,Investigation complete; no suspect identified,
9822f3d39c2c378e99b80f0e3c1096696ec8db65d91d3139f8174b2fe8ea10d0,2015-04,West Mercia Police,West Mercia Police,-2.519973,52.700950,On or near Market Street,E01014145,Telford and Wrekin 012D,Shoplifting,Investigation complete; no suspect identified,
a73fa578785b3f5528ff1afd710665a6013d876695c90daee5cb0cce7712465f,2015-04,West Mercia Police,West Mercia Police,-2.524028,52.699754,On or near The Maltings,E01014145,Telford and Wrekin 012D,Violence and sexual offences,Offender given community sentence,
fd413083b1d29f9757aae1c7136f16c41bf877da7ef42f06025d725b7ca73e22,2015-04,West Mercia Police,West Mercia Police,-2.522474,52.700966,On or near Parking Area,E01014145,Telford and Wrekin 012D,Violence and sexual offences,Unable to prosecute suspect,
48713c306693219df3fb09111129646bb7f4a8d639758b5a61a58a1d606e4532,2015-04,West Mercia Police,West Mercia Police,-2.517225,52.700126,On or near Espley Close,E01014145,Telford and Wrekin 012D,Violence and sexual offences,Unable to prosecute suspect,
a96acc99f131d7fd56798c35bffb2ca74e9dbb535ea31ebb318ba8a6c84567d3,2015-04,West Mercia Police,West Mercia Police,-2.517524,52.700304,On or near Bell Street,E01014145,Telford and Wrekin 012D,Violence and sexual offences,Investigation complete; no suspect identified,
ba8e8e6aef1d4c169921128e83981dabb6dff42ffc94283972fd2086bcada83d,2015-04,West Mercia Police,West Mercia Police,-2.517225,52.700126,On or near Espley Close,E01014145,Telford and Wrekin 012D,Violence and sexual offences,Investigation complete; no suspect identified,
c301128dcb0b0baad84bd555d450233c53cf1c8676e3e001640ff7f1832af64a,2015-04,West Mercia Police,West Mercia Police,-2.522474,52.700966,On or near Parking Area,E01014145,Telford and Wrekin 012D,Violence and sexual offences,Unable to prosecute suspect,
d7177ea35f76a0994a9825d71db5176df486293c3b52c8a7aa0b5d8ca3259790,2015-04,West Mercia Police,West Mercia Police,-2.520655,52.702268,On or near Queen Street,E01014145,Telford and Wrekin 012D,Violence and sexual offences,Unable to prosecute suspect,
90fde7d3deeb79b807c9c109468517316bec656b460f92f62136e2312b9f199f,2015-04,West Mercia Police,West Mercia Police,-2.517225,52.700126,On or near Espley Close,E01014145,Telford and Wrekin 012D,Violence and sexual offences,Unable to prosecute suspect,
d4c843fc73d30bc93e0314ca3551068c606858f9d2f76ae6961048e0a108620b,2015-04,West Mercia Police,West Mercia Police,-2.517225,52.700126,On or near Espley Close,E01014145,Telford and Wrekin 012D,Violence and sexual offences,Unable to prosecute suspect,
53fe47f3867329f17b010fbc9d706d0d2af1aa6cbe2b1d0d9040175e0e9a7a16,2015-04,West Mercia Police,West Mercia Police,-2.517225,52.700126,On or near Espley Close,E01014145,Telford and Wrekin 012D,Violence and sexual offences,Unable to prosecute suspect,
7cf41e147f35ddc951fac01b37b7b09798dfad02ba24a05df432e4feb880aec9,2015-04,West Mercia Police,West Mercia Police,-2.522040,52.700518,On or near Groom'S Alley,E01014145,Telford and Wrekin 012D,Violence and sexual offences,Investigation complete; no suspect identified,
79f51669d32b393db44b803e47de0b122cb317be182dadba641b898e3d6a21aa,2015-04,West Mercia Police,West Mercia Police,-2.519810,52.699674,On or near Walker Street,E01014145,Telford and Wrekin 012D,Violence and sexual offences,Investigation complete; no suspect identified,
03e6fb0bae414c3d70024c1ed3e9eafec52058a829a18b354d2217f801576835,2015-04,West Mercia Police,West Mercia Police,-2.517225,52.700126,On or near Espley Close,E01014145,Telford and Wrekin 012D,Violence and sexual offences,Unable to prosecute suspect,
e9b66a1723928d5ad6e9b8c1f1d40926c7808605a2cb8a0bbc6fb8735c071211,2015-04,West Mercia Police,West Mercia Police,-2.517225,52.700126,On or near Espley Close,E01014145,Telford and Wrekin 012D,Violence and sexual offences,Offender given a caution,
1feca9dc339f78f84158fad1a8880e76f9014380e3d817635e7630c1c29483f1,2015-04,West Mercia Police,West Mercia Police,-2.520309,52.700571,On or near Shopping Area,E01014145,Telford and Wrekin 012D,Violence and sexual offences,Investigation complete; no suspect identified,
4211ed0d77f581d4634c6c515735bb650f3909040ad5d04ef6f89115bd408329,2015-04,West Mercia Police,West Mercia Police,-2.517225,52.700126,On or near Espley Close,E01014145,Telford and Wrekin 012D,Violence and sexual offences,Investigation complete; no suspect identified,
,2015-04,West Mercia Police,West Mercia Police,-2.438685,52.695040,On or near Hill Street,E01014185,Telford and Wrekin 013A,Anti-social behaviour,,
,2015-04,West Mercia Police,West Mercia Police,-2.441639,52.688673,On or near Furnace Road,E01014185,Telford and Wrekin 013A,Anti-social behaviour,,
,2015-04,West Mercia Police,West Mercia Police,-2.436945,52.688259,On or near Jabe Davies Close,E01014185,Telford and Wrekin 013A,Anti-social behaviour,,
,2015-04,West Mercia Police,West Mercia Police,-2.439849,52.693084,On or near Marrion'S Hill,E01014185,Telford and Wrekin 013A,Anti-social behaviour,,
63c7b7d51098f6f741d966bd9076b634379d4afa8f847664839213e75ed27c0d,2015-04,West Mercia Police,West Mercia Police,-2.444287,52.688699,On or near Shopping Area,E01014185,Telford and Wrekin 013A,Burglary,Investigation complete; no suspect identified,
fc42f0d389a10dbb52f49ec6cd824408a9b0acdec858b3780cd0ac782a10f675,2015-04,West Mercia Police,West Mercia Police,-2.437871,52.689082,On or near Freeston Avenue,E01014185,Telford and Wrekin 013A,Criminal damage and arson,Investigation complete; no suspect identified,
75724d8387c358084792f26ebc1cf0854bb90c6b459ee19a547d8b01d0248916,2015-04,West Mercia Police,West Mercia Police,-2.437871,52.689082,On or near Freeston Avenue,E01014185,Telford and Wrekin 013A,Criminal damage and arson,Investigation complete; no suspect identified,
a26d8cfa577fded16ec9c318cd6ce1ef55348cb3dbf69938029fd18f6578d3b1,2015-04,West Mercia Police,West Mercia Police,-2.439849,52.693084,On or near Marrion'S Hill,E01014185,Telford and Wrekin 013A,Violence and sexual offences,Investigation complete; no suspect identified,
99c347f4d3a608e53cb8561bf462390d8831f15714f78c79c42ea5ac86fe7723,2015-04,West Mercia Police,West Mercia Police,-2.444287,52.688699,On or near Shopping Area,E01014185,Telford and Wrekin 013A,Violence and sexual offences,Unable to prosecute suspect,
e95b9de6e92cfe5f9f9f4c4d3ecd5245ef5a8151edadb1abc932d5ac0ef1cfb3,2015-04,West Mercia Police,West Mercia Police,-2.437924,52.691500,On or near Hollybirch Grove,E01014185,Telford and Wrekin 013A,Violence and sexual offences,Unable to prosecute suspect,
fd15f1b956a0dd121fcb0aa7f6a54419df71c43878fe86b86bfd843ccfcfbf0d,2015-04,West Mercia Police,West Mercia Police,-2.436945,52.688259,On or near Jabe Davies Close,E01014185,Telford and Wrekin 013A,Violence and sexual offences,Unable to prosecute suspect,
,2015-04,West Mercia Police,West Mercia Police,-2.435431,52.695231,On or near Colliers Close,E01014186,Telford and Wrekin 013B,Anti-social behaviour,,
2800d0c8367af5143838a2592cbb35e6e61c54346a2576d015d07ccaf3d4cda4,2015-04,West Mercia Police,West Mercia Police,-2.435431,52.695231,On or near Colliers Close,E01014186,Telford and Wrekin 013B,Drugs,Offender given a drugs possession warning,
277527d399f77f93b66912d968aa9776c8f6aaededc68458041b62038439cb17,2015-04,West Mercia Police,West Mercia Police,-2.434985,52.693453,On or near Grove Street,E01014186,Telford and Wrekin 013B,Vehicle crime,Investigation complete; no suspect identified,
b2734b569e3b69d8998a9fb5f4c05c58fd74301b21faf7db1cb054bffdb78dfc,2015-04,West Mercia Police,West Mercia Police,-2.435431,52.695231,On or near Colliers Close,E01014186,Telford and Wrekin 013B,Violence and sexual offences,Unable to prosecute suspect,
,2015-04,West Mercia Police,West Mercia Police,-2.440375,52.705659,On or near Mafeking Drive,E01014187,Telford and Wrekin 013C,Anti-social behaviour,,
,2015-04,West Mercia Police,West Mercia Police,-2.440375,52.705659,On or near Mafeking Drive,E01014187,Telford and Wrekin 013C,Anti-social behaviour,,
,2015-04,West Mercia Police,West Mercia Police,-2.434546,52.699900,On or near Ragged Robins Close,E01014187,Telford and Wrekin 013C,Anti-social behaviour,,
,2015-04,West Mercia Police,West Mercia Police,-2.439704,52.705149,On or near Johnstone Close,E01014187,Telford and Wrekin 013C,Anti-social behaviour,,
,2015-04,West Mercia Police,West Mercia Police,-2.439704,52.705149,On or near Johnstone Close,E01014187,Telford and Wrekin 013C,Anti-social behaviour,,
,2015-04,West Mercia Police,West Mercia Police,-2.440375,52.705659,On or near Mafeking Drive,E01014187,Telford and Wrekin 013C,Anti-social behaviour,,
,2015-04,West Mercia Police,West Mercia Police,-2.445846,52.705144,On or near Cockshutt Road,E01014187,Telford and Wrekin 013C,Anti-social behaviour,,
09fe4c92d2eb0b730eca79fe30f20d0cd1d0a737ff7a225e1198421b943a5814,2015-04,West Mercia Police,West Mercia Police,-2.436487,52.700172,On or near Yellowstone Close,E01014187,Telford and Wrekin 013C,Burglary,Investigation complete; no suspect identified,
36c8a2ecbcda0464968279607799dee8bb36df1ddfea9e14ff66934573014c03,2015-04,West Mercia Police,West Mercia Police,-2.436487,52.700172,On or near Yellowstone Close,E01014187,Telford and Wrekin 013C,Burglary,Investigation complete; no suspect identified,
956a53818e0b609ff4d58d854738653993e8f9b2dab9431ae94c549d08b6a7e8,2015-04,West Mercia Police,West Mercia Police,-2.436487,52.700172,On or near Yellowstone Close,E01014187,Telford and Wrekin 013C,Criminal damage and arson,Unable to prosecute suspect,
2afdc5c731fba6163f9f8d05416fdb71f51dfd20b8dd76b8d2704f5d30150aba,2015-04,West Mercia Police,West Mercia Police,-2.436487,52.700172,On or near Yellowstone Close,E01014187,Telford and Wrekin 013C,Vehicle crime,Investigation complete; no suspect identified,
83234c63fee4c1be7a8c1be03dd6ecaa406034bf0e0298337e83f35c38a67bf2,2015-04,West Mercia Police,West Mercia Police,-2.450279,52.703015,On or near New Road,E01014187,Telford and Wrekin 013C,Violence and sexual offences,Investigation complete; no suspect identified,
12e75f54356de20d165091b444f9515ea359f8f35911dd58805332f148bef36b,2015-04,West Mercia Police,West Mercia Police,-2.434546,52.699900,On or near Ragged Robins Close,E01014187,Telford and Wrekin 013C,Violence and sexual offences,Unable to prosecute suspect,
,2015-04,West Mercia Police,West Mercia Police,-2.438234,52.697280,On or near Smarts Way,E01014188,Telford and Wrekin 013D,Anti-social behaviour,,
,2015-04,West Mercia Police,West Mercia Police,-2.447003,52.698200,On or near Panorama,E01014188,Telford and Wrekin 013D,Anti-social behaviour,,
baa38c671dd4255c0785fb7c935619846ebed9d9d4d06e7fc3bc2a53c679c394,2015-04,West Mercia Police,West Mercia Police,-2.439194,52.697159,On or near Nabb Close,E01014188,Telford and Wrekin 013D,Burglary,Investigation complete; no suspect identified,
2e74fc60438899bbe813cecf076e9107bdf9f55fde047dc46f95e249e4fe9f82,2015-04,West Mercia Police,West Mercia Police,-2.442348,52.692994,On or near Fountain Drive,E01014188,Telford and Wrekin 013D,Other theft,Investigation complete; no suspect identified,
9d6e18dc6f569881e528b425b487a0558472cd4bad6fd881d073a1e0fa3109bd,2015-04,West Mercia Police,West Mercia Police,-2.443012,52.697190,On or near Bramwell Close,E01014188,Telford and Wrekin 013D,Other theft,Unable to prosecute suspect,
,2015-04,West Mercia Police,West Mercia Police,-2.469543,52.688871,On or near Mannerley Lane,E01014150,Telford and Wrekin 014A,Anti-social behaviour,,
,2015-04,West Mercia Police,West Mercia Police,-2.461870,52.687975,On or near Blacksmiths Drive,E01014150,Telford and Wrekin 014A,Anti-social behaviour,,
,2015-04,West Mercia Police,West Mercia Police,-2.466192,52.688183,On or near Mossey Green,E01014150,Telford and Wrekin 014A,Anti-social behaviour,,
a6e8c4c88e48a243458ae954b8192f06e248443c66e6f8efba5ab96180d47475,2015-04,West Mercia Police,West Mercia Police,-2.467706,52.691396,On or near Shrubbery Road,E01014150,Telford and Wrekin 014A,Burglary,Defendant found not guilty,
e959f5c89b89925cc91e4fdd832f70365c0ba5679fb2d63c0342cbed7870077b,2015-04,West Mercia Police,West Mercia Police,-2.469543,52.688871,On or near Mannerley Lane,E01014150,Telford and Wrekin 014A,Burglary,Investigation complete; no suspect identified,
6e79be6634cc85870a995b99ea0e4f9ad47a1e6ffb3fa254395622d723ee9e32,2015-04,West Mercia Police,West Mercia Police,-2.454647,52.690485,On or near Dukes Hill,E01014150,Telford and Wrekin 014A,Burglary,Investigation complete; no suspect identified,
7fb79b5cd04c4971c75ebea7020b1f2db548da95f94e0ab03e9ef3040bdc8237,2015-04,West Mercia Police,West Mercia Police,-2.468698,52.690115,On or near The Woodlands,E01014150,Telford and Wrekin 014A,Criminal damage and arson,Investigation complete; no suspect identified,
efa58a42b0bb3d4016ec8742d14703b1902a6d259ed451c1b0a769cc002f02d8,2015-04,West Mercia Police,West Mercia Police,-2.462647,52.688701,On or near Mossey Green,E01014150,Telford and Wrekin 014A,Violence and sexual offences,Awaiting court outcome,
,2015-04,West Mercia Police,West Mercia Police,-2.457377,52.686914,On or near Frizes Leasowe,E01014151,Telford and Wrekin 014B,Anti-social behaviour,,
,2015-04,West Mercia Police,West Mercia Police,-2.457377,52.686914,On or near Frizes Leasowe,E01014151,Telford and Wrekin 014B,Anti-social behaviour,,
,2015-04,West Mercia Police,West Mercia Police,-2.455068,52.686851,On or near Grange Road,E01014151,Telford and Wrekin 014B,Anti-social behaviour,,
efb21efccf3b6f170d0377ef6c57b7c909ffe31d5d863d21bdf2b70ab06293c8,2015-04,West Mercia Police,West Mercia Police,-2.450841,52.687209,On or near Fourth Avenue,E01014151,Telford and Wrekin 014B,Burglary,Investigation complete; no suspect identified,
feb0430bc6af5368bcc1091334c5dbdea8716efda20003c41e9869471b0cf95b,2015-04,West Mercia Police,West Mercia Police,-2.450841,52.687209,On or near Fourth Avenue,E01014151,Telford and Wrekin 014B,Criminal damage and arson,Investigation complete; no suspect identified,
3e5105f508cef0b7c98379828ef4336f2882774d1c9e43bb59e224c1aef8577f,2015-04,West Mercia Police,West Mercia Police,-2.449563,52.688104,On or near Second Avenue,E01014151,Telford and Wrekin 014B,Criminal damage and arson,Investigation complete; no suspect identified,
5a24602a9d2f33bdce8efc9cf55313b5a26feb9d3cdb697e0c15ac615312e2e1,2015-04,West Mercia Police,West Mercia Police,-2.448288,52.687830,On or near First Avenue,E01014151,Telford and Wrekin 014B,Drugs,Offender sent to prison,
09a0e052cd6b808ca4e13925cb87ba689d022d13a4201f477f641e0c9cf2c177,2015-04,West Mercia Police,West Mercia Police,-2.450841,52.687209,On or near Fourth Avenue,E01014151,Telford and Wrekin 014B,Other theft,Investigation complete; no suspect identified,
334dd14222a8131f5b2aeb104d18e0152baab2167660a3c97448c03003f45646,2015-04,West Mercia Police,West Mercia Police,-2.449262,52.689085,On or near Greyhound Hill,E01014151,Telford and Wrekin 014B,Public order,Unable to prosecute suspect,
3273bc622d46381ce402cd244ff0cc68599aca29f4aed211d6310f105b1f4a4e,2015-04,West Mercia Police,West Mercia Police,-2.444348,52.687422,On or near Pearson Road,E01014151,Telford and Wrekin 014B,Public order,Offender given a caution,
7860709f41c8f6e186825d3520fcb7e47754d2bbe3f03b9996c896b80edf724d,2015-04,West Mercia Police,West Mercia Police,-2.450708,52.685780,On or near Queenswood Close,E01014151,Telford and Wrekin 014B,Robbery,Investigation complete; no suspect identified,
f28b2fb55669231e5582dc3263007c6905ca9f1955bb8644fce2cb7e9ddfe65b,2015-04,West Mercia Police,West Mercia Police,-2.450708,52.685780,On or near Queenswood Close,E01014151,Telford and Wrekin 014B,Vehicle crime,Investigation complete; no suspect identified,
04be1ee9c1ce7c76f5419152d5100f2c45e39dd57987e059f834fbda8c28caad,2015-04,West Mercia Police,West Mercia Police,-2.443424,52.686724,On or near Hollinswood Road,E01014151,Telford and Wrekin 014B,Violence and sexual offences,Unable to prosecute suspect,
c414bfcf62cd98d09aea181b580cde4ee3aed2508c4eac9ef4fbe3592a6207dd,2015-04,West Mercia Police,West Mercia Police,-2.439581,52.685552,On or near Shopping Area,E01014151,Telford and Wrekin 014B,Violence and sexual offences,Unable to prosecute suspect,
4073850ab1583ca17c58feb079c4fcac460fab857548d939ffc7d2349c4c56f8,2015-04,West Mercia Police,West Mercia Police,-2.452478,52.688156,On or near Old Park Road,E01014151,Telford and Wrekin 014B,Violence and sexual offences,Local resolution,
d946614c5f258669a985c58fd1077d57cff5e3e358cf93ce8ba77a798dcd2a42,2015-04,West Mercia Police,West Mercia Police,-2.453287,52.686256,On or near Sixth Avenue,E01014151,Telford and Wrekin 014B,Other crime,Unable to prosecute suspect,
,2015-04,West Mercia Police,West Mercia Police,-2.459884,52.696011,On or near Hartshill Avenue,E01014152,Telford and Wrekin 014C,Anti-social behaviour,,
,2015-04,West Mercia Police,West Mercia Police,-2.456288,52.697463,On or near Oldcroft,E01014152,Telford and Wrekin 014C,Anti-social behaviour,,
,2015-04,West Mercia Police,West Mercia Police,-2.455818,52.699182,On or near Corfield Crescent,E01014152,Telford and Wrekin 014C,Anti-social behaviour,,
,2015-04,West Mercia Police,West Mercia Police,-2.455039,52.698277,On or near Maurice Lee Avenue,E01014152,Telford and Wrekin 014C,Anti-social behaviour,,
d048ca6a1b9ac2c5b434fe7ae09ae90f0a664e3a92ff41c46c71f40eb8691307,2015-04,West Mercia Police,West Mercia Police,-2.454898,52.698997,On or near Hayward Parade,E01014152,Telford and Wrekin 014C,Burglary,Investigation complete; no suspect identified,
055051cfa63c7578a46a3dd65746e4dcc80c7b123791c63610037b258637aad9,2015-04,West Mercia Police,West Mercia Police,-2.459966,52.699616,On or near Abbots Close,E01014152,Telford and Wrekin 014C,Burglary,Unable to prosecute suspect,
e61cab04fc69f335e7bda69d58537c3177f1ca539593904f987ae6504e2ece9b,2015-04,West Mercia Police,West Mercia Police,-2.467207,52.707013,On or near Trench Lock 3,E01014152,Telford and Wrekin 014C,Burglary,Investigation complete; no suspect identified,
c4a5ff9199b184a7ee04133556fe1c64956d115b717417b9bc9db287a803137f,2015-04,West Mercia Police,West Mercia Police,-2.459884,52.696011,On or near Hartshill Avenue,E01014152,Telford and Wrekin 014C,Drugs,Unable to prosecute suspect,
6e86aa3cd28cff95a9f646701698d5123d231a57a1d20158734cc4606805aef8,2015-04,West Mercia Police,West Mercia Police,-2.459884,52.696011,On or near Hartshill Avenue,E01014152,Telford and Wrekin 014C,Vehicle crime,Under investigation,
7218c3938188a281de7e4075a9b28872d0b2f22febd13359a8f6e97c729b7dab,2015-04,West Mercia Police,West Mercia Police,-2.458732,52.699117,On or near Abdon Court,E01014152,Telford and Wrekin 014C,Violence and sexual offences,Investigation complete; no suspect identified,
27cbd8f89467e76e41c02ff8eeb7532b493f67e6ffe94690b8400053cbfd60e3,2015-04,West Mercia Police,West Mercia Police,-2.467207,52.707013,On or near Trench Lock 3,E01014152,Telford and Wrekin 014C,Violence and sexual offences,Unable to prosecute suspect,
c779cff583c84e8209b63f43b1ad07daed9445ef861eb4e5165e1e1d6ce59dea,2015-04,West Mercia Police,West Mercia Police,-2.451912,52.699278,On or near Withington Close,E01014152,Telford and Wrekin 014C,Violence and sexual offences,Unable to prosecute suspect,
3acc648d9dcf28ed5a7559299f4c10633f3393401e7a158400ea806cfb6cbaa6,2015-04,West Mercia Police,West Mercia Police,-2.455039,52.698277,On or near Maurice Lee Avenue,E01014152,Telford and Wrekin 014C,Violence and sexual offences,Unable to prosecute suspect,
1c2d7b249f8797d4d4db19b1a66c2fd3234cb2bd197c3ccf9eef5a51b4f29ef1,2015-04,West Mercia Police,West Mercia Police,-2.451912,52.699278,On or near Withington Close,E01014152,Telford and Wrekin 014C,Violence and sexual offences,Unable to prosecute suspect,
daa55b53bafeec365009c0be11f9ee00c574a5234273e929f21995121ed7dc5c,2015-04,West Mercia Police,West Mercia Police,-2.459884,52.696011,On or near Hartshill Avenue,E01014152,Telford and Wrekin 014C,Violence and sexual offences,Unable to prosecute suspect,
,2015-04,West Mercia Police,West Mercia Police,-2.462610,52.692171,On or near Sunnyside Road,E01014153,Telford and Wrekin 014D,Anti-social behaviour,,
,2015-04,West Mercia Police,West Mercia Police,-2.449508,52.695763,On or near Bus/Coach Station,E01014153,Telford and Wrekin 014D,Anti-social behaviour,,
,2015-04,West Mercia Police,West Mercia Police,-2.455313,52.691947,On or near Holyhead Road,E01014153,Telford and Wrekin 014D,Anti-social behaviour,,
,2015-04,West Mercia Police,West Mercia Police,-2.450829,52.694706,On or near Chapel Street,E01014153,Telford and Wrekin 014D,Anti-social behaviour,,
,2015-04,West Mercia Police,West Mercia Police,-2.449508,52.695763,On or near Bus/Coach Station,E01014153,Telford and Wrekin 014D,Anti-social behaviour,,
,2015-04,West Mercia Police,West Mercia Police,-2.455620,52.691542,On or near Wesley Drive,E01014153,Telford and Wrekin 014D,Anti-social behaviour,,
,2015-04,West Mercia Police,West Mercia Police,-2.455620,52.691542,On or near Wesley Drive,E01014153,Telford and Wrekin 014D,Anti-social behaviour,,
,2015-04,West Mercia Police,West Mercia Police,-2.451845,52.698496,On or near Buttery Grove,E01014153,Telford and Wrekin 014D,Anti-social behaviour,,
96792ff01f8f8011c8cbe1823967040defbce4a17a31a23e4bdec7855f2a17e2,2015-04,West Mercia Police,West Mercia Police,-2.453748,52.697967,On or near Church Parade,E01014153,Telford and Wrekin 014D,Burglary,Investigation complete; no suspect identified,
6fabc1e1c734541227325e7ed6c837769c8469cdfc7c560bb345a67b92f21e58,2015-04,West Mercia Police,West Mercia Police,-2.455313,52.691947,On or near Holyhead Road,E01014153,Telford and Wrekin 014D,Criminal damage and arson,Offender given conditional discharge,
e99c7707b1516fbf1618895b58f11e45c67468bb54c729e9f23e1b510ce06463,2015-04,West Mercia Police,West Mercia Police,-2.451655,52.697265,On or near Leonard Street,E01014153,Telford and Wrekin 014D,Criminal damage and arson,Offender given a caution,
1ffd0297dee69224e3bd3c97ee43a9ef7534004d7e598f308b1c512f23227d87,2015-04,West Mercia Police,West Mercia Police,-2.451061,52.695694,On or near Supermarket,E01014153,Telford and Wrekin 014D,Criminal damage and arson,Investigation complete; no suspect identified,
03de57b8ecc731d3dd27eaaea504f3e7497ba18dde93b1bc6d278aeb018e84a7,2015-04,West Mercia Police,West Mercia Police,-2.458129,52.693761,On or near School Grove,E01014153,Telford and Wrekin 014D,Drugs,Offender given a drugs possession warning,
17bbdc5846643eadf6627f0dd53e68c3b7193da1154627ba4e1d69bf466bca34,2015-04,West Mercia Police,West Mercia Police,-2.458129,52.693761,On or near School Grove,E01014153,Telford and Wrekin 014D,Drugs,Offender given a drugs possession warning,
229bd42af00c56f1f424a051255d66ee752b4e12476e26120fe92e8ace7647a6,2015-04,West Mercia Police,West Mercia Police,-2.451061,52.695694,On or near Supermarket,E01014153,Telford and Wrekin 014D,Other theft,Investigation complete; no suspect identified,
cf622f186e5dd9505e30305999d1c27b38bd497f9aa908e036ff530a9e677e07,2015-04,West Mercia Police,West Mercia Police,-2.450177,52.694574,On or near Oxford Street,E01014153,Telford and Wrekin 014D,Other theft,Investigation complete; no suspect identified,
bb2a6d796865240a8f8fb64abffe978fc26dd9816b2cd118a0058cdad2f7b484,2015-04,West Mercia Police,West Mercia Police,-2.450177,52.694574,On or near Oxford Street,E01014153,Telford and Wrekin 014D,Other theft,Offender given a caution,
d1014510fe18050c3dd204cf540d737c60479737413bf5a2369ebec06ecd15bd,2015-04,West Mercia Police,West Mercia Police,-2.450829,52.694706,On or near Chapel Street,E01014153,Telford and Wrekin 014D,Public order,Under investigation,
8b80c4c003a0ed9021b14fce9666287fbce71b9555a9ce8f5b7c4b5b0651f3de,2015-04,West Mercia Police,West Mercia Police,-2.451061,52.695694,On or near Supermarket,E01014153,Telford and Wrekin 014D,Shoplifting,Awaiting court outcome,
c1049be0e5ae28944e4e1afd592b880bfb0072dce9e9cdedf6b2f79e71bc5e29,2015-04,West Mercia Police,West Mercia Police,-2.451061,52.695694,On or near Supermarket,E01014153,Telford and Wrekin 014D,Shoplifting,Investigation complete; no suspect identified,
6bc92b4de15e81c57fcce87cc2e98d8bcbb22e287595df4c476d61da81d5235a,2015-04,West Mercia Police,West Mercia Police,-2.451061,52.695694,On or near Supermarket,E01014153,Telford and Wrekin 014D,Shoplifting,Investigation complete; no suspect identified,
08b797ff10e48c153f8e4d72a684f491f1f64307218188c71d862a6ef444a985,2015-04,West Mercia Police,West Mercia Police,-2.451061,52.695694,On or near Supermarket,E01014153,Telford and Wrekin 014D,Shoplifting,Offender fined,
f00ea5cde494c5bf291696ea4ed24842d9a8a49f130a9f5c332dcaa974c846c6,2015-04,West Mercia Police,West Mercia Police,-2.450177,52.694574,On or near Oxford Street,E01014153,Telford and Wrekin 014D,Vehicle crime,Investigation complete; no suspect identified,
efb34c622367dc36d339bd2e47bcf52f0b5b16746881f7bd91886439f002c306,2015-04,West Mercia Police,West Mercia Police,-2.455313,52.691947,On or near Holyhead Road,E01014153,Telford and Wrekin 014D,Vehicle crime,Investigation complete; no suspect identified,
1716860f5460e3a86a0c81e8bea5af1c970c38f1f24b144abf37c2b91ba22cdf,2015-04,West Mercia Police,West Mercia Police,-2.454176,52.694954,On or near Parking Area,E01014153,Telford and Wrekin 014D,Vehicle crime,Investigation complete; no suspect identified,
c45cd6e3890eee8f880d3d85cfac320618dc1305bebe6ef99cffd1d8504a089a,2015-04,West Mercia Police,West Mercia Police,-2.450829,52.694706,On or near Chapel Street,E01014153,Telford and Wrekin 014D,Violence and sexual offences,Under investigation,
8d6401e51ebdc55f4693fffe2d4b3bd89469bb0bf1caae753a2879dafe2b92cd,2015-04,West Mercia Police,West Mercia Police,-2.455313,52.691947,On or near Holyhead Road,E01014153,Telford and Wrekin 014D,Violence and sexual offences,Unable to prosecute suspect,
611374ebe29fc31da4fb4ddcc314cd467974251f1a139e996e124aca947dc7d6,2015-04,West Mercia Police,West Mercia Police,-2.456258,52.693166,On or near Vicar Street,E01014153,Telford and Wrekin 014D,Violence and sexual offences,Unable to prosecute suspect,
784bd33566e6820c23844e0ab98504ab642256dc36ad83f1f7a055bd32938c5f,2015-04,West Mercia Police,West Mercia Police,-2.450566,52.695031,On or near Market Street,E01014153,Telford and Wrekin 014D,Violence and sexual offences,Unable to prosecute suspect,
943e8e2159def52472a118f33285b4c927801755183770109edd440ee3957c8f,2015-04,West Mercia Police,West Mercia Police,-2.450829,52.694706,On or near Chapel Street,E01014153,Telford and Wrekin 014D,Violence and sexual offences,Under investigation,
577d2728fc64dc9532c9662c6357b58f78d0dfcfd8fd2415be5febd1c51b1a15,2015-04,West Mercia Police,West Mercia Police,-2.455313,52.691947,On or near Holyhead Road,E01014153,Telford and Wrekin 014D,Violence and sexual offences,Unable to prosecute suspect,
3ff312c979bff11e047c820a14727779d894541371d7190c2b301d34be433634,2015-04,West Mercia Police,West Mercia Police,-2.451655,52.697265,On or near Leonard Street,E01014153,Telford and Wrekin 014D,Violence and sexual offences,Unable to prosecute suspect,
4738943d3a26c33ff1fdf782e1778f59916fca64d537db5873ac459cf58305da,2015-04,West Mercia Police,West Mercia Police,-2.453748,52.697967,On or near Church Parade,E01014153,Telford and Wrekin 014D,Violence and sexual offences,Unable to prosecute suspect,
afc6c8374169be442f6f74c7572385844aad7b191ecfcd4bbef18d8819e7af19,2015-04,West Mercia Police,West Mercia Police,-2.453748,52.697967,On or near Church Parade,E01014153,Telford and Wrekin 014D,Violence and sexual offences,Unable to prosecute suspect,
fe070e40a9aef902ab1521ec17415a183397d02ad665247efe7fe57d05a2c12f,2015-04,West Mercia Police,West Mercia Police,-2.455313,52.691947,On or near Holyhead Road,E01014153,Telford and Wrekin 014D,Violence and sexual offences,Unable to prosecute suspect,
0401105aaa7779093ee65cbfeb91f15b40f0d9029c7ab30d7e37a045936e371c,2015-04,West Mercia Police,West Mercia Police,-2.451655,52.697265,On or near Leonard Street,E01014153,Telford and Wrekin 014D,Violence and sexual offences,Offender given a caution,
,2015-04,West Mercia Police,West Mercia Police,-2.476463,52.691244,On or near Riddings Close,E01014154,Telford and Wrekin 014E,Anti-social behaviour,,
,2015-04,West Mercia Police,West Mercia Police,-2.475575,52.692560,On or near The Incline,E01014154,Telford and Wrekin 014E,Anti-social behaviour,,
,2015-04,West Mercia Police,West Mercia Police,-2.470574,52.693964,On or near Castle View,E01014154,Telford and Wrekin 014E,Anti-social behaviour,,
,2015-04,West Mercia Police,West Mercia Police,-2.475575,52.692560,On or near The Incline,E01014154,Telford and Wrekin 014E,Anti-social behaviour,,
,2015-04,West Mercia Police,West Mercia Police,-2.481949,52.696328,On or near Seven Hills Place,E01014154,Telford and Wrekin 014E,Anti-social behaviour,,
f75d53e9f8dbd077f41ec90748f0ac80c2c02fc8d2644be4dd51f4e2608e6e51,2015-04,West Mercia Police,West Mercia Police,-2.475575,52.692560,On or near The Incline,E01014154,Telford and Wrekin 014E,Burglary,Unable to prosecute suspect,
6b0a4420f4ec24c81f6c8f3262f95cfd25e9d97a36266875d07f4a2056a920ff,2015-04,West Mercia Police,West Mercia Police,-2.477385,52.695753,On or near Holyhead Road,E01014154,Telford and Wrekin 014E,Burglary,Defendant found not guilty,
3e7d04b499053246885e70ce3c4874e1cf4e34f08b8b4491818b10c5de3db024,2015-04,West Mercia Police,West Mercia Police,-2.474907,52.691016,On or near Mount Side,E01014154,Telford and Wrekin 014E,Burglary,Investigation complete; no suspect identified,
9bebfe869d3318b81c4d0d021758cd618725daf464004c1517f5bb881b520d7b,2015-04,West Mercia Police,West Mercia Police,-2.470174,52.692519,On or near Shepherd'S Lane,E01014154,Telford and Wrekin 014E,Other theft,Investigation complete; no suspect identified,
,2015-04,West Mercia Police,West Mercia Police,-2.486512,52.696858,On or near Sandbrook,E01014155,Telford and Wrekin 014F,Anti-social behaviour,,
,2015-04,West Mercia Police,West Mercia Police,-2.488275,52.696985,On or near Margaret Court,E01014155,Telford and Wrekin 014F,Anti-social behaviour,,
,2015-04,West Mercia Police,West Mercia Police,-2.489375,52.697484,On or near Western Rise,E01014155,Telford and Wrekin 014F,Anti-social behaviour,,
,2015-04,West Mercia Police,West Mercia Police,-2.486512,52.696858,On or near Sandbrook,E01014155,Telford and Wrekin 014F,Anti-social behaviour,,
9cff1de8d7f7fb6889b3b8224bee4d7ccaabfc7b851c1f251f03b15a92c2742a,2015-04,West Mercia Police,West Mercia Police,-2.478350,52.698734,On or near Broadway,E01014155,Telford and Wrekin 014F,Burglary,Investigation complete; no suspect identified,
e22a4735f6167437e3540c758902ea24d5622499eb69274902baab162df25026,2015-04,West Mercia Police,West Mercia Police,-2.482044,52.691500,On or near Teamore Close,E01014155,Telford and Wrekin 014F,Burglary,Investigation complete; no suspect identified,
933206ee66c5a681b548cfbc71ef6986fbe1510978e6243f4c2f43f63ab39193,2015-04,West Mercia Police,West Mercia Police,-2.488261,52.698424,On or near Sandway,E01014155,Telford and Wrekin 014F,Burglary,Investigation complete; no suspect identified,
63a7d5cc9176f3316db8cf85e1a421a08952b8b0cc1a57fbac877edd8434663f,2015-04,West Mercia Police,West Mercia Police,-2.479243,52.699207,On or near Ivy House Paddocks,E01014155,Telford and Wrekin 014F,Burglary,Investigation complete; no suspect identified,
ee1358b6e7b9eb61c03da62493d10f242df6ed21a27196ed959d7bf0c5745cfa,2015-04,West Mercia Police,West Mercia Police,-2.483545,52.692150,On or near Sinclair Grove,E01014155,Telford and Wrekin 014F,Other theft,Investigation complete; no suspect identified,
b13aed0427816bfe775da8d3daebdc2be9a0521d742a6b1b0b2232f5ddee02da,2015-04,West Mercia Police,West Mercia Police,-2.486512,52.696858,On or near Sandbrook,E01014155,Telford and Wrekin 014F,Other theft,Investigation complete; no suspect identified,
46d56cfdc0a8f6f655b1ca629d66b34dbfb0b5d7f32be02d3586ca3f9a2b72ee,2015-04,West Mercia Police,West Mercia Police,-2.480437,52.692055,On or near Wren'S Nest Lane,E01014155,Telford and Wrekin 014F,Other theft,Offender given conditional discharge,
0b0a968757a05c79bb64f2205a3c663f7d262dbd142639d5f9ca860e0a5c0631,2015-04,West Mercia Police,West Mercia Police,-2.480627,52.693160,On or near Orchard Close,E01014155,Telford and Wrekin 014F,Other theft,Investigation complete; no suspect identified,
82f24b20eb14afd1a908999d678024e7c5c2f395e5c16dd15d7845f4e9522b71,2015-04,West Mercia Police,West Mercia Police,-2.483545,52.692150,On or near Sinclair Grove,E01014155,Telford and Wrekin 014F,Robbery,Investigation complete; no suspect identified,
4d6b2240c2429686083d457dc554325b70321dfd0938df4de0c55a4d538253e4,2015-04,West Mercia Police,West Mercia Police,-2.489375,52.697484,On or near Western Rise,E01014155,Telford and Wrekin 014F,Violence and sexual offences,Investigation complete; no suspect identified,
4d5d5209f0f22d126e31a2f21f3c1683317f0279a6436c46f3285a0c1096b9bf,2015-04,West Mercia Police,West Mercia Police,-2.486512,52.696858,On or near Sandbrook,E01014155,Telford and Wrekin 014F,Violence and sexual offences,Unable to prosecute suspect,
996af8c5d16ee25e06f10f4e3675d13aa3b9e881d1812ba82c63873108eaa008,2015-04,West Mercia Police,West Mercia Police,-2.486512,52.696858,On or near Sandbrook,E01014155,Telford and Wrekin 014F,Violence and sexual offences,Offender given a caution,
3e0a9742d329aaa11e550aefa235d87ca163f4d4f4bfee6285ad2dfb39a9d8ed,2015-04,West Mercia Police,West Mercia Police,-2.486512,52.696858,On or near Sandbrook,E01014155,Telford and Wrekin 014F,Violence and sexual offences,Investigation complete; no suspect identified,
9dad4773e621893aec908163687b28ee0d5bc31ca8a8964d759f1ce24acd01cf,2015-04,West Mercia Police,West Mercia Police,-2.489375,52.697484,On or near Western Rise,E01014155,Telford and Wrekin 014F,Violence and sexual offences,Unable to prosecute suspect,
,2015-04,West Mercia Police,West Mercia Police,-2.414110,52.693681,On or near Highgate Drive,E01014181,Telford and Wrekin 015A,Anti-social behaviour,,
4f15acfd4f8e36d52d423c666a5aebe5ac693f15189414a3df89c4ceddbb9323,2015-04,West Mercia Police,West Mercia Police,-2.413391,52.689692,On or near Finchale Avenue,E01014181,Telford and Wrekin 015A,Criminal damage and arson,Investigation complete; no suspect identified,
a9707602303757adb3ad1bc61d0bc6c2efa3850526063584dcf1db7b0cda898d,2015-04,West Mercia Police,West Mercia Police,-2.410084,52.691996,On or near Eltham Drive,E01014181,Telford and Wrekin 015A,Shoplifting,Offender given penalty notice,
39c88f19cee8a253c128878c17049c4bd6891b918867be3feb04f8dd9dc1f5d8,2015-04,West Mercia Police,West Mercia Police,-2.413412,52.693458,On or near Lambeth Drive,E01014181,Telford and Wrekin 015A,Vehicle crime,Investigation complete; no suspect identified,
e588e9e7a397a6f84e20b8e3700a278b40db64e2b438dffabb31f6d6dfb2cf11,2015-04,West Mercia Police,West Mercia Police,-2.413391,52.689692,On or near Finchale Avenue,E01014181,Telford and Wrekin 015A,Violence and sexual offences,Unable to prosecute suspect,
c37b7498f87eedea8d1a97ac62d067785cd0e8eaee13dd524db63a5a0c1cf035,2015-04,West Mercia Police,West Mercia Police,-2.422880,52.691771,On or near Essex Chase,E01014182,Telford and Wrekin 015B,Drugs,Investigation complete; no suspect identified,
22544e92c75c0824e4c2ee6ac9c01ca68932b053d45d58972dccb79a75e7e9b9,2015-04,West Mercia Police,West Mercia Police,-2.420247,52.685622,On or near Pitchford Drive,E01014182,Telford and Wrekin 015B,Violence and sexual offences,Offender given a caution,
,2015-04,West Mercia Police,West Mercia Police,-2.429089,52.682210,On or near Shifnal Road,E01014183,Telford and Wrekin 015C,Anti-social behaviour,,
,2015-04,West Mercia Police,West Mercia Police,-2.434280,52.685050,On or near St George'S By-Pass,E01014183,Telford and Wrekin 015C,Anti-social behaviour,,
80064e988edb9619bc2e5c921545f0dbafa1bac23d18cd7d7a7809c67e53b309,2015-04,West Mercia Police,West Mercia Police,-2.427330,52.685345,On or near Ferndale Drive,E01014183,Telford and Wrekin 015C,Burglary,Investigation complete; no suspect identified,
bbcb657cc0a9a19e3733900b37ec5ebc0703121f29ac5f44404b00f3202da7f2,2015-04,West Mercia Police,West Mercia Police,-2.436686,52.687478,On or near Snedshill Way,E01014183,Telford and Wrekin 015C,Criminal damage and arson,Unable to prosecute suspect,
f56691e0e9aa03f71a06df505126cdb1a5d7edcc9c7d9ed1dd70e0160c390239,2015-04,West Mercia Police,West Mercia Police,-2.429089,52.682210,On or near Shifnal Road,E01014183,Telford and Wrekin 015C,Criminal damage and arson,Investigation complete; no suspect identified,
f4d1b917a066265274738c4db09c3d9bb59df79a92bd2c273ebee8bfe9cb6688,2015-04,West Mercia Police,West Mercia Police,-2.427330,52.685345,On or near Ferndale Drive,E01014183,Telford and Wrekin 015C,Shoplifting,Investigation complete; no suspect identified,
e86038548338e82485a66ec51756a879bc3fa2191dfd5cc34224ee2cea87f8b9,2015-04,West Mercia Police,West Mercia Police,-2.427330,52.685345,On or near Ferndale Drive,E01014183,Telford and Wrekin 015C,Violence and sexual offences,Investigation complete; no suspect identified,
,2015-04,West Mercia Police,West Mercia Police,-2.430456,52.694863,On or near Church Street,E01014184,Telford and Wrekin 015D,Anti-social behaviour,,
,2015-04,West Mercia Police,West Mercia Police,-2.430208,52.701184,On or near Turbervill Close,E01014184,Telford and Wrekin 015D,Anti-social behaviour,,
,2015-04,West Mercia Police,West Mercia Police,-2.431875,52.703650,On or near Onny Grove,E01014184,Telford and Wrekin 015D,Anti-social behaviour,,
,2015-04,West Mercia Police,West Mercia Police,-2.437550,52.705822,On or near St Georges Road,E01014184,Telford and Wrekin 015D,Anti-social behaviour,,
,2015-04,West Mercia Police,West Mercia Police,-2.431899,52.701600,On or near Houlston Close,E01014184,Telford and Wrekin 015D,Anti-social behaviour,,
,2015-04,West Mercia Police,West Mercia Police,-2.427283,52.697230,On or near Lords Drive,E01014184,Telford and Wrekin 015D,Anti-social behaviour,,
37c7105c4567c079a7ba85b0cc67e765230d0da67051e455efa142281a36aa41,2015-04,West Mercia Police,West Mercia Police,-2.426027,52.695877,On or near Pavilion Grove,E01014184,Telford and Wrekin 015D,Burglary,Investigation complete; no suspect identified,
bbe180898a97c3eeae0a4f49f7700be24e8ab053237c770eeb9d2f05cf05a3ca,2015-04,West Mercia Police,West Mercia Police,-2.432191,52.704161,On or near Sherbourne Close,E01014184,Telford and Wrekin 015D,Burglary,Investigation complete; no suspect identified,
210b580c949a887586a83e6390774a9c9f3ff310680139529bde4209cde4f6ec,2015-04,West Mercia Police,West Mercia Police,-2.433628,52.705882,On or near Frome Way,E01014184,Telford and Wrekin 015D,Criminal damage and arson,Investigation complete; no suspect identified,
62df120b1ccf59cb531f25ba072b1b7d7bb54924ca33d61f265bc80bdce39169,2015-04,West Mercia Police,West Mercia Police,-2.431098,52.701396,On or near Picton Close,E01014184,Telford and Wrekin 015D,Drugs,Offender given a caution,
3d3b079e6ed20f0da1add640dcde75a92cb6c70c6644305f7c071975ad407c06,2015-04,West Mercia Police,West Mercia Police,-2.432191,52.704161,On or near Sherbourne Close,E01014184,Telford and Wrekin 015D,Other theft,Investigation complete; no suspect identified,
679829a9db0b446e92c2fb3017222dae8f6df087722fa414914033e7d3898d0e,2015-04,West Mercia Police,West Mercia Police,-2.429755,52.694290,On or near Park Close,E01014184,Telford and Wrekin 015D,Vehicle crime,Investigation complete; no suspect identified,
446d29ce9e14710e45890dd388ad93171ac06c5a3ae5ad6fb93909c7dc4460ff,2015-04,West Mercia Police,West Mercia Police,-2.427283,52.697230,On or near Lords Drive,E01014184,Telford and Wrekin 015D,Violence and sexual offences,Unable to prosecute suspect,
,2015-04,West Mercia Police,West Mercia Police,-2.487747,52.662934,On or near Farm Lane,E01014146,Telford and Wrekin 016A,Anti-social behaviour,,
,2015-04,West Mercia Police,West Mercia Police,-2.481954,52.661861,On or near Goldney Court,E01014146,Telford and Wrekin 016A,Anti-social behaviour,,
,2015-04,West Mercia Police,West Mercia Police,-2.487100,52.659233,On or near Woodhouse Lane,E01014146,Telford and Wrekin 016A,Anti-social behaviour,,
,2015-04,West Mercia Police,West Mercia Police,-2.487100,52.659233,On or near Woodhouse Lane,E01014146,Telford and Wrekin 016A,Anti-social behaviour,,
,2015-04,West Mercia Police,West Mercia Police,-2.487100,52.659233,On or near Woodhouse Lane,E01014146,Telford and Wrekin 016A,Anti-social behaviour,,
,2015-04,West Mercia Police,West Mercia Police,-2.487100,52.659233,On or near Woodhouse Lane,E01014146,Telford and Wrekin 016A,Anti-social behaviour,,
,2015-04,West Mercia Police,West Mercia Police,-2.487747,52.662934,On or near Farm Lane,E01014146,Telford and Wrekin 016A,Anti-social behaviour,,
11d494f2ef582bcde0e1484c90b59ef65c34a0f9c4863001ea106e8f988ccf86,2015-04,West Mercia Police,West Mercia Police,-2.485948,52.652747,On or near Ellens Bank,E01014146,Telford and Wrekin 016A,Criminal damage and arson,Unable to prosecute suspect,
2dcc4b358334c0b78fc1474c8dd166fe751d8f62784a38a98f87da9d0040ee33,2015-04,West Mercia Police,West Mercia Police,-2.481954,52.661861,On or near Goldney Court,E01014146,Telford and Wrekin 016A,Criminal damage and arson,Unable to prosecute suspect,
143bd5344e7c5db14b1f7864e390c1b724a483e2f2995b4d2bc6fcf2b010e1a8,2015-04,West Mercia Police,West Mercia Police,-2.485276,52.661389,On or near Bridge Road,E01014146,Telford and Wrekin 016A,Other theft,Local resolution,
930cc1d277047b7e02793e76030dafcbb950ddd870f82e7b899859a0f153577a,2015-04,West Mercia Police,West Mercia Police,-2.482304,52.661383,On or near Shire Fields Way,E01014146,Telford and Wrekin 016A,Other theft,Investigation complete; no suspect identified,
bbed692a781efbc90d8913ca74edb7a7da1af88ead3359226609535198a98297,2015-04,West Mercia Police,West Mercia Police,-2.485605,52.660453,On or near Theatre/Concert Hall,E01014146,Telford and Wrekin 016A,Vehicle crime,Investigation complete; no suspect identified,
be356f25951b303a4d6fa0c42cde41d8890092500fdb96641e6cc527202da04c,2015-04,West Mercia Police,West Mercia Police,-2.488154,52.659624,On or near Foresters Close,E01014146,Telford and Wrekin 016A,Violence and sexual offences,Investigation complete; no suspect identified,
,2015-04,West Mercia Police,West Mercia Police,-2.490005,52.671771,On or near Wooley Road,E01014147,Telford and Wrekin 016B,Anti-social behaviour,,
,2015-04,West Mercia Police,West Mercia Police,-2.489618,52.675530,On or near Highfield,E01014147,Telford and Wrekin 016B,Anti-social behaviour,,
,2015-04,West Mercia Police,West Mercia Police,-2.490005,52.671771,On or near Wooley Road,E01014147,Telford and Wrekin 016B,Anti-social behaviour,,
,2015-04,West Mercia Police,West Mercia Police,-2.482818,52.675810,On or near Pedestrian Subway,E01014147,Telford and Wrekin 016B,Anti-social behaviour,,
,2015-04,West Mercia Police,West Mercia Police,-2.490005,52.671771,On or near Wooley Road,E01014147,Telford and Wrekin 016B,Anti-social behaviour,,
,2015-04,West Mercia Police,West Mercia Police,-2.482818,52.675810,On or near Pedestrian Subway,E01014147,Telford and Wrekin 016B,Anti-social behaviour,,
,2015-04,West Mercia Police,West Mercia Police,-2.487685,52.671924,On or near Smallhill Road,E01014147,Telford and Wrekin 016B,Anti-social behaviour,,
,2015-04,West Mercia Police,West Mercia Police,-2.490005,52.671771,On or near Wooley Road,E01014147,Telford and Wrekin 016B,Anti-social behaviour,,
,2015-04,West Mercia Police,West Mercia Police,-2.480069,52.674670,On or near Farriers Green,E01014147,Telford and Wrekin 016B,Anti-social behaviour,,
a70475b2afaeb86bd0197ee9b4e2bd6fda86f7e6ef531a2b97f03e8d168737cb,2015-04,West Mercia Police,West Mercia Police,-2.490005,52.671771,On or near Wooley Road,E01014147,Telford and Wrekin 016B,Criminal damage and arson,Investigation complete; no suspect identified,
38ae8846583c698a22cb8546ddd18b5458a6b8ac5914c2cc6155e032a6ca1564,2015-04,West Mercia Police,West Mercia Police,-2.490005,52.671771,On or near Wooley Road,E01014147,Telford and Wrekin 016B,Criminal damage and arson,Investigation complete; no suspect identified,
40eb95d9d4dbb2c6c181bfd074c9170f87de741b0b0de4fc5788a56a3498a7df,2015-04,West Mercia Police,West Mercia Police,-2.477981,52.669042,On or near Roberts Drive,E01014147,Telford and Wrekin 016B,Drugs,Offender given community sentence,
620e8775f709547ea5bb18f6aa8c9427a798f17896f8e024345289ae361be4cf,2015-04,West Mercia Police,West Mercia Police,-2.490005,52.671771,On or near Wooley Road,E01014147,Telford and Wrekin 016B,Other theft,Investigation complete; no suspect identified,
3a6bdd286d69623d82d000e56f4fdc54446d54f40dc2b8863a902fffd0726213,2015-04,West Mercia Police,West Mercia Police,-2.489618,52.675530,On or near Highfield,E01014147,Telford and Wrekin 016B,Shoplifting,Unable to prosecute suspect,
44a4bc23f5482b93a0025df6607146e0200b01cd16a54e75a0ad2c345c85a87f,2015-04,West Mercia Police,West Mercia Police,-2.488269,52.676552,On or near Glendale,E01014147,Telford and Wrekin 016B,Violence and sexual offences,Unable to prosecute suspect,
972879f6ba309c83cc1910e93ed5239752adbbf83ca3f1eca37c180faa953916,2015-04,West Mercia Police,West Mercia Police,-2.480069,52.674670,On or near Farriers Green,E01014147,Telford and Wrekin 016B,Violence and sexual offences,Unable to prosecute suspect,
f617a8fd59e8a987cea38eb1c071013d50ea7c5afcd4b836c364ca7618c564c9,2015-04,West Mercia Police,West Mercia Police,-2.487685,52.671924,On or near Smallhill Road,E01014147,Telford and Wrekin 016B,Violence and sexual offences,Unable to prosecute suspect,
01c4ed2b195c77c8f61c119a08d113d21806f5332c6916c3ae1cd3066d78fbb1,2015-04,West Mercia Police,West Mercia Police,-2.489618,52.675530,On or near Highfield,E01014147,Telford and Wrekin 016B,Violence and sexual offences,Unable to prosecute suspect,
9675cb67a1e3520fe7d96c3714cc9e7ff83506115e6cde74be63ccdaccac6f2e,2015-04,West Mercia Police,West Mercia Police,-2.478093,52.673869,On or near Huntington Drive,E01014147,Telford and Wrekin 016B,Violence and sexual offences,Unable to prosecute suspect,
b7b36c03da06ede8d83e50d4a9cf78079ba43b7f9acaf500c6e8c5134221e117,2015-04,West Mercia Police,West Mercia Police,-2.489542,52.676717,On or near Village Drive,E01014147,Telford and Wrekin 016B,Violence and sexual offences,Unable to prosecute suspect,
,2015-04,West Mercia Police,West Mercia Police,-2.474688,52.685848,On or near Valley Road,E01014156,Telford and Wrekin 016C,Anti-social behaviour,,
,2015-04,West Mercia Police,West Mercia Police,-2.476985,52.684832,On or near Charlecote Park,E01014156,Telford and Wrekin 016C,Anti-social behaviour,,
,2015-04,West Mercia Police,West Mercia Police,-2.476695,52.683970,On or near Marlborough Way,E01014156,Telford and Wrekin 016C,Anti-social behaviour,,
,2015-04,West Mercia Police,West Mercia Police,-2.472513,52.687115,On or near Grove Road,E01014156,Telford and Wrekin 016C,Anti-social behaviour,,
,2015-04,West Mercia Police,West Mercia Police,-2.472351,52.684473,On or near Cedar Close,E01014156,Telford and Wrekin 016C,Anti-social behaviour,,
,2015-04,West Mercia Police,West Mercia Police,-2.474988,52.687528,On or near Ercall View,E01014156,Telford and Wrekin 016C,Anti-social behaviour,,
56c10f6109609e29f22fc20f478455157e7262bb62c7210c4251930ba46059be,2015-04,West Mercia Police,West Mercia Police,-2.476396,52.679647,On or near Churchward Drive,E01014156,Telford and Wrekin 016C,Burglary,Court result unavailable,
f8d98c315977b981086c85c17272972c31d2a8eb14050f1e04d418424d14e036,2015-04,West Mercia Police,West Mercia Police,-2.472166,52.682406,On or near Minchers Rise,E01014156,Telford and Wrekin 016C,Burglary,Defendant found not guilty,
fe06ef7f4a174eca3098ef8a662639efc82b77f8a206f175f34ad97bfd37c59b,2015-04,West Mercia Police,West Mercia Police,-2.472351,52.684473,On or near Cedar Close,E01014156,Telford and Wrekin 016C,Criminal damage and arson,Investigation complete; no suspect identified,
fd57b55fec46a87e694fcdeaa920a491d5bf806ce67044045c7808e880f9a33c,2015-04,West Mercia Police,West Mercia Police,-2.476985,52.684832,On or near Charlecote Park,E01014156,Telford and Wrekin 016C,Drugs,Offender fined,
00d098adb36c9b63af8e371540ba07d9c950c64a1787f953a5e0c856e252ead4,2015-04,West Mercia Police,West Mercia Police,-2.476695,52.683970,On or near Marlborough Way,E01014156,Telford and Wrekin 016C,Other theft,Investigation complete; no suspect identified,
b5a1fc0f38ff399652677876b6e9495b0950c3777e4d7da217799041a2cc76a9,2015-04,West Mercia Police,West Mercia Police,-2.476985,52.684832,On or near Charlecote Park,E01014156,Telford and Wrekin 016C,Vehicle crime,Investigation complete; no suspect identified,
959290f3217ebcd22f7719f6bfc0d4869eec65e0d67dafb8a5506299ebbda249,2015-04,West Mercia Police,West Mercia Police,-2.477817,52.683768,On or near Bowland Close,E01014156,Telford and Wrekin 016C,Vehicle crime,Investigation complete; no suspect identified,
0a75ccf646e859eda6e0e16698e5634b3ea5e382f411b94424af78c94d9cf804,2015-04,West Mercia Police,West Mercia Police,-2.471184,52.676414,On or near Nelsons Walk,E01014156,Telford and Wrekin 016C,Violence and sexual offences,Unable to prosecute suspect,
6048216dfb1e668d969674b9a51f0ad97a34dc22327b37ac04edc7948620e71b,2015-04,West Mercia Police,West Mercia Police,-2.472351,52.684473,On or near Cedar Close,E01014156,Telford and Wrekin 016C,Violence and sexual offences,Unable to prosecute suspect,
,2015-04,West Mercia Police,West Mercia Police,-2.445577,52.675839,On or near Shopping Area,E01014157,Telford and Wrekin 016D,Anti-social behaviour,,
,2015-04,West Mercia Police,West Mercia Police,-2.445577,52.675839,On or near Shopping Area,E01014157,Telford and Wrekin 016D,Anti-social behaviour,,
,2015-04,West Mercia Police,West Mercia Police,-2.446143,52.677671,On or near Supermarket,E01014157,Telford and Wrekin 016D,Anti-social behaviour,,
,2015-04,West Mercia Police,West Mercia Police,-2.445577,52.675839,On or near Shopping Area,E01014157,Telford and Wrekin 016D,Anti-social behaviour,,
,2015-04,West Mercia Police,West Mercia Police,-2.450897,52.676888,On or near Parking Area,E01014157,Telford and Wrekin 016D,Anti-social behaviour,,
,2015-04,West Mercia Police,West Mercia Police,-2.450897,52.676888,On or near Parking Area,E01014157,Telford and Wrekin 016D,Anti-social behaviour,,
,2015-04,West Mercia Police,West Mercia Police,-2.440355,52.680155,On or near A442,E01014157,Telford and Wrekin 016D,Anti-social behaviour,,
,2015-04,West Mercia Police,West Mercia Police,-2.470195,52.686208,On or near Mannerley Lane,E01014157,Telford and Wrekin 016D,Anti-social behaviour,,
,2015-04,West Mercia Police,West Mercia Police,-2.446143,52.677671,On or near Supermarket,E01014157,Telford and Wrekin 016D,Anti-social behaviour,,
,2015-04,West Mercia Police,West Mercia Police,-2.443648,52.679658,On or near Ironmasters Way,E01014157,Telford and Wrekin 016D,Anti-social behaviour,,
,2015-04,West Mercia Police,West Mercia Police,-2.469341,52.679711,On or near Lower Wood,E01014157,Telford and Wrekin 016D,Anti-social behaviour,,
,2015-04,West Mercia Police,West Mercia Police,-2.446143,52.677671,On or near Supermarket,E01014157,Telford and Wrekin 016D,Anti-social behaviour,,
,2015-04,West Mercia Police,West Mercia Police,-2.452767,52.681745,On or near Shopping Area,E01014157,Telford and Wrekin 016D,Anti-social behaviour,,
,2015-04,West Mercia Police,West Mercia Police,-2.443648,52.679658,On or near Ironmasters Way,E01014157,Telford and Wrekin 016D,Anti-social behaviour,,
,2015-04,West Mercia Police,West Mercia Police,-2.438539,52.680549,On or near Euston Way,E01014157,Telford and Wrekin 016D,Anti-social behaviour,,
,2015-04,West Mercia Police,West Mercia Police,-2.446143,52.677671,On or near Supermarket,E01014157,Telford and Wrekin 016D,Anti-social behaviour,,
,2015-04,West Mercia Police,West Mercia Police,-2.446143,52.677671,On or near Supermarket,E01014157,Telford and Wrekin 016D,Anti-social behaviour,,
830c5169426651c539ece6c6cc94a0a48a12768cbcceffccc225c2691b57e8c5,2015-04,West Mercia Police,West Mercia Police,-2.448848,52.677525,On or near Parking Area,E01014157,Telford and Wrekin 016D,Bicycle theft,Investigation complete; no suspect identified,
068a072aca09333b64d8a6a92d535eec641361226ec137f2a6588d949f367580,2015-04,West Mercia Police,West Mercia Police,-2.445577,52.675839,On or near Shopping Area,E01014157,Telford and Wrekin 016D,Bicycle theft,Investigation complete; no suspect identified,
437682b8e7cc16645e801f659959f144822f6417aa1299f0e1a3e92a2d8845f7,2015-04,West Mercia Police,West Mercia Police,-2.450643,52.679523,On or near Parking Area,E01014157,Telford and Wrekin 016D,Criminal damage and arson,Investigation complete; no suspect identified,
4d7ef27bfe0e4b854d96d6b4c4f524e0d71afd4a1ee0627314bf90b1f9fc1502,2015-04,West Mercia Police,West Mercia Police,-2.445911,52.675226,On or near Park/Open Space,E01014157,Telford and Wrekin 016D,Criminal damage and arson,Investigation complete; no suspect identified,
f08baf42df39b0c07ca716854411ee0cd5e30bba43629b5d23a38389161a636c,2015-04,West Mercia Police,West Mercia Police,-2.450897,52.676888,On or near Parking Area,E01014157,Telford and Wrekin 016D,Criminal damage and arson,Investigation complete; no suspect identified,
6edac9486022e4e2f721035be606a5239c4c4c25346d4a4cabaa1fb917b40f01,2015-04,West Mercia Police,West Mercia Police,-2.445911,52.675226,On or near Park/Open Space,E01014157,Telford and Wrekin 016D,Criminal damage and arson,Offender given conditional discharge,
a23a551c2798ea7c71d21c861e27e3ba014a5191b33c506e3c38ad11bcef7cfc,2015-04,West Mercia Police,West Mercia Police,-2.445911,52.675226,On or near Park/Open Space,E01014157,Telford and Wrekin 016D,Drugs,Offender given a caution,
9b83997ed7201e34f966cec7e253e0a9883276e75d6186b5a0b632e2830c9680,2015-04,West Mercia Police,West Mercia Police,-2.455299,52.683470,On or near Petrol Station,E01014157,Telford and Wrekin 016D,Other theft,Investigation complete; no suspect identified,
2f6232bd9850b7e2e834476ac95ad2af760fccb6f0877a28ffdbbb2a3e35497d,2015-04,West Mercia Police,West Mercia Police,-2.446783,52.676616,On or near Shopping Area,E01014157,Telford and Wrekin 016D,Other theft,Investigation complete; no suspect identified,
687d0ff70c3cde0247bfe36a0f6dcf38121b0fe3c4301d0d7e534737b16597b4,2015-04,West Mercia Police,West Mercia Police,-2.455299,52.683470,On or near Petrol Station,E01014157,Telford and Wrekin 016D,Other theft,Investigation complete; no suspect identified,
8df9505c66c491af5a2c3880ca080101ce1e269325b2d8d052e6f4c094f0d038,2015-04,West Mercia Police,West Mercia Police,-2.445577,52.675839,On or near Shopping Area,E01014157,Telford and Wrekin 016D,Other theft,Investigation complete; no suspect identified,
e04299d0f131a30c026e395c0d74627effc5cec1cbbcdbacc18123025af1b667,2015-04,West Mercia Police,West Mercia Police,-2.450086,52.678555,On or near Parking Area,E01014157,Telford and Wrekin 016D,Other theft,Investigation complete; no suspect identified,
9c05fe0f1dfee323eca83a28c51dbf2917b8149f2d829b1d6ffc2960fda7dbef,2015-04,West Mercia Police,West Mercia Police,-2.445577,52.675839,On or near Shopping Area,E01014157,Telford and Wrekin 016D,Other theft,Investigation complete; no suspect identified,
dba4e857bffdeb02600477d9a62d1bfeced0fc3bd48a79f537bb146a39e52d2b,2015-04,West Mercia Police,West Mercia Police,-2.443648,52.679658,On or near Ironmasters Way,E01014157,Telford and Wrekin 016D,Other theft,Investigation complete; no suspect identified,
53a7fe4d7d2a8724f7de518b09b7049a648bea2c6d825d484cec3cb52f45aa44,2015-04,West Mercia Police,West Mercia Police,-2.452767,52.681745,On or near Shopping Area,E01014157,Telford and Wrekin 016D,Other theft,Investigation complete; no suspect identified,
27ec3a08cabca4bc07af84bf0d6aad14d4d97023466e98563435999aa3f47c02,2015-04,West Mercia Police,West Mercia Police,-2.445577,52.675839,On or near Shopping Area,E01014157,Telford and Wrekin 016D,Robbery,Unable to prosecute suspect,
e0cb5941d77cbc5645ad982201dcc2049fff49b0055c88d8eafecf3d2cd7d55d,2015-04,West Mercia Police,West Mercia Police,-2.446783,52.676616,On or near Shopping Area,E01014157,Telford and Wrekin 016D,Shoplifting,Local resolution,
977e1f039991bac544ee663187b9024f0122378bd67c70b8318c337e099a5f94,2015-04,West Mercia Police,West Mercia Police,-2.445577,52.675839,On or near Shopping Area,E01014157,Telford and Wrekin 016D,Shoplifting,Offender given a caution,
a79f604d26ac713bbaf511c62f44e27751defb53eb1ee310a13b6ec40e3157bf,2015-04,West Mercia Police,West Mercia Police,-2.446783,52.676616,On or near Shopping Area,E01014157,Telford and Wrekin 016D,Shoplifting,Local resolution,
c37557043057d3c133f9f96974cce6b8bc28c26fba2457ff06f4f9f9de901f1b,2015-04,West Mercia Police,West Mercia Police,-2.445911,52.675226,On or near Park/Open Space,E01014157,Telford and Wrekin 016D,Shoplifting,Local resolution,
11cb82638a7ccff6ab0750ee1d60bb63e969dd54505f27e1305ee0ebb0f258e3,2015-04,West Mercia Police,West Mercia Police,-2.449044,52.676428,On or near Parking Area,E01014157,Telford and Wrekin 016D,Shoplifting,Unable to prosecute suspect,
5fc017b64c8657e13e1fa1ff3a3c73b82517d58d1c1bd21b298b2842e88d57ca,2015-04,West Mercia Police,West Mercia Police,-2.449044,52.676428,On or near Parking Area,E01014157,Telford and Wrekin 016D,Shoplifting,Investigation complete; no suspect identified,
a1534bc32ceef368a24fde7b6fe3ee9cbc34c76eab2d5b9a642d00bd9fef7e42,2015-04,West Mercia Police,West Mercia Police,-2.446783,52.676616,On or near Shopping Area,E01014157,Telford and Wrekin 016D,Shoplifting,Local resolution,
7753b05aee9acf88401b9c8a26f0db02a51a8882b8701772a8ba2938ce325899,2015-04,West Mercia Police,West Mercia Police,-2.445577,52.675839,On or near Shopping Area,E01014157,Telford and Wrekin 016D,Shoplifting,Court result unavailable,
4a5802d08c31af964881ce5f5ea8ca1b3af86a0a97b4d995a2fac696b4237dbe,2015-04,West Mercia Police,West Mercia Police,-2.446783,52.676616,On or near Shopping Area,E01014157,Telford and Wrekin 016D,Shoplifting,Local resolution,
80b0c26dbb72170562155661e397d19a90d8330eb19b35ac86915fe5f9746883,2015-04,West Mercia Police,West Mercia Police,-2.446783,52.676616,On or near Shopping Area,E01014157,Telford and Wrekin 016D,Shoplifting,Offender given a caution,
f64069c91a9b619de2aacfbcfc041875960845e7b565586b5217543344104d50,2015-04,West Mercia Police,West Mercia Police,-2.446783,52.676616,On or near Shopping Area,E01014157,Telford and Wrekin 016D,Shoplifting,Offender given penalty notice,
d7ca99ffcf0182312b847179d633244f3b820d2d45eb530614fa5912915fe81a,2015-04,West Mercia Police,West Mercia Police,-2.446143,52.677671,On or near Supermarket,E01014157,Telford and Wrekin 016D,Shoplifting,Local resolution,
16b7c88bf3fd5841b4786aca7d001aafba1614d4307f213b901b059a1b641569,2015-04,West Mercia Police,West Mercia Police,-2.446783,52.676616,On or near Shopping Area,E01014157,Telford and Wrekin 016D,Shoplifting,Unable to prosecute suspect,
0791128551088db62fbd88fcf42ed0b7ec871b4f36cef420ff37f34c18af65d6,2015-04,West Mercia Police,West Mercia Police,-2.446783,52.676616,On or near Shopping Area,E01014157,Telford and Wrekin 016D,Shoplifting,Offender given a caution,
2fd1b7de22f59af9a1052ac307a61189f8bd5c010e2f3885fd321ed82f3bc0c6,2015-04,West Mercia Police,West Mercia Police,-2.445577,52.675839,On or near Shopping Area,E01014157,Telford and Wrekin 016D,Shoplifting,Local resolution,
903b8d360ec45faaabbe2e80a3f7c0ff9dfaca41dd881defe346597552e1d4cb,2015-04,West Mercia Police,West Mercia Police,-2.448848,52.677525,On or near Parking Area,E01014157,Telford and Wrekin 016D,Shoplifting,Court result unavailable,
78fbd4f5ff3ee748e9feb234034a4bb287957874531dc10c23503d235200bdd9,2015-04,West Mercia Police,West Mercia Police,-2.446783,52.676616,On or near Shopping Area,E01014157,Telford and Wrekin 016D,Shoplifting,Local resolution,
0cfe51a383e6d785ae3fd861b61b2c723e6b9ab0d25fe1e5b7147d588493b2b6,2015-04,West Mercia Police,West Mercia Police,-2.446783,52.676616,On or near Shopping Area,E01014157,Telford and Wrekin 016D,Shoplifting,Local resolution,
c1ddab2ae4ebc9bd73e2053cd003dd9f4fe1d525bda687377bda16ce63885589,2015-04,West Mercia Police,West Mercia Police,-2.445577,52.675839,On or near Shopping Area,E01014157,Telford and Wrekin 016D,Shoplifting,Offender given community sentence,
4edb969b6d9f445951cced32d19b61ce9cb921c36fd89ca9ff0f56e582bce416,2015-04,West Mercia Police,West Mercia Police,-2.449044,52.676428,On or near Parking Area,E01014157,Telford and Wrekin 016D,Shoplifting,Investigation complete; no suspect identified,
3e9be427cf7fe949642d67efe252df37bac7bfe4843e0fd0b99544b276a9cd2e,2015-04,West Mercia Police,West Mercia Police,-2.455036,52.682338,On or near Parking Area,E01014157,Telford and Wrekin 016D,Shoplifting,Offender given penalty notice,
a4b2eaa11f0ba43e07996397104e9d4228d524a3f0391240e62390ffab6b8625,2015-04,West Mercia Police,West Mercia Police,-2.446783,52.676616,On or near Shopping Area,E01014157,Telford and Wrekin 016D,Shoplifting,Offender given conditional discharge,
5cd66fd01dea08d2c11563e9677ff54babe301620fe774f60526024e04745025,2015-04,West Mercia Police,West Mercia Police,-2.446783,52.676616,On or near Shopping Area,E01014157,Telford and Wrekin 016D,Shoplifting,Local resolution,
8062bbc6ab273f015ba5af47e86b7897fb35bb1e3e19e27d53d31ae9f00e2dbb,2015-04,West Mercia Police,West Mercia Police,-2.452767,52.681745,On or near Shopping Area,E01014157,Telford and Wrekin 016D,Shoplifting,Investigation complete; no suspect identified,
0c3c252f9072749235d61fdc7f94f2432d94d37e22fa029bd268ae518a71afa4,2015-04,West Mercia Police,West Mercia Police,-2.446143,52.677671,On or near Supermarket,E01014157,Telford and Wrekin 016D,Shoplifting,Local resolution,
6ca26d4374469077dc869a78de1141141ac342cae76e32eb3405deb8e57362a6,2015-04,West Mercia Police,West Mercia Police,-2.455036,52.682338,On or near Parking Area,E01014157,Telford and Wrekin 016D,Shoplifting,Offender sent to prison,
c40bc155743283fb273a815bb34aa365f86b2104c58055d8d586f91c4447dee4,2015-04,West Mercia Police,West Mercia Police,-2.446143,52.677671,On or near Supermarket,E01014157,Telford and Wrekin 016D,Shoplifting,Investigation complete; no suspect identified,
ef64057c7bbf0f0738e2bf6457f8e9fa4db2c89a5c85e87fc8f13b9d7f102e03,2015-04,West Mercia Police,West Mercia Police,-2.446783,52.676616,On or near Shopping Area,E01014157,Telford and Wrekin 016D,Shoplifting,Local resolution,
51ab11e5135c11b54eadb27311a4720c02eeea8aa3a6f3d9c9c954eca7e55e86,2015-04,West Mercia Police,West Mercia Police,-2.445577,52.675839,On or near Shopping Area,E01014157,Telford and Wrekin 016D,Shoplifting,Unable to prosecute suspect,
7ec11e9360fdcd97c5244ce78ae6cdca9b09d609aad445555655b9e3dd6da008,2015-04,West Mercia Police,West Mercia Police,-2.446143,52.677671,On or near Supermarket,E01014157,Telford and Wrekin 016D,Shoplifting,Unable to prosecute suspect,
b7d1086cce916ddd9a05ebe38b8d0336fc2e03aa35ad32dd36d2095d2e1d0127,2015-04,West Mercia Police,West Mercia Police,-2.449044,52.676428,On or near Parking Area,E01014157,Telford and Wrekin 016D,Shoplifting,Investigation complete; no suspect identified,
1eb1c98fe252322952d59eb05d3c79233d26d3f7a23d8de904e2665df8b441ef,2015-04,West Mercia Police,West Mercia Police,-2.446783,52.676616,On or near Shopping Area,E01014157,Telford and Wrekin 016D,Shoplifting,Local resolution,
5ea37fc743db4130f8cb2447c31e9d20edc18be544ea9c9b50e66332d239d001,2015-04,West Mercia Police,West Mercia Police,-2.449044,52.676428,On or near Parking Area,E01014157,Telford and Wrekin 016D,Theft from the person,Investigation complete; no suspect identified,
c1d1c5563a0edd4138c0bf988fe1e05a34d0dbb6b7122fc62b21a59289016ef9,2015-04,West Mercia Police,West Mercia Police,-2.470195,52.686208,On or near Mannerley Lane,E01014157,Telford and Wrekin 016D,Violence and sexual offences,Unable to prosecute suspect,
4652260a7f5a4b29826cca7254b074e7b7f9005c7cf17d9c1654467c13adbb09,2015-04,West Mercia Police,West Mercia Police,-2.443648,52.679658,On or near Ironmasters Way,E01014157,Telford and Wrekin 016D,Violence and sexual offences,Unable to prosecute suspect,
89084f51c97b2d16f6b60d21aa725f92e6375c3bcac017310c2ecd80654a2ae4,2015-04,West Mercia Police,West Mercia Police,-2.446783,52.676616,On or near Shopping Area,E01014157,Telford and Wrekin 016D,Violence and sexual offences,Unable to prosecute suspect,
59cb1e86ad852ebecb4bfaf3949b3b70a2d62a34746df2a7f78898f478147bee,2015-04,West Mercia Police,West Mercia Police,-2.445911,52.675226,On or near Park/Open Space,E01014157,Telford and Wrekin 016D,Violence and sexual offences,Unable to prosecute suspect,
354f6785843b22d8954d9cd6314c337a104dd0dff287b50943f9255c6d750b60,2015-04,West Mercia Police,West Mercia Police,-2.446783,52.676616,On or near Shopping Area,E01014157,Telford and Wrekin 016D,Violence and sexual offences,Unable to prosecute suspect,
336ccca27ffa609d6605d515e8d368b4f41db11ad5ec37cb3fb4919f0c72ce07,2015-04,West Mercia Police,West Mercia Police,-2.445577,52.675839,On or near Shopping Area,E01014157,Telford and Wrekin 016D,Violence and sexual offences,Local resolution,
285edbf891660f4e611958732230af46f610d556ba44ca785dabb766b918d7e7,2015-04,West Mercia Police,West Mercia Police,-2.451486,52.678055,On or near Park/Open Space,E01014157,Telford and Wrekin 016D,Other crime,Unable to prosecute suspect,
,2015-04,West Mercia Police,West Mercia Police,-2.472021,52.674460,On or near Princes End,E01014158,Telford and Wrekin 016E,Anti-social behaviour,,
,2015-04,West Mercia Police,West Mercia Police,-2.473122,52.673646,On or near Avondale,E01014158,Telford and Wrekin 016E,Anti-social behaviour,,
,2015-04,West Mercia Police,West Mercia Police,-2.456458,52.681119,On or near Shopping Area,E01014158,Telford and Wrekin 016E,Anti-social behaviour,,
,2015-04,West Mercia Police,West Mercia Police,-2.456458,52.681119,On or near Shopping Area,E01014158,Telford and Wrekin 016E,Anti-social behaviour,,
,2015-04,West Mercia Police,West Mercia Police,-2.472021,52.674460,On or near Princes End,E01014158,Telford and Wrekin 016E,Anti-social behaviour,,
,2015-04,West Mercia Police,West Mercia Police,-2.469575,52.676645,On or near St Aubin Drive,E01014158,Telford and Wrekin 016E,Anti-social behaviour,,
,2015-04,West Mercia Police,West Mercia Police,-2.470411,52.673253,On or near Shepherds Fold,E01014158,Telford and Wrekin 016E,Anti-social behaviour,,
,2015-04,West Mercia Police,West Mercia Police,-2.472021,52.674460,On or near Princes End,E01014158,Telford and Wrekin 016E,Anti-social behaviour,,
,2015-04,West Mercia Police,West Mercia Police,-2.473122,52.673646,On or near Avondale,E01014158,Telford and Wrekin 016E,Anti-social behaviour,,
302d90bf21e92d370b811f7fa28a5cf610ab3da11206cea299ed22e66dec05c0,2015-04,West Mercia Police,West Mercia Police,-2.456458,52.681119,On or near Shopping Area,E01014158,Telford and Wrekin 016E,Other theft,Investigation complete; no suspect identified,
fa1a49acccbd9a14c80ddbbc61a23cf96247eece4352932932a5af56c5567f9a,2015-04,West Mercia Police,West Mercia Police,-2.451881,52.679105,On or near Hall Roundabout,E01014158,Telford and Wrekin 016E,Shoplifting,Investigation complete; no suspect identified,
51c3c23f93598e42034dcb7816ccc0ac361f708f7a622d949792b929dcd898ba,2015-04,West Mercia Police,West Mercia Police,-2.451881,52.679105,On or near Hall Roundabout,E01014158,Telford and Wrekin 016E,Shoplifting,Offender given a caution,
0dac168143ee9c9ec32240b4326263c4e1f0678489f78fb58f13d34bfbee2d51,2015-04,West Mercia Police,West Mercia Police,-2.454360,52.679932,On or near Shopping Area,E01014158,Telford and Wrekin 016E,Shoplifting,Offender sent to prison,
67ad9a645d6347d634e2b9ac0b82956c28f950fc664343c414f0d9ca9c3acf68,2015-04,West Mercia Police,West Mercia Police,-2.454360,52.679932,On or near Shopping Area,E01014158,Telford and Wrekin 016E,Shoplifting,Offender given community sentence,
73a6dfe6f7a69c38ab7ae623f3a96bbb3fb9a52f25bfd58f68bd3a1b087cbae3,2015-04,West Mercia Police,West Mercia Police,-2.454360,52.679932,On or near Shopping Area,E01014158,Telford and Wrekin 016E,Shoplifting,Offender sent to prison,
37acaf5846727ed2d53ab941594bf399121536576ee791d5058d70486c6bf4b2,2015-04,West Mercia Police,West Mercia Police,-2.454360,52.679932,On or near Shopping Area,E01014158,Telford and Wrekin 016E,Shoplifting,Offender sent to prison,
d3793b921afe335142746667b59998c3afed1bb02f0d7abe150cfbd61bbb3832,2015-04,West Mercia Police,West Mercia Police,-2.454360,52.679932,On or near Shopping Area,E01014158,Telford and Wrekin 016E,Shoplifting,Offender sent to prison,
c6e2de8af4961d758ef14cd681a7889a78d02ac0c049e47b01be46cee3603ca4,2015-04,West Mercia Police,West Mercia Police,-2.467032,52.679541,On or near Rockall Way,E01014158,Telford and Wrekin 016E,Vehicle crime,Investigation complete; no suspect identified,
b7ee25bcc2cf3a4efed2a5f526c7160e08192fb6209de9ac57ed32d08b94c886,2015-04,West Mercia Police,West Mercia Police,-2.467820,52.672966,On or near Bank Road,E01014158,Telford and Wrekin 016E,Vehicle crime,Unable to prosecute suspect,
1188674513f39b44a59201e99ddaea9d8e4dca4ac88fd288296633c6e1b9fc4f,2015-04,West Mercia Police,West Mercia Police,-2.464525,52.683012,On or near Portobello Close,E01014158,Telford and Wrekin 016E,Violence and sexual offences,Unable to prosecute suspect,
8f6ebdbaa975a3b17fbe2be2fe02a8b7841c822394581d69da7858265bc73583,2015-04,West Mercia Police,West Mercia Police,-2.467032,52.679541,On or near Rockall Way,E01014158,Telford and Wrekin 016E,Violence and sexual offences,Awaiting court outcome,
edfe8c057df807a58915e913dd1b35d2449cbc2233675f65a2716af37cc26666,2015-04,West Mercia Police,West Mercia Police,-2.456458,52.681119,On or near Shopping Area,E01014158,Telford and Wrekin 016E,Other crime,Unable to prosecute suspect,
,2015-04,West Mercia Police,West Mercia Police,-2.468038,52.664362,On or near Meadow Road,E01014124,Telford and Wrekin 017A,Anti-social behaviour,,
,2015-04,West Mercia Police,West Mercia Police,-2.467239,52.665678,On or near Attwood Terrace,E01014124,Telford and Wrekin 017A,Anti-social behaviour,,
,2015-04,West Mercia Police,West Mercia Police,-2.469556,52.665219,On or near Pedestrian Subway,E01014124,Telford and Wrekin 017A,Anti-social behaviour,,
,2015-04,West Mercia Police,West Mercia Police,-2.468038,52.664362,On or near Meadow Road,E01014124,Telford and Wrekin 017A,Anti-social behaviour,,
,2015-04,West Mercia Police,West Mercia Police,-2.468744,52.664009,On or near Supermarket,E01014124,Telford and Wrekin 017A,Anti-social behaviour,,
,2015-04,West Mercia Police,West Mercia Police,-2.467239,52.665678,On or near Attwood Terrace,E01014124,Telford and Wrekin 017A,Anti-social behaviour,,
,2015-04,West Mercia Police,West Mercia Police,-2.470992,52.665375,On or near Burton Close,E01014124,Telford and Wrekin 017A,Anti-social behaviour,,
ed3e6527a38211f7189a8eeb932d258722866b7d6f5fa6a208a5aa96b434be12,2015-04,West Mercia Police,West Mercia Police,-2.469556,52.665219,On or near Pedestrian Subway,E01014124,Telford and Wrekin 017A,Criminal damage and arson,Investigation complete; no suspect identified,
2d49cab8ae6ec4b7c71221835184ab227c16e38579e67e5967401b149e1e6fd2,2015-04,West Mercia Police,West Mercia Police,-2.469556,52.665219,On or near Pedestrian Subway,E01014124,Telford and Wrekin 017A,Criminal damage and arson,Investigation complete; no suspect identified,
9a0304b161a10d19f2194941372da913711e715e630b3d4fa5bbf276a28df5ca,2015-04,West Mercia Police,West Mercia Police,-2.469823,52.665290,On or near Captain Webb Drive,E01014124,Telford and Wrekin 017A,Criminal damage and arson,Investigation complete; no suspect identified,
831f314c7bf6fe414774e8c343dc21139ea615f6c9cb4b11a7a0d78d4b723f1d,2015-04,West Mercia Police,West Mercia Police,-2.467239,52.665678,On or near Attwood Terrace,E01014124,Telford and Wrekin 017A,Other theft,Investigation complete; no suspect identified,
3b99c3e466c1c465435cdb6e4f49c30defd205112204d5df2f4056417c8839bf,2015-04,West Mercia Police,West Mercia Police,-2.480252,52.667064,On or near Fence Road,E01014124,Telford and Wrekin 017A,Other theft,Investigation complete; no suspect identified,
0a7d461351e4b17cd50bd1994c0cbf2c4c1d17ce8f4ce636c29b23b9a9b7bfd9,2015-04,West Mercia Police,West Mercia Police,-2.467372,52.664275,On or near Parking Area,E01014124,Telford and Wrekin 017A,Other theft,Unable to prosecute suspect,
41b92417eafbbaf7a88e23d28f25c4927d8c880f455d852a5d953e985066ce6c,2015-04,West Mercia Police,West Mercia Police,-2.480252,52.667064,On or near Fence Road,E01014124,Telford and Wrekin 017A,Other theft,Investigation complete; no suspect identified,
55ff69105f1a13bd5b38bbc5725566e2952c93bddb0167888940439357087612,2015-04,West Mercia Police,West Mercia Police,-2.470992,52.665375,On or near Burton Close,E01014124,Telford and Wrekin 017A,Public order,Investigation complete; no suspect identified,
a5e383642dec781ca918b533ff7606cb9ba62aa37acae54fe10a0167a63e4fc9,2015-04,West Mercia Police,West Mercia Police,-2.468744,52.664009,On or near Supermarket,E01014124,Telford and Wrekin 017A,Shoplifting,Investigation complete; no suspect identified,
cd66b9b44dcdb46812928043a869299dc4eac0685aeefbe7d20ff9b1d43c1abd,2015-04,West Mercia Police,West Mercia Police,-2.468744,52.664009,On or near Supermarket,E01014124,Telford and Wrekin 017A,Shoplifting,Unable to prosecute suspect,
a41832b4e30bf9879bb1425ecfc5e3d7fe66532720eb0fe166f61b8063092fe6,2015-04,West Mercia Police,West Mercia Police,-2.468744,52.664009,On or near Supermarket,E01014124,Telford and Wrekin 017A,Shoplifting,Unable to prosecute suspect,
9946b19bf59c979143afc5957e0f9c38590f33aff76f1e702d5422f055ab2039,2015-04,West Mercia Police,West Mercia Police,-2.468744,52.664009,On or near Supermarket,E01014124,Telford and Wrekin 017A,Violence and sexual offences,Offender given a caution,
586b31169d04736eca3400a162a3153feafdd03b16c43e1762a5f295655cba31,2015-04,West Mercia Police,West Mercia Police,-2.468744,52.664009,On or near Supermarket,E01014124,Telford and Wrekin 017A,Violence and sexual offences,Unable to prosecute suspect,
d14e639b23b0d20abdac1215ae1f6bd01527673e4118c09ba6f5b6a00bbf5040,2015-04,West Mercia Police,West Mercia Police,-2.467239,52.665678,On or near Attwood Terrace,E01014124,Telford and Wrekin 017A,Violence and sexual offences,Offender given suspended prison sentence,
d13d44077f3f53c221af6b3bcf67b6f273a2a3fb437794af2b6ad840fd3dd9c0,2015-04,West Mercia Police,West Mercia Police,-2.474309,52.668544,On or near Willetts Way,E01014124,Telford and Wrekin 017A,Violence and sexual offences,Unable to prosecute suspect,
6277d9577b0520646784946c5d51ec755bf74914b9c94a6279c80625d288aaaf,2015-04,West Mercia Police,West Mercia Police,-2.468744,52.664009,On or near Supermarket,E01014124,Telford and Wrekin 017A,Violence and sexual offences,Unable to prosecute suspect,
e8260fa9cc5d073b7cc760e3d7f2fd3db0a2b84286060bb105ce1b9f95a87e81,2015-04,West Mercia Police,West Mercia Police,-2.473477,52.669582,On or near Old Office Road,E01014124,Telford and Wrekin 017A,Violence and sexual offences,Unable to prosecute suspect,
2b544dc262b1bdabe40cf563e38a664898d489f2bedabffdd024afe29eb60ebc,2015-04,West Mercia Police,West Mercia Police,-2.474309,52.668544,On or near Willetts Way,E01014124,Telford and Wrekin 017A,Violence and sexual offences,Court result unavailable,
f2553b0284c5612acdcf93ad12b7c48f32b474c1981e7feb4cb15b5c49c43293,2015-04,West Mercia Police,West Mercia Police,-2.468744,52.664009,On or near Supermarket,E01014124,Telford and Wrekin 017A,Violence and sexual offences,Investigation complete; no suspect identified,
,2015-04,West Mercia Police,West Mercia Police,-2.453281,52.671441,On or near Lawnswood,E01014163,Telford and Wrekin 017B,Anti-social behaviour,,
,2015-04,West Mercia Police,West Mercia Police,-2.455808,52.665570,On or near Melbourne Close,E01014163,Telford and Wrekin 017B,Anti-social behaviour,,
,2015-04,West Mercia Police,West Mercia Police,-2.454015,52.668031,On or near Spout Way,E01014163,Telford and Wrekin 017B,Anti-social behaviour,,
,2015-04,West Mercia Police,West Mercia Police,-2.453355,52.669966,On or near Dark Lane Drive,E01014163,Telford and Wrekin 017B,Anti-social behaviour,,
,2015-04,West Mercia Police,West Mercia Police,-2.456228,52.668966,On or near Old Wharf,E01014163,Telford and Wrekin 017B,Anti-social behaviour,,
,2015-04,West Mercia Police,West Mercia Police,-2.453355,52.669966,On or near Dark Lane Drive,E01014163,Telford and Wrekin 017B,Anti-social behaviour,,
,2015-04,West Mercia Police,West Mercia Police,-2.454015,52.668031,On or near Spout Way,E01014163,Telford and Wrekin 017B,Anti-social behaviour,,
,2015-04,West Mercia Police,West Mercia Police,-2.453281,52.671441,On or near Lawnswood,E01014163,Telford and Wrekin 017B,Anti-social behaviour,,
,2015-04,West Mercia Police,West Mercia Police,-2.453281,52.671441,On or near Lawnswood,E01014163,Telford and Wrekin 017B,Anti-social behaviour,,
,2015-04,West Mercia Police,West Mercia Police,-2.455808,52.665570,On or near Melbourne Close,E01014163,Telford and Wrekin 017B,Anti-social behaviour,,
,2015-04,West Mercia Police,West Mercia Police,-2.454015,52.668031,On or near Spout Way,E01014163,Telford and Wrekin 017B,Anti-social behaviour,,
,2015-04,West Mercia Police,West Mercia Police,-2.453281,52.671441,On or near Lawnswood,E01014163,Telford and Wrekin 017B,Anti-social behaviour,,
,2015-04,West Mercia Police,West Mercia Police,-2.453355,52.669966,On or near Dark Lane Drive,E01014163,Telford and Wrekin 017B,Anti-social behaviour,,
121ecefb638ac8bbc9a3f180cb7affc8bb756e88623fd95782c45d71d92dfe82,2015-04,West Mercia Police,West Mercia Police,-2.453281,52.671441,On or near Lawnswood,E01014163,Telford and Wrekin 017B,Bicycle theft,Investigation complete; no suspect identified,
ec67ef8ccbeae172f5eb798aeb15186b7e29e6a300bd7f5266540fb26e75552c,2015-04,West Mercia Police,West Mercia Police,-2.455808,52.665570,On or near Melbourne Close,E01014163,Telford and Wrekin 017B,Burglary,Investigation complete; no suspect identified,
6ecd910ec8a64e86ec0335ddcb30f3c543d5dc04d597150adc00476252efdae5,2015-04,West Mercia Police,West Mercia Police,-2.453281,52.671441,On or near Lawnswood,E01014163,Telford and Wrekin 017B,Criminal damage and arson,Investigation complete; no suspect identified,
9f0a2e6e812a21a9ad493f56460502e0a3db4da7d5276e58776934e8bed3e29a,2015-04,West Mercia Police,West Mercia Police,-2.457231,52.670131,On or near Stone Row,E01014163,Telford and Wrekin 017B,Criminal damage and arson,Investigation complete; no suspect identified,
cde85c49ea8719be65ee506c3e0eb10a2307a2d725aa33dc840a0abc346afc5b,2015-04,West Mercia Police,West Mercia Police,-2.459952,52.670138,On or near Rhodes Avenue,E01014163,Telford and Wrekin 017B,Criminal damage and arson,Investigation complete; no suspect identified,
7c752574fff186f73bfd78d6f52b35c4c930fd559bdae7bfcf0ba39244d28099,2015-04,West Mercia Police,West Mercia Police,-2.457231,52.670131,On or near Stone Row,E01014163,Telford and Wrekin 017B,Criminal damage and arson,Investigation complete; no suspect identified,
b3a998823e78e52cedca58fbb048ac91e7815a7ad193e4aadb56f634b3176f92,2015-04,West Mercia Police,West Mercia Police,-2.454411,52.670546,On or near Farm Lodge Grove,E01014163,Telford and Wrekin 017B,Criminal damage and arson,Investigation complete; no suspect identified,
26e769b784fa7f35005e2520330b8af96339455c9a5081a5578e51c538819c5f,2015-04,West Mercia Police,West Mercia Police,-2.453281,52.671441,On or near Lawnswood,E01014163,Telford and Wrekin 017B,Criminal damage and arson,Unable to prosecute suspect,
191e8407e1b549bc2e6d77f929a48ee81a3e1b40db92676eb1a35763e5e0c828,2015-04,West Mercia Police,West Mercia Police,-2.453355,52.669966,On or near Dark Lane Drive,E01014163,Telford and Wrekin 017B,Other theft,Investigation complete; no suspect identified,
243a5927568d629847f0a14ec9f254958822206ac3e024b14061d50178db2c3e,2015-04,West Mercia Police,West Mercia Police,-2.453281,52.671441,On or near Lawnswood,E01014163,Telford and Wrekin 017B,Violence and sexual offences,Unable to prosecute suspect,
59fe4b2184c40ab5e2738217eaaeb506b1bf80ce3de11cc3989049a66943223e,2015-04,West Mercia Police,West Mercia Police,-2.455808,52.665570,On or near Melbourne Close,E01014163,Telford and Wrekin 017B,Violence and sexual offences,Unable to prosecute suspect,
5822a90b2943da38578b7506bc827814ae38399a6557b601ac90193691cfcaca,2015-04,West Mercia Police,West Mercia Police,-2.454015,52.668031,On or near Spout Way,E01014163,Telford and Wrekin 017B,Violence and sexual offences,Unable to prosecute suspect,
,2015-04,West Mercia Police,West Mercia Police,-2.459715,52.668701,On or near Athersmith Close,E01014164,Telford and Wrekin 017C,Anti-social behaviour,,
,2015-04,West Mercia Police,West Mercia Police,-2.463324,52.664587,On or near Lancaster Avenue,E01014164,Telford and Wrekin 017C,Anti-social behaviour,,
,2015-04,West Mercia Police,West Mercia Police,-2.465696,52.663832,On or near Parking Area,E01014164,Telford and Wrekin 017C,Anti-social behaviour,,
,2015-04,West Mercia Police,West Mercia Police,-2.459118,52.668182,On or near Mount Road,E01014164,Telford and Wrekin 017C,Anti-social behaviour,,
,2015-04,West Mercia Police,West Mercia Police,-2.463324,52.664587,On or near Lancaster Avenue,E01014164,Telford and Wrekin 017C,Anti-social behaviour,,
8b4e497c665e2c92930ea3870d084aeca18d0370cd66688c854b91dab1a008a7,2015-04,West Mercia Police,West Mercia Police,-2.465696,52.663832,On or near Parking Area,E01014164,Telford and Wrekin 017C,Burglary,Investigation complete; no suspect identified,
e7ebec8578f504b180bc33c973b25feb9f7480e9e3fb62ea79296fab481d2e8b,2015-04,West Mercia Police,West Mercia Police,-2.463861,52.664999,On or near Lancaster Place,E01014164,Telford and Wrekin 017C,Burglary,Investigation complete; no suspect identified,
404fda2a8adc94c67c66b187b806c0152f4662149aa097f19f32eed88af50bde,2015-04,West Mercia Police,West Mercia Police,-2.456374,52.661666,On or near Hinkshay Road,E01014164,Telford and Wrekin 017C,Criminal damage and arson,Unable to prosecute suspect,
cbb5ad913d21b93e4972cccbe7ed6d6adf35f6e5be51027f3cb91dc87323a087,2015-04,West Mercia Police,West Mercia Police,-2.465292,52.664706,On or near Lancaster Court,E01014164,Telford and Wrekin 017C,Criminal damage and arson,Investigation complete; no suspect identified,
712e8ef168e5d4d46aa34661ac2aabf85700e621f95cc1678d971cb0684129f6,2015-04,West Mercia Police,West Mercia Police,-2.458303,52.666594,On or near Buxton Road,E01014164,Telford and Wrekin 017C,Other theft,Investigation complete; no suspect identified,
aaf948bbca1732c5c87153ee5de9325baaa9d4e006d225fcf7b84c70ab9394a4,2015-04,West Mercia Police,West Mercia Police,-2.465696,52.663832,On or near Parking Area,E01014164,Telford and Wrekin 017C,Public order,Unable to prosecute suspect,
e7814f613f6c8647077ce9853ab79230add1fd5486abb46d1229ddeee7160adc,2015-04,West Mercia Police,West Mercia Police,-2.465696,52.663832,On or near Parking Area,E01014164,Telford and Wrekin 017C,Theft from the person,Investigation complete; no suspect identified,
63a1e9ded4e101de2bb7d4b9a88997fc9b749e59f3a1a7744a20c557169b1c81,2015-04,West Mercia Police,West Mercia Police,-2.460237,52.664959,On or near Oxford Road,E01014164,Telford and Wrekin 017C,Violence and sexual offences,Investigation complete; no suspect identified,
daddcd99c45f7b38f5385806ba543b2fd4e5d5b66fe9bb8fb985c8922f00691b,2015-04,West Mercia Police,West Mercia Police,-2.459715,52.668701,On or near Athersmith Close,E01014164,Telford and Wrekin 017C,Violence and sexual offences,Unable to prosecute suspect,
1f0664530928d85ec6dd412cd33a57613b2a7ed88ea44239e84f952fadc4ddba,2015-04,West Mercia Police,West Mercia Police,-2.458303,52.666594,On or near Buxton Road,E01014164,Telford and Wrekin 017C,Violence and sexual offences,Unable to prosecute suspect,
,2015-04,West Mercia Police,West Mercia Police,-2.459032,52.675482,On or near Royal Way,E01014165,Telford and Wrekin 017D,Anti-social behaviour,,
,2015-04,West Mercia Police,West Mercia Police,-2.459524,52.671659,On or near Spout Lane,E01014165,Telford and Wrekin 017D,Anti-social behaviour,,
,2015-04,West Mercia Police,West Mercia Police,-2.461543,52.670986,On or near St Leonard'S Place,E01014165,Telford and Wrekin 017D,Anti-social behaviour,,
,2015-04,West Mercia Police,West Mercia Police,-2.444042,52.668877,On or near Theme/Adventure Park,E01014165,Telford and Wrekin 017D,Anti-social behaviour,,
,2015-04,West Mercia Police,West Mercia Police,-2.444042,52.668877,On or near Theme/Adventure Park,E01014165,Telford and Wrekin 017D,Anti-social behaviour,,
,2015-04,West Mercia Police,West Mercia Police,-2.447959,52.674526,On or near Shopping Area,E01014165,Telford and Wrekin 017D,Anti-social behaviour,,
,2015-04,West Mercia Police,West Mercia Police,-2.447959,52.674526,On or near Shopping Area,E01014165,Telford and Wrekin 017D,Anti-social behaviour,,
,2015-04,West Mercia Police,West Mercia Police,-2.455793,52.674074,On or near Coachwell Close,E01014165,Telford and Wrekin 017D,Anti-social behaviour,,
,2015-04,West Mercia Police,West Mercia Police,-2.444697,52.672237,On or near Parking Area,E01014165,Telford and Wrekin 017D,Anti-social behaviour,,
,2015-04,West Mercia Police,West Mercia Police,-2.454080,52.672867,On or near Withywood Drive,E01014165,Telford and Wrekin 017D,Anti-social behaviour,,
,2015-04,West Mercia Police,West Mercia Police,-2.455793,52.674074,On or near Coachwell Close,E01014165,Telford and Wrekin 017D,Anti-social behaviour,,
,2015-04,West Mercia Police,West Mercia Police,-2.459524,52.671659,On or near Spout Lane,E01014165,Telford and Wrekin 017D,Anti-social behaviour,,
,2015-04,West Mercia Police,West Mercia Police,-2.444042,52.668877,On or near Theme/Adventure Park,E01014165,Telford and Wrekin 017D,Anti-social behaviour,,
,2015-04,West Mercia Police,West Mercia Police,-2.447959,52.674526,On or near Shopping Area,E01014165,Telford and Wrekin 017D,Anti-social behaviour,,
,2015-04,West Mercia Police,West Mercia Police,-2.454080,52.672867,On or near Withywood Drive,E01014165,Telford and Wrekin 017D,Anti-social behaviour,,
,2015-04,West Mercia Police,West Mercia Police,-2.457905,52.673760,On or near Prince Charles Crescent,E01014165,Telford and Wrekin 017D,Anti-social behaviour,,
,2015-04,West Mercia Police,West Mercia Police,-2.444697,52.672237,On or near Parking Area,E01014165,Telford and Wrekin 017D,Anti-social behaviour,,
,2015-04,West Mercia Police,West Mercia Police,-2.455793,52.674074,On or near Coachwell Close,E01014165,Telford and Wrekin 017D,Anti-social behaviour,,
,2015-04,West Mercia Police,West Mercia Police,-2.443128,52.673601,On or near St Quentin Gate,E01014165,Telford and Wrekin 017D,Anti-social behaviour,,
,2015-04,West Mercia Police,West Mercia Police,-2.443128,52.673601,On or near St Quentin Gate,E01014165,Telford and Wrekin 017D,Anti-social behaviour,,
,2015-04,West Mercia Police,West Mercia Police,-2.454080,52.672867,On or near Withywood Drive,E01014165,Telford and Wrekin 017D,Anti-social behaviour,,
,2015-04,West Mercia Police,West Mercia Police,-2.456435,52.673226,On or near Brunel Road,E01014165,Telford and Wrekin 017D,Anti-social behaviour,,
22eba4c7213a363eb3f12e678de08d0a927ca72172c521d54ed0758e2603a61a,2015-04,West Mercia Police,West Mercia Police,-2.447959,52.674526,On or near Shopping Area,E01014165,Telford and Wrekin 017D,Bicycle theft,Investigation complete; no suspect identified,
b243a4c78e3650c2fcf4e85027fd4eea12f95e761fb0d06724cf5da1b665a87c,2015-04,West Mercia Police,West Mercia Police,-2.448366,52.675271,On or near Coach Central,E01014165,Telford and Wrekin 017D,Criminal damage and arson,Unable to prosecute suspect,
e12024c85df2741dcbb2c7d79a3ce95dbac61a348058ff1a7eca6192a1d33dd2,2015-04,West Mercia Police,West Mercia Police,-2.459524,52.671659,On or near Spout Lane,E01014165,Telford and Wrekin 017D,Criminal damage and arson,Investigation complete; no suspect identified,
cf6a2556b1df54634027db400d539b77a1ee93d8f13ad9ee7fa30518064aaaec,2015-04,West Mercia Police,West Mercia Police,-2.444042,52.668877,On or near Theme/Adventure Park,E01014165,Telford and Wrekin 017D,Criminal damage and arson,Investigation complete; no suspect identified,
51678de40f17a567ddb509277999298d9a6aeb83ed11bd1f00962605da57204b,2015-04,West Mercia Police,West Mercia Police,-2.454080,52.672867,On or near Withywood Drive,E01014165,Telford and Wrekin 017D,Drugs,Offender given conditional discharge,
a6b7d453997d72b74704440bf4808fecae1a6843bcce6602de94fd1748bc5605,2015-04,West Mercia Police,West Mercia Police,-2.444042,52.668877,On or near Theme/Adventure Park,E01014165,Telford and Wrekin 017D,Other theft,Investigation complete; no suspect identified,
edb247702bc9c51acd4f14da1bcc2c83b78b9afa22ffa942b1468a14f88c5e5f,2015-04,West Mercia Police,West Mercia Police,-2.445265,52.674303,On or near Grange Central,E01014165,Telford and Wrekin 017D,Other theft,Investigation complete; no suspect identified,
db1828541022b2c31a25aea78e13c25f0f0e82d5e62910515d1777438fe4a7d1,2015-04,West Mercia Police,West Mercia Police,-2.444042,52.668877,On or near Theme/Adventure Park,E01014165,Telford and Wrekin 017D,Other theft,Investigation complete; no suspect identified,
6fdc3f6ca3a663198af1dd0be255bd97b26cc7da4b18dd40b988157dbb8af490,2015-04,West Mercia Police,West Mercia Police,-2.447959,52.674526,On or near Shopping Area,E01014165,Telford and Wrekin 017D,Other theft,Investigation complete; no suspect identified,
2fce08664f59f892795b23de04f779d49dbd687bdd2e251e1a608652fbe1c6e1,2015-04,West Mercia Police,West Mercia Police,-2.447959,52.674526,On or near Shopping Area,E01014165,Telford and Wrekin 017D,Other theft,Local resolution,
08d8ea13e164108c0f792b0cc6e95efe70fce1ed37f33f1d62500faf73a855fc,2015-04,West Mercia Police,West Mercia Police,-2.445265,52.674303,On or near Grange Central,E01014165,Telford and Wrekin 017D,Other theft,Investigation complete; no suspect identified,
d3fb366b0d2852203538926bd715cb409cd978d0fe1e7a76836d19134c1a932a,2015-04,West Mercia Police,West Mercia Police,-2.457905,52.673760,On or near Prince Charles Crescent,E01014165,Telford and Wrekin 017D,Public order,Unable to prosecute suspect,
2de28711ca0dd3f85bae57e96f5f1ceba6d662de112127d47a1c9f08f3144d98,2015-04,West Mercia Police,West Mercia Police,-2.444042,52.668877,On or near Theme/Adventure Park,E01014165,Telford and Wrekin 017D,Robbery,Unable to prosecute suspect,
4aa45a6509cf625cdbff9fd0528e724e272dc5ca37512a86e605a74706821212,2015-04,West Mercia Police,West Mercia Police,-2.444697,52.672237,On or near Parking Area,E01014165,Telford and Wrekin 017D,Robbery,Unable to prosecute suspect,
b623a666c4741cb958d01ba704e875fdcfdcb5a5386fedc0517a52d5fa8a28f4,2015-04,West Mercia Police,West Mercia Police,-2.447959,52.674526,On or near Shopping Area,E01014165,Telford and Wrekin 017D,Shoplifting,Investigation complete; no suspect identified,
c62e832beeba72ec7990f40f3da43ab6d8ea7caf69218c28b5f8dd2e76931581,2015-04,West Mercia Police,West Mercia Police,-2.447959,52.674526,On or near Shopping Area,E01014165,Telford and Wrekin 017D,Shoplifting,Offender given conditional discharge,
67b0f7dddc87cb3a5f3833b0801dbf932ea22b51a08cfa194d846cab15fccac7,2015-04,West Mercia Police,West Mercia Police,-2.456419,52.673092,On or near Pedestrian Subway,E01014165,Telford and Wrekin 017D,Shoplifting,Investigation complete; no suspect identified,
c66c984f761f335addee93c70e43c1d1f53abdcfebb94e550df8e61a3052bf44,2015-04,West Mercia Police,West Mercia Police,-2.447959,52.674526,On or near Shopping Area,E01014165,Telford and Wrekin 017D,Shoplifting,Investigation complete; no suspect identified,
d3133e35ac0585a4140ab7b09128f939d87b6aac2b5302ecc5d00ed641dcb157,2015-04,West Mercia Police,West Mercia Police,-2.447959,52.674526,On or near Shopping Area,E01014165,Telford and Wrekin 017D,Shoplifting,Offender given community sentence,
7733859c857b66641df838945bb52ffa9e28797dadd60ce516d1b3916ef3a7be,2015-04,West Mercia Police,West Mercia Police,-2.447959,52.674526,On or near Shopping Area,E01014165,Telford and Wrekin 017D,Shoplifting,Investigation complete; no suspect identified,
bb35cfd4d20bfe25021bc5dd8425e020174be05b6f31f7d0a41f8343f50117ff,2015-04,West Mercia Police,West Mercia Police,-2.448366,52.675271,On or near Coach Central,E01014165,Telford and Wrekin 017D,Shoplifting,Offender given conditional discharge,
457ea1380feda36e510d380025c475c130317c2794978fbb9593988814e722d7,2015-04,West Mercia Police,West Mercia Police,-2.447959,52.674526,On or near Shopping Area,E01014165,Telford and Wrekin 017D,Theft from the person,Unable to prosecute suspect,
b2f786a7cedb79aa251ee3a304012b8a652ac0660578ffb65203245a8ea220a8,2015-04,West Mercia Police,West Mercia Police,-2.459478,52.672918,On or near Queen Elizabeth Way,E01014165,Telford and Wrekin 017D,Vehicle crime,Unable to prosecute suspect,
081a81d698b933a2967448067951db5f395fce0c2d9c8d43a201ecd2b07bb937,2015-04,West Mercia Police,West Mercia Police,-2.444042,52.668877,On or near Theme/Adventure Park,E01014165,Telford and Wrekin 017D,Violence and sexual offences,Offender given a caution,
63c94631416b51023d20bc39f08cf43e0ca97e70bef9d46a0a38b94489e93b27,2015-04,West Mercia Police,West Mercia Police,-2.444697,52.672237,On or near Parking Area,E01014165,Telford and Wrekin 017D,Violence and sexual offences,Unable to prosecute suspect,
bbcbcda77f29e5b33a6ac94079f2ec7cb8a2931112a64589a8ef04b072a56f00,2015-04,West Mercia Police,West Mercia Police,-2.448366,52.675271,On or near Coach Central,E01014165,Telford and Wrekin 017D,Violence and sexual offences,Unable to prosecute suspect,
1433975f640e89637c07a0dc472f440ef7cd112152dd0ffde3e29fd116a7e840,2015-04,West Mercia Police,West Mercia Police,-2.448366,52.675271,On or near Coach Central,E01014165,Telford and Wrekin 017D,Violence and sexual offences,Unable to prosecute suspect,
eb760db6735dca3254acd440b25850fe9894ec3cfa4c596fd9f084822b17b850,2015-04,West Mercia Police,West Mercia Police,-2.447959,52.674526,On or near Shopping Area,E01014165,Telford and Wrekin 017D,Violence and sexual offences,Defendant found not guilty,
264698959ec48a088dc1fc80f5bdfb529487e1867dc20d206e570fc74d819a8d,2015-04,West Mercia Police,West Mercia Police,-2.444042,52.668877,On or near Theme/Adventure Park,E01014165,Telford and Wrekin 017D,Violence and sexual offences,Investigation complete; no suspect identified,
d5f9de0835d14a3849fb7558716f8c951f2bb85cd9e22691fe77b43232152bcc,2015-04,West Mercia Police,West Mercia Police,-2.444042,52.668877,On or near Theme/Adventure Park,E01014165,Telford and Wrekin 017D,Violence and sexual offences,Under investigation,
7c24da60885933f6698dabd354e588378c2c1261fc11504b67fc84f2973e6b80,2015-04,West Mercia Police,West Mercia Police,-2.461543,52.670986,On or near St Leonard'S Place,E01014165,Telford and Wrekin 017D,Violence and sexual offences,Unable to prosecute suspect,
abac1eae7715649bef6da4808a6b113ea98b8ea5103c9a92937965647f46894a,2015-04,West Mercia Police,West Mercia Police,-2.454080,52.672867,On or near Withywood Drive,E01014165,Telford and Wrekin 017D,Violence and sexual offences,Unable to prosecute suspect,
74f2c5d2cbf45dfe3f7ed03e094894cc39df59b0b8dcb53d581549483e4a5597,2015-04,West Mercia Police,West Mercia Police,-2.454080,52.672867,On or near Withywood Drive,E01014165,Telford and Wrekin 017D,Violence and sexual offences,Unable to prosecute suspect,
277c8a6a1321384d32a51f259fc1bed683d6ded682fd270e5bbabf7ded626761,2015-04,West Mercia Police,West Mercia Police,-2.448366,52.675271,On or near Coach Central,E01014165,Telford and Wrekin 017D,Violence and sexual offences,Unable to prosecute suspect,
070dfadab8b94b9498d0f5a6790c5792384e6f5babfc2ebd1cab5a8089150097,2015-04,West Mercia Police,West Mercia Police,-2.448366,52.675271,On or near Coach Central,E01014165,Telford and Wrekin 017D,Violence and sexual offences,Unable to prosecute suspect,
786f60cb8915538c19475cb282a6e1d6ba01244821f12d43cea7e4058291b761,2015-04,West Mercia Police,West Mercia Police,-2.454080,52.672867,On or near Withywood Drive,E01014165,Telford and Wrekin 017D,Violence and sexual offences,Investigation complete; no suspect identified,
71eaa01ca2759f4b2e49e58336a2f7ee0a4a0e48481a43e63770a4881bf86b9e,2015-04,West Mercia Police,West Mercia Police,-2.447959,52.674526,On or near Shopping Area,E01014165,Telford and Wrekin 017D,Violence and sexual offences,Local resolution,
942cea54a4c0690663121c84c69c91cc01141ef10781e7c269d8a69742c1d46e,2015-04,West Mercia Police,West Mercia Police,-2.459032,52.675482,On or near Royal Way,E01014165,Telford and Wrekin 017D,Other crime,Investigation complete; no suspect identified,
,2015-04,West Mercia Police,West Mercia Police,-2.463302,52.672337,On or near Sports/Recreation Area,E01014166,Telford and Wrekin 017E,Anti-social behaviour,,
,2015-04,West Mercia Police,West Mercia Police,-2.468514,52.668729,On or near White Horse Close,E01014166,Telford and Wrekin 017E,Anti-social behaviour,,
,2015-04,West Mercia Police,West Mercia Police,-2.462270,52.674040,On or near Davids Close,E01014166,Telford and Wrekin 017E,Anti-social behaviour,,
,2015-04,West Mercia Police,West Mercia Police,-2.463302,52.672337,On or near Sports/Recreation Area,E01014166,Telford and Wrekin 017E,Anti-social behaviour,,
,2015-04,West Mercia Police,West Mercia Police,-2.462270,52.674040,On or near Davids Close,E01014166,Telford and Wrekin 017E,Anti-social behaviour,,
,2015-04,West Mercia Police,West Mercia Police,-2.463240,52.669280,On or near Church Road,E01014166,Telford and Wrekin 017E,Anti-social behaviour,,
,2015-04,West Mercia Police,West Mercia Police,-2.463302,52.672337,On or near Sports/Recreation Area,E01014166,Telford and Wrekin 017E,Anti-social behaviour,,
,2015-04,West Mercia Police,West Mercia Police,-2.463302,52.672337,On or near Sports/Recreation Area,E01014166,Telford and Wrekin 017E,Anti-social behaviour,,
,2015-04,West Mercia Police,West Mercia Police,-2.463302,52.672337,On or near Sports/Recreation Area,E01014166,Telford and Wrekin 017E,Anti-social behaviour,,
,2015-04,West Mercia Police,West Mercia Police,-2.460903,52.673434,On or near Field Close,E01014166,Telford and Wrekin 017E,Anti-social behaviour,,
,2015-04,West Mercia Police,West Mercia Police,-2.463824,52.667166,On or near New Town,E01014166,Telford and Wrekin 017E,Anti-social behaviour,,
,2015-04,West Mercia Police,West Mercia Police,-2.460903,52.673434,On or near Field Close,E01014166,Telford and Wrekin 017E,Anti-social behaviour,,
,2015-04,West Mercia Police,West Mercia Police,-2.460903,52.673434,On or near Field Close,E01014166,Telford and Wrekin 017E,Anti-social behaviour,,
3b9b89b55400a4d7b962e29d8880892b3634c1ecbeadd435a7ed5bbf8cb03911,2015-04,West Mercia Police,West Mercia Police,-2.465529,52.666206,On or near King Street,E01014166,Telford and Wrekin 017E,Criminal damage and arson,Investigation complete; no suspect identified,
258a7fabc981d19c63f1ace8e2525471090b5bc833ac864fdd3a58608a77fa59,2015-04,West Mercia Police,West Mercia Police,-2.462270,52.674040,On or near Davids Close,E01014166,Telford and Wrekin 017E,Criminal damage and arson,Offender fined,
7cab226073879c30e80c9e60f441305075a44bb1317d6e20c7b78a9a6c149972,2015-04,West Mercia Police,West Mercia Police,-2.462270,52.674040,On or near Davids Close,E01014166,Telford and Wrekin 017E,Criminal damage and arson,Unable to prosecute suspect,
67c907a77cd82b9935dea97de99a093dbf80963f3108bfc364c7fc90c4411efe,2015-04,West Mercia Police,West Mercia Police,-2.463302,52.672337,On or near Sports/Recreation Area,E01014166,Telford and Wrekin 017E,Drugs,Unable to prosecute suspect,
aa950fb600fdcc0a2e983a0ee454e844e0e726e7a7583053f120a6c2b6986e89,2015-04,West Mercia Police,West Mercia Police,-2.464557,52.674867,On or near Pedestrian Subway,E01014166,Telford and Wrekin 017E,Drugs,Offender given a drugs possession warning,
46390776e1eff1d7c15505e33c72ce045f0c1b389fba1b2342a5ccf749b0fcff,2015-04,West Mercia Police,West Mercia Police,-2.463240,52.669280,On or near Church Road,E01014166,Telford and Wrekin 017E,Other theft,Investigation complete; no suspect identified,
b7e89158d6b7dfe595115375aa1631367a94494c6e46eedb077b31bf896d422b,2015-04,West Mercia Police,West Mercia Police,-2.463240,52.669280,On or near Church Road,E01014166,Telford and Wrekin 017E,Other theft,Investigation complete; no suspect identified,
ab262f87f1c238a30e020d863de059ffa490eafb4240e91e3230a80a34fe9cc4,2015-04,West Mercia Police,West Mercia Police,-2.463240,52.669280,On or near Church Road,E01014166,Telford and Wrekin 017E,Public order,Unable to prosecute suspect,
a7ebbf59158a315765586bc2652c8390727c0ad7378124c12a32c004c7ee7ffe,2015-04,West Mercia Police,West Mercia Police,-2.462129,52.667667,On or near Ardern Avenue,E01014166,Telford and Wrekin 017E,Public order,Unable to prosecute suspect,
5f346073ab0ebaa0d1154cfc6fa4f86dd9dc1debcd33c6984f64455828a1a7a4,2015-04,West Mercia Police,West Mercia Police,-2.467854,52.669289,On or near Deuxhill Close,E01014166,Telford and Wrekin 017E,Theft from the person,Investigation complete; no suspect identified,
ec6b25b2f6e7412598522ad022bf869413a7ecbd4abe169adfaf5c0305aed27f,2015-04,West Mercia Police,West Mercia Police,-2.460903,52.673434,On or near Field Close,E01014166,Telford and Wrekin 017E,Violence and sexual offences,Unable to prosecute suspect,
9c9b6868b5a7d33aeae58aa0d0b7a76188cde7bd9e81628c64f413bf68a65ebf,2015-04,West Mercia Police,West Mercia Police,-2.465529,52.666206,On or near King Street,E01014166,Telford and Wrekin 017E,Violence and sexual offences,Unable to prosecute suspect,
547c09527afe9f8e81746a5689b103a3bd8118b0f329fb5f8dc8e1b44eee31b3,2015-04,West Mercia Police,West Mercia Police,-2.462270,52.674040,On or near Davids Close,E01014166,Telford and Wrekin 017E,Violence and sexual offences,Court result unavailable,
64c3f3fbbba34b4dc406bafe435dd71ce6e959a0afa20082b4e4fcdbec985863,2015-04,West Mercia Police,West Mercia Police,-2.465529,52.666206,On or near King Street,E01014166,Telford and Wrekin 017E,Violence and sexual offences,Unable to prosecute suspect,
98cdeb20e412493cc6ffee64f81d7cff40154077b6ef9f60ceb0640c976da597,2015-04,West Mercia Police,West Mercia Police,-2.465529,52.666206,On or near King Street,E01014166,Telford and Wrekin 017E,Violence and sexual offences,Investigation complete; no suspect identified,
533f3ba15f2cbf8612a7611bc6d5df9767033574df5605d0f604c65b3a6f38a9,2015-04,West Mercia Police,West Mercia Police,-2.463240,52.669280,On or near Church Road,E01014166,Telford and Wrekin 017E,Violence and sexual offences,Unable to prosecute suspect,
,2015-04,West Mercia Police,West Mercia Police,-2.441160,52.673437,On or near Deercote,E01014191,Telford and Wrekin 018A,Anti-social behaviour,,
,2015-04,West Mercia Police,West Mercia Police,-2.436832,52.675431,On or near Pedestrian Subway,E01014191,Telford and Wrekin 018A,Anti-social behaviour,,
,2015-04,West Mercia Police,West Mercia Police,-2.441524,52.672887,On or near St Quentin Gate,E01014191,Telford and Wrekin 018A,Anti-social behaviour,,
,2015-04,West Mercia Police,West Mercia Police,-2.438395,52.674949,On or near Dalelands,E01014191,Telford and Wrekin 018A,Anti-social behaviour,,
,2015-04,West Mercia Police,West Mercia Police,-2.435400,52.675697,On or near Dinchope Drive,E01014191,Telford and Wrekin 018A,Anti-social behaviour,,
,2015-04,West Mercia Police,West Mercia Police,-2.438395,52.674949,On or near Dalelands,E01014191,Telford and Wrekin 018A,Anti-social behaviour,,
,2015-04,West Mercia Police,West Mercia Police,-2.444200,52.675736,On or near Grange Central,E01014191,Telford and Wrekin 018A,Anti-social behaviour,,
,2015-04,West Mercia Police,West Mercia Police,-2.441524,52.672887,On or near St Quentin Gate,E01014191,Telford and Wrekin 018A,Anti-social behaviour,,
0539d1d7e66d2cb91dd348ba6950f344305abf986c7cc47a8562778b113bfc04,2015-04,West Mercia Police,West Mercia Police,-2.438395,52.674949,On or near Dalelands,E01014191,Telford and Wrekin 018A,Criminal damage and arson,Investigation complete; no suspect identified,
a8dc84fa798cd6336059758c501ce2c3f31df2c02b48b1f134466a8711b6b009,2015-04,West Mercia Police,West Mercia Police,-2.438395,52.674949,On or near Dalelands,E01014191,Telford and Wrekin 018A,Public order,Investigation complete; no suspect identified,
e00bf854b707726be7f7dea1d2ef2aad98fd51c0f2bd0a8f6d21fec52cff9dd3,2015-04,West Mercia Police,West Mercia Police,-2.441160,52.673437,On or near Deercote,E01014191,Telford and Wrekin 018A,Violence and sexual offences,Unable to prosecute suspect,
,2015-04,West Mercia Police,West Mercia Police,-2.424715,52.672005,On or near Stafford Park 17,E01014192,Telford and Wrekin 018B,Anti-social behaviour,,
,2015-04,West Mercia Police,West Mercia Police,-2.431624,52.670775,On or near Daddlebrook,E01014192,Telford and Wrekin 018B,Anti-social behaviour,,
,2015-04,West Mercia Police,West Mercia Police,-2.431358,52.672251,On or near Doddington,E01014192,Telford and Wrekin 018B,Anti-social behaviour,,
,2015-04,West Mercia Police,West Mercia Police,-2.428543,52.679327,On or near Stafford Park 2,E01014192,Telford and Wrekin 018B,Anti-social behaviour,,
,2015-04,West Mercia Police,West Mercia Police,-2.424715,52.672005,On or near Stafford Park 17,E01014192,Telford and Wrekin 018B,Anti-social behaviour,,
,2015-04,West Mercia Police,West Mercia Police,-2.431307,52.671630,On or near Dinthill,E01014192,Telford and Wrekin 018B,Anti-social behaviour,,
,2015-04,West Mercia Police,West Mercia Police,-2.424715,52.672005,On or near Stafford Park 17,E01014192,Telford and Wrekin 018B,Anti-social behaviour,,
,2015-04,West Mercia Police,West Mercia Police,-2.424715,52.672005,On or near Stafford Park 17,E01014192,Telford and Wrekin 018B,Anti-social behaviour,,
,2015-04,West Mercia Police,West Mercia Police,-2.431358,52.672251,On or near Doddington,E01014192,Telford and Wrekin 018B,Anti-social behaviour,,
,2015-04,West Mercia Police,West Mercia Police,-2.424715,52.672005,On or near Stafford Park 17,E01014192,Telford and Wrekin 018B,Anti-social behaviour,,
,2015-04,West Mercia Police,West Mercia Police,-2.435816,52.672953,On or near Pedestrian Subway,E01014192,Telford and Wrekin 018B,Anti-social behaviour,,
34aac57b1fb3e6d6384b5b7380243c78434c7006e0cf1490f309de298b70e4d3,2015-04,West Mercia Police,West Mercia Police,-2.421175,52.676054,On or near Stafford Park 4,E01014192,Telford and Wrekin 018B,Bicycle theft,Investigation complete; no suspect identified,
e055da20c107da55a32468503065b9480daed4d00ecd32de1d22db7d64cfb640,2015-04,West Mercia Police,West Mercia Police,-2.423347,52.677323,On or near Stafford Park 9,E01014192,Telford and Wrekin 018B,Criminal damage and arson,Investigation complete; no suspect identified,
7b86bbe048b095c7643572ef0149d990f4307f650a85a8b8e36d8bb80b75d70e,2015-04,West Mercia Police,West Mercia Police,-2.431597,52.674057,On or near Dudmaston,E01014192,Telford and Wrekin 018B,Drugs,Offender given a drugs possession warning,
fd38b702f35e9a6d65b8aaa19421a942eaafd211c21bb7abac27d111bbd85861,2015-04,West Mercia Police,West Mercia Police,-2.428543,52.679327,On or near Stafford Park 2,E01014192,Telford and Wrekin 018B,Other theft,Under investigation,
f74abab2e0a7e2218ef601984ecb0075a8f8103c81553eff521a484551d31cf1,2015-04,West Mercia Police,West Mercia Police,-2.431624,52.670775,On or near Daddlebrook,E01014192,Telford and Wrekin 018B,Other theft,Investigation complete; no suspect identified,
c88129cc9098b2c6f7c5047325fd72b36f2e438471ca230806feeb6eff9d3cc2,2015-04,West Mercia Police,West Mercia Police,-2.423347,52.677323,On or near Stafford Park 9,E01014192,Telford and Wrekin 018B,Other theft,Offender given conditional discharge,
330f24f35453d7bf9e45f71d3f8c52b70e459ce659c2aa80619c89abd9d21813,2015-04,West Mercia Police,West Mercia Police,-2.428543,52.679327,On or near Stafford Park 2,E01014192,Telford and Wrekin 018B,Vehicle crime,Investigation complete; no suspect identified,
9118cbb51c95566bd74f6b288bb439490d3fca4ab72878370bf4d5a9d9ef3076,2015-04,West Mercia Police,West Mercia Police,-2.424715,52.672005,On or near Stafford Park 17,E01014192,Telford and Wrekin 018B,Vehicle crime,Investigation complete; no suspect identified,
dc42dee0cc23731df9c2f148757e64afc156e783b22e2ea19725785c3f53190d,2015-04,West Mercia Police,West Mercia Police,-2.414036,52.678102,On or near Stafford Park 6,E01014192,Telford and Wrekin 018B,Vehicle crime,Offender given community sentence,
b8544de9e817ddc223c6b7e65c5e35e7629c994bb9c54dde66a8ca22eac47db9,2015-04,West Mercia Police,West Mercia Police,-2.435141,52.673441,On or near Deepdale,E01014192,Telford and Wrekin 018B,Violence and sexual offences,Unable to prosecute suspect,
,2015-04,West Mercia Police,West Mercia Police,-2.431842,52.659852,On or near Catherton,E01014193,Telford and Wrekin 018C,Anti-social behaviour,,
,2015-04,West Mercia Police,West Mercia Police,-2.432075,52.660975,On or near Larkspur Glade,E01014193,Telford and Wrekin 018C,Anti-social behaviour,,
,2015-04,West Mercia Police,West Mercia Police,-2.436064,52.657733,On or near Castlecroft,E01014193,Telford and Wrekin 018C,Anti-social behaviour,,
,2015-04,West Mercia Police,West Mercia Police,-2.431842,52.659852,On or near Catherton,E01014193,Telford and Wrekin 018C,Anti-social behaviour,,
89918ca5dbfb1a5eb0dc9f81372f77ef3dbf58974e835b115f5a1748220a0884,2015-04,West Mercia Police,West Mercia Police,-2.436064,52.657733,On or near Castlecroft,E01014193,Telford and Wrekin 018C,Burglary,Investigation complete; no suspect identified,
b8c1fde2b7dba4c56268d3418a9dacd04b6cda577418de3f597174b44e18d6b6,2015-04,West Mercia Police,West Mercia Police,-2.437841,52.659569,On or near Cherington,E01014193,Telford and Wrekin 018C,Burglary,Investigation complete; no suspect identified,
8b59166c8026816fe3f7e95825a71dd16b42670b95cd184586c309a5ec9e2224,2015-04,West Mercia Police,West Mercia Police,-2.435056,52.659004,On or near Culmington,E01014193,Telford and Wrekin 018C,Criminal damage and arson,Unable to prosecute suspect,
ec0a97b2ab34284235b8aeac30caf444ad32a83f1836e46768f1258de4954079,2015-04,West Mercia Police,West Mercia Police,-2.437841,52.659569,On or near Cherington,E01014193,Telford and Wrekin 018C,Other theft,Investigation complete; no suspect identified,
bd065d60de5f9f44514ac3f2b2ecf2c1b309a091aeb33b9599ec639c5fc7038c,2015-04,West Mercia Police,West Mercia Police,-2.431842,52.659852,On or near Catherton,E01014193,Telford and Wrekin 018C,Violence and sexual offences,Unable to prosecute suspect,
6f02fa865cf220aee3fc14e9f7c68fb1f764ed55237242fac13147b071aa1852,2015-04,West Mercia Police,West Mercia Police,-2.431842,52.659852,On or near Catherton,E01014193,Telford and Wrekin 018C,Violence and sexual offences,Offender fined,
,2015-04,West Mercia Police,West Mercia Police,-2.433356,52.663424,On or near Shamrock Way,E01014194,Telford and Wrekin 018D,Anti-social behaviour,,
,2015-04,West Mercia Police,West Mercia Police,-2.434563,52.665919,On or near Brands Farm Way,E01014194,Telford and Wrekin 018D,Anti-social behaviour,,
,2015-04,West Mercia Police,West Mercia Police,-2.433206,52.661735,On or near Randlay Fields,E01014194,Telford and Wrekin 018D,Anti-social behaviour,,
,2015-04,West Mercia Police,West Mercia Police,-2.437211,52.665981,On or near Dodmoor Grange,E01014194,Telford and Wrekin 018D,Anti-social behaviour,,
,2015-04,West Mercia Police,West Mercia Police,-2.434563,52.665919,On or near Brands Farm Way,E01014194,Telford and Wrekin 018D,Anti-social behaviour,,
2d2df3c65e34db33495695038527df29e5cd33a024e0a2815da79ce442ddd707,2015-04,West Mercia Police,West Mercia Police,-2.432783,52.663876,On or near Thistle Close,E01014194,Telford and Wrekin 018D,Drugs,Court result unavailable,
5ded024d0da05ab21d46928f3b663a3802a85e66e8f27d0da6ca924045d79d06,2015-04,West Mercia Police,West Mercia Police,-2.437211,52.665981,On or near Dodmoor Grange,E01014194,Telford and Wrekin 018D,Drugs,Offender given a caution,
5c383b708224bc8e5ac5652690a813d73c05ded58232ec2a4378e8a4fb98bf47,2015-04,West Mercia Police,West Mercia Police,-2.437395,52.666628,On or near Boddington Crescent,E01014194,Telford and Wrekin 018D,Vehicle crime,Investigation complete; no suspect identified,
99dd0df798af762b5874e45b108ba33507e5a42c7492cec0b29486c4d3a5453d,2015-04,West Mercia Police,West Mercia Police,-2.434563,52.665919,On or near Brands Farm Way,E01014194,Telford and Wrekin 018D,Violence and sexual offences,Unable to prosecute suspect,
4860b2bf721c2305a89f409f12a44842fcbc870a7bda61fe955594b549eba0a7,2015-04,West Mercia Police,West Mercia Police,-2.431890,52.666261,On or near Clowes Drive,E01014194,Telford and Wrekin 018D,Violence and sexual offences,Unable to prosecute suspect,
462536ce2c84d416e024d015a6a09fdfcf155168fd6b733ceba04d864735f67e,2015-04,West Mercia Police,West Mercia Police,-2.439524,52.665146,On or near Pedestrian Subway,E01014195,Telford and Wrekin 018E,Burglary,Investigation complete; no suspect identified,
d75016ed906f467e219fcb11be41aba3dc9624815b70678e8cb14c6f32963999,2015-04,West Mercia Police,West Mercia Police,-2.439524,52.665146,On or near Pedestrian Subway,E01014195,Telford and Wrekin 018E,Burglary,Investigation complete; no suspect identified,
2229128c45e869cda9630ae4bdd749778ced7fa8da5804430202d01d5cade62d,2015-04,West Mercia Police,West Mercia Police,-2.436723,52.663007,On or near Boulton Grange,E01014195,Telford and Wrekin 018E,Criminal damage and arson,Unable to prosecute suspect,
b4bc1ed72ca462337027a91fc114083300b54402a6d11e734f40f336ac991b78,2015-04,West Mercia Police,West Mercia Police,-2.439524,52.665146,On or near Pedestrian Subway,E01014195,Telford and Wrekin 018E,Drugs,Offender given a drugs possession warning,
c6dbe8b0bb262ed4f3e176784b66707da8d9ed04605dacb16604e02329c67b50,2015-04,West Mercia Police,West Mercia Police,-2.437008,52.660543,On or near Maple Wood,E01014195,Telford and Wrekin 018E,Violence and sexual offences,Under investigation,
9b00cb3256debf9737264ce4b9b68a3d49bbf17973a72620e602bf032d4895c5,2015-04,West Mercia Police,West Mercia Police,-2.437008,52.660543,On or near Maple Wood,E01014195,Telford and Wrekin 018E,Violence and sexual offences,Unable to prosecute suspect,
15d5ddb84d5a35562813059e1a8469667df2b3d1a9b5c08980ebfd52e9bc4b37,2015-04,West Mercia Police,West Mercia Police,-2.439524,52.665146,On or near Pedestrian Subway,E01014195,Telford and Wrekin 018E,Violence and sexual offences,Local resolution,
,2015-04,West Mercia Police,West Mercia Police,-2.433373,52.654767,On or near Parking Area,E01014196,Telford and Wrekin 018F,Anti-social behaviour,,
,2015-04,West Mercia Police,West Mercia Police,-2.436401,52.655916,On or near Parking Area,E01014196,Telford and Wrekin 018F,Anti-social behaviour,,
,2015-04,West Mercia Police,West Mercia Police,-2.430384,52.654409,On or near Chelmarsh,E01014196,Telford and Wrekin 018F,Anti-social behaviour,,
,2015-04,West Mercia Police,West Mercia Police,-2.429200,52.655843,On or near Churchway,E01014196,Telford and Wrekin 018F,Anti-social behaviour,,
,2015-04,West Mercia Police,West Mercia Police,-2.447027,52.657072,On or near Stirchley Road,E01014196,Telford and Wrekin 018F,Anti-social behaviour,,
,2015-04,West Mercia Police,West Mercia Police,-2.447027,52.657072,On or near Stirchley Road,E01014196,Telford and Wrekin 018F,Anti-social behaviour,,
,2015-04,West Mercia Police,West Mercia Police,-2.432613,52.657125,On or near Calverhall,E01014196,Telford and Wrekin 018F,Anti-social behaviour,,
,2015-04,West Mercia Police,West Mercia Police,-2.430692,52.658669,On or near Churncote,E01014196,Telford and Wrekin 018F,Anti-social behaviour,,
,2015-04,West Mercia Police,West Mercia Police,-2.434610,52.654205,On or near Grange Close,E01014196,Telford and Wrekin 018F,Anti-social behaviour,,
,2015-04,West Mercia Police,West Mercia Police,-2.434610,52.654205,On or near Grange Close,E01014196,Telford and Wrekin 018F,Anti-social behaviour,,
,2015-04,West Mercia Police,West Mercia Police,-2.428103,52.657034,On or near Stirchley Avenue,E01014196,Telford and Wrekin 018F,Anti-social behaviour,,
799f5434caacc290eb569169d95a5582b24f0128553acb5003cb7acea5c29b0c,2015-04,West Mercia Police,West Mercia Police,-2.434610,52.654205,On or near Grange Close,E01014196,Telford and Wrekin 018F,Criminal damage and arson,Offender otherwise dealt with,
81eefd5d102e79ce8d6c669491be6ec982b95887ccff77eb5f10254fe949c2a2,2015-04,West Mercia Police,West Mercia Police,-2.427714,52.658069,On or near Havenwood,E01014196,Telford and Wrekin 018F,Criminal damage and arson,Investigation complete; no suspect identified,
bdf0830daac8b7efd61580b9bd0de8fb492f774666c0b84aabbdf7a34e0325a1,2015-04,West Mercia Police,West Mercia Police,-2.427714,52.658069,On or near Havenwood,E01014196,Telford and Wrekin 018F,Criminal damage and arson,Investigation complete; no suspect identified,
8eba1a6a5f5ff0d681fe804439b855d1b9359575158d4005101b072a37f69ca6,2015-04,West Mercia Police,West Mercia Police,-2.429200,52.655843,On or near Churchway,E01014196,Telford and Wrekin 018F,Drugs,Unable to prosecute suspect,
207f10f66530769b8669de5d9661c4a51ce7b0c5e35b7a333067824fe5992023,2015-04,West Mercia Police,West Mercia Police,-2.430384,52.654409,On or near Chelmarsh,E01014196,Telford and Wrekin 018F,Other theft,Investigation complete; no suspect identified,
5727083d9cf2cdd98ae9bfbc889d7c85db9547cfdf31f562ff02c210f9ee7e2e,2015-04,West Mercia Police,West Mercia Police,-2.430384,52.654409,On or near Chelmarsh,E01014196,Telford and Wrekin 018F,Other theft,Investigation complete; no suspect identified,
54c75002c325cbc704a3179b97b2595585328135ba0499a0b8c0db1a24747ca8,2015-04,West Mercia Police,West Mercia Police,-2.430384,52.654409,On or near Chelmarsh,E01014196,Telford and Wrekin 018F,Other theft,Investigation complete; no suspect identified,
c09289bf2effd188e42bf264f70114f4f5aa062cd0eec89b5243e166a6e31fdc,2015-04,West Mercia Police,West Mercia Police,-2.430384,52.654409,On or near Chelmarsh,E01014196,Telford and Wrekin 018F,Other theft,Investigation complete; no suspect identified,
53daa09b287720ba54e7981f54e9850cbd01827dd5d9c48670795c7917f9145c,2015-04,West Mercia Police,West Mercia Police,-2.429200,52.655843,On or near Churchway,E01014196,Telford and Wrekin 018F,Public order,Unable to prosecute suspect,
92b783fe5325efa5ba89a21078478c13d2f75b46581bd53ab60042cd48ac19b4,2015-04,West Mercia Police,West Mercia Police,-2.436401,52.655916,On or near Parking Area,E01014196,Telford and Wrekin 018F,Public order,Unable to prosecute suspect,
b4ae3e953340b1b307ccb8f2d8a18e5f62b3ce066f7619f88ab9732592a6cdb5,2015-04,West Mercia Police,West Mercia Police,-2.434610,52.654205,On or near Grange Close,E01014196,Telford and Wrekin 018F,Shoplifting,Offender sent to prison,
60ffaf46058821990b6620e6f9f813ecb5f4cd11ac7f56763954c07654a6dc60,2015-04,West Mercia Police,West Mercia Police,-2.430384,52.654409,On or near Chelmarsh,E01014196,Telford and Wrekin 018F,Shoplifting,Investigation complete; no suspect identified,
16a9d30e4c32fd2bd653b4b0535879b6c8b1eda6faf45213062fbe6602c497f3,2015-04,West Mercia Police,West Mercia Police,-2.445837,52.659306,On or near Northwood Terrace,E01014196,Telford and Wrekin 018F,Vehicle crime,Investigation complete; no suspect identified,
3e8824051cd7335ff9792d7f14636f646341bacf27380c9f166dfe4d1cc63abb,2015-04,West Mercia Police,West Mercia Police,-2.436401,52.655916,On or near Parking Area,E01014196,Telford and Wrekin 018F,Violence and sexual offences,Offender given a caution,
1ff90946b4107865516ec38e891fe62ea33244995d33f9c76f70f7bc4bade22c,2015-04,West Mercia Police,West Mercia Police,-2.436401,52.655916,On or near Parking Area,E01014196,Telford and Wrekin 018F,Violence and sexual offences,Offender given a caution,
a725d02f6ea951ff7c4f552d46dd58c2580140bf217aa16174d8a6a82bb26d77,2015-04,West Mercia Police,West Mercia Police,-2.430692,52.658669,On or near Churncote,E01014196,Telford and Wrekin 018F,Violence and sexual offences,Offender given a caution,
7539571ef052532fa153ff9a5af9585122cf204bd68c05a158c9b3f5337ee765,2015-04,West Mercia Police,West Mercia Police,-2.430692,52.658669,On or near Churncote,E01014196,Telford and Wrekin 018F,Other crime,Offender given conditional discharge,
f7ebd1aea9eafa644d577e44ee4902184865289e6c4470d2c6eaffbad703157c,2015-04,West Mercia Police,West Mercia Police,-2.461591,52.660081,On or near Crown Street,E01014119,Telford and Wrekin 019A,Burglary,Investigation complete; no suspect identified,
d1555b0028ac24e294de249414fdc5d319a76064ebc5ada19c17a4e0a5e6097b,2015-04,West Mercia Police,West Mercia Police,-2.460901,52.660578,On or near Langley Fold,E01014119,Telford and Wrekin 019A,Violence and sexual offences,Awaiting court outcome,
52fea5f5e5bb528bd775ab066eff5e6e327f75434410ed2b3621cbe7a26481f4,2015-04,West Mercia Police,West Mercia Police,-2.453429,52.652858,On or near Cadfael Drive,E01014119,Telford and Wrekin 019A,Violence and sexual offences,Investigation complete; no suspect identified,
7ee8336a1136f7a79859a4c2605dae7c272724c7b366b037d83967b042542ed6,2015-04,West Mercia Police,West Mercia Police,-2.460901,52.660578,On or near Langley Fold,E01014119,Telford and Wrekin 019A,Violence and sexual offences,Offender given community sentence,
,2015-04,West Mercia Police,West Mercia Police,-2.474473,52.657765,On or near Westerdale Close,E01014120,Telford and Wrekin 019B,Anti-social behaviour,,
,2015-04,West Mercia Police,West Mercia Police,-2.474936,52.658213,On or near Grizedale Drive,E01014120,Telford and Wrekin 019B,Anti-social behaviour,,
,2015-04,West Mercia Police,West Mercia Police,-2.474472,52.659069,On or near Duckett Drive,E01014120,Telford and Wrekin 019B,Anti-social behaviour,,
,2015-04,West Mercia Police,West Mercia Police,-2.472908,52.659345,On or near Pool Hill,E01014120,Telford and Wrekin 019B,Anti-social behaviour,,
,2015-04,West Mercia Police,West Mercia Police,-2.474472,52.659069,On or near Duckett Drive,E01014120,Telford and Wrekin 019B,Anti-social behaviour,,
6255137d0deac131529f8da00d0efe6b443926308d05157321d874adea5cedf8,2015-04,West Mercia Police,West Mercia Police,-2.467793,52.662134,On or near Portley Road,E01014120,Telford and Wrekin 019B,Violence and sexual offences,Unable to prosecute suspect,
8cb4bb6058a7bddccbdcda9cd027bf396d959fb86c31cde0c8d736e899ecbee6,2015-04,West Mercia Police,West Mercia Police,-2.465835,52.662977,On or near Parking Area,E01014120,Telford and Wrekin 019B,Violence and sexual offences,Unable to prosecute suspect,
943a635cb85ee1cd219a1fb1731e9a6f4fc9b53691206171036e9922e35331f5,2015-04,West Mercia Police,West Mercia Police,-2.468267,52.659471,On or near Webb Crescent,E01014120,Telford and Wrekin 019B,Violence and sexual offences,Unable to prosecute suspect,
5c6c24ef73e0f17d92edd6ca103af5db7b1ddf257b09e44a93a3e3c7ce2464fe,2015-04,West Mercia Police,West Mercia Police,-2.475090,52.657412,On or near Fylingdales Drive,E01014120,Telford and Wrekin 019B,Violence and sexual offences,Unable to prosecute suspect,
41d2f827c5a649b4770785084faffaa7bb1aec9f42e21ba50fd64bb545662436,2015-04,West Mercia Police,West Mercia Police,-2.465293,52.655114,On or near Church Walk,E01014121,Telford and Wrekin 019C,Bicycle theft,Investigation complete; no suspect identified,
323cf10f150a19fd8503027d556c234f1541b2559d516de54edb7177d35740fc,2015-04,West Mercia Police,West Mercia Police,-2.466279,52.651918,On or near Sports/Recreation Area,E01014121,Telford and Wrekin 019C,Burglary,Investigation complete; no suspect identified,
cfbfc7c63cc48d11b81b0d0156db2ddad57963baebfceeb39e98338ef3fb1ed2,2015-04,West Mercia Police,West Mercia Police,-2.468751,52.652187,On or near Holly Road,E01014121,Telford and Wrekin 019C,Vehicle crime,Investigation complete; no suspect identified,
,2015-04,West Mercia Police,West Mercia Police,-2.458440,52.652902,On or near Botany Bay Close,E01014122,Telford and Wrekin 019D,Anti-social behaviour,,
,2015-04,West Mercia Police,West Mercia Police,-2.453674,52.649450,On or near Chapel Lane,E01014122,Telford and Wrekin 019D,Anti-social behaviour,,
,2015-04,West Mercia Police,West Mercia Police,-2.459189,52.652404,On or near Pageant Drive,E01014122,Telford and Wrekin 019D,Anti-social behaviour,,
,2015-04,West Mercia Police,West Mercia Police,-2.453047,52.647421,On or near Fosters Foel,E01014122,Telford and Wrekin 019D,Anti-social behaviour,,
,2015-04,West Mercia Police,West Mercia Police,-2.453674,52.649450,On or near Chapel Lane,E01014122,Telford and Wrekin 019D,Anti-social behaviour,,
,2015-04,West Mercia Police,West Mercia Police,-2.452096,52.648305,On or near Aqueduct Road,E01014122,Telford and Wrekin 019D,Anti-social behaviour,,
,2015-04,West Mercia Police,West Mercia Police,-2.452096,52.648305,On or near Aqueduct Road,E01014122,Telford and Wrekin 019D,Anti-social behaviour,,
,2015-04,West Mercia Police,West Mercia Police,-2.452096,52.648305,On or near Aqueduct Road,E01014122,Telford and Wrekin 019D,Anti-social behaviour,,
,2015-04,West Mercia Police,West Mercia Police,-2.453891,52.647561,On or near Cuckoo'S Rest,E01014122,Telford and Wrekin 019D,Anti-social behaviour,,
,2015-04,West Mercia Police,West Mercia Police,-2.455121,52.647871,On or near Wagtail Drive,E01014122,Telford and Wrekin 019D,Anti-social behaviour,,
0876c3491e1622358f65701d148e73a328816218758927b22ff7140e359cbcf9,2015-04,West Mercia Police,West Mercia Police,-2.452096,52.648305,On or near Aqueduct Road,E01014122,Telford and Wrekin 019D,Burglary,Investigation complete; no suspect identified,
f4bacf4dd0e9e7ec015a540685823455b3c7390360718da40afee2454de33beb,2015-04,West Mercia Police,West Mercia Police,-2.453891,52.647561,On or near Cuckoo'S Rest,E01014122,Telford and Wrekin 019D,Criminal damage and arson,Investigation complete; no suspect identified,
b81c9fd66f0bfde6cd9202a44695a61c58ace7bf0536c0151c66e6f2d8b0c569,2015-04,West Mercia Police,West Mercia Police,-2.453597,52.647679,On or near Chainmakers Gate,E01014122,Telford and Wrekin 019D,Vehicle crime,Investigation complete; no suspect identified,
0a9d6b757bba8bc2708ff4b7154420bdeb6a67c5dc9f90ed480f3b61a16ece80,2015-04,West Mercia Police,West Mercia Police,-2.452096,52.648305,On or near Aqueduct Road,E01014122,Telford and Wrekin 019D,Vehicle crime,Investigation complete; no suspect identified,
14076f69b3a8394218f2b4107a3f9fff28c341925ca848ad1e2ec5e45e15f998,2015-04,West Mercia Police,West Mercia Police,-2.459189,52.652404,On or near Pageant Drive,E01014122,Telford and Wrekin 019D,Violence and sexual offences,Unable to prosecute suspect,
f63372f3cf7c89fb0c5dc22f4c4272a2584180a8c6445fd1344bce802ef2461b,2015-04,West Mercia Police,West Mercia Police,-2.458440,52.652902,On or near Botany Bay Close,E01014122,Telford and Wrekin 019D,Violence and sexual offences,Investigation complete; no suspect identified,
cd76e5cf7a9eed96474ea200bfe17b6aa32e4ed7821d18f1d820462cd1b00eff,2015-04,West Mercia Police,West Mercia Police,-2.453047,52.647421,On or near Fosters Foel,E01014122,Telford and Wrekin 019D,Violence and sexual offences,Offender given a caution,
6c4f0d19a8e35d33529baf0484292ab3d4889e755d57a57b14159558977dcdd1,2015-04,West Mercia Police,West Mercia Police,-2.448832,52.647095,On or near Mount Pleasant Drive,E01014122,Telford and Wrekin 019D,Violence and sexual offences,Unable to prosecute suspect,
39452e1df378d5f1c41c6f944b2444fe4f0574d6536ed3c9e3b380932ca18578,2015-04,West Mercia Police,West Mercia Police,-2.454342,52.648270,On or near Magpie Way,E01014122,Telford and Wrekin 019D,Other crime,Offender given a caution,
,2015-04,West Mercia Police,West Mercia Police,-2.458493,52.650888,On or near Sports/Recreation Area,E01014123,Telford and Wrekin 019E,Anti-social behaviour,,
,2015-04,West Mercia Police,West Mercia Police,-2.458493,52.650888,On or near Sports/Recreation Area,E01014123,Telford and Wrekin 019E,Anti-social behaviour,,
,2015-04,West Mercia Police,West Mercia Police,-2.458493,52.650888,On or near Sports/Recreation Area,E01014123,Telford and Wrekin 019E,Anti-social behaviour,,
af6186fe31cb183192ecd371bc5b93e012812d44d1df015081cb4a2f252b12e2,2015-04,West Mercia Police,West Mercia Police,-2.463622,52.649448,On or near Hazelwood Drive,E01014123,Telford and Wrekin 019E,Burglary,Investigation complete; no suspect identified,
e225d18070f2e994c02fabd7c24c76292860711c101c4512639cc882903bda8e,2015-04,West Mercia Police,West Mercia Police,-2.457633,52.646387,On or near Gittens Drive,E01014123,Telford and Wrekin 019E,Other theft,Unable to prosecute suspect,
d3b1e667421ff09616ec6d323fde7f058b8b849e165422e85d8dfee20af69f05,2015-04,West Mercia Police,West Mercia Police,-2.468026,52.650752,On or near Tern Close,E01014123,Telford and Wrekin 019E,Shoplifting,Investigation complete; no suspect identified,
088c564f22974b9d778d873a3433193a1883e5914bfc09e4e736685707c59532,2015-04,West Mercia Police,West Mercia Police,-2.468026,52.650752,On or near Tern Close,E01014123,Telford and Wrekin 019E,Shoplifting,Unable to prosecute suspect,
b7a6b06ae98adb20fa8e7add9c7cea0efd9fdfa3736ab43cdf364ccc6a718881,2015-04,West Mercia Police,West Mercia Police,-2.460792,52.648775,On or near Garbett Road,E01014123,Telford and Wrekin 019E,Violence and sexual offences,Unable to prosecute suspect,
3d663510bdb99291ccd4a8ddfe489ffd116a997120a47c2f15decd239ccadc72,2015-04,West Mercia Police,West Mercia Police,-2.459472,52.648403,On or near Eleanors Close,E01014123,Telford and Wrekin 019E,Violence and sexual offences,Unable to prosecute suspect,
a66f68f10d4add6813dc41ac885b78816cd064ddf14bab2e2b69605c813e1d42,2015-04,West Mercia Police,West Mercia Police,-2.458493,52.650888,On or near Sports/Recreation Area,E01014123,Telford and Wrekin 019E,Violence and sexual offences,Unable to prosecute suspect,
618120a005384ec7e7aa6a6117d97aa22df6de10fddbfe6e354e3c9821f9cf36,2015-04,West Mercia Police,West Mercia Police,-2.458493,52.650888,On or near Sports/Recreation Area,E01014123,Telford and Wrekin 019E,Violence and sexual offences,Unable to prosecute suspect,
a13c89d0a2ba37f5ad0d147b959584b8ddb18adae40123d7e361eb27fad44ddc,2015-04,West Mercia Police,West Mercia Police,-2.459472,52.648403,On or near Eleanors Close,E01014123,Telford and Wrekin 019E,Violence and sexual offences,Unable to prosecute suspect,
,2015-04,West Mercia Police,West Mercia Police,-2.446118,52.652005,On or near Briarwood,E01014106,Telford and Wrekin 020A,Anti-social behaviour,,
,2015-04,West Mercia Police,West Mercia Police,-2.448020,52.651557,On or near Birchmore,E01014106,Telford and Wrekin 020A,Anti-social behaviour,,
,2015-04,West Mercia Police,West Mercia Police,-2.449013,52.648901,On or near Brindleyford,E01014106,Telford and Wrekin 020A,Anti-social behaviour,,
3472e075f79fe444d2c3c8960a7a32f0219e21d1518c8760f2b8713d10612f3d,2015-04,West Mercia Police,West Mercia Police,-2.448020,52.651557,On or near Birchmore,E01014106,Telford and Wrekin 020A,Burglary,Investigation complete; no suspect identified,
f1bd7383a2e2bd6f37e043a4f69e3853f5ebb1c2e1c458052c20b46f78b09fe2,2015-04,West Mercia Police,West Mercia Police,-2.446118,52.652005,On or near Briarwood,E01014106,Telford and Wrekin 020A,Burglary,Investigation complete; no suspect identified,
0832e13703f6641fb3f60222743c1a6837b4dac32df301ddee34046fdcb6be1e,2015-04,West Mercia Police,West Mercia Police,-2.449959,52.651847,On or near Lambeth Drive,E01014106,Telford and Wrekin 020A,Burglary,Investigation complete; no suspect identified,
3b06d69cd8e4b4093075cc7cd2fedc7bd9e28a3b940d82f7ddb026ad15ace1f2,2015-04,West Mercia Police,West Mercia Police,-2.449013,52.648901,On or near Brindleyford,E01014106,Telford and Wrekin 020A,Burglary,Investigation complete; no suspect identified,
545d8e3a9f0534bf5a28ae25782f3fd1b65ff62fdd4b0cf27a363d9b483de3d9,2015-04,West Mercia Police,West Mercia Police,-2.449013,52.648901,On or near Brindleyford,E01014106,Telford and Wrekin 020A,Criminal damage and arson,Investigation complete; no suspect identified,
d9b8602349f327b301259a54a324cf8eebd096e2f4f985ed33acc21743fde87c,2015-04,West Mercia Police,West Mercia Police,-2.450251,52.650021,On or near Pedestrian Subway,E01014106,Telford and Wrekin 020A,Drugs,Offender given a drugs possession warning,
268171f0cad97481c72a7e611b646f87077014bcbbe61ae6117397a33a5802e8,2015-04,West Mercia Police,West Mercia Police,-2.449959,52.651847,On or near Lambeth Drive,E01014106,Telford and Wrekin 020A,Violence and sexual offences,Unable to prosecute suspect,
,2015-04,West Mercia Police,West Mercia Police,-2.443094,52.654111,On or near Burleigh Close,E01014107,Telford and Wrekin 020B,Anti-social behaviour,,
,2015-04,West Mercia Police,West Mercia Police,-2.438932,52.653362,On or near Linley Drive,E01014107,Telford and Wrekin 020B,Anti-social behaviour,,
,2015-04,West Mercia Police,West Mercia Police,-2.448588,52.653659,On or near St James Crescent,E01014107,Telford and Wrekin 020B,Anti-social behaviour,,
a224847617ad483e5b957abbf0f68509b647acfe182aca854bf145606544857a,2015-04,West Mercia Police,West Mercia Police,-2.440074,52.653682,On or near Stowe Close,E01014107,Telford and Wrekin 020B,Drugs,Offender given community sentence,
9cbedc40503390903420030615a16fed58bfb72f2a00b26668901047b1ffb4cf,2015-04,West Mercia Police,West Mercia Police,-2.439177,52.652732,On or near Pedestrian Subway,E01014107,Telford and Wrekin 020B,Vehicle crime,Investigation complete; no suspect identified,
3f01e24f4d39af0b0e78d198c4aa83f8433fcdb558fd51196f20bb584ce84e6d,2015-04,West Mercia Police,West Mercia Police,-2.440436,52.654390,On or near Hopeshay Close,E01014107,Telford and Wrekin 020B,Violence and sexual offences,Offender given community sentence,
686752b2b83fd8a6c3052c5805f438c1a765d4721e7e2d8e03f4406aedc0b374,2015-04,West Mercia Police,West Mercia Police,-2.441249,52.654405,On or near Ludford Drive,E01014107,Telford and Wrekin 020B,Violence and sexual offences,Unable to prosecute suspect,
,2015-04,West Mercia Police,West Mercia Police,-2.442142,52.650590,On or near Parking Area,E01014108,Telford and Wrekin 020C,Anti-social behaviour,,
,2015-04,West Mercia Police,West Mercia Police,-2.442142,52.650590,On or near Parking Area,E01014108,Telford and Wrekin 020C,Anti-social behaviour,,
,2015-04,West Mercia Police,West Mercia Police,-2.441314,52.650585,On or near Parking Area,E01014108,Telford and Wrekin 020C,Anti-social behaviour,,
,2015-04,West Mercia Police,West Mercia Police,-2.442142,52.650590,On or near Parking Area,E01014108,Telford and Wrekin 020C,Anti-social behaviour,,
,2015-04,West Mercia Police,West Mercia Police,-2.442208,52.652757,On or near Pedestrian Subway,E01014108,Telford and Wrekin 020C,Anti-social behaviour,,
,2015-04,West Mercia Police,West Mercia Police,-2.442142,52.650590,On or near Parking Area,E01014108,Telford and Wrekin 020C,Anti-social behaviour,,
,2015-04,West Mercia Police,West Mercia Police,-2.441314,52.650585,On or near Parking Area,E01014108,Telford and Wrekin 020C,Anti-social behaviour,,
,2015-04,West Mercia Police,West Mercia Police,-2.442142,52.650590,On or near Parking Area,E01014108,Telford and Wrekin 020C,Anti-social behaviour,,
,2015-04,West Mercia Police,West Mercia Police,-2.442142,52.650590,On or near Parking Area,E01014108,Telford and Wrekin 020C,Anti-social behaviour,,
,2015-04,West Mercia Police,West Mercia Police,-2.442142,52.650590,On or near Parking Area,E01014108,Telford and Wrekin 020C,Anti-social behaviour,,
,2015-04,West Mercia Police,West Mercia Police,-2.441314,52.650585,On or near Parking Area,E01014108,Telford and Wrekin 020C,Anti-social behaviour,,
,2015-04,West Mercia Police,West Mercia Police,-2.441314,52.650585,On or near Parking Area,E01014108,Telford and Wrekin 020C,Anti-social behaviour,,
,2015-04,West Mercia Police,West Mercia Police,-2.442142,52.650590,On or near Parking Area,E01014108,Telford and Wrekin 020C,Anti-social behaviour,,
a71ca96fb296530020ed06bb0ab5f34b3f9c38903342f2ee36b18379cd0ec6eb,2015-04,West Mercia Police,West Mercia Police,-2.441314,52.650585,On or near Parking Area,E01014108,Telford and Wrekin 020C,Burglary,Investigation complete; no suspect identified,
84d1bb9beb3b184a59981ecc2638075a9a729f9c7883119a9e896faf9676805a,2015-04,West Mercia Police,West Mercia Police,-2.441314,52.650585,On or near Parking Area,E01014108,Telford and Wrekin 020C,Burglary,Investigation complete; no suspect identified,
28c2c417676cfbf28959f9ef171584ff3b980c87a358e2debc413675f681c041,2015-04,West Mercia Police,West Mercia Police,-2.441314,52.650585,On or near Parking Area,E01014108,Telford and Wrekin 020C,Burglary,Investigation complete; no suspect identified,
56bbcb1bcd42e64c40a224251605b3ba848add8d6260a12d6eaabe69cc2e7e4a,2015-04,West Mercia Police,West Mercia Police,-2.442142,52.650590,On or near Parking Area,E01014108,Telford and Wrekin 020C,Criminal damage and arson,Investigation complete; no suspect identified,
e29e449a307e43fcf786ec52605b982cba542decf5b4ff2e685e36d356e7902a,2015-04,West Mercia Police,West Mercia Police,-2.441314,52.650585,On or near Parking Area,E01014108,Telford and Wrekin 020C,Criminal damage and arson,Investigation complete; no suspect identified,
b809b27c093dc508fef1727dbc48d44f9977a3730a7a4b7d21891d516d1b3507,2015-04,West Mercia Police,West Mercia Police,-2.442142,52.650590,On or near Parking Area,E01014108,Telford and Wrekin 020C,Criminal damage and arson,Investigation complete; no suspect identified,
8a7b6ba38610728d0a8fdceb0ab80478f70f66d57ee1a11032c2d60313d62b7c,2015-04,West Mercia Police,West Mercia Police,-2.442142,52.650590,On or near Parking Area,E01014108,Telford and Wrekin 020C,Criminal damage and arson,Investigation complete; no suspect identified,
4797a417b9c675fd72c58ee1a653a37b26c1ae4703202ef7184efcd574abb134,2015-04,West Mercia Police,West Mercia Police,-2.442208,52.652757,On or near Pedestrian Subway,E01014108,Telford and Wrekin 020C,Other theft,Unable to prosecute suspect,
2eb4e597a41cb780ea001f95bcd2eb548c4da7ff071031d5c150641853e1e1f7,2015-04,West Mercia Police,West Mercia Police,-2.442208,52.652757,On or near Pedestrian Subway,E01014108,Telford and Wrekin 020C,Other theft,Unable to prosecute suspect,
03d2c994cf196215215d40054b94aca7d8bf95e2afea5904dafe25d840bedee6,2015-04,West Mercia Police,West Mercia Police,-2.441314,52.650585,On or near Parking Area,E01014108,Telford and Wrekin 020C,Other theft,Investigation complete; no suspect identified,
765336f915405a13f6c89d5bf468a1acf0fdaa5aced0cf70a2d192dc90a21730,2015-04,West Mercia Police,West Mercia Police,-2.441314,52.650585,On or near Parking Area,E01014108,Telford and Wrekin 020C,Vehicle crime,Investigation complete; no suspect identified,
e7d194d4ca41784d15c96901a6bd893efe653d554592a0024cca328665877363,2015-04,West Mercia Police,West Mercia Police,-2.441314,52.650585,On or near Parking Area,E01014108,Telford and Wrekin 020C,Violence and sexual offences,Under investigation,
6a4149dd3c0474f496212b6852e0aab3aff105bf7f082e16a66f03f35eec49c3,2015-04,West Mercia Police,West Mercia Police,-2.442208,52.652757,On or near Pedestrian Subway,E01014108,Telford and Wrekin 020C,Violence and sexual offences,Offender given community sentence,
ea747ca49b758ebf9ffdcd9d8703a2d877f6d4c4a6b30bf1d28832677d94e1c3,2015-04,West Mercia Police,West Mercia Police,-2.442208,52.652757,On or near Pedestrian Subway,E01014108,Telford and Wrekin 020C,Violence and sexual offences,Investigation complete; no suspect identified,
082cf770a0576d1219bc186e15961851207514de1eb388eefd3ce26f2e0edf65,2015-04,West Mercia Police,West Mercia Police,-2.442208,52.652757,On or near Pedestrian Subway,E01014108,Telford and Wrekin 020C,Violence and sexual offences,Unable to prosecute suspect,
faedc7c5dfe8d967a0c7467632b550c5da5adb2b0580bd907b9c5447e7264180,2015-04,West Mercia Police,West Mercia Police,-2.442142,52.650590,On or near Parking Area,E01014108,Telford and Wrekin 020C,Violence and sexual offences,Under investigation,
293797c7b23bcad005daf55bed3b571b51428b90f27671c176ceeff16f87c74e,2015-04,West Mercia Police,West Mercia Police,-2.442142,52.650590,On or near Parking Area,E01014108,Telford and Wrekin 020C,Violence and sexual offences,Unable to prosecute suspect,
30041da74214a2416ec12f0282d79a55c39cb085805adb2c8d0a5e296c2a2623,2015-04,West Mercia Police,West Mercia Police,-2.442208,52.652757,On or near Pedestrian Subway,E01014108,Telford and Wrekin 020C,Violence and sexual offences,Unable to prosecute suspect,
df612ce84fc4a53af00f258a8b104788551bd415ec9fc05b7c7e9ecf04a39545,2015-04,West Mercia Police,West Mercia Police,-2.442208,52.652757,On or near Pedestrian Subway,E01014108,Telford and Wrekin 020C,Violence and sexual offences,Unable to prosecute suspect,
eff03e81245898e02086b1925bf852a22fd3ec69bcf7538e3c6872230069eb24,2015-04,West Mercia Police,West Mercia Police,-2.442208,52.652757,On or near Pedestrian Subway,E01014108,Telford and Wrekin 020C,Violence and sexual offences,Unable to prosecute suspect,
246a12cddeecfd0967721de57e4c52f16cea1c042eae105caf9975287f96797e,2015-04,West Mercia Police,West Mercia Police,-2.441314,52.650585,On or near Parking Area,E01014108,Telford and Wrekin 020C,Violence and sexual offences,Investigation complete; no suspect identified,
4fb7d2cb0e341c62f22ac33c4e954b0e685c678e76be2ef3ec0f7668ca65df6f,2015-04,West Mercia Police,West Mercia Police,-2.442208,52.652757,On or near Pedestrian Subway,E01014108,Telford and Wrekin 020C,Violence and sexual offences,Under investigation,
a07a6c05db63f6bb5d155bb73e87cc996262669d6415919ca1567cc87f66c74a,2015-04,West Mercia Police,West Mercia Police,-2.442142,52.650590,On or near Parking Area,E01014108,Telford and Wrekin 020C,Violence and sexual offences,Unable to prosecute suspect,
6f2f6f03861964f19fa8725947e23c65c7c89a1ca39d8886cafaf34d40224b5c,2015-04,West Mercia Police,West Mercia Police,-2.442142,52.650590,On or near Parking Area,E01014108,Telford and Wrekin 020C,Violence and sexual offences,Investigation complete; no suspect identified,
765ed47848938cedb2574a2b265584a8c7e069d2936e1338e0f69fd905570337,2015-04,West Mercia Police,West Mercia Police,-2.442208,52.652757,On or near Pedestrian Subway,E01014108,Telford and Wrekin 020C,Violence and sexual offences,Unable to prosecute suspect,
,2015-04,West Mercia Police,West Mercia Police,-2.437831,52.648161,On or near Teal Close,E01014109,Telford and Wrekin 020D,Anti-social behaviour,,
,2015-04,West Mercia Police,West Mercia Police,-2.437831,52.648161,On or near Teal Close,E01014109,Telford and Wrekin 020D,Anti-social behaviour,,
,2015-04,West Mercia Police,West Mercia Police,-2.436670,52.651770,On or near Pedestrian Subway,E01014109,Telford and Wrekin 020D,Anti-social behaviour,,
,2015-04,West Mercia Police,West Mercia Police,-2.437831,52.648161,On or near Teal Close,E01014109,Telford and Wrekin 020D,Anti-social behaviour,,
,2015-04,West Mercia Police,West Mercia Police,-2.437831,52.648161,On or near Teal Close,E01014109,Telford and Wrekin 020D,Anti-social behaviour,,
,2015-04,West Mercia Police,West Mercia Police,-2.437831,52.648161,On or near Teal Close,E01014109,Telford and Wrekin 020D,Anti-social behaviour,,
91a3086953694ecb15eed1ad3673dc552c7f5ce6ed86666e86d64152a870d8b8,2015-04,West Mercia Police,West Mercia Police,-2.435648,52.648610,On or near Lake End Drive,E01014109,Telford and Wrekin 020D,Burglary,Investigation complete; no suspect identified,
96319fc340bf73f2ce17a4e0e5b811dbb84ac428347ceddeca1ef5c7396b6bf1,2015-04,West Mercia Police,West Mercia Police,-2.436670,52.651770,On or near Pedestrian Subway,E01014109,Telford and Wrekin 020D,Burglary,Investigation complete; no suspect identified,
91af41d28f72fc414a4b7bfe8d04167188d7907e6df5a9993c4412cc13ab47bc,2015-04,West Mercia Police,West Mercia Police,-2.433730,52.651916,On or near Tadorna Drive,E01014109,Telford and Wrekin 020D,Burglary,Unable to prosecute suspect,
37b6045079152c990b0818edd87f3fd748dd3fd32a934ac5afd9ed92233c2b58,2015-04,West Mercia Police,West Mercia Police,-2.437831,52.648161,On or near Teal Close,E01014109,Telford and Wrekin 020D,Criminal damage and arson,Unable to prosecute suspect,
edb45c7935e7c03597067c14a5bc1f486016abebd61e356568d8ba01d2e4eb93,2015-04,West Mercia Police,West Mercia Police,-2.430488,52.652971,On or near Wroxeter Way,E01014109,Telford and Wrekin 020D,Criminal damage and arson,Investigation complete; no suspect identified,
0244e615a5cb47b572234cd6691ab9452909c6c8b8ef05e9f69674480905639d,2015-04,West Mercia Police,West Mercia Police,-2.433730,52.651916,On or near Tadorna Drive,E01014109,Telford and Wrekin 020D,Violence and sexual offences,Unable to prosecute suspect,
df9571210ed6c579def4c7656770df56bef0226fb2f33104a0a15ef96a9c4a5b,2015-04,West Mercia Police,West Mercia Police,-2.437831,52.648161,On or near Teal Close,E01014109,Telford and Wrekin 020D,Violence and sexual offences,Unable to prosecute suspect,
91b77e129df993bdb154994cf5060b59721d13e64711f65a341f92c3d4372853,2015-04,West Mercia Police,West Mercia Police,-2.437831,52.648161,On or near Teal Close,E01014109,Telford and Wrekin 020D,Other crime,Unable to prosecute suspect,
,2015-04,West Mercia Police,West Mercia Police,-2.445794,52.647817,On or near Bishopdale,E01014110,Telford and Wrekin 020E,Anti-social behaviour,,
,2015-04,West Mercia Police,West Mercia Police,-2.445794,52.647817,On or near Bishopdale,E01014110,Telford and Wrekin 020E,Anti-social behaviour,,
,2015-04,West Mercia Police,West Mercia Police,-2.445794,52.647817,On or near Bishopdale,E01014110,Telford and Wrekin 020E,Anti-social behaviour,,
,2015-04,West Mercia Police,West Mercia Police,-2.445794,52.647817,On or near Bishopdale,E01014110,Telford and Wrekin 020E,Anti-social behaviour,,
,2015-04,West Mercia Police,West Mercia Police,-2.448101,52.647871,On or near Brackenfield,E01014110,Telford and Wrekin 020E,Anti-social behaviour,,
,2015-04,West Mercia Police,West Mercia Police,-2.445794,52.647817,On or near Bishopdale,E01014110,Telford and Wrekin 020E,Anti-social behaviour,,
,2015-04,West Mercia Police,West Mercia Police,-2.440042,52.647560,On or near Brookside Avenue,E01014110,Telford and Wrekin 020E,Anti-social behaviour,,
,2015-04,West Mercia Police,West Mercia Police,-2.445794,52.647817,On or near Bishopdale,E01014110,Telford and Wrekin 020E,Anti-social behaviour,,
,2015-04,West Mercia Police,West Mercia Police,-2.440042,52.647560,On or near Brookside Avenue,E01014110,Telford and Wrekin 020E,Anti-social behaviour,,
,2015-04,West Mercia Police,West Mercia Police,-2.445794,52.647817,On or near Bishopdale,E01014110,Telford and Wrekin 020E,Anti-social behaviour,,
915a4acfedaf7060f7ba64d682717c4e7447335c0e9ffc9b8399e5803063e683,2015-04,West Mercia Police,West Mercia Police,-2.448101,52.647871,On or near Brackenfield,E01014110,Telford and Wrekin 020E,Burglary,Investigation complete; no suspect identified,
d880eeb48306cfc62ad82e56a670f8ab4f21153e05af3ed15a5342ec92f316ee,2015-04,West Mercia Police,West Mercia Police,-2.440042,52.647560,On or near Brookside Avenue,E01014110,Telford and Wrekin 020E,Burglary,Investigation complete; no suspect identified,
822c874f91461246d300dba9ed39036a93e2d9c6b983f66e52cb92e63be0a1e8,2015-04,West Mercia Police,West Mercia Police,-2.445794,52.647817,On or near Bishopdale,E01014110,Telford and Wrekin 020E,Burglary,Investigation complete; no suspect identified,
d43d6d165eb1a49f897fca9719cde3d0590c5988b8e2609eb8cd721c42b778b1,2015-04,West Mercia Police,West Mercia Police,-2.445870,52.650900,On or near Sports/Recreation Area,E01014110,Telford and Wrekin 020E,Criminal damage and arson,Investigation complete; no suspect identified,
610066305acee4d761df5e1c5f4d41c82e260a1f6120492f8e2f26aa3f783c70,2015-04,West Mercia Police,West Mercia Police,-2.445794,52.647817,On or near Bishopdale,E01014110,Telford and Wrekin 020E,Criminal damage and arson,Investigation complete; no suspect identified,
57504a8db116095e0488659a4584d143f1ae5bd73fd65b3f42e55eafd9ee8d78,2015-04,West Mercia Police,West Mercia Police,-2.445794,52.647817,On or near Bishopdale,E01014110,Telford and Wrekin 020E,Criminal damage and arson,Investigation complete; no suspect identified,
85775ccda604b9ec646dc1aa762eba450287ed82b5a43285d51a4929c6c906bb,2015-04,West Mercia Police,West Mercia Police,-2.445870,52.650900,On or near Sports/Recreation Area,E01014110,Telford and Wrekin 020E,Criminal damage and arson,Investigation complete; no suspect identified,
9f42fdf799757a92834752f9bc13d2937aaafb84e42b4333fa39fbd0029d081a,2015-04,West Mercia Police,West Mercia Police,-2.444591,52.645763,On or near Queensway,E01014110,Telford and Wrekin 020E,Criminal damage and arson,Investigation complete; no suspect identified,
d1658ac58d77c9c045f8bc368cf7edb4f8eebed73f85d1cf4a093992aa757da2,2015-04,West Mercia Police,West Mercia Police,-2.447047,52.646068,On or near Bridgnorth Road,E01014110,Telford and Wrekin 020E,Criminal damage and arson,Unable to prosecute suspect,
d9b03551edc088c8388b652c08e938bc2083756f30a9bff1d035ceca8dfa2c79,2015-04,West Mercia Police,West Mercia Police,-2.440042,52.647560,On or near Brookside Avenue,E01014110,Telford and Wrekin 020E,Criminal damage and arson,Investigation complete; no suspect identified,
007652642384f7a1b672c2f6e552004bdab5df5e8e1596c6cbb24976ee0abfa4,2015-04,West Mercia Police,West Mercia Police,-2.444591,52.645763,On or near Queensway,E01014110,Telford and Wrekin 020E,Public order,Unable to prosecute suspect,
352542d9230f5022679f27cd2562462c73f21bd6eac81c187867e5de23d5c31b,2015-04,West Mercia Police,West Mercia Police,-2.448101,52.647871,On or near Brackenfield,E01014110,Telford and Wrekin 020E,Vehicle crime,Investigation complete; no suspect identified,
340dd5b819ddc83300f326362fc4cb69b877dd916accbd6b048104491459db2c,2015-04,West Mercia Police,West Mercia Police,-2.445794,52.647817,On or near Bishopdale,E01014110,Telford and Wrekin 020E,Vehicle crime,Investigation complete; no suspect identified,
66d822cd1222d60c216b0e43bec634696211a8022c8b813a49915b933ef12b5c,2015-04,West Mercia Police,West Mercia Police,-2.445794,52.647817,On or near Bishopdale,E01014110,Telford and Wrekin 020E,Violence and sexual offences,Under investigation,
8966db4d445299263b1362f3febae117b73351cf148710048a3c9ff72992d4d6,2015-04,West Mercia Police,West Mercia Police,-2.445794,52.647817,On or near Bishopdale,E01014110,Telford and Wrekin 020E,Violence and sexual offences,Unable to prosecute suspect,
,2015-04,West Mercia Police,West Mercia Police,-2.466008,52.637527,On or near Parking Area,E01014197,Telford and Wrekin 021A,Anti-social behaviour,,
,2015-04,West Mercia Police,West Mercia Police,-2.458633,52.640216,On or near Waverley,E01014197,Telford and Wrekin 021A,Anti-social behaviour,,
,2015-04,West Mercia Police,West Mercia Police,-2.467770,52.637870,On or near Park Lane,E01014197,Telford and Wrekin 021A,Anti-social behaviour,,
,2015-04,West Mercia Police,West Mercia Police,-2.458633,52.640216,On or near Waverley,E01014197,Telford and Wrekin 021A,Anti-social behaviour,,
,2015-04,West Mercia Police,West Mercia Police,-2.460026,52.639150,On or near Wellsfield,E01014197,Telford and Wrekin 021A,Anti-social behaviour,,
,2015-04,West Mercia Police,West Mercia Police,-2.458633,52.640216,On or near Waverley,E01014197,Telford and Wrekin 021A,Anti-social behaviour,,
,2015-04,West Mercia Police,West Mercia Police,-2.458633,52.640216,On or near Waverley,E01014197,Telford and Wrekin 021A,Anti-social behaviour,,
,2015-04,West Mercia Police,West Mercia Police,-2.458633,52.640216,On or near Waverley,E01014197,Telford and Wrekin 021A,Anti-social behaviour,,
,2015-04,West Mercia Police,West Mercia Police,-2.460805,52.638761,On or near Wigmores,E01014197,Telford and Wrekin 021A,Anti-social behaviour,,
,2015-04,West Mercia Police,West Mercia Police,-2.460026,52.639150,On or near Wellsfield,E01014197,Telford and Wrekin 021A,Anti-social behaviour,,
,2015-04,West Mercia Police,West Mercia Police,-2.459045,52.638615,On or near Pedestrian Subway,E01014197,Telford and Wrekin 021A,Anti-social behaviour,,
,2015-04,West Mercia Police,West Mercia Police,-2.460026,52.639150,On or near Wellsfield,E01014197,Telford and Wrekin 021A,Anti-social behaviour,,
,2015-04,West Mercia Police,West Mercia Police,-2.458633,52.640216,On or near Waverley,E01014197,Telford and Wrekin 021A,Anti-social behaviour,,
,2015-04,West Mercia Police,West Mercia Police,-2.461251,52.637653,On or near Mound Way,E01014197,Telford and Wrekin 021A,Anti-social behaviour,,
,2015-04,West Mercia Police,West Mercia Police,-2.458633,52.640216,On or near Waverley,E01014197,Telford and Wrekin 021A,Anti-social behaviour,,
,2015-04,West Mercia Police,West Mercia Police,-2.458633,52.640216,On or near Waverley,E01014197,Telford and Wrekin 021A,Anti-social behaviour,,
,2015-04,West Mercia Police,West Mercia Police,-2.460805,52.638761,On or near Wigmores,E01014197,Telford and Wrekin 021A,Anti-social behaviour,,
9dd407b643553364a6089ab88fa25eff6787b4055f1497ca8e6dbb1683cd5b40,2015-04,West Mercia Police,West Mercia Police,-2.460026,52.639150,On or near Wellsfield,E01014197,Telford and Wrekin 021A,Burglary,Investigation complete; no suspect identified,
c868a328133e33aeae4b01ae831b5a172fd4004d32f1d103c691fe1b1a46661e,2015-04,West Mercia Police,West Mercia Police,-2.460026,52.639150,On or near Wellsfield,E01014197,Telford and Wrekin 021A,Criminal damage and arson,Local resolution,
fc47403e2f152190b731ff9600100eb0415a592b63ad59ed7141b65064cb4d83,2015-04,West Mercia Police,West Mercia Police,-2.461251,52.637653,On or near Mound Way,E01014197,Telford and Wrekin 021A,Criminal damage and arson,Investigation complete; no suspect identified,
2a688f4922119dd6ae1f4abf18febe554949136802dc443919af86fa5e988ee9,2015-04,West Mercia Police,West Mercia Police,-2.467770,52.637870,On or near Park Lane,E01014197,Telford and Wrekin 021A,Criminal damage and arson,Investigation complete; no suspect identified,
5a4abd63a623a15d0ce39007fe8fca9fb5f08126d3a78379dc63d480d20041d9,2015-04,West Mercia Police,West Mercia Police,-2.460805,52.638761,On or near Wigmores,E01014197,Telford and Wrekin 021A,Criminal damage and arson,Investigation complete; no suspect identified,
3a638c52a028c97d58a00d9ee1dfdf82925b8629702b38667a79cffdd06d5279,2015-04,West Mercia Police,West Mercia Police,-2.463929,52.637975,On or near Waltondale,E01014197,Telford and Wrekin 021A,Criminal damage and arson,Investigation complete; no suspect identified,
e4bbfe4764a49f08b1759e51e091550da6eed0cd40977b92d9015a55a362012d,2015-04,West Mercia Police,West Mercia Police,-2.462707,52.638358,On or near Wayside,E01014197,Telford and Wrekin 021A,Criminal damage and arson,Investigation complete; no suspect identified,
8257b2bbbbb2b4299a261b4fd22cb2a8ed9e2ffddf16aef354f8a684b4c0e49c,2015-04,West Mercia Police,West Mercia Police,-2.467770,52.637870,On or near Park Lane,E01014197,Telford and Wrekin 021A,Drugs,Offender given penalty notice,
199d3730e7b52374ca3edab31e722dca72e7a0aec25d79b81e760154ad8bcf41,2015-04,West Mercia Police,West Mercia Police,-2.458633,52.640216,On or near Waverley,E01014197,Telford and Wrekin 021A,Drugs,Offender fined,
c27432308928b63c939780da3ca554bdd5223e52deb492bfee0b60458f84ce92,2015-04,West Mercia Police,West Mercia Police,-2.460026,52.639150,On or near Wellsfield,E01014197,Telford and Wrekin 021A,Drugs,Offender given a drugs possession warning,
8634cf29b9b298b837ca5e4a850f3a50f28d5c9b977f46dbfff64883094326a0,2015-04,West Mercia Police,West Mercia Police,-2.466008,52.637527,On or near Parking Area,E01014197,Telford and Wrekin 021A,Other theft,Local resolution,
fe636bc57bcb57841ac7b2b90113a768698332d5efae39c9b759f0cd1c0266c0,2015-04,West Mercia Police,West Mercia Police,-2.460026,52.639150,On or near Wellsfield,E01014197,Telford and Wrekin 021A,Other theft,Investigation complete; no suspect identified,
baa13499278086bf0fe406ef34d474ef88d122c0793902ba7b6cdcfdd932d1dc,2015-04,West Mercia Police,West Mercia Police,-2.460026,52.639150,On or near Wellsfield,E01014197,Telford and Wrekin 021A,Other theft,Investigation complete; no suspect identified,
52729027d23625522aa77a20db28db10d3880a2d88cdccb716524ff05a505a64,2015-04,West Mercia Police,West Mercia Police,-2.461251,52.637653,On or near Mound Way,E01014197,Telford and Wrekin 021A,Other theft,Investigation complete; no suspect identified,
0c958d7e8702f9f14af84084af1e3a198bbaa423af22e6695acf09a9ea5ff995,2015-04,West Mercia Police,West Mercia Police,-2.468735,52.638280,On or near Trevithick Close,E01014197,Telford and Wrekin 021A,Vehicle crime,Investigation complete; no suspect identified,
3371eeed4a1be065203920de99b20d1d8ebc88695609a37a48251a6afa378c72,2015-04,West Mercia Police,West Mercia Police,-2.460026,52.639150,On or near Wellsfield,E01014197,Telford and Wrekin 021A,Violence and sexual offences,Unable to prosecute suspect,
43d2c774f3f25d8040b41f6c76fc4beb4290bc0703698100fe4efb1692b66887,2015-04,West Mercia Police,West Mercia Police,-2.459045,52.638615,On or near Pedestrian Subway,E01014197,Telford and Wrekin 021A,Violence and sexual offences,Awaiting court outcome,
8b61b02c57c48927a2d40979adefc2319f63d1730aca9ff41220741d8092ef38,2015-04,West Mercia Police,West Mercia Police,-2.466008,52.637527,On or near Parking Area,E01014197,Telford and Wrekin 021A,Violence and sexual offences,Unable to prosecute suspect,
b81e5ae525774a1e6846cd6f0bacbc5748c97e311bf7f8962b8a8906593130a9,2015-04,West Mercia Police,West Mercia Police,-2.461718,52.638505,On or near Woodcroft,E01014197,Telford and Wrekin 021A,Violence and sexual offences,Under investigation,
da3baa085a71e0a57ba444ea7d5bca821143a1bcb3a456ca4f2aca3ac4f6f8d7,2015-04,West Mercia Police,West Mercia Police,-2.458633,52.640216,On or near Waverley,E01014197,Telford and Wrekin 021A,Violence and sexual offences,Unable to prosecute suspect,
07452146463a5c2722e35bcede19ead677aff56fbcbdc4c9af202a0f236e48a9,2015-04,West Mercia Police,West Mercia Police,-2.466008,52.637527,On or near Parking Area,E01014197,Telford and Wrekin 021A,Violence and sexual offences,Unable to prosecute suspect,
a22c9c12c2225a2cd2ff6233e9c28b7d108ac73f43a00961e0a7b9c70a0ea0ff,2015-04,West Mercia Police,West Mercia Police,-2.460026,52.639150,On or near Wellsfield,E01014197,Telford and Wrekin 021A,Violence and sexual offences,Unable to prosecute suspect,
e8843ba0f03717b219b79623c525ceca1513b10018c657b8e65c1b5a26f2d643,2015-04,West Mercia Police,West Mercia Police,-2.465756,52.637492,On or near Fairview Court,E01014197,Telford and Wrekin 021A,Violence and sexual offences,Unable to prosecute suspect,
a00a7a6f7c295a6900a9be4b5d6f2f93cae9082048b4d57411765922835b9066,2015-04,West Mercia Police,West Mercia Police,-2.460026,52.639150,On or near Wellsfield,E01014197,Telford and Wrekin 021A,Violence and sexual offences,Unable to prosecute suspect,
987ebe061b63a704479f2705f41b58c2fbdd86d5ab8173aefc2aa8bed645330b,2015-04,West Mercia Police,West Mercia Police,-2.467770,52.637870,On or near Park Lane,E01014197,Telford and Wrekin 021A,Violence and sexual offences,Investigation complete; no suspect identified,
8462fdd28bd23ed1a7b8ea5feeff177d3c82a34959a24beda8b5c842ae909bd3,2015-04,West Mercia Police,West Mercia Police,-2.461718,52.638505,On or near Woodcroft,E01014197,Telford and Wrekin 021A,Violence and sexual offences,Unable to prosecute suspect,
77238ad925e30d062e7b0b1573c64f52e0cc3a97700eb30b76ede5b0c090ee8a,2015-04,West Mercia Police,West Mercia Police,-2.459045,52.638615,On or near Pedestrian Subway,E01014197,Telford and Wrekin 021A,Violence and sexual offences,Unable to prosecute suspect,
ceb780d2f3d3093599b0816906cb4015de6193cef79da75c936cea62a06f17a0,2015-04,West Mercia Police,West Mercia Police,-2.460026,52.639150,On or near Wellsfield,E01014197,Telford and Wrekin 021A,Violence and sexual offences,Unable to prosecute suspect,
feea43b1b027061f95566b987da301d5868b3fa374709c5ead3602984bcdb9f9,2015-04,West Mercia Police,West Mercia Police,-2.460026,52.639150,On or near Wellsfield,E01014197,Telford and Wrekin 021A,Violence and sexual offences,Investigation complete; no suspect identified,
,2015-04,West Mercia Police,West Mercia Police,-2.465755,52.640171,On or near Woodrows,E01014198,Telford and Wrekin 021B,Anti-social behaviour,,
,2015-04,West Mercia Police,West Mercia Police,-2.466632,52.642001,On or near Lord Murray Drive,E01014198,Telford and Wrekin 021B,Anti-social behaviour,,
,2015-04,West Mercia Police,West Mercia Police,-2.465755,52.640171,On or near Woodrows,E01014198,Telford and Wrekin 021B,Anti-social behaviour,,
,2015-04,West Mercia Police,West Mercia Police,-2.470895,52.639926,On or near Woodside Avenue,E01014198,Telford and Wrekin 021B,Anti-social behaviour,,
,2015-04,West Mercia Police,West Mercia Police,-2.466632,52.642001,On or near Lord Murray Drive,E01014198,Telford and Wrekin 021B,Anti-social behaviour,,
,2015-04,West Mercia Police,West Mercia Police,-2.466632,52.642001,On or near Lord Murray Drive,E01014198,Telford and Wrekin 021B,Anti-social behaviour,,
,2015-04,West Mercia Police,West Mercia Police,-2.466632,52.642001,On or near Lord Murray Drive,E01014198,Telford and Wrekin 021B,Anti-social behaviour,,
,2015-04,West Mercia Police,West Mercia Police,-2.466632,52.642001,On or near Lord Murray Drive,E01014198,Telford and Wrekin 021B,Anti-social behaviour,,
,2015-04,West Mercia Police,West Mercia Police,-2.466632,52.642001,On or near Lord Murray Drive,E01014198,Telford and Wrekin 021B,Anti-social behaviour,,
,2015-04,West Mercia Police,West Mercia Police,-2.464674,52.642692,On or near Minton Close,E01014198,Telford and Wrekin 021B,Anti-social behaviour,,
01f2a17cc39d64e590549be559643144c951a9c51b4c1befd5f88d5a9d8a6e2d,2015-04,West Mercia Police,West Mercia Police,-2.468721,52.639709,On or near Wildwood,E01014198,Telford and Wrekin 021B,Criminal damage and arson,Offender fined,
ac763cbc2a39844629276f127f7efab09523a7aa7574c5ed53691b06ec7e442e,2015-04,West Mercia Police,West Mercia Police,-2.468721,52.639709,On or near Wildwood,E01014198,Telford and Wrekin 021B,Criminal damage and arson,Investigation complete; no suspect identified,
a5dc7f0f615f7afb7f2f7f31e475a7634e095d2c3ef6b713a44db98c80acad71,2015-04,West Mercia Police,West Mercia Police,-2.469338,52.638017,On or near Wenlock Court,E01014198,Telford and Wrekin 021B,Shoplifting,Offender given a caution,
6f62022dc681c6be6cbde3b3e856f91a0bcea6fa5332e90dd55e8f19866a50b0,2015-04,West Mercia Police,West Mercia Police,-2.469338,52.638017,On or near Wenlock Court,E01014198,Telford and Wrekin 021B,Shoplifting,Investigation complete; no suspect identified,
4997d0c0c89e4cc600b37a10f3c107b7a8d202fe37b037163781d3a37cb12a4c,2015-04,West Mercia Police,West Mercia Police,-2.469338,52.638017,On or near Wenlock Court,E01014198,Telford and Wrekin 021B,Shoplifting,Investigation complete; no suspect identified,
c6c4dcdf962c82054b53296999477a4b6a8174df904c58084b7850d684aef624,2015-04,West Mercia Police,West Mercia Police,-2.469338,52.638017,On or near Wenlock Court,E01014198,Telford and Wrekin 021B,Shoplifting,Investigation complete; no suspect identified,
d51b806e376fb5ab639308a3d198f92667cd71c242e59d2dd2fbf52033cdfe16,2015-04,West Mercia Police,West Mercia Police,-2.469338,52.638017,On or near Wenlock Court,E01014198,Telford and Wrekin 021B,Shoplifting,Investigation complete; no suspect identified,
31d8e2b5032a33f9620fee7a0dfa69f8a2745448d594d2153e677b08a08213f3,2015-04,West Mercia Police,West Mercia Police,-2.464674,52.642692,On or near Minton Close,E01014198,Telford and Wrekin 021B,Vehicle crime,Investigation complete; no suspect identified,
19ee93c54ced2af2b8104ee0ab3820320c2f12e6f2166b3b25b0cca2cddbc19f,2015-04,West Mercia Police,West Mercia Police,-2.465115,52.642502,On or near Arthur Way,E01014198,Telford and Wrekin 021B,Vehicle crime,Investigation complete; no suspect identified,
fba4a44b8b644680e473bf1e52894f44148c3a828e2631328beaf81cd87ad4f5,2015-04,West Mercia Police,West Mercia Police,-2.465755,52.640171,On or near Woodrows,E01014198,Telford and Wrekin 021B,Vehicle crime,Investigation complete; no suspect identified,
6632afc052d068fe8d4c88ecd41ca4bdb9a21f908c6f397d04e92b09d5593334,2015-04,West Mercia Police,West Mercia Police,-2.466632,52.642001,On or near Lord Murray Drive,E01014198,Telford and Wrekin 021B,Vehicle crime,Investigation complete; no suspect identified,
83cd1f5aa1b6e6fc1fc2605ee14b5cfda9aacac45c663c193a52a1e0be4a408f,2015-04,West Mercia Police,West Mercia Police,-2.464674,52.642692,On or near Minton Close,E01014198,Telford and Wrekin 021B,Violence and sexual offences,Investigation complete; no suspect identified,
,2015-04,West Mercia Police,West Mercia Police,-2.478708,52.639454,On or near The Saplings,E01014199,Telford and Wrekin 021C,Anti-social behaviour,,
,2015-04,West Mercia Police,West Mercia Police,-2.476458,52.636415,On or near Warrensway,E01014199,Telford and Wrekin 021C,Anti-social behaviour,,
,2015-04,West Mercia Police,West Mercia Police,-2.476458,52.636415,On or near Warrensway,E01014199,Telford and Wrekin 021C,Anti-social behaviour,,
,2015-04,West Mercia Police,West Mercia Police,-2.476458,52.636415,On or near Warrensway,E01014199,Telford and Wrekin 021C,Anti-social behaviour,,
,2015-04,West Mercia Police,West Mercia Police,-2.478708,52.639454,On or near The Saplings,E01014199,Telford and Wrekin 021C,Anti-social behaviour,,
,2015-04,West Mercia Police,West Mercia Police,-2.475600,52.639017,On or near Withybrook,E01014199,Telford and Wrekin 021C,Anti-social behaviour,,
,2015-04,West Mercia Police,West Mercia Police,-2.478708,52.639454,On or near The Saplings,E01014199,Telford and Wrekin 021C,Anti-social behaviour,,
,2015-04,West Mercia Police,West Mercia Police,-2.476458,52.636415,On or near Warrensway,E01014199,Telford and Wrekin 021C,Anti-social behaviour,,
,2015-04,West Mercia Police,West Mercia Police,-2.481355,52.636908,On or near Newcomen Way,E01014199,Telford and Wrekin 021C,Anti-social behaviour,,
,2015-04,West Mercia Police,West Mercia Police,-2.476458,52.636415,On or near Warrensway,E01014199,Telford and Wrekin 021C,Anti-social behaviour,,
,2015-04,West Mercia Police,West Mercia Police,-2.475870,52.635375,On or near Wyvern,E01014199,Telford and Wrekin 021C,Anti-social behaviour,,
,2015-04,West Mercia Police,West Mercia Police,-2.475600,52.639017,On or near Withybrook,E01014199,Telford and Wrekin 021C,Anti-social behaviour,,
,2015-04,West Mercia Police,West Mercia Police,-2.476458,52.636415,On or near Warrensway,E01014199,Telford and Wrekin 021C,Anti-social behaviour,,
,2015-04,West Mercia Police,West Mercia Police,-2.477166,52.639037,On or near Pedestrian Subway,E01014199,Telford and Wrekin 021C,Anti-social behaviour,,
,2015-04,West Mercia Police,West Mercia Police,-2.476458,52.636415,On or near Warrensway,E01014199,Telford and Wrekin 021C,Anti-social behaviour,,
,2015-04,West Mercia Police,West Mercia Police,-2.476458,52.636415,On or near Warrensway,E01014199,Telford and Wrekin 021C,Anti-social behaviour,,
499d36369b963c9e61e03d23bf983b287862207b5a90d4cfdde60e8563788943,2015-04,West Mercia Police,West Mercia Police,-2.475870,52.635375,On or near Wyvern,E01014199,Telford and Wrekin 021C,Burglary,Investigation complete; no suspect identified,
240abff5361a05e401200f7c3d2789818687d8b814daf3ce20418e363ce8e689,2015-04,West Mercia Police,West Mercia Police,-2.476458,52.636415,On or near Warrensway,E01014199,Telford and Wrekin 021C,Burglary,Investigation complete; no suspect identified,
814390adcf11aefdde360d75f276a1707ae06177093a5a80adb7443f936f8a8d,2015-04,West Mercia Police,West Mercia Police,-2.479370,52.637878,On or near Gooch Close,E01014199,Telford and Wrekin 021C,Drugs,Under investigation,
3e957cd0a8f1426cda64577b7202ab76a172b7b72e9f823eed2b52ebeef9b383,2015-04,West Mercia Police,West Mercia Police,-2.476458,52.636415,On or near Warrensway,E01014199,Telford and Wrekin 021C,Theft from the person,Unable to prosecute suspect,
6806b4723090b7b63995e6aa6807f1e3217c590f7359786849c708c88f9b28c0,2015-04,West Mercia Police,West Mercia Police,-2.477427,52.639917,On or near Ferriday Close,E01014199,Telford and Wrekin 021C,Vehicle crime,Investigation complete; no suspect identified,
f1c6930262a8d880ca7f633daf097aa3987741a4d71ab764bb6c6d1616bbbf05,2015-04,West Mercia Police,West Mercia Police,-2.477154,52.637887,On or near Weybridge,E01014199,Telford and Wrekin 021C,Violence and sexual offences,Unable to prosecute suspect,
7c4d2b7d236ab35b5071825fa12c3db93a7821ad41d226c6099cce6bdfa697a3,2015-04,West Mercia Police,West Mercia Police,-2.481315,52.637358,On or near Drummond Close,E01014199,Telford and Wrekin 021C,Violence and sexual offences,Unable to prosecute suspect,
dace9597948fd97dda83debe10017c58ee26d5ecb27395d630f423a85c4d6453,2015-04,West Mercia Police,West Mercia Police,-2.481315,52.637358,On or near Drummond Close,E01014199,Telford and Wrekin 021C,Violence and sexual offences,Unable to prosecute suspect,
,2015-04,West Mercia Police,West Mercia Police,-2.473711,52.637901,On or near Wealdstone,E01014200,Telford and Wrekin 021D,Anti-social behaviour,,
,2015-04,West Mercia Police,West Mercia Police,-2.473711,52.637901,On or near Wealdstone,E01014200,Telford and Wrekin 021D,Anti-social behaviour,,
f238d863117b2de17db286474a973d4d7f988b99a67cf841c10ce0e230ecf208,2015-04,West Mercia Police,West Mercia Police,-2.473711,52.637901,On or near Wealdstone,E01014200,Telford and Wrekin 021D,Burglary,Investigation complete; no suspect identified,
131d39ee056ef02a1d8e30bdc6dafd5ef6d06e6d823b225013326eb011c1110e,2015-04,West Mercia Police,West Mercia Police,-2.473711,52.637901,On or near Wealdstone,E01014200,Telford and Wrekin 021D,Burglary,Investigation complete; no suspect identified,
e5bb9e0e05a1d023bc8f15cc27cc73197fb07c859d58bda2f5a0fbd694150e1a,2015-04,West Mercia Police,West Mercia Police,-2.472637,52.635568,On or near Westbourne,E01014200,Telford and Wrekin 021D,Criminal damage and arson,Unable to prosecute suspect,
15b222be6a94809cee709b16c6e8169592693a68a454230cb8a4c6e5fe1ea57e,2015-04,West Mercia Police,West Mercia Police,-2.473711,52.637901,On or near Wealdstone,E01014200,Telford and Wrekin 021D,Criminal damage and arson,Investigation complete; no suspect identified,
df28727c6e9f42fca55942fa4a05c6f2d89cd5f1a567250bf10a2af8e7708bcd,2015-04,West Mercia Police,West Mercia Police,-2.472637,52.635568,On or near Westbourne,E01014200,Telford and Wrekin 021D,Criminal damage and arson,Investigation complete; no suspect identified,
7d4d0d9c83dde2be37ec082d8e305386f8eb1c6bd7ce844769f7f2f9d1137945,2015-04,West Mercia Police,West Mercia Police,-2.472637,52.635568,On or near Westbourne,E01014200,Telford and Wrekin 021D,Criminal damage and arson,Unable to prosecute suspect,
6eba7025df283502bd437449a436f669d1a7eff9bc300be45f63a864214ee5df,2015-04,West Mercia Police,West Mercia Police,-2.472637,52.635568,On or near Westbourne,E01014200,Telford and Wrekin 021D,Vehicle crime,Investigation complete; no suspect identified,
dfd4b3effe966041ca87ff04e02edda8b6e0f7c2046d51727ce6d3a07eb30af1,2015-04,West Mercia Police,West Mercia Police,-2.473711,52.637901,On or near Wealdstone,E01014200,Telford and Wrekin 021D,Vehicle crime,Investigation complete; no suspect identified,
3989eb4fc0b3923c8a3823aba28f9d21beeb14be42d8a6c2e1897b8c1ba8696f,2015-04,West Mercia Police,West Mercia Police,-2.472637,52.635568,On or near Westbourne,E01014200,Telford and Wrekin 021D,Vehicle crime,Investigation complete; no suspect identified,
8a9efd2676892d295ef38a8a5c34a00589e6bacc44f4d0daf9cc1c0bedbb45d9,2015-04,West Mercia Police,West Mercia Police,-2.472637,52.635568,On or near Westbourne,E01014200,Telford and Wrekin 021D,Violence and sexual offences,Investigation complete; no suspect identified,
ea27056b95aca1e1921d46b6124252ac89b25fea97c78cdefa9a4c054e9321ad,2015-04,West Mercia Police,West Mercia Police,-2.472637,52.635568,On or near Westbourne,E01014200,Telford and Wrekin 021D,Violence and sexual offences,Awaiting court outcome,
b0a0b768fa981ebf38c1d091f45412a728b8f31041950fde42f0472898e7146f,2015-04,West Mercia Police,West Mercia Police,-2.473711,52.637901,On or near Wealdstone,E01014200,Telford and Wrekin 021D,Violence and sexual offences,Under investigation,
,2015-04,West Mercia Police,West Mercia Police,-2.461766,52.641616,On or near Willowfield,E01014201,Telford and Wrekin 021E,Anti-social behaviour,,
,2015-04,West Mercia Police,West Mercia Police,-2.461766,52.641616,On or near Willowfield,E01014201,Telford and Wrekin 021E,Anti-social behaviour,,
,2015-04,West Mercia Police,West Mercia Police,-2.464271,52.640986,On or near Wantage,E01014201,Telford and Wrekin 021E,Anti-social behaviour,,
,2015-04,West Mercia Police,West Mercia Police,-2.461766,52.641616,On or near Willowfield,E01014201,Telford and Wrekin 021E,Anti-social behaviour,,
,2015-04,West Mercia Police,West Mercia Police,-2.461766,52.641616,On or near Willowfield,E01014201,Telford and Wrekin 021E,Anti-social behaviour,,
,2015-04,West Mercia Police,West Mercia Police,-2.461766,52.641616,On or near Willowfield,E01014201,Telford and Wrekin 021E,Anti-social behaviour,,
,2015-04,West Mercia Police,West Mercia Police,-2.461766,52.641616,On or near Willowfield,E01014201,Telford and Wrekin 021E,Anti-social behaviour,,
,2015-04,West Mercia Police,West Mercia Police,-2.461766,52.641616,On or near Willowfield,E01014201,Telford and Wrekin 021E,Anti-social behaviour,,
,2015-04,West Mercia Police,West Mercia Police,-2.461766,52.641616,On or near Willowfield,E01014201,Telford and Wrekin 021E,Anti-social behaviour,,
,2015-04,West Mercia Police,West Mercia Police,-2.461766,52.641616,On or near Willowfield,E01014201,Telford and Wrekin 021E,Anti-social behaviour,,
,2015-04,West Mercia Police,West Mercia Police,-2.461766,52.641616,On or near Willowfield,E01014201,Telford and Wrekin 021E,Anti-social behaviour,,
,2015-04,West Mercia Police,West Mercia Police,-2.461766,52.641616,On or near Willowfield,E01014201,Telford and Wrekin 021E,Anti-social behaviour,,
,2015-04,West Mercia Police,West Mercia Police,-2.461766,52.641616,On or near Willowfield,E01014201,Telford and Wrekin 021E,Anti-social behaviour,,
,2015-04,West Mercia Police,West Mercia Police,-2.461766,52.641616,On or near Willowfield,E01014201,Telford and Wrekin 021E,Anti-social behaviour,,
af19ad9e250f084aad33761751bd3cfa345242384d3e37af7e296e45c769e5df,2015-04,West Mercia Police,West Mercia Police,-2.461766,52.641616,On or near Willowfield,E01014201,Telford and Wrekin 021E,Criminal damage and arson,Investigation complete; no suspect identified,
35d088e72b13c22a965610cc94d127118889d6db9d269c2b65e84894023dc389,2015-04,West Mercia Police,West Mercia Police,-2.461766,52.641616,On or near Willowfield,E01014201,Telford and Wrekin 021E,Criminal damage and arson,Investigation complete; no suspect identified,
f455c4e0c39da0ba0828fe76f16e197ad240f98a0405bd778aecd9429c43217f,2015-04,West Mercia Police,West Mercia Police,-2.461766,52.641616,On or near Willowfield,E01014201,Telford and Wrekin 021E,Drugs,Unable to prosecute suspect,
3e45ad384f03cee5d9dc9c56efa7c46ca2c5426a2a35e9ab4e881a3f12e5ec55,2015-04,West Mercia Police,West Mercia Police,-2.461766,52.641616,On or near Willowfield,E01014201,Telford and Wrekin 021E,Vehicle crime,Investigation complete; no suspect identified,
b743b0a06f75c9ae5b868766e2ab9aeb8b17d851d216faa0ca09c73cec12d6ee,2015-04,West Mercia Police,West Mercia Police,-2.461766,52.641616,On or near Willowfield,E01014201,Telford and Wrekin 021E,Violence and sexual offences,Unable to prosecute suspect,
b183fd71bb24d537586ff268a96ffffedb4ff9b77111b43ff78088d4ccbe0cd6,2015-04,West Mercia Police,West Mercia Police,-2.461766,52.641616,On or near Willowfield,E01014201,Telford and Wrekin 021E,Violence and sexual offences,Investigation complete; no suspect identified,
1ec6201127030c73e83c608f2c8fa5699446b496f3130a0bec28c24fd39cc0f7,2015-04,West Mercia Police,West Mercia Police,-2.461766,52.641616,On or near Willowfield,E01014201,Telford and Wrekin 021E,Violence and sexual offences,Investigation complete; no suspect identified,
9fe9d7b05656fd4a2632ffc54f2756a4c9f1dddf5484fb2a15efc6eb79434f97,2015-04,West Mercia Police,West Mercia Police,-2.461766,52.641616,On or near Willowfield,E01014201,Telford and Wrekin 021E,Violence and sexual offences,Unable to prosecute suspect,
5e3bea558fe3caf48684ed917b68201028b8bebf7c0892084dd5c266a92b5899,2015-04,West Mercia Police,West Mercia Police,-2.461766,52.641616,On or near Willowfield,E01014201,Telford and Wrekin 021E,Violence and sexual offences,Investigation complete; no suspect identified,
f6e8ce27a518a2c0e95a2bece1ce6da117ebd158c103983a59292cc54c4b838f,2015-04,West Mercia Police,West Mercia Police,-2.464271,52.640986,On or near Wantage,E01014201,Telford and Wrekin 021E,Violence and sexual offences,Unable to prosecute suspect,
9eb9f8090eb3b783c46556e15a7613e20a97c68373298ad64f3d9e5fe3a7932c,2015-04,West Mercia Police,West Mercia Police,-2.461766,52.641616,On or near Willowfield,E01014201,Telford and Wrekin 021E,Violence and sexual offences,Unable to prosecute suspect,
dfac9016ee3c60382729e3efa50e4da5f05cb7d1c07f18730c269ee88156e826,2015-04,West Mercia Police,West Mercia Police,-2.461766,52.641616,On or near Willowfield,E01014201,Telford and Wrekin 021E,Violence and sexual offences,Unable to prosecute suspect,
cfd2a3096019e315ac10f702b3d1b2c69976a2f22e5d1fddb146a62e88577cb5,2015-04,West Mercia Police,West Mercia Police,-2.464271,52.640986,On or near Wantage,E01014201,Telford and Wrekin 021E,Violence and sexual offences,Offender sent to prison,
78ef8d2008ba62eb476b8a7daa95d98a4e713b5c5b0ea80ddcb67d2c056444e1,2015-04,West Mercia Police,West Mercia Police,-2.464271,52.640986,On or near Wantage,E01014201,Telford and Wrekin 021E,Violence and sexual offences,Unable to prosecute suspect,
2935a3b29cfe9098ac5a79fb278567b1f01555d2723f490cbfbac5767729d455,2015-04,West Mercia Police,West Mercia Police,-2.461766,52.641616,On or near Willowfield,E01014201,Telford and Wrekin 021E,Violence and sexual offences,Unable to prosecute suspect,
,2015-04,West Mercia Police,West Mercia Police,-2.456177,52.634302,On or near Spring Court,E01014159,Telford and Wrekin 022A,Anti-social behaviour,,
,2015-04,West Mercia Police,West Mercia Police,-2.453504,52.637297,On or near Maddocks,E01014159,Telford and Wrekin 022A,Anti-social behaviour,,
,2015-04,West Mercia Police,West Mercia Police,-2.454658,52.635971,On or near Betnell Grove,E01014159,Telford and Wrekin 022A,Anti-social behaviour,,
,2015-04,West Mercia Police,West Mercia Police,-2.457187,52.634828,On or near New Road,E01014159,Telford and Wrekin 022A,Anti-social behaviour,,
,2015-04,West Mercia Police,West Mercia Police,-2.456177,52.634302,On or near Spring Court,E01014159,Telford and Wrekin 022A,Anti-social behaviour,,
,2015-04,West Mercia Police,West Mercia Police,-2.453504,52.637297,On or near Maddocks,E01014159,Telford and Wrekin 022A,Anti-social behaviour,,
,2015-04,West Mercia Police,West Mercia Police,-2.457187,52.634828,On or near New Road,E01014159,Telford and Wrekin 022A,Anti-social behaviour,,
,2015-04,West Mercia Police,West Mercia Police,-2.453132,52.635644,On or near Hall Barn Close,E01014159,Telford and Wrekin 022A,Anti-social behaviour,,
,2015-04,West Mercia Police,West Mercia Police,-2.454658,52.635971,On or near Betnell Grove,E01014159,Telford and Wrekin 022A,Anti-social behaviour,,
,2015-04,West Mercia Police,West Mercia Police,-2.459847,52.634836,On or near Sports/Recreation Area,E01014159,Telford and Wrekin 022A,Anti-social behaviour,,
,2015-04,West Mercia Police,West Mercia Police,-2.462950,52.633394,On or near Westerkirk Drive,E01014159,Telford and Wrekin 022A,Anti-social behaviour,,
,2015-04,West Mercia Police,West Mercia Police,-2.453504,52.637297,On or near Maddocks,E01014159,Telford and Wrekin 022A,Anti-social behaviour,,
,2015-04,West Mercia Police,West Mercia Police,-2.453504,52.637297,On or near Maddocks,E01014159,Telford and Wrekin 022A,Anti-social behaviour,,
,2015-04,West Mercia Police,West Mercia Police,-2.456177,52.634302,On or near Spring Court,E01014159,Telford and Wrekin 022A,Anti-social behaviour,,
,2015-04,West Mercia Police,West Mercia Police,-2.453504,52.637297,On or near Maddocks,E01014159,Telford and Wrekin 022A,Anti-social behaviour,,
5af749401a0f287059bb00e43e9c14bff3fd20fda7629b40a35457833aea8de0,2015-04,West Mercia Police,West Mercia Police,-2.458953,52.636970,On or near Bridle Terrace,E01014159,Telford and Wrekin 022A,Burglary,Investigation complete; no suspect identified,
cc90655e4944a6a211e84e7091aa18009818da2d4c1bb5caa83885c225baec13,2015-04,West Mercia Police,West Mercia Police,-2.453132,52.635644,On or near Hall Barn Close,E01014159,Telford and Wrekin 022A,Burglary,Investigation complete; no suspect identified,
61a6bec6c1d491426430dcdba27fb2b5e0ad1bbe12356acaecf9c05db87c3da9,2015-04,West Mercia Police,West Mercia Police,-2.453132,52.635644,On or near Hall Barn Close,E01014159,Telford and Wrekin 022A,Burglary,Investigation complete; no suspect identified,
46d8cade8395c60e0ce1be7b398c0d8a90c179ad63416a8260f179e89f61befa,2015-04,West Mercia Police,West Mercia Police,-2.459847,52.634836,On or near Sports/Recreation Area,E01014159,Telford and Wrekin 022A,Burglary,Investigation complete; no suspect identified,
ae9c51b23917a7e4ef9fffd1933182a8e64f2b433eade83fc6bf96c38e64efe7,2015-04,West Mercia Police,West Mercia Police,-2.453132,52.635644,On or near Hall Barn Close,E01014159,Telford and Wrekin 022A,Burglary,Unable to prosecute suspect,
700424f4811dfdc9a00b77f9f9bd6e2504c3395e9b51585f37ace810aa10284d,2015-04,West Mercia Police,West Mercia Police,-2.453504,52.637297,On or near Maddocks,E01014159,Telford and Wrekin 022A,Criminal damage and arson,Offender given a caution,
22b946ea7ab76b47ae3c21497beb63b65726265a43c0f6ef35b55feb313ec1a1,2015-04,West Mercia Police,West Mercia Police,-2.453132,52.635644,On or near Hall Barn Close,E01014159,Telford and Wrekin 022A,Criminal damage and arson,Local resolution,
dfb2f26dd8129b639b8d2c89db97e72924db54925b73d6eee9f9ad9990259049,2015-04,West Mercia Police,West Mercia Police,-2.458953,52.636970,On or near Bridle Terrace,E01014159,Telford and Wrekin 022A,Other theft,Unable to prosecute suspect,
436cd12f4d7dd51fdec74525f2467a45a460c4ee41febe9d8a99355a0ffd1dd6,2015-04,West Mercia Police,West Mercia Police,-2.453504,52.637297,On or near Maddocks,E01014159,Telford and Wrekin 022A,Other theft,Unable to prosecute suspect,
afab670047a3626677a04a055a9e0f4ed903ec5677d4d2cbb493c17e5af29ec1,2015-04,West Mercia Police,West Mercia Police,-2.453132,52.635644,On or near Hall Barn Close,E01014159,Telford and Wrekin 022A,Shoplifting,Local resolution,
6d8982085cec21ee0e8af9d4fc25810ef31b9904f4a973ab95003647e1bd437c,2015-04,West Mercia Police,West Mercia Police,-2.453132,52.635644,On or near Hall Barn Close,E01014159,Telford and Wrekin 022A,Vehicle crime,Investigation complete; no suspect identified,
bdd994d712c1c6f9bcc3874d8ae394c76f2e1e146771d6ae341f23e2c6303771,2015-04,West Mercia Police,West Mercia Police,-2.453504,52.637297,On or near Maddocks,E01014159,Telford and Wrekin 022A,Vehicle crime,Investigation complete; no suspect identified,
575c15b8a87ada6251e87171ca20ee14bc9d1bc2e23aaf7214a11cfa19563a5c,2015-04,West Mercia Police,West Mercia Police,-2.453504,52.637297,On or near Maddocks,E01014159,Telford and Wrekin 022A,Violence and sexual offences,Unable to prosecute suspect,
db3ad54017a2125b931f7ee6b98f77b87c712fb2b39196bc26b1fa4b0dd5a0ce,2015-04,West Mercia Police,West Mercia Police,-2.458953,52.636970,On or near Bridle Terrace,E01014159,Telford and Wrekin 022A,Violence and sexual offences,Awaiting court outcome,
c755436a45e54a9369506dbf5d0a0ac03e2cf8dd68a0095c8f0c904415cbc105,2015-04,West Mercia Police,West Mercia Police,-2.454658,52.635971,On or near Betnell Grove,E01014159,Telford and Wrekin 022A,Violence and sexual offences,Under investigation,
6ec1bb92bc1fb57c9916d2acc5a2035fc6dcb2f8a6293f99b2c95d2effb353ed,2015-04,West Mercia Police,West Mercia Police,-2.461875,52.636563,On or near Milton Drive,E01014159,Telford and Wrekin 022A,Violence and sexual offences,Investigation complete; no suspect identified,
d2e6cad25e7e8767762e32515fe7f98025a4f7f17a254b97c64376b9d957a1d4,2015-04,West Mercia Police,West Mercia Police,-2.461875,52.636563,On or near Milton Drive,E01014159,Telford and Wrekin 022A,Violence and sexual offences,Unable to prosecute suspect,
,2015-04,West Mercia Police,West Mercia Police,-2.452250,52.633184,On or near St Michael'S Walk,E01014160,Telford and Wrekin 022B,Anti-social behaviour,,
,2015-04,West Mercia Police,West Mercia Police,-2.448554,52.634403,On or near Station Road,E01014160,Telford and Wrekin 022B,Anti-social behaviour,,
,2015-04,West Mercia Police,West Mercia Police,-2.447567,52.636195,On or near Tynsley Terrace,E01014160,Telford and Wrekin 022B,Anti-social behaviour,,
,2015-04,West Mercia Police,West Mercia Police,-2.454006,52.628700,On or near Parking Area,E01014160,Telford and Wrekin 022B,Anti-social behaviour,,
,2015-04,West Mercia Police,West Mercia Police,-2.447226,52.636053,On or near The Rookery,E01014160,Telford and Wrekin 022B,Anti-social behaviour,,
82216eca5382b66dad789d3b041bb8b20a78bf054b111e8d4c84b3f268d54082,2015-04,West Mercia Police,West Mercia Police,-2.448554,52.634403,On or near Station Road,E01014160,Telford and Wrekin 022B,Burglary,Offender sent to prison,
f2b721e21185866a558a7f5fad360bf37830cfefc4e2ca465956040b9a2a2182,2015-04,West Mercia Police,West Mercia Police,-2.448554,52.634403,On or near Station Road,E01014160,Telford and Wrekin 022B,Burglary,Investigation complete; no suspect identified,
b35e04fbfebeefead0378e62866a1d6b458b30970f1b472c60aee964ef3d24c0,2015-04,West Mercia Police,West Mercia Police,-2.451931,52.633806,On or near St Michael'S Road,E01014160,Telford and Wrekin 022B,Criminal damage and arson,Investigation complete; no suspect identified,
ca9d71d6e7b9c3eccd55696cfb43d5deb1046a404a8b639773aefbb6fdb1a183,2015-04,West Mercia Police,West Mercia Police,-2.447893,52.634783,On or near Cottage Farm Close,E01014160,Telford and Wrekin 022B,Criminal damage and arson,Investigation complete; no suspect identified,
7a7e15d895f74cbd45642121992d531febeecdd0511b80baff6d4328ddcf50ba,2015-04,West Mercia Police,West Mercia Police,-2.460522,52.628756,On or near Madeley Wood View,E01014160,Telford and Wrekin 022B,Other theft,Investigation complete; no suspect identified,
a976d0bd9ae25cf5bc811f3dc4b84bd7086e8b9210f26720da440c3b5011ec2c,2015-04,West Mercia Police,West Mercia Police,-2.447260,52.633554,On or near Meadow Brook Close,E01014160,Telford and Wrekin 022B,Other theft,Investigation complete; no suspect identified,
baad70006e7ed8f72c7c9f75307e883b0fab12ae8a7f403135227b68f5409998,2015-04,West Mercia Police,West Mercia Police,-2.454006,52.628700,On or near Parking Area,E01014160,Telford and Wrekin 022B,Robbery,Investigation complete; no suspect identified,
0afeb873d95d3b9b2a9c692573ea6653210f3292c6dfa2134d6adcfee7468d2b,2015-04,West Mercia Police,West Mercia Police,-2.461775,52.631313,On or near Harrison Close,E01014160,Telford and Wrekin 022B,Violence and sexual offences,Local resolution,
,2015-04,West Mercia Police,West Mercia Police,-2.472949,52.631647,On or near Benthall View,E01014161,Telford and Wrekin 022C,Anti-social behaviour,,
,2015-04,West Mercia Police,West Mercia Police,-2.470865,52.634343,On or near Pedestrian Subway,E01014161,Telford and Wrekin 022C,Anti-social behaviour,,
,2015-04,West Mercia Police,West Mercia Police,-2.470563,52.633697,On or near Pedestrian Subway,E01014161,Telford and Wrekin 022C,Anti-social behaviour,,
,2015-04,West Mercia Police,West Mercia Police,-2.470563,52.633697,On or near Pedestrian Subway,E01014161,Telford and Wrekin 022C,Anti-social behaviour,,
,2015-04,West Mercia Police,West Mercia Police,-2.470563,52.633697,On or near Pedestrian Subway,E01014161,Telford and Wrekin 022C,Anti-social behaviour,,
,2015-04,West Mercia Police,West Mercia Police,-2.470563,52.633697,On or near Pedestrian Subway,E01014161,Telford and Wrekin 022C,Anti-social behaviour,,
,2015-04,West Mercia Police,West Mercia Police,-2.468185,52.631027,On or near Birbeck Drive,E01014161,Telford and Wrekin 022C,Anti-social behaviour,,
18c42288793d43d8695d6afccae660103156874b4e7fdf5c1fa665de6f03e922,2015-04,West Mercia Police,West Mercia Police,-2.473744,52.634098,On or near Beech Road,E01014161,Telford and Wrekin 022C,Burglary,Investigation complete; no suspect identified,
4dcba2cdb0793fff45c7f7fd8cd350aa2e0c712a57e419a9d334d7fe09db42dc,2015-04,West Mercia Police,West Mercia Police,-2.470865,52.634343,On or near Pedestrian Subway,E01014161,Telford and Wrekin 022C,Burglary,Investigation complete; no suspect identified,
7435b62c119ff37651a514f3aa8fd7535a448f265167505710970d1f1a172912,2015-04,West Mercia Police,West Mercia Police,-2.466998,52.630601,On or near Saggars Close,E01014161,Telford and Wrekin 022C,Criminal damage and arson,Investigation complete; no suspect identified,
869ffc9b8459c587c771b013943e7128f954b0639212ea622fdb3c582a97aeb2,2015-04,West Mercia Police,West Mercia Police,-2.470563,52.633697,On or near Pedestrian Subway,E01014161,Telford and Wrekin 022C,Criminal damage and arson,Investigation complete; no suspect identified,
b9dd2a716f77860e61fcd56d5589b8c792d581b42bc757f0fe702fa1cfe9b70b,2015-04,West Mercia Police,West Mercia Police,-2.470865,52.634343,On or near Pedestrian Subway,E01014161,Telford and Wrekin 022C,Criminal damage and arson,Investigation complete; no suspect identified,
0757955f4dafae58380d35d5ea495a8da13f0411c3c7803dbd18b3f38acfc4b2,2015-04,West Mercia Police,West Mercia Police,-2.472949,52.631647,On or near Benthall View,E01014161,Telford and Wrekin 022C,Drugs,Offender given penalty notice,
e838d812719759fb6826c45cc3b1d05a486363dcda3c11993c3ad4628a0584bc,2015-04,West Mercia Police,West Mercia Police,-2.470563,52.633697,On or near Pedestrian Subway,E01014161,Telford and Wrekin 022C,Possession of weapons,Defendant found not guilty,
2d4bb844500985dce50814e3458a5bcfb0c7eef1de0810d44035f82d2991c91f,2015-04,West Mercia Police,West Mercia Police,-2.468185,52.631027,On or near Birbeck Drive,E01014161,Telford and Wrekin 022C,Vehicle crime,Offender given a caution,
8561c5ad55ed8159ae7445085c824829ffd6cc367a81171b91c1e7804dfd2abf,2015-04,West Mercia Police,West Mercia Police,-2.473744,52.634098,On or near Beech Road,E01014161,Telford and Wrekin 022C,Vehicle crime,Investigation complete; no suspect identified,
715aeab28c61d0acfef9212359cbc2c06acf3be7fa7714bc0dbec1c93ddde540,2015-04,West Mercia Police,West Mercia Police,-2.470395,52.631891,On or near Wrekin View,E01014161,Telford and Wrekin 022C,Vehicle crime,Offender given a caution,
d43e775a779fa5c217154d370ee0768ee4938a05ca4379d85958b8cd1f101993,2015-04,West Mercia Police,West Mercia Police,-2.473486,52.633461,On or near School Road,E01014161,Telford and Wrekin 022C,Vehicle crime,Court case unable to proceed,
55c9ba1e539aa8a0bee3a9f3c0aaf14f2ca82c07d8f03c807c0371ae3b633079,2015-04,West Mercia Police,West Mercia Police,-2.468342,52.634677,On or near Ironbridge Road,E01014161,Telford and Wrekin 022C,Vehicle crime,Investigation complete; no suspect identified,
165fe8ca4949f3473414ffabc7d6af88b9f4ebb75d6233cd97a73fc32b1c9887,2015-04,West Mercia Police,West Mercia Police,-2.473744,52.634098,On or near Beech Road,E01014161,Telford and Wrekin 022C,Vehicle crime,Investigation complete; no suspect identified,
1fdd18b12d3047db669aefdb87433e476d5423928869904277dc5699c7cf3ff9,2015-04,West Mercia Police,West Mercia Police,-2.470865,52.634343,On or near Pedestrian Subway,E01014161,Telford and Wrekin 022C,Violence and sexual offences,Unable to prosecute suspect,
,2015-04,West Mercia Police,West Mercia Police,-2.446778,52.637043,On or near High Street,E01014162,Telford and Wrekin 022D,Anti-social behaviour,,
,2015-04,West Mercia Police,West Mercia Police,-2.451410,52.636226,On or near Park Avenue,E01014162,Telford and Wrekin 022D,Anti-social behaviour,,
,2015-04,West Mercia Police,West Mercia Police,-2.451410,52.636226,On or near Park Avenue,E01014162,Telford and Wrekin 022D,Anti-social behaviour,,
,2015-04,West Mercia Police,West Mercia Police,-2.450189,52.636752,On or near Parking Area,E01014162,Telford and Wrekin 022D,Anti-social behaviour,,
,2015-04,West Mercia Police,West Mercia Police,-2.451410,52.636226,On or near Park Avenue,E01014162,Telford and Wrekin 022D,Anti-social behaviour,,
,2015-04,West Mercia Police,West Mercia Police,-2.458299,52.642178,On or near Castlefields Way,E01014162,Telford and Wrekin 022D,Anti-social behaviour,,
,2015-04,West Mercia Police,West Mercia Police,-2.440275,52.639855,On or near Tweedale Wharf,E01014162,Telford and Wrekin 022D,Anti-social behaviour,,
,2015-04,West Mercia Police,West Mercia Police,-2.451410,52.636226,On or near Park Avenue,E01014162,Telford and Wrekin 022D,Anti-social behaviour,,
,2015-04,West Mercia Police,West Mercia Police,-2.445423,52.635979,On or near Barkers Court,E01014162,Telford and Wrekin 022D,Anti-social behaviour,,
,2015-04,West Mercia Police,West Mercia Police,-2.452666,52.637686,On or near Victoria Road,E01014162,Telford and Wrekin 022D,Anti-social behaviour,,
,2015-04,West Mercia Police,West Mercia Police,-2.450247,52.638145,On or near Parkway,E01014162,Telford and Wrekin 022D,Anti-social behaviour,,
,2015-04,West Mercia Police,West Mercia Police,-2.458299,52.642178,On or near Castlefields Way,E01014162,Telford and Wrekin 022D,Anti-social behaviour,,
,2015-04,West Mercia Police,West Mercia Police,-2.445423,52.635979,On or near Barkers Court,E01014162,Telford and Wrekin 022D,Anti-social behaviour,,
,2015-04,West Mercia Police,West Mercia Police,-2.451410,52.636226,On or near Park Avenue,E01014162,Telford and Wrekin 022D,Anti-social behaviour,,
,2015-04,West Mercia Police,West Mercia Police,-2.449359,52.635119,On or near Church Close,E01014162,Telford and Wrekin 022D,Anti-social behaviour,,
,2015-04,West Mercia Police,West Mercia Police,-2.451410,52.636226,On or near Park Avenue,E01014162,Telford and Wrekin 022D,Anti-social behaviour,,
,2015-04,West Mercia Police,West Mercia Police,-2.451410,52.636226,On or near Park Avenue,E01014162,Telford and Wrekin 022D,Anti-social behaviour,,
39e041af164e6478bd57fe9e4091e308cc004f6055f04f196c96e14f2a57f593,2015-04,West Mercia Police,West Mercia Police,-2.443239,52.642145,On or near Tweedale Court,E01014162,Telford and Wrekin 022D,Burglary,Investigation complete; no suspect identified,
e4a69c79105e9d5151e1e69a61ddf57fac2ee2852b2313a636e7ce59be8cb123,2015-04,West Mercia Police,West Mercia Police,-2.458299,52.642178,On or near Castlefields Way,E01014162,Telford and Wrekin 022D,Burglary,Investigation complete; no suspect identified,
71f75848a044e1f28d00aebb1654822db88536a4ba1f32c2f5d3d47f4621a434,2015-04,West Mercia Police,West Mercia Police,-2.441325,52.638421,On or near Pedestrian Subway,E01014162,Telford and Wrekin 022D,Criminal damage and arson,Unable to prosecute suspect,
6727c66b44c6b2ec5d7d1f2c5c0dd247d5002e1332766e4d7f4d9484609fac55,2015-04,West Mercia Police,West Mercia Police,-2.458299,52.642178,On or near Castlefields Way,E01014162,Telford and Wrekin 022D,Drugs,Unable to prosecute suspect,
688b9c5fcdf3bd5f7d3a102ac87aa3ba5135b017b444d45ce96d7e443a6d9c59,2015-04,West Mercia Police,West Mercia Police,-2.446778,52.637043,On or near High Street,E01014162,Telford and Wrekin 022D,Public order,Local resolution,
6941153fdf3c3aa28b89e51b567d1129a4c1e8f794bbcba326ad139bade2dff0,2015-04,West Mercia Police,West Mercia Police,-2.446920,52.640810,On or near Regent Square,E01014162,Telford and Wrekin 022D,Vehicle crime,Unable to prosecute suspect,
f21345c4823ff91a79b68380bf5184fb885ef3b490ab9ba963d8a6789bb09797,2015-04,West Mercia Police,West Mercia Police,-2.450247,52.638145,On or near Parkway,E01014162,Telford and Wrekin 022D,Violence and sexual offences,Unable to prosecute suspect,
0181f621c6036341ae83d1231790215bb1afdb72ace5dfa25170d4ee3c3cfb4f,2015-04,West Mercia Police,West Mercia Police,-2.439820,52.640126,On or near Port Way,E01014162,Telford and Wrekin 022D,Violence and sexual offences,Offender given a caution,
c756ae38c72e5e1bc206bc1696d7ed5a928978e88a61689667bbdde5255e6a24,2015-04,West Mercia Police,West Mercia Police,-2.450247,52.638145,On or near Parkway,E01014162,Telford and Wrekin 022D,Violence and sexual offences,Unable to prosecute suspect,
8694c10607b4477e86b0701437cc68db1ba50db69cb38b348140deec212549e9,2015-04,West Mercia Police,West Mercia Police,-2.446778,52.637043,On or near High Street,E01014162,Telford and Wrekin 022D,Violence and sexual offences,Offender given conditional discharge,
811cd6161c4cff658f8d07495d065b2bdc644ed741b1eb7c961e486895061b3b,2015-04,West Mercia Police,West Mercia Police,-2.445423,52.635979,On or near Barkers Court,E01014162,Telford and Wrekin 022D,Violence and sexual offences,Investigation complete; no suspect identified,
61780b6994208c725425a698ebd587b88c81d60c83ee91beb8b3b0317c92fc2d,2015-04,West Mercia Police,West Mercia Police,-2.458299,52.642178,On or near Castlefields Way,E01014162,Telford and Wrekin 022D,Violence and sexual offences,Investigation complete; no suspect identified,
bc7b6ce73b07b21152256b59f48686bab9d8e99c6f5512c371f0777ee7b588a6,2015-04,West Mercia Police,West Mercia Police,-2.446778,52.637043,On or near High Street,E01014162,Telford and Wrekin 022D,Violence and sexual offences,Defendant found not guilty,
5983f9013549b0e05d183181f2051384453645abf0d36ee2ea934a86e802a970,2015-04,West Mercia Police,West Mercia Police,-2.452666,52.637686,On or near Victoria Road,E01014162,Telford and Wrekin 022D,Violence and sexual offences,Unable to prosecute suspect,
f0c9cdaac48516b350cc9f9c9ab3308b21c2604bf1e1909cf1fd4519030d4922,2015-04,West Mercia Police,West Mercia Police,-2.452666,52.637686,On or near Victoria Road,E01014162,Telford and Wrekin 022D,Violence and sexual offences,Unable to prosecute suspect,
,2015-04,West Mercia Police,West Mercia Police,-2.438884,52.630780,On or near Stonedale,E01014115,Telford and Wrekin 023A,Anti-social behaviour,,
,2015-04,West Mercia Police,West Mercia Police,-2.443929,52.627147,On or near Pedestrian Subway,E01014115,Telford and Wrekin 023A,Anti-social behaviour,,
,2015-04,West Mercia Police,West Mercia Police,-2.438884,52.630780,On or near Stonedale,E01014115,Telford and Wrekin 023A,Anti-social behaviour,,
,2015-04,West Mercia Police,West Mercia Police,-2.440177,52.630146,On or near Parking Area,E01014115,Telford and Wrekin 023A,Anti-social behaviour,,
,2015-04,West Mercia Police,West Mercia Police,-2.438884,52.630780,On or near Stonedale,E01014115,Telford and Wrekin 023A,Anti-social behaviour,,
,2015-04,West Mercia Police,West Mercia Police,-2.438884,52.630780,On or near Stonedale,E01014115,Telford and Wrekin 023A,Anti-social behaviour,,
,2015-04,West Mercia Police,West Mercia Police,-2.430225,52.635217,On or near Halesfield 14,E01014115,Telford and Wrekin 023A,Anti-social behaviour,,
,2015-04,West Mercia Police,West Mercia Police,-2.435460,52.629723,On or near Solway Drive,E01014115,Telford and Wrekin 023A,Anti-social behaviour,,
,2015-04,West Mercia Police,West Mercia Police,-2.437095,52.630724,On or near Springmeadow,E01014115,Telford and Wrekin 023A,Anti-social behaviour,,
,2015-04,West Mercia Police,West Mercia Police,-2.440543,52.629785,On or near Parking Area,E01014115,Telford and Wrekin 023A,Anti-social behaviour,,
,2015-04,West Mercia Police,West Mercia Police,-2.440543,52.629785,On or near Parking Area,E01014115,Telford and Wrekin 023A,Anti-social behaviour,,
,2015-04,West Mercia Police,West Mercia Police,-2.440177,52.630146,On or near Parking Area,E01014115,Telford and Wrekin 023A,Anti-social behaviour,,
,2015-04,West Mercia Police,West Mercia Police,-2.438884,52.630780,On or near Stonedale,E01014115,Telford and Wrekin 023A,Anti-social behaviour,,
2fa9ddac55faae928314f6f59b06460e9a8d657f04b2d205bfc0daf74852dd7f,2015-04,West Mercia Police,West Mercia Police,-2.442712,52.628051,On or near Southfield,E01014115,Telford and Wrekin 023A,Burglary,Investigation complete; no suspect identified,
b8fc73fc09b0250f6ca6a3341b5dddbc4e8d9da212e8a62987bbea954d3d6b63,2015-04,West Mercia Police,West Mercia Police,-2.440177,52.630146,On or near Parking Area,E01014115,Telford and Wrekin 023A,Criminal damage and arson,Investigation complete; no suspect identified,
552df701d448fd8228781108fbf69441ff582320f2a50103a1f6a39f319dee5c,2015-04,West Mercia Police,West Mercia Police,-2.440177,52.630146,On or near Parking Area,E01014115,Telford and Wrekin 023A,Drugs,Offender fined,
e070df9e5147f6b328bed56e270118829651ba94b211170f4c61b2b2e49bf776,2015-04,West Mercia Police,West Mercia Police,-2.420200,52.637662,On or near Halesfield 9,E01014115,Telford and Wrekin 023A,Other theft,Investigation complete; no suspect identified,
6e4b6328d9df408f7f2b5b28f405ba9ca3f01b105490702cea30acf05c63b96b,2015-04,West Mercia Police,West Mercia Police,-2.440543,52.629785,On or near Parking Area,E01014115,Telford and Wrekin 023A,Other theft,Investigation complete; no suspect identified,
a0f266146b2d7b6d8690f6d6552727ea58dad1f473c47245c95e07e75d8a8e9f,2015-04,West Mercia Police,West Mercia Police,-2.430225,52.635217,On or near Halesfield 14,E01014115,Telford and Wrekin 023A,Public order,Unable to prosecute suspect,
eed4d24d753dffb0174e7505c93ad427d7035ecea7d437e5c41d5e5b4bd86d18,2015-04,West Mercia Police,West Mercia Police,-2.438884,52.630780,On or near Stonedale,E01014115,Telford and Wrekin 023A,Public order,Unable to prosecute suspect,
75fd5ecfb7d5b94d59ff41d887b399b59c3f662f1d29a7a78fb8d6f48932c0ff,2015-04,West Mercia Police,West Mercia Police,-2.432976,52.631000,On or near Petrol Station,E01014115,Telford and Wrekin 023A,Shoplifting,Unable to prosecute suspect,
afc75dd135e7cbce972f98bec26ec0c4553cc474cb480d46523316f064633aa4,2015-04,West Mercia Police,West Mercia Police,-2.437095,52.630724,On or near Springmeadow,E01014115,Telford and Wrekin 023A,Vehicle crime,Investigation complete; no suspect identified,
48cd456b267d5bab868ab053594323c1405650196dccac37d5c2868da1d16e11,2015-04,West Mercia Police,West Mercia Police,-2.434786,52.634706,On or near Pedestrian Subway,E01014115,Telford and Wrekin 023A,Violence and sexual offences,Investigation complete; no suspect identified,
67853ef731721ffaa6ee2e80c9c462740f245ed24cb85f64f430f93f0e48b58e,2015-04,West Mercia Police,West Mercia Police,-2.440177,52.630146,On or near Parking Area,E01014115,Telford and Wrekin 023A,Violence and sexual offences,Unable to prosecute suspect,
5073a361f033e3e540d80a4bd9e290f520d2bf0481eb85cfd2d239ced3e6276b,2015-04,West Mercia Police,West Mercia Police,-2.430225,52.635217,On or near Halesfield 14,E01014115,Telford and Wrekin 023A,Violence and sexual offences,Unable to prosecute suspect,
9644dac531b9c8f8460558ccc3433733cf26a5e47c9cb4ca4293cbc2628020ce,2015-04,West Mercia Police,West Mercia Police,-2.420200,52.637662,On or near Halesfield 9,E01014115,Telford and Wrekin 023A,Violence and sexual offences,Investigation complete; no suspect identified,
ad388d2095cbd4e528eaed1694fcd232bb008b7a16b25f2683529cdff17f5c1a,2015-04,West Mercia Police,West Mercia Police,-2.435826,52.632365,On or near Stebbings,E01014115,Telford and Wrekin 023A,Violence and sexual offences,Unable to prosecute suspect,
dabd8883e89a96345f177c6720e17cb9ea53eba2612cc35c0343a39539662427,2015-04,West Mercia Police,West Mercia Police,-2.438884,52.630780,On or near Stonedale,E01014115,Telford and Wrekin 023A,Violence and sexual offences,Offender fined,
a792eb3a5c910cf3f259d063088e06c423b43bc4e91abb071c122b84dd96d69a,2015-04,West Mercia Police,West Mercia Police,-2.442712,52.628051,On or near Southfield,E01014115,Telford and Wrekin 023A,Violence and sexual offences,Under investigation,
fc8c9d588f26115cb276043916f9d6961e43aff9167c458ca9c69bcd2c6642c6,2015-04,West Mercia Police,West Mercia Police,-2.438884,52.630780,On or near Stonedale,E01014115,Telford and Wrekin 023A,Violence and sexual offences,Defendant found not guilty,
4bd872c88465f3907c0fbec189c4754e96a55c6bc5bb1997e296e0074a589f5c,2015-04,West Mercia Police,West Mercia Police,-2.430225,52.635217,On or near Halesfield 14,E01014115,Telford and Wrekin 023A,Violence and sexual offences,Unable to prosecute suspect,
732ef39b945e1bc203e02d14c2ed7cfd52a4ccdff48789559afe7dde6adcbb6d,2015-04,West Mercia Police,West Mercia Police,-2.420200,52.637662,On or near Halesfield 9,E01014115,Telford and Wrekin 023A,Violence and sexual offences,Investigation complete; no suspect identified,
7e6b9344dbcd4729fb936fa92c3fbdc3d08ba8650bd13bfc684342e2221a53c9,2015-04,West Mercia Police,West Mercia Police,-2.438884,52.630780,On or near Stonedale,E01014115,Telford and Wrekin 023A,Violence and sexual offences,Under investigation,
cb989802a1f4f72d9abcbee2c2670dc799a1747f84b272cce3f9ab6e5a186d90,2015-04,West Mercia Police,West Mercia Police,-2.432976,52.631000,On or near Petrol Station,E01014115,Telford and Wrekin 023A,Violence and sexual offences,Investigation complete; no suspect identified,
a39aa8e3dd4b5e718844b5c2786b13690ed3f2c4596a0e2afb0d1571e49a160a,2015-04,West Mercia Police,West Mercia Police,-2.442712,52.628051,On or near Southfield,E01014115,Telford and Wrekin 023A,Other crime,Under investigation,
,2015-04,West Mercia Police,West Mercia Police,-2.440491,52.634847,On or near Hills Lane Drive,E01014116,Telford and Wrekin 023B,Anti-social behaviour,,
,2015-04,West Mercia Police,West Mercia Police,-2.440286,52.636555,On or near Queens Court,E01014116,Telford and Wrekin 023B,Anti-social behaviour,,
,2015-04,West Mercia Police,West Mercia Police,-2.438711,52.637119,On or near Levins Court,E01014116,Telford and Wrekin 023B,Anti-social behaviour,,
,2015-04,West Mercia Police,West Mercia Police,-2.440072,52.632915,On or near Hilda Hooke Close,E01014116,Telford and Wrekin 023B,Anti-social behaviour,,
,2015-04,West Mercia Police,West Mercia Police,-2.432308,52.638221,On or near Halesfield 17,E01014116,Telford and Wrekin 023B,Anti-social behaviour,,
,2015-04,West Mercia Police,West Mercia Police,-2.435514,52.633705,On or near Stanwyck,E01014116,Telford and Wrekin 023B,Anti-social behaviour,,
,2015-04,West Mercia Police,West Mercia Police,-2.435514,52.633705,On or near Stanwyck,E01014116,Telford and Wrekin 023B,Anti-social behaviour,,
c05c5efab09b814142314a2d4a69c31903293abaf958c5da63908094a560394a,2015-04,West Mercia Police,West Mercia Police,-2.439253,52.642609,On or near Beckbury Drive,E01014116,Telford and Wrekin 023B,Burglary,Investigation complete; no suspect identified,
752438dab82082418c72289965affbd47d2b2111d800c06b2136f29a21af9eb2,2015-04,West Mercia Police,West Mercia Police,-2.435514,52.633705,On or near Stanwyck,E01014116,Telford and Wrekin 023B,Burglary,Investigation complete; no suspect identified,
b4c479e95096dbe4cc52e51e4941eaa875b9dbfbc7fd2e8c65b6502c83f29ab7,2015-04,West Mercia Police,West Mercia Police,-2.438310,52.633974,On or near Poplar Close,E01014116,Telford and Wrekin 023B,Criminal damage and arson,Investigation complete; no suspect identified,
223614a26771bd8199e08a3b5fd5f2160d76ba17249a5620247cf07dabdc978b,2015-04,West Mercia Police,West Mercia Police,-2.439429,52.633583,On or near Springhill Crescent,E01014116,Telford and Wrekin 023B,Criminal damage and arson,Investigation complete; no suspect identified,
c645c457b413d8de97be2d18e529d5b1919cc0391cd36b975a4c1dc5f7a8dcd3,2015-04,West Mercia Police,West Mercia Police,-2.422257,52.644109,On or near Halesfield 2,E01014116,Telford and Wrekin 023B,Other theft,Offender given a caution,
ba4810ed0b26da58ec60cfd79111ab68a2fbd04ef8ece06532d70fdc120efb0c,2015-04,West Mercia Police,West Mercia Police,-2.444121,52.635822,On or near Madeley Police Station,E01014116,Telford and Wrekin 023B,Public order,Under investigation,
f34340bac45345fead9ba3ffa28b64ae7fbed08317a2aa69c421bfaaf6767dae,2015-04,West Mercia Police,West Mercia Police,-2.437684,52.633428,On or near Farm Close,E01014116,Telford and Wrekin 023B,Vehicle crime,Investigation complete; no suspect identified,
5fdf6d1592f41dffa01e316621c0fabcfe58c553e04d043b6175aa4a9a6808a4,2015-04,West Mercia Police,West Mercia Police,-2.424580,52.639795,On or near A4169,E01014116,Telford and Wrekin 023B,Vehicle crime,Investigation complete; no suspect identified,
b78fdd54cf8ac97bf81ed6559e508597b8c3b0cb360548d5558d7c4caa8c5810,2015-04,West Mercia Police,West Mercia Police,-2.435514,52.633705,On or near Stanwyck,E01014116,Telford and Wrekin 023B,Violence and sexual offences,Unable to prosecute suspect,
f566cf7cb21cb5fe7fb43c6193373099b565e9889ef9737c8ed6739e00b07bfd,2015-04,West Mercia Police,West Mercia Police,-2.444121,52.635822,On or near Madeley Police Station,E01014116,Telford and Wrekin 023B,Violence and sexual offences,Investigation complete; no suspect identified,
bfc53831c17bb37ef63c2b3c412f03938ad6f37de43fab4f94113e13b73cd93e,2015-04,West Mercia Police,West Mercia Police,-2.429678,52.641215,On or near Pedestrian Subway,E01014116,Telford and Wrekin 023B,Other crime,Defendant found not guilty,
,2015-04,West Mercia Police,West Mercia Police,-2.437657,52.626308,On or near Stirling Drive,E01014117,Telford and Wrekin 023C,Anti-social behaviour,,
,2015-04,West Mercia Police,West Mercia Police,-2.438426,52.627824,On or near Spencer Drive,E01014117,Telford and Wrekin 023C,Anti-social behaviour,,
c5a4f1e3992283d4ed6aa1b4b24aa3023ff4eff74b26d32c83442960c7344616,2015-04,West Mercia Police,West Mercia Police,-2.444665,52.628304,On or near Smallwood,E01014117,Telford and Wrekin 023C,Criminal damage and arson,Investigation complete; no suspect identified,
b63a73f4f794212094f1ec34063f6342a4be2e4b473a778564310d6786f6e3e4,2015-04,West Mercia Police,West Mercia Police,-2.448932,52.625142,On or near Punta Verde Drive,E01014117,Telford and Wrekin 023C,Violence and sexual offences,Unable to prosecute suspect,
1f190550cdc904f72a702ec5ce3a5ac101011fdac473ea5a5495406e7bafd090,2015-04,West Mercia Police,West Mercia Police,-2.444665,52.628304,On or near Smallwood,E01014117,Telford and Wrekin 023C,Violence and sexual offences,Unable to prosecute suspect,
dad403d173965501b778c03310dfa74402b2c28ce3ca880e71fcb647a06068c2,2015-04,West Mercia Police,West Mercia Police,-2.438426,52.627824,On or near Spencer Drive,E01014117,Telford and Wrekin 023C,Violence and sexual offences,Unable to prosecute suspect,
55501f885c658bc20f8752e54be37392da722d8b7467b93cd9a7cf5d0d84745b,2015-04,West Mercia Police,West Mercia Police,-2.444665,52.628304,On or near Smallwood,E01014117,Telford and Wrekin 023C,Violence and sexual offences,Unable to prosecute suspect,
,2015-04,West Mercia Police,West Mercia Police,-2.444681,52.629895,On or near Southgate,E01014118,Telford and Wrekin 023D,Anti-social behaviour,,
,2015-04,West Mercia Police,West Mercia Police,-2.440489,52.631736,On or near Selbourne,E01014118,Telford and Wrekin 023D,Anti-social behaviour,,
,2015-04,West Mercia Police,West Mercia Police,-2.444681,52.629895,On or near Southgate,E01014118,Telford and Wrekin 023D,Anti-social behaviour,,
,2015-04,West Mercia Police,West Mercia Police,-2.440489,52.631736,On or near Selbourne,E01014118,Telford and Wrekin 023D,Anti-social behaviour,,
,2015-04,West Mercia Police,West Mercia Police,-2.440489,52.631736,On or near Selbourne,E01014118,Telford and Wrekin 023D,Anti-social behaviour,,
,2015-04,West Mercia Police,West Mercia Police,-2.442686,52.629840,On or near Parking Area,E01014118,Telford and Wrekin 023D,Anti-social behaviour,,
,2015-04,West Mercia Police,West Mercia Police,-2.444681,52.629895,On or near Southgate,E01014118,Telford and Wrekin 023D,Anti-social behaviour,,
d547a545970ce6869a2f8237f32c5d687178a6c847a62ef764acc1fc71e9fb7f,2015-04,West Mercia Police,West Mercia Police,-2.440489,52.631736,On or near Selbourne,E01014118,Telford and Wrekin 023D,Burglary,Investigation complete; no suspect identified,
b742270dd9ae885b76ed440bdc82f0c98c9c3d3145a9386a4a872c36916728e9,2015-04,West Mercia Police,West Mercia Police,-2.444681,52.629895,On or near Southgate,E01014118,Telford and Wrekin 023D,Burglary,Investigation complete; no suspect identified,
d861431bf0d1883e335925de8d6a1ecdd8843197423f1a45ff27357fc9e084fb,2015-04,West Mercia Police,West Mercia Police,-2.443621,52.631733,On or near Summerhill,E01014118,Telford and Wrekin 023D,Burglary,Investigation complete; no suspect identified,
bdf9580a3bd8f6d6c05236ad9bb54b62704f39f0878d21f10ea973ca074e1181,2015-04,West Mercia Police,West Mercia Police,-2.443621,52.631733,On or near Summerhill,E01014118,Telford and Wrekin 023D,Criminal damage and arson,Investigation complete; no suspect identified,
b71e28883644879ac32bab29dd4fa561a9ccd4dc3749ecd8ec1b922c32ad94cd,2015-04,West Mercia Police,West Mercia Police,-2.442686,52.629840,On or near Parking Area,E01014118,Telford and Wrekin 023D,Criminal damage and arson,Investigation complete; no suspect identified,
0e21ecb3a8ed42e7355f412d92323cf45712f4dc463b68a938646a5f6e6102ed,2015-04,West Mercia Police,West Mercia Police,-2.444681,52.629895,On or near Southgate,E01014118,Telford and Wrekin 023D,Criminal damage and arson,Investigation complete; no suspect identified,
539555760819914896760eeb7b6807b522875132366d28409aa8b9aabdb3f8e2,2015-04,West Mercia Police,West Mercia Police,-2.442686,52.629840,On or near Parking Area,E01014118,Telford and Wrekin 023D,Other theft,Offender given a caution,
0736622b18a29042c9bb286dd8c253d66632d6c9555ec5ebe0295a79e653f946,2015-04,West Mercia Police,West Mercia Police,-2.440489,52.631736,On or near Selbourne,E01014118,Telford and Wrekin 023D,Other theft,Investigation complete; no suspect identified,
aee43e8ca9334c8c5934bacae91371067856dc0ddd2e7dcee8e1a16513d38247,2015-04,West Mercia Police,West Mercia Police,-2.439313,52.632298,On or near Pedestrian Subway,E01014118,Telford and Wrekin 023D,Vehicle crime,Investigation complete; no suspect identified,
748c422d73a16fa62ca6e2a401ef72042ba73da52199f7567487511b4233daa5,2015-04,West Mercia Police,West Mercia Police,-2.441945,52.632576,On or near Sunnymead,E01014118,Telford and Wrekin 023D,Vehicle crime,Investigation complete; no suspect identified,
dcdbf397970a031fc2bd2e12e1be40b96209fb8f8b675ec9a3d3d93c5722a23e,2015-04,West Mercia Police,West Mercia Police,-2.440489,52.631736,On or near Selbourne,E01014118,Telford and Wrekin 023D,Vehicle crime,Investigation complete; no suspect identified,
4711e157c5879bf8cca25e37075a60ec8d423f527cca69f68a46a76510820e7b,2015-04,West Mercia Police,West Mercia Police,-2.447105,52.628511,On or near Pedestrian Subway,E01014118,Telford and Wrekin 023D,Vehicle crime,Investigation complete; no suspect identified,
4f9baeecba696a2789255813eb4e33c38cf4d30621a157d35d7c3882632fd91c,2015-04,West Mercia Police,West Mercia Police,-2.444681,52.629895,On or near Southgate,E01014118,Telford and Wrekin 023D,Other crime,Offender sent to prison,
,2015-04,West Mercia Police,West Mercia Police,-2.229385,52.207624,On or near Lavender Road,E01032296,Worcester 001A,Anti-social behaviour,,
,2015-04,West Mercia Police,West Mercia Police,-2.227031,52.210794,On or near Petrol Station,E01032296,Worcester 001A,Anti-social behaviour,,
,2015-04,West Mercia Police,West Mercia Police,-2.229385,52.207624,On or near Lavender Road,E01032296,Worcester 001A,Anti-social behaviour,,
becd90b441cde263c113a4fa427138b1c40a80e326886c24e33d14d13a0e6b7d,2015-04,West Mercia Police,West Mercia Police,-2.228348,52.208013,On or near Ivy Street,E01032296,Worcester 001A,Other theft,Unable to prosecute suspect,
2e6fcb827d6038d474f1a672c8ce0d63495a8cc2691ca72c5a0079aa232c2bbe,2015-04,West Mercia Police,West Mercia Police,-2.226179,52.210301,On or near Supermarket,E01032296,Worcester 001A,Shoplifting,Investigation complete; no suspect identified,
670f1302b8ba7a436f1b2706b93bac99c513d495fad7e44e2f5192e24137afbf,2015-04,West Mercia Police,West Mercia Police,-2.227680,52.208976,On or near Bourne Street,E01032296,Worcester 001A,Violence and sexual offences,Under investigation,
0a6c73b68a700c3fc94f88f5544ba1bd99ccbabad276f863988b6387c848b965,2015-04,West Mercia Police,West Mercia Police,-2.227680,52.208976,On or near Bourne Street,E01032296,Worcester 001A,Violence and sexual offences,Court result unavailable,
,2015-04,West Mercia Police,West Mercia Police,-2.209852,52.214449,On or near Sports/Recreation Area,E01032297,Worcester 001B,Anti-social behaviour,,
,2015-04,West Mercia Police,West Mercia Police,-2.209852,52.214449,On or near Sports/Recreation Area,E01032297,Worcester 001B,Anti-social behaviour,,
,2015-04,West Mercia Police,West Mercia Police,-2.209852,52.214449,On or near Sports/Recreation Area,E01032297,Worcester 001B,Anti-social behaviour,,
,2015-04,West Mercia Police,West Mercia Police,-2.201320,52.217880,On or near Sports/Recreation Area,E01032297,Worcester 001B,Anti-social behaviour,,
,2015-04,West Mercia Police,West Mercia Police,-2.215500,52.220183,On or near Droitwich Road,E01032297,Worcester 001B,Anti-social behaviour,,
,2015-04,West Mercia Police,West Mercia Police,-2.218289,52.215890,On or near Sports/Recreation Area,E01032297,Worcester 001B,Anti-social behaviour,,
,2015-04,West Mercia Police,West Mercia Police,-2.218289,52.215890,On or near Sports/Recreation Area,E01032297,Worcester 001B,Anti-social behaviour,,
,2015-04,West Mercia Police,West Mercia Police,-2.209852,52.214449,On or near Sports/Recreation Area,E01032297,Worcester 001B,Anti-social behaviour,,
1cc98cea28a17e488b5807527a7646cba07e40b3d7c588ca9d2d08d306abf644,2015-04,West Mercia Police,West Mercia Police,-2.209852,52.214449,On or near Sports/Recreation Area,E01032297,Worcester 001B,Burglary,Investigation complete; no suspect identified,
4bcbacc4d2d6a148fe3c66811b6256b7d55ccf4eca9d4cc8a6a232e400716d78,2015-04,West Mercia Police,West Mercia Police,-2.214758,52.211967,On or near Bilford Road,E01032297,Worcester 001B,Criminal damage and arson,Unable to prosecute suspect,
67b02e76b27b750100274db0ecd3fa7dfa97017b821a3a020e70a84a35c04636,2015-04,West Mercia Police,West Mercia Police,-2.218289,52.215890,On or near Sports/Recreation Area,E01032297,Worcester 001B,Violence and sexual offences,Unable to prosecute suspect,
8e33a97e130de0470a141c8a4fe48edcb251ff663418e686de0810305e14e0cf,2015-04,West Mercia Police,West Mercia Police,-2.213786,52.219980,On or near Sports/Recreation Area,E01032297,Worcester 001B,Violence and sexual offences,Unable to prosecute suspect,
e319039dc65f6268e2cd6989dedc39b42d7d102334a8b52fadad9bc4dd9f0b72,2015-04,West Mercia Police,West Mercia Police,-2.209852,52.214449,On or near Sports/Recreation Area,E01032297,Worcester 001B,Violence and sexual offences,Investigation complete; no suspect identified,
273d61ba19cb072dfe46680f2f70340876ca186653a8add1fb7112fc23c8bbf4,2015-04,West Mercia Police,West Mercia Police,-2.214758,52.211967,On or near Bilford Road,E01032297,Worcester 001B,Violence and sexual offences,Offender given community sentence,
68b44013c4e8e18e2959a19b1f67e678b4497cb405ef1496262f4cbcbdfe2c3a,2015-04,West Mercia Police,West Mercia Police,-2.214758,52.211967,On or near Bilford Road,E01032297,Worcester 001B,Violence and sexual offences,Investigation complete; no suspect identified,
,2015-04,West Mercia Police,West Mercia Police,-2.236981,52.218695,On or near Old Northwick Lane,E01032298,Worcester 001C,Anti-social behaviour,,
,2015-04,West Mercia Police,West Mercia Police,-2.232864,52.220744,On or near Linley Close,E01032298,Worcester 001C,Anti-social behaviour,,
,2015-04,West Mercia Police,West Mercia Police,-2.221930,52.215029,On or near Checketts Close,E01032299,Worcester 001D,Anti-social behaviour,,
ef777d15e7da9b74511d3a531dac57d483ceb38fd17ded72d710398762938657,2015-04,West Mercia Police,West Mercia Police,-2.225890,52.213844,On or near Chalfont Close,E01032299,Worcester 001D,Violence and sexual offences,Court result unavailable,
47f7e3097ff1fe41cafb931533245d9e0e5383545c4b38170e039b260ffbf3e0,2015-04,West Mercia Police,West Mercia Police,-2.225890,52.213844,On or near Chalfont Close,E01032299,Worcester 001D,Violence and sexual offences,Defendant found not guilty,
,2015-04,West Mercia Police,West Mercia Police,-2.227686,52.213076,On or near Vine Street,E01032300,Worcester 001E,Anti-social behaviour,,
,2015-04,West Mercia Police,West Mercia Police,-2.232839,52.218775,On or near Geneva Close,E01032300,Worcester 001E,Anti-social behaviour,,
,2015-04,West Mercia Police,West Mercia Police,-2.233535,52.212049,On or near Cove Gardens,E01032300,Worcester 001E,Anti-social behaviour,,
0535b93739bd4bc53fd859dfc44c5cdf067bea03a2bf279e344cf60ab7f084f6,2015-04,West Mercia Police,West Mercia Police,-2.232241,52.213606,On or near Millbrook Close,E01032300,Worcester 001E,Burglary,Investigation complete; no suspect identified,
92256087bc6cd19bccef5ba05c9f7b398eac75e429b0b82bfd55a30df848d053,2015-04,West Mercia Police,West Mercia Police,-2.228175,52.214262,On or near Saunders Street,E01032300,Worcester 001E,Burglary,Investigation complete; no suspect identified,
f7e10f19b5026db220d0859db9fbf5ffe189717cae5e8a57e4933edcc15f3709,2015-04,West Mercia Police,West Mercia Police,-2.232839,52.218775,On or near Geneva Close,E01032300,Worcester 001E,Criminal damage and arson,Local resolution,
17546a6307c8cd06107c81e9b01ccca9ac2d6ec7f30da2f1ec0d33dd31782ad6,2015-04,West Mercia Police,West Mercia Police,-2.226405,52.217340,On or near Ombersley Road,E01032300,Worcester 001E,Other theft,Investigation complete; no suspect identified,
06a512808b783243900d35c40b1c98508ad4cd0163cf452acf378a2194ff382b,2015-04,West Mercia Police,West Mercia Police,-2.229434,52.217019,On or near Ogilvy Square,E01032300,Worcester 001E,Possession of weapons,Awaiting court outcome,
dff719c7c6cbcf820bc54b55a5674621f021e7391ae2f08a8c0c8e74b003e31d,2015-04,West Mercia Police,West Mercia Police,-2.232637,52.208238,On or near Tower Road,E01032300,Worcester 001E,Vehicle crime,Investigation complete; no suspect identified,
bc3c799d65f1099cb752e1611bad4ca11541b0a119539d631993469636760464,2015-04,West Mercia Police,West Mercia Police,-2.232637,52.208238,On or near Tower Road,E01032300,Worcester 001E,Violence and sexual offences,Unable to prosecute suspect,
f06ddf36fd3625bd7c404f216e8577903f10fd8e8873273d123a207d4575d10c,2015-04,West Mercia Police,West Mercia Police,-2.228150,52.217939,On or near Beckett Close,E01032300,Worcester 001E,Violence and sexual offences,Unable to prosecute suspect,
,2015-04,West Mercia Police,West Mercia Police,-2.190141,52.205159,On or near Ennerdale Close,E01032303,Worcester 002A,Anti-social behaviour,,
650fa63caf79711e40ec48bf40cf8cf1c8a6b4e1f3528c189ea7732cee0bdd26,2015-04,West Mercia Police,West Mercia Police,-2.190016,52.206733,On or near Langdale Drive,E01032303,Worcester 002A,Criminal damage and arson,Offender sent to prison,
58a3e06f339992a5d96c1c2eec4476c787d8298d042347b2b59aed23b7a1d39b,2015-04,West Mercia Police,West Mercia Police,-2.188690,52.204505,On or near Grasmere Drive,E01032303,Worcester 002A,Criminal damage and arson,Investigation complete; no suspect identified,
63c44a8f52a791c71fef25e39b72c70a29c4083c4348f0c084392fe5240c416b,2015-04,West Mercia Police,West Mercia Police,-2.188690,52.204505,On or near Grasmere Drive,E01032303,Worcester 002A,Other theft,Unable to prosecute suspect,
bad6c7b21badfae0591ef5ab0c825dbf0e500074459c0b2b23400814f458d409,2015-04,West Mercia Police,West Mercia Police,-2.188690,52.204505,On or near Grasmere Drive,E01032303,Worcester 002A,Public order,Unable to prosecute suspect,
,2015-04,West Mercia Police,West Mercia Police,-2.181541,52.209713,On or near Martindale Close,E01032304,Worcester 002B,Anti-social behaviour,,
,2015-04,West Mercia Police,West Mercia Police,-2.186119,52.209031,On or near Honister Drive,E01032304,Worcester 002B,Anti-social behaviour,,
,2015-04,West Mercia Police,West Mercia Police,-2.186119,52.209031,On or near Honister Drive,E01032304,Worcester 002B,Anti-social behaviour,,
,2015-04,West Mercia Police,West Mercia Police,-2.183906,52.208459,On or near Kendal Green,E01032304,Worcester 002B,Anti-social behaviour,,
,2015-04,West Mercia Police,West Mercia Police,-2.181541,52.209713,On or near Martindale Close,E01032304,Worcester 002B,Anti-social behaviour,,
,2015-04,West Mercia Police,West Mercia Police,-2.183368,52.209108,On or near Parking Area,E01032304,Worcester 002B,Anti-social behaviour,,
,2015-04,West Mercia Police,West Mercia Police,-2.182349,52.206987,On or near Penrith Close,E01032304,Worcester 002B,Anti-social behaviour,,
,2015-04,West Mercia Police,West Mercia Police,-2.183368,52.209108,On or near Parking Area,E01032304,Worcester 002B,Anti-social behaviour,,
,2015-04,West Mercia Police,West Mercia Police,-2.181541,52.209713,On or near Martindale Close,E01032304,Worcester 002B,Anti-social behaviour,,
,2015-04,West Mercia Police,West Mercia Police,-2.183368,52.209108,On or near Parking Area,E01032304,Worcester 002B,Anti-social behaviour,,
,2015-04,West Mercia Police,West Mercia Police,-2.182699,52.206654,On or near Windermere Drive,E01032304,Worcester 002B,Anti-social behaviour,,
,2015-04,West Mercia Police,West Mercia Police,-2.188042,52.207167,On or near Langdale Drive,E01032304,Worcester 002B,Anti-social behaviour,,
,2015-04,West Mercia Police,West Mercia Police,-2.182699,52.206654,On or near Windermere Drive,E01032304,Worcester 002B,Anti-social behaviour,,
,2015-04,West Mercia Police,West Mercia Police,-2.186119,52.209031,On or near Honister Drive,E01032304,Worcester 002B,Anti-social behaviour,,
,2015-04,West Mercia Police,West Mercia Police,-2.184588,52.206885,On or near Buttermere Drive,E01032304,Worcester 002B,Anti-social behaviour,,
,2015-04,West Mercia Police,West Mercia Police,-2.186119,52.209031,On or near Honister Drive,E01032304,Worcester 002B,Anti-social behaviour,,
,2015-04,West Mercia Police,West Mercia Police,-2.183368,52.209108,On or near Parking Area,E01032304,Worcester 002B,Anti-social behaviour,,
54f5be4654ea10c1ff0b6a16d20643af23419c48f6b345ba69d3492bcc17148a,2015-04,West Mercia Police,West Mercia Police,-2.182699,52.206654,On or near Windermere Drive,E01032304,Worcester 002B,Bicycle theft,Investigation complete; no suspect identified,
42d193d86694b3b4944bb0a71abfee97adb9eb76ffd84c32658b2edf09ced37e,2015-04,West Mercia Police,West Mercia Police,-2.186119,52.209031,On or near Honister Drive,E01032304,Worcester 002B,Criminal damage and arson,Unable to prosecute suspect,
27cc45f2e46a7c5257c739a9672d42e6e498a603905d3c087c3804eb7517b6b2,2015-04,West Mercia Police,West Mercia Police,-2.186119,52.209031,On or near Honister Drive,E01032304,Worcester 002B,Criminal damage and arson,Investigation complete; no suspect identified,
aedf620ba79e64e2f3565d26853d9d414c3ec91aaa4c8c27bff46b32bbb21f7f,2015-04,West Mercia Police,West Mercia Police,-2.182699,52.206654,On or near Windermere Drive,E01032304,Worcester 002B,Criminal damage and arson,Investigation complete; no suspect identified,
76cdfe8f1df352f6fb4d65a8243be2ba461d8b7d18bf2fbafeeeb283f589a00c,2015-04,West Mercia Police,West Mercia Police,-2.188042,52.207167,On or near Langdale Drive,E01032304,Worcester 002B,Criminal damage and arson,Investigation complete; no suspect identified,
83ba85c578e4ef74de319229267b63383499e7a028d2658f05ea750e67f5198a,2015-04,West Mercia Police,West Mercia Police,-2.185936,52.207287,On or near Grisedale Drive,E01032304,Worcester 002B,Other theft,Unable to prosecute suspect,
9ae944691cf532c0a3045654fa5a8da2680369479882f0fb6e5c69b88541848b,2015-04,West Mercia Police,West Mercia Police,-2.182699,52.206654,On or near Windermere Drive,E01032304,Worcester 002B,Public order,Unable to prosecute suspect,
53c763a592c3db133da7ecd5094b49bad6e6b70386a496252222bfed24e9f9b5,2015-04,West Mercia Police,West Mercia Police,-2.186119,52.209031,On or near Honister Drive,E01032304,Worcester 002B,Shoplifting,Investigation complete; no suspect identified,
b62d33a30e4112d3d10ef5fc112acc3b9874cfcca9e06ef9b8f60959bd1758f1,2015-04,West Mercia Police,West Mercia Police,-2.186119,52.209031,On or near Honister Drive,E01032304,Worcester 002B,Shoplifting,Court result unavailable,
b568cc0d246b30a2b289f774640a8be69541be86cb2b5261d06726aa543bdce9,2015-04,West Mercia Police,West Mercia Police,-2.186119,52.209031,On or near Honister Drive,E01032304,Worcester 002B,Shoplifting,Offender given community sentence,
5bf1fae8062055f72270197bee7d1bffc76bbd90ff7b95ee7cd5b3b162b9292c,2015-04,West Mercia Police,West Mercia Police,-2.186119,52.209031,On or near Honister Drive,E01032304,Worcester 002B,Shoplifting,Investigation complete; no suspect identified,
df1b4c14c24a97399597d4c0036a9720f4cf15ba0898fe6f56c67a5d68dd39f4,2015-04,West Mercia Police,West Mercia Police,-2.183906,52.208459,On or near Kendal Green,E01032304,Worcester 002B,Violence and sexual offences,Unable to prosecute suspect,
203b296a7637cd387335ad9fed142b3713c06d0776ef6d193a71bc1329dec199,2015-04,West Mercia Police,West Mercia Police,-2.181541,52.209713,On or near Martindale Close,E01032304,Worcester 002B,Violence and sexual offences,Unable to prosecute suspect,
2707c7b242d4992d689c7728852ca5fd74640dd0a89477b885362844fec5ce31,2015-04,West Mercia Police,West Mercia Police,-2.181541,52.209713,On or near Martindale Close,E01032304,Worcester 002B,Violence and sexual offences,Unable to prosecute suspect,
3b99002610709eb4d20edc7c216d4e8e30e18f5ae8bd46a32afeb10e880e0359,2015-04,West Mercia Police,West Mercia Police,-2.183368,52.209108,On or near Parking Area,E01032304,Worcester 002B,Violence and sexual offences,Investigation complete; no suspect identified,
cd31e4fb64ba3b443b7852d0a85143ae9a195831a3149fb2910f31ae3f81c88b,2015-04,West Mercia Police,West Mercia Police,-2.181541,52.209713,On or near Martindale Close,E01032304,Worcester 002B,Violence and sexual offences,Unable to prosecute suspect,
b0c3cd5a6edfffbbb650ecce333c6d859de31a4ea789f7027c13e5928edac897,2015-04,West Mercia Police,West Mercia Police,-2.182699,52.206654,On or near Windermere Drive,E01032304,Worcester 002B,Violence and sexual offences,Unable to prosecute suspect,
11b4b1db637aeaf12583d106da3c932bebc1c712a7270e679ee47cd5a4eea30a,2015-04,West Mercia Police,West Mercia Police,-2.181386,52.207627,On or near Thirlmere Close,E01032304,Worcester 002B,Violence and sexual offences,Local resolution,
572772b273f3c42ba80e5fd36cc7a13aadb059d5738bbe8f57f63cf592da4bb4,2015-04,West Mercia Police,West Mercia Police,-2.182699,52.206654,On or near Windermere Drive,E01032304,Worcester 002B,Violence and sexual offences,Local resolution,
fdcbec61ba28d2712f8f8838188077f15bdf98200757622caf28378a9603eb4b,2015-04,West Mercia Police,West Mercia Police,-2.186119,52.209031,On or near Honister Drive,E01032304,Worcester 002B,Violence and sexual offences,Offender sent to prison,
,2015-04,West Mercia Police,West Mercia Police,-2.189648,52.213017,On or near Chatcombe Drive,E01032331,Worcester 002C,Anti-social behaviour,,
5d27ec6757055830b1cb9edd49ce4faa0787972bdc8e96e3fe65362f2b47fc15,2015-04,West Mercia Police,West Mercia Police,-2.193708,52.214296,On or near Prestbury Close,E01032331,Worcester 002C,Burglary,Defendant found not guilty,
dea71f7b37b151f5c401d895746e2a707dff995b20acf89d0677189858c7a527,2015-04,West Mercia Police,West Mercia Police,-2.189801,52.211111,On or near Coberley Close,E01032331,Worcester 002C,Burglary,Investigation complete; no suspect identified,
e781e069dfdd73c9a831864f31c493ccd737410136396d7b032e5d741a6dc1b2,2015-04,West Mercia Police,West Mercia Police,-2.188222,52.211662,On or near Crickley Drive,E01032331,Worcester 002C,Burglary,Defendant found not guilty,
3a76cffa5000eaf257b922e5df0701f23df8f0aa9d44a675922a5feb2689a3bb,2015-04,West Mercia Police,West Mercia Police,-2.188222,52.211662,On or near Crickley Drive,E01032331,Worcester 002C,Criminal damage and arson,Offender given conditional discharge,
3c7bb92c0e86a5721030ac6972a8874d5d9397a6fb3c6b5437b1d1bd263e0299,2015-04,West Mercia Police,West Mercia Police,-2.189008,52.210582,On or near Sheepscombe Drive,E01032331,Worcester 002C,Criminal damage and arson,Investigation complete; no suspect identified,
6349d9ea6471b673211032547fb53c872ee2778a0f96f1f69b3ca7d6329b4e4b,2015-04,West Mercia Police,West Mercia Police,-2.189008,52.210582,On or near Sheepscombe Drive,E01032331,Worcester 002C,Criminal damage and arson,Investigation complete; no suspect identified,
9b1deaa4aa2f3ff3444dba775423b1dbf7b55ff79323107441d1ec0f16619d96,2015-04,West Mercia Police,West Mercia Police,-2.189129,52.211463,On or near Painswick Close,E01032331,Worcester 002C,Drugs,Court case unable to proceed,
08c64aa01ba2628106592435fd2e43107973f183edaef7427ef6d0b5adc562a8,2015-04,West Mercia Police,West Mercia Police,-2.188222,52.211662,On or near Crickley Drive,E01032331,Worcester 002C,Other theft,Investigation complete; no suspect identified,
16a165f86bc57734dddc3a1d294008ec8b4920afbe7607c251b188a8c1c39948,2015-04,West Mercia Police,West Mercia Police,-2.193708,52.214296,On or near Prestbury Close,E01032331,Worcester 002C,Vehicle crime,Investigation complete; no suspect identified,
9e054b78763c598e3175d60c19da1be4cdd6c3c34e4330a47c46fd2cf8d0b904,2015-04,West Mercia Police,West Mercia Police,-2.188222,52.211662,On or near Crickley Drive,E01032331,Worcester 002C,Violence and sexual offences,Defendant found not guilty,
cd4e1ca0ea9166aeea69a587c66014421b4fb2782fd029444042c3f1ebe4b580,2015-04,West Mercia Police,West Mercia Police,-2.188222,52.211662,On or near Crickley Drive,E01032331,Worcester 002C,Violence and sexual offences,Awaiting court outcome,
413017e5baabd318dc10249da67b70038306cd95394510275fe679e21f4b2f41,2015-04,West Mercia Police,West Mercia Police,-2.188448,52.209675,On or near Cleeve Drive,E01032331,Worcester 002C,Violence and sexual offences,Unable to prosecute suspect,
72ebfa7ca0e5ee9030cbb715ebbf5863ded77aa1be2eb5aa68f13382149b07ba,2015-04,West Mercia Police,West Mercia Police,-2.188222,52.211662,On or near Crickley Drive,E01032331,Worcester 002C,Violence and sexual offences,Offender sent to prison,
058af567bca85eaf0a456ee5d303c29ee6ef404074c3aa85a609797210b7bce6,2015-04,West Mercia Police,West Mercia Police,-2.188222,52.211662,On or near Crickley Drive,E01032331,Worcester 002C,Violence and sexual offences,Court case unable to proceed,
0bfc7d5f6c0caffb4eb7306d82f87398f40870d52c3e80009996be42c69a8beb,2015-04,West Mercia Police,West Mercia Police,-2.188222,52.211662,On or near Crickley Drive,E01032331,Worcester 002C,Other crime,Court result unavailable,
,2015-04,West Mercia Police,West Mercia Police,-2.185484,52.211145,On or near Edgeworth Close,E01032332,Worcester 002D,Anti-social behaviour,,
,2015-04,West Mercia Police,West Mercia Police,-2.185993,52.213994,On or near Rodborough Drive,E01032332,Worcester 002D,Anti-social behaviour,,
,2015-04,West Mercia Police,West Mercia Police,-2.184970,52.214454,On or near Chedworth Close,E01032332,Worcester 002D,Anti-social behaviour,,
,2015-04,West Mercia Police,West Mercia Police,-2.183123,52.210205,On or near Sports/Recreation Area,E01032332,Worcester 002D,Anti-social behaviour,,
,2015-04,West Mercia Police,West Mercia Police,-2.185484,52.211145,On or near Edgeworth Close,E01032332,Worcester 002D,Anti-social behaviour,,
,2015-04,West Mercia Police,West Mercia Police,-2.184119,52.213772,On or near Cirencester Place,E01032332,Worcester 002D,Anti-social behaviour,,
,2015-04,West Mercia Police,West Mercia Police,-2.183123,52.210205,On or near Sports/Recreation Area,E01032332,Worcester 002D,Anti-social behaviour,,
,2015-04,West Mercia Police,West Mercia Police,-2.187347,52.212302,On or near Cranham Drive,E01032332,Worcester 002D,Anti-social behaviour,,
,2015-04,West Mercia Police,West Mercia Police,-2.184970,52.214454,On or near Chedworth Close,E01032332,Worcester 002D,Anti-social behaviour,,
,2015-04,West Mercia Police,West Mercia Police,-2.187347,52.212302,On or near Cranham Drive,E01032332,Worcester 002D,Anti-social behaviour,,
,2015-04,West Mercia Police,West Mercia Police,-2.187347,52.212302,On or near Cranham Drive,E01032332,Worcester 002D,Anti-social behaviour,,
,2015-04,West Mercia Police,West Mercia Police,-2.184888,52.212189,On or near Selsey Close,E01032332,Worcester 002D,Anti-social behaviour,,
,2015-04,West Mercia Police,West Mercia Police,-2.187347,52.212302,On or near Cranham Drive,E01032332,Worcester 002D,Anti-social behaviour,,
,2015-04,West Mercia Police,West Mercia Police,-2.186649,52.213256,On or near Brookthorpe Close,E01032332,Worcester 002D,Anti-social behaviour,,
,2015-04,West Mercia Police,West Mercia Police,-2.184401,52.211219,On or near Oakridge Close,E01032332,Worcester 002D,Anti-social behaviour,,
,2015-04,West Mercia Police,West Mercia Police,-2.187347,52.212302,On or near Cranham Drive,E01032332,Worcester 002D,Anti-social behaviour,,
,2015-04,West Mercia Police,West Mercia Police,-2.185484,52.211145,On or near Edgeworth Close,E01032332,Worcester 002D,Anti-social behaviour,,
,2015-04,West Mercia Police,West Mercia Police,-2.184888,52.212189,On or near Selsey Close,E01032332,Worcester 002D,Anti-social behaviour,,
,2015-04,West Mercia Police,West Mercia Police,-2.183457,52.212928,On or near Snowshill Close,E01032332,Worcester 002D,Anti-social behaviour,,
,2015-04,West Mercia Police,West Mercia Police,-2.184319,52.212756,On or near Chedworth Drive,E01032332,Worcester 002D,Anti-social behaviour,,
,2015-04,West Mercia Police,West Mercia Police,-2.185484,52.211145,On or near Edgeworth Close,E01032332,Worcester 002D,Anti-social behaviour,,
,2015-04,West Mercia Police,West Mercia Police,-2.183457,52.212928,On or near Snowshill Close,E01032332,Worcester 002D,Anti-social behaviour,,
,2015-04,West Mercia Police,West Mercia Police,-2.185484,52.211145,On or near Edgeworth Close,E01032332,Worcester 002D,Anti-social behaviour,,
,2015-04,West Mercia Police,West Mercia Police,-2.187911,52.214144,On or near Chalford Drive,E01032332,Worcester 002D,Anti-social behaviour,,
,2015-04,West Mercia Police,West Mercia Police,-2.183123,52.210205,On or near Sports/Recreation Area,E01032332,Worcester 002D,Anti-social behaviour,,
,2015-04,West Mercia Police,West Mercia Police,-2.187347,52.212302,On or near Cranham Drive,E01032332,Worcester 002D,Anti-social behaviour,,
,2015-04,West Mercia Police,West Mercia Police,-2.187347,52.212302,On or near Cranham Drive,E01032332,Worcester 002D,Anti-social behaviour,,
bfb06b67840c10ceadd6e479b8be89f2f47547318dd1a57618e931d373b517ce,2015-04,West Mercia Police,West Mercia Police,-2.185993,52.213994,On or near Rodborough Drive,E01032332,Worcester 002D,Burglary,Unable to prosecute suspect,
e7d21b1a3a5d3b43a41ccb089a44f0b377f4c94fc54a4a3308a14be99d055c16,2015-04,West Mercia Police,West Mercia Police,-2.187911,52.214144,On or near Chalford Drive,E01032332,Worcester 002D,Burglary,Investigation complete; no suspect identified,
5398b67deca2fd930a6a54ebf84a9af9d1633db49646ddddec1faba32e7b8099,2015-04,West Mercia Police,West Mercia Police,-2.185993,52.213994,On or near Rodborough Drive,E01032332,Worcester 002D,Burglary,Investigation complete; no suspect identified,
4ccfaed8b6bfd9f3834d0bf222036a076be054b5edc8a3fb4dae8f8fe5d330e5,2015-04,West Mercia Police,West Mercia Police,-2.184888,52.212189,On or near Selsey Close,E01032332,Worcester 002D,Criminal damage and arson,Unable to prosecute suspect,
7e665ba420e092469d31da89bef17a412d470d31c68d40ad18cb43d2a904f279,2015-04,West Mercia Police,West Mercia Police,-2.185484,52.211145,On or near Edgeworth Close,E01032332,Worcester 002D,Criminal damage and arson,Court result unavailable,
9a20f2415754b9210e3eb3e00cf5a2df4f800938dc8fd1b41fb0da5fc8d5be2c,2015-04,West Mercia Police,West Mercia Police,-2.185484,52.211145,On or near Edgeworth Close,E01032332,Worcester 002D,Criminal damage and arson,Investigation complete; no suspect identified,
ad9c542aadaa0c1868569fee2991b287e110891d520d8be85766e7b8e046100e,2015-04,West Mercia Police,West Mercia Police,-2.187347,52.212302,On or near Cranham Drive,E01032332,Worcester 002D,Criminal damage and arson,Investigation complete; no suspect identified,
66a49e3a626ea8d7ed6b4a92cfff65aac3e020333f2c2c3e4a8a20c68c78009c,2015-04,West Mercia Police,West Mercia Police,-2.184401,52.211219,On or near Oakridge Close,E01032332,Worcester 002D,Drugs,Unable to prosecute suspect,
4d7dd016d00a0aea729775b415f50289ca5f404a28759233c14034fc6a4564d9,2015-04,West Mercia Police,West Mercia Police,-2.186649,52.213256,On or near Brookthorpe Close,E01032332,Worcester 002D,Other theft,Investigation complete; no suspect identified,
f7298d688c1ba125c0962b1ddd29a440fb9e3a60269c3334408e099f7372d696,2015-04,West Mercia Police,West Mercia Police,-2.187347,52.212302,On or near Cranham Drive,E01032332,Worcester 002D,Public order,Court result unavailable,
6640411273f423e57d70c2c5f6343e253c56bf42d490371aae9699c7111e2fbc,2015-04,West Mercia Police,West Mercia Police,-2.185484,52.211145,On or near Edgeworth Close,E01032332,Worcester 002D,Vehicle crime,Investigation complete; no suspect identified,
32f9a1650fbfdbdab83fce1a67c066480f3d783fd6bbbc800eeab1bc9768f7f5,2015-04,West Mercia Police,West Mercia Police,-2.183457,52.212928,On or near Snowshill Close,E01032332,Worcester 002D,Vehicle crime,Investigation complete; no suspect identified,
3b57e821c18d1dbb8a6f28c68a0d1af203bbf3097ff030a3e84cd677fb182bcb,2015-04,West Mercia Police,West Mercia Police,-2.184319,52.212756,On or near Chedworth Drive,E01032332,Worcester 002D,Violence and sexual offences,Unable to prosecute suspect,
c6c20c7dc8c5b51f360464c67dd25d74fdd12bf7a7b4c739ba6cdbd2b90d0135,2015-04,West Mercia Police,West Mercia Police,-2.184888,52.212189,On or near Selsey Close,E01032332,Worcester 002D,Violence and sexual offences,Unable to prosecute suspect,
9f54a3a7b2368bfe610cbf36951f34924a0c9d1fedc77ed8bff42844a82bd7a6,2015-04,West Mercia Police,West Mercia Police,-2.184888,52.212189,On or near Selsey Close,E01032332,Worcester 002D,Violence and sexual offences,Unable to prosecute suspect,
d7975629becd25b940849438b5e1914e682ff498021bffeeafe3ca1082e84f47,2015-04,West Mercia Police,West Mercia Police,-2.185993,52.213994,On or near Rodborough Drive,E01032332,Worcester 002D,Violence and sexual offences,Unable to prosecute suspect,
e7ee4b84720aad60dc48bbfbaa583048d48a62287e2705192629936e8d646dfe,2015-04,West Mercia Police,West Mercia Police,-2.185993,52.213994,On or near Rodborough Drive,E01032332,Worcester 002D,Violence and sexual offences,Unable to prosecute suspect,
69a10f3077d8f09492b262af0774ca7f362822df869c425b2b6bb9b7889aa053,2015-04,West Mercia Police,West Mercia Police,-2.187911,52.214144,On or near Chalford Drive,E01032332,Worcester 002D,Violence and sexual offences,Unable to prosecute suspect,
a93be7d27c75081b4885d64593444975636086c3f3d5e3bdccec738c4709e379,2015-04,West Mercia Police,West Mercia Police,-2.185484,52.211145,On or near Edgeworth Close,E01032332,Worcester 002D,Violence and sexual offences,Offender given a caution,
7176ca8a0f22743e08e673cbbca008267929cb299c3afb6daa092f0199e0b3f5,2015-04,West Mercia Police,West Mercia Police,-2.187911,52.214144,On or near Chalford Drive,E01032332,Worcester 002D,Violence and sexual offences,Investigation complete; no suspect identified,
0127df8e45b9e0090823ef9bb1a326199e24a6031bd6948016b3700e2a2befd4,2015-04,West Mercia Police,West Mercia Police,-2.185484,52.211145,On or near Edgeworth Close,E01032332,Worcester 002D,Violence and sexual offences,Unable to prosecute suspect,
cc8c3582eea5e3b8ac328f6683b3ed6419e506ae8c875086767e6db40d522d4c,2015-04,West Mercia Police,West Mercia Police,-2.187347,52.212302,On or near Cranham Drive,E01032332,Worcester 002D,Violence and sexual offences,Unable to prosecute suspect,
98120ff8490d377ac6d46cdf9612e7aa9be7c17ae2361c86b825be3a2592d9b8,2015-04,West Mercia Police,West Mercia Police,-2.183123,52.210205,On or near Sports/Recreation Area,E01032332,Worcester 002D,Violence and sexual offences,Unable to prosecute suspect,
5d8179dd4f027b49071990e352d8a3187c3c7b96698d9bf4fd0523ed4d7f2952,2015-04,West Mercia Police,West Mercia Police,-2.185484,52.211145,On or near Edgeworth Close,E01032332,Worcester 002D,Violence and sexual offences,Offender given community sentence,
,2015-04,West Mercia Police,West Mercia Police,-2.197597,52.213517,On or near Petrol Station,E01032330,Worcester 003A,Anti-social behaviour,,
,2015-04,West Mercia Police,West Mercia Police,-2.197597,52.213517,On or near Petrol Station,E01032330,Worcester 003A,Anti-social behaviour,,
,2015-04,West Mercia Police,West Mercia Police,-2.198552,52.214171,On or near Shopping Area,E01032330,Worcester 003A,Anti-social behaviour,,
,2015-04,West Mercia Police,West Mercia Police,-2.175134,52.217985,On or near Parking Area,E01032330,Worcester 003A,Anti-social behaviour,,
,2015-04,West Mercia Police,West Mercia Police,-2.198215,52.210989,On or near Barbers Close,E01032330,Worcester 003A,Anti-social behaviour,,
,2015-04,West Mercia Police,West Mercia Police,-2.196613,52.209311,On or near Potters Close,E01032330,Worcester 003A,Anti-social behaviour,,
,2015-04,West Mercia Police,West Mercia Police,-2.196361,52.218544,On or near Shopping Area,E01032330,Worcester 003A,Anti-social behaviour,,
,2015-04,West Mercia Police,West Mercia Police,-2.195737,52.213205,On or near Amberley Close,E01032330,Worcester 003A,Anti-social behaviour,,
bc1df97a38a357053741eb7e40723fe4c2790ccfa00f5c627649b26fd80930a6,2015-04,West Mercia Police,West Mercia Police,-2.197597,52.213517,On or near Petrol Station,E01032330,Worcester 003A,Criminal damage and arson,Unable to prosecute suspect,
52c27f5011db831be01fced24630ce19f316540c92d36cadac7b0ede789265a5,2015-04,West Mercia Police,West Mercia Police,-2.201082,52.210571,On or near Shopping Area,E01032330,Worcester 003A,Other theft,Investigation complete; no suspect identified,
b1ae0a798a07c061cb73ba905576662909d92ce896c3a89770293a33d893639c,2015-04,West Mercia Police,West Mercia Police,-2.201082,52.210571,On or near Shopping Area,E01032330,Worcester 003A,Other theft,Investigation complete; no suspect identified,
a836cef19b330d29411238a1b51dd1a9deeb7c6c6faf33e0d80b32488460a800,2015-04,West Mercia Police,West Mercia Police,-2.201082,52.210571,On or near Shopping Area,E01032330,Worcester 003A,Public order,Offender given community sentence,
87b0e09b5c723934afb74e6d5938a6d509dac0817fe791fce09b702c92a97401,2015-04,West Mercia Police,West Mercia Police,-2.197689,52.207835,On or near Wheelwright Close,E01032330,Worcester 003A,Robbery,Unable to prosecute suspect,
c0950bec5aa4ead7eaf567dcebb9c9daa57e28a6f93845e960b250412aa5c0c1,2015-04,West Mercia Police,West Mercia Police,-2.198215,52.210989,On or near Barbers Close,E01032330,Worcester 003A,Violence and sexual offences,Unable to prosecute suspect,
605c46c2ec30548012be115834adda94213f94ea6b97256d22281595f2784ebf,2015-04,West Mercia Police,West Mercia Police,-2.195737,52.213205,On or near Amberley Close,E01032330,Worcester 003A,Violence and sexual offences,Unable to prosecute suspect,
beb9fd670bd05131994d4def580f4e4fba99ff9ec001a2401408fb8ecfad87c3,2015-04,West Mercia Police,West Mercia Police,-2.193652,52.214935,On or near Brockhampton Close,E01032330,Worcester 003A,Violence and sexual offences,Unable to prosecute suspect,
f1f877f9d3537215e8751230272b4b6fcbcd275a23d048cf72b21e56e6c601ad,2015-04,West Mercia Police,West Mercia Police,-2.197597,52.213517,On or near Petrol Station,E01032330,Worcester 003A,Violence and sexual offences,Unable to prosecute suspect,
763b85d8b655091d700d0a5f6dfc158afe0a4ca363b1a2706a8ed6f6e13b97e1,2015-04,West Mercia Police,West Mercia Police,-2.197597,52.213517,On or near Petrol Station,E01032330,Worcester 003A,Violence and sexual offences,Investigation complete; no suspect identified,
0f91fb30efdd7f5a0e03cddce55acccc36412feb3344fb9e84400583319e061c,2015-04,West Mercia Police,West Mercia Police,-2.198883,52.209730,On or near Salters Close,E01032330,Worcester 003A,Violence and sexual offences,Unable to prosecute suspect,
,2015-04,West Mercia Police,West Mercia Police,-2.179621,52.208934,On or near Coney Green Close,E01032334,Worcester 003B,Anti-social behaviour,,
a1f14510ff964dd03b422dc409f152fdcd50c35c492c64adaf898e12db3b1c35,2015-04,West Mercia Police,West Mercia Police,-2.175566,52.205092,On or near Fallow Field,E01032334,Worcester 003B,Criminal damage and arson,Local resolution,
88a0dec3c3aa8c0d2b2f93fccbac12557e239d07846b71785bae707d2eee732f,2015-04,West Mercia Police,West Mercia Police,-2.182472,52.204713,On or near Water Croft,E01032334,Worcester 003B,Criminal damage and arson,Investigation complete; no suspect identified,
207976c26a8c8f1e4f0d24f337cd18df7744b4985f3ca430426a27bbf190eddd,2015-04,West Mercia Police,West Mercia Police,-2.179621,52.208934,On or near Coney Green Close,E01032334,Worcester 003B,Criminal damage and arson,Local resolution,
fac0e597f991f9d5b9ba4fd29dde4c1291e87a99dd511886e1bd40df7dad6623,2015-04,West Mercia Police,West Mercia Police,-2.182861,52.203390,On or near Plough Croft,E01032334,Worcester 003B,Criminal damage and arson,Investigation complete; no suspect identified,
4df6c8d87998d0a237bbbbf302f8b7bcf4774748d4f7a301faaf972f6733f9c2,2015-04,West Mercia Police,West Mercia Police,-2.182861,52.203390,On or near Plough Croft,E01032334,Worcester 003B,Vehicle crime,Investigation complete; no suspect identified,
898c39d474ce2ecfdbd5383e2c1e0debc2a5f0f95afb93ef67f695109036b4be,2015-04,West Mercia Police,West Mercia Police,-2.173237,52.204331,On or near Purleigh Avenue,E01032334,Worcester 003B,Violence and sexual offences,Under investigation,
ff0fb90c44407696ec41600f91db324c5ba6c1b0c3210111d7b794804d75b471,2015-04,West Mercia Police,West Mercia Police,-2.173237,52.204331,On or near Purleigh Avenue,E01032334,Worcester 003B,Violence and sexual offences,Under investigation,
,2015-04,West Mercia Police,West Mercia Police,-2.170463,52.209945,On or near Pickering Green,E01032335,Worcester 003C,Anti-social behaviour,,
,2015-04,West Mercia Police,West Mercia Police,-2.171472,52.202086,On or near Watchetts Green,E01032335,Worcester 003C,Anti-social behaviour,,
9ce88ada6027b4ecf67394ccd6415a797171e2aafee5cd104d699cd168f24742,2015-04,West Mercia Police,West Mercia Police,-2.171491,52.206941,On or near Hever Avenue,E01032335,Worcester 003C,Other crime,Offender given community sentence,
,2015-04,West Mercia Police,West Mercia Police,-2.177384,52.209557,On or near Tantallon Close,E01032336,Worcester 003D,Anti-social behaviour,,
,2015-04,West Mercia Police,West Mercia Police,-2.177384,52.209557,On or near Tantallon Close,E01032336,Worcester 003D,Anti-social behaviour,,
,2015-04,West Mercia Police,West Mercia Police,-2.179523,52.210066,On or near Stock Coppice Close,E01032336,Worcester 003D,Anti-social behaviour,,
,2015-04,West Mercia Police,West Mercia Police,-2.177384,52.209557,On or near Tantallon Close,E01032336,Worcester 003D,Anti-social behaviour,,
fe73547698c1c226711f2cc61ea4c3aa267b673a1d77e39b678c311b8cf2554a,2015-04,West Mercia Police,West Mercia Police,-2.178378,52.212909,On or near Berkeley Way,E01032336,Worcester 003D,Criminal damage and arson,Investigation complete; no suspect identified,
40d607eb89672144d1a781d8d6f72574be465616de468b39ded9216be241f335,2015-04,West Mercia Police,West Mercia Police,-2.178378,52.212909,On or near Berkeley Way,E01032336,Worcester 003D,Shoplifting,Local resolution,
,2015-04,West Mercia Police,West Mercia Police,-2.214664,52.204766,On or near Sports/Recreation Area,E01032279,Worcester 004A,Anti-social behaviour,,
,2015-04,West Mercia Police,West Mercia Police,-2.212878,52.201425,On or near Cyril Road,E01032279,Worcester 004A,Anti-social behaviour,,
,2015-04,West Mercia Police,West Mercia Police,-2.216952,52.202739,On or near Abberley View,E01032279,Worcester 004A,Anti-social behaviour,,
,2015-04,West Mercia Police,West Mercia Police,-2.212878,52.201425,On or near Cyril Road,E01032279,Worcester 004A,Anti-social behaviour,,
6cf91f92d50a40c21895ad09ce12adb970dff1d4b2f8d8beed0b87d70e701a65,2015-04,West Mercia Police,West Mercia Police,-2.211797,52.201805,On or near Laslett Street,E01032279,Worcester 004A,Other theft,Investigation complete; no suspect identified,
1123e2c59cf313ec732ecc4234792bc37760b580963483ae21c96802d6be21d3,2015-04,West Mercia Police,West Mercia Police,-2.217447,52.202334,On or near Merriman'S Walk,E01032279,Worcester 004A,Violence and sexual offences,Unable to prosecute suspect,
93264cccb49a3410d3b7a546fdbec90a24f70dbec082fe4542fc0ec2b67855f1,2015-04,West Mercia Police,West Mercia Police,-2.213461,52.200894,On or near Rogers Hill,E01032279,Worcester 004A,Violence and sexual offences,Unable to prosecute suspect,
,2015-04,West Mercia Police,West Mercia Police,-2.211012,52.202921,On or near Belmont Street,E01032312,Worcester 004B,Anti-social behaviour,,
,2015-04,West Mercia Police,West Mercia Police,-2.210621,52.203857,On or near Mayfield Road,E01032312,Worcester 004B,Anti-social behaviour,,
,2015-04,West Mercia Police,West Mercia Police,-2.211214,52.202309,On or near Laslett Street,E01032312,Worcester 004B,Anti-social behaviour,,
,2015-04,West Mercia Police,West Mercia Police,-2.211214,52.202309,On or near Laslett Street,E01032312,Worcester 004B,Anti-social behaviour,,
,2015-04,West Mercia Police,West Mercia Police,-2.211006,52.201671,On or near Lansdowne Road,E01032312,Worcester 004B,Anti-social behaviour,,
,2015-04,West Mercia Police,West Mercia Police,-2.211006,52.201671,On or near Lansdowne Road,E01032312,Worcester 004B,Anti-social behaviour,,
c7230bfaa11b3f74cb23df8462dcb37cb24a1ba730a01de2d7262c59850b841b,2015-04,West Mercia Police,West Mercia Police,-2.212934,52.204032,On or near Gillam Street,E01032312,Worcester 004B,Bicycle theft,Investigation complete; no suspect identified,
9be0de949fe77d84b02770f5e8e4a187e9383fd15daf8b8cea865e7a8bc62c10,2015-04,West Mercia Police,West Mercia Police,-2.211006,52.201671,On or near Lansdowne Road,E01032312,Worcester 004B,Bicycle theft,Unable to prosecute suspect,
74c5823563330b48935046ae98d7d8e4feb28b30291b5ee343e511ed8b20cc33,2015-04,West Mercia Police,West Mercia Police,-2.212072,52.204196,On or near Barker Street,E01032312,Worcester 004B,Criminal damage and arson,Investigation complete; no suspect identified,
,2015-04,West Mercia Police,West Mercia Police,-2.223301,52.205335,On or near Goddard Road,E01032327,Worcester 004C,Anti-social behaviour,,
,2015-04,West Mercia Police,West Mercia Police,-2.224287,52.209486,On or near Petrol Station,E01032327,Worcester 004C,Anti-social behaviour,,
,2015-04,West Mercia Police,West Mercia Police,-2.227043,52.204617,On or near Barbourne Road,E01032327,Worcester 004C,Anti-social behaviour,,
,2015-04,West Mercia Police,West Mercia Police,-2.226387,52.205140,On or near Brook Street,E01032327,Worcester 004C,Anti-social behaviour,,
,2015-04,West Mercia Police,West Mercia Police,-2.221146,52.207559,On or near Canal Side,E01032327,Worcester 004C,Anti-social behaviour,,
,2015-04,West Mercia Police,West Mercia Police,-2.226387,52.205140,On or near Brook Street,E01032327,Worcester 004C,Anti-social behaviour,,
,2015-04,West Mercia Police,West Mercia Police,-2.222829,52.204679,On or near Sports/Recreation Area,E01032327,Worcester 004C,Anti-social behaviour,,
,2015-04,West Mercia Police,West Mercia Police,-2.202469,52.213131,On or near Southdown Road,E01032328,Worcester 004D,Anti-social behaviour,,
,2015-04,West Mercia Police,West Mercia Police,-2.205569,52.206203,On or near Astwood Road,E01032328,Worcester 004D,Anti-social behaviour,,
,2015-04,West Mercia Police,West Mercia Police,-2.204119,52.212256,On or near Bilford Road,E01032328,Worcester 004D,Anti-social behaviour,,
,2015-04,West Mercia Police,West Mercia Police,-2.208659,52.206647,On or near Buckle Wood,E01032328,Worcester 004D,Anti-social behaviour,,
,2015-04,West Mercia Police,West Mercia Police,-2.202095,52.214498,On or near Radnor Croft,E01032328,Worcester 004D,Anti-social behaviour,,
,2015-04,West Mercia Police,West Mercia Police,-2.209184,52.206331,On or near Cotland,E01032328,Worcester 004D,Anti-social behaviour,,
,2015-04,West Mercia Police,West Mercia Police,-2.204119,52.212256,On or near Bilford Road,E01032328,Worcester 004D,Anti-social behaviour,,
,2015-04,West Mercia Police,West Mercia Police,-2.202469,52.213131,On or near Southdown Road,E01032328,Worcester 004D,Anti-social behaviour,,
,2015-04,West Mercia Police,West Mercia Police,-2.203940,52.211483,On or near Farm Close,E01032328,Worcester 004D,Anti-social behaviour,,
,2015-04,West Mercia Police,West Mercia Police,-2.204748,52.209018,On or near Astwood Road,E01032328,Worcester 004D,Anti-social behaviour,,
8261f10fc6ea34346fb2bf04be46ee453dcd79c918e39afd80940c6ff9cafe60,2015-04,West Mercia Police,West Mercia Police,-2.204119,52.212256,On or near Bilford Road,E01032328,Worcester 004D,Burglary,Offender given a caution,
665037bd451ee91897c4f6e225956c5bc0e23b149b1677f527a68bc0a4e8eaf9,2015-04,West Mercia Police,West Mercia Police,-2.202469,52.213131,On or near Southdown Road,E01032328,Worcester 004D,Burglary,Investigation complete; no suspect identified,
82f434f09f4319cc8b8216f5f0d9164492c9e0be1def509e9cdd70d08ab101dc,2015-04,West Mercia Police,West Mercia Police,-2.202469,52.213131,On or near Southdown Road,E01032328,Worcester 004D,Criminal damage and arson,Local resolution,
dfdeee60e41f83566b79565591c7c348dd8b112b5ae09b854546a723afc36995,2015-04,West Mercia Police,West Mercia Police,-2.204119,52.212256,On or near Bilford Road,E01032328,Worcester 004D,Drugs,Offender fined,
bad5c3447427e0508374b54211953d2f326efc24e6afb2b7b01aff2db10380f4,2015-04,West Mercia Police,West Mercia Police,-2.208659,52.206647,On or near Buckle Wood,E01032328,Worcester 004D,Other theft,Investigation complete; no suspect identified,
5731828a7fcd5ebe72aeb336431cc63ada0f2f4c84720f29c8f2713094b43827,2015-04,West Mercia Police,West Mercia Police,-2.204119,52.212256,On or near Bilford Road,E01032328,Worcester 004D,Other theft,Offender fined,
1146085883b5e1ec69e61c648970db4c31a0661eea04d0d6d75cb6f8d7f62a64,2015-04,West Mercia Police,West Mercia Police,-2.209184,52.206331,On or near Cotland,E01032328,Worcester 004D,Public order,Unable to prosecute suspect,
70841c76772d47cd07121f9a8ea5efe8640ddcb56a928a3a912e8fb94d2c42a4,2015-04,West Mercia Police,West Mercia Police,-2.202469,52.213131,On or near Southdown Road,E01032328,Worcester 004D,Violence and sexual offences,Unable to prosecute suspect,
01b7d43fbd5be2917ab8fd608bc75976d729b7c47da63d53eb08ea4ae9024518,2015-04,West Mercia Police,West Mercia Police,-2.203940,52.211483,On or near Farm Close,E01032328,Worcester 004D,Violence and sexual offences,Unable to prosecute suspect,
bd07abafd799414712c8edba78fc3da26513f57f11dd4015f4439578a320f6d3,2015-04,West Mercia Police,West Mercia Police,-2.204119,52.212256,On or near Bilford Road,E01032328,Worcester 004D,Violence and sexual offences,Local resolution,
7ff62e4b6c0c552d36980df089dee4d32ec20b3cb1a6c37280f75789e051ee2a,2015-04,West Mercia Police,West Mercia Police,-2.208421,52.211970,On or near Bilford Avenue,E01032329,Worcester 004E,Criminal damage and arson,Unable to prosecute suspect,
d067a622858f248e2de5c78c2ccc96795e9bcca8ed034c067012544f61d0bd57,2015-04,West Mercia Police,West Mercia Police,-2.208298,52.210738,On or near Woodland Close,E01032329,Worcester 004E,Shoplifting,Unable to prosecute suspect,
f0d5e41d44ad0e5e7760cf4f787def39588dff719dd74c8cca2ef5fe2a382fc8,2015-04,West Mercia Police,West Mercia Police,-2.215920,52.210158,On or near Kipling Close,E01032329,Worcester 004E,Violence and sexual offences,Unable to prosecute suspect,
,2015-04,West Mercia Police,West Mercia Police,-2.184824,52.203954,On or near Tolladine Road,E01032301,Worcester 005A,Anti-social behaviour,,
,2015-04,West Mercia Police,West Mercia Police,-2.184824,52.203954,On or near Tolladine Road,E01032301,Worcester 005A,Anti-social behaviour,,
,2015-04,West Mercia Police,West Mercia Police,-2.184824,52.203954,On or near Tolladine Road,E01032301,Worcester 005A,Anti-social behaviour,,
,2015-04,West Mercia Police,West Mercia Police,-2.190159,52.202561,On or near Coniston Close,E01032301,Worcester 005A,Anti-social behaviour,,
,2015-04,West Mercia Police,West Mercia Police,-2.194589,52.198256,On or near Conway,E01032301,Worcester 005A,Anti-social behaviour,,
,2015-04,West Mercia Police,West Mercia Police,-2.190337,52.203064,On or near Ambleside Drive,E01032301,Worcester 005A,Anti-social behaviour,,
,2015-04,West Mercia Police,West Mercia Police,-2.190337,52.203064,On or near Ambleside Drive,E01032301,Worcester 005A,Anti-social behaviour,,
,2015-04,West Mercia Police,West Mercia Police,-2.194589,52.198256,On or near Conway,E01032301,Worcester 005A,Anti-social behaviour,,
,2015-04,West Mercia Police,West Mercia Police,-2.184824,52.203954,On or near Tolladine Road,E01032301,Worcester 005A,Anti-social behaviour,,
,2015-04,West Mercia Police,West Mercia Police,-2.190159,52.202561,On or near Coniston Close,E01032301,Worcester 005A,Anti-social behaviour,,
,2015-04,West Mercia Police,West Mercia Police,-2.196264,52.199944,On or near Mendip Close,E01032301,Worcester 005A,Anti-social behaviour,,
4427fae8ac403fbcfc382f3a000222b8930cc0f866b1ee4faaf59dff2e8d7f26,2015-04,West Mercia Police,West Mercia Police,-2.186594,52.203780,On or near Brantwood,E01032301,Worcester 005A,Bicycle theft,Investigation complete; no suspect identified,
fa3a553384b0e50b98bfd1d58dc52bdb22a39d026d896b380cd22f50e857dd17,2015-04,West Mercia Police,West Mercia Police,-2.194589,52.198256,On or near Conway,E01032301,Worcester 005A,Criminal damage and arson,Unable to prosecute suspect,
fec824e97dad545659a411dfdf8467f67d9643f5a1ae1c80b9a631dbc7f60f3c,2015-04,West Mercia Police,West Mercia Police,-2.194589,52.198256,On or near Conway,E01032301,Worcester 005A,Criminal damage and arson,Investigation complete; no suspect identified,
94f4ac7a16be8b18c156dffef5780de79ea8d73b120f686598e4b1e6cee395d3,2015-04,West Mercia Police,West Mercia Police,-2.190159,52.202561,On or near Coniston Close,E01032301,Worcester 005A,Drugs,Unable to prosecute suspect,
111ccca17e1b9eb24870537d243d5a29caa5198024b895a0cee63fe7f17c2c74,2015-04,West Mercia Police,West Mercia Police,-2.192927,52.199625,On or near Kenwood Close,E01032301,Worcester 005A,Vehicle crime,Investigation complete; no suspect identified,
3fee800c118c3833d2924879acd7897d1788b7d87e8bd737376dcb7eca12d65a,2015-04,West Mercia Police,West Mercia Police,-2.194589,52.198256,On or near Conway,E01032301,Worcester 005A,Violence and sexual offences,Offender given a caution,
1e31a3404eca57b0b59cdef55d3aab44ee43d592295e64c9faafd61f4357cb7f,2015-04,West Mercia Police,West Mercia Police,-2.184824,52.203954,On or near Tolladine Road,E01032301,Worcester 005A,Violence and sexual offences,Court result unavailable,
,2015-04,West Mercia Police,West Mercia Police,-2.201300,52.200591,On or near Laurel Road,E01032302,Worcester 005B,Anti-social behaviour,,
,2015-04,West Mercia Police,West Mercia Police,-2.198409,52.198726,On or near Tolladine Road,E01032302,Worcester 005B,Anti-social behaviour,,
,2015-04,West Mercia Police,West Mercia Police,-2.197028,52.197443,On or near Teme Road,E01032302,Worcester 005B,Anti-social behaviour,,
,2015-04,West Mercia Police,West Mercia Police,-2.197028,52.197443,On or near Teme Road,E01032302,Worcester 005B,Anti-social behaviour,,
,2015-04,West Mercia Police,West Mercia Police,-2.197028,52.197443,On or near Teme Road,E01032302,Worcester 005B,Anti-social behaviour,,
dd8cdc63c63c4a1ef699bef2585dbdf969b12dc7e6bb5d1041b5832168ee55c4,2015-04,West Mercia Police,West Mercia Police,-2.197028,52.197443,On or near Teme Road,E01032302,Worcester 005B,Burglary,Investigation complete; no suspect identified,
3b449a907a34c0a3a4bf6c01396c92e36157e970ac070ab2cad02b0ad078834c,2015-04,West Mercia Police,West Mercia Police,-2.192044,52.198593,On or near Avon Close,E01032302,Worcester 005B,Burglary,Investigation complete; no suspect identified,
417f599f2e8e723022d1c81a97ab8d1c320436cac991f92c522eac71ec99c8de,2015-04,West Mercia Police,West Mercia Police,-2.200070,52.200324,On or near Birch Avenue,E01032302,Worcester 005B,Criminal damage and arson,Investigation complete; no suspect identified,
4a077b013858bcaf44821df653e5d73be054d5dc7756fd1ab7dc3ff05a403112,2015-04,West Mercia Police,West Mercia Police,-2.198223,52.199635,On or near Portefields Road,E01032302,Worcester 005B,Criminal damage and arson,Investigation complete; no suspect identified,
0d7dd3dc5331cf23cd695b4cc259117a279ef13a4a8bc0f29695b25db2fee050,2015-04,West Mercia Police,West Mercia Police,-2.198223,52.199635,On or near Portefields Road,E01032302,Worcester 005B,Criminal damage and arson,Investigation complete; no suspect identified,
2be1d10fe9591b925a72fa0966ec926fcce4697344443eb55c2f7cee27e2865b,2015-04,West Mercia Police,West Mercia Police,-2.200070,52.200324,On or near Birch Avenue,E01032302,Worcester 005B,Other theft,Investigation complete; no suspect identified,
3d7b24a5613978315c37e9867c4ffd5f9428869af568b73489205983f59ec5d7,2015-04,West Mercia Police,West Mercia Police,-2.198223,52.199635,On or near Portefields Road,E01032302,Worcester 005B,Other theft,Investigation complete; no suspect identified,
479ae6ecbc400ecea99637b9ba795a59e865ff135cb0daa35561dc3c81627564,2015-04,West Mercia Police,West Mercia Police,-2.197028,52.197443,On or near Teme Road,E01032302,Worcester 005B,Public order,Court case unable to proceed,
45a352f5f9e24ab3a6719aa1c39beeae3b4a5e05aa2e3bf815815f436360d6e3,2015-04,West Mercia Police,West Mercia Police,-2.197028,52.197443,On or near Teme Road,E01032302,Worcester 005B,Robbery,Investigation complete; no suspect identified,
f7c8b0e45134a8f62684bbdbae2f04c8aa6c5b65a5f108ec181b1365dacc4246,2015-04,West Mercia Police,West Mercia Police,-2.197028,52.197443,On or near Teme Road,E01032302,Worcester 005B,Robbery,Unable to prosecute suspect,
a4d987c5a3afb33ea1ada7f2e0972d6ae136143c62200828c4c99aeae7851742,2015-04,West Mercia Police,West Mercia Police,-2.195403,52.197221,On or near Dee Way,E01032302,Worcester 005B,Violence and sexual offences,Offender fined,
50613e093b2e5d60ce04ab81fc8233f407e4c97f6fda139b3e224dd4bd10e12d,2015-04,West Mercia Police,West Mercia Police,-2.197028,52.197443,On or near Teme Road,E01032302,Worcester 005B,Violence and sexual offences,Unable to prosecute suspect,
ec9e060cd1a328935a600f7e4f6cbe322de157f40026436821b9e1083ddb3a23,2015-04,West Mercia Police,West Mercia Police,-2.195403,52.197221,On or near Dee Way,E01032302,Worcester 005B,Violence and sexual offences,Unable to prosecute suspect,
5dfaf6b5d7dce623f17da48db4a2534edf42f7d062aacc56fef0625446326ea8,2015-04,West Mercia Police,West Mercia Police,-2.200887,52.199882,On or near Holly Mount Road,E01032302,Worcester 005B,Violence and sexual offences,Unable to prosecute suspect,
,2015-04,West Mercia Police,West Mercia Police,-2.209810,52.205512,On or near Green Lane,E01032310,Worcester 005C,Anti-social behaviour,,
,2015-04,West Mercia Police,West Mercia Police,-2.201401,52.206705,On or near Oak Avenue,E01032310,Worcester 005C,Anti-social behaviour,,
,2015-04,West Mercia Police,West Mercia Police,-2.202238,52.207368,On or near Thorn Avenue,E01032310,Worcester 005C,Anti-social behaviour,,
,2015-04,West Mercia Police,West Mercia Police,-2.201401,52.206705,On or near Oak Avenue,E01032310,Worcester 005C,Anti-social behaviour,,
debe242c11d64ca8b3dfdeef84f09f2dbcf3158518af1e8b87175778dc4e0a46,2015-04,West Mercia Police,West Mercia Police,-2.199099,52.205801,On or near Brickfields Road,E01032310,Worcester 005C,Criminal damage and arson,Investigation complete; no suspect identified,
e6f7751ee48793df556d636674915acea6bd5302e5f0d806aa9cf07f32c4f42c,2015-04,West Mercia Police,West Mercia Police,-2.208959,52.204992,On or near Church Road,E01032310,Worcester 005C,Criminal damage and arson,Investigation complete; no suspect identified,
f50fb5924c05c5eeedfcd6b250f1ca9129cdc042e801a6e06ddff8040621f35c,2015-04,West Mercia Police,West Mercia Police,-2.201401,52.206705,On or near Oak Avenue,E01032310,Worcester 005C,Criminal damage and arson,Investigation complete; no suspect identified,
a0fd245c7ef02bbeefdcb06903a63f4d91347f9976ce6d42fd87ce321d96fedd,2015-04,West Mercia Police,West Mercia Police,-2.201401,52.206705,On or near Oak Avenue,E01032310,Worcester 005C,Criminal damage and arson,Investigation complete; no suspect identified,
4be9e3cc6d14120af80e752a938172ff211648a6691141cbae1170ff8d4f0ba3,2015-04,West Mercia Police,West Mercia Police,-2.202777,52.206882,On or near Lime Avenue,E01032310,Worcester 005C,Criminal damage and arson,Investigation complete; no suspect identified,
d8ff5dede705b4bfcd4520d4ca1595c3bc7f9146bb1b26fb573435485bff4090,2015-04,West Mercia Police,West Mercia Police,-2.200966,52.207524,On or near Redwood Close,E01032310,Worcester 005C,Violence and sexual offences,Unable to prosecute suspect,
d88a2dd3134686a5e81be4dd1541bbc2e0a2faf8108799a8cd017455ea08b2d6,2015-04,West Mercia Police,West Mercia Police,-2.208959,52.204992,On or near Church Road,E01032310,Worcester 005C,Violence and sexual offences,Court result unavailable,
2fa7de8f8591f8b603f112509ba5bd4295a942ebe312521ebb85ad8ff1afdda5,2015-04,West Mercia Police,West Mercia Police,-2.200696,52.206175,On or near Poplar Avenue,E01032310,Worcester 005C,Violence and sexual offences,Unable to prosecute suspect,
df7cc17b8b77d7bfc1a6140cdcfa81d70c3a9b4715a5c84589ae2b6cd6b5ce81,2015-04,West Mercia Police,West Mercia Police,-2.200966,52.207524,On or near Redwood Close,E01032310,Worcester 005C,Violence and sexual offences,Offender given a caution,
9a123a7edd856248e8c587e53e04953a93c4af63057acafe216ca20e568019dc,2015-04,West Mercia Police,West Mercia Police,-2.200696,52.206175,On or near Poplar Avenue,E01032310,Worcester 005C,Violence and sexual offences,Unable to prosecute suspect,
,2015-04,West Mercia Police,West Mercia Police,-2.200810,52.205528,On or near Ash Avenue,E01032311,Worcester 005D,Anti-social behaviour,,
,2015-04,West Mercia Police,West Mercia Police,-2.199935,52.202814,On or near Sycamore Road,E01032311,Worcester 005D,Anti-social behaviour,,
,2015-04,West Mercia Police,West Mercia Police,-2.195444,52.203172,On or near Hazel Close,E01032311,Worcester 005D,Anti-social behaviour,,
,2015-04,West Mercia Police,West Mercia Police,-2.192229,52.204131,On or near Ambleside Drive,E01032311,Worcester 005D,Anti-social behaviour,,
,2015-04,West Mercia Police,West Mercia Police,-2.192229,52.204131,On or near Ambleside Drive,E01032311,Worcester 005D,Anti-social behaviour,,
,2015-04,West Mercia Police,West Mercia Police,-2.195444,52.203172,On or near Hazel Close,E01032311,Worcester 005D,Anti-social behaviour,,
,2015-04,West Mercia Police,West Mercia Police,-2.201892,52.201993,On or near Laurel Road,E01032311,Worcester 005D,Anti-social behaviour,,
,2015-04,West Mercia Police,West Mercia Police,-2.200810,52.205528,On or near Ash Avenue,E01032311,Worcester 005D,Anti-social behaviour,,
,2015-04,West Mercia Police,West Mercia Police,-2.204964,52.201952,On or near Highland Road,E01032311,Worcester 005D,Anti-social behaviour,,
,2015-04,West Mercia Police,West Mercia Police,-2.200810,52.205528,On or near Ash Avenue,E01032311,Worcester 005D,Anti-social behaviour,,
,2015-04,West Mercia Police,West Mercia Police,-2.200810,52.205528,On or near Ash Avenue,E01032311,Worcester 005D,Anti-social behaviour,,
,2015-04,West Mercia Police,West Mercia Police,-2.201892,52.201993,On or near Laurel Road,E01032311,Worcester 005D,Anti-social behaviour,,
889bc747037a9cb111792aa35555328bbe0c1e3aa6fa68e5dd607aef8f129223,2015-04,West Mercia Police,West Mercia Police,-2.206708,52.202398,On or near Alder Close,E01032311,Worcester 005D,Other theft,Investigation complete; no suspect identified,
c3d263b036c106c43f3978cb44faae7d121b32269a67aaa6ee68800faa933b51,2015-04,West Mercia Police,West Mercia Police,-2.200810,52.205528,On or near Ash Avenue,E01032311,Worcester 005D,Violence and sexual offences,Unable to prosecute suspect,
0e00399c580471d5b0d89a7cdc9cb4c77ee7ad21cc2c1200e23ac1ee811e45b9,2015-04,West Mercia Police,West Mercia Police,-2.195444,52.203172,On or near Hazel Close,E01032311,Worcester 005D,Violence and sexual offences,Unable to prosecute suspect,
1d075a1436eb47a8a64225f2e5ee8870c9178015b857c670e28fbc3ecb5f50b8,2015-04,West Mercia Police,West Mercia Police,-2.200810,52.205528,On or near Ash Avenue,E01032311,Worcester 005D,Violence and sexual offences,Unable to prosecute suspect,
9c544d433384863343d6f4bab18557e711481a8536ec4e7417a5856aa54ae85f,2015-04,West Mercia Police,West Mercia Police,-2.199377,52.202483,On or near Linden Road,E01032311,Worcester 005D,Violence and sexual offences,Unable to prosecute suspect,
8793c9ed9940010b761abe23d55ce8eb41336d8f62749416c0c01a197ec7cc01,2015-04,West Mercia Police,West Mercia Police,-2.195444,52.203172,On or near Hazel Close,E01032311,Worcester 005D,Violence and sexual offences,Unable to prosecute suspect,
d01d2c8f8627ac7626ac4c7c7e550869e40d05cf1eb3fc88c50454b25c4b5fb8,2015-04,West Mercia Police,West Mercia Police,-2.199377,52.202483,On or near Linden Road,E01032311,Worcester 005D,Violence and sexual offences,Unable to prosecute suspect,
7844cd2dbcd86515381e598c57b8b5fefdfe3506f1080aa98b6b2cb94ce22eda,2015-04,West Mercia Police,West Mercia Police,-2.193566,52.205288,On or near Furness Close,E01032311,Worcester 005D,Violence and sexual offences,Unable to prosecute suspect,
,2015-04,West Mercia Police,West Mercia Police,-2.205046,52.197393,On or near Tolladine Road,E01032313,Worcester 005E,Anti-social behaviour,,
,2015-04,West Mercia Police,West Mercia Police,-2.205850,52.200368,On or near Larch Road,E01032313,Worcester 005E,Anti-social behaviour,,
,2015-04,West Mercia Police,West Mercia Police,-2.202412,52.200652,On or near Mulberry Terrace,E01032313,Worcester 005E,Anti-social behaviour,,
,2015-04,West Mercia Police,West Mercia Police,-2.202568,52.199375,On or near Rowan Avenue,E01032313,Worcester 005E,Anti-social behaviour,,
,2015-04,West Mercia Police,West Mercia Police,-2.201751,52.200006,On or near Birch Avenue,E01032313,Worcester 005E,Anti-social behaviour,,
,2015-04,West Mercia Police,West Mercia Police,-2.204961,52.198149,On or near Rose Avenue,E01032313,Worcester 005E,Anti-social behaviour,,
,2015-04,West Mercia Police,West Mercia Police,-2.205850,52.200368,On or near Larch Road,E01032313,Worcester 005E,Anti-social behaviour,,
,2015-04,West Mercia Police,West Mercia Police,-2.207925,52.196687,On or near Mckenzie Way,E01032313,Worcester 005E,Anti-social behaviour,,
,2015-04,West Mercia Police,West Mercia Police,-2.202412,52.200652,On or near Mulberry Terrace,E01032313,Worcester 005E,Anti-social behaviour,,
,2015-04,West Mercia Police,West Mercia Police,-2.202568,52.199375,On or near Rowan Avenue,E01032313,Worcester 005E,Anti-social behaviour,,
,2015-04,West Mercia Police,West Mercia Police,-2.204731,52.199012,On or near May Avenue,E01032313,Worcester 005E,Anti-social behaviour,,
,2015-04,West Mercia Police,West Mercia Police,-2.202568,52.199375,On or near Rowan Avenue,E01032313,Worcester 005E,Anti-social behaviour,,
5523e9f26c321ea3cf0e1c8dbc7c8a2bf9b0355cfc38f01ffc1af268297a8796,2015-04,West Mercia Police,West Mercia Police,-2.202412,52.200652,On or near Mulberry Terrace,E01032313,Worcester 005E,Criminal damage and arson,Unable to prosecute suspect,
d0437a867322437b5a666887b28b1851f968893d39a0aa86b2573f2077272549,2015-04,West Mercia Police,West Mercia Police,-2.204731,52.199012,On or near May Avenue,E01032313,Worcester 005E,Criminal damage and arson,Offender given a caution,
3a028f71e4fdb963c3312306fba1c66d8a5d1a13e6ebeab3beedc6f77514dda0,2015-04,West Mercia Police,West Mercia Police,-2.204731,52.199012,On or near May Avenue,E01032313,Worcester 005E,Other theft,Unable to prosecute suspect,
5edd3a78cfea9b72d047b1839dea36a16decaad52b1af480a0a4abf4e54cd4fd,2015-04,West Mercia Police,West Mercia Police,-2.202412,52.200652,On or near Mulberry Terrace,E01032313,Worcester 005E,Violence and sexual offences,Defendant found not guilty,
3360d54f50319937463fd3407223a6be77a69e2b9ea6845933f697690f66dac8,2015-04,West Mercia Police,West Mercia Police,-2.202568,52.199375,On or near Rowan Avenue,E01032313,Worcester 005E,Violence and sexual offences,Unable to prosecute suspect,
27ddf9372433f75369db47c556ffb9c3cce939a42de35c5a099deaa3f6e09fb8,2015-04,West Mercia Police,West Mercia Police,-2.205337,52.200306,On or near Hawthorn Road,E01032313,Worcester 005E,Violence and sexual offences,Unable to prosecute suspect,
f5d943e91c79cbaac4db578ae15c12f78985325531e451ac0a95a47d5e118229,2015-04,West Mercia Police,West Mercia Police,-2.205337,52.200306,On or near Hawthorn Road,E01032313,Worcester 005E,Violence and sexual offences,Investigation complete; no suspect identified,
46653bd1aee71040c88d6c22e8934e1b694f10f030c21bc821a15efeb80a2cca,2015-04,West Mercia Police,West Mercia Police,-2.208314,52.201757,On or near Albany Road,E01032313,Worcester 005E,Violence and sexual offences,Investigation complete; no suspect identified,
,2015-04,West Mercia Police,West Mercia Police,-2.193587,52.210179,On or near Petrol Station,E01032333,Worcester 005F,Anti-social behaviour,,
,2015-04,West Mercia Police,West Mercia Police,-2.191556,52.210875,On or near Haresfield Close,E01032333,Worcester 005F,Anti-social behaviour,,
,2015-04,West Mercia Police,West Mercia Police,-2.195641,52.211380,On or near Supermarket,E01032333,Worcester 005F,Anti-social behaviour,,
,2015-04,West Mercia Police,West Mercia Police,-2.193587,52.210179,On or near Petrol Station,E01032333,Worcester 005F,Anti-social behaviour,,
,2015-04,West Mercia Police,West Mercia Police,-2.195587,52.205618,On or near Brickfields Road,E01032333,Worcester 005F,Anti-social behaviour,,
,2015-04,West Mercia Police,West Mercia Police,-2.191556,52.210875,On or near Haresfield Close,E01032333,Worcester 005F,Anti-social behaviour,,
,2015-04,West Mercia Police,West Mercia Police,-2.194965,52.207318,On or near Gamekeepers Drive,E01032333,Worcester 005F,Anti-social behaviour,,
,2015-04,West Mercia Police,West Mercia Police,-2.193636,52.211303,On or near Nibley Close,E01032333,Worcester 005F,Anti-social behaviour,,
,2015-04,West Mercia Police,West Mercia Police,-2.195985,52.206372,On or near Fairmont Close,E01032333,Worcester 005F,Anti-social behaviour,,
,2015-04,West Mercia Police,West Mercia Police,-2.195587,52.205618,On or near Brickfields Road,E01032333,Worcester 005F,Anti-social behaviour,,
,2015-04,West Mercia Police,West Mercia Police,-2.195587,52.205618,On or near Brickfields Road,E01032333,Worcester 005F,Anti-social behaviour,,
,2015-04,West Mercia Police,West Mercia Police,-2.193233,52.206053,On or near Fairfield Close,E01032333,Worcester 005F,Anti-social behaviour,,
,2015-04,West Mercia Police,West Mercia Police,-2.197716,52.207340,On or near Walnut Avenue,E01032333,Worcester 005F,Anti-social behaviour,,
,2015-04,West Mercia Police,West Mercia Police,-2.190594,52.208386,On or near Harter Row,E01032333,Worcester 005F,Anti-social behaviour,,
,2015-04,West Mercia Police,West Mercia Police,-2.194965,52.207318,On or near Gamekeepers Drive,E01032333,Worcester 005F,Anti-social behaviour,,
5fb3c72f9dc66788a1d83b8e4ccd8df0fdb833b670fbf694bfc09a75fdc8b3dc,2015-04,West Mercia Police,West Mercia Police,-2.195641,52.211380,On or near Supermarket,E01032333,Worcester 005F,Bicycle theft,Investigation complete; no suspect identified,
c10e971538d40914b6d9cfeb1d0fa8d7a8e58846d992b733c366af35b4e9571d,2015-04,West Mercia Police,West Mercia Police,-2.196151,52.207505,On or near Millers Close,E01032333,Worcester 005F,Criminal damage and arson,Investigation complete; no suspect identified,
0a034a8c9643ce02d45a95bd05a4d99116a8fce542ffbcfd940b7a11ed8f026f,2015-04,West Mercia Police,West Mercia Police,-2.194965,52.207318,On or near Gamekeepers Drive,E01032333,Worcester 005F,Criminal damage and arson,Investigation complete; no suspect identified,
6b987565f144ec45114e087fcf5d82b8d671fbba2f09a2f45efea92a06cef88a,2015-04,West Mercia Police,West Mercia Police,-2.196394,52.206282,On or near Fairmont Road,E01032333,Worcester 005F,Criminal damage and arson,Investigation complete; no suspect identified,
c8ce81d310380a4a03bae3faa65b1368b3e22e86f0497e5b51fe88906810056e,2015-04,West Mercia Police,West Mercia Police,-2.196151,52.207505,On or near Millers Close,E01032333,Worcester 005F,Criminal damage and arson,Investigation complete; no suspect identified,
ad7c18c3543c872f872cc097570ca3bb709a9c578cacb9f8acadf3597dccd236,2015-04,West Mercia Police,West Mercia Police,-2.194965,52.207318,On or near Gamekeepers Drive,E01032333,Worcester 005F,Criminal damage and arson,Court result unavailable,
d2a0c42a053198a0ec1636ceeaa6b8ad0b6161d804ce0c78fec5e9f0eea6833c,2015-04,West Mercia Police,West Mercia Police,-2.193636,52.211303,On or near Nibley Close,E01032333,Worcester 005F,Criminal damage and arson,Unable to prosecute suspect,
fef9401f4c99e8e62299f0b0c42ccf48a90db69ed966dd45fe33535163c6346b,2015-04,West Mercia Police,West Mercia Police,-2.195641,52.211380,On or near Supermarket,E01032333,Worcester 005F,Other theft,Investigation complete; no suspect identified,
d8f66a6b059c4f75a610474f2ec85f066553f9c13412c6e046953183ceda4e0c,2015-04,West Mercia Police,West Mercia Police,-2.191556,52.210875,On or near Haresfield Close,E01032333,Worcester 005F,Other theft,Investigation complete; no suspect identified,
ce27c4a61fc0e2e770a3ce3997453085fdeed5139e5c92bfd4a9ff00a967e409,2015-04,West Mercia Police,West Mercia Police,-2.195641,52.211380,On or near Supermarket,E01032333,Worcester 005F,Other theft,Investigation complete; no suspect identified,
050311e8686e13ec65ca5b13ca5017faf658b73808063b358f88fc07f2a1ec89,2015-04,West Mercia Police,West Mercia Police,-2.195641,52.211380,On or near Supermarket,E01032333,Worcester 005F,Shoplifting,Unable to prosecute suspect,
d569851f9df541bf547f3c01a0ad1e771a08cf0eb1738f00f0d1f6c4dc62e4c3,2015-04,West Mercia Police,West Mercia Police,-2.195641,52.211380,On or near Supermarket,E01032333,Worcester 005F,Shoplifting,Local resolution,
726e4585eb53f94e167db77e842e808dd042db72d72dbf5236efaea32619ddbc,2015-04,West Mercia Police,West Mercia Police,-2.192176,52.208671,On or near Carnforth Drive,E01032333,Worcester 005F,Violence and sexual offences,Unable to prosecute suspect,
75256a2a026e0ab0d7d22fe5740e94b3b865ce810f0f5aea8811abafe1863941,2015-04,West Mercia Police,West Mercia Police,-2.193233,52.206053,On or near Fairfield Close,E01032333,Worcester 005F,Violence and sexual offences,Unable to prosecute suspect,
651fcef029b6d5532fbb61930f02283fb56ef8fe9fcea972783bd77a1de9c1de,2015-04,West Mercia Police,West Mercia Police,-2.195641,52.211380,On or near Supermarket,E01032333,Worcester 005F,Violence and sexual offences,Investigation complete; no suspect identified,
6a0b11ec1aa8ff5543ffc9a357e0addbdea6ce2031d6f110779cda75b6157e92,2015-04,West Mercia Police,West Mercia Police,-2.192176,52.208671,On or near Carnforth Drive,E01032333,Worcester 005F,Violence and sexual offences,Investigation complete; no suspect identified,
5a957a4724fc916f0f58f2a2eacd0f2cb93df23e3a815cf0e72a8be3ba41cd63,2015-04,West Mercia Police,West Mercia Police,-2.192779,52.206162,On or near Ulverston Green,E01032333,Worcester 005F,Violence and sexual offences,Unable to prosecute suspect,
,2015-04,West Mercia Police,West Mercia Police,-2.245930,52.198493,On or near Andrew Close,E01032314,Worcester 006A,Anti-social behaviour,,
,2015-04,West Mercia Police,West Mercia Police,-2.247419,52.197896,On or near The Mead,E01032314,Worcester 006A,Anti-social behaviour,,
1be7b775fcc3613a3b26fd2c717a7b6a8539ed62827f2b04c0f5d471134fb618,2015-04,West Mercia Police,West Mercia Police,-2.248527,52.199782,On or near Hawkwood Crescent,E01032314,Worcester 006A,Burglary,Unable to prosecute suspect,
1f5575f6453d671c19ab8ee288d3e372d6a02da2a79a6ea860efa98074fdbb9c,2015-04,West Mercia Police,West Mercia Police,-2.248527,52.199782,On or near Hawkwood Crescent,E01032314,Worcester 006A,Burglary,Investigation complete; no suspect identified,
,2015-04,West Mercia Police,West Mercia Police,-2.234537,52.193868,On or near Hardwicke Close,E01032315,Worcester 006B,Anti-social behaviour,,
,2015-04,West Mercia Police,West Mercia Police,-2.235526,52.192688,On or near Wheeler Close,E01032315,Worcester 006B,Anti-social behaviour,,
,2015-04,West Mercia Police,West Mercia Police,-2.235912,52.193802,On or near Westbourne Close,E01032315,Worcester 006B,Anti-social behaviour,,
,2015-04,West Mercia Police,West Mercia Police,-2.235912,52.193802,On or near Westbourne Close,E01032315,Worcester 006B,Anti-social behaviour,,
98c42cf672ff5b3f60872d61426e3ff8b01c682d0b700656cf5b8b85393f68ce,2015-04,West Mercia Police,West Mercia Police,-2.234370,52.195451,On or near Elm Road,E01032315,Worcester 006B,Bicycle theft,Investigation complete; no suspect identified,
3bf1df3e66ec4aa250caabc12bd5254a712fbe3ba30f85b895de18dc52d17719,2015-04,West Mercia Police,West Mercia Police,-2.233083,52.192702,On or near Shopping Area,E01032315,Worcester 006B,Drugs,Offender given a drugs possession warning,
b8b3997195fea89ccf131f82204fb5643cb8ec2f9df5795260ded6ac50561906,2015-04,West Mercia Police,West Mercia Police,-2.236874,52.195859,On or near Supermarket,E01032315,Worcester 006B,Shoplifting,Investigation complete; no suspect identified,
3af9be3ff3336ea8112cd441726dc7d3366972ddbea131f2d54e1aedd0eb7915,2015-04,West Mercia Police,West Mercia Police,-2.235526,52.192688,On or near Wheeler Close,E01032315,Worcester 006B,Violence and sexual offences,Unable to prosecute suspect,
,2015-04,West Mercia Police,West Mercia Police,-2.247191,52.204280,On or near Everard Place,E01032316,Worcester 006C,Anti-social behaviour,,
,2015-04,West Mercia Police,West Mercia Police,-2.245717,52.207726,On or near Bramley Place,E01032316,Worcester 006C,Anti-social behaviour,,
122867aa2e917f94dba99afa48eb55c31561d7bd604a24ccc578fbd9fccae21a,2015-04,West Mercia Police,West Mercia Police,-2.247191,52.204280,On or near Everard Place,E01032316,Worcester 006C,Public order,Court result unavailable,
4e928da2d8ff4f79daf0f44f35bbf58020f86cf5081dddcec8c84259dbdc661b,2015-04,West Mercia Police,West Mercia Police,-2.244581,52.208754,On or near Baveney Road,E01032316,Worcester 006C,Violence and sexual offences,Unable to prosecute suspect,
,2015-04,West Mercia Police,West Mercia Police,-2.239709,52.200708,On or near Henwick Road,E01032317,Worcester 006D,Anti-social behaviour,,
3dd224be5646add5988d2c629fe6017df05acbef0c0119fd242bcef882fccdcb,2015-04,West Mercia Police,West Mercia Police,-2.239709,52.200708,On or near Henwick Road,E01032317,Worcester 006D,Other theft,Investigation complete; no suspect identified,
80ce1160f175974d614fe367a4448f73625c28c893738d6df65cd158d15c52b1,2015-04,West Mercia Police,West Mercia Police,-2.240501,52.201084,On or near Petrol Station,E01032317,Worcester 006D,Other theft,Investigation complete; no suspect identified,
7b76edd1a50405478fb4dd5777c443e0448b95d9b8b3db1a585913bbcd59a3ed,2015-04,West Mercia Police,West Mercia Police,-2.245137,52.203286,On or near Supermarket,E01032317,Worcester 006D,Public order,Offender given a caution,
b2b750cb864286120bdce2dd7ebe70d862ef2f57cdcff3eeda55cc4237b31aab,2015-04,West Mercia Police,West Mercia Police,-2.239709,52.200708,On or near Henwick Road,E01032317,Worcester 006D,Public order,Offender given a caution,
36182ee5a69114639de95e0b4f65c194eecb228a338d15d3408726bc1a6f02f2,2015-04,West Mercia Police,West Mercia Police,-2.239709,52.200708,On or near Henwick Road,E01032317,Worcester 006D,Violence and sexual offences,Unable to prosecute suspect,
,2015-04,West Mercia Police,West Mercia Police,-2.230083,52.203802,On or near Lower Barbourne Terrace,E01032280,Worcester 007A,Anti-social behaviour,,
,2015-04,West Mercia Police,West Mercia Police,-2.230083,52.203802,On or near Lower Barbourne Terrace,E01032280,Worcester 007A,Anti-social behaviour,,
,2015-04,West Mercia Police,West Mercia Police,-2.224999,52.202526,On or near Shrubbery Avenue,E01032280,Worcester 007A,Anti-social behaviour,,
,2015-04,West Mercia Police,West Mercia Police,-2.229097,52.205557,On or near Barbourne Walk,E01032280,Worcester 007A,Anti-social behaviour,,
,2015-04,West Mercia Police,West Mercia Police,-2.226081,52.202551,On or near Barbourne Road,E01032280,Worcester 007A,Anti-social behaviour,,
59c366e62d03dd0db9c94336698a0c5b7291e882c55e4eadf5d1af797bd2cc46,2015-04,West Mercia Police,West Mercia Police,-2.226081,52.202551,On or near Barbourne Road,E01032280,Worcester 007A,Burglary,Investigation complete; no suspect identified,
28f80869a4a6ba2d4e63923d50d135197e8c11d8925210db5d02b066942a4ad0,2015-04,West Mercia Police,West Mercia Police,-2.234661,52.206301,On or near Theatre/Concert Hall,E01032280,Worcester 007A,Burglary,Unable to prosecute suspect,
81caa945e87a12918080aedc3f0289cc1c904d897768eaa926fe1a61b7edc77e,2015-04,West Mercia Police,West Mercia Police,-2.234661,52.206301,On or near Theatre/Concert Hall,E01032280,Worcester 007A,Burglary,Unable to prosecute suspect,
31cade3e278be85ae27db366f3c6e03bc9256e76ca4070e2220fa1478e7949d7,2015-04,West Mercia Police,West Mercia Police,-2.234661,52.206301,On or near Theatre/Concert Hall,E01032280,Worcester 007A,Burglary,Unable to prosecute suspect,
2cdb604497369330751dd45aeb72ebcc009ae07bc3fa984f5514738d22828f73,2015-04,West Mercia Police,West Mercia Police,-2.234661,52.206301,On or near Theatre/Concert Hall,E01032280,Worcester 007A,Burglary,Unable to prosecute suspect,
5247ac9d821e731ade40db46b8c4bb7d6fe03a919379f1fb892dd158b09ec7e9,2015-04,West Mercia Police,West Mercia Police,-2.229097,52.205557,On or near Barbourne Walk,E01032280,Worcester 007A,Burglary,Unable to prosecute suspect,
5895dfbae02c940003eb53eb68268f804de4697295f669f338e70b0e40ad07eb,2015-04,West Mercia Police,West Mercia Police,-2.230865,52.205059,On or near Berkeley Street,E01032280,Worcester 007A,Other theft,Investigation complete; no suspect identified,
1f6f7795cfd0e3843645b4e2d5891e7f00b4ce9f79877263ffbbca1e6c9bce55,2015-04,West Mercia Police,West Mercia Police,-2.228308,52.205891,On or near Barbourne Lane,E01032280,Worcester 007A,Public order,Offender fined,
f22be80bbd95832ac69d2280c959aafc121e6f0e7e3e88b868a56445a688f61f,2015-04,West Mercia Police,West Mercia Police,-2.223794,52.204462,On or near St Georges Lane North,E01032280,Worcester 007A,Robbery,Investigation complete; no suspect identified,
76a3f6b3ca68fc99d821b2ff003276e0a8edab3dae8c2dd0a6411055a20a90bd,2015-04,West Mercia Police,West Mercia Police,-2.225750,52.203640,On or near St Georges Square,E01032280,Worcester 007A,Violence and sexual offences,Unable to prosecute suspect,
e7b35e06847954022d2f817d809beec5f56bda67b4526e4253742c28af0f1cd9,2015-04,West Mercia Police,West Mercia Police,-2.228308,52.205891,On or near Barbourne Lane,E01032280,Worcester 007A,Violence and sexual offences,Unable to prosecute suspect,
,2015-04,West Mercia Police,West Mercia Police,-2.219715,52.199372,On or near Parking Area,E01032281,Worcester 007B,Anti-social behaviour,,
e8eae562e1bd763dee5b90a292e07bed5a20189c5c3585224fe8a78ca368d003,2015-04,West Mercia Police,West Mercia Police,-2.220711,52.199532,On or near Chestnut Street,E01032281,Worcester 007B,Criminal damage and arson,Investigation complete; no suspect identified,
69dace1666a9a4ab20ef81f3e359b0d7dd65dd7817928f9316f60f2a7957fc7e,2015-04,West Mercia Police,West Mercia Police,-2.216683,52.198604,On or near Lowell Street,E01032281,Worcester 007B,Drugs,Court result unavailable,
d5c9acedba496a3db2663e2dd594e4f1e7d13f1bc00317615f873c190163dcf5,2015-04,West Mercia Police,West Mercia Police,-2.219715,52.199372,On or near Parking Area,E01032281,Worcester 007B,Public order,Under investigation,
0e2e7ffaef9b598ef3f71c2badfddac820ca5b5ea249cb55c0bd36fdfd71285b,2015-04,West Mercia Police,West Mercia Police,-2.217198,52.199125,On or near Barry Street,E01032281,Worcester 007B,Shoplifting,Investigation complete; no suspect identified,
f4c2a6e207e04f38df25f72a4a01f9b5cd00b0e594aa802cd78d5f19a169248a,2015-04,West Mercia Police,West Mercia Police,-2.219715,52.199372,On or near Parking Area,E01032281,Worcester 007B,Vehicle crime,Investigation complete; no suspect identified,
cf961f692ac2f2a1162d3da0b5155487aeeaea71b20101e2c86d8dc1c374cd6d,2015-04,West Mercia Police,West Mercia Police,-2.219715,52.199372,On or near Parking Area,E01032281,Worcester 007B,Vehicle crime,Investigation complete; no suspect identified,
331e150b06efe14f073e368deea6b435a8fdbd36073b2fbd9d384b4ff6778019,2015-04,West Mercia Police,West Mercia Police,-2.219093,52.200721,On or near Sports/Recreation Area,E01032281,Worcester 007B,Violence and sexual offences,Unable to prosecute suspect,
,2015-04,West Mercia Police,West Mercia Police,-2.219837,52.197439,On or near Arboretum Road,E01032282,Worcester 007C,Anti-social behaviour,,
,2015-04,West Mercia Police,West Mercia Police,-2.219568,52.196126,On or near Little Southfield Street,E01032282,Worcester 007C,Anti-social behaviour,,
,2015-04,West Mercia Police,West Mercia Police,-2.215762,52.201761,On or near Lansdowne Rise,E01032282,Worcester 007C,Anti-social behaviour,,
,2015-04,West Mercia Police,West Mercia Police,-2.223834,52.197809,On or near The Tything,E01032282,Worcester 007C,Anti-social behaviour,,
,2015-04,West Mercia Police,West Mercia Police,-2.222915,52.201380,On or near White Ladies Walk,E01032282,Worcester 007C,Anti-social behaviour,,
,2015-04,West Mercia Police,West Mercia Police,-2.219568,52.196126,On or near Little Southfield Street,E01032282,Worcester 007C,Anti-social behaviour,,
,2015-04,West Mercia Police,West Mercia Police,-2.221844,52.197902,On or near Mcnaught Place,E01032282,Worcester 007C,Anti-social behaviour,,
,2015-04,West Mercia Police,West Mercia Police,-2.215888,52.197689,On or near Westbury Street,E01032282,Worcester 007C,Anti-social behaviour,,
,2015-04,West Mercia Police,West Mercia Police,-2.216836,52.199925,On or near Wolverton Road,E01032282,Worcester 007C,Anti-social behaviour,,
,2015-04,West Mercia Police,West Mercia Police,-2.221277,52.195566,On or near Pierpoint Street,E01032282,Worcester 007C,Anti-social behaviour,,
,2015-04,West Mercia Police,West Mercia Police,-2.215762,52.201761,On or near Lansdowne Rise,E01032282,Worcester 007C,Anti-social behaviour,,
09cf7b063f3dc2de573e4439ca1af410c1c8136e12a0a5a49b1ebd8f301e63ef,2015-04,West Mercia Police,West Mercia Police,-2.223834,52.197809,On or near The Tything,E01032282,Worcester 007C,Burglary,Investigation complete; no suspect identified,
5ba2b5979c2c5006b788fde83902a6438fe8c99721ca61d69c2f986e16f56b2a,2015-04,West Mercia Police,West Mercia Police,-2.219470,52.197035,On or near Middle Street,E01032282,Worcester 007C,Burglary,Unable to prosecute suspect,
f77dbf65a873f264f1986f97d5087464b58ea5832c2f7ea3105be48a88576808,2015-04,West Mercia Police,West Mercia Police,-2.221277,52.195566,On or near Pierpoint Street,E01032282,Worcester 007C,Criminal damage and arson,Local resolution,
5820dc3df21820519c048fc7c3c98e4352fcf623419aaace8326a95d81266f16,2015-04,West Mercia Police,West Mercia Police,-2.216836,52.199925,On or near Wolverton Road,E01032282,Worcester 007C,Criminal damage and arson,Investigation complete; no suspect identified,
1d744f12913d617e357e7e2047021506e1ec4bd6f83b2ce7216b1b71adc32f81,2015-04,West Mercia Police,West Mercia Police,-2.223136,52.198727,On or near St Oswald'S Road,E01032282,Worcester 007C,Criminal damage and arson,Investigation complete; no suspect identified,
427942545468aa412954e6e4bfee668d2d3d8c6b96a776ae6ef316be57d561ed,2015-04,West Mercia Police,West Mercia Police,-2.219568,52.196126,On or near Little Southfield Street,E01032282,Worcester 007C,Criminal damage and arson,Investigation complete; no suspect identified,
5525a9b711c1b15ea16ca6a0881904407bc05e94955fbf478a1dead1220a8c81,2015-04,West Mercia Police,West Mercia Police,-2.220799,52.196574,On or near Sansome Walk,E01032282,Worcester 007C,Drugs,Court result unavailable,
aa016d90c2668e09bfb4ca83569a94e4e4d175e473d9d08c0db89e2d8b97ad60,2015-04,West Mercia Police,West Mercia Police,-2.215888,52.197689,On or near Westbury Street,E01032282,Worcester 007C,Drugs,Offender given a caution,
1ba4051015d97967de436958ddc73242b6a9f986888c495311a3e816997325c3,2015-04,West Mercia Police,West Mercia Police,-2.222310,52.197362,On or near St Mary'S Street,E01032282,Worcester 007C,Other theft,Awaiting court outcome,
2ef2290bc1250d36420cc4094e1aae83cf47a0ab74d7618b08776747a8400b54,2015-04,West Mercia Police,West Mercia Police,-2.221277,52.195566,On or near Pierpoint Street,E01032282,Worcester 007C,Other theft,Investigation complete; no suspect identified,
6727d890ad2bf9995c058918f58d1498c9e709e20cebf335bf1c12d1c8078d6d,2015-04,West Mercia Police,West Mercia Police,-2.223834,52.197809,On or near The Tything,E01032282,Worcester 007C,Theft from the person,Investigation complete; no suspect identified,
b7bd9ff5f8e359b12455cc36c6390d0600f15b68df463a75414fe3bf57d322ce,2015-04,West Mercia Police,West Mercia Police,-2.219837,52.197439,On or near Arboretum Road,E01032282,Worcester 007C,Vehicle crime,Investigation complete; no suspect identified,
eb121ca7b67054bed29cbd2b70ba37b85c42d0f6030ff5b008f6878cf2614325,2015-04,West Mercia Police,West Mercia Police,-2.219470,52.197035,On or near Middle Street,E01032282,Worcester 007C,Violence and sexual offences,Unable to prosecute suspect,
46950fb3704d8ae79c7bc3619412551d098c4fff0a476919062c3d5d49276dec,2015-04,West Mercia Police,West Mercia Police,-2.223002,52.198224,On or near Surman Street,E01032282,Worcester 007C,Violence and sexual offences,Unable to prosecute suspect,
,2015-04,West Mercia Police,West Mercia Police,-2.228409,52.197018,On or near Theatre/Concert Hall,E01033246,Worcester 007E,Anti-social behaviour,,
,2015-04,West Mercia Police,West Mercia Police,-2.226337,52.198190,On or near Back Lane South,E01033246,Worcester 007E,Anti-social behaviour,,
,2015-04,West Mercia Police,West Mercia Police,-2.228587,52.200461,On or near York Place Lane,E01033246,Worcester 007E,Anti-social behaviour,,
,2015-04,West Mercia Police,West Mercia Police,-2.224663,52.191181,On or near Hood Street,E01033246,Worcester 007E,Anti-social behaviour,,
,2015-04,West Mercia Police,West Mercia Police,-2.225094,52.192529,On or near Moreton Place,E01033246,Worcester 007E,Anti-social behaviour,,
,2015-04,West Mercia Police,West Mercia Police,-2.228409,52.197018,On or near Theatre/Concert Hall,E01033246,Worcester 007E,Anti-social behaviour,,
,2015-04,West Mercia Police,West Mercia Police,-2.226337,52.198190,On or near Back Lane South,E01033246,Worcester 007E,Anti-social behaviour,,
,2015-04,West Mercia Police,West Mercia Police,-2.228409,52.197018,On or near Theatre/Concert Hall,E01033246,Worcester 007E,Anti-social behaviour,,
,2015-04,West Mercia Police,West Mercia Police,-2.222722,52.191994,On or near Shopping Area,E01033246,Worcester 007E,Anti-social behaviour,,
,2015-04,West Mercia Police,West Mercia Police,-2.226232,52.197552,On or near Moor Street,E01033246,Worcester 007E,Anti-social behaviour,,
9ef79d3a4ff5aeae8fa9ea2e7937a96a89af38ea840c58e6fb2f0e49f1f9086f,2015-04,West Mercia Police,West Mercia Police,-2.228523,52.199220,On or near Black Lane North,E01033246,Worcester 007E,Burglary,Investigation complete; no suspect identified,
e7e91b4a21feacf538a568fadfd6ce1e7d2eca4fc366d23af895783fd2a35bbd,2015-04,West Mercia Police,West Mercia Police,-2.227177,52.196391,On or near Easy Row,E01033246,Worcester 007E,Criminal damage and arson,Defendant found not guilty,
58832062c9811639f73acb4559f920a32dd3767fb5932df685af50dfc934a20b,2015-04,West Mercia Police,West Mercia Police,-2.228409,52.197018,On or near Theatre/Concert Hall,E01033246,Worcester 007E,Criminal damage and arson,Investigation complete; no suspect identified,
836ab4bc908c68d15781c875081e82701df89b28f1b7d332c17efba7afe3f69f,2015-04,West Mercia Police,West Mercia Police,-2.227177,52.196391,On or near Easy Row,E01033246,Worcester 007E,Criminal damage and arson,Investigation complete; no suspect identified,
00936c361a09aa28dd4f3f2d2653c1a8bebda261790e0bf7726fb4353d028df8,2015-04,West Mercia Police,West Mercia Police,-2.228409,52.197018,On or near Theatre/Concert Hall,E01033246,Worcester 007E,Criminal damage and arson,Investigation complete; no suspect identified,
8e9fe4611726e3429e103a0bd6fb161bc5a7a7053ebbe8398eeb6241b42c0083,2015-04,West Mercia Police,West Mercia Police,-2.224663,52.191181,On or near Hood Street,E01033246,Worcester 007E,Criminal damage and arson,Unable to prosecute suspect,
97fbc6a2afd297517a4ed19b9c319dda305eb5d4e23155b4b5538f0ca86c2f45,2015-04,West Mercia Police,West Mercia Police,-2.225094,52.192529,On or near Moreton Place,E01033246,Worcester 007E,Other theft,Investigation complete; no suspect identified,
e3332b1f2315ce68b4d9a450a7c8d89fbbd5b816a4b03dc6b5792bb6bd43bdb0,2015-04,West Mercia Police,West Mercia Police,-2.225269,52.192286,On or near All Saints' Road,E01033246,Worcester 007E,Other theft,Investigation complete; no suspect identified,
7baee257c793cb7125ecee251b11db9e2cf22ffa723f8f41ceab0f791e0ab11d,2015-04,West Mercia Police,West Mercia Police,-2.230322,52.196385,On or near Sports/Recreation Area,E01033246,Worcester 007E,Other theft,Investigation complete; no suspect identified,
e30a73c949f67b419977d8965fe3368b22bec81dfafea805386a5496e39f79f3,2015-04,West Mercia Police,West Mercia Police,-2.222722,52.191994,On or near Shopping Area,E01033246,Worcester 007E,Other theft,Unable to prosecute suspect,
77c76bd8883e16b6a699d272c298c34b090a944da28d412d617b6057ec4aaf84,2015-04,West Mercia Police,West Mercia Police,-2.227177,52.196391,On or near Easy Row,E01033246,Worcester 007E,Public order,Offender given conditional discharge,
9d063fe4b0d07207a9de8dc907ef32c06b5643c2eb0ffa8a41551ae35fa5d9d1,2015-04,West Mercia Police,West Mercia Police,-2.228409,52.197018,On or near Theatre/Concert Hall,E01033246,Worcester 007E,Vehicle crime,Investigation complete; no suspect identified,
790336fa6eeea2671590c872b0d3e9207c578fe0d3e9806d15877d551d044488,2015-04,West Mercia Police,West Mercia Police,-2.228361,52.193467,On or near Parking Area,E01033246,Worcester 007E,Violence and sexual offences,Investigation complete; no suspect identified,
c8ea1a047f361070b9b1c0c88c4973673637e94d28f5a73b9db79e6dbd4591fc,2015-04,West Mercia Police,West Mercia Police,-2.222722,52.191994,On or near Shopping Area,E01033246,Worcester 007E,Violence and sexual offences,Unable to prosecute suspect,
,2015-04,West Mercia Police,West Mercia Police,-2.222101,52.193613,On or near Angel Street,E01033247,Worcester 007F,Anti-social behaviour,,
,2015-04,West Mercia Police,West Mercia Police,-2.222101,52.193613,On or near Angel Street,E01033247,Worcester 007F,Anti-social behaviour,,
,2015-04,West Mercia Police,West Mercia Police,-2.224639,52.197951,On or near Britannia Road,E01033247,Worcester 007F,Anti-social behaviour,,
,2015-04,West Mercia Police,West Mercia Police,-2.222448,52.192911,On or near Shopping Area,E01033247,Worcester 007F,Anti-social behaviour,,
,2015-04,West Mercia Police,West Mercia Police,-2.223595,52.193970,On or near Nightclub,E01033247,Worcester 007F,Anti-social behaviour,,
,2015-04,West Mercia Police,West Mercia Police,-2.221436,52.192266,On or near Shopping Area,E01033247,Worcester 007F,Anti-social behaviour,,
,2015-04,West Mercia Police,West Mercia Police,-2.222101,52.193613,On or near Angel Street,E01033247,Worcester 007F,Anti-social behaviour,,
,2015-04,West Mercia Police,West Mercia Police,-2.226357,52.193461,On or near Parking Area,E01033247,Worcester 007F,Anti-social behaviour,,
,2015-04,West Mercia Police,West Mercia Police,-2.222537,52.196094,On or near Foregate Street,E01033247,Worcester 007F,Anti-social behaviour,,
,2015-04,West Mercia Police,West Mercia Police,-2.222101,52.193613,On or near Angel Street,E01033247,Worcester 007F,Anti-social behaviour,,
,2015-04,West Mercia Police,West Mercia Police,-2.222101,52.193613,On or near Angel Street,E01033247,Worcester 007F,Anti-social behaviour,,
,2015-04,West Mercia Police,West Mercia Police,-2.224277,52.192935,On or near Shopping Area,E01033247,Worcester 007F,Anti-social behaviour,,
,2015-04,West Mercia Police,West Mercia Police,-2.221436,52.192266,On or near Shopping Area,E01033247,Worcester 007F,Anti-social behaviour,,
,2015-04,West Mercia Police,West Mercia Police,-2.222448,52.192911,On or near Shopping Area,E01033247,Worcester 007F,Anti-social behaviour,,
,2015-04,West Mercia Police,West Mercia Police,-2.221436,52.192266,On or near Shopping Area,E01033247,Worcester 007F,Anti-social behaviour,,
,2015-04,West Mercia Police,West Mercia Police,-2.222448,52.192911,On or near Shopping Area,E01033247,Worcester 007F,Anti-social behaviour,,
,2015-04,West Mercia Police,West Mercia Police,-2.226357,52.193461,On or near Parking Area,E01033247,Worcester 007F,Anti-social behaviour,,
,2015-04,West Mercia Police,West Mercia Police,-2.224277,52.192935,On or near Shopping Area,E01033247,Worcester 007F,Anti-social behaviour,,
,2015-04,West Mercia Police,West Mercia Police,-2.222101,52.193613,On or near Angel Street,E01033247,Worcester 007F,Anti-social behaviour,,
,2015-04,West Mercia Police,West Mercia Police,-2.222101,52.193613,On or near Angel Street,E01033247,Worcester 007F,Anti-social behaviour,,
,2015-04,West Mercia Police,West Mercia Police,-2.225076,52.191792,On or near Bridge Street,E01033247,Worcester 007F,Anti-social behaviour,,
,2015-04,West Mercia Police,West Mercia Police,-2.222448,52.192911,On or near Shopping Area,E01033247,Worcester 007F,Anti-social behaviour,,
,2015-04,West Mercia Police,West Mercia Police,-2.226357,52.193461,On or near Parking Area,E01033247,Worcester 007F,Anti-social behaviour,,
,2015-04,West Mercia Police,West Mercia Police,-2.225013,52.196772,On or near Worcester Police Station,E01033247,Worcester 007F,Anti-social behaviour,,
,2015-04,West Mercia Police,West Mercia Police,-2.223905,52.194635,On or near Cherry Tree Walk,E01033247,Worcester 007F,Anti-social behaviour,,
,2015-04,West Mercia Police,West Mercia Police,-2.221436,52.192266,On or near Shopping Area,E01033247,Worcester 007F,Anti-social behaviour,,
,2015-04,West Mercia Police,West Mercia Police,-2.223595,52.193970,On or near Nightclub,E01033247,Worcester 007F,Anti-social behaviour,,
,2015-04,West Mercia Police,West Mercia Police,-2.222448,52.192911,On or near Shopping Area,E01033247,Worcester 007F,Anti-social behaviour,,
,2015-04,West Mercia Police,West Mercia Police,-2.226357,52.193461,On or near Parking Area,E01033247,Worcester 007F,Anti-social behaviour,,
,2015-04,West Mercia Police,West Mercia Police,-2.220099,52.194202,On or near Further/Higher Educational Building,E01033247,Worcester 007F,Anti-social behaviour,,
,2015-04,West Mercia Police,West Mercia Police,-2.221436,52.192266,On or near Shopping Area,E01033247,Worcester 007F,Anti-social behaviour,,
,2015-04,West Mercia Police,West Mercia Police,-2.222101,52.193613,On or near Angel Street,E01033247,Worcester 007F,Anti-social behaviour,,
,2015-04,West Mercia Police,West Mercia Police,-2.223312,52.195841,On or near Farrier Street,E01033247,Worcester 007F,Anti-social behaviour,,
,2015-04,West Mercia Police,West Mercia Police,-2.224265,52.196432,On or near Petrol Station,E01033247,Worcester 007F,Anti-social behaviour,,
,2015-04,West Mercia Police,West Mercia Police,-2.222101,52.193613,On or near Angel Street,E01033247,Worcester 007F,Anti-social behaviour,,
,2015-04,West Mercia Police,West Mercia Police,-2.221436,52.192266,On or near Shopping Area,E01033247,Worcester 007F,Anti-social behaviour,,
,2015-04,West Mercia Police,West Mercia Police,-2.223312,52.195841,On or near Farrier Street,E01033247,Worcester 007F,Anti-social behaviour,,
,2015-04,West Mercia Police,West Mercia Police,-2.223439,52.192118,On or near Malthouse Place,E01033247,Worcester 007F,Anti-social behaviour,,
,2015-04,West Mercia Police,West Mercia Police,-2.225013,52.196772,On or near Worcester Police Station,E01033247,Worcester 007F,Anti-social behaviour,,
,2015-04,West Mercia Police,West Mercia Police,-2.225013,52.196772,On or near Worcester Police Station,E01033247,Worcester 007F,Anti-social behaviour,,
,2015-04,West Mercia Police,West Mercia Police,-2.220099,52.194202,On or near Further/Higher Educational Building,E01033247,Worcester 007F,Anti-social behaviour,,
,2015-04,West Mercia Police,West Mercia Police,-2.222101,52.193613,On or near Angel Street,E01033247,Worcester 007F,Anti-social behaviour,,
,2015-04,West Mercia Police,West Mercia Police,-2.222448,52.192911,On or near Shopping Area,E01033247,Worcester 007F,Anti-social behaviour,,
,2015-04,West Mercia Police,West Mercia Police,-2.223439,52.192118,On or near Malthouse Place,E01033247,Worcester 007F,Anti-social behaviour,,
,2015-04,West Mercia Police,West Mercia Police,-2.222101,52.193613,On or near Angel Street,E01033247,Worcester 007F,Anti-social behaviour,,
,2015-04,West Mercia Police,West Mercia Police,-2.222101,52.193613,On or near Angel Street,E01033247,Worcester 007F,Anti-social behaviour,,
,2015-04,West Mercia Police,West Mercia Police,-2.222101,52.193613,On or near Angel Street,E01033247,Worcester 007F,Anti-social behaviour,,
,2015-04,West Mercia Police,West Mercia Police,-2.222448,52.192911,On or near Shopping Area,E01033247,Worcester 007F,Anti-social behaviour,,
,2015-04,West Mercia Police,West Mercia Police,-2.222448,52.192911,On or near Shopping Area,E01033247,Worcester 007F,Anti-social behaviour,,
,2015-04,West Mercia Police,West Mercia Police,-2.222101,52.193613,On or near Angel Street,E01033247,Worcester 007F,Anti-social behaviour,,
,2015-04,West Mercia Police,West Mercia Police,-2.223595,52.193970,On or near Nightclub,E01033247,Worcester 007F,Anti-social behaviour,,
,2015-04,West Mercia Police,West Mercia Police,-2.222101,52.193613,On or near Angel Street,E01033247,Worcester 007F,Anti-social behaviour,,
,2015-04,West Mercia Police,West Mercia Police,-2.222448,52.192911,On or near Shopping Area,E01033247,Worcester 007F,Anti-social behaviour,,
,2015-04,West Mercia Police,West Mercia Police,-2.223595,52.193970,On or near Nightclub,E01033247,Worcester 007F,Anti-social behaviour,,
,2015-04,West Mercia Police,West Mercia Police,-2.225625,52.193337,On or near Nightclub,E01033247,Worcester 007F,Anti-social behaviour,,
3f3330d4ef039c761753546f82b841c610b7725518017e3965eaa299ca9e838e,2015-04,West Mercia Police,West Mercia Police,-2.222537,52.196094,On or near Foregate Street,E01033247,Worcester 007F,Bicycle theft,Under investigation,
55e8af1d1ee3bdb904518bfd1209a954218d2ea8f49be962cd8e1bba8d2de9fd,2015-04,West Mercia Police,West Mercia Police,-2.222448,52.192911,On or near Shopping Area,E01033247,Worcester 007F,Bicycle theft,Unable to prosecute suspect,
5a09525bd695c2dfe02c70bc3074caf9e3d3eff0ea7c1b209671fda4209c6bd4,2015-04,West Mercia Police,West Mercia Police,-2.225625,52.193337,On or near Nightclub,E01033247,Worcester 007F,Bicycle theft,Investigation complete; no suspect identified,
dfbd2726a5d807fba3058f4beb19bb595c2f53df0624366d94ac8a142792adc9,2015-04,West Mercia Police,West Mercia Police,-2.223439,52.192118,On or near Malthouse Place,E01033247,Worcester 007F,Bicycle theft,Investigation complete; no suspect identified,
891f2d1070aa586a8a96a8e5d449bb704bd5e2a6e68a7555b640dae5e86839e8,2015-04,West Mercia Police,West Mercia Police,-2.222101,52.193613,On or near Angel Street,E01033247,Worcester 007F,Bicycle theft,Investigation complete; no suspect identified,
1169f909037ee7b7c59331929f5ae844b8d7db9f12c3b62ddeea7992b5e05d4b,2015-04,West Mercia Police,West Mercia Police,-2.224785,52.195002,On or near Infirmary Walk,E01033247,Worcester 007F,Bicycle theft,Investigation complete; no suspect identified,
e04030b4af25c2b7fdbda326f7dae449b4d2edd1ca299c7c03d3d77ef49176ad,2015-04,West Mercia Police,West Mercia Police,-2.223905,52.194635,On or near Cherry Tree Walk,E01033247,Worcester 007F,Criminal damage and arson,Investigation complete; no suspect identified,
717a4ac1a2161c70b4fe960b09ad35b770cdfa663c2d1e0af808d0fec342842a,2015-04,West Mercia Police,West Mercia Police,-2.223905,52.194635,On or near Cherry Tree Walk,E01033247,Worcester 007F,Drugs,Court result unavailable,
2375643d6fd2a363ae7096e3069f29207710ef870743473a31af7ce9477177f3,2015-04,West Mercia Police,West Mercia Police,-2.222101,52.193613,On or near Angel Street,E01033247,Worcester 007F,Drugs,Offender given a caution,
746acfc9083be418e66b02dde5d59801ddd2b9def65c556a34ff4979e850ef7d,2015-04,West Mercia Police,West Mercia Police,-2.222537,52.196094,On or near Foregate Street,E01033247,Worcester 007F,Drugs,Offender given a drugs possession warning,
467fdbef7281e51c0a1d376f9c6a0d92609cb2d461a2c0b9c54ee583a359a251,2015-04,West Mercia Police,West Mercia Police,-2.223038,52.193791,On or near Angel Place,E01033247,Worcester 007F,Drugs,Offender given a caution,
8b1247b41ccd768f67181d52b0401d7b9b31c96aee83694ec9f9b5496b304bfb,2015-04,West Mercia Police,West Mercia Police,-2.226425,52.200986,On or near Hebb Street,E01033247,Worcester 007F,Other theft,Offender fined,
0e0e08c84e34c3072a3251aed1078003c2109baae608ef451b38619b54bc1813,2015-04,West Mercia Police,West Mercia Police,-2.226425,52.200986,On or near Hebb Street,E01033247,Worcester 007F,Other theft,Offender fined,
93364ec318066f454c02e3a1e0141029ffebaedb7d28de05c2a1ada251095c2f,2015-04,West Mercia Police,West Mercia Police,-2.223312,52.195841,On or near Farrier Street,E01033247,Worcester 007F,Other theft,Offender fined,
9288aff33d4251313e1bc28708928efc29032b76ea279a0b49dcc3f540866f1e,2015-04,West Mercia Police,West Mercia Police,-2.222448,52.192911,On or near Shopping Area,E01033247,Worcester 007F,Other theft,Investigation complete; no suspect identified,
523957b4afde835e71ceb3680b482735ad14352ca66b43de9d86a69694b4779b,2015-04,West Mercia Police,West Mercia Police,-2.221436,52.192266,On or near Shopping Area,E01033247,Worcester 007F,Other theft,Unable to prosecute suspect,
e4c57297cd70aefed1f75739525e439c2020b8cf1865359ecdb0340431acab0e,2015-04,West Mercia Police,West Mercia Police,-2.225013,52.196772,On or near Worcester Police Station,E01033247,Worcester 007F,Other theft,Investigation complete; no suspect identified,
50f383b64cf18333136586f3f35d4f765d1eb7819e33bb98ff7244a725a86d5d,2015-04,West Mercia Police,West Mercia Police,-2.224265,52.196432,On or near Petrol Station,E01033247,Worcester 007F,Other theft,Investigation complete; no suspect identified,
7d62a9baed32889967a029b35fb249f0bf9db09901da26d8160361066f203e73,2015-04,West Mercia Police,West Mercia Police,-2.222101,52.193613,On or near Angel Street,E01033247,Worcester 007F,Other theft,Offender given a caution,
a5a6c52341bf4b1e1e9f2fd5edfa270bb1df3c28bf7832f5ed349e42bfae5e4a,2015-04,West Mercia Police,West Mercia Police,-2.220788,52.194452,On or near Sansome Street,E01033247,Worcester 007F,Other theft,Unable to prosecute suspect,
a6bfbc5dfb694f3f6e345f1929fdb145c309827e5b116ad100ab984f69c345d5,2015-04,West Mercia Police,West Mercia Police,-2.224785,52.195002,On or near Infirmary Walk,E01033247,Worcester 007F,Other theft,Investigation complete; no suspect identified,
0a12cfae22639bb179b444ff9394667ee2968145727cb748df5e9b858f6650de,2015-04,West Mercia Police,West Mercia Police,-2.220099,52.194202,On or near Further/Higher Educational Building,E01033247,Worcester 007F,Other theft,Under investigation,
c21cc9285030cd1b55b73b1d1083c089ef18e11ecb52739ad96893e7043ae222,2015-04,West Mercia Police,West Mercia Police,-2.222448,52.192911,On or near Shopping Area,E01033247,Worcester 007F,Other theft,Local resolution,
57656cd69a9a5cbc61b4c04d22fee75a1e74adb3e794ed31a1cdee6eb5330683,2015-04,West Mercia Police,West Mercia Police,-2.223724,52.193448,On or near Angel Row,E01033247,Worcester 007F,Other theft,Unable to prosecute suspect,
e1c4db2a2b417ae66b5d010f19cc238f6a6e449cef42faca68d7c9d7dc2130cd,2015-04,West Mercia Police,West Mercia Police,-2.221436,52.192266,On or near Shopping Area,E01033247,Worcester 007F,Other theft,Investigation complete; no suspect identified,
e929725aec947ea3ded162af1a01e5ddf0c6062bfe58a7d10e9ef2f31f263505,2015-04,West Mercia Police,West Mercia Police,-2.222101,52.193613,On or near Angel Street,E01033247,Worcester 007F,Other theft,Investigation complete; no suspect identified,
d85151033cc23f2c06041f38513c93d89f78a574ed31957ff9a629015721d926,2015-04,West Mercia Police,West Mercia Police,-2.222249,52.193973,On or near Supermarket,E01033247,Worcester 007F,Possession of weapons,Unable to prosecute suspect,
8e229d34ba05a8d30a46857f29f131636cddcece584c8a9746564bd188782b3a,2015-04,West Mercia Police,West Mercia Police,-2.223595,52.193970,On or near Nightclub,E01033247,Worcester 007F,Public order,Court result unavailable,
3a5eb19d2bb16e29e6564c1575bb7ff81dcc326e019a921dabb4ca258365c15a,2015-04,West Mercia Police,West Mercia Police,-2.224265,52.196432,On or near Petrol Station,E01033247,Worcester 007F,Public order,Unable to prosecute suspect,
1dc0b1f3a06159ac5ee02cd2cbb7da1b0fee1896a9d34a879d8e7dfff7fa673a,2015-04,West Mercia Police,West Mercia Police,-2.222101,52.193613,On or near Angel Street,E01033247,Worcester 007F,Public order,Court result unavailable,
4a2546b78e4b2e44f59d7fd342fc5004ff36fbb6528bc128c801419629da48b3,2015-04,West Mercia Police,West Mercia Police,-2.222101,52.193613,On or near Angel Street,E01033247,Worcester 007F,Public order,Court result unavailable,
e4d86c1d662185b070174c08ee3ef8ac7e9c76df069b5f99728925b413ce2881,2015-04,West Mercia Police,West Mercia Police,-2.222101,52.193613,On or near Angel Street,E01033247,Worcester 007F,Public order,Offender sent to prison,
81f4b632f404e9c3a63efec840480ce209e0ff42329e88a2f6a80ebd3369ea18,2015-04,West Mercia Police,West Mercia Police,-2.220099,52.194202,On or near Further/Higher Educational Building,E01033247,Worcester 007F,Public order,Unable to prosecute suspect,
ada42516423c328a17e5fdec5fae9169924a53871c7c80754707c5952245275a,2015-04,West Mercia Police,West Mercia Police,-2.222101,52.193613,On or near Angel Street,E01033247,Worcester 007F,Public order,Unable to prosecute suspect,
16be60460caace830bec604f127d0019cd54b1a4d18308cc51013fb7b9930849,2015-04,West Mercia Police,West Mercia Police,-2.222101,52.193613,On or near Angel Street,E01033247,Worcester 007F,Public order,Offender otherwise dealt with,
ed3d30a252b2d9a4cc97cba017552e8063738399e4a87b96e7d272f78eb72824,2015-04,West Mercia Police,West Mercia Police,-2.222101,52.193613,On or near Angel Street,E01033247,Worcester 007F,Public order,Offender fined,
2b9edb5e6ae8138d69eb0a05b69838c9c24c71281fc2de9458f78deb4d78c07d,2015-04,West Mercia Police,West Mercia Police,-2.222101,52.193613,On or near Angel Street,E01033247,Worcester 007F,Public order,Offender otherwise dealt with,
c03a7856d7e095bd90f53171f350a509255a24f57376903d7a51b25c25617148,2015-04,West Mercia Police,West Mercia Police,-2.221230,52.195009,On or near Supermarket,E01033247,Worcester 007F,Public order,Offender given a caution,
4a78183ea68eb0d83651da5ce823c43935b910b46c426baf39a3ec6d771fa5ee,2015-04,West Mercia Police,West Mercia Police,-2.221436,52.192266,On or near Shopping Area,E01033247,Worcester 007F,Shoplifting,Offender sent to prison,
1bb59d9ea468e1b6204f150873c07be2894c5df99094668d3140f6bde168d0b1,2015-04,West Mercia Police,West Mercia Police,-2.221436,52.192266,On or near Shopping Area,E01033247,Worcester 007F,Shoplifting,Offender given a caution,
48436de8de17ba9968eec3b5c4e3e8bc8d86501d15dbcf66a602c6a4a8ceec97,2015-04,West Mercia Police,West Mercia Police,-2.222249,52.193973,On or near Supermarket,E01033247,Worcester 007F,Shoplifting,Court result unavailable,
0e018a9914a0657f2d4fbb981ebb9cc3ae54126b2d1f9865378f476101444d8e,2015-04,West Mercia Police,West Mercia Police,-2.224277,52.192935,On or near Shopping Area,E01033247,Worcester 007F,Shoplifting,Investigation complete; no suspect identified,
5208361e4bc8959494970724aaf40be1849572c14b6f74219e1766bb3b86de18,2015-04,West Mercia Police,West Mercia Police,-2.222448,52.192911,On or near Shopping Area,E01033247,Worcester 007F,Shoplifting,Court result unavailable,
5ab9ed2c3838353ac834d08748180f1f93f8143757ade9b2820aca5a39abcff2,2015-04,West Mercia Police,West Mercia Police,-2.221436,52.192266,On or near Shopping Area,E01033247,Worcester 007F,Shoplifting,Court result unavailable,
b9c7425b9ba163d7037e4996912a751d4aa5eb9e3f27265875a439bb73d8f077,2015-04,West Mercia Police,West Mercia Police,-2.224864,52.193249,On or near Supermarket,E01033247,Worcester 007F,Shoplifting,Court result unavailable,
5decc7203a3fd109b912b45a0aef7855b4bcf469000f44e9109c0429b2d08eba,2015-04,West Mercia Police,West Mercia Police,-2.221436,52.192266,On or near Shopping Area,E01033247,Worcester 007F,Shoplifting,Local resolution,
5627d6b25eeefed0748f36e718b0876c80b2ec6dc317bc084110b72938d5b1d5,2015-04,West Mercia Police,West Mercia Police,-2.222249,52.193973,On or near Supermarket,E01033247,Worcester 007F,Shoplifting,Court result unavailable,
cd70057c94d2158d5a7c5fa6c934f16e1411454b2d90f9fc4817b7d52fb4f8a5,2015-04,West Mercia Police,West Mercia Police,-2.220788,52.194452,On or near Sansome Street,E01033247,Worcester 007F,Shoplifting,Local resolution,
10a368432354150da796c29471235d382d16e8e8eddd305fd4c89a97c8c3652e,2015-04,West Mercia Police,West Mercia Police,-2.222249,52.193973,On or near Supermarket,E01033247,Worcester 007F,Shoplifting,Court result unavailable,
2eb83c2def69b9dd16417b88bec0a46afa4b60bb140ec445a2c794d6ac51a1f7,2015-04,West Mercia Police,West Mercia Police,-2.220788,52.194452,On or near Sansome Street,E01033247,Worcester 007F,Shoplifting,Investigation complete; no suspect identified,
f1d5b17e4a9e4d29cd59854e67f97dae86ee0950e7728e71ca8ce86ca875f1c5,2015-04,West Mercia Police,West Mercia Police,-2.222249,52.193973,On or near Supermarket,E01033247,Worcester 007F,Shoplifting,Offender given a caution,
767eab38ea239443722fca1d9ae1c48bbc7014211281f2cd1e21e3c97440ff68,2015-04,West Mercia Police,West Mercia Police,-2.220788,52.194452,On or near Sansome Street,E01033247,Worcester 007F,Shoplifting,Unable to prosecute suspect,
2918cf11dcd44fd6fa594bc5d4880f16f0592bb99cd98a9b7465671b33ccb3dd,2015-04,West Mercia Police,West Mercia Police,-2.221436,52.192266,On or near Shopping Area,E01033247,Worcester 007F,Shoplifting,Local resolution,
cce72e1f16924be61a6e2b775cc3caab54104e7329839b31502730eb238b6ebd,2015-04,West Mercia Police,West Mercia Police,-2.221436,52.192266,On or near Shopping Area,E01033247,Worcester 007F,Shoplifting,Offender given a caution,
29c31fe6bbf5bef7fc96b2199a045b88bfb31826ed5893e22d7d45e6bad162f1,2015-04,West Mercia Police,West Mercia Police,-2.222249,52.193973,On or near Supermarket,E01033247,Worcester 007F,Shoplifting,Offender given a caution,
3498a5a1baecd40d4ecc217a3bb0a36633c62324c9305680f665e6a61e6d9eae,2015-04,West Mercia Police,West Mercia Police,-2.221436,52.192266,On or near Shopping Area,E01033247,Worcester 007F,Shoplifting,Local resolution,
24204444baee9e2c85406117d9a45ff3d596fca457e82289b80a5aa6c093c75c,2015-04,West Mercia Police,West Mercia Police,-2.226425,52.200986,On or near Hebb Street,E01033247,Worcester 007F,Vehicle crime,Investigation complete; no suspect identified,
d19ad75f289b3540a286d0f4e2e90cd29aec340bacbdb92269e12decca86e8e6,2015-04,West Mercia Police,West Mercia Police,-2.221488,52.194001,On or near The Foregate,E01033247,Worcester 007F,Vehicle crime,Investigation complete; no suspect identified,
91c0459acd707c2ccf4b58614bb00e6dcca02846083ed33f2f52ae519738a296,2015-04,West Mercia Police,West Mercia Police,-2.223724,52.193448,On or near Angel Row,E01033247,Worcester 007F,Violence and sexual offences,Unable to prosecute suspect,
93d16ee3af4868dd2eeba6b624690ae69536f0eb4a283be0bedf4d7c57a01be8,2015-04,West Mercia Police,West Mercia Police,-2.222101,52.193613,On or near Angel Street,E01033247,Worcester 007F,Violence and sexual offences,Court result unavailable,
ad8b5a8957d79ab37be18d0f79c59b6ddffcc1d322e50c892deb986507f9fd16,2015-04,West Mercia Police,West Mercia Police,-2.223595,52.193970,On or near Nightclub,E01033247,Worcester 007F,Violence and sexual offences,Investigation complete; no suspect identified,
bacd5cf2111b763742f4fe60e15de9b0f46f4c40b9cd84580e0ba900efb464e3,2015-04,West Mercia Police,West Mercia Police,-2.223312,52.195841,On or near Farrier Street,E01033247,Worcester 007F,Violence and sexual offences,Unable to prosecute suspect,
37d515832d912ea24e15d01dca4ca7785589cfdf3bfb78b9d8a4c1eaa7542290,2015-04,West Mercia Police,West Mercia Police,-2.222101,52.193613,On or near Angel Street,E01033247,Worcester 007F,Violence and sexual offences,Offender given a caution,
ad1877545e74dd2e03fc752bcb0f20abe705d94f8700266f1b4da63361d7fa4c,2015-04,West Mercia Police,West Mercia Police,-2.224785,52.195002,On or near Infirmary Walk,E01033247,Worcester 007F,Violence and sexual offences,Unable to prosecute suspect,
ca5b17c8f93fbc74c5ac45249f1597fac8fc09491fd5a4596fe2225ae9c74b9b,2015-04,West Mercia Police,West Mercia Police,-2.223595,52.193970,On or near Nightclub,E01033247,Worcester 007F,Violence and sexual offences,Unable to prosecute suspect,
f0fcc3995b6091785f52a3ae3e345d139a8c26eb661eedd56589d8ade7b23e6a,2015-04,West Mercia Police,West Mercia Police,-2.221230,52.195009,On or near Supermarket,E01033247,Worcester 007F,Violence and sexual offences,Unable to prosecute suspect,
636a45004addcdd0f0c139ab91b693ec42a9adb11f5d37fb51cab1faceda1ec2,2015-04,West Mercia Police,West Mercia Police,-2.224277,52.192935,On or near Shopping Area,E01033247,Worcester 007F,Violence and sexual offences,Unable to prosecute suspect,
982254481c5c6cd4773fba9610fcb69e2f8bec574749fda18b909950c93f3e16,2015-04,West Mercia Police,West Mercia Police,-2.222448,52.192911,On or near Shopping Area,E01033247,Worcester 007F,Violence and sexual offences,Unable to prosecute suspect,
b7eeee0e78a33f7f6d70d462ccef39846722b52d66a92b939ddbbb2d5cc5602f,2015-04,West Mercia Police,West Mercia Police,-2.224864,52.193249,On or near Supermarket,E01033247,Worcester 007F,Violence and sexual offences,Investigation complete; no suspect identified,
0217e2fd0909f713dcde1f92519bfeaffb8fbb055a1a7752ad177f93d314b8fa,2015-04,West Mercia Police,West Mercia Police,-2.224785,52.195002,On or near Infirmary Walk,E01033247,Worcester 007F,Violence and sexual offences,Unable to prosecute suspect,
594778ae835688de66bd6993fe75469ec7603ac44ad07e1a8ded40941c8f224c,2015-04,West Mercia Police,West Mercia Police,-2.224265,52.196432,On or near Petrol Station,E01033247,Worcester 007F,Violence and sexual offences,Unable to prosecute suspect,
61abc67dd50e14ae9cdda0d795721f65da36fd2572e5d8a3e661ee62a7f9c70f,2015-04,West Mercia Police,West Mercia Police,-2.222101,52.193613,On or near Angel Street,E01033247,Worcester 007F,Violence and sexual offences,Offender given community sentence,
a77893e11e222f8308f446803c8a682f6d330b0ebf6d4b839415a227547c277d,2015-04,West Mercia Police,West Mercia Police,-2.222101,52.193613,On or near Angel Street,E01033247,Worcester 007F,Violence and sexual offences,Defendant found not guilty,
6606ef4c5b7da8ad1fa9b2d7787a4f21b1c1c24fad466cad832c5fd4b0edb587,2015-04,West Mercia Police,West Mercia Police,-2.222101,52.193613,On or near Angel Street,E01033247,Worcester 007F,Violence and sexual offences,Offender given community sentence,
713f6d3e2973288108d194eea74008db7f129c9994b2f7b71d7c06a87a9a038a,2015-04,West Mercia Police,West Mercia Police,-2.221230,52.195009,On or near Supermarket,E01033247,Worcester 007F,Violence and sexual offences,Unable to prosecute suspect,
ded78e807b9ddbc457cc0a14dba97fa9177bc2a98ec64d99a103d5a8a7d066d2,2015-04,West Mercia Police,West Mercia Police,-2.221740,52.194684,On or near Foregate Street,E01033247,Worcester 007F,Violence and sexual offences,Unable to prosecute suspect,
9129f392df2465e2eda8cae69d9752faac390a2038505326b54d87fec9407356,2015-04,West Mercia Police,West Mercia Police,-2.222101,52.193613,On or near Angel Street,E01033247,Worcester 007F,Violence and sexual offences,Investigation complete; no suspect identified,
e9410d2264254a920edb45c798067e1a1f7cc928ca40f98df6d07262b4c6b953,2015-04,West Mercia Police,West Mercia Police,-2.224864,52.193249,On or near Supermarket,E01033247,Worcester 007F,Violence and sexual offences,Unable to prosecute suspect,
f1d247c77451b0b824cdd5319161c4cc7ac2d9a0142c426258d23d289c4eee59,2015-04,West Mercia Police,West Mercia Police,-2.221230,52.195009,On or near Supermarket,E01033247,Worcester 007F,Violence and sexual offences,Unable to prosecute suspect,
9ee07faaf91fdc7565fe911807fad66165cea3750b2e6dca865466504eb52ebe,2015-04,West Mercia Police,West Mercia Police,-2.222101,52.193613,On or near Angel Street,E01033247,Worcester 007F,Violence and sexual offences,Unable to prosecute suspect,
18d3c7e959814e945c8acefd5ff57aecfcfb29b4ed503684dd723940bab5fb9b,2015-04,West Mercia Police,West Mercia Police,-2.222101,52.193613,On or near Angel Street,E01033247,Worcester 007F,Violence and sexual offences,Unable to prosecute suspect,
3701c75948e106150469b390915fdb6f8bcbfdb60bfeee5b619781a25399930b,2015-04,West Mercia Police,West Mercia Police,-2.225013,52.196772,On or near Worcester Police Station,E01033247,Worcester 007F,Other crime,Unable to prosecute suspect,
3300acc000d53cf6d8bfbb199aa340c27cf12e29adfbd227839cd6f677680958,2015-04,West Mercia Police,West Mercia Police,-2.220099,52.194202,On or near Further/Higher Educational Building,E01033247,Worcester 007F,Other crime,Investigation complete; no suspect identified,
,2015-04,West Mercia Police,West Mercia Police,-2.181021,52.193441,On or near Leopard Rise,E01032337,Worcester 008A,Anti-social behaviour,,
,2015-04,West Mercia Police,West Mercia Police,-2.186966,52.194717,On or near Chesterton Gardens,E01032337,Worcester 008A,Anti-social behaviour,,
,2015-04,West Mercia Police,West Mercia Police,-2.184360,52.194227,On or near Aconbury Close,E01032337,Worcester 008A,Anti-social behaviour,,
,2015-04,West Mercia Police,West Mercia Police,-2.180764,52.202216,On or near Great Oaty Gardens,E01032337,Worcester 008A,Anti-social behaviour,,
,2015-04,West Mercia Police,West Mercia Police,-2.184360,52.194227,On or near Aconbury Close,E01032337,Worcester 008A,Anti-social behaviour,,
,2015-04,West Mercia Police,West Mercia Police,-2.187301,52.194393,On or near Darwin Avenue,E01032337,Worcester 008A,Anti-social behaviour,,
3bef512fff716b611e935fe74b8b3aeef58dbdf680a65ed4193251206dcba7e4,2015-04,West Mercia Police,West Mercia Police,-2.190409,52.199387,On or near Petrol Station,E01032337,Worcester 008A,Criminal damage and arson,Investigation complete; no suspect identified,
8b6bf81840cfd0818ae5bb337fcb5038219af016d1f5f3b2b3467a0ba12bfafe,2015-04,West Mercia Police,West Mercia Police,-2.181201,52.201775,On or near Slade Avenue,E01032337,Worcester 008A,Criminal damage and arson,Investigation complete; no suspect identified,
7240a0c9eba4f54364cdb7493a531f7d90bbaae2fb2228c47af856d0e6419c1a,2015-04,West Mercia Police,West Mercia Police,-2.190409,52.199387,On or near Petrol Station,E01032337,Worcester 008A,Criminal damage and arson,Investigation complete; no suspect identified,
41dff5b16ea98caa4a0fdb3eee9fcd457526e63c788254d13e79745cd7c8b2dd,2015-04,West Mercia Police,West Mercia Police,-2.184142,52.194650,On or near Aconbury Close,E01032337,Worcester 008A,Drugs,Under investigation,
838c386f615732672869572d144ef048b0f6c2b0d04475feb19b5678bf6d1601,2015-04,West Mercia Police,West Mercia Police,-2.190409,52.199387,On or near Petrol Station,E01032337,Worcester 008A,Other theft,Investigation complete; no suspect identified,
a878efeecf994e09cf40f4a3166a39da9889f0cd932e3ef40c3f118ffc37a3cf,2015-04,West Mercia Police,West Mercia Police,-2.190409,52.199387,On or near Petrol Station,E01032337,Worcester 008A,Other theft,Unable to prosecute suspect,
99534ace0d22e36b439a21d968272b8a15c8f0c867774e86b6163716f50db583,2015-04,West Mercia Police,West Mercia Police,-2.184142,52.194650,On or near Aconbury Close,E01032337,Worcester 008A,Other theft,Offender given community sentence,
571516dc6da6c52db6649df9a3e41166ed6eab55dcbd2721715ca1e59e1a39e0,2015-04,West Mercia Police,West Mercia Police,-2.190409,52.199387,On or near Petrol Station,E01032337,Worcester 008A,Public order,Unable to prosecute suspect,
a3e621d031bf9d793f8c750a67201fa985739bc94f4cecef0b6f88e22e416c7c,2015-04,West Mercia Police,West Mercia Police,-2.187301,52.194393,On or near Darwin Avenue,E01032337,Worcester 008A,Violence and sexual offences,Unable to prosecute suspect,
23fd95c78c9c2df3cf3b8a469ab2485969f64365557f01eaadc64e7f1bc6223e,2015-04,West Mercia Police,West Mercia Police,-2.181021,52.193441,On or near Leopard Rise,E01032337,Worcester 008A,Violence and sexual offences,Investigation complete; no suspect identified,
2b0a4c27fa7ca85110bb8f8d4af0a33b0d77d2b7e07338a276880691402278dd,2015-04,West Mercia Police,West Mercia Police,-2.187301,52.194393,On or near Darwin Avenue,E01032337,Worcester 008A,Violence and sexual offences,Unable to prosecute suspect,
f76b2707d01be44026e80477763ea99c96a2dde205269d1736203ae4dcf7e75c,2015-04,West Mercia Police,West Mercia Police,-2.190409,52.199387,On or near Petrol Station,E01032337,Worcester 008A,Violence and sexual offences,Unable to prosecute suspect,
e2ea1e546b83c30b01b79d405f00b9902b3b0eeb7d96b1fdbc9de71607207b88,2015-04,West Mercia Police,West Mercia Police,-2.187301,52.194393,On or near Darwin Avenue,E01032337,Worcester 008A,Violence and sexual offences,Unable to prosecute suspect,
4286e5e0515a935f763db09184e44a2fffe4cace5b6d49ba3774282980a9dc63,2015-04,West Mercia Police,West Mercia Police,-2.187301,52.194393,On or near Darwin Avenue,E01032337,Worcester 008A,Violence and sexual offences,Unable to prosecute suspect,
,2015-04,West Mercia Police,West Mercia Police,-2.182039,52.199121,On or near Nine Acres Green,E01032338,Worcester 008B,Anti-social behaviour,,
,2015-04,West Mercia Police,West Mercia Police,-2.176632,52.200874,On or near Mapit Place,E01032338,Worcester 008B,Anti-social behaviour,,
,2015-04,West Mercia Police,West Mercia Police,-2.181325,52.199940,On or near Supermarket,E01032338,Worcester 008B,Anti-social behaviour,,
,2015-04,West Mercia Police,West Mercia Police,-2.181325,52.199940,On or near Supermarket,E01032338,Worcester 008B,Anti-social behaviour,,
,2015-04,West Mercia Police,West Mercia Police,-2.181702,52.199122,On or near Vetch Field Avenue,E01032338,Worcester 008B,Anti-social behaviour,,
,2015-04,West Mercia Police,West Mercia Police,-2.181325,52.199940,On or near Supermarket,E01032338,Worcester 008B,Anti-social behaviour,,
,2015-04,West Mercia Police,West Mercia Police,-2.176632,52.200874,On or near Mapit Place,E01032338,Worcester 008B,Anti-social behaviour,,
,2015-04,West Mercia Police,West Mercia Police,-2.176632,52.200874,On or near Mapit Place,E01032338,Worcester 008B,Anti-social behaviour,,
,2015-04,West Mercia Police,West Mercia Police,-2.174973,52.195527,On or near Haines Avenue,E01032338,Worcester 008B,Anti-social behaviour,,
57a80ae699f3a1a9cb887b7e4b894cca7d8ef4111e4eb55f48c304c12224ab0c,2015-04,West Mercia Police,West Mercia Police,-2.175738,52.196703,On or near Wedley Place,E01032338,Worcester 008B,Criminal damage and arson,Offender given conditional discharge,
be2930005f922d8a5ca843815fb9b751901639e2ca3e07a6644103e6c158d4b3,2015-04,West Mercia Police,West Mercia Police,-2.174204,52.200886,On or near Swallowfields,E01032338,Worcester 008B,Criminal damage and arson,Investigation complete; no suspect identified,
d687791413e9061bccc57ae0929581591438b93d324914e2105887f4e7844d47,2015-04,West Mercia Police,West Mercia Police,-2.172729,52.194128,On or near Fielden Row,E01032338,Worcester 008B,Criminal damage and arson,Investigation complete; no suspect identified,
b6eaca0b2a146cd09ab0e0b94b3d77762399fbd5802e3020df318823334b1a6e,2015-04,West Mercia Police,West Mercia Police,-2.181325,52.199940,On or near Supermarket,E01032338,Worcester 008B,Criminal damage and arson,Investigation complete; no suspect identified,
7e636a49f1e211a1dadf8994a5b4dabee32eef62245005eb2b3fb26d3cad805e,2015-04,West Mercia Police,West Mercia Police,-2.181325,52.199940,On or near Supermarket,E01032338,Worcester 008B,Public order,Offender given community sentence,
a06d3daf67732aefa66617b8d40fede0ff8013880fc85e27d4c67493c867f7aa,2015-04,West Mercia Police,West Mercia Police,-2.181325,52.199940,On or near Supermarket,E01032338,Worcester 008B,Shoplifting,Unable to prosecute suspect,
1b1e6ac7c7c840a86c95f6320a7c8e1489bc3e46aac4e298f885c7a597247e66,2015-04,West Mercia Police,West Mercia Police,-2.181325,52.199940,On or near Supermarket,E01032338,Worcester 008B,Shoplifting,Offender given a caution,
ca1afa7c40b32f61ab902ee0a962c51239e90a8cd271a762791981b0b8678fd7,2015-04,West Mercia Police,West Mercia Police,-2.181325,52.199940,On or near Supermarket,E01032338,Worcester 008B,Shoplifting,Local resolution,
ad085b70c6a245174af9eb45ad150b62aa85e202772fd1b59ff5a1d9df690e1e,2015-04,West Mercia Police,West Mercia Police,-2.181325,52.199940,On or near Supermarket,E01032338,Worcester 008B,Shoplifting,Investigation complete; no suspect identified,
6af1b39c31f14994badaa48ec381f9346a2a4a107604f3b2529699064a644a50,2015-04,West Mercia Police,West Mercia Police,-2.176295,52.200658,On or near Damaskfield,E01032338,Worcester 008B,Violence and sexual offences,Unable to prosecute suspect,
88d74dcdcef52e3de953bcc01d719c1274b4f0bd3e152c359b66f27d0bb6979e,2015-04,West Mercia Police,West Mercia Police,-2.181702,52.199122,On or near Vetch Field Avenue,E01032338,Worcester 008B,Violence and sexual offences,Investigation complete; no suspect identified,
b5ec1a235b199665cf359bb27a88a57f458f233a06079c86f5a387c619ed113d,2015-04,West Mercia Police,West Mercia Police,-2.174204,52.200886,On or near Swallowfields,E01032338,Worcester 008B,Violence and sexual offences,Offender fined,
e9fd02dcbea8b7c85e78797e5a4d93ef9e89acea0251c9a3395d0b559cc83c8c,2015-04,West Mercia Police,West Mercia Police,-2.175738,52.196703,On or near Wedley Place,E01032338,Worcester 008B,Violence and sexual offences,Unable to prosecute suspect,
f684f4fab374a9261a35a50b5560d282c464d22824a54031cdabec3d44d0211e,2015-04,West Mercia Police,West Mercia Police,-2.176295,52.200658,On or near Damaskfield,E01032338,Worcester 008B,Violence and sexual offences,Offender given conditional discharge,
a52505770f492356749d7842c144a91a7fedb9678a131970b224988c564704b2,2015-04,West Mercia Police,West Mercia Police,-2.181325,52.199940,On or near Supermarket,E01032338,Worcester 008B,Violence and sexual offences,Unable to prosecute suspect,
,2015-04,West Mercia Police,West Mercia Police,-2.173618,52.193416,On or near Bentham Avenue,E01032339,Worcester 008C,Anti-social behaviour,,
,2015-04,West Mercia Police,West Mercia Police,-2.171544,52.197959,On or near Bright Avenue,E01032339,Worcester 008C,Anti-social behaviour,,
,2015-04,West Mercia Police,West Mercia Police,-2.175970,52.185078,On or near Swinesherd Way,E01032339,Worcester 008C,Anti-social behaviour,,
,2015-04,West Mercia Police,West Mercia Police,-2.175970,52.185078,On or near Swinesherd Way,E01032339,Worcester 008C,Anti-social behaviour,,
,2015-04,West Mercia Police,West Mercia Police,-2.175970,52.185078,On or near Swinesherd Way,E01032339,Worcester 008C,Anti-social behaviour,,
,2015-04,West Mercia Police,West Mercia Police,-2.175970,52.185078,On or near Swinesherd Way,E01032339,Worcester 008C,Anti-social behaviour,,
10d81138e56072bc77ac3c56c3729d72d028c3b14c0d7ae4d5464b2ad14e9cf9,2015-04,West Mercia Police,West Mercia Police,-2.176742,52.195228,On or near Hetherington Rise,E01032339,Worcester 008C,Burglary,Investigation complete; no suspect identified,
f07703ac5dd42f8f47ef257dd3b4c14556cea6a4238a6354415217f7866295e6,2015-04,West Mercia Police,West Mercia Police,-2.175970,52.185078,On or near Swinesherd Way,E01032339,Worcester 008C,Other theft,Investigation complete; no suspect identified,
,2015-04,West Mercia Police,West Mercia Police,-2.257308,52.195133,On or near Norfolk Close,E01032318,Worcester 009A,Anti-social behaviour,,
,2015-04,West Mercia Police,West Mercia Police,-2.254253,52.193018,On or near Supermarket,E01032318,Worcester 009A,Anti-social behaviour,,
,2015-04,West Mercia Police,West Mercia Police,-2.259724,52.195595,On or near Howard Road,E01032318,Worcester 009A,Anti-social behaviour,,
,2015-04,West Mercia Police,West Mercia Police,-2.259724,52.195595,On or near Howard Road,E01032318,Worcester 009A,Anti-social behaviour,,
,2015-04,West Mercia Police,West Mercia Police,-2.254331,52.193998,On or near Spenser Road,E01032318,Worcester 009A,Anti-social behaviour,,
,2015-04,West Mercia Police,West Mercia Police,-2.256226,52.195306,On or near Hawkins Close,E01032318,Worcester 009A,Anti-social behaviour,,
,2015-04,West Mercia Police,West Mercia Police,-2.254331,52.193998,On or near Spenser Road,E01032318,Worcester 009A,Anti-social behaviour,,
,2015-04,West Mercia Police,West Mercia Police,-2.256634,52.192518,On or near Tudor Way,E01032318,Worcester 009A,Anti-social behaviour,,
c791cebe22eadd335f6968ad0f391ebc1ac5d7f966eeee8aeb12166694f58f52,2015-04,West Mercia Police,West Mercia Police,-2.252278,52.193076,On or near Marlow Road,E01032318,Worcester 009A,Criminal damage and arson,Investigation complete; no suspect identified,
87b3478e66979570ce632be435f3cbdd60d4474b7ac59aa2e768ec0ba4234ccc,2015-04,West Mercia Police,West Mercia Police,-2.256634,52.192518,On or near Tudor Way,E01032318,Worcester 009A,Criminal damage and arson,Investigation complete; no suspect identified,
8dcd0a01639b73d994cec247128a3fb67b2f95cb1a443a85262ffa65d0331dd1,2015-04,West Mercia Police,West Mercia Police,-2.259724,52.195595,On or near Howard Road,E01032318,Worcester 009A,Criminal damage and arson,Offender given community sentence,
08a72bb5ee438e893a3d432d7cf54dfaa77f12be58059a05b83903703eab998c,2015-04,West Mercia Police,West Mercia Police,-2.259724,52.195595,On or near Howard Road,E01032318,Worcester 009A,Criminal damage and arson,Defendant found not guilty,
f2f5c99c29d440e97c91b6caa489b5d62da48ff109de3c9f334eb88b476bd406,2015-04,West Mercia Police,West Mercia Police,-2.253683,52.193109,On or near Gresham Road,E01032318,Worcester 009A,Other theft,Investigation complete; no suspect identified,
980035a2abc726719f7130cafedf65ebfeed5f478d52f53b0cb8a7a06f30c255,2015-04,West Mercia Police,West Mercia Police,-2.254253,52.193018,On or near Supermarket,E01032318,Worcester 009A,Shoplifting,Investigation complete; no suspect identified,
567f1aa161fc6f57cd9409f04e8b15eaf2174e06475336b132f607d0b9ec3aa8,2015-04,West Mercia Police,West Mercia Police,-2.252984,52.193803,On or near Lear Close,E01032318,Worcester 009A,Violence and sexual offences,Unable to prosecute suspect,
e13dae877c41392e6d2fbce88723f308f8be7545dbbdd4d2eb87a704dba814da,2015-04,West Mercia Police,West Mercia Police,-2.259724,52.195595,On or near Howard Road,E01032318,Worcester 009A,Violence and sexual offences,Investigation complete; no suspect identified,
4fb3b4b3df437607ffcff4e38fd02cc22dd9925a9e012c0c79037384a55fd04c,2015-04,West Mercia Police,West Mercia Police,-2.254331,52.193998,On or near Spenser Road,E01032318,Worcester 009A,Violence and sexual offences,Defendant found not guilty,
6b1ab3591acf9c3943ef0ba13b513fb10f501812aa761b26bbf03f3f1eb1d3f6,2015-04,West Mercia Police,West Mercia Police,-2.253683,52.193109,On or near Gresham Road,E01032318,Worcester 009A,Violence and sexual offences,Court case unable to proceed,
16c1ff101f07a933dad67b9f73c06e5e461d0107ee15e816dc950c4006bff6ed,2015-04,West Mercia Police,West Mercia Police,-2.253683,52.193109,On or near Gresham Road,E01032318,Worcester 009A,Violence and sexual offences,Unable to prosecute suspect,
00f02848b26c072e4180eda220af2cf0831eae3685e0402c0e172e307f8ba0c8,2015-04,West Mercia Police,West Mercia Police,-2.259724,52.195595,On or near Howard Road,E01032318,Worcester 009A,Violence and sexual offences,Defendant found not guilty,
c81ce1628dea30d34fedd1b78ba343c68d15969de30bf6f6ebc78d57ca657304,2015-04,West Mercia Police,West Mercia Police,-2.252984,52.193803,On or near Lear Close,E01032318,Worcester 009A,Other crime,Under investigation,
,2015-04,West Mercia Police,West Mercia Police,-2.255043,52.195588,On or near Dudley Close,E01032319,Worcester 009B,Anti-social behaviour,,
579ac3c35206b25d93f3d52935d7284bcb70bec4dce52628b5788324f6e1d9e0,2015-04,West Mercia Police,West Mercia Police,-2.255043,52.195588,On or near Dudley Close,E01032319,Worcester 009B,Violence and sexual offences,Unable to prosecute suspect,
,2015-04,West Mercia Police,West Mercia Police,-2.243034,52.188034,On or near Happy Land West,E01032320,Worcester 009C,Anti-social behaviour,,
90dcad18b5699d83311686d0e4d760ca7253acfe168c65d91799985db88b7c4e,2015-04,West Mercia Police,West Mercia Police,-2.241895,52.188324,On or near Happy Land North,E01032320,Worcester 009C,Bicycle theft,Investigation complete; no suspect identified,
332cff810d4004fe7d5192bf255b8083de7140352cb014cfc495d864de918774,2015-04,West Mercia Police,West Mercia Police,-2.243034,52.188034,On or near Happy Land West,E01032320,Worcester 009C,Violence and sexual offences,Defendant found not guilty,
1badee78b0fa08ab88769f9409ec50d7936cb50e66f11d3fa178a304d99fa499,2015-04,West Mercia Police,West Mercia Police,-2.241202,52.189962,On or near Mcintyre Road,E01032320,Worcester 009C,Violence and sexual offences,Offender given suspended prison sentence,
423c1d530e86b15f344625b7eaaa8ccbd758c60d9f5c5b7485031d0a3bcf976d,2015-04,West Mercia Police,West Mercia Police,-2.243034,52.188034,On or near Happy Land West,E01032320,Worcester 009C,Violence and sexual offences,Court result unavailable,
,2015-04,West Mercia Police,West Mercia Police,-2.250826,52.189825,On or near Sedge Close,E01032321,Worcester 009D,Anti-social behaviour,,
,2015-04,West Mercia Police,West Mercia Police,-2.254202,52.191750,On or near Grenville Road,E01032321,Worcester 009D,Anti-social behaviour,,
,2015-04,West Mercia Police,West Mercia Police,-2.249951,52.190312,On or near Greenacres Road,E01032321,Worcester 009D,Anti-social behaviour,,
,2015-04,West Mercia Police,West Mercia Police,-2.250826,52.189825,On or near Sedge Close,E01032321,Worcester 009D,Anti-social behaviour,,
246da95dadeff7c2260628d5b97a04142e8c18fff119df749f187eb8c934b5de,2015-04,West Mercia Police,West Mercia Police,-2.253393,52.191042,On or near Essex Close,E01032321,Worcester 009D,Burglary,Court result unavailable,
fc8c11ca0aee916021a281dd82af3e3ae7277b0829acc2a9c94586185099f222,2015-04,West Mercia Police,West Mercia Police,-2.249951,52.190312,On or near Greenacres Road,E01032321,Worcester 009D,Criminal damage and arson,Offender given community sentence,
ee3617b692f7aed061fb9b1aa7e1de20ad2f5e19063a102c26e71e44843dbd07,2015-04,West Mercia Police,West Mercia Police,-2.255823,52.188771,On or near Stainburn Close,E01032321,Worcester 009D,Criminal damage and arson,Investigation complete; no suspect identified,
a47876b65089ccfa2ac5936049bc266f17c0eea413e45325dc2414b5d77fb9b8,2015-04,West Mercia Police,West Mercia Police,-2.254202,52.191750,On or near Grenville Road,E01032321,Worcester 009D,Criminal damage and arson,Investigation complete; no suspect identified,
40bb0f39041a775924fedcf20e5cc15b40f4d4dd9d872b2ce585265f9ea94d25,2015-04,West Mercia Police,West Mercia Police,-2.254634,52.190689,On or near Raleigh Close,E01032321,Worcester 009D,Criminal damage and arson,Unable to prosecute suspect,
92b303b1ce0c8e3152b0a63b4fc558242dfd193642b58c206c82fe234dfe2b43,2015-04,West Mercia Police,West Mercia Police,-2.255823,52.188771,On or near Stainburn Close,E01032321,Worcester 009D,Other theft,Unable to prosecute suspect,
150ad70dea529b647beb33397abff46bf31075ce7a3557b480315ea8bd87e80c,2015-04,West Mercia Police,West Mercia Police,-2.254634,52.190689,On or near Raleigh Close,E01032321,Worcester 009D,Public order,Unable to prosecute suspect,
00e24344c678961fa8dac10cb54142fd4b7437f2adff414c337dbe4531631c01,2015-04,West Mercia Police,West Mercia Police,-2.253393,52.191042,On or near Essex Close,E01032321,Worcester 009D,Violence and sexual offences,Unable to prosecute suspect,
55931bc99c8c091ba28d060565235c40603787ffce7b02fa4a1854b3c4c8d87d,2015-04,West Mercia Police,West Mercia Police,-2.254634,52.190689,On or near Raleigh Close,E01032321,Worcester 009D,Violence and sexual offences,Unable to prosecute suspect,
,2015-04,West Mercia Police,West Mercia Police,-2.240015,52.186970,On or near Blakefield Road,E01032322,Worcester 009E,Anti-social behaviour,,
,2015-04,West Mercia Police,West Mercia Police,-2.231777,52.189171,On or near Pedestrian Subway,E01032322,Worcester 009E,Anti-social behaviour,,
,2015-04,West Mercia Police,West Mercia Police,-2.240015,52.186970,On or near Blakefield Road,E01032322,Worcester 009E,Anti-social behaviour,,
,2015-04,West Mercia Police,West Mercia Police,-2.237646,52.187119,On or near Graham Road,E01032322,Worcester 009E,Anti-social behaviour,,
,2015-04,West Mercia Police,West Mercia Police,-2.231777,52.189171,On or near Pedestrian Subway,E01032322,Worcester 009E,Anti-social behaviour,,
,2015-04,West Mercia Police,West Mercia Police,-2.240843,52.188614,On or near Knight Street,E01032322,Worcester 009E,Anti-social behaviour,,
,2015-04,West Mercia Police,West Mercia Police,-2.235812,52.188840,On or near Glebe Close,E01032322,Worcester 009E,Anti-social behaviour,,
ce4c49e2abefad73eac4e82fc7113f9eb12095d0bf91ee1360b90fbda8c8fad1,2015-04,West Mercia Police,West Mercia Police,-2.236743,52.187777,On or near Church Terrace,E01032322,Worcester 009E,Bicycle theft,Investigation complete; no suspect identified,
6786fd8cfe3738973b705c213c8b8f227caa1dd464296b9925a32825c1fdb79f,2015-04,West Mercia Police,West Mercia Police,-2.232209,52.190726,On or near St Clement'S Gardens,E01032322,Worcester 009E,Burglary,Investigation complete; no suspect identified,
ef6010eaa1416abad5a160873c5998c5cce51b5a4a84900a7bfd1f8286e99447,2015-04,West Mercia Police,West Mercia Police,-2.232947,52.189133,On or near Bush Walk,E01032322,Worcester 009E,Burglary,Investigation complete; no suspect identified,
0b9366da1bdd95a242203519350ef9fdde0dceee3ce0a5fd83e6998cbc3879d1,2015-04,West Mercia Police,West Mercia Police,-2.232209,52.190726,On or near St Clement'S Gardens,E01032322,Worcester 009E,Burglary,Investigation complete; no suspect identified,
d3049675246beaf7bbe35b37ea9f5a86d4442beeb577c2424951318b78fa39c4,2015-04,West Mercia Police,West Mercia Police,-2.234508,52.188411,On or near St John'S,E01032322,Worcester 009E,Burglary,Investigation complete; no suspect identified,
1692752fc110cbc9d55ea18d8a72136c1a1b842ad13d23a1ca5fa38aa3640f2e,2015-04,West Mercia Police,West Mercia Police,-2.231777,52.189171,On or near Pedestrian Subway,E01032322,Worcester 009E,Burglary,Investigation complete; no suspect identified,
c031e7740b700f884a29122d6eb98084a34f5c2f20bf7a6fce6a1fbdbe08408b,2015-04,West Mercia Police,West Mercia Police,-2.232209,52.190726,On or near St Clement'S Gardens,E01032322,Worcester 009E,Burglary,Investigation complete; no suspect identified,
7ba771c3be142b7ecd572d6a8c046de86519d5a36b69c8bbc59ca341bd4e575f,2015-04,West Mercia Police,West Mercia Police,-2.232209,52.190726,On or near St Clement'S Gardens,E01032322,Worcester 009E,Burglary,Investigation complete; no suspect identified,
d58c881073f9e97a716515724b28d111455c75dfa9fd6e3a76ed6dc8280724ac,2015-04,West Mercia Police,West Mercia Police,-2.235812,52.188840,On or near Glebe Close,E01032322,Worcester 009E,Criminal damage and arson,Offender given a caution,
15a91b30120e07a744bbaa3b82ea799da5b14f6985d39e9a375c2ccadef70add,2015-04,West Mercia Police,West Mercia Police,-2.232947,52.189133,On or near Bush Walk,E01032322,Worcester 009E,Criminal damage and arson,Investigation complete; no suspect identified,
a5acd38694f25b6c6c90ee7c9536048a9c42026e027d25cfdba107ad5abcea90,2015-04,West Mercia Police,West Mercia Police,-2.232540,52.189566,On or near St Clement'S Close,E01032322,Worcester 009E,Other theft,Investigation complete; no suspect identified,
10facf7ae57985cdabc5773604326e97a22b6857ef680cbf3ad24a1517c061a4,2015-04,West Mercia Police,West Mercia Police,-2.232209,52.190726,On or near St Clement'S Gardens,E01032322,Worcester 009E,Shoplifting,Investigation complete; no suspect identified,
670d869dbeea79c0b692bb0426ca41b2d0f126ae13f2f9b27e4f17078f48f87e,2015-04,West Mercia Police,West Mercia Police,-2.232947,52.189133,On or near Bush Walk,E01032322,Worcester 009E,Violence and sexual offences,Court case unable to proceed,
cd8d8433feb0dd01e3cbf3c6c1fa13204118bf30f1a77f66848f785d82b9b743,2015-04,West Mercia Police,West Mercia Police,-2.231777,52.189171,On or near Pedestrian Subway,E01032322,Worcester 009E,Violence and sexual offences,Unable to prosecute suspect,
c65741b69ab77be96bace93ff9578c83de19088507ebbd95f9b8a7096c7debd4,2015-04,West Mercia Police,West Mercia Police,-2.232947,52.189133,On or near Bush Walk,E01032322,Worcester 009E,Violence and sexual offences,Offender sent to prison,
a362bab1257bcc45200fe6efc99ef297637127d90fde318beef8ba4494a3bb48,2015-04,West Mercia Police,West Mercia Police,-2.228711,52.190391,On or near Nightclub,E01032322,Worcester 009E,Violence and sexual offences,Investigation complete; no suspect identified,
f2033d74eaf81bc158dbc05c129b1715f677e3d4e20a6718c1a9fecd61879030,2015-04,West Mercia Police,West Mercia Police,-2.232947,52.189133,On or near Bush Walk,E01032322,Worcester 009E,Violence and sexual offences,Court case unable to proceed,
2da9e10e39c89b83c6b6c1f6fd2a9001d264431c27facccfe8ff1f1850b2dc48,2015-04,West Mercia Police,West Mercia Police,-2.234508,52.188411,On or near St John'S,E01032322,Worcester 009E,Violence and sexual offences,Unable to prosecute suspect,
7aab568e5246e180aacccf1f13024331cb5f4e32d5218fa8841afe7018072ffd,2015-04,West Mercia Police,West Mercia Police,-2.234121,52.189895,On or near Henwick Road,E01032322,Worcester 009E,Violence and sexual offences,Investigation complete; no suspect identified,
e98e99a972f8d7d2cb659764a2be17dacafa0b6e287f2e9b3a4b45b99669c561,2015-04,West Mercia Police,West Mercia Police,-2.238462,52.189140,On or near Comer Road,E01032322,Worcester 009E,Violence and sexual offences,Unable to prosecute suspect,
,2015-04,West Mercia Police,West Mercia Police,-2.206148,52.192132,On or near Kennet Green,E01032305,Worcester 010A,Anti-social behaviour,,
,2015-04,West Mercia Police,West Mercia Police,-2.203057,52.194358,On or near Ronkswood Crescent,E01032305,Worcester 010A,Anti-social behaviour,,
,2015-04,West Mercia Police,West Mercia Police,-2.202468,52.193460,On or near Calder Road,E01032305,Worcester 010A,Anti-social behaviour,,
,2015-04,West Mercia Police,West Mercia Police,-2.197856,52.195913,On or near Don Road,E01032305,Worcester 010A,Anti-social behaviour,,
,2015-04,West Mercia Police,West Mercia Police,-2.201828,52.197633,On or near Lygon Walk,E01032305,Worcester 010A,Anti-social behaviour,,
,2015-04,West Mercia Police,West Mercia Police,-2.203508,52.197090,On or near Christchurch Road,E01032305,Worcester 010A,Anti-social behaviour,,
a5786ac4ed821c3ef05eb4f5fa4174fb143d4f5a5764bfffc8d03cc7690e01d3,2015-04,West Mercia Police,West Mercia Police,-2.201828,52.197633,On or near Lygon Walk,E01032305,Worcester 010A,Bicycle theft,Under investigation,
7b7ef76588c921b6021716c230d301a09ca403048ff19a1402d14aa19f6f9ffe,2015-04,West Mercia Police,West Mercia Police,-2.206923,52.195133,On or near Sherriff Street,E01032305,Worcester 010A,Criminal damage and arson,Investigation complete; no suspect identified,
bc5205f37ab5bbf9dce0e57e0127c450f5d3e99190365be80714f7df03be4670,2015-04,West Mercia Police,West Mercia Police,-2.202468,52.193460,On or near Calder Road,E01032305,Worcester 010A,Other theft,Unable to prosecute suspect,
da2a3253cc4be4076e5d5f1cdad7b4fc1d259415d68418a5c1e8b102b29f76c4,2015-04,West Mercia Police,West Mercia Police,-2.201828,52.197633,On or near Lygon Walk,E01032305,Worcester 010A,Public order,Under investigation,
87a9fb7e225c000c645a03bf95a0097bf2d69d26b2dbfe787569ded6390e2d03,2015-04,West Mercia Police,West Mercia Police,-2.201828,52.197633,On or near Lygon Walk,E01032305,Worcester 010A,Public order,Offender given community sentence,
37d3bfba0f4bfc6a3f1e06f2dd421aac56fbca333943ef7ae5c9708d65f7c792,2015-04,West Mercia Police,West Mercia Police,-2.203057,52.194358,On or near Ronkswood Crescent,E01032305,Worcester 010A,Shoplifting,Offender given a caution,
0ed5fa5ba0b2e3142daba85e105b30f52b418728670ed98609a0fca80a6e5674,2015-04,West Mercia Police,West Mercia Police,-2.203057,52.194358,On or near Ronkswood Crescent,E01032305,Worcester 010A,Theft from the person,Investigation complete; no suspect identified,
22f1c144b61e67aaaa6bbe255c7f4c84801e1161970ef6b4c671fba8b5035130,2015-04,West Mercia Police,West Mercia Police,-2.201828,52.197633,On or near Lygon Walk,E01032305,Worcester 010A,Violence and sexual offences,Unable to prosecute suspect,
,2015-04,West Mercia Police,West Mercia Police,-2.192826,52.193314,On or near St Albans Close,E01032306,Worcester 010B,Anti-social behaviour,,
,2015-04,West Mercia Police,West Mercia Police,-2.201775,52.192265,On or near Medway Road,E01032306,Worcester 010B,Anti-social behaviour,,
,2015-04,West Mercia Police,West Mercia Police,-2.201838,52.190189,On or near Tyne Close,E01032306,Worcester 010B,Anti-social behaviour,,
,2015-04,West Mercia Police,West Mercia Police,-2.192826,52.193314,On or near St Albans Close,E01032306,Worcester 010B,Anti-social behaviour,,
,2015-04,West Mercia Police,West Mercia Police,-2.194168,52.192476,On or near Peterborough Close,E01032306,Worcester 010B,Anti-social behaviour,,
,2015-04,West Mercia Police,West Mercia Police,-2.192826,52.193314,On or near St Albans Close,E01032306,Worcester 010B,Anti-social behaviour,,
,2015-04,West Mercia Police,West Mercia Police,-2.192826,52.193314,On or near St Albans Close,E01032306,Worcester 010B,Anti-social behaviour,,
a51b39faf3bd75c63d323c3362cc90396d4e88a8349bc8a67b55ae4263a637cc,2015-04,West Mercia Police,West Mercia Police,-2.200908,52.191566,On or near Hamble Close,E01032306,Worcester 010B,Burglary,Investigation complete; no suspect identified,
7fdd28f9770efbd44e6bc841c48f6cfc4164f0beb0588f336e453c5339b2e859,2015-04,West Mercia Police,West Mercia Police,-2.192826,52.193314,On or near St Albans Close,E01032306,Worcester 010B,Criminal damage and arson,Investigation complete; no suspect identified,
08dd2c27dea992ab9bba25f3cfd1aa3a21d714569795fbf924af79e4fc63094a,2015-04,West Mercia Police,West Mercia Police,-2.198563,52.193835,On or near Solent Road,E01032306,Worcester 010B,Criminal damage and arson,Investigation complete; no suspect identified,
b7806477e5d9ed1fad731aa3757a874ac88bd03d91b89b52ea19e2a27ab824c4,2015-04,West Mercia Police,West Mercia Police,-2.198268,52.193152,On or near Dart Road,E01032306,Worcester 010B,Criminal damage and arson,Investigation complete; no suspect identified,
91035b0c5ccaf7137863e4403d2958039edd886e1ceb8c2790a99e6286b21663,2015-04,West Mercia Police,West Mercia Police,-2.199527,52.193366,On or near Humber Road,E01032306,Worcester 010B,Other theft,Offender given a caution,
7befab4f83c8aa9cf32569b20e512aa94f3e89730b7e75ec8a83167e93ede883,2015-04,West Mercia Police,West Mercia Police,-2.199527,52.193366,On or near Humber Road,E01032306,Worcester 010B,Violence and sexual offences,Unable to prosecute suspect,
b1dec9c511e0ba0006fa8b4fa968d661e389f7ab51faf514f0a17fff60948b27,2015-04,West Mercia Police,West Mercia Police,-2.203746,52.191588,On or near Thames Close,E01032306,Worcester 010B,Violence and sexual offences,Unable to prosecute suspect,
e3becf87d0b0a8a02cfcaaa7fefe3ed71d9ef3b5d7f735f76945064aba71122e,2015-04,West Mercia Police,West Mercia Police,-2.198268,52.193152,On or near Dart Road,E01032306,Worcester 010B,Violence and sexual offences,Court result unavailable,
,2015-04,West Mercia Police,West Mercia Police,-2.190304,52.191934,On or near Lichfield Avenue,E01032307,Worcester 010C,Anti-social behaviour,,
,2015-04,West Mercia Police,West Mercia Police,-2.190304,52.191934,On or near Lichfield Avenue,E01032307,Worcester 010C,Anti-social behaviour,,
,2015-04,West Mercia Police,West Mercia Police,-2.193146,52.189547,On or near Wakefield Close,E01032307,Worcester 010C,Anti-social behaviour,,
,2015-04,West Mercia Police,West Mercia Police,-2.189535,52.193329,On or near Durham Road,E01032307,Worcester 010C,Anti-social behaviour,,
,2015-04,West Mercia Police,West Mercia Police,-2.189535,52.193329,On or near Durham Road,E01032307,Worcester 010C,Anti-social behaviour,,
,2015-04,West Mercia Police,West Mercia Police,-2.192950,52.191417,On or near Norwich Road,E01032307,Worcester 010C,Anti-social behaviour,,
,2015-04,West Mercia Police,West Mercia Police,-2.192027,52.191122,On or near Westminster Road,E01032307,Worcester 010C,Anti-social behaviour,,
,2015-04,West Mercia Police,West Mercia Police,-2.189693,52.192609,On or near Wells Road,E01032307,Worcester 010C,Anti-social behaviour,,
,2015-04,West Mercia Police,West Mercia Police,-2.188544,52.190777,On or near Carlisle Road,E01032307,Worcester 010C,Anti-social behaviour,,
,2015-04,West Mercia Police,West Mercia Police,-2.188544,52.190777,On or near Carlisle Road,E01032307,Worcester 010C,Anti-social behaviour,,
,2015-04,West Mercia Police,West Mercia Police,-2.192950,52.191417,On or near Norwich Road,E01032307,Worcester 010C,Anti-social behaviour,,
,2015-04,West Mercia Police,West Mercia Police,-2.186430,52.192614,On or near Linksview Crescent,E01032307,Worcester 010C,Anti-social behaviour,,
,2015-04,West Mercia Police,West Mercia Police,-2.184252,52.192843,On or near Hospital,E01032307,Worcester 010C,Anti-social behaviour,,
,2015-04,West Mercia Police,West Mercia Police,-2.193146,52.189547,On or near Wakefield Close,E01032307,Worcester 010C,Anti-social behaviour,,
,2015-04,West Mercia Police,West Mercia Police,-2.192950,52.191417,On or near Norwich Road,E01032307,Worcester 010C,Anti-social behaviour,,
8f5c158a817a7784d7b6ce4f213eaf5fa8defea813fd774f08cee47a53484a2e,2015-04,West Mercia Police,West Mercia Police,-2.192950,52.191417,On or near Norwich Road,E01032307,Worcester 010C,Criminal damage and arson,Investigation complete; no suspect identified,
433e9bb1afcbedf0999e653ce0340bee900ff8341e3b4f34244c036e3db58861,2015-04,West Mercia Police,West Mercia Police,-2.189693,52.192609,On or near Wells Road,E01032307,Worcester 010C,Criminal damage and arson,Investigation complete; no suspect identified,
da37ec7d2935cf894934135546da74fb77f644a3adc4e26a27159a51b2366f60,2015-04,West Mercia Police,West Mercia Police,-2.193146,52.189547,On or near Wakefield Close,E01032307,Worcester 010C,Criminal damage and arson,Court result unavailable,
6ba4125c8d06ccb1a8eea9c7beb1cb51ab734d0088f2fba7a6c179aab4f7e46b,2015-04,West Mercia Police,West Mercia Police,-2.190395,52.192671,On or near Supermarket,E01032307,Worcester 010C,Drugs,Offender deprived of property,
95d026c68df722a5ab0c48f5c9acc694cc4cff67b828a5fae927900cbeea31e2,2015-04,West Mercia Police,West Mercia Police,-2.190395,52.192671,On or near Supermarket,E01032307,Worcester 010C,Shoplifting,Investigation complete; no suspect identified,
6b0b95ddd72d074c3622374d16613ee7c8846ae82ce56990a3520c6b3f104fa1,2015-04,West Mercia Police,West Mercia Police,-2.190395,52.192671,On or near Supermarket,E01032307,Worcester 010C,Shoplifting,Offender sent to prison,
a452f01559f7df8f47843b5d4da131c8a8b4f9a988ad21da308dc01a0cfb8da8,2015-04,West Mercia Police,West Mercia Police,-2.190395,52.192671,On or near Supermarket,E01032307,Worcester 010C,Shoplifting,Investigation complete; no suspect identified,
b1aa0ab1dcdb7f756a093df8cc205761971110c01d8e2486b32649cd41073b6c,2015-04,West Mercia Police,West Mercia Police,-2.184252,52.192843,On or near Hospital,E01032307,Worcester 010C,Violence and sexual offences,Unable to prosecute suspect,
ba00c445e7125243901cf45fd37f6a33ad2404f1aa2e897b32a82d0c32333cf0,2015-04,West Mercia Police,West Mercia Police,-2.192027,52.191122,On or near Westminster Road,E01032307,Worcester 010C,Violence and sexual offences,Unable to prosecute suspect,
e6a272025bc576d868b8404bd6a4b8607cfa14d3b17d15b6c8a36341cb477dde,2015-04,West Mercia Police,West Mercia Police,-2.184252,52.192843,On or near Hospital,E01032307,Worcester 010C,Violence and sexual offences,Unable to prosecute suspect,
9b832ce3ae025fdcc59d7f0174a8039c6e91e153bc8d93b6d0c5a85f5cf0ea78,2015-04,West Mercia Police,West Mercia Police,-2.188544,52.190777,On or near Carlisle Road,E01032307,Worcester 010C,Violence and sexual offences,Unable to prosecute suspect,
d0b0a18c47dee2751e4e75e0189d492f16c12b63d806cfe5b32977277eb47acb,2015-04,West Mercia Police,West Mercia Police,-2.190395,52.192671,On or near Supermarket,E01032307,Worcester 010C,Violence and sexual offences,Local resolution,
c0e0b028a945019015e6faaf7d568d1ec0e9201e11196f956ba800e28df3de13,2015-04,West Mercia Police,West Mercia Police,-2.193146,52.189547,On or near Wakefield Close,E01032307,Worcester 010C,Violence and sexual offences,Investigation complete; no suspect identified,
5dcf949e08b7cedc455dc7ab0f0ae8122059786c03d25c2034ac6e9739c7b93b,2015-04,West Mercia Police,West Mercia Police,-2.192027,52.191122,On or near Westminster Road,E01032307,Worcester 010C,Violence and sexual offences,Unable to prosecute suspect,
4a138ae213ca1d16486c764e44df0c464c91aab96ce295d695fba3d98afa7600,2015-04,West Mercia Police,West Mercia Police,-2.184252,52.192843,On or near Hospital,E01032307,Worcester 010C,Violence and sexual offences,Unable to prosecute suspect,
,2015-04,West Mercia Police,West Mercia Police,-2.184733,52.185542,On or near Park/Open Space,E01032309,Worcester 010D,Anti-social behaviour,,
,2015-04,West Mercia Police,West Mercia Police,-2.181158,52.191193,On or near Hospital,E01032309,Worcester 010D,Anti-social behaviour,,
,2015-04,West Mercia Police,West Mercia Police,-2.181158,52.191193,On or near Hospital,E01032309,Worcester 010D,Anti-social behaviour,,
,2015-04,West Mercia Police,West Mercia Police,-2.191609,52.189154,On or near Portsmouth Close,E01032309,Worcester 010D,Anti-social behaviour,,
,2015-04,West Mercia Police,West Mercia Police,-2.181158,52.191193,On or near Hospital,E01032309,Worcester 010D,Anti-social behaviour,,
,2015-04,West Mercia Police,West Mercia Police,-2.181158,52.191193,On or near Hospital,E01032309,Worcester 010D,Anti-social behaviour,,
,2015-04,West Mercia Police,West Mercia Police,-2.181158,52.191193,On or near Hospital,E01032309,Worcester 010D,Anti-social behaviour,,
,2015-04,West Mercia Police,West Mercia Police,-2.191609,52.189154,On or near Portsmouth Close,E01032309,Worcester 010D,Anti-social behaviour,,
,2015-04,West Mercia Police,West Mercia Police,-2.181158,52.191193,On or near Hospital,E01032309,Worcester 010D,Anti-social behaviour,,
08f20629f736065d0dfd4ea51308be5042b4ee4ff261eb64abbc284528a81ddb,2015-04,West Mercia Police,West Mercia Police,-2.181158,52.191193,On or near Hospital,E01032309,Worcester 010D,Bicycle theft,Investigation complete; no suspect identified,
da7bfb731faa692bcfc441be720a17e9c91d944dc1cc0e35842e840977a485ef,2015-04,West Mercia Police,West Mercia Police,-2.181158,52.191193,On or near Hospital,E01032309,Worcester 010D,Other theft,Investigation complete; no suspect identified,
2b40835306bfe63e4e696993be299150edd8aa5e90b29fe29d5c98a6eaf121e3,2015-04,West Mercia Police,West Mercia Police,-2.184733,52.185542,On or near Park/Open Space,E01032309,Worcester 010D,Vehicle crime,Investigation complete; no suspect identified,
34c5059cb6e32a578ec908198e8e18461937b61e2f0b49d835868c5b3cadf9ea,2015-04,West Mercia Police,West Mercia Police,-2.181158,52.191193,On or near Hospital,E01032309,Worcester 010D,Violence and sexual offences,Unable to prosecute suspect,
203ab68274461fabb865c07b0ce3e88f6a878384a945568a431576c39c5a03c8,2015-04,West Mercia Police,West Mercia Police,-2.181158,52.191193,On or near Hospital,E01032309,Worcester 010D,Violence and sexual offences,Unable to prosecute suspect,
,2015-04,West Mercia Police,West Mercia Police,-2.214299,52.183666,On or near St Dunstan'S Crescent,E01032285,Worcester 011A,Anti-social behaviour,,
,2015-04,West Mercia Police,West Mercia Police,-2.208703,52.184854,On or near Elmfield Gardens,E01032285,Worcester 011A,Anti-social behaviour,,
e5a7df382997e865f7e318cb5e21a7a893e6d6507a0e0db03bc242196a42fd11,2015-04,West Mercia Police,West Mercia Police,-2.213575,52.181996,On or near St Dunstan'S Close,E01032285,Worcester 011A,Burglary,Investigation complete; no suspect identified,
0e5588cd2af1ed91858d6dc9b4e80cb5959534d44084087f578dd6dd69f3a500,2015-04,West Mercia Police,West Mercia Police,-2.214163,52.185672,On or near Green Hill Place,E01032285,Worcester 011A,Burglary,Investigation complete; no suspect identified,
5869a7d6f4c693be8fee8e13d58d3838f6dfb4adfc0b68f095490203a939b2a2,2015-04,West Mercia Police,West Mercia Police,-2.210808,52.184644,On or near Athelstan Road,E01032285,Worcester 011A,Criminal damage and arson,Defendant found not guilty,
b43b2de6c019602a2667a74dcd3be603d5d84a790d527e2b1f89251a0a05bf4b,2015-04,West Mercia Police,West Mercia Police,-2.214163,52.185672,On or near Green Hill Place,E01032285,Worcester 011A,Drugs,Offender given a caution,
f4d274d399bb087925f5b4e209708e40844e25496ab8bd5526e5017ce721b8c4,2015-04,West Mercia Police,West Mercia Police,-2.214163,52.185672,On or near Green Hill Place,E01032285,Worcester 011A,Drugs,Unable to prosecute suspect,
0fc66d88d21a580d4fbc3464f59c836988683a4b3728a1002a43dad077c33104,2015-04,West Mercia Police,West Mercia Police,-2.214163,52.185672,On or near Green Hill Place,E01032285,Worcester 011A,Drugs,Offender given a caution,
7bd61d3e07858fe21002675ad0b5cdde0d3caf3b72e096b7f6ce9579777290eb,2015-04,West Mercia Police,West Mercia Police,-2.213241,52.185592,On or near Battenhall Place,E01032285,Worcester 011A,Violence and sexual offences,Unable to prosecute suspect,
,2015-04,West Mercia Police,West Mercia Police,-2.208846,52.193530,On or near Newtown Road,E01032292,Worcester 011B,Anti-social behaviour,,
,2015-04,West Mercia Police,West Mercia Police,-2.208534,52.189332,On or near Compton Road,E01032292,Worcester 011B,Anti-social behaviour,,
,2015-04,West Mercia Police,West Mercia Police,-2.210954,52.190649,On or near Stanley Road,E01032292,Worcester 011B,Anti-social behaviour,,
,2015-04,West Mercia Police,West Mercia Police,-2.208846,52.193530,On or near Newtown Road,E01032292,Worcester 011B,Anti-social behaviour,,
,2015-04,West Mercia Police,West Mercia Police,-2.210571,52.193248,On or near Byfield Rise,E01032292,Worcester 011B,Anti-social behaviour,,
,2015-04,West Mercia Police,West Mercia Police,-2.210571,52.193248,On or near Byfield Rise,E01032292,Worcester 011B,Anti-social behaviour,,
,2015-04,West Mercia Police,West Mercia Police,-2.208846,52.193530,On or near Newtown Road,E01032292,Worcester 011B,Anti-social behaviour,,
,2015-04,West Mercia Police,West Mercia Police,-2.214007,52.192891,On or near George Street,E01032292,Worcester 011B,Anti-social behaviour,,
,2015-04,West Mercia Police,West Mercia Police,-2.208534,52.189332,On or near Compton Road,E01032292,Worcester 011B,Anti-social behaviour,,
,2015-04,West Mercia Police,West Mercia Police,-2.212936,52.192192,On or near Spring Lane,E01032292,Worcester 011B,Anti-social behaviour,,
,2015-04,West Mercia Police,West Mercia Police,-2.208846,52.193530,On or near Newtown Road,E01032292,Worcester 011B,Anti-social behaviour,,
,2015-04,West Mercia Police,West Mercia Police,-2.210571,52.193248,On or near Byfield Rise,E01032292,Worcester 011B,Anti-social behaviour,,
,2015-04,West Mercia Police,West Mercia Police,-2.212405,52.194333,On or near Cromwell Street,E01032292,Worcester 011B,Anti-social behaviour,,
,2015-04,West Mercia Police,West Mercia Police,-2.210571,52.193248,On or near Byfield Rise,E01032292,Worcester 011B,Anti-social behaviour,,
,2015-04,West Mercia Police,West Mercia Police,-2.210954,52.190649,On or near Stanley Road,E01032292,Worcester 011B,Anti-social behaviour,,
,2015-04,West Mercia Police,West Mercia Police,-2.210571,52.193248,On or near Byfield Rise,E01032292,Worcester 011B,Anti-social behaviour,,
936417a73ea3312c30f475d17b9da96456429ce2d30dfa777302e03d7d41c49d,2015-04,West Mercia Police,West Mercia Police,-2.214007,52.192891,On or near George Street,E01032292,Worcester 011B,Bicycle theft,Investigation complete; no suspect identified,
eee0aca64d8fa6919bc30cad5943679ad34ab09d7fd01257b175094e20ccfdcd,2015-04,West Mercia Police,West Mercia Police,-2.210571,52.193248,On or near Byfield Rise,E01032292,Worcester 011B,Criminal damage and arson,Investigation complete; no suspect identified,
f63359c1ad2f15f968745cbdfdd2693d031bea656dd629bcaafbda165f3b8f57,2015-04,West Mercia Police,West Mercia Police,-2.211878,52.188148,On or near St Wulstan'S Crescent,E01032292,Worcester 011B,Criminal damage and arson,Unable to prosecute suspect,
faa4cefd15e30ebec185f80787015cb08a04d95b5ed4ce43980ee7e8b64cc1c1,2015-04,West Mercia Police,West Mercia Police,-2.211275,52.193597,On or near Tallow Hill,E01032292,Worcester 011B,Criminal damage and arson,Investigation complete; no suspect identified,
fe57193af39872a781e471057f2b744ce0eb35ebcc254813cf2513e00885e03f,2015-04,West Mercia Police,West Mercia Police,-2.210954,52.190649,On or near Stanley Road,E01032292,Worcester 011B,Criminal damage and arson,Offender given a caution,
6d71c6a41699f247276187b7880d5c3321b3e054426500882ae7701652d98581,2015-04,West Mercia Police,West Mercia Police,-2.210954,52.190649,On or near Stanley Road,E01032292,Worcester 011B,Criminal damage and arson,Court case unable to proceed,
cf54ee0e50307edf49c5e3491fece3975f6accdb4d6af4604b075796c951287a,2015-04,West Mercia Police,West Mercia Police,-2.210571,52.193248,On or near Byfield Rise,E01032292,Worcester 011B,Drugs,Offender given conditional discharge,
6fe369191bc127bfaf8bd7f70ee5cd44453865fce23f9ac8666abd5980d74560,2015-04,West Mercia Police,West Mercia Police,-2.208846,52.193530,On or near Newtown Road,E01032292,Worcester 011B,Public order,Court result unavailable,
fbf32da9fcefa04d9f40a6d58481ff6eb3ebc30e67f754c6693941fb1a6ac1dd,2015-04,West Mercia Police,West Mercia Police,-2.212405,52.194333,On or near Cromwell Street,E01032292,Worcester 011B,Shoplifting,Investigation complete; no suspect identified,
dee415d937c46047ec5a9b685c312f697b0c0b1a3a178ceff21913c2ec7c1379,2015-04,West Mercia Police,West Mercia Police,-2.214007,52.192891,On or near George Street,E01032292,Worcester 011B,Shoplifting,Investigation complete; no suspect identified,
b2b1cdc067b345d5924288cf2e47c420d789ccf82b3b0b7cfd48f0b123188ae4,2015-04,West Mercia Police,West Mercia Police,-2.212405,52.194333,On or near Cromwell Street,E01032292,Worcester 011B,Shoplifting,Investigation complete; no suspect identified,
fe966c5dfbdcb6e1d14c5e4afd8611d0e3f56b60e17240d7c7e1ecc45e2932c6,2015-04,West Mercia Police,West Mercia Police,-2.214007,52.192891,On or near George Street,E01032292,Worcester 011B,Shoplifting,Unable to prosecute suspect,
2f507d85a720aa649d13676e05f2b6aa7e9976ae645fcbeac5aaa5fe4ca71401,2015-04,West Mercia Police,West Mercia Police,-2.210021,52.194544,On or near Parking Area,E01032292,Worcester 011B,Theft from the person,Investigation complete; no suspect identified,
2cd809b9bac0e8fd122a46a4fa0388f18ddb5ebfed6f9862cfbd55bcba068ad1,2015-04,West Mercia Police,West Mercia Police,-2.210954,52.190649,On or near Stanley Road,E01032292,Worcester 011B,Violence and sexual offences,Unable to prosecute suspect,
c651f914c6ca3439888a60103d5497372ec4a9da2128237ed567be0ae0c64a66,2015-04,West Mercia Police,West Mercia Police,-2.208846,52.193530,On or near Newtown Road,E01032292,Worcester 011B,Violence and sexual offences,Investigation complete; no suspect identified,
,2015-04,West Mercia Police,West Mercia Police,-2.203476,52.186913,On or near Perry Wood Walk,E01032294,Worcester 011D,Anti-social behaviour,,
,2015-04,West Mercia Police,West Mercia Police,-2.208209,52.185574,On or near St Catherine'S Hill,E01032294,Worcester 011D,Anti-social behaviour,,
,2015-04,West Mercia Police,West Mercia Police,-2.212760,52.186052,On or near Victoria Place,E01032294,Worcester 011D,Anti-social behaviour,,
3715b243a458921cc322b6794f21c11b4d7b73bc6200026458330ff0b7699a6e,2015-04,West Mercia Police,West Mercia Police,-2.203476,52.186913,On or near Perry Wood Walk,E01032294,Worcester 011D,Violence and sexual offences,Under investigation,
fe7c59b2dc30e21e957cfdee8cc43da69963aac6da604e60afaeaa10381a4d90,2015-04,West Mercia Police,West Mercia Police,-2.213608,52.188873,On or near Wyld'S Lane,E01032294,Worcester 011D,Violence and sexual offences,Unable to prosecute suspect,
,2015-04,West Mercia Police,West Mercia Police,-2.220375,52.193626,On or near Nightclub,E01033248,Worcester 011E,Anti-social behaviour,,
,2015-04,West Mercia Police,West Mercia Police,-2.215528,52.195765,On or near Lowesmoor Terrace,E01033248,Worcester 011E,Anti-social behaviour,,
,2015-04,West Mercia Police,West Mercia Police,-2.218173,52.195158,On or near Sansome Place,E01033248,Worcester 011E,Anti-social behaviour,,
,2015-04,West Mercia Police,West Mercia Police,-2.218173,52.195158,On or near Sansome Place,E01033248,Worcester 011E,Anti-social behaviour,,
,2015-04,West Mercia Police,West Mercia Police,-2.220353,52.192196,On or near Shopping Area,E01033248,Worcester 011E,Anti-social behaviour,,
,2015-04,West Mercia Police,West Mercia Police,-2.218173,52.195158,On or near Sansome Place,E01033248,Worcester 011E,Anti-social behaviour,,
,2015-04,West Mercia Police,West Mercia Police,-2.220488,52.192834,On or near St Swithin'S Street,E01033248,Worcester 011E,Anti-social behaviour,,
,2015-04,West Mercia Police,West Mercia Police,-2.217760,52.194512,On or near Lowesmoor,E01033248,Worcester 011E,Anti-social behaviour,,
,2015-04,West Mercia Police,West Mercia Police,-2.216685,52.192976,On or near Shopping Area,E01033248,Worcester 011E,Anti-social behaviour,,
,2015-04,West Mercia Police,West Mercia Police,-2.217760,52.194512,On or near Lowesmoor,E01033248,Worcester 011E,Anti-social behaviour,,
,2015-04,West Mercia Police,West Mercia Police,-2.220375,52.193626,On or near Nightclub,E01033248,Worcester 011E,Anti-social behaviour,,
,2015-04,West Mercia Police,West Mercia Police,-2.218173,52.195158,On or near Sansome Place,E01033248,Worcester 011E,Anti-social behaviour,,
,2015-04,West Mercia Police,West Mercia Police,-2.218173,52.195158,On or near Sansome Place,E01033248,Worcester 011E,Anti-social behaviour,,
,2015-04,West Mercia Police,West Mercia Police,-2.221251,52.193327,On or near The Cross,E01033248,Worcester 011E,Anti-social behaviour,,
,2015-04,West Mercia Police,West Mercia Police,-2.219346,52.189816,On or near Supermarket,E01033248,Worcester 011E,Anti-social behaviour,,
,2015-04,West Mercia Police,West Mercia Police,-2.220375,52.193626,On or near Nightclub,E01033248,Worcester 011E,Anti-social behaviour,,
,2015-04,West Mercia Police,West Mercia Police,-2.217760,52.194512,On or near Lowesmoor,E01033248,Worcester 011E,Anti-social behaviour,,
,2015-04,West Mercia Police,West Mercia Police,-2.215159,52.192008,On or near St Paul'S Street,E01033248,Worcester 011E,Anti-social behaviour,,
,2015-04,West Mercia Police,West Mercia Police,-2.220375,52.193626,On or near Nightclub,E01033248,Worcester 011E,Anti-social behaviour,,
,2015-04,West Mercia Police,West Mercia Police,-2.214474,52.192594,On or near James Close,E01033248,Worcester 011E,Anti-social behaviour,,
,2015-04,West Mercia Police,West Mercia Police,-2.216685,52.192976,On or near Shopping Area,E01033248,Worcester 011E,Anti-social behaviour,,
,2015-04,West Mercia Police,West Mercia Police,-2.218173,52.195158,On or near Sansome Place,E01033248,Worcester 011E,Anti-social behaviour,,
,2015-04,West Mercia Police,West Mercia Police,-2.218173,52.195158,On or near Sansome Place,E01033248,Worcester 011E,Anti-social behaviour,,
,2015-04,West Mercia Police,West Mercia Police,-2.218640,52.191840,On or near New Street,E01033248,Worcester 011E,Anti-social behaviour,,
,2015-04,West Mercia Police,West Mercia Police,-2.219346,52.189816,On or near Supermarket,E01033248,Worcester 011E,Anti-social behaviour,,
,2015-04,West Mercia Police,West Mercia Police,-2.218173,52.195158,On or near Sansome Place,E01033248,Worcester 011E,Anti-social behaviour,,
,2015-04,West Mercia Police,West Mercia Police,-2.220375,52.193626,On or near Nightclub,E01033248,Worcester 011E,Anti-social behaviour,,
,2015-04,West Mercia Police,West Mercia Police,-2.218173,52.195158,On or near Sansome Place,E01033248,Worcester 011E,Anti-social behaviour,,
,2015-04,West Mercia Police,West Mercia Police,-2.220375,52.193626,On or near Nightclub,E01033248,Worcester 011E,Anti-social behaviour,,
,2015-04,West Mercia Police,West Mercia Police,-2.216685,52.192976,On or near Shopping Area,E01033248,Worcester 011E,Anti-social behaviour,,
,2015-04,West Mercia Police,West Mercia Police,-2.221251,52.193327,On or near The Cross,E01033248,Worcester 011E,Anti-social behaviour,,
,2015-04,West Mercia Police,West Mercia Police,-2.216685,52.192976,On or near Shopping Area,E01033248,Worcester 011E,Anti-social behaviour,,
,2015-04,West Mercia Police,West Mercia Police,-2.216012,52.189984,On or near Carden Close,E01033248,Worcester 011E,Anti-social behaviour,,
,2015-04,West Mercia Police,West Mercia Police,-2.217760,52.194512,On or near Lowesmoor,E01033248,Worcester 011E,Anti-social behaviour,,
,2015-04,West Mercia Police,West Mercia Police,-2.219480,52.193169,On or near The Trinity,E01033248,Worcester 011E,Anti-social behaviour,,
,2015-04,West Mercia Police,West Mercia Police,-2.215159,52.192008,On or near St Paul'S Street,E01033248,Worcester 011E,Anti-social behaviour,,
,2015-04,West Mercia Police,West Mercia Police,-2.218702,52.195589,On or near Lion Court,E01033248,Worcester 011E,Anti-social behaviour,,
,2015-04,West Mercia Police,West Mercia Police,-2.220353,52.192196,On or near Shopping Area,E01033248,Worcester 011E,Anti-social behaviour,,
,2015-04,West Mercia Police,West Mercia Police,-2.215314,52.196881,On or near Westbury Street,E01033248,Worcester 011E,Anti-social behaviour,,
,2015-04,West Mercia Police,West Mercia Police,-2.217760,52.194512,On or near Lowesmoor,E01033248,Worcester 011E,Anti-social behaviour,,
,2015-04,West Mercia Police,West Mercia Police,-2.218173,52.195158,On or near Sansome Place,E01033248,Worcester 011E,Anti-social behaviour,,
,2015-04,West Mercia Police,West Mercia Police,-2.214205,52.194509,On or near Bus/Coach Station,E01033248,Worcester 011E,Anti-social behaviour,,
,2015-04,West Mercia Police,West Mercia Police,-2.220344,52.190362,On or near High Street,E01033248,Worcester 011E,Anti-social behaviour,,
,2015-04,West Mercia Police,West Mercia Police,-2.218264,52.192892,On or near Corn Market,E01033248,Worcester 011E,Anti-social behaviour,,
,2015-04,West Mercia Police,West Mercia Police,-2.218264,52.192892,On or near Corn Market,E01033248,Worcester 011E,Anti-social behaviour,,
,2015-04,West Mercia Police,West Mercia Police,-2.220116,52.191684,On or near Shopping Area,E01033248,Worcester 011E,Anti-social behaviour,,
,2015-04,West Mercia Police,West Mercia Police,-2.220353,52.192196,On or near Shopping Area,E01033248,Worcester 011E,Anti-social behaviour,,
,2015-04,West Mercia Police,West Mercia Police,-2.220353,52.192196,On or near Shopping Area,E01033248,Worcester 011E,Anti-social behaviour,,
,2015-04,West Mercia Police,West Mercia Police,-2.218640,52.191840,On or near New Street,E01033248,Worcester 011E,Anti-social behaviour,,
,2015-04,West Mercia Police,West Mercia Police,-2.218640,52.191840,On or near New Street,E01033248,Worcester 011E,Anti-social behaviour,,
,2015-04,West Mercia Police,West Mercia Police,-2.215740,52.191225,On or near Providence Street,E01033248,Worcester 011E,Anti-social behaviour,,
,2015-04,West Mercia Police,West Mercia Police,-2.220353,52.192196,On or near Shopping Area,E01033248,Worcester 011E,Anti-social behaviour,,
,2015-04,West Mercia Police,West Mercia Police,-2.217760,52.194512,On or near Lowesmoor,E01033248,Worcester 011E,Anti-social behaviour,,
,2015-04,West Mercia Police,West Mercia Police,-2.218173,52.195158,On or near Sansome Place,E01033248,Worcester 011E,Anti-social behaviour,,
,2015-04,West Mercia Police,West Mercia Police,-2.220375,52.193626,On or near Nightclub,E01033248,Worcester 011E,Anti-social behaviour,,
,2015-04,West Mercia Police,West Mercia Police,-2.215412,52.192871,On or near George Street,E01033248,Worcester 011E,Anti-social behaviour,,
,2015-04,West Mercia Police,West Mercia Police,-2.220375,52.193626,On or near Nightclub,E01033248,Worcester 011E,Anti-social behaviour,,
,2015-04,West Mercia Police,West Mercia Police,-2.217760,52.194512,On or near Lowesmoor,E01033248,Worcester 011E,Anti-social behaviour,,
,2015-04,West Mercia Police,West Mercia Police,-2.214474,52.192594,On or near James Close,E01033248,Worcester 011E,Anti-social behaviour,,
,2015-04,West Mercia Police,West Mercia Police,-2.218173,52.195158,On or near Sansome Place,E01033248,Worcester 011E,Anti-social behaviour,,
,2015-04,West Mercia Police,West Mercia Police,-2.217760,52.194512,On or near Lowesmoor,E01033248,Worcester 011E,Anti-social behaviour,,
,2015-04,West Mercia Police,West Mercia Police,-2.220375,52.193626,On or near Nightclub,E01033248,Worcester 011E,Anti-social behaviour,,
,2015-04,West Mercia Police,West Mercia Police,-2.217700,52.191086,On or near City Walls Road,E01033248,Worcester 011E,Anti-social behaviour,,
bf166769fde9d85e99276c935982e92a16f61e1a8466cb9c760a6c4c72b2c75a,2015-04,West Mercia Police,West Mercia Police,-2.221251,52.193327,On or near The Cross,E01033248,Worcester 011E,Bicycle theft,Investigation complete; no suspect identified,
b3049e0b658f7f3caef77ae5e3122ff42ff4cee8c133a32133bc4ad485dfee41,2015-04,West Mercia Police,West Mercia Police,-2.218264,52.192892,On or near Corn Market,E01033248,Worcester 011E,Bicycle theft,Investigation complete; no suspect identified,
03f470ecf2f81b7e2be7509e1ae069476b380a4a328c4b41fa0d54d2ebf50179,2015-04,West Mercia Police,West Mercia Police,-2.218732,52.189727,On or near Friar Street,E01033248,Worcester 011E,Bicycle theft,Investigation complete; no suspect identified,
6c1cda3f719e1f4165d63c7d2132ab683a20bea497af6c6a77310e809958a313,2015-04,West Mercia Police,West Mercia Police,-2.215159,52.192008,On or near St Paul'S Street,E01033248,Worcester 011E,Bicycle theft,Investigation complete; no suspect identified,
258ae37b61745486b8aafa67a2e91d9ca3ab838b4dafa91e64a6dbc5a9813ecb,2015-04,West Mercia Police,West Mercia Police,-2.221251,52.193327,On or near The Cross,E01033248,Worcester 011E,Bicycle theft,Investigation complete; no suspect identified,
03d890c06c63602ae854adb89ed8dc40bd5d2433fc8c59b0d76cc79bfcce8aa2,2015-04,West Mercia Police,West Mercia Police,-2.216066,52.195090,On or near Lowesmoor Terrace,E01033248,Worcester 011E,Burglary,Investigation complete; no suspect identified,
5e9ae5197abaa9a5219b692f9b1ada051b90f0960e6175c6c4e96778f68e8da6,2015-04,West Mercia Police,West Mercia Police,-2.217700,52.191086,On or near City Walls Road,E01033248,Worcester 011E,Burglary,Offender sent to prison,
532855cb57c6541eb58f118742f21d2d5948fe9312974656bf918dbaac627337,2015-04,West Mercia Police,West Mercia Police,-2.217109,52.189874,On or near South Street,E01033248,Worcester 011E,Criminal damage and arson,Local resolution,
4362a8894a902c8a308ec17910dfe694ba31aac6082298142b801ddaa2899e20,2015-04,West Mercia Police,West Mercia Police,-2.219790,52.190795,On or near Pump Street,E01033248,Worcester 011E,Criminal damage and arson,Local resolution,
203c5245aa28bf1a745eca2fa13041526928326390c4246d27a4ae00a455eaea,2015-04,West Mercia Police,West Mercia Police,-2.219480,52.193169,On or near The Trinity,E01033248,Worcester 011E,Criminal damage and arson,Offender given a caution,
a951c9be4c81abb4bf0d1c329143b0114ec761cf333d80d6e887c7a4768f9f2e,2015-04,West Mercia Police,West Mercia Police,-2.218264,52.192892,On or near Corn Market,E01033248,Worcester 011E,Criminal damage and arson,Investigation complete; no suspect identified,
8ce40ec94dfbf57b459fca651686092291fbc9258f2976cf972b0ff41b7ede2d,2015-04,West Mercia Police,West Mercia Police,-2.218264,52.192892,On or near Corn Market,E01033248,Worcester 011E,Drugs,Offender fined,
9c396654c8734ffd8fbf727fa86e64dca9b3b57a982fe0e26298354c882c613b,2015-04,West Mercia Police,West Mercia Police,-2.221251,52.193327,On or near The Cross,E01033248,Worcester 011E,Drugs,Offender given a caution,
37bc7eb0cd322d3d95711cf4dbb8154f02ff61369f7ea5fd928ddf2c4e9f5926,2015-04,West Mercia Police,West Mercia Police,-2.219226,52.189222,On or near Shopping Area,E01033248,Worcester 011E,Drugs,Under investigation,
eff56b36705fb91695e600fa9c07bed481af77219bdb2da001f8e95c155d795b,2015-04,West Mercia Police,West Mercia Police,-2.220488,52.192834,On or near St Swithin'S Street,E01033248,Worcester 011E,Drugs,Unable to prosecute suspect,
c8e00d494873275268d6e1eb42de6f656eb2592c54a15a0b455b4b4e02794f9e,2015-04,West Mercia Police,West Mercia Police,-2.220375,52.193626,On or near Nightclub,E01033248,Worcester 011E,Other theft,Investigation complete; no suspect identified,
aebd5dbf3352cba5fbeb9195ef373d79ad93ff220f6c659dbede4af926e2b319,2015-04,West Mercia Police,West Mercia Police,-2.218640,52.191840,On or near New Street,E01033248,Worcester 011E,Other theft,Investigation complete; no suspect identified,
11df6f950cf4491c51688148b72b40225cedcac8d471386fea80dab8d33520f4,2015-04,West Mercia Police,West Mercia Police,-2.217700,52.191086,On or near City Walls Road,E01033248,Worcester 011E,Other theft,Investigation complete; no suspect identified,
08c7726f61cd9e7f4dd0c3016581ef67a87cc500aac12595bbb39556eeb126d3,2015-04,West Mercia Police,West Mercia Police,-2.220353,52.192196,On or near Shopping Area,E01033248,Worcester 011E,Other theft,Investigation complete; no suspect identified,
2037eef79e161554d85a6f5d28d4ebad0ca45474ac6d5e6b621d773bf809ffee,2015-04,West Mercia Police,West Mercia Police,-2.218640,52.191840,On or near New Street,E01033248,Worcester 011E,Other theft,Investigation complete; no suspect identified,
3eb5f6f57e0615f4089be3db9524e75f064611e0719b7c04ed237215f853707c,2015-04,West Mercia Police,West Mercia Police,-2.217760,52.194512,On or near Lowesmoor,E01033248,Worcester 011E,Other theft,Investigation complete; no suspect identified,
6a781c91e3d58e70f66d7be262f6a6f9b5268699c1db949e7dfed60bfce33707,2015-04,West Mercia Police,West Mercia Police,-2.220375,52.193626,On or near Nightclub,E01033248,Worcester 011E,Other theft,Investigation complete; no suspect identified,
1748042ddacd5add9ae0fcd056b9bf91275676bbb8c52db2a0e482ee03903217,2015-04,West Mercia Police,West Mercia Police,-2.217760,52.194512,On or near Lowesmoor,E01033248,Worcester 011E,Other theft,Investigation complete; no suspect identified,
cfc5c01396681c8e795b53e446b842006bc58d41cf086f82ea58467595f40603,2015-04,West Mercia Police,West Mercia Police,-2.219480,52.193169,On or near The Trinity,E01033248,Worcester 011E,Other theft,Investigation complete; no suspect identified,
309d74764bb04a191c2a6977a63c582af9187ff0929775dd2f7da4bafe1be0a3,2015-04,West Mercia Police,West Mercia Police,-2.221251,52.193327,On or near The Cross,E01033248,Worcester 011E,Other theft,Investigation complete; no suspect identified,
97189823ee3f68cd0035b95cb34b579867b3c26a2670f2e61d23e62e73a316f9,2015-04,West Mercia Police,West Mercia Police,-2.217109,52.189874,On or near South Street,E01033248,Worcester 011E,Other theft,Investigation complete; no suspect identified,
2ed96b9155dcaafeadaa86ba32d3c6cf2254ae0971972e6ec34a0fb117cacc73,2015-04,West Mercia Police,West Mercia Police,-2.217760,52.194512,On or near Lowesmoor,E01033248,Worcester 011E,Other theft,Investigation complete; no suspect identified,
7d0f16403ca78e8eb738fefdf3c4a66b29a22c816446548f649a211402436d09,2015-04,West Mercia Police,West Mercia Police,-2.220375,52.193626,On or near Nightclub,E01033248,Worcester 011E,Other theft,Investigation complete; no suspect identified,
1c0a51fcca306048bdfe3e805e0de262c4fcc440e7f8ad798cea223bfb134384,2015-04,West Mercia Police,West Mercia Police,-2.221251,52.193327,On or near The Cross,E01033248,Worcester 011E,Possession of weapons,Offender given penalty notice,
460f65905f9466f55421c4074647a82227783e2e72fd8b94854ab35e185fd905,2015-04,West Mercia Police,West Mercia Police,-2.215159,52.192008,On or near St Paul'S Street,E01033248,Worcester 011E,Possession of weapons,Offender sent to prison,
a8eb84f0a8d56c989961db5fb191dfcf764dfdc6d61cff8abb2d684c77a060d7,2015-04,West Mercia Police,West Mercia Police,-2.219790,52.190795,On or near Pump Street,E01033248,Worcester 011E,Public order,Unable to prosecute suspect,
82caaedb9ea259e0e71b05fbc9fa2632444a189872742390a72971a35e9f782d,2015-04,West Mercia Police,West Mercia Police,-2.220375,52.193626,On or near Nightclub,E01033248,Worcester 011E,Public order,Investigation complete; no suspect identified,
de17b8f245c2e7f7969fce50d1e8a45f2ebe056dcffb1b6348e5a2c124c8c1e8,2015-04,West Mercia Police,West Mercia Police,-2.218173,52.195158,On or near Sansome Place,E01033248,Worcester 011E,Public order,Unable to prosecute suspect,
7efeb3c9469ccea363b5401c7cf35baf4f8b90438ffb76b6f8d1d5a283ef4143,2015-04,West Mercia Police,West Mercia Police,-2.216685,52.192976,On or near Shopping Area,E01033248,Worcester 011E,Public order,Offender given a caution,
dd1e2b16f43e91ac33d8340e1d4f35687a2c819313f8fd9e4b0da3f559749a85,2015-04,West Mercia Police,West Mercia Police,-2.221251,52.193327,On or near The Cross,E01033248,Worcester 011E,Public order,Court case unable to proceed,
3bfffef5692b010b0121fd0fa4e446b5e0937e45ac5e0eaf5fa7ff0cf7906dae,2015-04,West Mercia Police,West Mercia Police,-2.215314,52.196881,On or near Westbury Street,E01033248,Worcester 011E,Robbery,Investigation complete; no suspect identified,
dab594ed90a22931885b5d34c8853a79c85f1cd16916e1ae77e8395e1a48118a,2015-04,West Mercia Police,West Mercia Police,-2.216277,52.196456,On or near Park/Open Space,E01033248,Worcester 011E,Robbery,Investigation complete; no suspect identified,
816d9fcae57f23f6c0896222389304c3b7ccde3e4d16cfd6a2f7912d29ea18fc,2015-04,West Mercia Police,West Mercia Police,-2.216066,52.195090,On or near Lowesmoor Terrace,E01033248,Worcester 011E,Shoplifting,Investigation complete; no suspect identified,
4794e8b156d4b861e5621a1219c48c9d8f80ff0efd2bf94a535a39ab85b401d9,2015-04,West Mercia Police,West Mercia Police,-2.217760,52.194512,On or near Lowesmoor,E01033248,Worcester 011E,Shoplifting,Offender given community sentence,
01f941d2a1e6e8abb889ba24fbe128071b157f615c8da46b31e65b04469c0801,2015-04,West Mercia Police,West Mercia Police,-2.217760,52.194512,On or near Lowesmoor,E01033248,Worcester 011E,Shoplifting,Offender given a caution,
2bf438855dc2aace76fefa72bce86760b35aa96d275349bad4183a005d7ae2e5,2015-04,West Mercia Police,West Mercia Police,-2.220116,52.191684,On or near Shopping Area,E01033248,Worcester 011E,Shoplifting,Local resolution,
abca82f279461b88b69050dbc54ae35ee325f8289501a3acf7ff70b99d81519f,2015-04,West Mercia Police,West Mercia Police,-2.217760,52.194512,On or near Lowesmoor,E01033248,Worcester 011E,Shoplifting,Court result unavailable,
ba0a3a614e4979d03276c823e5b581311bc875e06c2b874b321e8fb08b561e86,2015-04,West Mercia Police,West Mercia Police,-2.220116,52.191684,On or near Shopping Area,E01033248,Worcester 011E,Shoplifting,Offender sent to prison,
143d67854827c61c0db28b407668a1920a769ca620f3cef597ee88800c21082e,2015-04,West Mercia Police,West Mercia Police,-2.220116,52.191684,On or near Shopping Area,E01033248,Worcester 011E,Shoplifting,Court result unavailable,
d60aea57eeb10fc6cc26d58a82f6ec79a6a052e6cf4826f3511c3638c557cf53,2015-04,West Mercia Police,West Mercia Police,-2.220116,52.191684,On or near Shopping Area,E01033248,Worcester 011E,Shoplifting,Local resolution,
728956e12b2c96e3468a1ec10452e05975f94c8200182ec95ccaeb7dc45ee9cb,2015-04,West Mercia Police,West Mercia Police,-2.220116,52.191684,On or near Shopping Area,E01033248,Worcester 011E,Shoplifting,Court result unavailable,
333ef595b87a579051dceb3f5f48b0db91e839e5a889543469c185e5bcbe0187,2015-04,West Mercia Police,West Mercia Police,-2.216066,52.195090,On or near Lowesmoor Terrace,E01033248,Worcester 011E,Shoplifting,Offender given a caution,
befa0fc3bd76268a3cd6ee7155ae9982fc6e9c5c05eeae74b4c3f02bb18a63a0,2015-04,West Mercia Police,West Mercia Police,-2.216066,52.195090,On or near Lowesmoor Terrace,E01033248,Worcester 011E,Shoplifting,Local resolution,
6d11373b220369d96cc8f627b73d240a02c30c619f57f54ab4db15bd99f66809,2015-04,West Mercia Police,West Mercia Police,-2.216066,52.195090,On or near Lowesmoor Terrace,E01033248,Worcester 011E,Shoplifting,Local resolution,
2fcb5fb721201e47f10ab0a6534d3fd6f3a7170293e0c047023695e00da45453,2015-04,West Mercia Police,West Mercia Police,-2.220116,52.191684,On or near Shopping Area,E01033248,Worcester 011E,Shoplifting,Local resolution,
e1ff6f87e0aba90e16da2784f29e66476f1554d642ffa5bcc675852071f522d6,2015-04,West Mercia Police,West Mercia Police,-2.220116,52.191684,On or near Shopping Area,E01033248,Worcester 011E,Shoplifting,Offender given a caution,
591d7caa2028a7fb1f2ec8e535e6430d6e0d103e882c75f38826e60802b22283,2015-04,West Mercia Police,West Mercia Police,-2.220344,52.190362,On or near High Street,E01033248,Worcester 011E,Shoplifting,Investigation complete; no suspect identified,
d952a00b664c7bf49a2444858e46de35047bb8bcc60379f654c49185593cfb92,2015-04,West Mercia Police,West Mercia Police,-2.220116,52.191684,On or near Shopping Area,E01033248,Worcester 011E,Shoplifting,Offender fined,
1166cba77541d107985f2b6231d2ccd9e8eef9f099ceb9652a5e15ed5b69e3bf,2015-04,West Mercia Police,West Mercia Police,-2.220116,52.191684,On or near Shopping Area,E01033248,Worcester 011E,Shoplifting,Local resolution,
2493d39fec724e87358f6f6afb58a86e70691a2e57597abfeadaebe03f3fb679,2015-04,West Mercia Police,West Mercia Police,-2.219790,52.190795,On or near Pump Street,E01033248,Worcester 011E,Shoplifting,Court result unavailable,
58000b54933124b2815b1f194d596fca537131efc41f44479893707390f4663b,2015-04,West Mercia Police,West Mercia Police,-2.220375,52.193626,On or near Nightclub,E01033248,Worcester 011E,Theft from the person,Investigation complete; no suspect identified,
25260a4ad3b18b063536fa6bc385fb35121f2cebdacbb1bb92b2947359ac9059,2015-04,West Mercia Police,West Mercia Police,-2.220116,52.191684,On or near Shopping Area,E01033248,Worcester 011E,Theft from the person,Investigation complete; no suspect identified,
f750de06c62d16432029004c890e443158681217663269abe4b3742ef39bbc51,2015-04,West Mercia Police,West Mercia Police,-2.218264,52.192892,On or near Corn Market,E01033248,Worcester 011E,Theft from the person,Investigation complete; no suspect identified,
2fb24bf4f81c30726228788c9061e863b462a9131e23880ad994e1e6d1ebfed1,2015-04,West Mercia Police,West Mercia Police,-2.218640,52.191840,On or near New Street,E01033248,Worcester 011E,Vehicle crime,Investigation complete; no suspect identified,
303c3f546afff1e83e53ba196bed6c224049693dc0c8df1c1a4c1512ff40f053,2015-04,West Mercia Police,West Mercia Police,-2.218640,52.191840,On or near New Street,E01033248,Worcester 011E,Vehicle crime,Investigation complete; no suspect identified,
085a4c4962781bae246cec3bec462974767cd74a177e99f91ff66e3d63c77fe9,2015-04,West Mercia Police,West Mercia Police,-2.217700,52.191086,On or near City Walls Road,E01033248,Worcester 011E,Vehicle crime,Investigation complete; no suspect identified,
706f3d79106fb32adccb29b859385f02ca00e06d570489c5d691ea7efe2201c3,2015-04,West Mercia Police,West Mercia Police,-2.220375,52.193626,On or near Nightclub,E01033248,Worcester 011E,Violence and sexual offences,Investigation complete; no suspect identified,
c1566e29ab26f4c3949d07bc2e8fffb198b9491f883424039b3c25540a7ad825,2015-04,West Mercia Police,West Mercia Police,-2.215528,52.195765,On or near Lowesmoor Terrace,E01033248,Worcester 011E,Violence and sexual offences,Investigation complete; no suspect identified,
ce8ad7699f0976a3d7dae0be52fc43e8dc6520030ded62ed0b82c285e9045fe8,2015-04,West Mercia Police,West Mercia Police,-2.215159,52.192008,On or near St Paul'S Street,E01033248,Worcester 011E,Violence and sexual offences,Unable to prosecute suspect,
2f22b62ad8b4d781d3dc24d8a9e0e0b26b208f6ee7b0ddbfac65f1f7a73ecaea,2015-04,West Mercia Police,West Mercia Police,-2.217760,52.194512,On or near Lowesmoor,E01033248,Worcester 011E,Violence and sexual offences,Defendant found not guilty,
e1010115eaddf59bb74e1e55bae645021ba952bb0228fbffb1e6346092dc3b78,2015-04,West Mercia Police,West Mercia Police,-2.215412,52.192871,On or near George Street,E01033248,Worcester 011E,Violence and sexual offences,Court case unable to proceed,
8e8fc3e867914b699f6d68d78066e932e786daa950b2b4c5e1d13950d69a4cb3,2015-04,West Mercia Police,West Mercia Police,-2.215159,52.192008,On or near St Paul'S Street,E01033248,Worcester 011E,Violence and sexual offences,Court result unavailable,
0c334eb1cd5b479f40e4c471bccec1cd0bc2f706f83a10f9f873ba7e9e68b06e,2015-04,West Mercia Police,West Mercia Police,-2.216552,52.195692,On or near Shopping Area,E01033248,Worcester 011E,Violence and sexual offences,Investigation complete; no suspect identified,
563966783a210deef82f48e4f87b7b88be108985dfe0088d6efad4341aed29b6,2015-04,West Mercia Police,West Mercia Police,-2.217760,52.194512,On or near Lowesmoor,E01033248,Worcester 011E,Violence and sexual offences,Unable to prosecute suspect,
50506adccbcb4ddfa8c90fa0cae716c53771a0b8337eb69b82f0fe7e216d5838,2015-04,West Mercia Police,West Mercia Police,-2.214474,52.192594,On or near James Close,E01033248,Worcester 011E,Violence and sexual offences,Unable to prosecute suspect,
b5d30edf2ba9c1fac318f060688b49858a48b002e2e431b5ddf78d64853a09d8,2015-04,West Mercia Police,West Mercia Police,-2.217760,52.194512,On or near Lowesmoor,E01033248,Worcester 011E,Violence and sexual offences,Investigation complete; no suspect identified,
a6fea04d20bbc7db1042358048715c4802bfca24a6c42da427ba37724178befd,2015-04,West Mercia Police,West Mercia Police,-2.220488,52.192834,On or near St Swithin'S Street,E01033248,Worcester 011E,Violence and sexual offences,Unable to prosecute suspect,
736eaec9ba12d6f65e2555d13198ee1e184697318f159bfa7daa758f6e0c232c,2015-04,West Mercia Police,West Mercia Police,-2.216685,52.192976,On or near Shopping Area,E01033248,Worcester 011E,Violence and sexual offences,Offender ordered to pay compensation,
5b1fb34e255686562182eb95842a03e9c8ab41e1966d996f745e821f5372ef10,2015-04,West Mercia Police,West Mercia Police,-2.220375,52.193626,On or near Nightclub,E01033248,Worcester 011E,Violence and sexual offences,Investigation complete; no suspect identified,
a94442a487e5b5f4c7c57790657aea1279f363e644bc6684cd31a91dbf3ab64c,2015-04,West Mercia Police,West Mercia Police,-2.220375,52.193626,On or near Nightclub,E01033248,Worcester 011E,Violence and sexual offences,Unable to prosecute suspect,
62b55bac58d5be2476311e0c674653a58227011d0d89cd19d7bdac75dcf1e755,2015-04,West Mercia Police,West Mercia Police,-2.216277,52.196456,On or near Park/Open Space,E01033248,Worcester 011E,Violence and sexual offences,Unable to prosecute suspect,
ace648c73996915dbc17c5b1b53f1f020ff8238d39a810ed0eef44b6c610e8d0,2015-04,West Mercia Police,West Mercia Police,-2.220375,52.193626,On or near Nightclub,E01033248,Worcester 011E,Violence and sexual offences,Unable to prosecute suspect,
d0b0ccc1308b411ec685b70e357d714e8a4d9c68ebb67d7c4f09e6778c401f6d,2015-04,West Mercia Police,West Mercia Police,-2.217760,52.194512,On or near Lowesmoor,E01033248,Worcester 011E,Violence and sexual offences,Investigation complete; no suspect identified,
ae65d0ad0f195cf8194551b3d89077ec0cd627696fb7cf7aec28c58ae737ae1e,2015-04,West Mercia Police,West Mercia Police,-2.218264,52.192892,On or near Corn Market,E01033248,Worcester 011E,Violence and sexual offences,Offender given suspended prison sentence,
8a6af8302a012017a8076583067ff811108db57cf8265078eb4d75adb3a6ea51,2015-04,West Mercia Police,West Mercia Police,-2.219790,52.190795,On or near Pump Street,E01033248,Worcester 011E,Violence and sexual offences,Unable to prosecute suspect,
cd979c09f7e5af48a0cae0d947741012037a4b0e5cb126425e60e7ea5bf08b9e,2015-04,West Mercia Police,West Mercia Police,-2.216066,52.195090,On or near Lowesmoor Terrace,E01033248,Worcester 011E,Violence and sexual offences,Investigation complete; no suspect identified,
12f5480adae8ac4e6b6f540919bd5004e8748a9c7973d7b5a505f687cb1b4138,2015-04,West Mercia Police,West Mercia Police,-2.216066,52.195090,On or near Lowesmoor Terrace,E01033248,Worcester 011E,Violence and sexual offences,Unable to prosecute suspect,
8318b541c0c3970aed130618cc540f1d26033a9b300d13366fed5b1f6a3ea45c,2015-04,West Mercia Police,West Mercia Police,-2.218640,52.191840,On or near New Street,E01033248,Worcester 011E,Violence and sexual offences,Court case unable to proceed,
79a4b92111c1607fe4658a824e75881e802aa2e319264df780771fdd05f3afe5,2015-04,West Mercia Police,West Mercia Police,-2.220375,52.193626,On or near Nightclub,E01033248,Worcester 011E,Other crime,Investigation complete; no suspect identified,
,2015-04,West Mercia Police,West Mercia Police,-2.214779,52.189132,On or near Park Street,E01033249,Worcester 011F,Anti-social behaviour,,
,2015-04,West Mercia Police,West Mercia Police,-2.220603,52.186595,On or near Severn Street,E01033249,Worcester 011F,Anti-social behaviour,,
,2015-04,West Mercia Police,West Mercia Police,-2.219166,52.188764,On or near College Street,E01033249,Worcester 011F,Anti-social behaviour,,
,2015-04,West Mercia Police,West Mercia Police,-2.214664,52.189581,On or near Lock Street,E01033249,Worcester 011F,Anti-social behaviour,,
,2015-04,West Mercia Police,West Mercia Police,-2.213466,52.189781,On or near Dent Close,E01033249,Worcester 011F,Anti-social behaviour,,
,2015-04,West Mercia Police,West Mercia Police,-2.213466,52.189781,On or near Dent Close,E01033249,Worcester 011F,Anti-social behaviour,,
49600d3a4050434bec643cc9d9e0533f624c079d29aeb38012cdeab8cbcd90cd,2015-04,West Mercia Police,West Mercia Police,-2.214604,52.189195,On or near Little Park Street,E01033249,Worcester 011F,Burglary,Investigation complete; no suspect identified,
c210a7211232eda32dacf09f873d0097ef3760b1b3589dd3e0f5cb88b5583a93,2015-04,West Mercia Police,West Mercia Police,-2.217054,52.190764,On or near Charles Street,E01033249,Worcester 011F,Criminal damage and arson,Investigation complete; no suspect identified,
a4c0810700e2a0fda38ae2db93808c3e6687e7568346ca8f70389fd77ab2f29e,2015-04,West Mercia Police,West Mercia Police,-2.217054,52.190764,On or near Charles Street,E01033249,Worcester 011F,Criminal damage and arson,Unable to prosecute suspect,
751dbefbc4a3aeb69533d4b18540cb403dc7f39a95e50bd56597893730f2b492,2015-04,West Mercia Police,West Mercia Police,-2.214604,52.189195,On or near Little Park Street,E01033249,Worcester 011F,Criminal damage and arson,Investigation complete; no suspect identified,
a0476c5761ce156396fafd456bbd81f45ce018ab9767d0422a5b341a990aa6ba,2015-04,West Mercia Police,West Mercia Police,-2.213645,52.190581,On or near Shopping Area,E01033249,Worcester 011F,Criminal damage and arson,Investigation complete; no suspect identified,
1d43e27e696c13460164f29bd53d57691a9524d2732e78ae162e53480c531931,2015-04,West Mercia Police,West Mercia Police,-2.220355,52.189643,On or near A44,E01033249,Worcester 011F,Criminal damage and arson,Investigation complete; no suspect identified,
a5c7d59c1798830999b5e363cf8ae958e5fb451862e088f4f3f07b87d3d180ea,2015-04,West Mercia Police,West Mercia Police,-2.221484,52.190279,On or near Fish Street,E01033249,Worcester 011F,Criminal damage and arson,Investigation complete; no suspect identified,
b9f2cd83af00b7fe8f901eeccfb701f857ba1ba39d6bfacb0fe73c9ca97a1f64,2015-04,West Mercia Police,West Mercia Police,-2.216377,52.186872,On or near Bath Road,E01033249,Worcester 011F,Public order,Investigation complete; no suspect identified,
952f45b52831d93fa54c6a37bb5014d7ec757f48ca468a655d11134ad6fbb8b2,2015-04,West Mercia Police,West Mercia Police,-2.216377,52.186872,On or near Bath Road,E01033249,Worcester 011F,Robbery,Investigation complete; no suspect identified,
f24545e8a699d659d24ebcf3fc7984512642ffc5ed4a560f942c62f7d8e6e57e,2015-04,West Mercia Police,West Mercia Police,-2.220603,52.186595,On or near Severn Street,E01033249,Worcester 011F,Vehicle crime,Investigation complete; no suspect identified,
ddc72bb30699ebbf576c5c498cd6e76d5936d8f93b44f7d7908e36c309ec8da8,2015-04,West Mercia Police,West Mercia Police,-2.217054,52.190764,On or near Charles Street,E01033249,Worcester 011F,Vehicle crime,Investigation complete; no suspect identified,
13f0ea3c277f9df4e6d154efa7841d92edf84a755229ed909dcfebb1a2ab2f30,2015-04,West Mercia Police,West Mercia Police,-2.215371,52.190443,On or near Foundry Street,E01033249,Worcester 011F,Vehicle crime,Investigation complete; no suspect identified,
783238be8f46f72ed0508ec7dcdd96163871206ce5ea71271690c6e151aa6aa9,2015-04,West Mercia Police,West Mercia Police,-2.214664,52.189581,On or near Lock Street,E01033249,Worcester 011F,Violence and sexual offences,Awaiting court outcome,
dca830c333f5b7f6bf146b848a12a128e6bbd91faec9b632bc51af2e1e4d5476,2015-04,West Mercia Police,West Mercia Police,-2.221484,52.190279,On or near Fish Street,E01033249,Worcester 011F,Violence and sexual offences,Unable to prosecute suspect,
509e3329e7f67dacc30914b108ddbb846a66a45900dd39179b10284ddd4f53b8,2015-04,West Mercia Police,West Mercia Police,-2.217419,52.187608,On or near Sidbury,E01033249,Worcester 011F,Violence and sexual offences,Investigation complete; no suspect identified,
ab51fe7cc6ccc24ffe72331999b11bc5a899bc2db60b6cadc201d5c3fcf5b6ea,2015-04,West Mercia Police,West Mercia Police,-2.214604,52.189195,On or near Little Park Street,E01033249,Worcester 011F,Violence and sexual offences,Unable to prosecute suspect,
eeb4dede8899091ee1e071c009995c6e24761627d608e582b723a2e90099470a,2015-04,West Mercia Police,West Mercia Police,-2.220355,52.189643,On or near A44,E01033249,Worcester 011F,Violence and sexual offences,Unable to prosecute suspect,
aa7ed8ffb8a46c3365da2c7459714f1a8178f45b1b7b2bdcc9561c11cdc1cd46,2015-04,West Mercia Police,West Mercia Police,-2.217419,52.187608,On or near Sidbury,E01033249,Worcester 011F,Violence and sexual offences,Court result unavailable,
bc5daddbcb1a4de93902124128ac8b36de5308ca6a0360d9ea3275259a6eb48b,2015-04,West Mercia Police,West Mercia Police,-2.214659,52.191613,On or near Wellington Close,E01033249,Worcester 011F,Violence and sexual offences,Investigation complete; no suspect identified,
df5b95b6036505296859a5cbff109abaf87f553d9b02a80b7be723689e465931,2015-04,West Mercia Police,West Mercia Police,-2.213645,52.190581,On or near Shopping Area,E01033249,Worcester 011F,Violence and sexual offences,Unable to prosecute suspect,
b793275db2f7ed8de42fe0f9b493b4db7ce2d502fcf0b7352933ef58f9d65b0b,2015-04,West Mercia Police,West Mercia Police,-2.219731,52.187720,On or near Castle Place,E01033249,Worcester 011F,Violence and sexual offences,Investigation complete; no suspect identified,
bc7e37563b6d62598f77046d92ecdd5ed745988c1f1af1b84ed73c940fa74428,2015-04,West Mercia Police,West Mercia Police,-2.214664,52.189581,On or near Lock Street,E01033249,Worcester 011F,Violence and sexual offences,Investigation complete; no suspect identified,
f8c03faa28e3e0c8e15f6fa39fda97ffb9ff52a8eaa770ac6eff7b752d67536b,2015-04,West Mercia Police,West Mercia Police,-2.218972,52.188135,On or near Edgar Street,E01033249,Worcester 011F,Violence and sexual offences,Unable to prosecute suspect,
04cebb80daa43973c119f575cc55a91214badc696d4ab5798b6cb873bbefb6bd,2015-04,West Mercia Police,West Mercia Police,-2.243889,52.186486,On or near Watery Lane,E01032286,Worcester 012A,Burglary,Investigation complete; no suspect identified,
4bc4885df80c7ab86258dd91a1d0f5374d30c04c6c36f5825697d44e0aed792b,2015-04,West Mercia Police,West Mercia Police,-2.243889,52.186486,On or near Watery Lane,E01032286,Worcester 012A,Criminal damage and arson,Investigation complete; no suspect identified,
f3335566707d1bdbadbe8731437fb11a4df877397d10feeb2cb585dff601654d,2015-04,West Mercia Police,West Mercia Police,-2.250899,52.184529,On or near Whitmore Road,E01032286,Worcester 012A,Criminal damage and arson,Investigation complete; no suspect identified,
73866293bc868538aa03c514202793fae197ae161526e2393568c5f56dcd6487,2015-04,West Mercia Police,West Mercia Police,-2.243532,52.185498,On or near Bransford Road,E01032286,Worcester 012A,Criminal damage and arson,Awaiting court outcome,
dbfb7d223f3b6eb8d40e51c73e9c2b40f834376c3db76debae22bdf5515dba4d,2015-04,West Mercia Police,West Mercia Police,-2.249279,52.185297,On or near Boughton Avenue,E01032286,Worcester 012A,Violence and sexual offences,Unable to prosecute suspect,
dd0637dc019123f46286ff6358437c8d443ab11d04a0f2733a40c1e47c3a0c05,2015-04,West Mercia Police,West Mercia Police,-2.247927,52.186720,On or near Bromyard Road,E01032286,Worcester 012A,Violence and sexual offences,Investigation complete; no suspect identified,
fb9024634bd262851c7fed20ccfcdce288141aa2b25df0d6dbac57a48024c595,2015-04,West Mercia Police,West Mercia Police,-2.249279,52.185297,On or near Boughton Avenue,E01032286,Worcester 012A,Violence and sexual offences,Unable to prosecute suspect,
2843151f6b9e4f9374c72ed0d5d6e0c4927c6ee748f25917e949bfca48ff35b0,2015-04,West Mercia Police,West Mercia Police,-2.243177,52.181974,On or near Catherine Road,E01032286,Worcester 012A,Other crime,Unable to prosecute suspect,
,2015-04,West Mercia Police,West Mercia Police,-2.236977,52.184972,On or near Middle Road,E01032287,Worcester 012B,Anti-social behaviour,,
,2015-04,West Mercia Police,West Mercia Police,-2.236977,52.184972,On or near Middle Road,E01032287,Worcester 012B,Anti-social behaviour,,
,2015-04,West Mercia Police,West Mercia Police,-2.236977,52.184972,On or near Middle Road,E01032287,Worcester 012B,Anti-social behaviour,,
,2015-04,West Mercia Police,West Mercia Police,-2.236977,52.184972,On or near Middle Road,E01032287,Worcester 012B,Anti-social behaviour,,
,2015-04,West Mercia Police,West Mercia Police,-2.242965,52.183440,On or near North Croft,E01032287,Worcester 012B,Anti-social behaviour,,
,2015-04,West Mercia Police,West Mercia Police,-2.244385,52.183590,On or near Nursery Walk,E01032287,Worcester 012B,Anti-social behaviour,,
8c1b9c49001512b5ddc0b9ade241f8c41665b9e292bcc0ff74c0a91e108a5d9f,2015-04,West Mercia Police,West Mercia Police,-2.236137,52.186619,On or near Parking Area,E01032287,Worcester 012B,Bicycle theft,Investigation complete; no suspect identified,
bcd01e962446aa3e718bdbc859adffd06c00cb018285edff6f0def61ae75d274,2015-04,West Mercia Police,West Mercia Police,-2.235480,52.184156,On or near Vernon Park Road,E01032287,Worcester 012B,Criminal damage and arson,Court result unavailable,
c45614329430c72fdec187785878676349985514e6567a9449ae1932c824af68,2015-04,West Mercia Police,West Mercia Police,-2.234400,52.187314,On or near Swanpool Walk,E01032287,Worcester 012B,Other theft,Local resolution,
da5ca23f2c1d5d53a20ab55684132e6e18dcc7c56c82005409b2fd8cacedf5fa,2015-04,West Mercia Police,West Mercia Police,-2.236977,52.184972,On or near Middle Road,E01032287,Worcester 012B,Public order,Offender fined,
c5263704e7767f2664689d9c57cbee83c019826af91be05cad47319f4b7d5313,2015-04,West Mercia Police,West Mercia Police,-2.235176,52.187502,On or near St John'S,E01032287,Worcester 012B,Violence and sexual offences,Offender given community sentence,
55acdd5b585e49899cc7713da72a9fc6207e2a26504bad2a5775529ca8f5f187,2015-04,West Mercia Police,West Mercia Police,-2.236977,52.184972,On or near Middle Road,E01032287,Worcester 012B,Violence and sexual offences,Unable to prosecute suspect,
,2015-04,West Mercia Police,West Mercia Police,-2.232281,52.184882,On or near Alexander Road,E01032288,Worcester 012C,Anti-social behaviour,,
,2015-04,West Mercia Police,West Mercia Police,-2.225798,52.190037,On or near Parking Area,E01032288,Worcester 012C,Anti-social behaviour,,
,2015-04,West Mercia Police,West Mercia Police,-2.232487,52.185187,On or near Withers Road,E01032288,Worcester 012C,Anti-social behaviour,,
,2015-04,West Mercia Police,West Mercia Police,-2.228044,52.188648,On or near Sports/Recreation Area,E01032288,Worcester 012C,Anti-social behaviour,,
4bfaa9a11b4c727b5e2656bd6ee38b27886460d359c4b2971767a6edb5adb915,2015-04,West Mercia Police,West Mercia Police,-2.228677,52.189420,On or near New Road,E01032288,Worcester 012C,Bicycle theft,Investigation complete; no suspect identified,
83709712775016372e33ac83a67f4d87bd66ffd2af60e551c2a0c7ecce2dd21f,2015-04,West Mercia Police,West Mercia Police,-2.232082,52.188775,On or near St John'S,E01032288,Worcester 012C,Criminal damage and arson,Investigation complete; no suspect identified,
f30a6a62a7a765fb4bcbc1f2c60aed975e44c6d59f5a1c91314603d6970776de,2015-04,West Mercia Police,West Mercia Police,-2.234249,52.178099,On or near Whites Road,E01032288,Worcester 012C,Criminal damage and arson,Investigation complete; no suspect identified,
b5cb6ad121603101177c52044f68491117dfd11acfb6b27f541bf3346ddad79c,2015-04,West Mercia Police,West Mercia Police,-2.233543,52.182830,On or near Claverham Close,E01032288,Worcester 012C,Criminal damage and arson,Investigation complete; no suspect identified,
ccd43354738594d704e355f861d25c8a2ab83f4f295e0550d793f414181a34aa,2015-04,West Mercia Police,West Mercia Police,-2.228677,52.189420,On or near New Road,E01032288,Worcester 012C,Drugs,Offender given a drugs possession warning,
4fdc51744f3d030d40b9c01aa9443131245968fd9675a1de86edc8d8b0d7c6b3,2015-04,West Mercia Police,West Mercia Police,-2.232082,52.188775,On or near St John'S,E01032288,Worcester 012C,Other theft,Investigation complete; no suspect identified,
f558fde06554693106cd66728397410d72065b1c912409bc2f4b0ccaed113058,2015-04,West Mercia Police,West Mercia Police,-2.233150,52.188755,On or near Henwick Road,E01032288,Worcester 012C,Shoplifting,Offender fined,
bbcef8c1e4f61fb5631e0f8b49022625d56ff35631d87ab83802dd07d67312a4,2015-04,West Mercia Police,West Mercia Police,-2.233150,52.188755,On or near Henwick Road,E01032288,Worcester 012C,Shoplifting,Offender sent to prison,
1c0f4f7aa2a7c32aad881a2d28482c31e0c227cf14592b903e56ecf7bec46282,2015-04,West Mercia Police,West Mercia Police,-2.233076,52.188728,On or near St John'S,E01032288,Worcester 012C,Violence and sexual offences,Unable to prosecute suspect,
,2015-04,West Mercia Police,West Mercia Police,-2.235078,52.174322,On or near Petrol Station,E01032289,Worcester 012D,Anti-social behaviour,,
65465b98d1a29490cb16cd7a5ca3e397d6feec8a0895e995c67c655ec815d388,2015-04,West Mercia Police,West Mercia Police,-2.231998,52.175524,On or near Weir Lane,E01032289,Worcester 012D,Other crime,Local resolution,
,2015-04,West Mercia Police,West Mercia Police,-2.244095,52.176128,On or near Oakville Close,E01032290,Worcester 012E,Anti-social behaviour,,
,2015-04,West Mercia Police,West Mercia Police,-2.244809,52.172998,On or near Manitoba Close,E01032290,Worcester 012E,Anti-social behaviour,,
4bc474f8ad16b00fca9a246d93bfdf665e2c59e1c41073e6d3046a39daebe846,2015-04,West Mercia Police,West Mercia Police,-2.241217,52.173842,On or near Supermarket,E01032290,Worcester 012E,Shoplifting,Unable to prosecute suspect,
a25fd4fbe496b4ca1550ff379f3c003186fd6b72bafdfdbac841eafb5f26b361,2015-04,West Mercia Police,West Mercia Police,-2.241217,52.173842,On or near Supermarket,E01032290,Worcester 012E,Shoplifting,Offender given suspended prison sentence,
,2015-04,West Mercia Police,West Mercia Police,-2.212256,52.172351,On or near Norton Road,E01032283,Worcester 013A,Anti-social behaviour,,
,2015-04,West Mercia Police,West Mercia Police,-2.214927,52.174405,On or near St Mark'S Close,E01032283,Worcester 013A,Anti-social behaviour,,
,2015-04,West Mercia Police,West Mercia Police,-2.214655,52.172581,On or near Barneshall Avenue,E01032283,Worcester 013A,Anti-social behaviour,,
ae255f368d3b3d75620a0709535a3878d89eaa863361bd25c8f12b32ff6ca1d4,2015-04,West Mercia Police,West Mercia Police,-2.215545,52.175033,On or near Osier Close,E01032283,Worcester 013A,Burglary,Investigation complete; no suspect identified,
706bab72823a623a7b999c4b12e00bd995b9990f9fe97ba7c75d94a34f755f64,2015-04,West Mercia Police,West Mercia Police,-2.215545,52.175033,On or near Osier Close,E01032283,Worcester 013A,Criminal damage and arson,Local resolution,
4a23bbf98b391cafa9ceaec72a66c44a727864495ada378d9c83311bb9207c22,2015-04,West Mercia Police,West Mercia Police,-2.211544,52.173323,On or near Barnes Place,E01032283,Worcester 013A,Drugs,Offender given a caution,
3b7d8271a9903569aa50ccb50096afef09cd3319911f3e35d733b4743a268287,2015-04,West Mercia Police,West Mercia Police,-2.211544,52.173323,On or near Barnes Place,E01032283,Worcester 013A,Drugs,Offender given a drugs possession warning,
f8010ed72eac66837346c3db8994124396d88284c6e0f92efb55af1ce4914b47,2015-04,West Mercia Police,West Mercia Police,-2.211544,52.173323,On or near Barnes Place,E01032283,Worcester 013A,Drugs,Offender given a drugs possession warning,
4900eaed248204d387b96d35e342b2dff771ccc2bb14203e81a64bf30d9c68da,2015-04,West Mercia Police,West Mercia Police,-2.212256,52.172351,On or near Norton Road,E01032283,Worcester 013A,Other theft,Investigation complete; no suspect identified,
fccb8cc95168e0d104e084f93697ae957be9ae0be5e18f2795502e82b2a192c3,2015-04,West Mercia Police,West Mercia Police,-2.212719,52.180406,On or near Timberdine Avenue,E01032283,Worcester 013A,Vehicle crime,Investigation complete; no suspect identified,
bc3e9f27dd1053fdb3a3b6349f73aa7ae1d3aafd07d4278aab455e4b167ed9f9,2015-04,West Mercia Police,West Mercia Police,-2.206654,52.175040,On or near Sports/Recreation Area,E01032283,Worcester 013A,Violence and sexual offences,Awaiting court outcome,
c0cc783a752ec38741eb24d0c17d5bb7be970e7b78df18dbe7ade84ba624cd74,2015-04,West Mercia Police,West Mercia Police,-2.206654,52.175040,On or near Sports/Recreation Area,E01032283,Worcester 013A,Violence and sexual offences,Unable to prosecute suspect,
460bbf690ef070c6b6c1e5783724b045a37ecef72ea7edb0ff60b3bfd1bcf56f,2015-04,West Mercia Police,West Mercia Police,-2.206654,52.175040,On or near Sports/Recreation Area,E01032283,Worcester 013A,Violence and sexual offences,Awaiting court outcome,
4777247e8de4ec3d230c1e844fbd110e8b068b749be0777b2fad7923a2461be3,2015-04,West Mercia Police,West Mercia Police,-2.206654,52.175040,On or near Sports/Recreation Area,E01032283,Worcester 013A,Violence and sexual offences,Unable to prosecute suspect,
0cae052fc7965b37dc8ac946091278857098f8169755bf5b3ffb65edcaed5fcf,2015-04,West Mercia Police,West Mercia Police,-2.210851,52.175204,On or near Bunns Road,E01032283,Worcester 013A,Violence and sexual offences,Investigation complete; no suspect identified,
4417ebf228d8280be84235c7a42831235774009b811bbd3fd6f207ef99dd2334,2015-04,West Mercia Police,West Mercia Police,-2.206654,52.175040,On or near Sports/Recreation Area,E01032283,Worcester 013A,Violence and sexual offences,Unable to prosecute suspect,
ad6d58d13bf7bb920f7a37f6f832183c2cb7fba8f51b2942d7a33dfadd2e58e1,2015-04,West Mercia Police,West Mercia Police,-2.210851,52.175204,On or near Bunns Road,E01032283,Worcester 013A,Violence and sexual offences,Investigation complete; no suspect identified,
073793771bd861a9d824dca09b039d42391a7f132ba975d79c25268044f30f5a,2015-04,West Mercia Police,West Mercia Police,-2.214927,52.174405,On or near St Mark'S Close,E01032283,Worcester 013A,Violence and sexual offences,Unable to prosecute suspect,
,2015-04,West Mercia Police,West Mercia Police,-2.206980,52.182403,On or near Amery Close,E01032284,Worcester 013B,Anti-social behaviour,,
,2015-04,West Mercia Police,West Mercia Police,-2.206980,52.182403,On or near Amery Close,E01032284,Worcester 013B,Anti-social behaviour,,
,2015-04,West Mercia Police,West Mercia Police,-2.205149,52.184771,On or near London Road,E01032284,Worcester 013B,Anti-social behaviour,,
,2015-04,West Mercia Police,West Mercia Police,-2.207562,52.181656,On or near Battle Road,E01032284,Worcester 013B,Anti-social behaviour,,
2b4372266f3bb7f6cc821753508309d2b9eb4ad8717d9a97e4d4540007e62259,2015-04,West Mercia Police,West Mercia Police,-2.207562,52.181656,On or near Battle Road,E01032284,Worcester 013B,Bicycle theft,Investigation complete; no suspect identified,
714664d26e99b70cc4277061c0181d2163a1aa478872c5cc117e18f5ddd125e6,2015-04,West Mercia Police,West Mercia Police,-2.205149,52.184771,On or near London Road,E01032284,Worcester 013B,Criminal damage and arson,Investigation complete; no suspect identified,
3b87a170b91df8a290961916fc133eb8a475a9d27aed9964562ddc532875932b,2015-04,West Mercia Police,West Mercia Police,-2.205149,52.184771,On or near London Road,E01032284,Worcester 013B,Other theft,Investigation complete; no suspect identified,
f85d34676bfbf448f369d9b31b40656b59732c1846b28afb320727821fb90760,2015-04,West Mercia Police,West Mercia Police,-2.204475,52.184538,On or near London Road,E01032284,Worcester 013B,Other theft,Unable to prosecute suspect,
53cb33905af993e8d8f0701ec8ab929e8c6db10a18aa7b354495af5ebe7a35f9,2015-04,West Mercia Police,West Mercia Police,-2.204475,52.184538,On or near London Road,E01032284,Worcester 013B,Other theft,Investigation complete; no suspect identified,
e6fb97490ddbdaa3ec80e5ecdbb5ebd53cef82889d1a9be4f118dab4455fce89,2015-04,West Mercia Police,West Mercia Police,-2.204475,52.184538,On or near London Road,E01032284,Worcester 013B,Shoplifting,Court case unable to proceed,
c2aaf7a16c5021c8dcf861fd79fb9bae8e31008e34262899e75847a645cc0e76,2015-04,West Mercia Police,West Mercia Police,-2.204475,52.184538,On or near London Road,E01032284,Worcester 013B,Shoplifting,Offender given community sentence,
797ec0cb15be848784802aee0c5f205d3f52604479e435945d72361adf404480,2015-04,West Mercia Police,West Mercia Police,-2.204475,52.184538,On or near London Road,E01032284,Worcester 013B,Shoplifting,Investigation complete; no suspect identified,
4090d8fe7f6ba4a97119bd781552a6efafe275cdc88d9523ba3240f6933f9c9a,2015-04,West Mercia Police,West Mercia Police,-2.204475,52.184538,On or near London Road,E01032284,Worcester 013B,Shoplifting,Offender given community sentence,
cca78f85eb1595a6dde680b2c700c64f3131ad3f263db133bbb6d362c0b84b79,2015-04,West Mercia Police,West Mercia Police,-2.205149,52.184771,On or near London Road,E01032284,Worcester 013B,Violence and sexual offences,Court result unavailable,
,2015-04,West Mercia Police,West Mercia Police,-2.217822,52.186114,On or near Petrol Station,E01032295,Worcester 013C,Anti-social behaviour,,
,2015-04,West Mercia Police,West Mercia Police,-2.220146,52.185786,On or near Mill Street,E01032295,Worcester 013C,Anti-social behaviour,,
,2015-04,West Mercia Police,West Mercia Police,-2.217822,52.186114,On or near Petrol Station,E01032295,Worcester 013C,Anti-social behaviour,,
,2015-04,West Mercia Police,West Mercia Police,-2.216714,52.183860,On or near Woolhope Road,E01032295,Worcester 013C,Anti-social behaviour,,
,2015-04,West Mercia Police,West Mercia Police,-2.217822,52.186114,On or near Petrol Station,E01032295,Worcester 013C,Anti-social behaviour,,
,2015-04,West Mercia Police,West Mercia Police,-2.217822,52.186114,On or near Petrol Station,E01032295,Worcester 013C,Anti-social behaviour,,
,2015-04,West Mercia Police,West Mercia Police,-2.214605,52.177274,On or near Stanley Street,E01032295,Worcester 013C,Anti-social behaviour,,
,2015-04,West Mercia Police,West Mercia Police,-2.221851,52.181738,On or near Crossley Road,E01032295,Worcester 013C,Anti-social behaviour,,
144fdb2e0fd8f972264c0559df721320dffc15e9aaf84f8a7611867cdbe9be78,2015-04,West Mercia Police,West Mercia Police,-2.221164,52.178772,On or near Navigation Road,E01032295,Worcester 013C,Burglary,Investigation complete; no suspect identified,
30317efb05998f2805c98a1dcf87577cd9e65352dc8cfb097ce3a75506766843,2015-04,West Mercia Police,West Mercia Police,-2.221851,52.181738,On or near Crossley Road,E01032295,Worcester 013C,Burglary,Investigation complete; no suspect identified,
e4b90b9d5cbaa6f56c743608999c38f50c63e21e55273c605d5356dd658eb593,2015-04,West Mercia Police,West Mercia Police,-2.220146,52.185786,On or near Mill Street,E01032295,Worcester 013C,Burglary,Investigation complete; no suspect identified,
91c0c06b482001920086588621088dcfdeac8c0f9adad44ebc4a0ffeb720be04,2015-04,West Mercia Police,West Mercia Police,-2.221851,52.181738,On or near Crossley Road,E01032295,Worcester 013C,Burglary,Investigation complete; no suspect identified,
124d2bb417ce1fb4dda3d2375b68c7e55504d30088fa4d93dc7d779e93633119,2015-04,West Mercia Police,West Mercia Police,-2.216402,52.186018,On or near Green Hill Bath Road,E01032295,Worcester 013C,Burglary,Investigation complete; no suspect identified,
622a5e5def3930173c1e58b9cc47c318f9b487d840d4a506946ac8865f259a76,2015-04,West Mercia Police,West Mercia Police,-2.220146,52.185786,On or near Mill Street,E01032295,Worcester 013C,Criminal damage and arson,Investigation complete; no suspect identified,
a5a13a63e68b173403cbc1867075d587203ab9ea3901cd346cd42f5d16def561,2015-04,West Mercia Police,West Mercia Police,-2.220146,52.185786,On or near Mill Street,E01032295,Worcester 013C,Criminal damage and arson,Unable to prosecute suspect,
d46d1d83d6ed356a6556089f6074c2968737707e732f70ff9cf5fc37d72fd29a,2015-04,West Mercia Police,West Mercia Police,-2.218748,52.184090,On or near Lower Field Terrace,E01032295,Worcester 013C,Other theft,Under investigation,
a1e52ec999b2a296d5ba14a7ffa660c9887c1873f9f77c50b86ed4f5d4d0e45d,2015-04,West Mercia Police,West Mercia Police,-2.220208,52.183539,On or near Park/Open Space,E01032295,Worcester 013C,Other theft,Investigation complete; no suspect identified,
30704a0f92a6a88ae1e18f2d1c072019fa68010c8474f84d767d9a0bdd03d846,2015-04,West Mercia Police,West Mercia Police,-2.217822,52.186114,On or near Petrol Station,E01032295,Worcester 013C,Other theft,Under investigation,
4a7d76920c1dc20f93519ff4f18d61610bf5da0f90c9e42fac33f42b332b05c3,2015-04,West Mercia Police,West Mercia Police,-2.220583,52.185426,On or near Willow Street,E01032295,Worcester 013C,Other theft,Court result unavailable,
ce1e1b678a8e84a87838ba5660770f381149c777332a7318c1ebe985b2c3d8b8,2015-04,West Mercia Police,West Mercia Police,-2.221851,52.181738,On or near Crossley Road,E01032295,Worcester 013C,Other theft,Offender sent to prison,
99c66a575d8c4efa5476d597e9730bbd113dc0b4bfd4aee62c4365ba393fe550,2015-04,West Mercia Police,West Mercia Police,-2.217822,52.186114,On or near Petrol Station,E01032295,Worcester 013C,Possession of weapons,Court case unable to proceed,
d6882cc9b9a1a78649669124ce2ffd3d11bb1907ff21bee5d9ca672acafd9d6d,2015-04,West Mercia Police,West Mercia Police,-2.217822,52.186114,On or near Petrol Station,E01032295,Worcester 013C,Shoplifting,Formal action is not in the public interest,
e635ca39004eb42272c04b426dcc8c63b44a89d45ffe62de09248d976c83aebf,2015-04,West Mercia Police,West Mercia Police,-2.214605,52.177274,On or near Stanley Street,E01032295,Worcester 013C,Shoplifting,Investigation complete; no suspect identified,
97267f0a958c11e2cff6d48090ae16d23e6caecab64c025803c0c747c150d53d,2015-04,West Mercia Police,West Mercia Police,-2.216683,52.186566,On or near Bath Road,E01032295,Worcester 013C,Vehicle crime,Investigation complete; no suspect identified,
3e5ca1a65652ab2bc75b2c319a2197ccf27f9a2319b16bf0bda2484dfe3697cc,2015-04,West Mercia Police,West Mercia Police,-2.220146,52.185786,On or near Mill Street,E01032295,Worcester 013C,Vehicle crime,Investigation complete; no suspect identified,
479f2854d95d1d09482836d7f8ae7a3216b26082585bd882b70e213173af2f31,2015-04,West Mercia Police,West Mercia Police,-2.220583,52.185426,On or near Willow Street,E01032295,Worcester 013C,Vehicle crime,Investigation complete; no suspect identified,
9592c1b1e426f0508869ff9c57fbbf0cfcdefa5239389fd08963f41d7fbe7a6d,2015-04,West Mercia Police,West Mercia Police,-2.217822,52.186114,On or near Petrol Station,E01032295,Worcester 013C,Vehicle crime,Investigation complete; no suspect identified,
ba67725237ca9d77dbe7cacbaa736dda30963e8170bcbdc69abd49c8050b5bbb,2015-04,West Mercia Police,West Mercia Police,-2.219925,52.182604,On or near Park/Open Space,E01032295,Worcester 013C,Vehicle crime,Investigation complete; no suspect identified,
f0f6c88909c850669fc5232480a93e95b58ce247334a736b49cb1a51f9d76763,2015-04,West Mercia Police,West Mercia Police,-2.217822,52.186114,On or near Petrol Station,E01032295,Worcester 013C,Violence and sexual offences,Defendant found not guilty,
e42f45727d6df0dcb53647cef0f4c97832c9493168be8528a7ba2b4fdb373860,2015-04,West Mercia Police,West Mercia Police,-2.220146,52.185786,On or near Mill Street,E01032295,Worcester 013C,Violence and sexual offences,Court result unavailable,
cc5feaa0099d86e42ddbdff796a4b5dcafc78d251490e6070cf054c4b6abd1cd,2015-04,West Mercia Police,West Mercia Police,-2.221851,52.181738,On or near Crossley Road,E01032295,Worcester 013C,Violence and sexual offences,Unable to prosecute suspect,
1e3c7fbece2ec22dfdc96340eee564fc4b720797ce414596d48af28e9b71e9f4,2015-04,West Mercia Police,West Mercia Police,-2.217822,52.186114,On or near Petrol Station,E01032295,Worcester 013C,Violence and sexual offences,Unable to prosecute suspect,
953266532685920bbde9318ca47e0927fedb9a01641ffd703f248c52ca71eb87,2015-04,West Mercia Police,West Mercia Police,-2.217281,52.177224,On or near Waverley Street,E01032295,Worcester 013C,Violence and sexual offences,Unable to prosecute suspect,
c982397152aeb187f0ba2f013fbdd864a61d069355e52cd6653f3a4b190d4f0e,2015-04,West Mercia Police,West Mercia Police,-2.217281,52.177224,On or near Waverley Street,E01032295,Worcester 013C,Violence and sexual offences,Court case unable to proceed,
215c13d4069e876ac2c65558121b8a8ffde5c89cf944a67d036196aaa4572bab,2015-04,West Mercia Police,West Mercia Police,-2.217822,52.186114,On or near Petrol Station,E01032295,Worcester 013C,Other crime,Offender sent to prison,
,2015-04,West Mercia Police,West Mercia Police,-2.191950,52.183597,On or near Nunnery Lane,E01032308,Worcester 013D,Anti-social behaviour,,
,2015-04,West Mercia Police,West Mercia Police,-2.183828,52.182288,On or near Ludstock Close,E01032308,Worcester 013D,Anti-social behaviour,,
,2015-04,West Mercia Police,West Mercia Police,-2.183828,52.182288,On or near Ludstock Close,E01032308,Worcester 013D,Anti-social behaviour,,
,2015-04,West Mercia Police,West Mercia Police,-2.186419,52.182977,On or near Spetchley Road,E01032308,Worcester 013D,Anti-social behaviour,,
,2015-04,West Mercia Police,West Mercia Police,-2.191950,52.183597,On or near Nunnery Lane,E01032308,Worcester 013D,Anti-social behaviour,,
,2015-04,West Mercia Police,West Mercia Police,-2.189507,52.180050,On or near Whittington Road,E01032308,Worcester 013D,Anti-social behaviour,,
,2015-04,West Mercia Police,West Mercia Police,-2.191950,52.183597,On or near Nunnery Lane,E01032308,Worcester 013D,Anti-social behaviour,,
76d4628724094c95e7922a21e573240de6853d7bdb1027b433d5a03954601226,2015-04,West Mercia Police,West Mercia Police,-2.192528,52.181825,On or near A44,E01032308,Worcester 013D,Possession of weapons,Unable to prosecute suspect,
7065eeded20154fbe7dd7a395084e4dcb5cac2d4397ab8cc473f731f52502801,2015-04,West Mercia Police,West Mercia Police,-2.191950,52.183597,On or near Nunnery Lane,E01032308,Worcester 013D,Violence and sexual offences,Unable to prosecute suspect,
cc2d9a5c42817b61cd519660fdb756a24a4abf02b8efe7b856d30a164de984b2,2015-04,West Mercia Police,West Mercia Police,-2.185616,52.179651,On or near Conference/Exhibition Centre,E01032308,Worcester 013D,Violence and sexual offences,Unable to prosecute suspect,
01eb38df49c2de47f17ee88c14884e21d23384a416349fb0723ff839250480ee,2015-04,West Mercia Police,West Mercia Police,-2.215493,52.164317,On or near Begonia Close,E01032323,Worcester 014A,Vehicle crime,Investigation complete; no suspect identified,
,2015-04,West Mercia Police,West Mercia Police,-2.201507,52.168729,On or near Heath Drive,E01032324,Worcester 014B,Anti-social behaviour,,
,2015-04,West Mercia Police,West Mercia Police,-2.203747,52.172510,On or near Eden Close,E01032324,Worcester 014B,Anti-social behaviour,,
cfaa963eed73190e5574b8268a68b7962cdfadc8d6cbe5136b17d3cbfef68867,2015-04,West Mercia Police,West Mercia Police,-2.209327,52.165119,On or near Broomhall Way,E01032324,Worcester 014B,Vehicle crime,Investigation complete; no suspect identified,
,2015-04,West Mercia Police,West Mercia Police,-2.199457,52.171214,On or near Stroma Avenue,E01032325,Worcester 014C,Anti-social behaviour,,
,2015-04,West Mercia Police,West Mercia Police,-2.198632,52.170001,On or near Fox Drive,E01032325,Worcester 014C,Anti-social behaviour,,
8ee0a3ec1e99ef34b2debd7038bb5e47d3b42500fab60d81865ce4f13732161b,2015-04,West Mercia Police,West Mercia Police,-2.197194,52.172162,On or near Otter Lane,E01032325,Worcester 014C,Vehicle crime,Investigation complete; no suspect identified,
95b0bc7a185fd6fd90a2b9a33876ac241fdb966a2f4abde783c8fb9264a59a63,2015-04,West Mercia Police,West Mercia Police,-2.197314,52.172809,On or near Arran Place,E01032325,Worcester 014C,Violence and sexual offences,Unable to prosecute suspect,
9575a139678499cea8c3ba49cf020dd97cfb5fc507cb47b7bc8e62f1dfa963c0,2015-04,West Mercia Police,West Mercia Police,-2.199707,52.171546,On or near Farne Avenue,E01032325,Worcester 014C,Violence and sexual offences,Unable to prosecute suspect,
,2015-04,West Mercia Police,West Mercia Police,-2.205734,52.172111,On or near Sandpiper Close,E01032326,Worcester 014D,Anti-social behaviour,,
3e7e4a123b5e297fca3a072d5eaf398153dc4d9bf4811caa36d4dfeec040882b,2015-04,West Mercia Police,West Mercia Police,-2.205734,52.172111,On or near Sandpiper Close,E01032326,Worcester 014D,Criminal damage and arson,Investigation complete; no suspect identified,
8db3b94fca350612f10b14d80ba3dfd9307df551e0340a1027f82d4f271b6889,2015-04,West Mercia Police,West Mercia Police,-2.205734,52.172111,On or near Sandpiper Close,E01032326,Worcester 014D,Other theft,Investigation complete; no suspect identified,
63c1de75ef11301e982a6676cc9be101d99373961f54b0694de350e021ab9fc3,2015-04,West Mercia Police,West Mercia Police,-2.211325,52.170321,On or near Arden Road,E01032326,Worcester 014D,Other theft,Investigation complete; no suspect identified,
9d5d56bea5f77d07635398541dc892f5c969c11670cf9bfa9196e7b56affee6d,2015-04,West Mercia Police,West Mercia Police,-2.205734,52.172111,On or near Sandpiper Close,E01032326,Worcester 014D,Other theft,Investigation complete; no suspect identified,
8faf6e76fc5e7daa9864adab9c198f80a274bb43ca2d1bb2883e9883595c31d7,2015-04,West Mercia Police,West Mercia Police,-2.205734,52.172111,On or near Sandpiper Close,E01032326,Worcester 014D,Other theft,Investigation complete; no suspect identified,
762e51a6e8995bc90fbaae3582006c42609114367b1565ccd703fb0a525df271,2015-04,West Mercia Police,West Mercia Police,-2.205734,52.172111,On or near Sandpiper Close,E01032326,Worcester 014D,Violence and sexual offences,Unable to prosecute suspect,
e016bf28d147664818d66e9b1b9732d03b3e9a14ce2513c2871eb9c431f76cc5,2015-04,West Mercia Police,West Mercia Police,-2.205734,52.172111,On or near Sandpiper Close,E01032326,Worcester 014D,Violence and sexual offences,Offender fined,
2c45ae0f697301393e1f0332b6d277dd2519323c2151a302b779236345a81945,2015-04,West Mercia Police,West Mercia Police,-2.205734,52.172111,On or near Sandpiper Close,E01032326,Worcester 014D,Violence and sexual offences,Under investigation,
,2015-04,West Mercia Police,West Mercia Police,-2.104978,52.304716,On or near School Lane,E01032354,Wychavon 001A,Anti-social behaviour,,
,2015-04,West Mercia Police,West Mercia Police,-2.114829,52.291905,On or near Salwarpe Close,E01032354,Wychavon 001A,Anti-social behaviour,,
,2015-04,West Mercia Police,West Mercia Police,-2.116683,52.288703,On or near Aerial Way,E01032354,Wychavon 001A,Anti-social behaviour,,
,2015-04,West Mercia Police,West Mercia Police,-2.132954,52.268305,On or near Impney Way,E01032354,Wychavon 001A,Anti-social behaviour,,
,2015-04,West Mercia Police,West Mercia Police,-2.115189,52.289441,On or near School Road,E01032354,Wychavon 001A,Anti-social behaviour,,
,2015-04,West Mercia Police,West Mercia Police,-2.119239,52.290462,On or near Walkmill Drive,E01032354,Wychavon 001A,Anti-social behaviour,,
cd8915d4b93fcb8daa2b044dd85ad6bb865a3bd8f1b68f00fb9430c9dd02c556,2015-04,West Mercia Police,West Mercia Police,-2.112829,52.289462,On or near St Richards Close,E01032354,Wychavon 001A,Burglary,Investigation complete; no suspect identified,
7a66750d29007a704f378dcd4dcfa55fb5e006ca1bad85f22d9ef7eff15599b0,2015-04,West Mercia Police,West Mercia Police,-2.114829,52.291905,On or near Salwarpe Close,E01032354,Wychavon 001A,Drugs,Offender given a caution,
ca5abd87657b3af114fc5c2a2553e75a826609c7f2f559807a49f3769272e857,2015-04,West Mercia Police,West Mercia Police,-2.114298,52.290557,On or near De Wyche Close,E01032354,Wychavon 001A,Other theft,Investigation complete; no suspect identified,
e222892142e5f715475c94abf67507107932f09ad3937e0c2ad406c4040fc9c4,2015-04,West Mercia Police,West Mercia Police,-2.144467,52.289427,On or near Crutch Lane,E01032354,Wychavon 001A,Other theft,Investigation complete; no suspect identified,
98a707c70e980cd8e572149bb93352ad96ee6d9c0b199df301518df2f3a37faf,2015-04,West Mercia Police,West Mercia Police,-2.093665,52.309284,On or near Worcester Road,E01032354,Wychavon 001A,Other theft,Investigation complete; no suspect identified,
9f55571035e8a58a86f0c0d209970e714c638071f1e8699e30d69bbbbaccb6d9,2015-04,West Mercia Police,West Mercia Police,-2.137708,52.327014,On or near Purshull Green Lane,E01032354,Wychavon 001A,Other theft,Investigation complete; no suspect identified,
146e3c5e67344e7f685b986ea6ac23e11a117f9e14c322f80c55af973efafa06,2015-04,West Mercia Police,West Mercia Police,-2.109243,52.291848,On or near Church Lane,E01032354,Wychavon 001A,Other theft,Unable to prosecute suspect,
72106e923f4935db37e16b2da8d547af7a31a26a21d408b8b12a78ed92e17544,2015-04,West Mercia Police,West Mercia Police,-2.093665,52.309284,On or near Worcester Road,E01032354,Wychavon 001A,Other theft,Investigation complete; no suspect identified,
799ef2473187698a8b990c258a4ed78d7290c59fd23a5f94a7fd994a3837d5ed,2015-04,West Mercia Police,West Mercia Police,-2.093665,52.309284,On or near Worcester Road,E01032354,Wychavon 001A,Other theft,Investigation complete; no suspect identified,
99e5a57e58d3091106f87d647e7894f987d6bdb4c7c7f1efc2344788d496d24b,2015-04,West Mercia Police,West Mercia Police,-2.093665,52.309284,On or near Worcester Road,E01032354,Wychavon 001A,Other theft,Investigation complete; no suspect identified,
ec2f30d1cabccd4a0d3ead5d818034480224bd70e64ea7929b11766cf0dc6184,2015-04,West Mercia Police,West Mercia Police,-2.127529,52.282551,On or near A38,E01032354,Wychavon 001A,Vehicle crime,Investigation complete; no suspect identified,
7bb279ac285a8db6c34e4c0c9179ae8668d512cedeb36064213193e2520abd9d,2015-04,West Mercia Police,West Mercia Police,-2.127529,52.282551,On or near A38,E01032354,Wychavon 001A,Vehicle crime,Investigation complete; no suspect identified,
04034fb5ee3744ce2a13262a1a2b04d88423cccf973b967a86426f3cdadc4d47,2015-04,West Mercia Police,West Mercia Police,-2.116169,52.288362,On or near Webb Drive,E01032354,Wychavon 001A,Violence and sexual offences,Investigation complete; no suspect identified,
34cb2a8d88f6d34b8166126a683d52b49ae16c5d4cc73622745f30b4f0c0019f,2015-04,West Mercia Police,West Mercia Police,-2.132954,52.268305,On or near Impney Way,E01032354,Wychavon 001A,Violence and sexual offences,Unable to prosecute suspect,
7599a5dc1e0b0c32d57f350aa6dfafa4b8a5617f6c574d547136442db23b2db9,2015-04,West Mercia Police,West Mercia Police,-2.109533,52.296612,On or near Worcester Road,E01032354,Wychavon 001A,Violence and sexual offences,Court result unavailable,
,2015-04,West Mercia Police,West Mercia Police,-2.262014,52.333439,On or near Park/Open Space,E01032386,Wychavon 001B,Anti-social behaviour,,
,2015-04,West Mercia Police,West Mercia Police,-2.233018,52.320005,On or near Narroway Lane,E01032386,Wychavon 001B,Anti-social behaviour,,
,2015-04,West Mercia Police,West Mercia Police,-2.228770,52.335540,On or near Woodlands Close,E01032386,Wychavon 001B,Anti-social behaviour,,
,2015-04,West Mercia Police,West Mercia Police,-2.233018,52.320005,On or near Narroway Lane,E01032386,Wychavon 001B,Anti-social behaviour,,
,2015-04,West Mercia Police,West Mercia Police,-2.228770,52.335540,On or near Woodlands Close,E01032386,Wychavon 001B,Anti-social behaviour,,
3b981b0324c196a0ddd00e2a88497f71cc18f7ab7fe3be1a2cdc46cccfaa278a,2015-04,West Mercia Police,West Mercia Police,-2.244533,52.314399,On or near Bishops Wood Lane,E01032386,Wychavon 001B,Burglary,Investigation complete; no suspect identified,
19422e5bf041fc1211155fe09acbef1dd2bdbd170043fff3a2d67bb7e4a4b4ea,2015-04,West Mercia Police,West Mercia Police,-2.269159,52.335508,On or near Power Station Road,E01032386,Wychavon 001B,Criminal damage and arson,Investigation complete; no suspect identified,
68ba9360fd252980eba18657af968a8f241a8f39b293c99b060f0694b3ad9651,2015-04,West Mercia Police,West Mercia Police,-2.215399,52.326143,On or near Beech Drive,E01032386,Wychavon 001B,Other theft,Investigation complete; no suspect identified,
cbcca489a3501eea0b0cd1c3e57422ae60fbfdf2876cec3409114e818f54ecdd,2015-04,West Mercia Police,West Mercia Police,-2.224186,52.334532,On or near Station Road,E01032386,Wychavon 001B,Other theft,Investigation complete; no suspect identified,
4b26df294b72d41e6443530dd23d179bdd555ef9ba8cce30b4ea1ef6d0ddf16e,2015-04,West Mercia Police,West Mercia Police,-2.230074,52.326493,On or near The Avenue,E01032386,Wychavon 001B,Violence and sexual offences,Unable to prosecute suspect,
ced741059566e55eb3467d17101089396d1e0c48ef78bdff4bdb4bd14a093e29,2015-04,West Mercia Police,West Mercia Police,-2.233018,52.320005,On or near Narroway Lane,E01032386,Wychavon 001B,Violence and sexual offences,Unable to prosecute suspect,
3945509d2d4c60dd06d1c8c4897ad255e5e91a6047207bed77854e32b60b84fa,2015-04,West Mercia Police,West Mercia Police,-2.230074,52.326493,On or near The Avenue,E01032386,Wychavon 001B,Violence and sexual offences,Unable to prosecute suspect,
bf9314befa00e071472973cb5ac87e0af42af6c3999d09a5d1731b5f2ecacd05,2015-04,West Mercia Police,West Mercia Police,-2.231663,52.330248,On or near Worcester Road,E01032386,Wychavon 001B,Violence and sexual offences,Unable to prosecute suspect,
444eb30fe401c4077fd38caffaf558207ab8ad8860a9e310ae89cf2840030c77,2015-04,West Mercia Police,West Mercia Police,-2.228770,52.335540,On or near Woodlands Close,E01032386,Wychavon 001B,Violence and sexual offences,Unable to prosecute suspect,
1959d997a4794f7f09f665962f2848978afca480e283bf5ceb3c7fcd3494e18e,2015-04,West Mercia Police,West Mercia Police,-2.230074,52.326493,On or near The Avenue,E01032386,Wychavon 001B,Violence and sexual offences,Unable to prosecute suspect,
,2015-04,West Mercia Police,West Mercia Police,-2.236045,52.329205,On or near Woodbury Close,E01032387,Wychavon 001C,Anti-social behaviour,,
,2015-04,West Mercia Police,West Mercia Police,-2.235763,52.334033,On or near Quarry Bank,E01032387,Wychavon 001C,Anti-social behaviour,,
b183665971b2ecb02ad8a04fac50513c17d136fc303fdefc9c04f1be8bfc8177,2015-04,West Mercia Police,West Mercia Police,-2.230802,52.350837,On or near Worcester Road,E01032387,Wychavon 001C,Burglary,Investigation complete; no suspect identified,
90dfad7fc92256a5350af3b4a2fe5a947ff1bb174663fd5c5e599788daba9ba7,2015-04,West Mercia Police,West Mercia Police,-2.242601,52.339189,On or near Park/Open Space,E01032387,Wychavon 001C,Burglary,Investigation complete; no suspect identified,
c0883a50db1bc84b11bdb7f615e0dfeffbbf732acbb77e10ebe9231e37261ef7,2015-04,West Mercia Police,West Mercia Police,-2.230802,52.350837,On or near Worcester Road,E01032387,Wychavon 001C,Other theft,Investigation complete; no suspect identified,
7892be32a08802f05cb53340fced2791a158581b85ab7662db3a75cb2a031663,2015-04,West Mercia Police,West Mercia Police,-2.230802,52.350837,On or near Worcester Road,E01032387,Wychavon 001C,Other crime,Unable to prosecute suspect,
,2015-04,West Mercia Police,West Mercia Police,-2.172611,52.280552,On or near Pointon Way,E01032401,Wychavon 001D,Anti-social behaviour,,
67078f10d61cb6a1c1e71a7beec7d72b0badaf67bc67fdaaa96f6c8a0c7bc41e,2015-04,West Mercia Police,West Mercia Police,-2.201380,52.327966,On or near Shopping Area,E01032401,Wychavon 001D,Criminal damage and arson,Investigation complete; no suspect identified,
18064d3f78e1db0c56edcb560b8d189405d63355c8c1977301f85c21997b025c,2015-04,West Mercia Police,West Mercia Police,-2.176926,52.314960,On or near Addis Lane,E01032401,Wychavon 001D,Other theft,Investigation complete; no suspect identified,
ac22b5b8a6d7815100c737e20f076979c66589ce2e6ab796a6979c6c022567f3,2015-04,West Mercia Police,West Mercia Police,-2.200131,52.343791,On or near A442,E01032401,Wychavon 001D,Other theft,Investigation complete; no suspect identified,
8f48e1e611e1f400a159cff15b489b4f956a14418c36c15bd3720dddcdcee815,2015-04,West Mercia Police,West Mercia Police,-2.201380,52.327966,On or near Shopping Area,E01032401,Wychavon 001D,Other theft,Investigation complete; no suspect identified,
,2015-04,West Mercia Police,West Mercia Police,-2.163507,52.276384,On or near Shepherds Hill,E01032368,Wychavon 002A,Anti-social behaviour,,
,2015-04,West Mercia Police,West Mercia Police,-2.165195,52.276796,On or near Ploughmans Place,E01032368,Wychavon 002A,Anti-social behaviour,,
,2015-04,West Mercia Police,West Mercia Police,-2.166963,52.275535,On or near Farmers Way,E01032368,Wychavon 002A,Anti-social behaviour,,
,2015-04,West Mercia Police,West Mercia Police,-2.166963,52.275535,On or near Farmers Way,E01032368,Wychavon 002A,Anti-social behaviour,,
,2015-04,West Mercia Police,West Mercia Police,-2.166963,52.275535,On or near Farmers Way,E01032368,Wychavon 002A,Anti-social behaviour,,
7e1d8ad27d438b12d0d9db43111d10c00b7831a57a82bd00034dff3ac233ca3e,2015-04,West Mercia Police,West Mercia Police,-2.166193,52.277271,On or near Ploughmans Way,E01032368,Wychavon 002A,Burglary,Investigation complete; no suspect identified,
7743097718beb88de726b49c9e7aeaad52d01315d4aceb93216097272d9c3766,2015-04,West Mercia Police,West Mercia Police,-2.168023,52.276819,On or near Pedestrian Subway,E01032368,Wychavon 002A,Other theft,Unable to prosecute suspect,
9cff8dcaaacd73e8bdfad00f0c65423b9d703d4f744a3b70d5883b44abd8b6d1,2015-04,West Mercia Police,West Mercia Police,-2.166193,52.277271,On or near Ploughmans Way,E01032368,Wychavon 002A,Violence and sexual offences,Offender fined,
8259e91883d5a4f298c1d18e9f98e446ecfbe991d31f20d54163222bb963d1da,2015-04,West Mercia Police,West Mercia Police,-2.166963,52.275535,On or near Farmers Way,E01032368,Wychavon 002A,Violence and sexual offences,Unable to prosecute suspect,
ae72935a030dc0973c0d5e7637b46a8d3477b6f7f1e0cbca80cad51e3467d548,2015-04,West Mercia Police,West Mercia Police,-2.166813,52.278367,On or near Crofters Close,E01032368,Wychavon 002A,Violence and sexual offences,Unable to prosecute suspect,
05c1563ec88c9407f87f9dfb5dd1c2fb3b8ae4199122f1da0315ae4ef68bdfef,2015-04,West Mercia Police,West Mercia Police,-2.162074,52.277070,On or near Drovers Place,E01032368,Wychavon 002A,Violence and sexual offences,Unable to prosecute suspect,
32135bf7fd0ced68b38ada07dad61cb05f771035a4e29759ffcea8647b1a0008,2015-04,West Mercia Police,West Mercia Police,-2.164753,52.280231,On or near Crofters End,E01032368,Wychavon 002A,Violence and sexual offences,Unable to prosecute suspect,
bebd1dbb513766f57d9242e840337914c1693ab00b18eda21e586966a728df95,2015-04,West Mercia Police,West Mercia Police,-2.164334,52.277930,On or near Thatchers Court,E01032368,Wychavon 002A,Violence and sexual offences,Unable to prosecute suspect,
1434842eeedf45acade7c8143a86a84a3183c9075ecb0b8c8c0d92d0cd11f9fd,2015-04,West Mercia Police,West Mercia Police,-2.162074,52.277070,On or near Drovers Place,E01032368,Wychavon 002A,Violence and sexual offences,Investigation complete; no suspect identified,
e51fd0af4518a94fa158355ce455139553775b855a2911e5d5417356b299f401,2015-04,West Mercia Police,West Mercia Police,-2.164753,52.280231,On or near Crofters End,E01032368,Wychavon 002A,Other crime,Local resolution,
,2015-04,West Mercia Police,West Mercia Police,-2.163062,52.274713,On or near Meadow Place,E01032369,Wychavon 002B,Anti-social behaviour,,
,2015-04,West Mercia Police,West Mercia Police,-2.163062,52.274713,On or near Meadow Place,E01032369,Wychavon 002B,Anti-social behaviour,,
,2015-04,West Mercia Police,West Mercia Police,-2.163062,52.274713,On or near Meadow Place,E01032369,Wychavon 002B,Anti-social behaviour,,
,2015-04,West Mercia Police,West Mercia Police,-2.163037,52.275909,On or near Shepherds Way,E01032369,Wychavon 002B,Anti-social behaviour,,
,2015-04,West Mercia Police,West Mercia Police,-2.162736,52.273742,On or near Meadow Road,E01032369,Wychavon 002B,Anti-social behaviour,,
,2015-04,West Mercia Police,West Mercia Police,-2.167706,52.274176,On or near Woodmans Way,E01032369,Wychavon 002B,Anti-social behaviour,,
,2015-04,West Mercia Police,West Mercia Police,-2.162736,52.273742,On or near Meadow Road,E01032369,Wychavon 002B,Anti-social behaviour,,
,2015-04,West Mercia Police,West Mercia Police,-2.156435,52.274102,On or near George Baylis Road,E01032369,Wychavon 002B,Anti-social behaviour,,
,2015-04,West Mercia Police,West Mercia Police,-2.163182,52.275441,On or near Shepherds Close,E01032369,Wychavon 002B,Anti-social behaviour,,
85ac69f575cfa005c58a6f8db16637ac764f53a0a069b5f16ba373499fe72468,2015-04,West Mercia Police,West Mercia Police,-2.163182,52.275441,On or near Shepherds Close,E01032369,Wychavon 002B,Burglary,Investigation complete; no suspect identified,
124821365a71c11c0501958f7d94048acd1ae88b671dcc71a959c75eca95a83a,2015-04,West Mercia Police,West Mercia Police,-2.167706,52.274176,On or near Woodmans Way,E01032369,Wychavon 002B,Criminal damage and arson,Investigation complete; no suspect identified,
702e7f3ec15ae17fd72ebbed787da3654d0337064b9507a05e6c3bdbacec7369,2015-04,West Mercia Police,West Mercia Police,-2.156435,52.274102,On or near George Baylis Road,E01032369,Wychavon 002B,Other theft,Investigation complete; no suspect identified,
1e438c54a3de3604d90b6f760468921473118bec59455a4745a6ec7a682eeea8,2015-04,West Mercia Police,West Mercia Police,-2.156297,52.272313,On or near Kidderminster Road,E01032369,Wychavon 002B,Other theft,Local resolution,
9e64e5adab00e8718d2b8a5d9f7ddf8eedf313c5cd3a3ed30777a8d4b899eaf1,2015-04,West Mercia Police,West Mercia Police,-2.156435,52.274102,On or near George Baylis Road,E01032369,Wychavon 002B,Public order,Unable to prosecute suspect,
237f5daa3120c67ba9de16847a84ae6355318b3715ed957c20d774993d04d5ff,2015-04,West Mercia Police,West Mercia Police,-2.159845,52.272865,On or near Supermarket,E01032369,Wychavon 002B,Shoplifting,Suspect charged as part of another case,
aa4aba0f265a3dd128b995b8ce8fdbf1315bf4fe02c6d81041f32e1fe7b0df06,2015-04,West Mercia Police,West Mercia Police,-2.156435,52.274102,On or near George Baylis Road,E01032369,Wychavon 002B,Shoplifting,Investigation complete; no suspect identified,
1f950525e5866ef1751e43ec50aa6f824095dbb20cd3237f70c2760602e36c89,2015-04,West Mercia Police,West Mercia Police,-2.156435,52.274102,On or near George Baylis Road,E01032369,Wychavon 002B,Shoplifting,Awaiting court outcome,
ad1f9474f5f682dd4d74b541dd392ae9214036d1a5c16f9387f53523c9100dde,2015-04,West Mercia Police,West Mercia Police,-2.156435,52.274102,On or near George Baylis Road,E01032369,Wychavon 002B,Shoplifting,Offender sent to prison,
f3ce0016506371ad6fea9ebe2b6a62a10e60be2a4473c7b083c1f28b52908011,2015-04,West Mercia Police,West Mercia Police,-2.162736,52.273742,On or near Meadow Road,E01032369,Wychavon 002B,Violence and sexual offences,Offender given a caution,
19d08df340690c259cad9d0bdfc14c4f6d3398cfe6e2cf1a5e0c785328d84748,2015-04,West Mercia Police,West Mercia Police,-2.160984,52.271524,On or near Sports/Recreation Area,E01032369,Wychavon 002B,Violence and sexual offences,Unable to prosecute suspect,
da70f251204d2285d497f167dc16fe315d9129b81f66b6fff1ef9459d2aeb677,2015-04,West Mercia Police,West Mercia Police,-2.157571,52.272032,On or near Honeymans Gardens,E01032369,Wychavon 002B,Violence and sexual offences,Unable to prosecute suspect,
,2015-04,West Mercia Police,West Mercia Police,-2.169762,52.267601,On or near Shirley Jones Close,E01032370,Wychavon 002C,Anti-social behaviour,,
,2015-04,West Mercia Police,West Mercia Police,-2.169762,52.267601,On or near Shirley Jones Close,E01032370,Wychavon 002C,Anti-social behaviour,,
,2015-04,West Mercia Police,West Mercia Police,-2.168518,52.271945,On or near Hunters Place,E01032370,Wychavon 002C,Anti-social behaviour,,
96e689c50591cab83e01e1762c00624bce14660ba4338e56e5a45502afb35e1b,2015-04,West Mercia Police,West Mercia Police,-2.165913,52.265233,On or near The Firs,E01032370,Wychavon 002C,Burglary,Investigation complete; no suspect identified,
24d9e5615b2417bf5a1725c1bdf8e6f347f19a089ec143b11e2ae2bb8403accd,2015-04,West Mercia Police,West Mercia Police,-2.175994,52.265039,On or near Westwood Close,E01032370,Wychavon 002C,Criminal damage and arson,Investigation complete; no suspect identified,
7443c674a708629b730556393ad79208811efef9bfc89be91bcd2baae060225c,2015-04,West Mercia Police,West Mercia Police,-2.169762,52.267601,On or near Shirley Jones Close,E01032370,Wychavon 002C,Criminal damage and arson,Court case unable to proceed,
0a9fe4c0057089fefa866ced29978da581219925b88b6f4e02baa90516244ed7,2015-04,West Mercia Police,West Mercia Police,-2.167920,52.272845,On or near Farriers Way,E01032370,Wychavon 002C,Violence and sexual offences,Unable to prosecute suspect,
42a4b1ac2648246eddfdcfe203fbfacc441d03c38de6a7359dcf32fcaf2b3df0,2015-04,West Mercia Police,West Mercia Police,-2.169232,52.267080,On or near Roman Way,E01032370,Wychavon 002C,Violence and sexual offences,Unable to prosecute suspect,
062b734ffe67e6dc81c2863640bf5e5e2508658b86d4ce06cd8a6df827c6f9fe,2015-04,West Mercia Police,West Mercia Police,-2.169762,52.267601,On or near Shirley Jones Close,E01032370,Wychavon 002C,Violence and sexual offences,Offender given community sentence,
,2015-04,West Mercia Police,West Mercia Police,-2.170032,52.261811,On or near Oakham Drive,E01032371,Wychavon 002D,Anti-social behaviour,,
301157bc323c38bfe82178aaf96a67d43da5df60cc80677055a09e016d1b2adc,2015-04,West Mercia Police,West Mercia Police,-2.168160,52.262551,On or near Valley Way,E01032371,Wychavon 002D,Violence and sexual offences,Unable to prosecute suspect,
0869d178475a2ea94f8ee2ba6ee1b3d9d2b3cd782e0cdf5ceb52113b44a3692c,2015-04,West Mercia Police,West Mercia Police,-2.168160,52.262551,On or near Valley Way,E01032371,Wychavon 002D,Violence and sexual offences,Awaiting court outcome,
,2015-04,West Mercia Police,West Mercia Police,-2.151638,52.268399,On or near Supermarket,E01032359,Wychavon 003A,Anti-social behaviour,,
,2015-04,West Mercia Police,West Mercia Police,-2.149247,52.267674,On or near St Andrew'S Street,E01032359,Wychavon 003A,Anti-social behaviour,,
,2015-04,West Mercia Police,West Mercia Police,-2.153157,52.266959,On or near Droitwich Police Station,E01032359,Wychavon 003A,Anti-social behaviour,,
,2015-04,West Mercia Police,West Mercia Police,-2.149247,52.267674,On or near St Andrew'S Street,E01032359,Wychavon 003A,Anti-social behaviour,,
,2015-04,West Mercia Police,West Mercia Police,-2.151638,52.268399,On or near Supermarket,E01032359,Wychavon 003A,Anti-social behaviour,,
,2015-04,West Mercia Police,West Mercia Police,-2.153157,52.266959,On or near Droitwich Police Station,E01032359,Wychavon 003A,Anti-social behaviour,,
41b3e3518e7979a5af1c97cf6d407145c24b557ef51f83b86eb85f096afdf4f5,2015-04,West Mercia Police,West Mercia Police,-2.147631,52.266426,On or near Worcester Road,E01032359,Wychavon 003A,Bicycle theft,Investigation complete; no suspect identified,
eaee469501ea44b7145bbd8b00963d977acd9a46b6d9f6c136c9355602ff3ad3,2015-04,West Mercia Police,West Mercia Police,-2.149126,52.270865,On or near Vines Lane,E01032359,Wychavon 003A,Burglary,Investigation complete; no suspect identified,
3b94229c9cec56738d176b37c0276842e9483881a04e8b1f0b4e39d8a35842f0,2015-04,West Mercia Police,West Mercia Police,-2.145161,52.268479,On or near Queen Street,E01032359,Wychavon 003A,Burglary,Unable to prosecute suspect,
93ce2fe6bf5a7e6bea1b9730da5a1d17f3127b3b0802e01302abde3e922a5129,2015-04,West Mercia Police,West Mercia Police,-2.148753,52.269113,On or near Rickett'S Lane,E01032359,Wychavon 003A,Criminal damage and arson,Investigation complete; no suspect identified,
874cda0ba18521f4908c917908127810dc16cc6189c37ad97e915524c4a5845f,2015-04,West Mercia Police,West Mercia Police,-2.152190,52.267131,On or near Ombersley Street East,E01032359,Wychavon 003A,Criminal damage and arson,Under investigation,
98b496135e13c973b43a0e025f61628bdb5887c6a5059e53ab24f08ce414d571,2015-04,West Mercia Police,West Mercia Police,-2.146877,52.268801,On or near Supermarket,E01032359,Wychavon 003A,Criminal damage and arson,Unable to prosecute suspect,
fd7699ddff6d6a520c316798bade563a72ce7c5c5c4f89116695647a0183135a,2015-04,West Mercia Police,West Mercia Police,-2.151638,52.268399,On or near Supermarket,E01032359,Wychavon 003A,Criminal damage and arson,Investigation complete; no suspect identified,
e96cef1f1851c8685af455f6942a2e57e0c80078711ffc1830fd9e883475640e,2015-04,West Mercia Police,West Mercia Police,-2.146877,52.268801,On or near Supermarket,E01032359,Wychavon 003A,Criminal damage and arson,Investigation complete; no suspect identified,
4890dc78292e35da14cb360efcd36bd03d477bfd028bfb551efd17af008cc771,2015-04,West Mercia Police,West Mercia Police,-2.151638,52.268399,On or near Supermarket,E01032359,Wychavon 003A,Other theft,Investigation complete; no suspect identified,
f1b1074f3ccad2e8d629abe4e13b60a9c8075b487ced268ee6a8dfca270c80bd,2015-04,West Mercia Police,West Mercia Police,-2.151638,52.268399,On or near Supermarket,E01032359,Wychavon 003A,Other theft,Investigation complete; no suspect identified,
9b2e4162b6d3eef295c8851e7e3589b056aa29db3ff53fba1f40590c4e304372,2015-04,West Mercia Police,West Mercia Police,-2.146877,52.268801,On or near Supermarket,E01032359,Wychavon 003A,Other theft,Investigation complete; no suspect identified,
57c7af6b765039efd4b9e24a378bbb5a3fcfb90b4cf4c890ac02c865f95e675d,2015-04,West Mercia Police,West Mercia Police,-2.153093,52.269827,On or near Hampton Road,E01032359,Wychavon 003A,Other theft,Investigation complete; no suspect identified,
f02c2e6d2692737cfbc4f00e0ba8c34430dd43e7197e19ef38994ec152d09bdf,2015-04,West Mercia Police,West Mercia Police,-2.149126,52.270865,On or near Vines Lane,E01032359,Wychavon 003A,Robbery,Defendant found not guilty,
8a9a21702ed0d85fef86078dc35d4e1af5e98dae3ce97d025373189a6ce776f5,2015-04,West Mercia Police,West Mercia Police,-2.151638,52.268399,On or near Supermarket,E01032359,Wychavon 003A,Shoplifting,Investigation complete; no suspect identified,
1c6f982936a45ed3cc8d209c57202a678a4edad912d4ce81caf24735948f674e,2015-04,West Mercia Police,West Mercia Police,-2.150991,52.267842,On or near Shopping Area,E01032359,Wychavon 003A,Shoplifting,Investigation complete; no suspect identified,
bceb630c50d003f4e6b2d0b1e725264e1c019b5dd30f61d408623e2988a034c3,2015-04,West Mercia Police,West Mercia Police,-2.150991,52.267842,On or near Shopping Area,E01032359,Wychavon 003A,Shoplifting,Investigation complete; no suspect identified,
e17c5aa52254bbd1bc37cb3d29d01c93d7ccc5125d3dc36c4a9fc7020beab7c7,2015-04,West Mercia Police,West Mercia Police,-2.151638,52.268399,On or near Supermarket,E01032359,Wychavon 003A,Shoplifting,Offender sent to prison,
ae172f72e5a0bd7cb3603037d3403d5e58bfcaa0ed355fe7e534de3ed9b021e2,2015-04,West Mercia Police,West Mercia Police,-2.146877,52.268801,On or near Supermarket,E01032359,Wychavon 003A,Shoplifting,Offender sent to prison,
d9ec7801ce4fbd8fdca1c79386180acaabc7f6237ac109a86b9fadc8eb926cea,2015-04,West Mercia Police,West Mercia Police,-2.146877,52.268801,On or near Supermarket,E01032359,Wychavon 003A,Shoplifting,Offender sent to prison,
353be2dc2e9b19742a8243eba5e904ad57057755366dca736f29b620e5c6d8d9,2015-04,West Mercia Police,West Mercia Police,-2.150991,52.267842,On or near Shopping Area,E01032359,Wychavon 003A,Shoplifting,Offender sent to prison,
a88fb7890468ba7c679ec6a51d1ace6a0cd83b540a141bdf7930b8b0286de4d4,2015-04,West Mercia Police,West Mercia Police,-2.151638,52.268399,On or near Supermarket,E01032359,Wychavon 003A,Shoplifting,Offender sent to prison,
9b5e46de9c742c6e62e7333a19245fb0a88152717981e7ae182c07b6084ffe8f,2015-04,West Mercia Police,West Mercia Police,-2.151638,52.268399,On or near Supermarket,E01032359,Wychavon 003A,Shoplifting,Suspect charged as part of another case,
36e7b4b6a918802b44830a23d4f7e839820a2a164076f5c919969ab4fede6099,2015-04,West Mercia Police,West Mercia Police,-2.151638,52.268399,On or near Supermarket,E01032359,Wychavon 003A,Shoplifting,Court result unavailable,
8e8b4695d6f7d1d4f775aae35da99626aa793f07cc4942c84eba30b9b2a5fc76,2015-04,West Mercia Police,West Mercia Police,-2.150991,52.267842,On or near Shopping Area,E01032359,Wychavon 003A,Shoplifting,Investigation complete; no suspect identified,
5cba8e05cfac24c1c34b933e3f1739d92f2e738ca2d7998bf2876b43d78c80ca,2015-04,West Mercia Police,West Mercia Police,-2.151638,52.268399,On or near Supermarket,E01032359,Wychavon 003A,Shoplifting,Offender sent to prison,
ca815fca4f206e1e4b55cd09b0f544525d664dbb15ec65fca1811b7953b6a2c8,2015-04,West Mercia Police,West Mercia Police,-2.143266,52.267151,On or near Heriots Lane,E01032359,Wychavon 003A,Vehicle crime,Investigation complete; no suspect identified,
7f85370ce0f65ff6f968e3d30d21f61525a27cd354e768d82fba2c1e7ce45ec5,2015-04,West Mercia Police,West Mercia Police,-2.145174,52.272552,On or near St Augustine Drive,E01032359,Wychavon 003A,Vehicle crime,Investigation complete; no suspect identified,
95f22f10d744721b00fb92fbe439265d30e08096c38640021612ba2101d171f8,2015-04,West Mercia Police,West Mercia Police,-2.150991,52.267842,On or near Shopping Area,E01032359,Wychavon 003A,Violence and sexual offences,Unable to prosecute suspect,
af6345d08c74892379b6e5e4d394af4339b180b5865a215b79879709743fce78,2015-04,West Mercia Police,West Mercia Police,-2.148753,52.269113,On or near Rickett'S Lane,E01032359,Wychavon 003A,Violence and sexual offences,Investigation complete; no suspect identified,
2be8968700b23878de2471227f9d81c0d57ac31f0138b831fc5de997c354fe25,2015-04,West Mercia Police,West Mercia Police,-2.153157,52.266959,On or near Droitwich Police Station,E01032359,Wychavon 003A,Violence and sexual offences,Investigation complete; no suspect identified,
02cdccb0fdaaa7dffa5366b4479369350662fbcb295518ee739d1be408141f58,2015-04,West Mercia Police,West Mercia Police,-2.148753,52.269113,On or near Rickett'S Lane,E01032359,Wychavon 003A,Violence and sexual offences,Local resolution,
45b1453c3c740cde2b2aca48be8b7d6bb996fd188a2d5686377760adf2a7db0a,2015-04,West Mercia Police,West Mercia Police,-2.149126,52.270865,On or near Vines Lane,E01032359,Wychavon 003A,Violence and sexual offences,Unable to prosecute suspect,
13ce3abf87db951363e07b758c11d0dae50baeaabc83908e832158856fa051fd,2015-04,West Mercia Police,West Mercia Police,-2.143266,52.267151,On or near Heriots Lane,E01032359,Wychavon 003A,Violence and sexual offences,Unable to prosecute suspect,
c6ce28a9cc5e110da696e807de622306126f3b06e263cfc34af8f2e3f2cbcc8b,2015-04,West Mercia Police,West Mercia Police,-2.146877,52.268801,On or near Supermarket,E01032359,Wychavon 003A,Violence and sexual offences,Unable to prosecute suspect,
a2d108a4a3cf73e3e20006a25e7787e9b8d994d619017f7f5b8de136785ddd0a,2015-04,West Mercia Police,West Mercia Police,-2.148491,52.269527,On or near Saltway,E01032359,Wychavon 003A,Violence and sexual offences,Unable to prosecute suspect,
644ce44389ce9176b68d242d81b09c7b05870a1f423031bb1d6811ad749bb05d,2015-04,West Mercia Police,West Mercia Police,-2.149903,52.266882,On or near Further/Higher Educational Building,E01032359,Wychavon 003A,Violence and sexual offences,Investigation complete; no suspect identified,
d156cbefe5ba58d049c9939b7eea3aa14fac28888b2d56f7ddcf6e3324d8f34d,2015-04,West Mercia Police,West Mercia Police,-2.152190,52.267131,On or near Ombersley Street East,E01032359,Wychavon 003A,Other crime,Under investigation,
,2015-04,West Mercia Police,West Mercia Police,-2.138324,52.265754,On or near Robeson Close,E01032360,Wychavon 003B,Anti-social behaviour,,
,2015-04,West Mercia Police,West Mercia Police,-2.137444,52.265521,On or near Winslow Avenue,E01032360,Wychavon 003B,Anti-social behaviour,,
04cca18d5b3094a80818d22b07e7bbf025cac43f9c844740d8eae90dfbb98927,2015-04,West Mercia Police,West Mercia Police,-2.137444,52.265521,On or near Winslow Avenue,E01032360,Wychavon 003B,Drugs,Offender sent to prison,
310ad7d376d9ad63e7006c21f04a4998d3134681da2d49b1cc960d4418ac3c15,2015-04,West Mercia Police,West Mercia Police,-2.147545,52.258227,On or near Adrian Close,E01032361,Wychavon 003C,Burglary,Investigation complete; no suspect identified,
dd4a8c07154829462845c6974f6b304b8b79f8293e65392a37377635cd90e9a6,2015-04,West Mercia Police,West Mercia Police,-2.137721,52.255731,On or near Percheron Way,E01032361,Wychavon 003C,Vehicle crime,Investigation complete; no suspect identified,
ab55667e53d42591f74256c774a60d89a37897957dcbe755557af897269ecb24,2015-04,West Mercia Police,West Mercia Police,-2.139173,52.256286,On or near Shire Way,E01032361,Wychavon 003C,Vehicle crime,Investigation complete; no suspect identified,
90e884637b74044ca69cbf464d77b796537ecb6d00d69b319eed0ecc7535b168,2015-04,West Mercia Police,West Mercia Police,-2.137721,52.255731,On or near Percheron Way,E01032361,Wychavon 003C,Vehicle crime,Investigation complete; no suspect identified,
,2015-04,West Mercia Police,West Mercia Police,-2.162729,52.267863,On or near Archers Close,E01032357,Wychavon 004A,Anti-social behaviour,,
,2015-04,West Mercia Police,West Mercia Police,-2.159233,52.265701,On or near Steynors Way,E01032357,Wychavon 004A,Anti-social behaviour,,
d7855e1ae654863fd1465fffc9a1479d0be18c85ec458e86747667f75527b9c6,2015-04,West Mercia Police,West Mercia Police,-2.159603,52.266509,On or near Ombersley Road,E01032357,Wychavon 004A,Burglary,Investigation complete; no suspect identified,
8637cc9e7dd21a6d6c1ae498108baeeb131ea1978ea529270b3f9886e2920490,2015-04,West Mercia Police,West Mercia Police,-2.159603,52.266509,On or near Ombersley Road,E01032357,Wychavon 004A,Burglary,Investigation complete; no suspect identified,
999a2de6b502922e0636af37e7dc084e72c0f743a0c5beb35dd37e05af82a1c6,2015-04,West Mercia Police,West Mercia Police,-2.160979,52.270346,On or near Stouton Croft,E01032357,Wychavon 004A,Criminal damage and arson,Investigation complete; no suspect identified,
4ee6728d20481c0ce2814af734395538d8cca310c0a56001482549f50c100165,2015-04,West Mercia Police,West Mercia Police,-2.160736,52.263919,On or near Packington Road,E01032357,Wychavon 004A,Criminal damage and arson,Investigation complete; no suspect identified,
760eda855d69dec92e4a7ea15f30854d03b04c2c5dde1bfeee9944055ac38400,2015-04,West Mercia Police,West Mercia Police,-2.160784,52.265024,On or near Steynors Close,E01032357,Wychavon 004A,Other theft,Unable to prosecute suspect,
e935eec7a280987991a97e2fce01c0adc2f5a1130b7344f51acce25b04a9c5de,2015-04,West Mercia Police,West Mercia Police,-2.158643,52.268552,On or near Acre Lane,E01032357,Wychavon 004A,Vehicle crime,Investigation complete; no suspect identified,
49779a9507846fdaa2532268170cd8ed7c5e84734ac79e48bd2d0efce6c42bda,2015-04,West Mercia Police,West Mercia Police,-2.162729,52.267863,On or near Archers Close,E01032357,Wychavon 004A,Violence and sexual offences,Unable to prosecute suspect,
,2015-04,West Mercia Police,West Mercia Police,-2.156477,52.265300,On or near St Richard'S Gardens,E01032358,Wychavon 004B,Anti-social behaviour,,
,2015-04,West Mercia Police,West Mercia Police,-2.156477,52.265300,On or near St Richard'S Gardens,E01032358,Wychavon 004B,Anti-social behaviour,,
,2015-04,West Mercia Police,West Mercia Police,-2.154060,52.265393,On or near Miller Street,E01032358,Wychavon 004B,Anti-social behaviour,,
,2015-04,West Mercia Police,West Mercia Police,-2.153561,52.269466,On or near Priory Gardens,E01032358,Wychavon 004B,Anti-social behaviour,,
,2015-04,West Mercia Police,West Mercia Police,-2.156749,52.267664,On or near Station Street,E01032358,Wychavon 004B,Anti-social behaviour,,
,2015-04,West Mercia Police,West Mercia Police,-2.156749,52.267664,On or near Station Street,E01032358,Wychavon 004B,Anti-social behaviour,,
,2015-04,West Mercia Police,West Mercia Police,-2.154060,52.265393,On or near Miller Street,E01032358,Wychavon 004B,Anti-social behaviour,,
,2015-04,West Mercia Police,West Mercia Police,-2.153561,52.269466,On or near Priory Gardens,E01032358,Wychavon 004B,Anti-social behaviour,,
51339333bdac80a39a8f7308330592c8a8b3ed1d93971f48961aadd44a470318,2015-04,West Mercia Police,West Mercia Police,-2.156477,52.265300,On or near St Richard'S Gardens,E01032358,Wychavon 004B,Criminal damage and arson,Investigation complete; no suspect identified,
bea46458d1d511ba87d6fe85e8f0b0e8674d5ecaaf47925307b51f98fe2133dc,2015-04,West Mercia Police,West Mercia Police,-2.155126,52.268583,On or near North Street,E01032358,Wychavon 004B,Other theft,Investigation complete; no suspect identified,
751bae28d9d43f418b1dc8107f86116298c9e70873272731b83d97c381989ac6,2015-04,West Mercia Police,West Mercia Police,-2.156749,52.267664,On or near Station Street,E01032358,Wychavon 004B,Possession of weapons,Court case unable to proceed,
52fe0001a1db9b2fc95ed5a0d58cfba0e9c3e5aab34718c527f6ca909a8521f5,2015-04,West Mercia Police,West Mercia Police,-2.153561,52.269466,On or near Priory Gardens,E01032358,Wychavon 004B,Violence and sexual offences,Unable to prosecute suspect,
87e312e69e5c9699fb3b88e25577f7c56afc2a9864a76bf62c556063ee7e9dd8,2015-04,West Mercia Police,West Mercia Police,-2.158419,52.263239,On or near Nunnery Avenue,E01032358,Wychavon 004B,Violence and sexual offences,Unable to prosecute suspect,
249f44fbab9ec55285af95a6caf4493f10f7e12aeaade699bb738985ccd20c8c,2015-04,West Mercia Police,West Mercia Police,-2.156749,52.267664,On or near Station Street,E01032358,Wychavon 004B,Violence and sexual offences,Unable to prosecute suspect,
a8c11cc921c4067803b6f9ce7d297f0fe6af1e9fd86ea6fa62b97e8300176947,2015-04,West Mercia Police,West Mercia Police,-2.157608,52.266135,On or near St Nicholas Street,E01032358,Wychavon 004B,Violence and sexual offences,Court result unavailable,
,2015-04,West Mercia Police,West Mercia Police,-2.166891,52.260251,On or near Pedestrian Subway,E01032365,Wychavon 004C,Anti-social behaviour,,
,2015-04,West Mercia Police,West Mercia Police,-2.161297,52.260969,On or near Wych Road,E01032365,Wychavon 004C,Anti-social behaviour,,
,2015-04,West Mercia Police,West Mercia Police,-2.161297,52.260969,On or near Wych Road,E01032365,Wychavon 004C,Anti-social behaviour,,
c820bca27230318f63cd83aa245fc71bf324b86723ab1ce606e93f3a9380e637,2015-04,West Mercia Police,West Mercia Police,-2.159613,52.261106,On or near Clee View,E01032365,Wychavon 004C,Criminal damage and arson,Investigation complete; no suspect identified,
6fe038839128bf6ce6d05b023b6b468c13c9edf9553b98c90ebcf3ec3cd402a8,2015-04,West Mercia Police,West Mercia Police,-2.163539,52.261011,On or near Padgewell Hill,E01032365,Wychavon 004C,Criminal damage and arson,Investigation complete; no suspect identified,
e2d56bd374514fec736b9e6ea9d28b19aa1d7f96e5cfa2768939e909d44a12fe,2015-04,West Mercia Police,West Mercia Police,-2.162727,52.259367,On or near Long Sling,E01032365,Wychavon 004C,Violence and sexual offences,Unable to prosecute suspect,
ba3430ae2d79e5f156448980f4bfb1a6ad0b68744978b495fb41bad4412667e9,2015-04,West Mercia Police,West Mercia Police,-2.160435,52.261654,On or near Chawson Road,E01032365,Wychavon 004C,Violence and sexual offences,Unable to prosecute suspect,
df53b1725f0af4118d1d44402c0f57d0dab25029a4fbd6eded571a45ff4826a0,2015-04,West Mercia Police,West Mercia Police,-2.165779,52.260639,On or near Bower Hill,E01032365,Wychavon 004C,Violence and sexual offences,Unable to prosecute suspect,
7c0e4b5e0aa8d7a7da8ffd40917f9b253d1dd53f5e26d0752bb5e71e044717d1,2015-04,West Mercia Police,West Mercia Police,-2.162727,52.259367,On or near Long Sling,E01032365,Wychavon 004C,Violence and sexual offences,Unable to prosecute suspect,
586ded9157e4a0d0371bafb1df98058f846baa009f466ab1c35b38d3b78ff75d,2015-04,West Mercia Police,West Mercia Police,-2.161297,52.260969,On or near Wych Road,E01032365,Wychavon 004C,Violence and sexual offences,Unable to prosecute suspect,
2a5c66e4231b1a1de04e99d8401cdcecc12b00ea4509d7967c59d95d9cf0adf6,2015-04,West Mercia Police,West Mercia Police,-2.169843,52.258152,On or near Teesdale Close,E01032365,Wychavon 004C,Violence and sexual offences,Offender sent to prison,
,2015-04,West Mercia Police,West Mercia Police,-2.152647,52.263669,On or near Wedgberrow Close,E01032367,Wychavon 004D,Anti-social behaviour,,
4ebcc457f2ea288c43d2a7ef4bfd3086b42dfb57fcd3b23ff020a24813e3375f,2015-04,West Mercia Police,West Mercia Police,-2.153503,52.261078,On or near Petrol Station,E01032367,Wychavon 004D,Criminal damage and arson,Investigation complete; no suspect identified,
6c133f96f2453bf420c3f51ffda89ec62b03b73891474d565bc30cf07de07f95,2015-04,West Mercia Police,West Mercia Police,-2.153426,52.260063,On or near Petrol Station,E01032367,Wychavon 004D,Shoplifting,Suspect charged as part of another case,
86af8d722f6361a9111a8f586ca6333ae21715284e844b08a697dd745bbdffa4,2015-04,West Mercia Police,West Mercia Police,-2.153426,52.260063,On or near Petrol Station,E01032367,Wychavon 004D,Shoplifting,Court result unavailable,
f11ee4f0fc407c684cd198589181b14d789f8274b319d6be3aa6e182b2ba82b1,2015-04,West Mercia Police,West Mercia Police,-2.153426,52.260063,On or near Petrol Station,E01032367,Wychavon 004D,Shoplifting,Court result unavailable,
70895a90e156a6710acbc38ad449eaae5c8eca31fe95147d7151c1452fd34fa1,2015-04,West Mercia Police,West Mercia Police,-2.153426,52.260063,On or near Petrol Station,E01032367,Wychavon 004D,Shoplifting,Offender sent to prison,
671a1799ed0a34b8569c9ba253e207210ecd6d78f9fa4161660c02cfd645f04a,2015-04,West Mercia Police,West Mercia Police,-2.151031,52.262475,On or near Corbett Street,E01032367,Wychavon 004D,Vehicle crime,Investigation complete; no suspect identified,
c5809eb52542f8cae06e02a2d040f1fa285dcde51272a4079c6ed2afb8e4af8e,2015-04,West Mercia Police,West Mercia Police,-2.148315,52.265068,On or near Cobham Court,E01032367,Wychavon 004D,Violence and sexual offences,Unable to prosecute suspect,
,2015-04,West Mercia Police,West Mercia Police,-2.137593,52.252081,On or near Falcon Close,E01032362,Wychavon 005A,Anti-social behaviour,,
ff69efcbd038b22032e4ce296b489bb3b1e31a28c0204927b8ff6412efdf7cde,2015-04,West Mercia Police,West Mercia Police,-2.154719,52.252707,On or near William Shakespeare Place,E01032362,Wychavon 005A,Criminal damage and arson,Investigation complete; no suspect identified,
,2015-04,West Mercia Police,West Mercia Police,-2.137308,52.254670,On or near Foxhunter Close,E01032363,Wychavon 005B,Anti-social behaviour,,
,2015-04,West Mercia Police,West Mercia Police,-2.144837,52.254446,On or near Holly Close,E01032363,Wychavon 005B,Anti-social behaviour,,
6fdac6f952d401b31f952f31ea5b5d3d9719c2dc54cffc82069df25078f0bbd4,2015-04,West Mercia Police,West Mercia Police,-2.139243,52.255118,On or near Arkle Close,E01032363,Wychavon 005B,Vehicle crime,Investigation complete; no suspect identified,
2ee9b6716b1397753b055c0919f1b31956c1c282370b701c698a22945018fe62,2015-04,West Mercia Police,West Mercia Police,-2.137308,52.254670,On or near Foxhunter Close,E01032363,Wychavon 005B,Vehicle crime,Investigation complete; no suspect identified,
50bf33fbc4a5e28be8fff934c7d096f1b7d1557869d1ab1a6c3b6e5f86a34f6b,2015-04,West Mercia Police,West Mercia Police,-2.137308,52.254670,On or near Foxhunter Close,E01032363,Wychavon 005B,Vehicle crime,Investigation complete; no suspect identified,
f5218852a8b40d3c1e37fa9be851e4324c8e87caac9990538759a2b6e8c2b089,2015-04,West Mercia Police,West Mercia Police,-2.150602,52.252658,On or near Hazel Close,E01032363,Wychavon 005B,Violence and sexual offences,Investigation complete; no suspect identified,
3e831e75453ca1571bc27d044e21c3eed6034741d834b9e780454f059e49777b,2015-04,West Mercia Police,West Mercia Police,-2.168811,52.256598,On or near Welland Close,E01032366,Wychavon 005D,Criminal damage and arson,Investigation complete; no suspect identified,
83988a2b531f1c6817304d3d6dc974022ffe41e0b9c79a5f4e4dbd384ba6797b,2015-04,West Mercia Police,West Mercia Police,-2.162863,52.256571,On or near Witton Avenue,E01032366,Wychavon 005D,Vehicle crime,Investigation complete; no suspect identified,
e68fb13d8242cbe7e7df4c18060a7b38b62401048cfc58d5faa26a1f07644a0f,2015-04,West Mercia Police,West Mercia Police,-2.159398,52.258598,On or near Alexander Avenue,E01032366,Wychavon 005D,Violence and sexual offences,Investigation complete; no suspect identified,
b0e169b231262ac326824b05fa098d45ca08d8e93d847c92e937a016fc99ef84,2015-04,West Mercia Police,West Mercia Police,-2.167285,52.255854,On or near Teme Crescent,E01032366,Wychavon 005D,Violence and sexual offences,Court result unavailable,
,2015-04,West Mercia Police,West Mercia Police,-2.200608,52.228759,On or near Cresswell Close,E01032399,Wychavon 006A,Anti-social behaviour,,
,2015-04,West Mercia Police,West Mercia Police,-2.233263,52.227198,On or near Northwick Road,E01032399,Wychavon 006A,Anti-social behaviour,,
f59e0e884305f92ec5b7383d9b0997486514013d3de565512e28638c6070e47d,2015-04,West Mercia Police,West Mercia Police,-2.191316,52.229854,On or near Butcher'S Walk,E01032399,Wychavon 006A,Criminal damage and arson,Investigation complete; no suspect identified,
,2015-04,West Mercia Police,West Mercia Police,-2.204539,52.230371,On or near Gentian Close,E01032400,Wychavon 006B,Anti-social behaviour,,
,2015-04,West Mercia Police,West Mercia Police,-2.204141,52.229850,On or near Sorrel Close,E01032400,Wychavon 006B,Anti-social behaviour,,
,2015-04,West Mercia Police,West Mercia Police,-2.188796,52.229660,On or near Okeys Lane,E01032400,Wychavon 006B,Anti-social behaviour,,
3240d5b04e5f6af70e543e8922ce4d5237e027b91374fa80fe823a95297d0ecc,2015-04,West Mercia Police,West Mercia Police,-2.147894,52.222337,On or near M5,E01032400,Wychavon 006B,Burglary,Investigation complete; no suspect identified,
49f5d62f847d5ef5fec9ae28f502626d3ec16fc12650f64d45795e2811b778a7,2015-04,West Mercia Police,West Mercia Police,-2.204141,52.229850,On or near Sorrel Close,E01032400,Wychavon 006B,Burglary,Investigation complete; no suspect identified,
6f8b6a0ca2dfdfeb74ac9812b04333da05c95209f5f6da3c62a19e43033e4596,2015-04,West Mercia Police,West Mercia Police,-2.173641,52.240436,On or near Drury Lane,E01032400,Wychavon 006B,Other theft,Investigation complete; no suspect identified,
b96b2ba77fb17571135b528366d0df1199c8b0dc3ca6047278de8282998d7c53,2015-04,West Mercia Police,West Mercia Police,-2.147894,52.222337,On or near M5,E01032400,Wychavon 006B,Other theft,Investigation complete; no suspect identified,
1c916e8c64887278b4b4dc4f489a7c145f6bf9cfbdd58720145393e8e2ef838c,2015-04,West Mercia Police,West Mercia Police,-2.164157,52.222262,On or near Pershore Lane,E01032400,Wychavon 006B,Other theft,Investigation complete; no suspect identified,
53c8809cc3b5625b95655930c9120f77e1e994cb129337eb4cbb81696a04f687,2015-04,West Mercia Police,West Mercia Police,-2.189288,52.231610,On or near Post Office Lane,E01032400,Wychavon 006B,Other theft,Investigation complete; no suspect identified,
084fae8aa0afb9f7c5f3872ff89d823df5419db79140fff2692c54defce1dcee,2015-04,West Mercia Police,West Mercia Police,-2.163369,52.214864,On or near Conference/Exhibition Centre,E01032400,Wychavon 006B,Public order,Unable to prosecute suspect,
e57640d62c4946fe0e122a9a5fb162bd3b3f278aaa722b182a06b258f4adf2fa,2015-04,West Mercia Police,West Mercia Police,-2.163369,52.214864,On or near Conference/Exhibition Centre,E01032400,Wychavon 006B,Violence and sexual offences,Unable to prosecute suspect,
c7977527a2f9fd6e3537848d3b9b8acd751df3b033f1ead87dc3b2da85b669ca,2015-04,West Mercia Police,West Mercia Police,-2.203281,52.230661,On or near Robin Drive,E01032400,Wychavon 006B,Violence and sexual offences,Unable to prosecute suspect,
cef316d4cfa08012079a1bb4e08eba5debdb9c95a356b402279038e2f78a50c6,2015-04,West Mercia Police,West Mercia Police,-2.173641,52.240436,On or near Drury Lane,E01032400,Wychavon 006B,Violence and sexual offences,Unable to prosecute suspect,
135e01f06b6b15677eb843a53d461b78626e6582e9596b8f5f2f61d2b35d63be,2015-04,West Mercia Police,West Mercia Police,-2.197728,52.229699,On or near Broom Meadow Road,E01032400,Wychavon 006B,Violence and sexual offences,Offender given a caution,
99a69a6b28090506e308be62aa73eb460714550a81a44a45108d446e8e6be311,2015-04,West Mercia Police,West Mercia Police,-2.163369,52.214864,On or near Conference/Exhibition Centre,E01032400,Wychavon 006B,Violence and sexual offences,Unable to prosecute suspect,
9ab919bd360b8f41bf4a861b5b5339c67d822630d92025b7b43ae69a45f23c56,2015-04,West Mercia Police,West Mercia Police,-2.230343,52.273890,On or near Chapel Lane,E01032404,Wychavon 006C,Burglary,Investigation complete; no suspect identified,
e85beac1b4805a1bf2e8660b7d5bc781f668416f3cdb4848703a422a8f97e11e,2015-04,West Mercia Police,West Mercia Police,-2.223714,52.284656,On or near Oldfield Lane,E01032404,Wychavon 006C,Drugs,Under investigation,
5f8b280ddd2083ea66ef53a0c3e8682deaf35c459ec170b9c0fee32a4d6d28ff,2015-04,West Mercia Police,West Mercia Police,-2.230343,52.273890,On or near Chapel Lane,E01032404,Wychavon 006C,Other theft,Investigation complete; no suspect identified,
bc4453274af20388147a1029669d212dfacf852e82a95fe0e91d915a00ff1fa5,2015-04,West Mercia Police,West Mercia Police,-2.262013,52.283597,On or near Boreley Lane,E01032404,Wychavon 006C,Vehicle crime,Investigation complete; no suspect identified,
,2015-04,West Mercia Police,West Mercia Police,-2.116839,52.264303,On or near Park/Open Space,E01032345,Wychavon 007A,Anti-social behaviour,,
,2015-04,West Mercia Police,West Mercia Police,-2.105014,52.202389,On or near Froxmere Road,E01032345,Wychavon 007A,Anti-social behaviour,,
f2bc21a4c9d758842da2fb36ea9c339651ab0f340c855f6b6b6e3851e83fe906,2015-04,West Mercia Police,West Mercia Police,-2.080475,52.226304,On or near Church Lane,E01032345,Wychavon 007A,Other theft,Investigation complete; no suspect identified,
1f430ef53e0bfa5f49708510cb086d509728695f1b06e61526aa6b5f2efe82ed,2015-04,West Mercia Police,West Mercia Police,-2.127208,52.247355,On or near Captain'S Lane,E01032345,Wychavon 007A,Violence and sexual offences,Unable to prosecute suspect,
46f94fe93709acfb8aa5761d8c18a79c71ffefd633c61458d0fe8857bf642311,2015-04,West Mercia Police,West Mercia Police,-2.116839,52.264303,On or near Park/Open Space,E01032345,Wychavon 007A,Other crime,Court result unavailable,
,2015-04,West Mercia Police,West Mercia Police,-2.143617,52.212561,On or near Church Lane,E01032346,Wychavon 007B,Anti-social behaviour,,
,2015-04,West Mercia Police,West Mercia Police,-2.137590,52.218070,On or near Evelench Lane,E01032346,Wychavon 007B,Anti-social behaviour,,
,2015-04,West Mercia Police,West Mercia Police,-2.072244,52.260095,On or near Salt Way,E01032395,Wychavon 007C,Anti-social behaviour,,
,2015-04,West Mercia Police,West Mercia Police,-2.072244,52.260095,On or near Salt Way,E01032395,Wychavon 007C,Anti-social behaviour,,
284de994cdd4a7bd898b93ba0ef7f08f2a329802a479d9dd397fd7cf72615246,2015-04,West Mercia Police,West Mercia Police,-2.052736,52.266192,On or near Hanbury Croft,E01032395,Wychavon 007C,Other theft,Investigation complete; no suspect identified,
901f3c676f28d4ede141ac3183cb7e031e2f07aa89ab2259900c4228ed1e07d7,2015-04,West Mercia Police,West Mercia Police,-2.019331,52.243493,On or near Church Road,E01032395,Wychavon 007C,Possession of weapons,Unable to prosecute suspect,
,2015-04,West Mercia Police,West Mercia Police,-2.138676,52.181514,On or near Evesham Road,E01032417,Wychavon 007D,Anti-social behaviour,,
9fc0f5c23a66f7a91b6e14e3fd5ccc57b34cfbba588b981970215d0ca97850f1,2015-04,West Mercia Police,West Mercia Police,-2.127426,52.175198,On or near Edwards Lane,E01032417,Wychavon 007D,Burglary,Investigation complete; no suspect identified,
99fd6ffd1e9cc1e021999bd7040d6a584c2025b1f26247e94fd4d0dc873eb40c,2015-04,West Mercia Police,West Mercia Police,-2.117114,52.174246,On or near Park/Open Space,E01032417,Wychavon 007D,Criminal damage and arson,Investigation complete; no suspect identified,
4359b0306fdbec123cdfa5f1481befb90264c3ca45313b92e7fca5e29b2fdadd,2015-04,West Mercia Police,West Mercia Police,-2.088291,52.188746,On or near A422,E01032417,Wychavon 007D,Other theft,Awaiting court outcome,
c924a09ceb416a6f69f6f272586ef6dba7e87a2421c3d8cf06cfa985e08908b3,2015-04,West Mercia Police,West Mercia Police,-2.163640,52.197000,On or near B4636,E01032417,Wychavon 007D,Other theft,Investigation complete; no suspect identified,
197e8438f18bd568239996c6d2289aab0b0abe7713880acd11c3bfb77e07e759,2015-04,West Mercia Police,West Mercia Police,-2.088291,52.188746,On or near A422,E01032417,Wychavon 007D,Vehicle crime,Investigation complete; no suspect identified,
3b9684dbe1fdf63871c0413e385f51dbbc38107d1eafb2574935b7477b8dcbb9,2015-04,West Mercia Police,West Mercia Police,-2.082993,52.186925,On or near Flax Piece,E01032417,Wychavon 007D,Violence and sexual offences,Unable to prosecute suspect,
9838d278a431d6362c657fee83942bd1baafd5ef81c03dd6d3ea6c0f050d6133,2015-04,West Mercia Police,West Mercia Police,-2.060590,52.148307,On or near Long Lane,E01032417,Wychavon 007D,Violence and sexual offences,Unable to prosecute suspect,
,2015-04,West Mercia Police,West Mercia Police,-1.969221,52.232954,On or near Morton Hall Lane,E01032392,Wychavon 008A,Anti-social behaviour,,
328368bbe25a3f93ea08b21147ce4f183992392fe4f1f335a2e2e154f076c806,2015-04,West Mercia Police,West Mercia Police,-1.942452,52.246295,On or near Edgioake Lane,E01032392,Wychavon 008A,Other theft,Investigation complete; no suspect identified,
04da1dab4b63d8e61d34ceb95b4e66752a3f2248fb4260fb1edb65f9d422ba82,2015-04,West Mercia Police,West Mercia Police,-1.939590,52.250905,On or near Orchard Grove,E01032392,Wychavon 008A,Public order,Unable to prosecute suspect,
d9e8c84a392b18fb8d3b48b62cb2929956da7ef9573c9196e6f2d35eea4fa814,2015-04,West Mercia Police,West Mercia Police,-1.923209,52.228258,On or near Church Lane,E01032392,Wychavon 008A,Vehicle crime,Investigation complete; no suspect identified,
12b70ab0c7c1485dc5958513f4462cd3a483e6dfc935a2439cac9ae94b58aa2e,2015-04,West Mercia Police,West Mercia Police,-1.920142,52.223833,On or near Oak Tree Lane,E01032392,Wychavon 008A,Violence and sexual offences,Investigation complete; no suspect identified,
,2015-04,West Mercia Police,West Mercia Police,-1.978847,52.220765,On or near Sands Road,E01032393,Wychavon 008B,Anti-social behaviour,,
1acc52baa852ae7725e46adbc0ff021b6b8690157c7b6f33f4dfe5bcba7012b7,2015-04,West Mercia Police,West Mercia Police,-1.978847,52.220765,On or near Sands Road,E01032393,Wychavon 008B,Other theft,Investigation complete; no suspect identified,
948182a5c5f6b7dbf2823ff0df9b2f763f4b73fdb7bdb147dafc6623c701db94,2015-04,West Mercia Police,West Mercia Police,-1.978847,52.220765,On or near Sands Road,E01032393,Wychavon 008B,Other theft,Investigation complete; no suspect identified,
bd6fe0500ef247da7bab7cac2a52f6a48415639b02eaaa4919674fe2e19b7426,2015-04,West Mercia Police,West Mercia Police,-1.980050,52.213088,On or near Church Close,E01032393,Wychavon 008B,Public order,Offender given a caution,
03cb5af6d1d740e03e2d7b3327b5abffef7cdb635aefbd64d2771c5a6dc867a5,2015-04,West Mercia Police,West Mercia Police,-1.978847,52.220765,On or near Sands Road,E01032393,Wychavon 008B,Violence and sexual offences,Court result unavailable,
c9840b34452ed883aa615a2357ce2c666a84cbd37db39a773ab6a171f733c0b9,2015-04,West Mercia Police,West Mercia Police,-1.978847,52.220765,On or near Sands Road,E01032393,Wychavon 008B,Violence and sexual offences,Court result unavailable,
40f9201fae903ef08d811f7a94df9072515d417f502906d0ff5f4289107fecd8,2015-04,West Mercia Police,West Mercia Police,-1.975015,52.161985,On or near Ab Lench Road,E01032394,Wychavon 008C,Criminal damage and arson,Investigation complete; no suspect identified,
798594bb5bd82104d470391c7d391a93de05a2031ec23b287c7457fe7da8bdbb,2015-04,West Mercia Police,West Mercia Police,-1.960592,52.137797,On or near Hipton Hill,E01032394,Wychavon 008C,Vehicle crime,Investigation complete; no suspect identified,
,2015-04,West Mercia Police,West Mercia Police,-2.177492,52.126548,On or near Worcester Road,E01032355,Wychavon 009A,Anti-social behaviour,,
,2015-04,West Mercia Police,West Mercia Police,-2.151032,52.129094,On or near Station Road,E01032355,Wychavon 009A,Anti-social behaviour,,
,2015-04,West Mercia Police,West Mercia Police,-2.119507,52.145187,On or near Station Close,E01032355,Wychavon 009A,Anti-social behaviour,,
d16729eecf367293073b3fdcd26e24bc573471d5b220a627f8621c6f51081027,2015-04,West Mercia Police,West Mercia Police,-2.115449,52.135661,On or near B4084,E01032355,Wychavon 009A,Criminal damage and arson,Investigation complete; no suspect identified,
89b438c33be9960f2c67c470fcf787c35f261f8c6c05d7fdecc99becab7d2f0c,2015-04,West Mercia Police,West Mercia Police,-2.177492,52.126548,On or near Worcester Road,E01032355,Wychavon 009A,Other theft,Investigation complete; no suspect identified,
a7764ca552439cbbcf0c2a5ed74edb770b8e7e22099d784f9c496b9e02c288f3,2015-04,West Mercia Police,West Mercia Police,-2.138886,52.141003,On or near Claverton,E01032355,Wychavon 009A,Vehicle crime,Investigation complete; no suspect identified,
8d386bcf177c3da314cce0e9b105745789b28434f146424c86bcb9fadca2e253,2015-04,West Mercia Police,West Mercia Police,-2.107413,52.135462,On or near Bettle Close,E01032355,Wychavon 009A,Vehicle crime,Investigation complete; no suspect identified,
2ad28f01f6aaaa5bb66d142c8499895080e591375e1491b96b325dbe20a2c6ec,2015-04,West Mercia Police,West Mercia Police,-2.119507,52.145187,On or near Station Close,E01032355,Wychavon 009A,Violence and sexual offences,Under investigation,
f9664fa0e0f410f7f1ec0e28385ed7a9daf63839fab32ab307ac8bac3a1b26a9,2015-04,West Mercia Police,West Mercia Police,-2.138886,52.141003,On or near Claverton,E01032355,Wychavon 009A,Violence and sexual offences,Investigation complete; no suspect identified,
f316cd835ba51e38298616857e7491cd1ca75aacd72cd8f35004cb9fafd34920,2015-04,West Mercia Police,West Mercia Police,-2.099689,52.131045,On or near Brickyard Lane,E01032355,Wychavon 009A,Violence and sexual offences,Awaiting court outcome,
,2015-04,West Mercia Police,West Mercia Police,-2.103102,52.134926,On or near Croome Close,E01032356,Wychavon 009B,Anti-social behaviour,,
93b7daee366ebf5702a00746e1452043904eb9819f01c0a6640ec4bca8d54026,2015-04,West Mercia Police,West Mercia Police,-2.107204,52.133799,On or near Sports/Recreation Area,E01032356,Wychavon 009B,Vehicle crime,Investigation complete; no suspect identified,
035b7402b4b1e483aaed7536a57784bf2bc2760bfdb009736dedacf5c10b7eef,2015-04,West Mercia Police,West Mercia Police,-2.103102,52.134926,On or near Croome Close,E01032356,Wychavon 009B,Violence and sexual offences,Under investigation,
c50c87d3d6ac17406e4df26fcc2aad18c103657d01d2dd53f7a87855c0770c44,2015-04,West Mercia Police,West Mercia Police,-2.198033,52.163538,On or near Regiment Close,E01032402,Wychavon 009C,Burglary,Unable to prosecute suspect,
,2015-04,West Mercia Police,West Mercia Police,-2.176392,52.177166,On or near Berkeley Close,E01032403,Wychavon 009D,Anti-social behaviour,,
,2015-04,West Mercia Police,West Mercia Police,-2.166603,52.144446,On or near Sports/Recreation Area,E01032403,Wychavon 009D,Anti-social behaviour,,
d7bf264c1619d46b17bd8b7cec32007e0219f42acea8449f7f3eca97f2196d67,2015-04,West Mercia Police,West Mercia Police,-2.199814,52.169316,On or near Grasshopper Avenue,E01032403,Wychavon 009D,Violence and sexual offences,Unable to prosecute suspect,
543d9015da333f394b199c9af171a5638ccfca29461567c7134f75bca446f5f2,2015-04,West Mercia Police,West Mercia Police,-2.191247,52.149291,On or near Fox Lane,E01032403,Wychavon 009D,Violence and sexual offences,Court result unavailable,
55dc43bfa0918530403f9f0ea6a8a592556528b93f06a7077de17011edaa2706,2015-04,West Mercia Police,West Mercia Police,-2.184298,52.172209,On or near Whittington Road,E01032403,Wychavon 009D,Violence and sexual offences,Offender given a caution,
905d5154899cea7eb8b5cc5485781d6ccef571ffec49aa9ba696788759f4a4d2,2015-04,West Mercia Police,West Mercia Police,-2.025470,52.069356,On or near Mill Lane,E01032375,Wychavon 010A,Burglary,Investigation complete; no suspect identified,
14ef24c445f096be298c741124f252a00b1d282d12523e2fd2d72f2c1260e68d,2015-04,West Mercia Police,West Mercia Police,-2.064901,52.078259,On or near Russell Street,E01032375,Wychavon 010A,Violence and sexual offences,Under investigation,
c151f8f4c2162e530c843934394defbed68fb01469eb9d88db528d80e5a92c43,2015-04,West Mercia Police,West Mercia Police,-2.064901,52.078259,On or near Russell Street,E01032375,Wychavon 010A,Other crime,Under investigation,
,2015-04,West Mercia Police,West Mercia Police,-1.985762,52.107541,On or near Cherry Orchard,E01032382,Wychavon 010B,Anti-social behaviour,,
93e325817144f8197c769c95f613e3bbd28eb32d38c8e41b3b926b079a5f2f15,2015-04,West Mercia Police,West Mercia Police,-2.000801,52.099162,On or near Field Barn Lane,E01032382,Wychavon 010B,Burglary,Investigation complete; no suspect identified,
31db06206091226383af9a8381b4ad2a14bd87a3f928a56ab3124f2193f6749e,2015-04,West Mercia Police,West Mercia Police,-1.983242,52.091088,On or near B4084,E01032382,Wychavon 010B,Burglary,Investigation complete; no suspect identified,
5a9e36e653ae3a991cc67b8c0ac22bdece068e803e5ccae93a6bc4e1dd66765d,2015-04,West Mercia Police,West Mercia Police,-2.000203,52.106642,On or near Neigh Lane,E01032382,Wychavon 010B,Criminal damage and arson,Investigation complete; no suspect identified,
,2015-04,West Mercia Police,West Mercia Police,-2.059933,52.105575,On or near Timber Down,E01032383,Wychavon 010C,Anti-social behaviour,,
bc2f746dd344b81d8972b93d3f5fa387b2bd6e2103aa6d5d8bd112382fa649b3,2015-04,West Mercia Police,West Mercia Police,-2.005925,52.101590,On or near Kennel Bank,E01032383,Wychavon 010C,Burglary,Investigation complete; no suspect identified,
be581cf49275751934a2a28d4146c9708f105fd8fe50ce1f487d8dc822e82ea8,2015-04,West Mercia Police,West Mercia Police,-2.004921,52.122861,On or near Evesham Road,E01032383,Wychavon 010C,Burglary,Investigation complete; no suspect identified,
419212e4fec6fad393f062d95c97a13a584225545453785d14bd68f0fdb97d68,2015-04,West Mercia Police,West Mercia Police,-2.003486,52.090810,On or near Smokey Lane,E01032383,Wychavon 010C,Burglary,Investigation complete; no suspect identified,
87b9fe211785cca326bcb7c4ae53683b9e266c0ec814a260535f21a2e5705a93,2015-04,West Mercia Police,West Mercia Police,-2.006438,52.113790,On or near Old Rectory Green,E01032383,Wychavon 010C,Burglary,Investigation complete; no suspect identified,
d6617893dd919643b6a9a1f6704e67e4a0fdb24f6885e75d31988989fbe3a8d4,2015-04,West Mercia Police,West Mercia Police,-2.028277,52.078409,On or near The Lane,E01032383,Wychavon 010C,Other theft,Investigation complete; no suspect identified,
dcba4d955746089a65cf1dad8a5282ee414aea62655a9db03110bb0234be1edf,2015-04,West Mercia Police,West Mercia Police,-2.028277,52.078409,On or near The Lane,E01032383,Wychavon 010C,Other theft,Investigation complete; no suspect identified,
b916026bbfea01c109bf3ea306ebc9dd0070ce5d92fa25d67640389d36f7d69c,2015-04,West Mercia Police,West Mercia Police,-2.048049,52.106597,On or near Owletts Lane,E01032383,Wychavon 010C,Other theft,Investigation complete; no suspect identified,
949fa67d92ce1042f7c57ecfeedc5ce7260aa5876eaf86a15b891078f760d913,2015-04,West Mercia Police,West Mercia Police,-2.060297,52.104910,On or near Timber Lane,E01032383,Wychavon 010C,Other theft,Investigation complete; no suspect identified,
152ce9082fb42555e1994b619fb106ffc48e4e37cf592a4cab34b755b3aa7b6f,2015-04,West Mercia Police,West Mercia Police,-2.016212,52.164099,On or near Church Lane,E01032410,Wychavon 010D,Violence and sexual offences,Unable to prosecute suspect,
a4e1816016d4b1a210be9ec0b11f3c0bafc5f201b52a5c513e6fe158a567234e,2015-04,West Mercia Police,West Mercia Police,-2.029585,52.115521,On or near Park/Open Space,E01032410,Wychavon 010D,Violence and sexual offences,Unable to prosecute suspect,
3188b2dee237eaef2e32bec477918c8444dba36553d03db7e9c23eb150d23d8d,2015-04,West Mercia Police,West Mercia Police,-2.071747,52.133898,On or near A44,E01032411,Wychavon 010E,Burglary,Investigation complete; no suspect identified,
2d9ff0b88f81118c01f1d4251976b504647a7ed1a95457544e49c0ba930ed776,2015-04,West Mercia Police,West Mercia Police,-2.067042,52.143538,On or near Upton Snodsbury Road,E01032411,Wychavon 010E,Other theft,Investigation complete; no suspect identified,
3338ec0566b01ebe67a9992685b14ecc009d4d3aebfb9d360b6a3c7e40e17e89,2015-04,West Mercia Police,West Mercia Police,-2.042745,52.147973,On or near Long Lane,E01032411,Wychavon 010E,Other theft,Investigation complete; no suspect identified,
210a22357ee15441c6df0a1c92a224ec21156c00353b49121aa36c202c000ce5,2015-04,West Mercia Police,West Mercia Police,-2.058575,52.127692,On or near Wyre Hill,E01032411,Wychavon 010E,Violence and sexual offences,Unable to prosecute suspect,
5d58fdd302d4601d1ee46c35f2c1065eb5633a760bb8d308fe65644e6bf04a93,2015-04,West Mercia Police,West Mercia Police,-2.069016,52.134430,On or near Pendas Meadow,E01032411,Wychavon 010E,Violence and sexual offences,Court case unable to proceed,
d27117a1b77aef46e4d91561c25dfabfbc4c9f44bda4ea898079b43fca5f0d09,2015-04,West Mercia Police,West Mercia Police,-2.058575,52.127692,On or near Wyre Hill,E01032411,Wychavon 010E,Violence and sexual offences,Unable to prosecute suspect,
bcfffe339762752cf1cbe022b833fc7c5165018fead4af92420fe43ff6e438cf,2015-04,West Mercia Police,West Mercia Police,-2.054075,52.126481,On or near Haines Avenue,E01032411,Wychavon 010E,Violence and sexual offences,Unable to prosecute suspect,
a286d9cbc6fd99296cb6ba2b84a2dac6707330f147a1d93fc0d0fe7149acea76,2015-04,West Mercia Police,West Mercia Police,-2.058575,52.127692,On or near Wyre Hill,E01032411,Wychavon 010E,Violence and sexual offences,Unable to prosecute suspect,
55e6cf28841ae3dee5c0b0e15a0378afa8c189d45b39ef7651e4754781e33840,2015-04,West Mercia Police,West Mercia Police,-2.058575,52.127692,On or near Wyre Hill,E01032411,Wychavon 010E,Violence and sexual offences,Local resolution,
2705c1872a55a7182a1eb45948385aa120f9647352820ed176425729ccfceafc,2015-04,West Mercia Police,West Mercia Police,-2.054641,52.147590,On or near Willow Bank Close,E01032411,Wychavon 010E,Violence and sexual offences,Unable to prosecute suspect,
,2015-04,West Mercia Police,West Mercia Police,-1.804432,52.117305,On or near New Road,E01032390,Wychavon 011A,Anti-social behaviour,,
,2015-04,West Mercia Police,West Mercia Police,-1.812733,52.119521,On or near Bank Farm Court,E01032390,Wychavon 011A,Anti-social behaviour,,
c512a0e6f71b5fef047657b1650f17c26b991802861f5f22b550170333ef794e,2015-04,West Mercia Police,West Mercia Police,-1.833000,52.093317,On or near Meadow View,E01032390,Wychavon 011A,Bicycle theft,Investigation complete; no suspect identified,
0f35edcdd29d232fe9b137b7847e50d0d9eb0a24bbff53a3d5f2c48bd1974e88,2015-04,West Mercia Police,West Mercia Police,-1.834490,52.100737,On or near Stephenson Way,E01032390,Wychavon 011A,Burglary,Investigation complete; no suspect identified,
a91f1b34226248bfb39dcb0833027e72b3bd1205e7f5d2a0f5b63377270bf239,2015-04,West Mercia Police,West Mercia Police,-1.833000,52.093317,On or near Meadow View,E01032390,Wychavon 011A,Other theft,Investigation complete; no suspect identified,
dfafbf437c0ff0b8dbb4aab3af3867355e9ea891dc3f4521db885ed6a6324e6f,2015-04,West Mercia Police,West Mercia Police,-1.838765,52.121780,On or near Buckle Street,E01032390,Wychavon 011A,Other theft,Investigation complete; no suspect identified,
ecfdcb7f555b08baf87d126d695e8cc001e3d37cab827e7e77e57d26cc7f9efd,2015-04,West Mercia Police,West Mercia Police,-1.826589,52.079049,On or near Honeybourne Road,E01032390,Wychavon 011A,Vehicle crime,Investigation complete; no suspect identified,
bfb3373e96f0f12da8eb3073c7b37e0ad2a12fcf4ad5a117fd55b53dbc40eb55,2015-04,West Mercia Police,West Mercia Police,-1.833000,52.093317,On or near Meadow View,E01032390,Wychavon 011A,Vehicle crime,Investigation complete; no suspect identified,
58661b66cced38cfc80839123cae74f464b0e865147d1969c3340f44e38991d3,2015-04,West Mercia Police,West Mercia Police,-1.833672,52.101005,On or near Gooch Close,E01032390,Wychavon 011A,Violence and sexual offences,Unable to prosecute suspect,
,2015-04,West Mercia Police,West Mercia Police,-1.823813,52.098510,On or near Petrol Station,E01032391,Wychavon 011B,Anti-social behaviour,,
b814561eb5383e34fded02fe94ad153468eebc31e214749556671e7f2ef895e2,2015-04,West Mercia Police,West Mercia Police,-1.827349,52.097634,On or near Hudson Close,E01032391,Wychavon 011B,Bicycle theft,Investigation complete; no suspect identified,
84026a16bc90ed596884e6ef2b16f1055eeb87a319940e144103c72b9fb1464d,2015-04,West Mercia Police,West Mercia Police,-1.827776,52.096672,On or near Grove Avenue,E01032391,Wychavon 011B,Bicycle theft,Investigation complete; no suspect identified,
46bdacf92bd3a6852db9fca5b6acacd427613ca57e063342297dccc4bc51ae6e,2015-04,West Mercia Police,West Mercia Police,-1.827776,52.096672,On or near Grove Avenue,E01032391,Wychavon 011B,Criminal damage and arson,Investigation complete; no suspect identified,
7f88cf6a472fb6eae3771395dc9758f8232fd853e8687959db6bbf5d83bad6a6,2015-04,West Mercia Police,West Mercia Police,-1.829654,52.097970,On or near Fernihough Avenue,E01032391,Wychavon 011B,Criminal damage and arson,Investigation complete; no suspect identified,
3316afa30af071e01e49d92640d9cdcfc50a689b3dcc113a40f94b37fba71295,2015-04,West Mercia Police,West Mercia Police,-1.826471,52.098190,On or near Beaufort End,E01032391,Wychavon 011B,Criminal damage and arson,Investigation complete; no suspect identified,
d977b17dc6ad0364bd5a9fc7d915c077cffb819cd6eaaa00c201ea2c4c67e38e,2015-04,West Mercia Police,West Mercia Police,-1.828810,52.097213,On or near Westbourne,E01032391,Wychavon 011B,Criminal damage and arson,Investigation complete; no suspect identified,
948ca6922ce55e4ef38327b39410124707d1b4723eeb4de7054256506e3e1ff6,2015-04,West Mercia Police,West Mercia Police,-1.829654,52.097970,On or near Fernihough Avenue,E01032391,Wychavon 011B,Criminal damage and arson,Investigation complete; no suspect identified,
418fb5dd4306a66621647e22d6c554193f6a8e1953d4f79bcd7a9457d885d356,2015-04,West Mercia Police,West Mercia Police,-1.823813,52.098510,On or near Petrol Station,E01032391,Wychavon 011B,Violence and sexual offences,Local resolution,
2b6626db61219608b9a149d566da77a258d9880ba7fb6e145b3c259ea36785b4,2015-04,West Mercia Police,West Mercia Police,-1.823813,52.098510,On or near Petrol Station,E01032391,Wychavon 011B,Violence and sexual offences,Local resolution,
,2015-04,West Mercia Police,West Mercia Police,-1.883731,52.146440,On or near Mill Lane,E01032414,Wychavon 011C,Anti-social behaviour,,
,2015-04,West Mercia Police,West Mercia Police,-1.879513,52.144323,On or near West End,E01032414,Wychavon 011C,Anti-social behaviour,,
,2015-04,West Mercia Police,West Mercia Police,-1.886021,52.125072,On or near Arrow Lane,E01032414,Wychavon 011C,Anti-social behaviour,,
,2015-04,West Mercia Police,West Mercia Police,-1.879513,52.144323,On or near West End,E01032414,Wychavon 011C,Anti-social behaviour,,
,2015-04,West Mercia Police,West Mercia Police,-1.886021,52.125072,On or near Arrow Lane,E01032414,Wychavon 011C,Anti-social behaviour,,
,2015-04,West Mercia Police,West Mercia Police,-1.871891,52.142283,On or near Manor Court,E01032414,Wychavon 011C,Anti-social behaviour,,
,2015-04,West Mercia Police,West Mercia Police,-1.879513,52.144323,On or near West End,E01032414,Wychavon 011C,Anti-social behaviour,,
,2015-04,West Mercia Police,West Mercia Police,-1.877091,52.142792,On or near The Close,E01032414,Wychavon 011C,Anti-social behaviour,,
,2015-04,West Mercia Police,West Mercia Police,-1.891157,52.121292,On or near Cleeve Road,E01032414,Wychavon 011C,Anti-social behaviour,,
,2015-04,West Mercia Police,West Mercia Police,-1.886587,52.138019,On or near Evesham Road,E01032414,Wychavon 011C,Anti-social behaviour,,
,2015-04,West Mercia Police,West Mercia Police,-1.886587,52.138019,On or near Evesham Road,E01032414,Wychavon 011C,Anti-social behaviour,,
,2015-04,West Mercia Police,West Mercia Police,-1.879513,52.144323,On or near West End,E01032414,Wychavon 011C,Anti-social behaviour,,
f5c99c46b621360d7873808eaeef86a4e2347e2bd5fb9622f5b8f248a77599b6,2015-04,West Mercia Police,West Mercia Police,-1.881068,52.125517,On or near West Side,E01032414,Wychavon 011C,Bicycle theft,Investigation complete; no suspect identified,
4705d250ac81daf35998b872ac16c5413a5bb153355fb3630628f3e0141a25d4,2015-04,West Mercia Police,West Mercia Police,-1.881262,52.124132,On or near Arrow End,E01032414,Wychavon 011C,Burglary,Investigation complete; no suspect identified,
2cc790429ccdd494ec0950372fb81c078d959e48d5886fb00ec59aa0dc227747,2015-04,West Mercia Police,West Mercia Police,-1.881262,52.124132,On or near Arrow End,E01032414,Wychavon 011C,Burglary,Investigation complete; no suspect identified,
16c960be371de2edda715c07e2536a4a46df89ff9b6ccc9ee86b3a26c8ee524b,2015-04,West Mercia Police,West Mercia Police,-1.890717,52.115996,On or near Cleeve Road,E01032414,Wychavon 011C,Burglary,Investigation complete; no suspect identified,
49e6598af02a2295328e2e3f80c8ea083f8120f7a1c624b458dd8909f7999609,2015-04,West Mercia Police,West Mercia Police,-1.886587,52.138019,On or near Evesham Road,E01032414,Wychavon 011C,Criminal damage and arson,Investigation complete; no suspect identified,
50f833fc233d237b29dafda925c446a52434eda7a34c9723e27a93d79b51b53e,2015-04,West Mercia Police,West Mercia Police,-1.886487,52.119858,On or near Manor Road,E01032414,Wychavon 011C,Criminal damage and arson,Investigation complete; no suspect identified,
32929c4a1842feaf5d4447d047cdb52680fb673bbd8d65ef7afe745f5d3ceb56,2015-04,West Mercia Police,West Mercia Police,-1.902216,52.113606,On or near Bennetts Hill,E01032414,Wychavon 011C,Drugs,Offender fined,
4aea04e6d8c93f6acbcd4188fe7a8b18bd2a36504abca862fd71b1b9bf139aa1,2015-04,West Mercia Police,West Mercia Police,-1.891157,52.121292,On or near Cleeve Road,E01032414,Wychavon 011C,Other theft,Investigation complete; no suspect identified,
bcec08588a3b04d0cdb9e10f8e32d83789f44246def317988ad19a38c91a6a5e,2015-04,West Mercia Police,West Mercia Police,-1.878855,52.144547,On or near Back Lane,E01032414,Wychavon 011C,Other theft,Investigation complete; no suspect identified,
e751034ebbb4e29ebb2ce5d5b6ebcab88a3dc944d976dcffeee40c1a88f08723,2015-04,West Mercia Police,West Mercia Police,-1.889520,52.121830,On or near Titheway,E01032414,Wychavon 011C,Other theft,Investigation complete; no suspect identified,
7f1102584be9851ddff7af24f4a2f17eedad6f3676b216dc882ff5cd63212a0d,2015-04,West Mercia Police,West Mercia Police,-1.886021,52.125072,On or near Arrow Lane,E01032414,Wychavon 011C,Possession of weapons,Offender given a caution,
32f18c4ca5f4a153f3c4d21ffb337bf7f5e2a592c2c8a42061ff06a8364e00f3,2015-04,West Mercia Police,West Mercia Police,-1.877091,52.142792,On or near The Close,E01032414,Wychavon 011C,Vehicle crime,Investigation complete; no suspect identified,
8ca64e877c7e07c6f750cb85d47cbb9987d80abd842178f7b5ebf58b54db0ba1,2015-04,West Mercia Police,West Mercia Police,-1.890717,52.115996,On or near Cleeve Road,E01032414,Wychavon 011C,Vehicle crime,Investigation complete; no suspect identified,
445015251908f75da93a736dc0616649590c03fadadbfef451d6a45b0106f2c2,2015-04,West Mercia Police,West Mercia Police,-1.886587,52.138019,On or near Evesham Road,E01032414,Wychavon 011C,Violence and sexual offences,Unable to prosecute suspect,
4dd3cb4fe77f98cd6d1557d52aa49bdd7b1024286e2f788ff8e3100df944b408,2015-04,West Mercia Police,West Mercia Police,-1.902216,52.113606,On or near Bennetts Hill,E01032414,Wychavon 011C,Violence and sexual offences,Investigation complete; no suspect identified,
,2015-04,West Mercia Police,West Mercia Police,-1.863053,52.122225,On or near Sports/Recreation Area,E01032415,Wychavon 011D,Anti-social behaviour,,
,2015-04,West Mercia Police,West Mercia Police,-1.874557,52.113813,On or near Shinehill Lane,E01032415,Wychavon 011D,Anti-social behaviour,,
118b7c23837f434aa327ce42e0efc91290e925143e2c7a22a2805c73e5ec2f94,2015-04,West Mercia Police,West Mercia Police,-1.851103,52.109965,On or near Little Road,E01032415,Wychavon 011D,Drugs,Court result unavailable,
25dbb467c434f9339af22a17c5b3fce907f130005c579e959f13f36de4227ce7,2015-04,West Mercia Police,West Mercia Police,-1.851103,52.109965,On or near Little Road,E01032415,Wychavon 011D,Drugs,Offender given a caution,
2dfb288198e9c3bb6b26da554637ee0b175dfef8436a04fb1fa795f76d36cb6a,2015-04,West Mercia Police,West Mercia Police,-1.851103,52.109965,On or near Little Road,E01032415,Wychavon 011D,Violence and sexual offences,Investigation complete; no suspect identified,
,2015-04,West Mercia Police,West Mercia Police,-2.083906,52.112915,On or near Petrol Station,E01032405,Wychavon 012A,Anti-social behaviour,,
,2015-04,West Mercia Police,West Mercia Police,-2.084530,52.110514,On or near Abbeycroft,E01032405,Wychavon 012A,Anti-social behaviour,,
,2015-04,West Mercia Police,West Mercia Police,-2.085293,52.112734,On or near Rail Ground,E01032405,Wychavon 012A,Anti-social behaviour,,
,2015-04,West Mercia Police,West Mercia Police,-2.085829,52.110306,On or near Petrol Station,E01032405,Wychavon 012A,Anti-social behaviour,,
31d25219e56e2780f65ffd189c9de5b9011c7e8b796808e2d31b2a695f6c4893,2015-04,West Mercia Police,West Mercia Police,-2.084565,52.113624,On or near Lancelott Court,E01032405,Wychavon 012A,Burglary,Investigation complete; no suspect identified,
2589a3191968575f4cc0fcb77199601fd6c992ff14ddbbe93162dc0182b978fc,2015-04,West Mercia Police,West Mercia Police,-2.087403,52.109028,On or near Abbots Grange,E01032405,Wychavon 012A,Burglary,Investigation complete; no suspect identified,
8e9b39d08f3201b4eff28abe6d8c17400d336fd5fa5b6b7ec08b6590c258987e,2015-04,West Mercia Police,West Mercia Police,-2.083906,52.112915,On or near Petrol Station,E01032405,Wychavon 012A,Public order,Investigation complete; no suspect identified,
fbcf61f295ddfe4dffc4f2c1c8dd010612bc1f2118f3f24d523117f9a091a332,2015-04,West Mercia Police,West Mercia Police,-2.084565,52.113624,On or near Lancelott Court,E01032405,Wychavon 012A,Violence and sexual offences,Unable to prosecute suspect,
a8bf1d996e1ffcee0b21d924bb565095c989b668674e1a33be0f4eab67c3a962,2015-04,West Mercia Police,West Mercia Police,-2.089721,52.106869,On or near Long Hedges,E01032405,Wychavon 012A,Violence and sexual offences,Unable to prosecute suspect,
fd97fb90da2f8e40df942b9f446931e4833d519c9ed199f37ebcd896d06813d3,2015-04,West Mercia Police,West Mercia Police,-2.084530,52.110514,On or near Abbeycroft,E01032405,Wychavon 012A,Violence and sexual offences,Offender given community sentence,
3abfc6c5a81d4c9142da2df80d2704624d6cc5ad6d7cad20eee1c9c04cfb1ec7,2015-04,West Mercia Police,West Mercia Police,-2.082753,52.113212,On or near Paddock Close,E01032405,Wychavon 012A,Violence and sexual offences,Unable to prosecute suspect,
,2015-04,West Mercia Police,West Mercia Police,-2.076471,52.111310,On or near Church Street,E01032406,Wychavon 012B,Anti-social behaviour,,
,2015-04,West Mercia Police,West Mercia Police,-2.075358,52.109810,On or near Broad Street,E01032406,Wychavon 012B,Anti-social behaviour,,
,2015-04,West Mercia Police,West Mercia Police,-2.082366,52.109275,On or near Orchard Close,E01032406,Wychavon 012B,Anti-social behaviour,,
,2015-04,West Mercia Police,West Mercia Police,-2.076210,52.112327,On or near High Street,E01032406,Wychavon 012B,Anti-social behaviour,,
,2015-04,West Mercia Police,West Mercia Police,-2.081493,52.110929,On or near Betjeman Close,E01032406,Wychavon 012B,Anti-social behaviour,,
,2015-04,West Mercia Police,West Mercia Police,-2.081493,52.110929,On or near Betjeman Close,E01032406,Wychavon 012B,Anti-social behaviour,,
,2015-04,West Mercia Police,West Mercia Police,-2.081493,52.110929,On or near Betjeman Close,E01032406,Wychavon 012B,Anti-social behaviour,,
,2015-04,West Mercia Police,West Mercia Police,-2.075485,52.107202,On or near Sports/Recreation Area,E01032406,Wychavon 012B,Anti-social behaviour,,
,2015-04,West Mercia Police,West Mercia Police,-2.081493,52.110929,On or near Betjeman Close,E01032406,Wychavon 012B,Anti-social behaviour,,
6b2cb19bc7676e18e422201e4f4a601e80095e0f8e80c4a961f99792d2672c16,2015-04,West Mercia Police,West Mercia Police,-2.078357,52.112631,On or near Priest Lane,E01032406,Wychavon 012B,Burglary,Investigation complete; no suspect identified,
dfa2d027d1bd208848f8b760cb2c1845044f941200fc3af0a1a155db49a56b25,2015-04,West Mercia Police,West Mercia Police,-2.074470,52.111474,On or near Supermarket,E01032406,Wychavon 012B,Burglary,Investigation complete; no suspect identified,
4f169a0134cc7e84a07ac4ef06ed4f91501f728cfcb07d941e0b25480cc1d991,2015-04,West Mercia Police,West Mercia Police,-2.076471,52.111310,On or near Church Street,E01032406,Wychavon 012B,Burglary,Investigation complete; no suspect identified,
adf2527de0490d647bde7b32c3c44900f3390c27ce1d2942653ff41bff78666d,2015-04,West Mercia Police,West Mercia Police,-2.076471,52.111310,On or near Church Street,E01032406,Wychavon 012B,Burglary,Investigation complete; no suspect identified,
911a3a1340306e8e1a2139ee5bbf3b0c0e66b26277c9a239026cc37a076c0515,2015-04,West Mercia Police,West Mercia Police,-2.075081,52.109612,On or near Ganderton Court,E01032406,Wychavon 012B,Burglary,Investigation complete; no suspect identified,
14747b0588ddd645bdc79c3d26c03437e7028d1833629f2b0632f092fad69dc0,2015-04,West Mercia Police,West Mercia Police,-2.075358,52.109810,On or near Broad Street,E01032406,Wychavon 012B,Burglary,Investigation complete; no suspect identified,
62d8c298b8513bcdb6da07f63b61a3f4bb932f97b23c0e3ed40759fb22f9806d,2015-04,West Mercia Police,West Mercia Police,-2.079552,52.111515,On or near Monks Close,E01032406,Wychavon 012B,Other theft,Unable to prosecute suspect,
b236da80c38100a30d16057cff2dd913ef94ec57312cb1889d15c97bbac6296f,2015-04,West Mercia Police,West Mercia Police,-2.078647,52.111768,On or near Little Priest Lane,E01032406,Wychavon 012B,Public order,Offender fined,
212fd53751a652ca862dc65a23b88dc1403eef9ed3a5d37b18a543cb1f68b32a,2015-04,West Mercia Police,West Mercia Police,-2.076471,52.111310,On or near Church Street,E01032406,Wychavon 012B,Public order,Offender given a caution,
e9626f1cf3adab0ce0d74e9c25f4b1eedacb0cadf0223018015f98e9f7df8fde,2015-04,West Mercia Police,West Mercia Police,-2.075358,52.109810,On or near Broad Street,E01032406,Wychavon 012B,Robbery,Offender sent to prison,
8a1bb8857e355c96eacce236b62d17fb383961d0332cbb1ee44671db15a15bbb,2015-04,West Mercia Police,West Mercia Police,-2.076210,52.112327,On or near High Street,E01032406,Wychavon 012B,Shoplifting,Investigation complete; no suspect identified,
f99fe94d46fa2dcdbe804286a160ae2e1bda9de6950fecea40a2086159be93d9,2015-04,West Mercia Police,West Mercia Police,-2.075358,52.109810,On or near Broad Street,E01032406,Wychavon 012B,Shoplifting,Local resolution,
bf40fbdb031834686ae645947222b96ad373a0a2683754e052f34d2b3a34394d,2015-04,West Mercia Police,West Mercia Police,-2.075358,52.109810,On or near Broad Street,E01032406,Wychavon 012B,Shoplifting,Unable to prosecute suspect,
a92dd79f6534c1209b0401f4c21faf0edf4a5a235d67f53ec27ba2cad1377d0c,2015-04,West Mercia Police,West Mercia Police,-2.075358,52.109810,On or near Broad Street,E01032406,Wychavon 012B,Shoplifting,Local resolution,
6e32d2c4d840571f818749e54df3f7a1fbd2f465c8788b662aa48c57054febfe,2015-04,West Mercia Police,West Mercia Police,-2.080671,52.108458,On or near Abbey Road,E01032406,Wychavon 012B,Vehicle crime,Investigation complete; no suspect identified,
c712aeba62b6dd85bac9ed314bb2edf86beee624077f7b188663fd2cdd67d471,2015-04,West Mercia Police,West Mercia Police,-2.081493,52.110929,On or near Betjeman Close,E01032406,Wychavon 012B,Vehicle crime,Under investigation,
1053cdab0a035cd57d02c3064d992c02589ae206bc07f5718a1f0f779ec37570,2015-04,West Mercia Police,West Mercia Police,-2.080066,52.112998,On or near St Agathas Court,E01032406,Wychavon 012B,Violence and sexual offences,Unable to prosecute suspect,
3d238778453ddfb0e37f220beb957eeb1bb58111fab94a3cfd5dafb39124fc61,2015-04,West Mercia Police,West Mercia Police,-2.075358,52.109810,On or near Broad Street,E01032406,Wychavon 012B,Violence and sexual offences,Local resolution,
e0d3eb47eed9a41ded2cc5877350652da884c143b1ad4ec63e4ed838a5594817,2015-04,West Mercia Police,West Mercia Police,-2.074470,52.111474,On or near Supermarket,E01032406,Wychavon 012B,Violence and sexual offences,Local resolution,
,2015-04,West Mercia Police,West Mercia Police,-2.080376,52.106858,On or near St Andrew'S Road,E01032407,Wychavon 012C,Anti-social behaviour,,
,2015-04,West Mercia Police,West Mercia Police,-2.078257,52.105987,On or near Great Calcroft,E01032407,Wychavon 012C,Anti-social behaviour,,
,2015-04,West Mercia Police,West Mercia Police,-2.082246,52.107477,On or near Abbots Road,E01032407,Wychavon 012C,Anti-social behaviour,,
,2015-04,West Mercia Police,West Mercia Police,-2.075221,52.106106,On or near Nogains,E01032407,Wychavon 012C,Anti-social behaviour,,
,2015-04,West Mercia Police,West Mercia Police,-2.081104,52.105428,On or near Hanson Way,E01032407,Wychavon 012C,Anti-social behaviour,,
ecb50c0f098dea16a4aca747f342f58798b13deeaa38ab76a3013195a9ca49cc,2015-04,West Mercia Police,West Mercia Police,-2.073222,52.106817,On or near Manor Gardens,E01032407,Wychavon 012C,Criminal damage and arson,Investigation complete; no suspect identified,
739a7d5ea1fcdb7da65c418823b2067d0e0dfc40dc5ec1c3931b073f1d2740b5,2015-04,West Mercia Police,West Mercia Police,-2.082246,52.107477,On or near Abbots Road,E01032407,Wychavon 012C,Criminal damage and arson,Investigation complete; no suspect identified,
b9247cc89f16d759e6c1ddd246858a76b2e22b01b00860c31f615b56c60ab607,2015-04,West Mercia Police,West Mercia Police,-2.080376,52.106858,On or near St Andrew'S Road,E01032407,Wychavon 012C,Vehicle crime,Investigation complete; no suspect identified,
f0bb790e02d4f08abbd3ce4853c70a8e45955cd9119498ccd34bacd9547beddc,2015-04,West Mercia Police,West Mercia Police,-2.080376,52.106858,On or near St Andrew'S Road,E01032407,Wychavon 012C,Violence and sexual offences,Unable to prosecute suspect,
d884a2b8165ddca0e33a36c2a20d4fcd5ff09b94d9f932f0d1857cf39df65d1c,2015-04,West Mercia Police,West Mercia Police,-2.081994,52.105346,On or near Little Pennyrope,E01032407,Wychavon 012C,Violence and sexual offences,Local resolution,
,2015-04,West Mercia Police,West Mercia Police,-2.078601,52.118879,On or near Ashdale Avenue,E01032408,Wychavon 012D,Anti-social behaviour,,
,2015-04,West Mercia Police,West Mercia Police,-2.076727,52.115931,On or near Fairways Walk,E01032408,Wychavon 012D,Anti-social behaviour,,
,2015-04,West Mercia Police,West Mercia Police,-2.082555,52.116539,On or near Sebright Close,E01032408,Wychavon 012D,Anti-social behaviour,,
,2015-04,West Mercia Police,West Mercia Police,-2.082363,52.115271,On or near Bedford Close,E01032408,Wychavon 012D,Anti-social behaviour,,
,2015-04,West Mercia Police,West Mercia Police,-2.080615,52.117646,On or near Mount Pleasant,E01032408,Wychavon 012D,Anti-social behaviour,,
,2015-04,West Mercia Police,West Mercia Police,-2.082363,52.115271,On or near Bedford Close,E01032408,Wychavon 012D,Anti-social behaviour,,
5278ae3dad49d41a8b0e06bebd0c6cd5a43e15d2848ec2a829d8d764f62ab0ef,2015-04,West Mercia Police,West Mercia Police,-2.082363,52.115271,On or near Bedford Close,E01032408,Wychavon 012D,Criminal damage and arson,Local resolution,
dc64634a6d415225ea0df0bd3d84e0874b08eccbd8b47e77c9fc05fc789db1b0,2015-04,West Mercia Police,West Mercia Police,-2.080719,52.118968,On or near Mount Pleasant Barns,E01032408,Wychavon 012D,Other theft,Investigation complete; no suspect identified,
,2015-04,West Mercia Police,West Mercia Police,-2.078653,52.115139,On or near Queen Elizabeth Drive,E01032409,Wychavon 012E,Anti-social behaviour,,
,2015-04,West Mercia Police,West Mercia Police,-2.075534,52.118818,On or near Mayfield Road,E01032409,Wychavon 012E,Anti-social behaviour,,
,2015-04,West Mercia Police,West Mercia Police,-2.079060,52.114240,On or near Pershore Police Station,E01032409,Wychavon 012E,Anti-social behaviour,,
6ea1f8a7ca4f5a2f82b7a11c69e1ef1b864f720b7131e681b89698e3743875da,2015-04,West Mercia Police,West Mercia Police,-2.075324,52.115438,On or near Cherry Orchard,E01032409,Wychavon 012E,Burglary,Investigation complete; no suspect identified,
7ca90b983a4cb9015cf53d97d8029aa4920dabe2437a6f3561f1d4b77684a455,2015-04,West Mercia Police,West Mercia Police,-2.071741,52.130472,On or near Parking Area,E01032409,Wychavon 012E,Burglary,Offender otherwise dealt with,
ad8fe583e4315f241d5ef7ead92cee690df71331f334476898102b1b649dccfb,2015-04,West Mercia Police,West Mercia Police,-2.067571,52.126249,On or near Kempton Road,E01032409,Wychavon 012E,Burglary,Investigation complete; no suspect identified,
b187240546695d29f2a8ce99c6518467844f132d120969d469743e1f46131cf4,2015-04,West Mercia Police,West Mercia Police,-2.070188,52.127785,On or near Lyttleton Road,E01032409,Wychavon 012E,Burglary,Investigation complete; no suspect identified,
b3f3faaae5e6d5fe3e69d3ba941e4eeb6e029e419e077ad33bd2fe35f8f5e8c4,2015-04,West Mercia Police,West Mercia Police,-2.067571,52.126249,On or near Kempton Road,E01032409,Wychavon 012E,Other theft,Investigation complete; no suspect identified,
46f4418de955483ec1e923b374228c9c8ce77b81df7955ce1ec951f19d5ee9d1,2015-04,West Mercia Police,West Mercia Police,-2.078610,52.115265,On or near Parking Area,E01032409,Wychavon 012E,Other theft,Investigation complete; no suspect identified,
08b87cd163d11e0072ab4a489c8c9bcec811cdbff21ae82ab5d3d68f8763fb94,2015-04,West Mercia Police,West Mercia Police,-2.075534,52.118818,On or near Mayfield Road,E01032409,Wychavon 012E,Vehicle crime,Investigation complete; no suspect identified,
a4c8bb5de47815c3630ab263738ace7ad5267090d65c4c2c9127b2e68b9dee98,2015-04,West Mercia Police,West Mercia Police,-2.073228,52.119880,On or near Avon Road,E01032409,Wychavon 012E,Violence and sexual offences,Unable to prosecute suspect,
d8b7f8b6c49bfb5bebde029785fb829477ea47079963e26259916b554a48efe2,2015-04,West Mercia Police,West Mercia Police,-2.077241,52.117828,On or near Pippin Close,E01032409,Wychavon 012E,Violence and sexual offences,Defendant found not guilty,
85f0d57c55ff9cc9dcfe171ee262b25bf0a7984ab9f76d8ec21cc400c3aaf2bd,2015-04,West Mercia Police,West Mercia Police,-2.077241,52.117828,On or near Pippin Close,E01032409,Wychavon 012E,Violence and sexual offences,Defendant found not guilty,
7894429d52c5c6d352cfebcd6a97c15ae222012af71ea1d1237896e261ee3e3f,2015-04,West Mercia Police,West Mercia Police,-2.073465,52.112742,On or near Sports/Recreation Area,E01032409,Wychavon 012E,Violence and sexual offences,Unable to prosecute suspect,
,2015-04,West Mercia Police,West Mercia Police,-1.920904,52.099406,On or near B4510,E01032340,Wychavon 013A,Anti-social behaviour,,
4d4ee1a8402c0cc3cdda5d3e4ec97e2a87e537c0dd2e6d1e71a85208da9c6644,2015-04,West Mercia Police,West Mercia Police,-1.925005,52.100163,On or near The Parks,E01032340,Wychavon 013A,Violence and sexual offences,Offender given community sentence,
47a935ba531b7a3b5ff58947acc2a87ba485ed5b84024a5454a5656b15225d50,2015-04,West Mercia Police,West Mercia Police,-1.920904,52.099406,On or near B4510,E01032340,Wychavon 013A,Violence and sexual offences,Unable to prosecute suspect,
c16ceea2cf6db6aa3886ad0e3ef029b2a96e4168f2847808a60328285a3eced8,2015-04,West Mercia Police,West Mercia Police,-1.925005,52.100163,On or near The Parks,E01032340,Wychavon 013A,Violence and sexual offences,Offender given community sentence,
8eff3ad67f09726e71612a6cd1593beef05f3539dea781f06f17862ab5e74063,2015-04,West Mercia Police,West Mercia Police,-1.894881,52.084344,On or near Binyon Close,E01032341,Wychavon 013B,Burglary,Investigation complete; no suspect identified,
1db065a481fa2630ce6b1a2e7195fe1ccb85dfb995fb0cfd6c31c78fa1878e78,2015-04,West Mercia Police,West Mercia Police,-1.896778,52.078106,On or near Golden Lane,E01032341,Wychavon 013B,Criminal damage and arson,Investigation complete; no suspect identified,
,2015-04,West Mercia Police,West Mercia Police,-1.915280,52.109085,On or near Laurels Avenue,E01032349,Wychavon 013C,Anti-social behaviour,,
,2015-04,West Mercia Police,West Mercia Police,-1.906394,52.119956,On or near B4510,E01032349,Wychavon 013C,Anti-social behaviour,,
7c9583585d424be034eb26b372713b72a403497255a5f8a902b5d80b94d6e6a0,2015-04,West Mercia Police,West Mercia Police,-1.922115,52.116506,On or near Gibbs Lane,E01032349,Wychavon 013C,Burglary,Investigation complete; no suspect identified,
6ca562dc6cb487bfabe67ebe7d8cd2577ca1437cb3129b0b2a791da4b8b27e0f,2015-04,West Mercia Police,West Mercia Police,-1.906394,52.119956,On or near B4510,E01032349,Wychavon 013C,Violence and sexual offences,Unable to prosecute suspect,
2d18c84801f99687ddec11c73353669421ba4bc40eaa3509a058a00e92a43b93,2015-04,West Mercia Police,West Mercia Police,-1.922340,52.112910,On or near Main Street,E01032349,Wychavon 013C,Other crime,Court result unavailable,
,2015-04,West Mercia Police,West Mercia Police,-1.870815,52.094803,On or near Main Street,E01032350,Wychavon 013D,Anti-social behaviour,,
,2015-04,West Mercia Police,West Mercia Police,-1.872455,52.098194,On or near Grange Road,E01032350,Wychavon 013D,Anti-social behaviour,,
,2015-04,West Mercia Police,West Mercia Police,-1.871302,52.098067,On or near Ivy Lane,E01032350,Wychavon 013D,Anti-social behaviour,,
bd6f7e9330c1dc3ecf82fe95d10193bb9fef2f0b97fcf69d9c632522a45d1077,2015-04,West Mercia Police,West Mercia Police,-1.864387,52.091739,On or near Upper End Court,E01032350,Wychavon 013D,Burglary,Investigation complete; no suspect identified,
b376f0bd29972cb7d17ba50af2362c8717c60264fe479dea756f1de3d1bc0292,2015-04,West Mercia Police,West Mercia Police,-1.865055,52.093035,On or near School Lane,E01032350,Wychavon 013D,Burglary,Investigation complete; no suspect identified,
23c5e2d015528c7871019f409cb7b9813ca2b9f7af66a795c4af6c0404dad263,2015-04,West Mercia Police,West Mercia Police,-1.870382,52.098228,On or near Holly Close,E01032350,Wychavon 013D,Burglary,Investigation complete; no suspect identified,
,2015-04,West Mercia Police,West Mercia Police,-1.922981,52.139433,On or near Hughes Close,E01032388,Wychavon 013E,Anti-social behaviour,,
,2015-04,West Mercia Police,West Mercia Police,-1.921387,52.140043,On or near Hughes Lane,E01032388,Wychavon 013E,Anti-social behaviour,,
238b379b6db4c99315969d72a9eb41ff0a37b9265c9360eb2cf4cbe624708ffc,2015-04,West Mercia Police,West Mercia Police,-1.918410,52.137955,On or near Church Street,E01032388,Wychavon 013E,Criminal damage and arson,Investigation complete; no suspect identified,
78b3a58d2383a9063b2c1ea35f1cd8c1276c3f95f41b116d8281f5ffa34c3497,2015-04,West Mercia Police,West Mercia Police,-1.911616,52.130650,On or near Anchor Lane,E01032388,Wychavon 013E,Drugs,Offender given penalty notice,
fa06a0859ee3dffcd99238206d2a4513609de2c557644c71ca230c836432cc5b,2015-04,West Mercia Police,West Mercia Police,-1.919360,52.138073,On or near Walnut Close,E01032388,Wychavon 013E,Violence and sexual offences,Unable to prosecute suspect,
ca6fb52310f3417d889db99509e84e43c14b57277d94e8b463ac79a9937be0eb,2015-04,West Mercia Police,West Mercia Police,-1.919113,52.136895,On or near Shakespeare Lane,E01032388,Wychavon 013E,Violence and sexual offences,Unable to prosecute suspect,
119e27a068a83a870985746aa40763d30f60823042c461f92ae84af098ca0d26,2015-04,West Mercia Police,West Mercia Police,-1.919113,52.136895,On or near Shakespeare Lane,E01032388,Wychavon 013E,Violence and sexual offences,Offender fined,
5ddb43223e42efbf711781b5d48019c050ea2883b5f8ad56b52155530c75d8a2,2015-04,West Mercia Police,West Mercia Police,-1.919360,52.138073,On or near Walnut Close,E01032388,Wychavon 013E,Violence and sexual offences,Unable to prosecute suspect,
,2015-04,West Mercia Police,West Mercia Police,-1.939215,52.128429,On or near Church Lane,E01032389,Wychavon 013F,Anti-social behaviour,,
,2015-04,West Mercia Police,West Mercia Police,-1.944378,52.111215,On or near A4184,E01032389,Wychavon 013F,Anti-social behaviour,,
a2a2139eef309b15c71470f5182a341ffb4c4a0e20285c7c364261825bdd0e16,2015-04,West Mercia Police,West Mercia Police,-1.931755,52.144068,On or near Groves Close,E01032389,Wychavon 013F,Burglary,Investigation complete; no suspect identified,
10191a782a5972a95a890e0674cc94ae4f0bbdf6e34adaab742a306764bb94be,2015-04,West Mercia Police,West Mercia Police,-1.926247,52.143355,On or near Poplar Way,E01032389,Wychavon 013F,Criminal damage and arson,Investigation complete; no suspect identified,
3b310b8a1cc27aec0b6ed8df5379f37271354a592a184d402bb73a628d6ed3bd,2015-04,West Mercia Police,West Mercia Police,-1.951460,52.111182,On or near The Squires,E01032389,Wychavon 013F,Violence and sexual offences,Unable to prosecute suspect,
ca112d713d6b0635f00720c4e7423a57db5dc73bd5375438b63f9b478dcb2ced,2015-04,West Mercia Police,West Mercia Police,-1.931755,52.144068,On or near Groves Close,E01032389,Wychavon 013F,Violence and sexual offences,Offender given community sentence,
d4bfdcb6563052b1e022c01fed1171ab925c0813fb23e3cc3af421d6d96714ff,2015-04,West Mercia Police,West Mercia Police,-1.931755,52.144068,On or near Groves Close,E01032389,Wychavon 013F,Violence and sexual offences,Unable to prosecute suspect,
0a4d3ee6ccaa82d2bc94cf0d2fba9b51f6f6ba8c5c62308f60bdcb566ac767ba,2015-04,West Mercia Police,West Mercia Police,-1.944378,52.111215,On or near A4184,E01032389,Wychavon 013F,Violence and sexual offences,Offender given a caution,
7ff237a5414357db4fb823a385ad9c5c5fa32716c94fe9dbe32056ed79090ebd,2015-04,West Mercia Police,West Mercia Police,-1.941185,52.118801,On or near Sports/Recreation Area,E01032389,Wychavon 013F,Violence and sexual offences,Unable to prosecute suspect,
a4bae8bab92a869f2562bffd638e367c9b3bf1ebca34f3a16f70aec736882465,2015-04,West Mercia Police,West Mercia Police,-1.954285,52.133075,On or near Hipton Hill,E01032389,Wychavon 013F,Other crime,Court case unable to proceed,
,2015-04,West Mercia Police,West Mercia Police,-1.944359,52.091489,On or near Monks Walk,E01032343,Wychavon 014A,Anti-social behaviour,,
,2015-04,West Mercia Police,West Mercia Police,-1.941279,52.091551,On or near Castle Street,E01032343,Wychavon 014A,Anti-social behaviour,,
,2015-04,West Mercia Police,West Mercia Police,-1.941279,52.091551,On or near Castle Street,E01032343,Wychavon 014A,Anti-social behaviour,,
,2015-04,West Mercia Police,West Mercia Police,-1.942228,52.091353,On or near Mortimers Quay,E01032343,Wychavon 014A,Anti-social behaviour,,
,2015-04,West Mercia Police,West Mercia Police,-1.942228,52.091353,On or near Mortimers Quay,E01032343,Wychavon 014A,Anti-social behaviour,,
,2015-04,West Mercia Police,West Mercia Police,-1.942228,52.091353,On or near Mortimers Quay,E01032343,Wychavon 014A,Anti-social behaviour,,
,2015-04,West Mercia Police,West Mercia Police,-1.949936,52.090341,On or near Evesham Police Station,E01032343,Wychavon 014A,Anti-social behaviour,,
,2015-04,West Mercia Police,West Mercia Police,-1.949936,52.090341,On or near Evesham Police Station,E01032343,Wychavon 014A,Anti-social behaviour,,
,2015-04,West Mercia Police,West Mercia Police,-1.946853,52.093055,On or near Parking Area,E01032343,Wychavon 014A,Anti-social behaviour,,
,2015-04,West Mercia Police,West Mercia Police,-1.941279,52.091551,On or near Castle Street,E01032343,Wychavon 014A,Anti-social behaviour,,
,2015-04,West Mercia Police,West Mercia Police,-1.946853,52.093055,On or near Parking Area,E01032343,Wychavon 014A,Anti-social behaviour,,
,2015-04,West Mercia Police,West Mercia Police,-1.949936,52.090341,On or near Evesham Police Station,E01032343,Wychavon 014A,Anti-social behaviour,,
,2015-04,West Mercia Police,West Mercia Police,-1.940067,52.091793,On or near Lower Leys,E01032343,Wychavon 014A,Anti-social behaviour,,
,2015-04,West Mercia Police,West Mercia Police,-1.936447,52.091953,On or near Northwick Road,E01032343,Wychavon 014A,Anti-social behaviour,,
,2015-04,West Mercia Police,West Mercia Police,-1.946853,52.093055,On or near Parking Area,E01032343,Wychavon 014A,Anti-social behaviour,,
,2015-04,West Mercia Police,West Mercia Police,-1.938178,52.096548,On or near Robins Meadow,E01032343,Wychavon 014A,Anti-social behaviour,,
,2015-04,West Mercia Police,West Mercia Police,-1.949936,52.090341,On or near Evesham Police Station,E01032343,Wychavon 014A,Anti-social behaviour,,
,2015-04,West Mercia Police,West Mercia Police,-1.940067,52.091793,On or near Lower Leys,E01032343,Wychavon 014A,Anti-social behaviour,,
,2015-04,West Mercia Police,West Mercia Police,-1.935180,52.090082,On or near B4305,E01032343,Wychavon 014A,Anti-social behaviour,,
,2015-04,West Mercia Police,West Mercia Police,-1.941279,52.091551,On or near Castle Street,E01032343,Wychavon 014A,Anti-social behaviour,,
,2015-04,West Mercia Police,West Mercia Police,-1.941279,52.091551,On or near Castle Street,E01032343,Wychavon 014A,Anti-social behaviour,,
,2015-04,West Mercia Police,West Mercia Police,-1.944620,52.092658,On or near Seward Close,E01032343,Wychavon 014A,Anti-social behaviour,,
,2015-04,West Mercia Police,West Mercia Police,-1.944634,52.092784,On or near Cowl Street,E01032343,Wychavon 014A,Anti-social behaviour,,
,2015-04,West Mercia Police,West Mercia Police,-1.945570,52.091912,On or near Shopping Area,E01032343,Wychavon 014A,Anti-social behaviour,,
,2015-04,West Mercia Police,West Mercia Police,-1.942228,52.091353,On or near Mortimers Quay,E01032343,Wychavon 014A,Anti-social behaviour,,
,2015-04,West Mercia Police,West Mercia Police,-1.941279,52.091551,On or near Castle Street,E01032343,Wychavon 014A,Anti-social behaviour,,
,2015-04,West Mercia Police,West Mercia Police,-1.938178,52.096548,On or near Robins Meadow,E01032343,Wychavon 014A,Anti-social behaviour,,
,2015-04,West Mercia Police,West Mercia Police,-1.944211,52.093081,On or near Nightingale Court,E01032343,Wychavon 014A,Anti-social behaviour,,
,2015-04,West Mercia Police,West Mercia Police,-1.949936,52.090341,On or near Evesham Police Station,E01032343,Wychavon 014A,Anti-social behaviour,,
,2015-04,West Mercia Police,West Mercia Police,-1.942228,52.091353,On or near Mortimers Quay,E01032343,Wychavon 014A,Anti-social behaviour,,
358628690e625e4445bd082354e30cc9bda1bf1418efeaf6632d88043ccb89c7,2015-04,West Mercia Police,West Mercia Police,-1.938170,52.091208,On or near The Leys,E01032343,Wychavon 014A,Burglary,Offender sent to prison,
a8d7d751f15e3a1c8c7d1310b072fbd62d67418df103b7f7dcc425527205b5d8,2015-04,West Mercia Police,West Mercia Police,-1.943613,52.092487,On or near Mill Street,E01032343,Wychavon 014A,Burglary,Offender given a caution,
e4717f49ccf8933dcec4ed19d4b91dbbe63e17c2a02035793e36b9e4133ec136,2015-04,West Mercia Police,West Mercia Police,-1.949936,52.090341,On or near Evesham Police Station,E01032343,Wychavon 014A,Burglary,Investigation complete; no suspect identified,
40e8a2e51cfdc3ef099504f32c8060aedea7b9e3642e470b48829edf63b79b05,2015-04,West Mercia Police,West Mercia Police,-1.936447,52.091953,On or near Northwick Road,E01032343,Wychavon 014A,Burglary,Investigation complete; no suspect identified,
60a2295d447475483521300593351cfc8a7072952bae84b6027dcf69c447d53a,2015-04,West Mercia Police,West Mercia Police,-1.937690,52.090182,On or near Swan Court,E01032343,Wychavon 014A,Burglary,Investigation complete; no suspect identified,
73a9959b5c637c3794163bed81339ac79dce7501c5f667036a8227a224ffec88,2015-04,West Mercia Police,West Mercia Police,-1.944359,52.091489,On or near Monks Walk,E01032343,Wychavon 014A,Criminal damage and arson,Investigation complete; no suspect identified,
be1c2c713406a3298f38e97686b11eb40b07464c5592ce70d2e247ff85e50658,2015-04,West Mercia Police,West Mercia Police,-1.949936,52.090341,On or near Evesham Police Station,E01032343,Wychavon 014A,Criminal damage and arson,Investigation complete; no suspect identified,
24a46cd47a94a91a7bdc4c15faabce5ebe2026abc4e276c386881dfe2b76944f,2015-04,West Mercia Police,West Mercia Police,-1.941279,52.091551,On or near Castle Street,E01032343,Wychavon 014A,Drugs,Unable to prosecute suspect,
a795e884210d56578bd1f63e5a082a5770f316078bfa35f8d92f469d99f1e4e3,2015-04,West Mercia Police,West Mercia Police,-1.941279,52.091551,On or near Castle Street,E01032343,Wychavon 014A,Other theft,Unable to prosecute suspect,
2e319052714a68e1fd7e4cca88c94a22646fa6914e75e3da276b98b264a857ef,2015-04,West Mercia Police,West Mercia Police,-1.943613,52.092487,On or near Mill Street,E01032343,Wychavon 014A,Public order,Investigation complete; no suspect identified,
1be84be3b36c6da9737875c1cf44b641187a1743c88f60a9147bfc5c2d0c9fa8,2015-04,West Mercia Police,West Mercia Police,-1.942228,52.091353,On or near Mortimers Quay,E01032343,Wychavon 014A,Public order,Investigation complete; no suspect identified,
f8b9f1972c2f4c933387564b730bca9cda37638ca3fd22fdbd2428f045db7b68,2015-04,West Mercia Police,West Mercia Police,-1.942228,52.091353,On or near Mortimers Quay,E01032343,Wychavon 014A,Public order,Under investigation,
454e18dc06609c305aa98eee238a92dd36c68fb4475c3926e6d2810148fa73e9,2015-04,West Mercia Police,West Mercia Police,-1.946853,52.093055,On or near Parking Area,E01032343,Wychavon 014A,Public order,Offender given a caution,
d664687fa05063f3a788a82a7ca128e6f7224ebf7463dbc1b6d20d8998325998,2015-04,West Mercia Police,West Mercia Police,-1.935238,52.090208,On or near Elm Road,E01032343,Wychavon 014A,Public order,Unable to prosecute suspect,
dce9b00f9cd84c354188e12f2106828318a549d32de11b33f9453f77b7b38350,2015-04,West Mercia Police,West Mercia Police,-1.944983,52.094286,On or near Swan Lane,E01032343,Wychavon 014A,Shoplifting,Investigation complete; no suspect identified,
f1dbdc3fe7a258bb874f9cf7ed6c0172cf2c55ff5f840fa115ad610b1d627178,2015-04,West Mercia Police,West Mercia Police,-1.935180,52.090082,On or near B4305,E01032343,Wychavon 014A,Shoplifting,Investigation complete; no suspect identified,
330043486d808cecfbdcb716f09dc5879e65564de64cf112b0c642842ec902af,2015-04,West Mercia Police,West Mercia Police,-1.945570,52.091912,On or near Shopping Area,E01032343,Wychavon 014A,Shoplifting,Investigation complete; no suspect identified,
b35d47344bdca9ba94d0ab3a8484837e92c540f317d68bb27b5781950179b613,2015-04,West Mercia Police,West Mercia Police,-1.935180,52.090082,On or near B4305,E01032343,Wychavon 014A,Shoplifting,Unable to prosecute suspect,
d4673eaaa18bcca985f6f7bf81192e2439ae1012983e487dc01a24ed2fe62824,2015-04,West Mercia Police,West Mercia Police,-1.946853,52.093055,On or near Parking Area,E01032343,Wychavon 014A,Shoplifting,Unable to prosecute suspect,
804f3397e200fdae306be66ebc9f311c04ce5ce331bd47788e97a7390133103c,2015-04,West Mercia Police,West Mercia Police,-1.944983,52.094286,On or near Swan Lane,E01032343,Wychavon 014A,Shoplifting,Investigation complete; no suspect identified,
f5648f30870c1810a15d2e904f01b661737401b6c3e39d4168c8d06023ec82bd,2015-04,West Mercia Police,West Mercia Police,-1.935180,52.090082,On or near B4305,E01032343,Wychavon 014A,Shoplifting,Investigation complete; no suspect identified,
e1506abb12a58c9aa6d208c7c71b5672a12abea0c15199bac52e0f13b1ff9182,2015-04,West Mercia Police,West Mercia Police,-1.935180,52.090082,On or near B4305,E01032343,Wychavon 014A,Theft from the person,Investigation complete; no suspect identified,
dc7e43d6feb118337dc9bd401632b35984945bba1d9bd05bb8d9a8e8b6a6f597,2015-04,West Mercia Police,West Mercia Police,-1.937690,52.090182,On or near Swan Court,E01032343,Wychavon 014A,Vehicle crime,Investigation complete; no suspect identified,
5421990c85193228a652ac81507c503ca01612764296141127f04e06c7900f75,2015-04,West Mercia Police,West Mercia Police,-1.949936,52.090341,On or near Evesham Police Station,E01032343,Wychavon 014A,Vehicle crime,Court result unavailable,
c0edb64602c4c4de93c0efba2dd25783ac3d9d9f4a3b8bc6918a622655dda0b1,2015-04,West Mercia Police,West Mercia Police,-1.938178,52.096548,On or near Robins Meadow,E01032343,Wychavon 014A,Vehicle crime,Investigation complete; no suspect identified,
fc9cb0d311a6d24b2bc57297503c1bb10728d6cd8ba45b9a72e2d7158b422655,2015-04,West Mercia Police,West Mercia Police,-1.944983,52.094286,On or near Swan Lane,E01032343,Wychavon 014A,Vehicle crime,Investigation complete; no suspect identified,
94742f95f2222efb9ffef71231696b15eaf285da9d9e63355a700bebaac07821,2015-04,West Mercia Police,West Mercia Police,-1.942228,52.091353,On or near Mortimers Quay,E01032343,Wychavon 014A,Violence and sexual offences,Investigation complete; no suspect identified,
78e27794a7ff93bd77e620ee96b5753fac598c4a46fc3f54fe15754d7f32357d,2015-04,West Mercia Police,West Mercia Police,-1.942228,52.091353,On or near Mortimers Quay,E01032343,Wychavon 014A,Violence and sexual offences,Unable to prosecute suspect,
cece89e82b33f4fd644bee578525dc17d84e3239c9709d24f71fff2e1279b14f,2015-04,West Mercia Police,West Mercia Police,-1.946853,52.093055,On or near Parking Area,E01032343,Wychavon 014A,Violence and sexual offences,Unable to prosecute suspect,
ec32959bb7e4d4b6fa2db535a3dbff539690249a85ed278e7282c4a2d9f39766,2015-04,West Mercia Police,West Mercia Police,-1.938170,52.091208,On or near The Leys,E01032343,Wychavon 014A,Violence and sexual offences,Unable to prosecute suspect,
ea10275c66424bcf83331c18af075dbeb242be3466bfbb0c3e8f2b0c56e2c430,2015-04,West Mercia Police,West Mercia Police,-1.938436,52.089257,On or near Church Street,E01032343,Wychavon 014A,Violence and sexual offences,Unable to prosecute suspect,
dbad7d3bbd8c9fdb4041430bd39a686fc9dacc9defcd165196d91162475ea79e,2015-04,West Mercia Police,West Mercia Police,-1.946853,52.093055,On or near Parking Area,E01032343,Wychavon 014A,Violence and sexual offences,Offender given community sentence,
5aed076c4a2353af16a52353c9471dfbebbab7c8f0ea5222c79e06edd37a7cb0,2015-04,West Mercia Police,West Mercia Police,-1.942228,52.091353,On or near Mortimers Quay,E01032343,Wychavon 014A,Violence and sexual offences,Investigation complete; no suspect identified,
a0810b5aa3ca4acbdac04ac9c45b2a4ee48ea3c55f42cb4fd77de46d87a7a196,2015-04,West Mercia Police,West Mercia Police,-1.944983,52.094286,On or near Swan Lane,E01032343,Wychavon 014A,Violence and sexual offences,Unable to prosecute suspect,
3cbc5bada18de6f5a89b6d0926e30dee13993f3a4555b94c9a9887745a99a081,2015-04,West Mercia Police,West Mercia Police,-1.944634,52.092784,On or near Cowl Street,E01032343,Wychavon 014A,Violence and sexual offences,Unable to prosecute suspect,
88b1ef6d6265c4334af126767a938429bb198d0f870e0a9a3fd130997150fbaa,2015-04,West Mercia Police,West Mercia Police,-1.944634,52.092784,On or near Cowl Street,E01032343,Wychavon 014A,Violence and sexual offences,Unable to prosecute suspect,
99d57062b74be12bdeaa2411f63a7a1f2c971252c84389385d9462beccabafd3,2015-04,West Mercia Police,West Mercia Police,-1.946853,52.093055,On or near Parking Area,E01032343,Wychavon 014A,Violence and sexual offences,Unable to prosecute suspect,
c7a78297a2ff0acba5ba686f72e676f63991f214b52943a8b37a620e231d00d1,2015-04,West Mercia Police,West Mercia Police,-1.946853,52.093055,On or near Parking Area,E01032343,Wychavon 014A,Violence and sexual offences,Investigation complete; no suspect identified,
b7baa9af47b2463fd1e33d0596ea4a31ab412e2e7742e906efe16b357d0c42be,2015-04,West Mercia Police,West Mercia Police,-1.941279,52.091551,On or near Castle Street,E01032343,Wychavon 014A,Violence and sexual offences,Unable to prosecute suspect,
d801f925fd03e491c12de269b539da05124cbf03060d3d38957bec39c133cba4,2015-04,West Mercia Police,West Mercia Police,-1.945469,52.090519,On or near Park/Open Space,E01032343,Wychavon 014A,Violence and sexual offences,Local resolution,
a8af49f8835a3e58607535b584695cc7f6eda2b6de72af3036eec4639cffe9b9,2015-04,West Mercia Police,West Mercia Police,-1.942228,52.091353,On or near Mortimers Quay,E01032343,Wychavon 014A,Violence and sexual offences,Unable to prosecute suspect,
2ef8696c05fe54fed9656d2adf40e85aa91cf234cc67596f48a972583d9f63b3,2015-04,West Mercia Police,West Mercia Police,-1.945570,52.091912,On or near Shopping Area,E01032343,Wychavon 014A,Violence and sexual offences,Unable to prosecute suspect,
ef7ce9bb0a940ae16b8c566b9b3b46d191994482138434a7f7aca3ab6e7e5247,2015-04,West Mercia Police,West Mercia Police,-1.937690,52.090182,On or near Swan Court,E01032343,Wychavon 014A,Other crime,Unable to prosecute suspect,
d569f29e5753e81f165c6ecee9a08ad7ab9182afb96d4d4883d6f22644ae5db6,2015-04,West Mercia Police,West Mercia Police,-1.945469,52.090519,On or near Park/Open Space,E01032343,Wychavon 014A,Other crime,Under investigation,
,2015-04,West Mercia Police,West Mercia Police,-1.952735,52.093354,On or near Bewdley Lane,E01032377,Wychavon 014B,Anti-social behaviour,,
,2015-04,West Mercia Police,West Mercia Police,-1.950210,52.093083,On or near Bewdley Street,E01032377,Wychavon 014B,Anti-social behaviour,,
,2015-04,West Mercia Police,West Mercia Police,-1.946880,52.094943,On or near Parking Area,E01032377,Wychavon 014B,Anti-social behaviour,,
,2015-04,West Mercia Police,West Mercia Police,-1.947991,52.093478,On or near Hopkiln Gardens,E01032377,Wychavon 014B,Anti-social behaviour,,
,2015-04,West Mercia Police,West Mercia Police,-1.950822,52.094225,On or near West Street,E01032377,Wychavon 014B,Anti-social behaviour,,
,2015-04,West Mercia Police,West Mercia Police,-1.948795,52.091734,On or near Parking Area,E01032377,Wychavon 014B,Anti-social behaviour,,
,2015-04,West Mercia Police,West Mercia Police,-1.946718,52.095509,On or near High Street,E01032377,Wychavon 014B,Anti-social behaviour,,
,2015-04,West Mercia Police,West Mercia Police,-1.950822,52.094225,On or near West Street,E01032377,Wychavon 014B,Anti-social behaviour,,
,2015-04,West Mercia Police,West Mercia Police,-1.948036,52.092273,On or near Parking Area,E01032377,Wychavon 014B,Anti-social behaviour,,
,2015-04,West Mercia Police,West Mercia Police,-1.948036,52.092273,On or near Parking Area,E01032377,Wychavon 014B,Anti-social behaviour,,
,2015-04,West Mercia Police,West Mercia Police,-1.949320,52.092480,On or near Parking Area,E01032377,Wychavon 014B,Anti-social behaviour,,
,2015-04,West Mercia Police,West Mercia Police,-1.952283,52.092985,On or near St Lawrence Road,E01032377,Wychavon 014B,Anti-social behaviour,,
,2015-04,West Mercia Police,West Mercia Police,-1.949566,52.094638,On or near Avon Street,E01032377,Wychavon 014B,Anti-social behaviour,,
,2015-04,West Mercia Police,West Mercia Police,-1.946880,52.094943,On or near Parking Area,E01032377,Wychavon 014B,Anti-social behaviour,,
,2015-04,West Mercia Police,West Mercia Police,-1.951463,52.094657,On or near Henry Street,E01032377,Wychavon 014B,Anti-social behaviour,,
3341828d29a011d74f12f8ebc641919850a8e1569cfb7a1a484a53a94b0659b8,2015-04,West Mercia Police,West Mercia Police,-1.952152,52.092113,On or near Merstow Place,E01032377,Wychavon 014B,Burglary,Investigation complete; no suspect identified,
1de5b00a675a400cd05a0ccae3ecc5ac146fab8b03df5a4750c9031bcbda8cfb,2015-04,West Mercia Police,West Mercia Police,-1.946925,52.093738,On or near Parking Area,E01032377,Wychavon 014B,Burglary,Investigation complete; no suspect identified,
197520cd60f6f317fb4aebd48e9307cd7004533ef83e0921652df7c44e918151,2015-04,West Mercia Police,West Mercia Police,-1.948036,52.092273,On or near Parking Area,E01032377,Wychavon 014B,Burglary,Under investigation,
ff10c31243f6a31a57c2e80a9bb14884e2f4a3933fe976ff213a42eb4fa2d2c0,2015-04,West Mercia Police,West Mercia Police,-1.952722,52.091637,On or near Huxleys Way,E01032377,Wychavon 014B,Criminal damage and arson,Investigation complete; no suspect identified,
c7330ca94527a49c3c7b50cae003d1336a667dcc4e58812cdd10fd3eab9b4e7a,2015-04,West Mercia Police,West Mercia Police,-1.949566,52.094638,On or near Avon Street,E01032377,Wychavon 014B,Criminal damage and arson,Investigation complete; no suspect identified,
7313eb9123b291a8486f35210001a0c1da479c5489ecea650f7ec89788979bb6,2015-04,West Mercia Police,West Mercia Police,-1.949320,52.092480,On or near Parking Area,E01032377,Wychavon 014B,Criminal damage and arson,Investigation complete; no suspect identified,
888974e6a0454e11d5e4f7604dbeb9767a1b2254ca2623c2348eb8b47d34c794,2015-04,West Mercia Police,West Mercia Police,-1.946880,52.094943,On or near Parking Area,E01032377,Wychavon 014B,Drugs,Offender fined,
bac7a0f8ca87bd2b52b7284f35a3a43c8f9ca2fe36f7ad652dd94ab02af899b8,2015-04,West Mercia Police,West Mercia Police,-1.947771,52.093981,On or near Petrol Station,E01032377,Wychavon 014B,Drugs,Court result unavailable,
b353d7d527e24b9adb1df76af7a1e4011c405cf1cf41c2bee04d5889b8131000,2015-04,West Mercia Police,West Mercia Police,-1.952283,52.092985,On or near St Lawrence Road,E01032377,Wychavon 014B,Other theft,Investigation complete; no suspect identified,
83ff0c60d655b9918ef2a9a445193f69384dc6949e9e0678115144c37b59a393,2015-04,West Mercia Police,West Mercia Police,-1.948795,52.091734,On or near Parking Area,E01032377,Wychavon 014B,Other theft,Investigation complete; no suspect identified,
793ed740cf0aa86dff47be297dc6f5c94a083dc69cbb3d09450f1448ed497674,2015-04,West Mercia Police,West Mercia Police,-1.952735,52.093354,On or near Bewdley Lane,E01032377,Wychavon 014B,Public order,Unable to prosecute suspect,
aedf451527914c9ea29334f3b19255d6001a62710e14dba303274da36c245bc3,2015-04,West Mercia Police,West Mercia Police,-1.946106,52.094700,On or near Supermarket,E01032377,Wychavon 014B,Shoplifting,Investigation complete; no suspect identified,
50f3bd378188d9c7ddbab8f2c672d958a6e77cdb1d723e84bb87ba1e8804f55c,2015-04,West Mercia Police,West Mercia Police,-1.946106,52.094700,On or near Supermarket,E01032377,Wychavon 014B,Shoplifting,Investigation complete; no suspect identified,
3856aae8a84673f3661f7b1eed15997853884fa3cf53a3ab0536106829e412ec,2015-04,West Mercia Police,West Mercia Police,-1.955135,52.086828,On or near Sports/Recreation Area,E01032377,Wychavon 014B,Vehicle crime,Investigation complete; no suspect identified,
433ed1604342ec6486e180e2461dd36f8e77e1f2a8cebc1fe2eaf36549bbc982,2015-04,West Mercia Police,West Mercia Police,-1.950210,52.093083,On or near Bewdley Street,E01032377,Wychavon 014B,Violence and sexual offences,Unable to prosecute suspect,
0976ae50a7e7db3ad9b17522435727e9ef7e8c3992e54d69f110c36010e14ee6,2015-04,West Mercia Police,West Mercia Police,-1.948036,52.092273,On or near Parking Area,E01032377,Wychavon 014B,Violence and sexual offences,Investigation complete; no suspect identified,
5b68c06dd126f9b29752e65807429da36ed34dc54ad8c471bc25649a01826590,2015-04,West Mercia Police,West Mercia Police,-1.949944,52.095502,On or near Edward Street,E01032377,Wychavon 014B,Violence and sexual offences,Unable to prosecute suspect,
acc6540a9980a7f8c9c80ec28203eefffbfb77957bb827cf74c354e10b4c9970,2015-04,West Mercia Police,West Mercia Police,-1.952735,52.093354,On or near Bewdley Lane,E01032377,Wychavon 014B,Violence and sexual offences,Unable to prosecute suspect,
a6e4743f34618edb66d69cb592a68cd180713a8585db323666fed910ec675128,2015-04,West Mercia Police,West Mercia Police,-1.948795,52.091734,On or near Parking Area,E01032377,Wychavon 014B,Violence and sexual offences,Local resolution,
3610cdda0609731e856d82fd88dc9e1b124b3468ecdf457419dde2b042809990,2015-04,West Mercia Police,West Mercia Police,-1.948036,52.092273,On or near Parking Area,E01032377,Wychavon 014B,Violence and sexual offences,Local resolution,
a7c77c17bb1a5912eefa3b9539f10743833827201531ff527fa0cf93ad963c22,2015-04,West Mercia Police,West Mercia Police,-1.949566,52.094638,On or near Avon Street,E01032377,Wychavon 014B,Violence and sexual offences,Unable to prosecute suspect,
ee2558919c5a82d45e3c1db95c8fa007e67a891de440add882c52cac15bb5c3f,2015-04,West Mercia Police,West Mercia Police,-1.949566,52.094638,On or near Avon Street,E01032377,Wychavon 014B,Other crime,Court result unavailable,
,2015-04,West Mercia Police,West Mercia Police,-1.942618,52.094689,On or near Rynal Place,E01032378,Wychavon 014C,Anti-social behaviour,,
,2015-04,West Mercia Police,West Mercia Police,-1.953897,52.098470,On or near Sports/Recreation Area,E01032378,Wychavon 014C,Anti-social behaviour,,
,2015-04,West Mercia Police,West Mercia Police,-1.944266,52.095778,On or near Rynal Street,E01032378,Wychavon 014C,Anti-social behaviour,,
,2015-04,West Mercia Police,West Mercia Police,-1.942469,52.096685,On or near Sports/Recreation Area,E01032378,Wychavon 014C,Anti-social behaviour,,
,2015-04,West Mercia Police,West Mercia Police,-1.942618,52.094689,On or near Rynal Place,E01032378,Wychavon 014C,Anti-social behaviour,,
,2015-04,West Mercia Police,West Mercia Police,-1.944266,52.095778,On or near Rynal Street,E01032378,Wychavon 014C,Anti-social behaviour,,
,2015-04,West Mercia Police,West Mercia Police,-1.945797,52.097307,On or near Rightons Court,E01032378,Wychavon 014C,Anti-social behaviour,,
,2015-04,West Mercia Police,West Mercia Police,-1.947401,52.098243,On or near Parking Area,E01032378,Wychavon 014C,Anti-social behaviour,,
,2015-04,West Mercia Police,West Mercia Police,-1.944879,52.095481,On or near The Hodges,E01032378,Wychavon 014C,Anti-social behaviour,,
3b89835ede44844b5dc8e282a5bbd74909ba54a311758797a85c1efdb1ef9471,2015-04,West Mercia Police,West Mercia Police,-1.944266,52.095778,On or near Rynal Street,E01032378,Wychavon 014C,Criminal damage and arson,Investigation complete; no suspect identified,
ba98825eaa2221db245dc2f7103c8df66b3996adb9bb054aa72c1d551420ff45,2015-04,West Mercia Police,West Mercia Police,-1.948278,52.097865,On or near Shepherds Pool,E01032378,Wychavon 014C,Vehicle crime,Investigation complete; no suspect identified,
43b9780f016257b08b922e720efefb419af7b798c69a43e90a981d984283f6c1,2015-04,West Mercia Police,West Mercia Police,-1.942618,52.094689,On or near Rynal Place,E01032378,Wychavon 014C,Violence and sexual offences,Offender given community sentence,
ad46c6c846a863fd71eab66fb6cc59c32506c9ecac0cdbcc5bd6626bb687f4c4,2015-04,West Mercia Police,West Mercia Police,-1.947797,52.096903,On or near Shopping Area,E01032378,Wychavon 014C,Violence and sexual offences,Offender sent to prison,
5af635281c8321556f7b04565ee9fb591b91bd513c5e0679476b6fd29ee0f59d,2015-04,West Mercia Police,West Mercia Police,-1.953897,52.098470,On or near Sports/Recreation Area,E01032378,Wychavon 014C,Violence and sexual offences,Unable to prosecute suspect,
0067a250869be4eb1b15d05c2a66d37c03b0cc855a9bb7580cd7ec52bd2df2af,2015-04,West Mercia Police,West Mercia Police,-1.945797,52.097307,On or near Rightons Court,E01032378,Wychavon 014C,Violence and sexual offences,Unable to prosecute suspect,
bfc5cd74678c8c482d2519460195b89fc55e3f7e6c227675f85c93e36da215eb,2015-04,West Mercia Police,West Mercia Police,-1.950891,52.097174,On or near Coxlea Close,E01032378,Wychavon 014C,Violence and sexual offences,Unable to prosecute suspect,
e309d84bc486e1e3d4d9ca75b2979eaa96d61ec4270e0c094bb7a672314517e6,2015-04,West Mercia Police,West Mercia Police,-1.944258,52.102143,On or near Greenhill,E01032376,Wychavon 015A,Burglary,Investigation complete; no suspect identified,
80dd6ea069888ef4b6754491dabcd834095dfa80314802b3e67ef58f6e52e599,2015-04,West Mercia Police,West Mercia Police,-1.951631,52.101984,On or near Supermarket,E01032376,Wychavon 015A,Shoplifting,Investigation complete; no suspect identified,
e5a5da11e6723fafa425dccd941a83a7ef589ae4ee13ae523cf927c6bfb5e20c,2015-04,West Mercia Police,West Mercia Police,-1.951631,52.101984,On or near Supermarket,E01032376,Wychavon 015A,Shoplifting,Investigation complete; no suspect identified,
5fcc863f852ef43fad61d7a1a097d445987ebb362fe213ae6f8dbf0df8d7fd5e,2015-04,West Mercia Police,West Mercia Police,-1.951631,52.101984,On or near Supermarket,E01032376,Wychavon 015A,Shoplifting,Investigation complete; no suspect identified,
ae20b7ee57bf5ca3d7410197eec31ccda05b5f866cfbd49d99c656a4948c105f,2015-04,West Mercia Police,West Mercia Police,-1.951631,52.101984,On or near Supermarket,E01032376,Wychavon 015A,Shoplifting,Local resolution,
,2015-04,West Mercia Police,West Mercia Police,-1.966140,52.085591,On or near Martin Avenue,E01032384,Wychavon 015B,Anti-social behaviour,,
,2015-04,West Mercia Police,West Mercia Police,-1.966140,52.085591,On or near Martin Avenue,E01032384,Wychavon 015B,Anti-social behaviour,,
,2015-04,West Mercia Police,West Mercia Police,-1.962929,52.086219,On or near New Road,E01032384,Wychavon 015B,Anti-social behaviour,,
,2015-04,West Mercia Police,West Mercia Police,-1.964169,52.087199,On or near Pershore Road,E01032384,Wychavon 015B,Anti-social behaviour,,
,2015-04,West Mercia Police,West Mercia Police,-1.961994,52.087460,On or near Meadows End,E01032384,Wychavon 015B,Anti-social behaviour,,
,2015-04,West Mercia Police,West Mercia Police,-1.961994,52.087460,On or near Meadows End,E01032384,Wychavon 015B,Anti-social behaviour,,
,2015-04,West Mercia Police,West Mercia Police,-1.963557,52.085006,On or near Summerfield Gardens,E01032384,Wychavon 015B,Anti-social behaviour,,
,2015-04,West Mercia Police,West Mercia Police,-1.964169,52.087199,On or near Pershore Road,E01032384,Wychavon 015B,Anti-social behaviour,,
1cb6c7f3a4a7afee1382ceb77629a60ed36bf3047631264dd0546f4622e9d2ce,2015-04,West Mercia Police,West Mercia Police,-1.964169,52.087199,On or near Pershore Road,E01032384,Wychavon 015B,Burglary,Investigation complete; no suspect identified,
87329c54389a39c4b69c97051e4280a295200c02d71bf3f387f99bb47e137ea0,2015-04,West Mercia Police,West Mercia Police,-1.961717,52.086372,On or near John Martin Square,E01032384,Wychavon 015B,Criminal damage and arson,Investigation complete; no suspect identified,
b660d2060208f494099648e5f63934ae24cdeb46b223ab4ec2ab7cd20ba38125,2015-04,West Mercia Police,West Mercia Police,-1.963762,52.084259,On or near Maycroft,E01032384,Wychavon 015B,Criminal damage and arson,Unable to prosecute suspect,
c8083d3ae133d3b02365c3806ccc69f82de915124932d3cadfe05d7b12dceef8,2015-04,West Mercia Police,West Mercia Police,-1.964535,52.085428,On or near Peewit Road,E01032384,Wychavon 015B,Violence and sexual offences,Unable to prosecute suspect,
777f1546f0bb158ff0743baa08d4d3b312e2c312675eceff18b8bef0fa57fa45,2015-04,West Mercia Police,West Mercia Police,-1.961149,52.085266,On or near Chestnut Close,E01032384,Wychavon 015B,Violence and sexual offences,Unable to prosecute suspect,
c4f0524d03173e48a09c8c704a10437da430743db09e2de6fb0a8d20a2d8537a,2015-04,West Mercia Police,West Mercia Police,-1.964535,52.085428,On or near Peewit Road,E01032384,Wychavon 015B,Violence and sexual offences,Unable to prosecute suspect,
,2015-04,West Mercia Police,West Mercia Police,-1.950766,52.078420,On or near Larkspur Drive,E01032396,Wychavon 015D,Anti-social behaviour,,
,2015-04,West Mercia Police,West Mercia Police,-1.947877,52.077843,On or near St Davids Drive,E01032396,Wychavon 015D,Anti-social behaviour,,
,2015-04,West Mercia Police,West Mercia Police,-1.952010,52.074878,On or near Lavender Walk,E01032396,Wychavon 015D,Anti-social behaviour,,
,2015-04,West Mercia Police,West Mercia Police,-1.949436,52.080397,On or near Orleans Close,E01032396,Wychavon 015D,Anti-social behaviour,,
,2015-04,West Mercia Police,West Mercia Police,-1.948929,52.077178,On or near Honeysuckle Close,E01032396,Wychavon 015D,Anti-social behaviour,,
8bf50effc590cf1ae8102864b07e933320e72615789cac834c7172ed32c29a24,2015-04,West Mercia Police,West Mercia Police,-1.953289,52.079877,On or near Corn Mill Road,E01032396,Wychavon 015D,Other theft,Under investigation,
b971794da40fb9aead9366a2aeaf51b900639ee1b5e0252d21ae0cc8cac06b84,2015-04,West Mercia Police,West Mercia Police,-1.953289,52.079877,On or near Corn Mill Road,E01032396,Wychavon 015D,Vehicle crime,Investigation complete; no suspect identified,
eaf6c1d5e2ff4284521fc308debbeafca6ea6dbfaab666efd8ac1dec69572bc5,2015-04,West Mercia Police,West Mercia Police,-1.951980,52.075894,On or near Celandine Way,E01032396,Wychavon 015D,Vehicle crime,Investigation complete; no suspect identified,
06aaaf83d37763648678b9dc4dd1522d54482998d7712d07cfdf229b463408e9,2015-04,West Mercia Police,West Mercia Police,-1.948929,52.077178,On or near Honeysuckle Close,E01032396,Wychavon 015D,Violence and sexual offences,Unable to prosecute suspect,
a1ce41d5726391a50a8da614903e9c98cb91de712265383a6ea1411a6f9aee82,2015-04,West Mercia Police,West Mercia Police,-1.948974,52.075596,On or near Bluebell Way,E01032396,Wychavon 015D,Violence and sexual offences,Unable to prosecute suspect,
,2015-04,West Mercia Police,West Mercia Police,-1.934194,52.095296,On or near Drakes Lea,E01032342,Wychavon 016A,Anti-social behaviour,,
,2015-04,West Mercia Police,West Mercia Police,-1.933994,52.092680,On or near King'S Road,E01032342,Wychavon 016A,Anti-social behaviour,,
,2015-04,West Mercia Police,West Mercia Police,-1.935962,52.094425,On or near Harvey Road,E01032342,Wychavon 016A,Anti-social behaviour,,
,2015-04,West Mercia Police,West Mercia Police,-1.933994,52.092680,On or near King'S Road,E01032342,Wychavon 016A,Anti-social behaviour,,
16904b264d38fc9c91c14b84f248e483a23ec3831bda957716527eaa36270bc2,2015-04,West Mercia Police,West Mercia Police,-1.933994,52.092680,On or near King'S Road,E01032342,Wychavon 016A,Criminal damage and arson,Unable to prosecute suspect,
9fe6799ddc3e564ae41bee0db22b52c152a81078d83ee70c6375c225700f875e,2015-04,West Mercia Police,West Mercia Police,-1.932549,52.092193,On or near Clementi Court,E01032342,Wychavon 016A,Criminal damage and arson,Investigation complete; no suspect identified,
bcc158de906ff55804a4275314b6fd8208e8e57dee12bcfbbaba225801885ba4,2015-04,West Mercia Police,West Mercia Police,-1.932549,52.092193,On or near Clementi Court,E01032342,Wychavon 016A,Criminal damage and arson,Investigation complete; no suspect identified,
f453c8092303cbcd073ee8a2a5096379dc71170479d0694ad33628dce7146121,2015-04,West Mercia Police,West Mercia Police,-1.934226,52.093687,On or near Philipscote,E01032342,Wychavon 016A,Criminal damage and arson,Investigation complete; no suspect identified,
,2015-04,West Mercia Police,West Mercia Police,-1.928274,52.091310,On or near Prospect Gardens,E01032344,Wychavon 016B,Anti-social behaviour,,
,2015-04,West Mercia Police,West Mercia Police,-1.928274,52.091310,On or near Prospect Gardens,E01032344,Wychavon 016B,Anti-social behaviour,,
,2015-04,West Mercia Police,West Mercia Police,-1.928274,52.091310,On or near Prospect Gardens,E01032344,Wychavon 016B,Anti-social behaviour,,
,2015-04,West Mercia Police,West Mercia Police,-1.928274,52.091310,On or near Prospect Gardens,E01032344,Wychavon 016B,Anti-social behaviour,,
,2015-04,West Mercia Police,West Mercia Police,-1.931694,52.088678,On or near Medway Road,E01032344,Wychavon 016B,Anti-social behaviour,,
,2015-04,West Mercia Police,West Mercia Police,-1.931603,52.090853,On or near Elm Road,E01032344,Wychavon 016B,Anti-social behaviour,,
,2015-04,West Mercia Police,West Mercia Police,-1.928274,52.091310,On or near Prospect Gardens,E01032344,Wychavon 016B,Anti-social behaviour,,
,2015-04,West Mercia Police,West Mercia Police,-1.920361,52.092572,On or near Badsey Road,E01032344,Wychavon 016B,Anti-social behaviour,,
d7948b0a7e1ae2b2eaa44f36fd21e9a83b0197e4b505fea24c4ac785edd45281,2015-04,West Mercia Police,West Mercia Police,-1.928273,52.091840,On or near Offenham Road,E01032344,Wychavon 016B,Criminal damage and arson,Offender ordered to pay compensation,
a78ae483311b22fa5605d310764320c927d15401ad4479486cbcd809bae7552b,2015-04,West Mercia Police,West Mercia Police,-1.920361,52.092572,On or near Badsey Road,E01032344,Wychavon 016B,Criminal damage and arson,Offender ordered to pay compensation,
b6c4af6b0645b66e1e63bde455cdad9689fb504f4b88f8fa11b1ec903dd4c427,2015-04,West Mercia Police,West Mercia Police,-1.929867,52.090421,On or near Elmside,E01032344,Wychavon 016B,Criminal damage and arson,Investigation complete; no suspect identified,
d516414a6681028e117acf36383dc21bf9aadcc9aacf682e3f13d5e62f837bb5,2015-04,West Mercia Police,West Mercia Police,-1.928190,52.089503,On or near Wards Close,E01032344,Wychavon 016B,Public order,Unable to prosecute suspect,
8b7da6f3cfffc9d50921cb0fbff9c0fb580e9e6f96d59c092ffe17489bdc3a12,2015-04,West Mercia Police,West Mercia Police,-1.925584,52.093987,On or near Offenham Road,E01032344,Wychavon 016B,Violence and sexual offences,Investigation complete; no suspect identified,
e6653d5cc9802780cbec8d8389d1902019bf5595b1af646831cb6a6594a8bbe8,2015-04,West Mercia Police,West Mercia Police,-1.913679,52.090824,On or near Badsey Road,E01032344,Wychavon 016B,Violence and sexual offences,Unable to prosecute suspect,
9a239365866289c79c140baf6ca7d4d7ca443ce06f58687110e2705da0b14fb9,2015-04,West Mercia Police,West Mercia Police,-1.921739,52.080913,On or near Broadway Road,E01032344,Wychavon 016B,Violence and sexual offences,Investigation complete; no suspect identified,
,2015-04,West Mercia Police,West Mercia Police,-1.935530,52.080247,On or near Sports/Recreation Area,E01032379,Wychavon 016C,Anti-social behaviour,,
,2015-04,West Mercia Police,West Mercia Police,-1.935620,52.078467,On or near Spinney Grove,E01032379,Wychavon 016C,Anti-social behaviour,,
f304f0e86feac76a0f543a81de74bf16b85f532b756be7ca3153fa83fd9ae428,2015-04,West Mercia Police,West Mercia Police,-1.935530,52.080247,On or near Sports/Recreation Area,E01032379,Wychavon 016C,Burglary,Investigation complete; no suspect identified,
ff8b8dd5551294733804a63aa05c44d081890707d83e1b9400333b335877a783,2015-04,West Mercia Police,West Mercia Police,-1.935620,52.078467,On or near Spinney Grove,E01032379,Wychavon 016C,Shoplifting,Investigation complete; no suspect identified,
87a9dcbf48ac05aa75a9d634fcf00e97c59c55be149cf2be5a099a587daa11cb,2015-04,West Mercia Police,West Mercia Police,-1.933616,52.081648,On or near Linden Close,E01032379,Wychavon 016C,Vehicle crime,Investigation complete; no suspect identified,
fdb7a4d3c68b4d0b6be9bce9f7e61675320c27e6b418f03ae73c1e59ed14d64b,2015-04,West Mercia Police,West Mercia Police,-1.932041,52.080811,On or near Foxglove Close,E01032379,Wychavon 016C,Violence and sexual offences,Unable to prosecute suspect,
,2015-04,West Mercia Police,West Mercia Police,-1.941740,52.084592,On or near Saxonbury,E01032380,Wychavon 016D,Anti-social behaviour,,
,2015-04,West Mercia Police,West Mercia Police,-1.941618,52.088800,On or near Cooper'S Lane,E01032380,Wychavon 016D,Anti-social behaviour,,
,2015-04,West Mercia Police,West Mercia Police,-1.933343,52.088652,On or near Durcott Lane,E01032380,Wychavon 016D,Anti-social behaviour,,
,2015-04,West Mercia Police,West Mercia Police,-1.933214,52.086826,On or near Butterfly Crescent,E01032380,Wychavon 016D,Anti-social behaviour,,
,2015-04,West Mercia Police,West Mercia Police,-1.933343,52.088652,On or near Durcott Lane,E01032380,Wychavon 016D,Anti-social behaviour,,
,2015-04,West Mercia Police,West Mercia Police,-1.941740,52.084592,On or near Saxonbury,E01032380,Wychavon 016D,Anti-social behaviour,,
,2015-04,West Mercia Police,West Mercia Police,-1.933343,52.088652,On or near Durcott Lane,E01032380,Wychavon 016D,Anti-social behaviour,,
3dfbd54edcf49563eced7154790308c5dd53e1a699a024c375986f32bd416a12,2015-04,West Mercia Police,West Mercia Police,-1.934280,52.086593,On or near Porter Road,E01032380,Wychavon 016D,Criminal damage and arson,Investigation complete; no suspect identified,
07d31bd71d7ed18c6298a3d1d286949862cd4fa1d4a78c563c9bc0af86821868,2015-04,West Mercia Police,West Mercia Police,-1.941740,52.084592,On or near Saxonbury,E01032380,Wychavon 016D,Public order,Unable to prosecute suspect,
16c76a7dc959ea15efff32166067cd566583685bfd5e12c40e12cddb6d73addd,2015-04,West Mercia Police,West Mercia Police,-1.929336,52.084514,On or near Cherry Close,E01032380,Wychavon 016D,Vehicle crime,Investigation complete; no suspect identified,
,2015-04,West Mercia Police,West Mercia Police,-1.939721,52.077920,On or near The Link,E01032381,Wychavon 017A,Anti-social behaviour,,
,2015-04,West Mercia Police,West Mercia Police,-1.937440,52.081443,On or near Ash Grove,E01032381,Wychavon 017A,Anti-social behaviour,,
,2015-04,West Mercia Police,West Mercia Police,-1.939721,52.077920,On or near The Link,E01032381,Wychavon 017A,Anti-social behaviour,,
,2015-04,West Mercia Police,West Mercia Police,-1.938318,52.079070,On or near Wood End,E01032381,Wychavon 017A,Anti-social behaviour,,
295abfbb93727b58eb812d8f520d4ae4854890bda12584237fb388a0bdb94ba5,2015-04,West Mercia Police,West Mercia Police,-1.938184,52.081462,On or near Davies Road,E01032381,Wychavon 017A,Other theft,Investigation complete; no suspect identified,
a4458a9494c9a1f169225c5d29661b2d710f726d924c0aa1677aaf3e9d4c0376,2015-04,West Mercia Police,West Mercia Police,-1.944424,52.085771,On or near Charles Close,E01032381,Wychavon 017A,Other theft,Investigation complete; no suspect identified,
a2c12730b4991ff3fcb2e6b92bb64a68b985648d6440153464d12d82d72b8242,2015-04,West Mercia Police,West Mercia Police,-1.940478,52.079098,On or near Supermarket,E01032381,Wychavon 017A,Vehicle crime,Investigation complete; no suspect identified,
ebc840d9944b57c2368abbae8c18bb50814dc2c8fafe6be98f4d9343fe57eba7,2015-04,West Mercia Police,West Mercia Police,-1.935337,52.082305,On or near Oak Tree Close,E01032381,Wychavon 017A,Vehicle crime,Investigation complete; no suspect identified,
4ab098dea45dd5895767c8fcd2f88a4f4d51e40e2c696b40ad082138451cbb6a,2015-04,West Mercia Police,West Mercia Police,-1.938318,52.079070,On or near Wood End,E01032381,Wychavon 017A,Vehicle crime,Investigation complete; no suspect identified,
e2ca631d133bb69abfbcc70fae2fdc057d46f61480f79a415718b6293a0c5835,2015-04,West Mercia Police,West Mercia Police,-1.940478,52.079098,On or near Supermarket,E01032381,Wychavon 017A,Vehicle crime,Investigation complete; no suspect identified,
3c0968fcbc2441b833bc8a2b46e400ff917f2ca75d5de0152f26c723b12a17af,2015-04,West Mercia Police,West Mercia Police,-1.940478,52.079098,On or near Supermarket,E01032381,Wychavon 017A,Violence and sexual offences,Unable to prosecute suspect,
25cb39eafa5ca8f828a427ddfd58502e107f7b8c3ba03a2580f8746a7c18a1c9,2015-04,West Mercia Police,West Mercia Police,-1.935090,52.081595,On or near Alder Grove,E01032381,Wychavon 017A,Violence and sexual offences,Court result unavailable,
63b05280517e410a6524f61568482ee88a484b9fc1065b742c8fdaa78d1fa96b,2015-04,West Mercia Police,West Mercia Police,-1.943998,52.088405,On or near Mansion Gardens,E01032381,Wychavon 017A,Violence and sexual offences,Offender given suspended prison sentence,
43948c7cd76c20048849f15c3e64c2b03b2944f22a696304ccf7b79c1ef8e5c9,2015-04,West Mercia Police,West Mercia Police,-1.942210,52.082785,On or near Bayly Close,E01032381,Wychavon 017A,Violence and sexual offences,Local resolution,
325949dffe811b79b921dfa9d03585ff9731685551080b9870de3d0f929693cf,2015-04,West Mercia Police,West Mercia Police,-1.943023,52.085528,On or near Simon'S Way,E01032381,Wychavon 017A,Violence and sexual offences,Unable to prosecute suspect,
5be4f23128f1619cdf52990cf497145f970b2bc53f67d664fa6f4cc5d34b2fc1,2015-04,West Mercia Police,West Mercia Police,-1.935090,52.081595,On or near Alder Grove,E01032381,Wychavon 017A,Violence and sexual offences,Court result unavailable,
,2015-04,West Mercia Police,West Mercia Police,-1.946354,52.082724,On or near Isbourne Crescent,E01032397,Wychavon 017B,Anti-social behaviour,,
,2015-04,West Mercia Police,West Mercia Police,-1.945027,52.082382,On or near Hemmingway,E01032397,Wychavon 017B,Anti-social behaviour,,
16e31d2a25ac4f976cd134ce4dcfd4f60d43e15387f3ad15f7cf8a29d1c96efe,2015-04,West Mercia Police,West Mercia Police,-1.949537,52.081728,On or near Further/Higher Educational Building,E01032397,Wychavon 017B,Burglary,Investigation complete; no suspect identified,
18b987eda8b094dd0dca701894f07d0fd221fd47baeef160cdc35710b98867d2,2015-04,West Mercia Police,West Mercia Police,-1.943207,52.079091,On or near St James Drive,E01032397,Wychavon 017B,Burglary,Investigation complete; no suspect identified,
3c5fb555cd7a162e25d165985a99db03d2c4f9c3b38a3e4fbdc59ff3a7e1a9f6,2015-04,West Mercia Police,West Mercia Police,-1.949185,52.083148,On or near Fairfield Place,E01032397,Wychavon 017B,Criminal damage and arson,Local resolution,
ddbea95ce7fa02aa126699e720e4fb9433f7312fd43b96a2e4d98a94f84d5593,2015-04,West Mercia Police,West Mercia Police,-1.945027,52.082382,On or near Hemmingway,E01032397,Wychavon 017B,Criminal damage and arson,Unable to prosecute suspect,
7e775efe138856ee9dd0845a5f7ad8dca93479d7967ebd30967a10a1039bc620,2015-04,West Mercia Police,West Mercia Police,-1.945027,52.082382,On or near Hemmingway,E01032397,Wychavon 017B,Criminal damage and arson,Awaiting court outcome,
7bb75a61ce86ae02fa0f6da8ea1432d7b47d4e887e5b4904d9823561bff72a18,2015-04,West Mercia Police,West Mercia Police,-1.945027,52.082382,On or near Hemmingway,E01032397,Wychavon 017B,Other theft,Unable to prosecute suspect,
e8ef6cc6a9f6bbe8688f0c91b0c5b8ab4fd1b8b616efc7cbd0f50436a6d66a82,2015-04,West Mercia Police,West Mercia Police,-1.951723,52.083536,On or near Eastwick Drive,E01032397,Wychavon 017B,Other theft,Investigation complete; no suspect identified,
6b81747277e309ed11bbc13c62db452c251f19e105a042b555c0b57c1c7054a8,2015-04,West Mercia Police,West Mercia Police,-1.949537,52.081728,On or near Further/Higher Educational Building,E01032397,Wychavon 017B,Robbery,Defendant found not guilty,
1d81d63286eb778797f0cf7529f400787c97dc66e4de7982440b56f7dccaa675,2015-04,West Mercia Police,West Mercia Police,-1.952233,52.084660,On or near Coldicott Gardens,E01032397,Wychavon 017B,Shoplifting,Unable to prosecute suspect,
64bad1ffb59c0eb9dc2df99d0e2d91f7c5d817fa52efdc19eb46d4c096b29be0,2015-04,West Mercia Police,West Mercia Police,-1.951723,52.083536,On or near Eastwick Drive,E01032397,Wychavon 017B,Shoplifting,Investigation complete; no suspect identified,
301b4d413111b1a61205d98cb0c7e10df3e91bccbb338ad13ddd9a388a49103c,2015-04,West Mercia Police,West Mercia Police,-1.954235,52.082296,On or near Kempton Close,E01032397,Wychavon 017B,Violence and sexual offences,Investigation complete; no suspect identified,
9c4801f97f1439b8320444e8edbbef6ab0902892a3f68700a6b92a9f60af7dfd,2015-04,West Mercia Police,West Mercia Police,-1.945332,52.083191,On or near Fairfield Road,E01032397,Wychavon 017B,Violence and sexual offences,Unable to prosecute suspect,
f889dea25d4c3b467e63e06058ed832d9a3818ea5d434dc804349248b868763e,2015-04,West Mercia Police,West Mercia Police,-1.952233,52.084660,On or near Coldicott Gardens,E01032397,Wychavon 017B,Violence and sexual offences,Unable to prosecute suspect,
ee411ef701abfe3c2416e731841ee56607a1d2824c73fd8df4fc2392173ea7a3,2015-04,West Mercia Police,West Mercia Police,-1.945027,52.082382,On or near Hemmingway,E01032397,Wychavon 017B,Violence and sexual offences,Unable to prosecute suspect,
bab74226ce1d1403302886d7647e0960a2618e7b3bcfbc79ce14c98383c05009,2015-04,West Mercia Police,West Mercia Police,-1.948919,52.085450,On or near Fountain Gardens,E01032397,Wychavon 017B,Other crime,Awaiting court outcome,
,2015-04,West Mercia Police,West Mercia Police,-1.945352,52.079164,On or near St Catherines Road,E01032398,Wychavon 017C,Anti-social behaviour,,
7a6f2a5f85d798bdd44c2181d3a5508b94c84f68ccbc522f123eac2ab667d8d5,2015-04,West Mercia Police,West Mercia Police,-1.942058,52.076186,On or near St Pauls Close,E01032398,Wychavon 017C,Violence and sexual offences,Unable to prosecute suspect,
8ea6585483a37d629c82b7b5f67dc033dc7871d4a8435966e406ac770b846a93,2015-04,West Mercia Police,West Mercia Police,-1.942058,52.076186,On or near St Pauls Close,E01032398,Wychavon 017C,Violence and sexual offences,Defendant found not guilty,
7f735a4f910d176bf5a04d3e89f1ab19d48243bcd803f6de19f79d7e894b16bb,2015-04,West Mercia Police,West Mercia Police,-1.942058,52.076186,On or near St Pauls Close,E01032398,Wychavon 017C,Violence and sexual offences,Defendant found not guilty,
,2015-04,West Mercia Police,West Mercia Police,-1.857252,52.040547,On or near Sands Close,E01032351,Wychavon 018A,Anti-social behaviour,,
f987ce71d15586348b78e20cb036701874d0c5c89af9f532fbc4303d910c4229,2015-04,West Mercia Police,West Mercia Police,-1.882916,52.033149,On or near Cheltenham Road,E01032351,Wychavon 018A,Burglary,Investigation complete; no suspect identified,
d0469cfafda6e760e0a262b32cde7e3f4adb82315a2e3f4c250035d9fc211655,2015-04,West Mercia Police,West Mercia Police,-1.871059,52.035430,On or near Mill Avenue,E01032351,Wychavon 018A,Burglary,Investigation complete; no suspect identified,
ac3ff6f6604ab769e5d7307d7e7f2c8b64c37b256f3dc45fcacbbf6042d0ceb1,2015-04,West Mercia Police,West Mercia Police,-1.882916,52.033149,On or near Cheltenham Road,E01032351,Wychavon 018A,Burglary,Investigation complete; no suspect identified,
586d504dfb67184d3737581fdf1939bd071b0211adac5350d1c9c1399d6ebc58,2015-04,West Mercia Police,West Mercia Police,-1.865652,52.039955,On or near Springfield Lane,E01032351,Wychavon 018A,Burglary,Investigation complete; no suspect identified,
,2015-04,West Mercia Police,West Mercia Police,-1.902673,52.071440,On or near Coombefield Road,E01032352,Wychavon 018B,Anti-social behaviour,,
,2015-04,West Mercia Police,West Mercia Police,-1.902673,52.071440,On or near Coombefield Road,E01032352,Wychavon 018B,Anti-social behaviour,,
,2015-04,West Mercia Police,West Mercia Police,-1.901096,52.078479,On or near Park/Open Space,E01032352,Wychavon 018B,Anti-social behaviour,,
,2015-04,West Mercia Police,West Mercia Police,-1.890358,52.059769,On or near Pitchers Hill,E01032352,Wychavon 018B,Anti-social behaviour,,
,2015-04,West Mercia Police,West Mercia Police,-1.897270,52.048069,On or near Wickham Court,E01032352,Wychavon 018B,Anti-social behaviour,,
,2015-04,West Mercia Police,West Mercia Police,-1.886531,52.044886,On or near Badgers Lane,E01032352,Wychavon 018B,Anti-social behaviour,,
28be7b76d1c9b379cdb2801003241b7e333ca4e63d5cc5ccecad9faf86ddeca1,2015-04,West Mercia Police,West Mercia Police,-1.897270,52.048069,On or near Wickham Court,E01032352,Wychavon 018B,Burglary,Investigation complete; no suspect identified,
,2015-04,West Mercia Police,West Mercia Police,-1.856126,52.041760,On or near Leamington Road,E01032353,Wychavon 018C,Anti-social behaviour,,
,2015-04,West Mercia Police,West Mercia Police,-1.863985,52.036474,On or near Parking Area,E01032353,Wychavon 018C,Anti-social behaviour,,
,2015-04,West Mercia Police,West Mercia Police,-1.853444,52.041523,On or near Sands Croft Avenue,E01032353,Wychavon 018C,Anti-social behaviour,,
,2015-04,West Mercia Police,West Mercia Police,-1.860271,52.035399,On or near Kennel Lane,E01032353,Wychavon 018C,Anti-social behaviour,,
,2015-04,West Mercia Police,West Mercia Police,-1.853552,52.039671,On or near Bibsworth Avenue,E01032353,Wychavon 018C,Anti-social behaviour,,
4e788ab8fcd5da65c5a0f46bbc41a2a54eb9b56f969f9b0257ebcf5adedd5e86,2015-04,West Mercia Police,West Mercia Police,-1.862032,52.036633,On or near Russell Square,E01032353,Wychavon 018C,Criminal damage and arson,Investigation complete; no suspect identified,
dd8343122d2ba0b752cfbd5a461fbf89b78d92cbf0fa33520ef7e55c0e2ac25c,2015-04,West Mercia Police,West Mercia Police,-1.855175,52.038153,On or near Parking Area,E01032353,Wychavon 018C,Violence and sexual offences,Unable to prosecute suspect,
64509f4c0b4b2bd56598c35379422ad59ccfcd39959e079f9b60569edf7dc4d0,2015-04,West Mercia Police,West Mercia Police,-1.862961,52.037668,On or near Gordon Close,E01032353,Wychavon 018C,Violence and sexual offences,Unable to prosecute suspect,
,2015-04,West Mercia Police,West Mercia Police,-1.964463,52.046931,On or near The Yard,E01032374,Wychavon 018D,Anti-social behaviour,,
3e39c7bbbbaa8e11f17d4b9d4a09e1604e00cded3f37202e9100b30c4bfb75cf,2015-04,West Mercia Police,West Mercia Police,-1.972864,52.044263,On or near Churchill Road,E01032374,Wychavon 018D,Criminal damage and arson,Investigation complete; no suspect identified,
ac854fbd7152b077493cd0f67e282aea45779c30fb69a455c3fe399d9aedfb2f,2015-04,West Mercia Police,West Mercia Police,-1.955477,52.065727,On or near Cheltenham Road,E01032374,Wychavon 018D,Other theft,Awaiting court outcome,
102e007c2f191436f88c12a477f489aeeb9b36b29793a0693305038e8b1a05a4,2015-04,West Mercia Police,West Mercia Police,-2.101258,52.030619,On or near Parking Area,E01032347,Wychavon 019A,Burglary,Investigation complete; no suspect identified,
9db372314ac36336683dcbd25b012ae9229da24bcbd871c7360176441e2e2457,2015-04,West Mercia Police,West Mercia Police,-2.100644,52.029838,On or near Queensmead,E01032347,Wychavon 019A,Criminal damage and arson,Investigation complete; no suspect identified,
4b46dfef6a417543be09ae03f5f55fb088d3360bec0f29b19da903e1a20a60e9,2015-04,West Mercia Police,West Mercia Police,-2.107347,52.029418,On or near Gravel Pits Close,E01032347,Wychavon 019A,Criminal damage and arson,Investigation complete; no suspect identified,
60b7013b15803dcac0dfabb495f7bbab8bb84354a01c58e3a559424cb3a64f9e,2015-04,West Mercia Police,West Mercia Police,-2.109627,52.049519,On or near B4080,E01032348,Wychavon 019B,Violence and sexual offences,Defendant found not guilty,
157b1cc5d2d40ce72cabb8b631ff96f51932c09631a255582d1e0412119f21ec,2015-04,West Mercia Police,West Mercia Police,-2.110640,52.064308,On or near Tewkesbury Road,E01032372,Wychavon 019C,Burglary,Investigation complete; no suspect identified,
34c4f0a402be00974ed1f710471658a7dc6ba94bb9736644747eeb6468af99fc,2015-04,West Mercia Police,West Mercia Police,-2.142157,52.057926,On or near Motorway Service Area,E01032372,Wychavon 019C,Shoplifting,Investigation complete; no suspect identified,
be7512e10d62b38e3b8a1af2dfc6d6dfc0db980ddb16dad39dc200c801da9d74,2015-04,West Mercia Police,West Mercia Police,-2.114258,52.115469,On or near Chevington Lane,E01032372,Wychavon 019C,Vehicle crime,Investigation complete; no suspect identified,
db8c6e8f021dffc5c7dfe5b50577f877dd19ef08a60e8838a18360bfde74fa1a,2015-04,West Mercia Police,West Mercia Police,-2.140025,52.056994,On or near Petrol Station,E01032372,Wychavon 019C,Violence and sexual offences,Investigation complete; no suspect identified,
,2015-04,West Mercia Police,West Mercia Police,-2.116494,52.088262,On or near The Acre,E01032373,Wychavon 019D,Anti-social behaviour,,
57f0dc17a96dda9ae23525c64892ae023436c7d05c002e7ef363a83ef5aa9f81,2015-04,West Mercia Police,West Mercia Police,-2.099036,52.087352,On or near The Avenue,E01032373,Wychavon 019D,Burglary,Investigation complete; no suspect identified,
2262e2645fbd1b141951a6d066290f61097030ed7d75ef68ba6316d3b7f8dba0,2015-04,West Mercia Police,West Mercia Police,-2.115189,52.068888,On or near Station Gardens,E01032373,Wychavon 019D,Criminal damage and arson,Unable to prosecute suspect,
d1ebf8712082e94cb770a57b9251613b35e9ee1b7e203b5799ee8afdf52c5d91,2015-04,West Mercia Police,West Mercia Police,-2.115886,52.073239,On or near Roman Meadow,E01032373,Wychavon 019D,Vehicle crime,Under investigation,
01ae526e71b284f2ed88b82cbcdbce35863ab55414b9af644f2ae043cd50ce12,2015-04,West Mercia Police,West Mercia Police,-2.110081,52.091891,On or near Bakers Hill,E01032373,Wychavon 019D,Other crime,Unable to prosecute suspect,
fcd0acf40553687916140d5cde1cc2c256ac6a15915349c3d9deddbf342b0d43,2015-04,West Mercia Police,West Mercia Police,-2.085666,52.033104,On or near Kemerton Road,E01032412,Wychavon 019E,Other theft,Investigation complete; no suspect identified,
57dad50eddb54405c605c99c499dce92e8d758d133faab9f5f30395d9aa6b775,2015-04,West Mercia Police,West Mercia Police,-2.078002,52.035159,On or near Peppercorn Alley,E01032412,Wychavon 019E,Vehicle crime,Investigation complete; no suspect identified,
,2015-04,West Mercia Police,West Mercia Police,-2.158755,52.361321,On or near Fishers Lane,E01032431,Wyre Forest 001A,Anti-social behaviour,,
,2015-04,West Mercia Police,West Mercia Police,-2.159268,52.365079,On or near The Green,E01032431,Wyre Forest 001A,Anti-social behaviour,,
55281266ed4b85a5ce4ea9e3f42df9a31bce9793498b809497260d90b03a4ace,2015-04,West Mercia Police,West Mercia Police,-2.177882,52.334081,On or near Well Lane,E01032431,Wyre Forest 001A,Burglary,Investigation complete; no suspect identified,
c549c3d0ba7348f45a5c0955788510573c0679618ee2a3da6dff2cce185dd34e,2015-04,West Mercia Police,West Mercia Police,-2.195977,52.360555,On or near Back Lane,E01032431,Wyre Forest 001A,Burglary,Investigation complete; no suspect identified,
934fa32688b634ab24077f642ea1080c6346ff6161bfedf9c101eed5944883d4,2015-04,West Mercia Police,West Mercia Police,-2.162646,52.329320,On or near Elmbridge Lane,E01032431,Wyre Forest 001A,Burglary,Investigation complete; no suspect identified,
f8898d7837a0acd766a27a83cf60a48ba3eb5cd681a9cac5c5d8829172a3f7de,2015-04,West Mercia Police,West Mercia Police,-2.160121,52.333028,On or near Clattercut Lane,E01032431,Wyre Forest 001A,Criminal damage and arson,Investigation complete; no suspect identified,
d8877893894c978a7ff0c1ec60333a4059452084b6def9601dab4a289760d6aa,2015-04,West Mercia Police,West Mercia Police,-2.162646,52.329320,On or near Elmbridge Lane,E01032431,Wyre Forest 001A,Other theft,Investigation complete; no suspect identified,
9194c7b8599d50838635951d6b33f58aa44c8effb025eae245e5aed6cb32ee38,2015-04,West Mercia Police,West Mercia Police,-2.195977,52.360555,On or near Back Lane,E01032431,Wyre Forest 001A,Violence and sexual offences,Unable to prosecute suspect,
94031d0320d78d34fcdb4892c1a70968623979aa22b38608b7926e1b0c9ee78c,2015-04,West Mercia Police,West Mercia Police,-2.195977,52.360555,On or near Back Lane,E01032431,Wyre Forest 001A,Violence and sexual offences,Under investigation,
,2015-04,West Mercia Police,West Mercia Police,-2.192143,52.421083,On or near Beechtree Lane,E01032432,Wyre Forest 001B,Anti-social behaviour,,
,2015-04,West Mercia Police,West Mercia Police,-2.206694,52.369455,On or near Vicarage Road,E01032432,Wyre Forest 001B,Anti-social behaviour,,
33a210e15d7fa3616ba2f543c1ff513ed023285bc12e405f48bb6234bd83667e,2015-04,West Mercia Police,West Mercia Police,-2.171705,52.413860,On or near Park/Open Space,E01032432,Wyre Forest 001B,Other theft,Investigation complete; no suspect identified,
bca4dfc105afab5eaa7d97fe3dfb3c0fab3d2b6d46eb45f2d26ed773bcc03c1b,2015-04,West Mercia Police,West Mercia Police,-2.163829,52.414815,On or near Park/Open Space,E01032432,Wyre Forest 001B,Possession of weapons,Unable to prosecute suspect,
,2015-04,West Mercia Police,West Mercia Police,-2.157104,52.400772,On or near Stourbridge Road,E01032433,Wyre Forest 001C,Anti-social behaviour,,
545e80dee21499563ade500a4546d1357b16bf2e2097589aff5745c9bdb4b27d,2015-04,West Mercia Police,West Mercia Police,-2.157104,52.400772,On or near Stourbridge Road,E01032433,Wyre Forest 001C,Burglary,Investigation complete; no suspect identified,
55e216471201ead40454267626ab67551013a5ac40eb92dd7ee2c5cd7dfa8178,2015-04,West Mercia Police,West Mercia Police,-2.172455,52.402504,On or near Belbroughton Road,E01032433,Wyre Forest 001C,Burglary,Investigation complete; no suspect identified,
0a5be079edc5cfcc5c8845353d25adbe4209696f7b8fd454c10b4408eeb46b6b,2015-04,West Mercia Police,West Mercia Police,-2.176611,52.405303,On or near Roxall Close,E01032433,Wyre Forest 001C,Violence and sexual offences,Unable to prosecute suspect,
7e97fee096c463dcdfd047e7172fa285d54d88bed57121574e6fc6f194e674a0,2015-04,West Mercia Police,West Mercia Police,-2.176611,52.405303,On or near Roxall Close,E01032433,Wyre Forest 001C,Violence and sexual offences,Unable to prosecute suspect,
fe3d488ee8e52b20c4e3ae061885860610b586279f01bfbbca36ec25449832d5,2015-04,West Mercia Police,West Mercia Police,-2.176611,52.405303,On or near Roxall Close,E01032433,Wyre Forest 001C,Violence and sexual offences,Unable to prosecute suspect,
f3dc3bcbced8e8e42ea1134f15e928a16813fad9a833234f50e7c2c17236118f,2015-04,West Mercia Police,West Mercia Police,-2.176611,52.405303,On or near Roxall Close,E01032433,Wyre Forest 001C,Violence and sexual offences,Unable to prosecute suspect,
6e9e78ed9c7f43fc00e9a569908a7fef8c56c19412282c52783c0d9ff453191c,2015-04,West Mercia Police,West Mercia Police,-2.182050,52.405259,On or near Brookside Way,E01032433,Wyre Forest 001C,Violence and sexual offences,Offender given a caution,
d5ee72d8cdd82d4f82116be8f2bbf08f091a335c0441d60235e33f88b1358c68,2015-04,West Mercia Police,West Mercia Police,-2.179780,52.403797,On or near Swan Close,E01032433,Wyre Forest 001C,Violence and sexual offences,Unable to prosecute suspect,
bb395c8f91c48b6b5791b86b8bdedc975b41d2968cd5e36212fdf49416dac752,2015-04,West Mercia Police,West Mercia Police,-2.176611,52.405303,On or near Roxall Close,E01032433,Wyre Forest 001C,Violence and sexual offences,Unable to prosecute suspect,
abacff082bc2cb35df47c950c5b1c356d87eb06891883f9fb09a42d19576d1fc,2015-04,West Mercia Police,West Mercia Police,-2.176611,52.405303,On or near Roxall Close,E01032433,Wyre Forest 001C,Violence and sexual offences,Unable to prosecute suspect,
,2015-04,West Mercia Police,West Mercia Police,-2.229545,52.425493,On or near Orchard Grove,E01032439,Wyre Forest 001D,Anti-social behaviour,,
,2015-04,West Mercia Police,West Mercia Police,-2.229545,52.425493,On or near Orchard Grove,E01032439,Wyre Forest 001D,Anti-social behaviour,,
,2015-04,West Mercia Police,West Mercia Police,-2.222181,52.426137,On or near New Road,E01032439,Wyre Forest 001D,Anti-social behaviour,,
0ed9415b360ef9057ffd26d424a710644db87e13badb1875b430f2223df86d29,2015-04,West Mercia Police,West Mercia Police,-2.232874,52.420848,On or near Supermarket,E01032439,Wyre Forest 001D,Drugs,Offender given a drugs possession warning,
c374fb771cc043ac71aaaad615b11e787aec9c8896f21e4004b5487354ea3d2c,2015-04,West Mercia Police,West Mercia Police,-2.232874,52.420848,On or near Supermarket,E01032439,Wyre Forest 001D,Drugs,Offender given penalty notice,
f31eff515e7cd6fd091d3b6f3dd7f0da16f34f2571f400410d9728d34c678c81,2015-04,West Mercia Police,West Mercia Police,-2.232862,52.415894,On or near Woodlands Road,E01032439,Wyre Forest 001D,Other theft,Investigation complete; no suspect identified,
9a02799d0a844a4493cffebb244dc7db0689e6e8891fb700a5865af70775ea4a,2015-04,West Mercia Police,West Mercia Police,-2.232874,52.420848,On or near Supermarket,E01032439,Wyre Forest 001D,Public order,Investigation complete; no suspect identified,
,2015-04,West Mercia Police,West Mercia Police,-2.230743,52.418425,On or near Portway Place,E01032440,Wyre Forest 001E,Anti-social behaviour,,
04a2523e5ac1685af8055a4d3e97c8597eb198f9bc0b8a51abad870c0dc2bd27,2015-04,West Mercia Police,West Mercia Police,-2.223475,52.414573,On or near The Crescent,E01032440,Wyre Forest 001E,Drugs,Offender sent to prison,
d97cb661616c64d9c7fee69bc8a362bb857801c4342a0521eb379977d27822c0,2015-04,West Mercia Police,West Mercia Police,-2.227352,52.416579,On or near Elan Close,E01032440,Wyre Forest 001E,Violence and sexual offences,Unable to prosecute suspect,
66268a5da838b0a005cff738698d69561a312428dad3510ea1a9771f7fe60115,2015-04,West Mercia Police,West Mercia Police,-2.226963,52.415340,On or near Brampton Close,E01032440,Wyre Forest 001E,Violence and sexual offences,Unable to prosecute suspect,
,2015-04,West Mercia Police,West Mercia Police,-2.275962,52.419218,On or near Copes Lane,E01032479,Wyre Forest 001F,Anti-social behaviour,,
d06689ea5414be8c32cc65a14895bf14a2db6a3e8d4db9ee7799a31b627c8ba1,2015-04,West Mercia Police,West Mercia Police,-2.265581,52.411789,On or near Evans Close,E01032479,Wyre Forest 001F,Other theft,Unable to prosecute suspect,
27f31370287af96a6134accf0ee790fd9d57a2c1c44a025b760632a7b636d88b,2015-04,West Mercia Police,West Mercia Police,-2.257008,52.409039,On or near Beechcote Avenue,E01032479,Wyre Forest 001F,Violence and sexual offences,Unable to prosecute suspect,
ebc8c43e5642fee725245f29c48673213e9a64150483496725a736d8f9c49568,2015-04,West Mercia Police,West Mercia Police,-2.259705,52.407648,On or near Franche Road,E01032479,Wyre Forest 001F,Violence and sexual offences,Investigation complete; no suspect identified,
0e43afecd1b37aec87985813c4242e44245a11ec5c384ceab0573c9b79de6e9b,2015-04,West Mercia Police,West Mercia Police,-2.257008,52.409039,On or near Beechcote Avenue,E01032479,Wyre Forest 001F,Violence and sexual offences,Unable to prosecute suspect,
cebbef503e187893e70a3eb862b6f5bb04417a961fdb5e5405be8bc95cf30ec8,2015-04,West Mercia Police,West Mercia Police,-2.265581,52.411789,On or near Evans Close,E01032479,Wyre Forest 001F,Violence and sexual offences,Court result unavailable,
,2015-04,West Mercia Police,West Mercia Police,-2.272645,52.398692,On or near Seymour Road,E01032441,Wyre Forest 002A,Anti-social behaviour,,
d512301b491f791985e993a3d415069cc5b40e2f19fb358088c92482b23109d5,2015-04,West Mercia Police,West Mercia Police,-2.273386,52.399832,On or near Harvington Close,E01032441,Wyre Forest 002A,Criminal damage and arson,Investigation complete; no suspect identified,
53ecfade4efb3e14209aafb4ebd64514964119c6c9f6b8d0f84674baea569368,2015-04,West Mercia Police,West Mercia Police,-2.274733,52.398948,On or near Corbett Road,E01032441,Wyre Forest 002A,Other theft,Investigation complete; no suspect identified,
583fdbfb86c9d3c32623f234e609d7f7048b4caf57aa79105ead6a3b7cdbd357,2015-04,West Mercia Police,West Mercia Police,-2.274613,52.396224,On or near Mayfield Close,E01032441,Wyre Forest 002A,Other theft,Investigation complete; no suspect identified,
68b7e94bd4853ee30af4ffdef11310746d6dd9313fb3016b24b48fe8e952a569,2015-04,West Mercia Police,West Mercia Police,-2.272645,52.398692,On or near Seymour Road,E01032441,Wyre Forest 002A,Other theft,Investigation complete; no suspect identified,
,2015-04,West Mercia Police,West Mercia Police,-2.257670,52.398977,On or near Aintree Close,E01032442,Wyre Forest 002B,Anti-social behaviour,,
,2015-04,West Mercia Police,West Mercia Police,-2.257670,52.398977,On or near Aintree Close,E01032442,Wyre Forest 002B,Anti-social behaviour,,
,2015-04,West Mercia Police,West Mercia Police,-2.255180,52.400412,On or near Mallory Drive,E01032442,Wyre Forest 002B,Anti-social behaviour,,
84008e279d1e9dacfafec2eac1bc80884ee907b9f7d92cbabb70bb067a891721,2015-04,West Mercia Police,West Mercia Police,-2.257987,52.397907,On or near Beaulieu Close,E01032442,Wyre Forest 002B,Other theft,Investigation complete; no suspect identified,
920c89277231458e530a2f2c2858b7b12d1ac9531ea57289f3b8065cdad866a0,2015-04,West Mercia Police,West Mercia Police,-2.258700,52.401699,On or near Lobelia Close,E01032442,Wyre Forest 002B,Violence and sexual offences,Unable to prosecute suspect,
a9eb7965f1430eaa4474dec260801d61ca6bf004b56eebc2f962bd5adb2cb2b8,2015-04,West Mercia Police,West Mercia Police,-2.258700,52.401699,On or near Lobelia Close,E01032442,Wyre Forest 002B,Violence and sexual offences,Unable to prosecute suspect,
,2015-04,West Mercia Police,West Mercia Police,-2.261134,52.400723,On or near Middleton Road,E01032443,Wyre Forest 002C,Anti-social behaviour,,
,2015-04,West Mercia Police,West Mercia Police,-2.263164,52.401078,On or near Highlow Avenue,E01032443,Wyre Forest 002C,Anti-social behaviour,,
e4a095cfe6b2781f4fe186ebe1b68c3cdaa759f211ee51a0763c1fb4e3115144,2015-04,West Mercia Police,West Mercia Police,-2.261134,52.400723,On or near Middleton Road,E01032443,Wyre Forest 002C,Criminal damage and arson,Local resolution,
b569c874996dcb84385e0b6d6daf1629098cb45c281123be7024859048b6ba5d,2015-04,West Mercia Police,West Mercia Police,-2.262285,52.401521,On or near Somerset Drive,E01032443,Wyre Forest 002C,Other theft,Investigation complete; no suspect identified,
5caba118c4534c6436d230061b1f74cc2f2f712b12fee9727a6f34010076d5c8,2015-04,West Mercia Police,West Mercia Police,-2.259762,52.399881,On or near Delphinium Close,E01032443,Wyre Forest 002C,Shoplifting,Investigation complete; no suspect identified,
53b07f33f01134bd025af91c93880a2920a8c229d65fc51b26c54d7a683c3db4,2015-04,West Mercia Police,West Mercia Police,-2.263164,52.401078,On or near Highlow Avenue,E01032443,Wyre Forest 002C,Violence and sexual offences,Unable to prosecute suspect,
,2015-04,West Mercia Police,West Mercia Police,-2.259152,52.391036,On or near Bradley Thursfield Court,E01032444,Wyre Forest 002D,Anti-social behaviour,,
,2015-04,West Mercia Police,West Mercia Police,-2.259848,52.391897,On or near Goodwin Close,E01032444,Wyre Forest 002D,Anti-social behaviour,,
,2015-04,West Mercia Police,West Mercia Police,-2.259152,52.391036,On or near Bradley Thursfield Court,E01032444,Wyre Forest 002D,Anti-social behaviour,,
,2015-04,West Mercia Police,West Mercia Police,-2.259848,52.391897,On or near Goodwin Close,E01032444,Wyre Forest 002D,Anti-social behaviour,,
,2015-04,West Mercia Police,West Mercia Police,-2.259152,52.391036,On or near Bradley Thursfield Court,E01032444,Wyre Forest 002D,Anti-social behaviour,,
,2015-04,West Mercia Police,West Mercia Police,-2.259152,52.391036,On or near Bradley Thursfield Court,E01032444,Wyre Forest 002D,Anti-social behaviour,,
,2015-04,West Mercia Police,West Mercia Police,-2.259848,52.391897,On or near Goodwin Close,E01032444,Wyre Forest 002D,Anti-social behaviour,,
b2a50ba7863033de49e037443417ff683d1abe591e1b00f8d4c2d61fc66b159f,2015-04,West Mercia Police,West Mercia Police,-2.260183,52.396401,On or near Gardeners Close,E01032444,Wyre Forest 002D,Burglary,Investigation complete; no suspect identified,
d9a0aac23c4d4ff57896c954616d5338296f408b1305ba3e42518a342b7e5b16,2015-04,West Mercia Police,West Mercia Police,-2.252911,52.389207,On or near Lower Mill Street,E01032444,Wyre Forest 002D,Drugs,Offender given a caution,
f7af05b9078b78d3c18aad45073150a6045246946c34f7e1c4e016e797f20508,2015-04,West Mercia Police,West Mercia Police,-2.252856,52.389881,On or near Petrol Station,E01032444,Wyre Forest 002D,Other theft,Awaiting court outcome,
e45b08a22ed72e49f99cb29de6eb826ae0195c9ecde084e5d901f5391551a329,2015-04,West Mercia Police,West Mercia Police,-2.259152,52.391036,On or near Bradley Thursfield Court,E01032444,Wyre Forest 002D,Other theft,Investigation complete; no suspect identified,
8df461570069f12dffab7fa41a11731079bbd21e8e1a17cdf98a5459a7afe898,2015-04,West Mercia Police,West Mercia Police,-2.259116,52.392421,On or near Puxton Lane,E01032444,Wyre Forest 002D,Shoplifting,Offender fined,
cbbc93903b51d9dae32b085e710cf7240e760fdef3a498515913bd4ae3e6baf1,2015-04,West Mercia Police,West Mercia Police,-2.259116,52.392421,On or near Puxton Lane,E01032444,Wyre Forest 002D,Shoplifting,Offender given community sentence,
14ab63f27fdfef38f09c0e4b3e4cc9826ccd9eae1ae648bab9928876992226d4,2015-04,West Mercia Police,West Mercia Police,-2.259848,52.391897,On or near Goodwin Close,E01032444,Wyre Forest 002D,Shoplifting,Offender sent to prison,
87860cbba0de8ef92b7bf3e1d3bd4525b5f906d1c4505b40843911d5ff317669,2015-04,West Mercia Police,West Mercia Police,-2.259116,52.392421,On or near Puxton Lane,E01032444,Wyre Forest 002D,Shoplifting,Court result unavailable,
ce71cbe10aa98d9c100df4fe61dbcb6ff5481ceaf6fa6937440132fc1741eb3b,2015-04,West Mercia Police,West Mercia Police,-2.259848,52.391897,On or near Goodwin Close,E01032444,Wyre Forest 002D,Shoplifting,Court result unavailable,
259b6d4cbf028e156d243c4de1943d5ddcda9a057c42aa4aacf6d3e549ab6293,2015-04,West Mercia Police,West Mercia Police,-2.259152,52.391036,On or near Bradley Thursfield Court,E01032444,Wyre Forest 002D,Vehicle crime,Investigation complete; no suspect identified,
78276257700769c12edf086a98255b3d1fababf897892e08cebd333c3a732ce5,2015-04,West Mercia Police,West Mercia Police,-2.259152,52.391036,On or near Bradley Thursfield Court,E01032444,Wyre Forest 002D,Violence and sexual offences,Unable to prosecute suspect,
,2015-04,West Mercia Police,West Mercia Police,-2.266064,52.399274,On or near Nursery Close,E01032445,Wyre Forest 002E,Anti-social behaviour,,
,2015-04,West Mercia Police,West Mercia Police,-2.268538,52.397695,On or near Bus/Coach Station,E01032445,Wyre Forest 002E,Anti-social behaviour,,
,2015-04,West Mercia Police,West Mercia Police,-2.271532,52.397023,On or near Wilton Avenue,E01032445,Wyre Forest 002E,Anti-social behaviour,,
,2015-04,West Mercia Police,West Mercia Police,-2.268469,52.398369,On or near Supermarket,E01032445,Wyre Forest 002E,Anti-social behaviour,,
d62010fc447024cb24f18d210db4d358b1b64202e60bfa11ebe2244322fbca09,2015-04,West Mercia Police,West Mercia Police,-2.267098,52.397788,On or near Franche Road,E01032445,Wyre Forest 002E,Burglary,Investigation complete; no suspect identified,
7eeda950f95706165c39a7332a32ea9cff1d1065a283a31f35ece472de833860,2015-04,West Mercia Police,West Mercia Police,-2.265075,52.398530,On or near Marlpool Place,E01032445,Wyre Forest 002E,Criminal damage and arson,Unable to prosecute suspect,
7c22aecd291a8eacd3ff261090da9e30478417815ba90ced34db6e2949661df9,2015-04,West Mercia Police,West Mercia Police,-2.270153,52.399777,On or near Petrol Station,E01032445,Wyre Forest 002E,Other theft,Investigation complete; no suspect identified,
41583be026360e748be9d0ad313ef64c8b6cae1f1b9d353e0be6b8d3b507fbc1,2015-04,West Mercia Police,West Mercia Police,-2.265791,52.400371,On or near Marlpool Close,E01032445,Wyre Forest 002E,Shoplifting,Investigation complete; no suspect identified,
4e676d2e1c7671b9fc403fc617e3b7f128aa68ac0bcb33809acbd0d5ba707477,2015-04,West Mercia Police,West Mercia Police,-2.268469,52.398369,On or near Supermarket,E01032445,Wyre Forest 002E,Shoplifting,Investigation complete; no suspect identified,
7faaf64de2e7c7db6bba66d504c2a698f388ba36694fcda69cd761f1e89421e8,2015-04,West Mercia Police,West Mercia Police,-2.268469,52.398369,On or near Supermarket,E01032445,Wyre Forest 002E,Shoplifting,Unable to prosecute suspect,
84b96b971a22f97a567e41a8a4b338ca879255cac7e961a86387573b73aa1bc3,2015-04,West Mercia Police,West Mercia Police,-2.268469,52.398369,On or near Supermarket,E01032445,Wyre Forest 002E,Shoplifting,Investigation complete; no suspect identified,
2d8fd5d79beda52c9ffc2f1f69dbe11024960a8214cda6e1c3c65ae75d0fc89d,2015-04,West Mercia Police,West Mercia Police,-2.270153,52.399777,On or near Petrol Station,E01032445,Wyre Forest 002E,Vehicle crime,Investigation complete; no suspect identified,
b068f617219973137c48551e5dd5c868bb1ed0912930e586cb7f583c62cab8fc,2015-04,West Mercia Police,West Mercia Police,-2.268538,52.397695,On or near Bus/Coach Station,E01032445,Wyre Forest 002E,Violence and sexual offences,Awaiting court outcome,
,2015-04,West Mercia Police,West Mercia Police,-2.232885,52.403425,On or near Charles Avenue,E01032436,Wyre Forest 003A,Anti-social behaviour,,
,2015-04,West Mercia Police,West Mercia Police,-2.232885,52.403425,On or near Charles Avenue,E01032436,Wyre Forest 003A,Anti-social behaviour,,
0a0a3f40dd11406b94b27685e15cb9aa9f1054ec92881201601642373a8b038f,2015-04,West Mercia Police,West Mercia Police,-2.227319,52.401656,On or near Dunhampton Drive,E01032436,Wyre Forest 003A,Burglary,Investigation complete; no suspect identified,
920d179b5ad5f5d601df9c2d18f85bb790cf4655099331c995dcd5df70fe2812,2015-04,West Mercia Police,West Mercia Police,-2.227319,52.401656,On or near Dunhampton Drive,E01032436,Wyre Forest 003A,Burglary,Investigation complete; no suspect identified,
e5c29b5f3d994337a16fc5fec9902758d6b69dc273f4b683a03852d2a9a7d65f,2015-04,West Mercia Police,West Mercia Police,-2.227319,52.401656,On or near Dunhampton Drive,E01032436,Wyre Forest 003A,Burglary,Investigation complete; no suspect identified,
318f8d6d4176263348180733310645744ef171f4d2d532c13693da0c7c72c332,2015-04,West Mercia Police,West Mercia Police,-2.227319,52.401656,On or near Dunhampton Drive,E01032436,Wyre Forest 003A,Burglary,Investigation complete; no suspect identified,
d12111ceb6efda2d6aac3daebfdbfc6ed0d6f0f672c6c65b456b7dff57fe725c,2015-04,West Mercia Police,West Mercia Police,-2.237519,52.401429,On or near Sion Hill,E01032436,Wyre Forest 003A,Criminal damage and arson,Unable to prosecute suspect,
b6b3573468c9f347fac624f128bb0ebe192067670436922e58ccbd81f865b268,2015-04,West Mercia Police,West Mercia Police,-2.225822,52.401964,On or near Ashley Road,E01032436,Wyre Forest 003A,Vehicle crime,Investigation complete; no suspect identified,
56e63975979d207374bb3b26662558eb7b3ca188a1b9df955a1ac8da696a7783,2015-04,West Mercia Police,West Mercia Police,-2.228781,52.402894,On or near Wolverhampton Road,E01032436,Wyre Forest 003A,Vehicle crime,Investigation complete; no suspect identified,
6744e93d5b4dac81eb8ff4b01273514c4567420b5ef5a7200fd663cdb5b04926,2015-04,West Mercia Police,West Mercia Police,-2.233915,52.400951,On or near Chapel Hill,E01032436,Wyre Forest 003A,Violence and sexual offences,Unable to prosecute suspect,
,2015-04,West Mercia Police,West Mercia Police,-2.234749,52.400149,On or near Stourbridge Road,E01032438,Wyre Forest 003B,Anti-social behaviour,,
,2015-04,West Mercia Police,West Mercia Police,-2.230251,52.397245,On or near Vine Street,E01032438,Wyre Forest 003B,Anti-social behaviour,,
30d0a23b6c4d73f1a90c38b8ef3708e8d53b7ce5de6d74706e95316f998360a1,2015-04,West Mercia Police,West Mercia Police,-2.234856,52.395402,On or near Hurcott Road,E01032438,Wyre Forest 003B,Burglary,Investigation complete; no suspect identified,
a4b927976a848d9c9eed9d67e0a385ea5ea03dedde69d0f69b82fd6cffb95c92,2015-04,West Mercia Police,West Mercia Police,-2.236475,52.395947,On or near Waverley Close,E01032438,Wyre Forest 003B,Criminal damage and arson,Investigation complete; no suspect identified,
5afcc98181f3090f8a877bf16c60d91b81ebfea5dda510d4dc3cf6836ffdd90b,2015-04,West Mercia Police,West Mercia Police,-2.236183,52.399085,On or near Parking Area,E01032438,Wyre Forest 003B,Criminal damage and arson,Unable to prosecute suspect,
df31b7c5d2513fe5d4ee75b5a5fe84e03b11355fe4921b1aec6a35567cf73fa3,2015-04,West Mercia Police,West Mercia Police,-2.236183,52.399085,On or near Parking Area,E01032438,Wyre Forest 003B,Other theft,Investigation complete; no suspect identified,
90849c7d08c375d104f7f497bdce227a3c5e334574d5ccf0b185437dc2a2cc83,2015-04,West Mercia Police,West Mercia Police,-2.234856,52.395402,On or near Hurcott Road,E01032438,Wyre Forest 003B,Public order,Unable to prosecute suspect,
c401d0fab8e63f53b4ef8ee99e7087a6f70d1a7549670c8460fd26037d0ca520,2015-04,West Mercia Police,West Mercia Police,-2.233153,52.395792,On or near Hurcott Road,E01032438,Wyre Forest 003B,Violence and sexual offences,Unable to prosecute suspect,
f7227b37b40b923acb4f5f6614dfaf9e30656fc42350a00752abea24c87551ae,2015-04,West Mercia Police,West Mercia Police,-2.236183,52.399085,On or near Parking Area,E01032438,Wyre Forest 003B,Violence and sexual offences,Unable to prosecute suspect,
92efb1ab8d6a398a3ac7cac6707586db5c132f19669a950671f3bdca1e605c7d,2015-04,West Mercia Police,West Mercia Police,-2.233153,52.395792,On or near Hurcott Road,E01032438,Wyre Forest 003B,Violence and sexual offences,Unable to prosecute suspect,
,2015-04,West Mercia Police,West Mercia Police,-2.227334,52.393016,On or near Pear Tree Close,E01032446,Wyre Forest 003C,Anti-social behaviour,,
6767a0ab80487a5fca3fd194c22d284ffab9a92d29c9b2ef9a9ff8d9f8d6dd5d,2015-04,West Mercia Police,West Mercia Police,-2.231702,52.390985,On or near Linden Gardens,E01032446,Wyre Forest 003C,Criminal damage and arson,Unable to prosecute suspect,
bc818feff109066ee696d0347b3744816b3ec716ba88977178d70ab50b99fd72,2015-04,West Mercia Police,West Mercia Police,-2.231278,52.391310,On or near Linden Avenue,E01032446,Wyre Forest 003C,Public order,Investigation complete; no suspect identified,
d0c20eabf2825c42b75813e4a66fde394c2e9a9339f136517e8c0337d60f7504,2015-04,West Mercia Police,West Mercia Police,-2.232300,52.392863,On or near The Oaklands,E01032446,Wyre Forest 003C,Vehicle crime,Investigation complete; no suspect identified,
67c864176a259d9e49afb6a1a16a801f48a23e577e1a99d3d56823eee4250536,2015-04,West Mercia Police,West Mercia Police,-2.232300,52.392863,On or near The Oaklands,E01032446,Wyre Forest 003C,Violence and sexual offences,Offender fined,
badd0f67b582ff2ce3f80dedbceb108a060cd0afa827d5d070b7bf50ff67eac5,2015-04,West Mercia Police,West Mercia Police,-2.231278,52.391310,On or near Linden Avenue,E01032446,Wyre Forest 003C,Violence and sexual offences,Unable to prosecute suspect,
6280263d9ca8fc96d8c99e405e676ff883c47f6d1927de9d9cd8de7692e4671f,2015-04,West Mercia Police,West Mercia Police,-2.231242,52.392883,On or near Adams Court,E01032446,Wyre Forest 003C,Violence and sexual offences,Defendant found not guilty,
,2015-04,West Mercia Police,West Mercia Police,-2.235610,52.390762,On or near Tabbs Gardens,E01032447,Wyre Forest 003D,Anti-social behaviour,,
,2015-04,West Mercia Police,West Mercia Police,-2.238061,52.392941,On or near Shrubbery Street,E01032447,Wyre Forest 003D,Anti-social behaviour,,
f87dd735efdcf02ba57adcae8dce32bc9319172f556f4a7382e95d480e2e2ce0,2015-04,West Mercia Police,West Mercia Police,-2.240895,52.389942,On or near Coventry Street,E01032447,Wyre Forest 003D,Violence and sexual offences,Unable to prosecute suspect,
0d2501d53e26832375222a114142a74ea56f75587ba59dda1ff01a394c1108be,2015-04,West Mercia Police,West Mercia Police,-2.236872,52.390391,On or near Trinity Court,E01032447,Wyre Forest 003D,Violence and sexual offences,Unable to prosecute suspect,
,2015-04,West Mercia Police,West Mercia Police,-2.219251,52.395855,On or near Hurcott Lane,E01032448,Wyre Forest 003E,Anti-social behaviour,,
7b26035317d4f76640272fe9c9eeb51177f6abc184ebdbe7ff6056802bb5b43c,2015-04,West Mercia Police,West Mercia Police,-2.223139,52.391757,On or near Rosemary Road,E01032448,Wyre Forest 003E,Violence and sexual offences,Unable to prosecute suspect,
,2015-04,West Mercia Police,West Mercia Police,-2.250246,52.393518,On or near York Street,E01032434,Wyre Forest 004A,Anti-social behaviour,,
,2015-04,West Mercia Police,West Mercia Police,-2.244062,52.393981,On or near Grasmere Close,E01032434,Wyre Forest 004A,Anti-social behaviour,,
,2015-04,West Mercia Police,West Mercia Police,-2.248262,52.393487,On or near Broad Street,E01032434,Wyre Forest 004A,Anti-social behaviour,,
,2015-04,West Mercia Police,West Mercia Police,-2.245654,52.394751,On or near Larkhill,E01032434,Wyre Forest 004A,Anti-social behaviour,,
,2015-04,West Mercia Police,West Mercia Police,-2.248413,52.391482,On or near Churchfields,E01032434,Wyre Forest 004A,Anti-social behaviour,,
,2015-04,West Mercia Police,West Mercia Police,-2.247842,52.394575,On or near Windsor Drive,E01032434,Wyre Forest 004A,Anti-social behaviour,,
,2015-04,West Mercia Police,West Mercia Police,-2.247842,52.394575,On or near Windsor Drive,E01032434,Wyre Forest 004A,Anti-social behaviour,,
,2015-04,West Mercia Police,West Mercia Police,-2.248413,52.391482,On or near Churchfields,E01032434,Wyre Forest 004A,Anti-social behaviour,,
,2015-04,West Mercia Police,West Mercia Police,-2.244053,52.394898,On or near Sports/Recreation Area,E01032434,Wyre Forest 004A,Anti-social behaviour,,
,2015-04,West Mercia Police,West Mercia Police,-2.244062,52.393981,On or near Grasmere Close,E01032434,Wyre Forest 004A,Anti-social behaviour,,
,2015-04,West Mercia Police,West Mercia Police,-2.244062,52.393981,On or near Grasmere Close,E01032434,Wyre Forest 004A,Anti-social behaviour,,
,2015-04,West Mercia Police,West Mercia Police,-2.247842,52.394575,On or near Windsor Drive,E01032434,Wyre Forest 004A,Anti-social behaviour,,
,2015-04,West Mercia Police,West Mercia Police,-2.248413,52.391482,On or near Churchfields,E01032434,Wyre Forest 004A,Anti-social behaviour,,
,2015-04,West Mercia Police,West Mercia Police,-2.244062,52.393981,On or near Grasmere Close,E01032434,Wyre Forest 004A,Anti-social behaviour,,
,2015-04,West Mercia Police,West Mercia Police,-2.249879,52.393555,On or near Pat Davis Court,E01032434,Wyre Forest 004A,Anti-social behaviour,,
,2015-04,West Mercia Police,West Mercia Police,-2.244062,52.393981,On or near Grasmere Close,E01032434,Wyre Forest 004A,Anti-social behaviour,,
,2015-04,West Mercia Police,West Mercia Police,-2.250246,52.393518,On or near York Street,E01032434,Wyre Forest 004A,Anti-social behaviour,,
,2015-04,West Mercia Police,West Mercia Police,-2.244062,52.393981,On or near Grasmere Close,E01032434,Wyre Forest 004A,Anti-social behaviour,,
,2015-04,West Mercia Police,West Mercia Police,-2.244062,52.393981,On or near Grasmere Close,E01032434,Wyre Forest 004A,Anti-social behaviour,,
ad8b8de40163f333f90df722223a1a4ee4625bcd5605a70f3d1770f95e3bc0f8,2015-04,West Mercia Police,West Mercia Police,-2.248262,52.393487,On or near Broad Street,E01032434,Wyre Forest 004A,Burglary,Investigation complete; no suspect identified,
f02bb35ab9a0e10cee5499d13ea7352612408b9981a2db734564cc6e775ae1f8,2015-04,West Mercia Police,West Mercia Police,-2.248872,52.394762,On or near Shelley Avenue,E01032434,Wyre Forest 004A,Criminal damage and arson,Investigation complete; no suspect identified,
f879e373cb1299aae9cf8d83a8c9d43eadac3ed969a7a03c71f82fc7da2e509c,2015-04,West Mercia Police,West Mercia Police,-2.245654,52.394751,On or near Larkhill,E01032434,Wyre Forest 004A,Drugs,Offender fined,
52156ed3980f9a8fa42946db761173fb4d4b18fcc2ac6068c196d929bba98812,2015-04,West Mercia Police,West Mercia Police,-2.245654,52.394751,On or near Larkhill,E01032434,Wyre Forest 004A,Drugs,Offender given a caution,
8f7b12cdd9673fe87ef7c55a753e9ddfbe3129217d0f02fc3c31d4d11cdfabbb,2015-04,West Mercia Police,West Mercia Police,-2.246471,52.393697,On or near Queen Street,E01032434,Wyre Forest 004A,Other theft,Unable to prosecute suspect,
fb1fd3f490c8e4489edf852bd14b433631022b759dda03da42444e0eadd71a29,2015-04,West Mercia Police,West Mercia Police,-2.252414,52.392264,On or near Clensmore Street,E01032434,Wyre Forest 004A,Other theft,Investigation complete; no suspect identified,
38d462bbfaa4cd892d063090f1fa98c4ffaa7dd4c1583ddce3276aa7a6465565,2015-04,West Mercia Police,West Mercia Police,-2.248413,52.391482,On or near Churchfields,E01032434,Wyre Forest 004A,Other theft,Investigation complete; no suspect identified,
64492bfd6897e745edf30c89f690e68913ded92c8d2f8e4cdfa98b66f6f25fca,2015-04,West Mercia Police,West Mercia Police,-2.245654,52.394751,On or near Larkhill,E01032434,Wyre Forest 004A,Possession of weapons,Offender given suspended prison sentence,
f622b4e5988778102e41927e4802cac35d0d722a1fca4bfcc0aa98a7aa3a109f,2015-04,West Mercia Police,West Mercia Police,-2.252414,52.392264,On or near Clensmore Street,E01032434,Wyre Forest 004A,Public order,Under investigation,
de6d0803ffe33d510084d0c37abba62249e3f3ddd6411bb090a86d388fe3735d,2015-04,West Mercia Police,West Mercia Police,-2.249677,52.394158,On or near Pooles Court,E01032434,Wyre Forest 004A,Public order,Unable to prosecute suspect,
9e900763848ccb6e4758a118494e7ddf1c9bdc8e0305c70788be4bbe57029c66,2015-04,West Mercia Police,West Mercia Police,-2.245654,52.394751,On or near Larkhill,E01032434,Wyre Forest 004A,Public order,Court case unable to proceed,
7db17b5cd45f0efab867b4ab2f700f5db7364339e891e69fec4f29ef4da943de,2015-04,West Mercia Police,West Mercia Police,-2.252414,52.392264,On or near Clensmore Street,E01032434,Wyre Forest 004A,Shoplifting,Local resolution,
16f903b99c430f156d882e90336dd912386e00daa8af393eadf20bb4aa3fe27d,2015-04,West Mercia Police,West Mercia Police,-2.249716,52.395848,On or near Red Sands Road,E01032434,Wyre Forest 004A,Vehicle crime,Investigation complete; no suspect identified,
41a572ae4ea20584b6aaa801336b1e4fd51421b3ff7d1967a8d23fa5413e38d7,2015-04,West Mercia Police,West Mercia Police,-2.246827,52.394299,On or near Eddy Road,E01032434,Wyre Forest 004A,Violence and sexual offences,Unable to prosecute suspect,
cbe95bd7c1a67b9b68da5e543c8c115871f9292ee18d34e735d1172b8577dc14,2015-04,West Mercia Police,West Mercia Police,-2.249716,52.395848,On or near Red Sands Road,E01032434,Wyre Forest 004A,Violence and sexual offences,Unable to prosecute suspect,
2f7f9da4c0cb7907a87e46a73344847939e578548f66957dbbdbbaeddf1d7e31,2015-04,West Mercia Police,West Mercia Police,-2.246827,52.394299,On or near Eddy Road,E01032434,Wyre Forest 004A,Violence and sexual offences,Offender given suspended prison sentence,
b20f267eb8895f3599439fcdaddf629892629ae7dd3a76c54b1ba9686de24240,2015-04,West Mercia Police,West Mercia Police,-2.250246,52.393518,On or near York Street,E01032434,Wyre Forest 004A,Violence and sexual offences,Unable to prosecute suspect,
c208b82e310adff4337e4be0b783fb25244eb1bc32e39579c82459637464a42e,2015-04,West Mercia Police,West Mercia Police,-2.250246,52.393518,On or near York Street,E01032434,Wyre Forest 004A,Violence and sexual offences,Awaiting court outcome,
acd92ccf662d836d16ae420eeddc94ec8b1b9212ee924c93e50fccd7b6258f14,2015-04,West Mercia Police,West Mercia Police,-2.247842,52.394575,On or near Windsor Drive,E01032434,Wyre Forest 004A,Violence and sexual offences,Unable to prosecute suspect,
a8b4ae8a8761827e254421be8efd953e9156abe69ebe5e7aecada4c07a8e0897,2015-04,West Mercia Police,West Mercia Police,-2.246827,52.394299,On or near Eddy Road,E01032434,Wyre Forest 004A,Violence and sexual offences,Unable to prosecute suspect,
c1169692fef0cf88f6a605a6713fcf2d8d2634d3de47dbd3aa3f8b53d00a7bee,2015-04,West Mercia Police,West Mercia Police,-2.246689,52.393274,On or near Jerusalem Court,E01032434,Wyre Forest 004A,Violence and sexual offences,Unable to prosecute suspect,
00cfe8daf78b68491c17129dae544efef541f57189c912530643eee8f7365848,2015-04,West Mercia Police,West Mercia Police,-2.244062,52.393981,On or near Grasmere Close,E01032434,Wyre Forest 004A,Violence and sexual offences,Unable to prosecute suspect,
6c966901c9cbbc52a8a2d5aa9ee4e4bae91c8303c3c2e8f735085b090767ddb9,2015-04,West Mercia Police,West Mercia Police,-2.247842,52.394575,On or near Windsor Drive,E01032434,Wyre Forest 004A,Violence and sexual offences,Unable to prosecute suspect,
b04e74e57560c10860fa35229ccbe19f4f4da30627324006917937a75db7220c,2015-04,West Mercia Police,West Mercia Police,-2.244062,52.393981,On or near Grasmere Close,E01032434,Wyre Forest 004A,Violence and sexual offences,Unable to prosecute suspect,
418ba15016afa060ffd30b730d3011a886c2cf789909259650dfb5304cd73eb3,2015-04,West Mercia Police,West Mercia Police,-2.244062,52.393981,On or near Grasmere Close,E01032434,Wyre Forest 004A,Violence and sexual offences,Unable to prosecute suspect,
,2015-04,West Mercia Police,West Mercia Police,-2.246329,52.392034,On or near Horse Fair,E01032435,Wyre Forest 004B,Anti-social behaviour,,
,2015-04,West Mercia Police,West Mercia Police,-2.241724,52.391091,On or near Harold Evers Way,E01032435,Wyre Forest 004B,Anti-social behaviour,,
,2015-04,West Mercia Police,West Mercia Police,-2.246329,52.392034,On or near Horse Fair,E01032435,Wyre Forest 004B,Anti-social behaviour,,
,2015-04,West Mercia Police,West Mercia Police,-2.246414,52.391504,On or near Shopping Area,E01032435,Wyre Forest 004B,Anti-social behaviour,,
,2015-04,West Mercia Police,West Mercia Police,-2.246323,52.390920,On or near Silver Street,E01032435,Wyre Forest 004B,Anti-social behaviour,,
,2015-04,West Mercia Police,West Mercia Police,-2.246169,52.392295,On or near Horse Fair,E01032435,Wyre Forest 004B,Anti-social behaviour,,
,2015-04,West Mercia Police,West Mercia Police,-2.246708,52.391386,On or near Blackwell Street,E01032435,Wyre Forest 004B,Anti-social behaviour,,
,2015-04,West Mercia Police,West Mercia Police,-2.238621,52.395943,On or near Imperial Grove,E01032435,Wyre Forest 004B,Anti-social behaviour,,
,2015-04,West Mercia Police,West Mercia Police,-2.241724,52.391091,On or near Harold Evers Way,E01032435,Wyre Forest 004B,Anti-social behaviour,,
,2015-04,West Mercia Police,West Mercia Police,-2.246329,52.392034,On or near Horse Fair,E01032435,Wyre Forest 004B,Anti-social behaviour,,
,2015-04,West Mercia Police,West Mercia Police,-2.246708,52.391386,On or near Blackwell Street,E01032435,Wyre Forest 004B,Anti-social behaviour,,
,2015-04,West Mercia Police,West Mercia Police,-2.241724,52.391091,On or near Harold Evers Way,E01032435,Wyre Forest 004B,Anti-social behaviour,,
,2015-04,West Mercia Police,West Mercia Police,-2.241724,52.391091,On or near Harold Evers Way,E01032435,Wyre Forest 004B,Anti-social behaviour,,
,2015-04,West Mercia Police,West Mercia Police,-2.243174,52.392877,On or near Long Acre,E01032435,Wyre Forest 004B,Anti-social behaviour,,
,2015-04,West Mercia Police,West Mercia Police,-2.241724,52.391091,On or near Harold Evers Way,E01032435,Wyre Forest 004B,Anti-social behaviour,,
,2015-04,West Mercia Police,West Mercia Police,-2.246754,52.391728,On or near Dudley Street,E01032435,Wyre Forest 004B,Anti-social behaviour,,
,2015-04,West Mercia Police,West Mercia Police,-2.241724,52.391091,On or near Harold Evers Way,E01032435,Wyre Forest 004B,Anti-social behaviour,,
,2015-04,West Mercia Police,West Mercia Police,-2.240471,52.392900,On or near Baxter Gardens,E01032435,Wyre Forest 004B,Anti-social behaviour,,
,2015-04,West Mercia Police,West Mercia Police,-2.244457,52.391004,On or near Radford Avenue,E01032435,Wyre Forest 004B,Anti-social behaviour,,
,2015-04,West Mercia Police,West Mercia Police,-2.241773,52.391981,On or near Plane Tree Close,E01032435,Wyre Forest 004B,Anti-social behaviour,,
806b22fe1a530ea65b27b2cfc7a8ae9fb684367c1b2414a4f880d32b828b5fe7,2015-04,West Mercia Police,West Mercia Police,-2.244449,52.392254,On or near Bronweningham Court,E01032435,Wyre Forest 004B,Burglary,Investigation complete; no suspect identified,
6fc0e83390bf6a2ada98356c56be3c099663fc708153317ddeaed0aa86a76274,2015-04,West Mercia Police,West Mercia Police,-2.244449,52.392254,On or near Bronweningham Court,E01032435,Wyre Forest 004B,Criminal damage and arson,Investigation complete; no suspect identified,
22972c4227183139affd7c5a64934da1e289a6f66d77a2069de4413874651ab5,2015-04,West Mercia Police,West Mercia Police,-2.247983,52.390808,On or near St Marys Ringway,E01032435,Wyre Forest 004B,Criminal damage and arson,Investigation complete; no suspect identified,
6a0b72d733d9adacf152496eea13118246c71fa31e10d179da9b0623a0a838cc,2015-04,West Mercia Police,West Mercia Police,-2.246754,52.391728,On or near Dudley Street,E01032435,Wyre Forest 004B,Criminal damage and arson,Court result unavailable,
614652be1351b8b0f2bd55ae49f38033eb95bb52e6e7e65d7f8f6cfd5222eb94,2015-04,West Mercia Police,West Mercia Police,-2.243174,52.392877,On or near Long Acre,E01032435,Wyre Forest 004B,Criminal damage and arson,Unable to prosecute suspect,
6135f8c80f38863be02e7a1e4dd157bcfa17f6c2f9a9bf1a7693f052a5aa7e19,2015-04,West Mercia Police,West Mercia Police,-2.244457,52.391004,On or near Radford Avenue,E01032435,Wyre Forest 004B,Drugs,Offender fined,
e429bc1f789a4d898f65ba83304fedcb6ccbff46aa5b1806db270cf0e862502a,2015-04,West Mercia Police,West Mercia Police,-2.246323,52.390920,On or near Silver Street,E01032435,Wyre Forest 004B,Drugs,Court result unavailable,
3b67b5345ade50957d394add87f83f4cf99be636d6117eb5c49906b41fcbb173,2015-04,West Mercia Police,West Mercia Police,-2.241724,52.391091,On or near Harold Evers Way,E01032435,Wyre Forest 004B,Drugs,Defendant found not guilty,
27bd75fb39a210c05192c7df298b07a0f76c1d0587a43435aec98c2106206b85,2015-04,West Mercia Police,West Mercia Police,-2.243651,52.391447,On or near Sycamore Close,E01032435,Wyre Forest 004B,Other theft,Unable to prosecute suspect,
d8baa9e05b8ead1db3eda24bb0ae4859f709347c36cfe4912c7b6a4f14908268,2015-04,West Mercia Police,West Mercia Police,-2.244457,52.391004,On or near Radford Avenue,E01032435,Wyre Forest 004B,Other theft,Offender given suspended prison sentence,
6416edc9e1ca9770b9a8c039da8ae90ab9812722cc4503046166868f9eb6cf38,2015-04,West Mercia Police,West Mercia Police,-2.241724,52.391091,On or near Harold Evers Way,E01032435,Wyre Forest 004B,Possession of weapons,Defendant found not guilty,
d92bb863eaa5b1ea63d121d17233c25fe55448f2db64fcf7066532c25121031f,2015-04,West Mercia Police,West Mercia Police,-2.246754,52.391728,On or near Dudley Street,E01032435,Wyre Forest 004B,Public order,Court result unavailable,
1ef295f70a84eb2be6966c5f4a56305792eb2be3011d7f4608cb859d481dbbf2,2015-04,West Mercia Police,West Mercia Police,-2.246754,52.391728,On or near Dudley Street,E01032435,Wyre Forest 004B,Violence and sexual offences,Offender sent to prison,
7bf3981f9a0743490f562af70c7643fe9e205d43043f69f4b4cf2553097d451c,2015-04,West Mercia Police,West Mercia Police,-2.241724,52.391091,On or near Harold Evers Way,E01032435,Wyre Forest 004B,Violence and sexual offences,Unable to prosecute suspect,
0e08b831e9ee75b1d42fc3cf82c3a129f326a5f505ad070e36e1baba2dd7df02,2015-04,West Mercia Police,West Mercia Police,-2.240761,52.395013,On or near Gheluvelt Avenue,E01032435,Wyre Forest 004B,Violence and sexual offences,Unable to prosecute suspect,
b09ce4b289399bd50d7acd1d46cb9e33ab499c0c7653bc3214cf5826e6b92b35,2015-04,West Mercia Police,West Mercia Police,-2.244449,52.392254,On or near Bronweningham Court,E01032435,Wyre Forest 004B,Violence and sexual offences,Unable to prosecute suspect,
1c4592e42aac14402c3dc3daf78a2f88a7ab1afdf3e8b8cad5514dd173cd4602,2015-04,West Mercia Police,West Mercia Police,-2.243174,52.392877,On or near Long Acre,E01032435,Wyre Forest 004B,Violence and sexual offences,Unable to prosecute suspect,
0914bd7c5483b09920fe8dfa467fdde419e2c07b4b7348719ba957598916fe09,2015-04,West Mercia Police,West Mercia Police,-2.243174,52.392877,On or near Long Acre,E01032435,Wyre Forest 004B,Violence and sexual offences,Offender fined,
,2015-04,West Mercia Police,West Mercia Police,-2.242718,52.398038,On or near Brookdale,E01032437,Wyre Forest 004C,Anti-social behaviour,,
,2015-04,West Mercia Police,West Mercia Police,-2.243814,52.399663,On or near Sports/Recreation Area,E01032437,Wyre Forest 004C,Anti-social behaviour,,
,2015-04,West Mercia Police,West Mercia Police,-2.239183,52.402055,On or near Upton Road,E01032437,Wyre Forest 004C,Anti-social behaviour,,
,2015-04,West Mercia Police,West Mercia Police,-2.239183,52.402055,On or near Upton Road,E01032437,Wyre Forest 004C,Anti-social behaviour,,
,2015-04,West Mercia Police,West Mercia Police,-2.244623,52.397027,On or near Lyndhurst Drive,E01032437,Wyre Forest 004C,Anti-social behaviour,,
,2015-04,West Mercia Police,West Mercia Police,-2.240361,52.399715,On or near Usmere Road,E01032437,Wyre Forest 004C,Anti-social behaviour,,
,2015-04,West Mercia Police,West Mercia Police,-2.242718,52.398038,On or near Brookdale,E01032437,Wyre Forest 004C,Anti-social behaviour,,
,2015-04,West Mercia Police,West Mercia Police,-2.240361,52.399715,On or near Usmere Road,E01032437,Wyre Forest 004C,Anti-social behaviour,,
,2015-04,West Mercia Police,West Mercia Police,-2.238100,52.400214,On or near Homfray Road,E01032437,Wyre Forest 004C,Anti-social behaviour,,
,2015-04,West Mercia Police,West Mercia Police,-2.242718,52.398038,On or near Brookdale,E01032437,Wyre Forest 004C,Anti-social behaviour,,
,2015-04,West Mercia Police,West Mercia Police,-2.238991,52.401831,On or near Baskerville Road,E01032437,Wyre Forest 004C,Anti-social behaviour,,
120575b2c0c6583fc47ae18b5fd87aa3524da3ec2cbc91857c3e4010fc666b41,2015-04,West Mercia Police,West Mercia Police,-2.241150,52.396261,On or near The Foxholes,E01032437,Wyre Forest 004C,Burglary,Investigation complete; no suspect identified,
bf7fcf140ee9f9c06a2f678e85c0998cae9dd2df65160d716a102498212feaab,2015-04,West Mercia Police,West Mercia Police,-2.247714,52.397965,On or near Ox Bow Way,E01032437,Wyre Forest 004C,Burglary,Investigation complete; no suspect identified,
6a47bea8e53ecff1e3215c0e5ed86157e2960864f627a7136ca36b91f8da913c,2015-04,West Mercia Police,West Mercia Police,-2.242718,52.398038,On or near Brookdale,E01032437,Wyre Forest 004C,Criminal damage and arson,Investigation complete; no suspect identified,
2a993c2dcae532d61ec9bfcc7d602ad33448593bd1cfdd36b89214b9a8d05c6f,2015-04,West Mercia Police,West Mercia Police,-2.238649,52.398541,On or near Frank Freeman Court,E01032437,Wyre Forest 004C,Criminal damage and arson,Unable to prosecute suspect,
8396671a1d3acb97dd6de18c239669e1ec51346d2ccb7946821a59e156711838,2015-04,West Mercia Police,West Mercia Police,-2.239649,52.401272,On or near Sports/Recreation Area,E01032437,Wyre Forest 004C,Other theft,Unable to prosecute suspect,
9ba84ecf16797ab03d81c55946b75f1bd71ab4ba95be90b783f09f4410cff41f,2015-04,West Mercia Police,West Mercia Police,-2.244623,52.397027,On or near Lyndhurst Drive,E01032437,Wyre Forest 004C,Public order,Investigation complete; no suspect identified,
f260bbc82e1d2130fee647435c2b7d6203ccc3ac62d974c96ba2cbdfabb98cae,2015-04,West Mercia Police,West Mercia Police,-2.244623,52.397027,On or near Lyndhurst Drive,E01032437,Wyre Forest 004C,Shoplifting,Investigation complete; no suspect identified,
0855808f8aa1e91453d4db006fa4644c2edd57522dc7ee02e7c81562acd907ca,2015-04,West Mercia Police,West Mercia Police,-2.237887,52.398776,On or near St Oswalds Close,E01032437,Wyre Forest 004C,Vehicle crime,Investigation complete; no suspect identified,
13f8c28f16f00926ddeb9c9dccba3b0dd5b63b8a87e36cde4c5336ed47b9adaa,2015-04,West Mercia Police,West Mercia Police,-2.251045,52.396924,On or near Buttercup Close,E01032437,Wyre Forest 004C,Vehicle crime,Investigation complete; no suspect identified,
2089c4a7cefbf29151735dc424e2bcacce311210735fd3ec02bcb3ca344d8fed,2015-04,West Mercia Police,West Mercia Police,-2.251045,52.396924,On or near Buttercup Close,E01032437,Wyre Forest 004C,Vehicle crime,Investigation complete; no suspect identified,
ffc47255a8064566909da431e32cb4cd6284babb45908ae7a2e3149f623aaa91,2015-04,West Mercia Police,West Mercia Police,-2.236630,52.402923,On or near Ismere Way,E01032437,Wyre Forest 004C,Violence and sexual offences,Unable to prosecute suspect,
5c16148718c3d7dabfc8750cb982ddd86782eb8d56aae5fe771d3da526582053,2015-04,West Mercia Police,West Mercia Police,-2.244623,52.397027,On or near Lyndhurst Drive,E01032437,Wyre Forest 004C,Violence and sexual offences,Unable to prosecute suspect,
67436cb5d2db16579af3a49150f56c7ff73359e6ce7303b585e786c7cf488491,2015-04,West Mercia Police,West Mercia Police,-2.239183,52.402055,On or near Upton Road,E01032437,Wyre Forest 004C,Violence and sexual offences,Unable to prosecute suspect,
6a750383892c8dea04ecb8437422a6d5f3497afb31a78e318b8550de1399d3a4,2015-04,West Mercia Police,West Mercia Police,-2.244623,52.397027,On or near Lyndhurst Drive,E01032437,Wyre Forest 004C,Violence and sexual offences,Unable to prosecute suspect,
acac41bed83783466304a65408743ae520479f6e848946cf24c73bf687b03922,2015-04,West Mercia Police,West Mercia Police,-2.240361,52.399715,On or near Usmere Road,E01032437,Wyre Forest 004C,Violence and sexual offences,Investigation complete; no suspect identified,
f7a63849cb692e8f12329023ba6d560d1422d056c1957ea21aa4012a15db1e98,2015-04,West Mercia Police,West Mercia Police,-2.238991,52.401831,On or near Baskerville Road,E01032437,Wyre Forest 004C,Violence and sexual offences,Local resolution,
ac48b6af7db89c00e23ecfadb7cb1e47995251e881f456fde5fe65ac46046b5f,2015-04,West Mercia Police,West Mercia Police,-2.240361,52.399715,On or near Usmere Road,E01032437,Wyre Forest 004C,Violence and sexual offences,Investigation complete; no suspect identified,
46d3fb9d7c1fb5c5a3f2357c0bcf5e0995fbe4d993a7fd3f6d9ea63f05cd0ffe,2015-04,West Mercia Police,West Mercia Police,-2.250179,52.397106,On or near Peacock Mews,E01032437,Wyre Forest 004C,Violence and sexual offences,Unable to prosecute suspect,
1f913cac5739a0ece744a5d9f229da0e8825073abc0c2c87cbcf0de3b7240f26,2015-04,West Mercia Police,West Mercia Police,-2.240361,52.399715,On or near Usmere Road,E01032437,Wyre Forest 004C,Violence and sexual offences,Unable to prosecute suspect,
67153fa5755e25cefe19698d6dec48888df9212d515177e4e4aec449bd5fda80,2015-04,West Mercia Police,West Mercia Police,-2.238649,52.398541,On or near Frank Freeman Court,E01032437,Wyre Forest 004C,Violence and sexual offences,Offender fined,
,2015-04,West Mercia Police,West Mercia Police,-2.244953,52.379658,On or near Oakhill Avenue,E01032450,Wyre Forest 004D,Anti-social behaviour,,
,2015-04,West Mercia Police,West Mercia Police,-2.247456,52.385982,On or near Bridge Street,E01032450,Wyre Forest 004D,Anti-social behaviour,,
,2015-04,West Mercia Police,West Mercia Police,-2.249014,52.386077,On or near Further/Higher Educational Building,E01032450,Wyre Forest 004D,Anti-social behaviour,,
,2015-04,West Mercia Police,West Mercia Police,-2.246064,52.386614,On or near Prospect Hill,E01032450,Wyre Forest 004D,Anti-social behaviour,,
,2015-04,West Mercia Police,West Mercia Police,-2.240253,52.385232,On or near Comberton Hill,E01032450,Wyre Forest 004D,Anti-social behaviour,,
,2015-04,West Mercia Police,West Mercia Police,-2.248215,52.387688,On or near Shopping Area,E01032450,Wyre Forest 004D,Anti-social behaviour,,
,2015-04,West Mercia Police,West Mercia Police,-2.250122,52.384493,On or near Supermarket,E01032450,Wyre Forest 004D,Anti-social behaviour,,
,2015-04,West Mercia Police,West Mercia Police,-2.246560,52.385921,On or near Oxford Street,E01032450,Wyre Forest 004D,Anti-social behaviour,,
,2015-04,West Mercia Police,West Mercia Police,-2.246560,52.385921,On or near Oxford Street,E01032450,Wyre Forest 004D,Anti-social behaviour,,
,2015-04,West Mercia Police,West Mercia Police,-2.247410,52.383033,On or near Green Street,E01032450,Wyre Forest 004D,Anti-social behaviour,,
,2015-04,West Mercia Police,West Mercia Police,-2.246194,52.388906,On or near Coventry Street,E01032450,Wyre Forest 004D,Anti-social behaviour,,
,2015-04,West Mercia Police,West Mercia Police,-2.248778,52.383354,On or near New Road,E01032450,Wyre Forest 004D,Anti-social behaviour,,
,2015-04,West Mercia Police,West Mercia Police,-2.249014,52.386077,On or near Further/Higher Educational Building,E01032450,Wyre Forest 004D,Anti-social behaviour,,
,2015-04,West Mercia Police,West Mercia Police,-2.248149,52.378482,On or near Cobham Road,E01032450,Wyre Forest 004D,Anti-social behaviour,,
,2015-04,West Mercia Police,West Mercia Police,-2.240253,52.385232,On or near Comberton Hill,E01032450,Wyre Forest 004D,Anti-social behaviour,,
,2015-04,West Mercia Police,West Mercia Police,-2.249654,52.387577,On or near Crown Lane,E01032450,Wyre Forest 004D,Anti-social behaviour,,
,2015-04,West Mercia Police,West Mercia Police,-2.245457,52.388539,On or near Lion Street,E01032450,Wyre Forest 004D,Anti-social behaviour,,
,2015-04,West Mercia Police,West Mercia Police,-2.250447,52.382190,On or near Tram Street,E01032450,Wyre Forest 004D,Anti-social behaviour,,
,2015-04,West Mercia Police,West Mercia Police,-2.247388,52.384256,On or near Supermarket,E01032450,Wyre Forest 004D,Anti-social behaviour,,
,2015-04,West Mercia Police,West Mercia Police,-2.249654,52.387577,On or near Crown Lane,E01032450,Wyre Forest 004D,Anti-social behaviour,,
,2015-04,West Mercia Police,West Mercia Police,-2.246708,52.386208,On or near Marlborough Street,E01032450,Wyre Forest 004D,Anti-social behaviour,,
,2015-04,West Mercia Police,West Mercia Police,-2.248909,52.388253,On or near Shopping Area,E01032450,Wyre Forest 004D,Anti-social behaviour,,
,2015-04,West Mercia Police,West Mercia Police,-2.249654,52.387577,On or near Crown Lane,E01032450,Wyre Forest 004D,Anti-social behaviour,,
,2015-04,West Mercia Police,West Mercia Police,-2.244551,52.381349,On or near St Andrews Green,E01032450,Wyre Forest 004D,Anti-social behaviour,,
,2015-04,West Mercia Police,West Mercia Police,-2.247410,52.383033,On or near Green Street,E01032450,Wyre Forest 004D,Anti-social behaviour,,
,2015-04,West Mercia Police,West Mercia Police,-2.245457,52.388539,On or near Lion Street,E01032450,Wyre Forest 004D,Anti-social behaviour,,
,2015-04,West Mercia Police,West Mercia Police,-2.246064,52.386614,On or near Prospect Hill,E01032450,Wyre Forest 004D,Anti-social behaviour,,
,2015-04,West Mercia Police,West Mercia Police,-2.252216,52.380640,On or near Pedestrian Subway,E01032450,Wyre Forest 004D,Anti-social behaviour,,
,2015-04,West Mercia Police,West Mercia Police,-2.248149,52.378482,On or near Cobham Road,E01032450,Wyre Forest 004D,Anti-social behaviour,,
,2015-04,West Mercia Police,West Mercia Police,-2.239279,52.384605,On or near Station Approach,E01032450,Wyre Forest 004D,Anti-social behaviour,,
,2015-04,West Mercia Police,West Mercia Police,-2.247410,52.383033,On or near Green Street,E01032450,Wyre Forest 004D,Anti-social behaviour,,
,2015-04,West Mercia Police,West Mercia Police,-2.249014,52.386077,On or near Further/Higher Educational Building,E01032450,Wyre Forest 004D,Anti-social behaviour,,
,2015-04,West Mercia Police,West Mercia Police,-2.247410,52.383033,On or near Green Street,E01032450,Wyre Forest 004D,Anti-social behaviour,,
,2015-04,West Mercia Police,West Mercia Police,-2.247325,52.383600,On or near Parking Area,E01032450,Wyre Forest 004D,Anti-social behaviour,,
,2015-04,West Mercia Police,West Mercia Police,-2.242774,52.386935,On or near George Street,E01032450,Wyre Forest 004D,Anti-social behaviour,,
,2015-04,West Mercia Police,West Mercia Police,-2.247388,52.384256,On or near Supermarket,E01032450,Wyre Forest 004D,Anti-social behaviour,,
,2015-04,West Mercia Police,West Mercia Police,-2.247410,52.383033,On or near Green Street,E01032450,Wyre Forest 004D,Anti-social behaviour,,
,2015-04,West Mercia Police,West Mercia Police,-2.248778,52.383354,On or near New Road,E01032450,Wyre Forest 004D,Anti-social behaviour,,
,2015-04,West Mercia Police,West Mercia Police,-2.248402,52.386933,On or near Vicar Street,E01032450,Wyre Forest 004D,Anti-social behaviour,,
,2015-04,West Mercia Police,West Mercia Police,-2.239279,52.384605,On or near Station Approach,E01032450,Wyre Forest 004D,Anti-social behaviour,,
,2015-04,West Mercia Police,West Mercia Police,-2.249014,52.386077,On or near Further/Higher Educational Building,E01032450,Wyre Forest 004D,Anti-social behaviour,,
,2015-04,West Mercia Police,West Mercia Police,-2.239279,52.384605,On or near Station Approach,E01032450,Wyre Forest 004D,Anti-social behaviour,,
,2015-04,West Mercia Police,West Mercia Police,-2.244727,52.378750,On or near Tutors Way,E01032450,Wyre Forest 004D,Anti-social behaviour,,
,2015-04,West Mercia Police,West Mercia Police,-2.248909,52.388253,On or near Shopping Area,E01032450,Wyre Forest 004D,Anti-social behaviour,,
,2015-04,West Mercia Police,West Mercia Police,-2.239279,52.384605,On or near Station Approach,E01032450,Wyre Forest 004D,Anti-social behaviour,,
,2015-04,West Mercia Police,West Mercia Police,-2.250122,52.384493,On or near Supermarket,E01032450,Wyre Forest 004D,Anti-social behaviour,,
,2015-04,West Mercia Police,West Mercia Police,-2.248215,52.387688,On or near Shopping Area,E01032450,Wyre Forest 004D,Anti-social behaviour,,
,2015-04,West Mercia Police,West Mercia Police,-2.248402,52.386933,On or near Vicar Street,E01032450,Wyre Forest 004D,Anti-social behaviour,,
,2015-04,West Mercia Police,West Mercia Police,-2.243492,52.386430,On or near Anchorfields,E01032450,Wyre Forest 004D,Anti-social behaviour,,
,2015-04,West Mercia Police,West Mercia Police,-2.242524,52.381542,On or near Parking Area,E01032450,Wyre Forest 004D,Anti-social behaviour,,
,2015-04,West Mercia Police,West Mercia Police,-2.244070,52.387445,On or near The Ringway,E01032450,Wyre Forest 004D,Anti-social behaviour,,
,2015-04,West Mercia Police,West Mercia Police,-2.244256,52.378571,On or near Hoo Road,E01032450,Wyre Forest 004D,Anti-social behaviour,,
,2015-04,West Mercia Police,West Mercia Police,-2.248909,52.388253,On or near Shopping Area,E01032450,Wyre Forest 004D,Anti-social behaviour,,
,2015-04,West Mercia Police,West Mercia Police,-2.245457,52.388539,On or near Lion Street,E01032450,Wyre Forest 004D,Anti-social behaviour,,
,2015-04,West Mercia Police,West Mercia Police,-2.252216,52.380640,On or near Pedestrian Subway,E01032450,Wyre Forest 004D,Anti-social behaviour,,
,2015-04,West Mercia Police,West Mercia Police,-2.244953,52.379658,On or near Oakhill Avenue,E01032450,Wyre Forest 004D,Anti-social behaviour,,
,2015-04,West Mercia Police,West Mercia Police,-2.240253,52.385232,On or near Comberton Hill,E01032450,Wyre Forest 004D,Anti-social behaviour,,
,2015-04,West Mercia Police,West Mercia Police,-2.248324,52.386214,On or near Shopping Area,E01032450,Wyre Forest 004D,Anti-social behaviour,,
,2015-04,West Mercia Police,West Mercia Police,-2.241572,52.387432,On or near East Street,E01032450,Wyre Forest 004D,Anti-social behaviour,,
,2015-04,West Mercia Police,West Mercia Police,-2.240253,52.385232,On or near Comberton Hill,E01032450,Wyre Forest 004D,Anti-social behaviour,,
,2015-04,West Mercia Police,West Mercia Police,-2.248149,52.378482,On or near Cobham Road,E01032450,Wyre Forest 004D,Anti-social behaviour,,
,2015-04,West Mercia Police,West Mercia Police,-2.247325,52.383600,On or near Parking Area,E01032450,Wyre Forest 004D,Anti-social behaviour,,
,2015-04,West Mercia Police,West Mercia Police,-2.249654,52.387577,On or near Crown Lane,E01032450,Wyre Forest 004D,Anti-social behaviour,,
,2015-04,West Mercia Police,West Mercia Police,-2.240253,52.385232,On or near Comberton Hill,E01032450,Wyre Forest 004D,Anti-social behaviour,,
,2015-04,West Mercia Police,West Mercia Police,-2.247325,52.383600,On or near Parking Area,E01032450,Wyre Forest 004D,Anti-social behaviour,,
55dd8960bf5b948e52f5ace551585d53c598610640f26185dbc27f5084395ae1,2015-04,West Mercia Police,West Mercia Police,-2.248324,52.386214,On or near Shopping Area,E01032450,Wyre Forest 004D,Bicycle theft,Investigation complete; no suspect identified,
4e657d3b0b09ab7818e51d0cd2a9d6c507cd3f782f87ae9c487c91691817ab07,2015-04,West Mercia Police,West Mercia Police,-2.245457,52.388539,On or near Lion Street,E01032450,Wyre Forest 004D,Bicycle theft,Offender ordered to pay compensation,
98ae6acaef58ae6cfee52a0133bc426737cc9f0456f07a919f50cb0c4ac081e7,2015-04,West Mercia Police,West Mercia Police,-2.245457,52.388539,On or near Lion Street,E01032450,Wyre Forest 004D,Bicycle theft,Investigation complete; no suspect identified,
558588e691ea694cfc28e1eee7eed1c3e2f4d3ca0459358a9f17d8d878f4c432,2015-04,West Mercia Police,West Mercia Police,-2.250074,52.378712,On or near Worcester Road,E01032450,Wyre Forest 004D,Bicycle theft,Investigation complete; no suspect identified,
8c6297620e55ee3c2418e1a07f85dac7565888c4152d1902eb0025dc03f4fb70,2015-04,West Mercia Police,West Mercia Police,-2.244953,52.379658,On or near Oakhill Avenue,E01032450,Wyre Forest 004D,Burglary,Investigation complete; no suspect identified,
5b8547aaddd76ca40e43e8b0623af5581af4c2dbe7dfeae7428f2d1891693ecd,2015-04,West Mercia Police,West Mercia Police,-2.239279,52.384605,On or near Station Approach,E01032450,Wyre Forest 004D,Burglary,Investigation complete; no suspect identified,
309a4e19bd80898be7f585dcd63893da53d0257386c10b013d0b2061f8b8c449,2015-04,West Mercia Police,West Mercia Police,-2.252216,52.380640,On or near Pedestrian Subway,E01032450,Wyre Forest 004D,Burglary,Investigation complete; no suspect identified,
05ed9afc32a77881319973ea3617ae5d1c91d44552f0e814830f16038661b085,2015-04,West Mercia Police,West Mercia Police,-2.248909,52.388253,On or near Shopping Area,E01032450,Wyre Forest 004D,Burglary,Investigation complete; no suspect identified,
ee3c2de18d6411b7d0c3c0989df05b17116d2a21c0cb04e637c709104f0a138b,2015-04,West Mercia Police,West Mercia Police,-2.248149,52.378482,On or near Cobham Road,E01032450,Wyre Forest 004D,Burglary,Investigation complete; no suspect identified,
b3d920b6bee667e36be984981d4eb5811077d5ed7c5de91f7964a36cd3d1be02,2015-04,West Mercia Police,West Mercia Police,-2.244953,52.379658,On or near Oakhill Avenue,E01032450,Wyre Forest 004D,Burglary,Investigation complete; no suspect identified,
efafa15b832d9bff8d48d00e353558c3ea7a64dbc0c4719b686d382c0d8d647c,2015-04,West Mercia Police,West Mercia Police,-2.250122,52.384493,On or near Supermarket,E01032450,Wyre Forest 004D,Criminal damage and arson,Investigation complete; no suspect identified,
97ab1acbf734efa8868a6e4b5d3bbb67f8a2f7b5317e8dfeed25b40e1941a3fb,2015-04,West Mercia Police,West Mercia Police,-2.248215,52.387688,On or near Shopping Area,E01032450,Wyre Forest 004D,Criminal damage and arson,Investigation complete; no suspect identified,
3e2a853132f2509d774051ee0a6f695c550a2fc8246a63348a0ebb06cd74ee92,2015-04,West Mercia Police,West Mercia Police,-2.245457,52.388539,On or near Lion Street,E01032450,Wyre Forest 004D,Criminal damage and arson,Investigation complete; no suspect identified,
5b7f776772b424474fe903de74d6d66dc9436c2422911a94b50565510ae700df,2015-04,West Mercia Police,West Mercia Police,-2.247900,52.389190,On or near Parking Area,E01032450,Wyre Forest 004D,Criminal damage and arson,Investigation complete; no suspect identified,
aeab6a67799b8f2b1e75c04de320a122ff3d8694e8cfc3e9b7cd6b611251f51a,2015-04,West Mercia Police,West Mercia Police,-2.249175,52.385861,On or near Further/Higher Educational Building,E01032450,Wyre Forest 004D,Criminal damage and arson,Investigation complete; no suspect identified,
8b5581fdc70adcd010c2d5837606a256fe98d4417703f1dfb8db2824a66a51d3,2015-04,West Mercia Police,West Mercia Police,-2.242774,52.386935,On or near George Street,E01032450,Wyre Forest 004D,Criminal damage and arson,Investigation complete; no suspect identified,
28f4eff870c6fa2bb4031277df7a11f00dd0797ce156dac97b1abfcc4aa80a0f,2015-04,West Mercia Police,West Mercia Police,-2.249175,52.385861,On or near Further/Higher Educational Building,E01032450,Wyre Forest 004D,Criminal damage and arson,Local resolution,
731986a19abd461fd77be10f931cecd3e72e2df23387f601b7608d9b777f77f5,2015-04,West Mercia Police,West Mercia Police,-2.241590,52.385221,On or near Comberton Hill,E01032450,Wyre Forest 004D,Criminal damage and arson,Investigation complete; no suspect identified,
fadfa3d4ed7259b3a423e4208fe57656d94dd581bf3b56bb85ab23bcee47bd5d,2015-04,West Mercia Police,West Mercia Police,-2.246063,52.378487,On or near College Walk,E01032450,Wyre Forest 004D,Criminal damage and arson,Investigation complete; no suspect identified,
94bfae505add8627c4e728da31d7c0d411c7ea5d4e0af9ab40764486b9c738ef,2015-04,West Mercia Police,West Mercia Police,-2.248149,52.378482,On or near Cobham Road,E01032450,Wyre Forest 004D,Criminal damage and arson,Investigation complete; no suspect identified,
051640f0b14852b6abcb9ca3e9d70671fd962fe546c3023af4e91228523dfce9,2015-04,West Mercia Police,West Mercia Police,-2.250122,52.384493,On or near Supermarket,E01032450,Wyre Forest 004D,Criminal damage and arson,Investigation complete; no suspect identified,
96dc4eec7a89ab181bfd6c0c8748d33cf3cbb6452c334bd671e14213d8e5154c,2015-04,West Mercia Police,West Mercia Police,-2.250147,52.381238,On or near Pump Street,E01032450,Wyre Forest 004D,Criminal damage and arson,Local resolution,
72d46a24dcf8e28be3ef2f22d452374edba9e885dd4d18c1cd8214c65bda27cd,2015-04,West Mercia Police,West Mercia Police,-2.246953,52.385398,On or near Parking Area,E01032450,Wyre Forest 004D,Criminal damage and arson,Investigation complete; no suspect identified,
06e08c6f1c34bc1d094e55b3e6cca0a2f6835f9a10595698ffca60d62c926134,2015-04,West Mercia Police,West Mercia Police,-2.248715,52.385143,On or near Corporation Street,E01032450,Wyre Forest 004D,Drugs,Offender sent to prison,
9fca6a55a7b39a0f58991fd8d5a4e21111389e8e354b87c7da86c10ef0266cc2,2015-04,West Mercia Police,West Mercia Police,-2.238055,52.386388,On or near Lea Street,E01032450,Wyre Forest 004D,Drugs,Court result unavailable,
960c3541f2d2ecbedc6e9f72f98c8dc4f5e7db53fc8b254cbd60c957eeafd44a,2015-04,West Mercia Police,West Mercia Police,-2.248324,52.386214,On or near Shopping Area,E01032450,Wyre Forest 004D,Drugs,Offender given a caution,
4f4d8b603761b7df6d6742e5184176bbf98dd9e41a1ad75acd1f60e9bdf77459,2015-04,West Mercia Police,West Mercia Police,-2.239279,52.384605,On or near Station Approach,E01032450,Wyre Forest 004D,Drugs,Unable to prosecute suspect,
f413a3237df1a23e18384053a608c18baac6c4905261071561cf5c731757afc8,2015-04,West Mercia Police,West Mercia Police,-2.248778,52.383354,On or near New Road,E01032450,Wyre Forest 004D,Drugs,Offender given a caution,
45c192f23da3a5d9b6a1e9c04924ebdfd37aeaa695a91d7de96d2463c2c8b164,2015-04,West Mercia Police,West Mercia Police,-2.245457,52.388539,On or near Lion Street,E01032450,Wyre Forest 004D,Other theft,Investigation complete; no suspect identified,
4a57553e85f67131f1905b44648d97d3777adc90b6f25c1b6cbfb96f05a6a16a,2015-04,West Mercia Police,West Mercia Police,-2.248149,52.378482,On or near Cobham Road,E01032450,Wyre Forest 004D,Other theft,Investigation complete; no suspect identified,
1beab781896daa3b2619f87dc4b00a2e1a7e8cc14be6a198e39778c18f9dc7b0,2015-04,West Mercia Police,West Mercia Police,-2.239279,52.384605,On or near Station Approach,E01032450,Wyre Forest 004D,Other theft,Unable to prosecute suspect,
74ce62fad2b40bac2e339255fa2ea50687d0a51d157cf31249a74e9e71a69613,2015-04,West Mercia Police,West Mercia Police,-2.248778,52.383354,On or near New Road,E01032450,Wyre Forest 004D,Other theft,Investigation complete; no suspect identified,
d55e6f53cc5974e04da7de015af802e8677aa5c5e25694fbb544a7a6425a661b,2015-04,West Mercia Police,West Mercia Police,-2.244727,52.378750,On or near Tutors Way,E01032450,Wyre Forest 004D,Other theft,Investigation complete; no suspect identified,
de21d7249266b12c26cd01d5dff6f2ef9f59e3542039993c47172a5d4ed430de,2015-04,West Mercia Police,West Mercia Police,-2.247325,52.383600,On or near Parking Area,E01032450,Wyre Forest 004D,Other theft,Investigation complete; no suspect identified,
cb003e611209ee6e5aef52a63c63253268893c3bd0438fb0aa6bae4a95a09ca2,2015-04,West Mercia Police,West Mercia Police,-2.243492,52.386430,On or near Anchorfields,E01032450,Wyre Forest 004D,Other theft,Local resolution,
c4da4ba2acd6576fe41dbbf46f36426bd027efd2445df7dc2f862d8795ccf472,2015-04,West Mercia Police,West Mercia Police,-2.245457,52.388539,On or near Lion Street,E01032450,Wyre Forest 004D,Other theft,Court result unavailable,
29e46b28d4d3920c48704396267114f83bb5bd042123a717a43e47d15c94fbb1,2015-04,West Mercia Police,West Mercia Police,-2.248778,52.383354,On or near New Road,E01032450,Wyre Forest 004D,Other theft,Investigation complete; no suspect identified,
455c9c773e338d1c19e83c53230cb0b574edf9b3d93a3fdd755a2111ae178e04,2015-04,West Mercia Police,West Mercia Police,-2.248402,52.386933,On or near Vicar Street,E01032450,Wyre Forest 004D,Other theft,Investigation complete; no suspect identified,
0c0484c9b68ae94c5c1b4c5a51a6375a9a35b15c4a97ece918420ed235e4b13c,2015-04,West Mercia Police,West Mercia Police,-2.250122,52.384493,On or near Supermarket,E01032450,Wyre Forest 004D,Other theft,Investigation complete; no suspect identified,
e0404e089fbb331818cdc88ddbd4d0b69926b4b9906fefd557a5ff993d572f81,2015-04,West Mercia Police,West Mercia Police,-2.242837,52.382305,On or near Vicarage Crescent,E01032450,Wyre Forest 004D,Possession of weapons,Court case unable to proceed,
999a7aca8201e19d1719ff1b4fffc28866dd3970668a1bd0087fe696ccbff9ca,2015-04,West Mercia Police,West Mercia Police,-2.249751,52.389024,On or near Church Street,E01032450,Wyre Forest 004D,Public order,Unable to prosecute suspect,
edef6ebc238a84f2e64de389f16584e73fd8f0f7adeb5d70b0ecea40adc01193,2015-04,West Mercia Police,West Mercia Police,-2.248402,52.386933,On or near Vicar Street,E01032450,Wyre Forest 004D,Public order,Unable to prosecute suspect,
dfd05412c10fc12643875f9244d23f17eb008d4127827c778513049b077d3cb0,2015-04,West Mercia Police,West Mercia Police,-2.250447,52.382190,On or near Tram Street,E01032450,Wyre Forest 004D,Robbery,Investigation complete; no suspect identified,
1f11fc51386a29a26909ab3534d888c0be07c50ad0847f36645203646d8e3719,2015-04,West Mercia Police,West Mercia Police,-2.250692,52.386577,On or near Shopping Area,E01032450,Wyre Forest 004D,Shoplifting,Offender fined,
bd7cb93cad3b3bb67a3b4fedac91a8f4035361308a5a9d6f4083d6f14523b7da,2015-04,West Mercia Police,West Mercia Police,-2.248324,52.386214,On or near Shopping Area,E01032450,Wyre Forest 004D,Shoplifting,Investigation complete; no suspect identified,
961cad188e9f4ad902fec1f35e51214bfb4561997a9b46c83e95c055c3f653e4,2015-04,West Mercia Police,West Mercia Police,-2.250692,52.386577,On or near Shopping Area,E01032450,Wyre Forest 004D,Shoplifting,Investigation complete; no suspect identified,
1375a4ddfe3123f41b50f2ccfed392d74c820923f536c702eaf2ee205782084e,2015-04,West Mercia Police,West Mercia Police,-2.248324,52.386214,On or near Shopping Area,E01032450,Wyre Forest 004D,Shoplifting,Court result unavailable,
09b76ed9634a48ccbf616412e7c43693f90b83befa01c2e0f503144bb225fffc,2015-04,West Mercia Police,West Mercia Police,-2.248778,52.383354,On or near New Road,E01032450,Wyre Forest 004D,Shoplifting,Court result unavailable,
b440b99e0d0cf9ac5da93c81e24701e790be6e71148c821eb8ccc3692f988d5b,2015-04,West Mercia Police,West Mercia Police,-2.248778,52.383354,On or near New Road,E01032450,Wyre Forest 004D,Shoplifting,Investigation complete; no suspect identified,
0a70e17171db513dfec9393d118fc62bd1495ba093e7f66f5dc0fb62cc588624,2015-04,West Mercia Police,West Mercia Police,-2.247325,52.383600,On or near Parking Area,E01032450,Wyre Forest 004D,Shoplifting,Defendant found not guilty,
4396b0d1d131dc692cbde7810448377fd1150388950930062881d3fb1697ae07,2015-04,West Mercia Police,West Mercia Police,-2.250692,52.386577,On or near Shopping Area,E01032450,Wyre Forest 004D,Shoplifting,Awaiting court outcome,
dd828091d11c4acc63606bb9092a8db6d5240cab9fd6e440237d2e5170716c99,2015-04,West Mercia Police,West Mercia Police,-2.250692,52.386577,On or near Shopping Area,E01032450,Wyre Forest 004D,Shoplifting,Investigation complete; no suspect identified,
1d3d1f61c85eee74210b2878d9beaa9d1c804445b10f59a64ea85e7de47a5e98,2015-04,West Mercia Police,West Mercia Police,-2.250692,52.386577,On or near Shopping Area,E01032450,Wyre Forest 004D,Shoplifting,Awaiting court outcome,
ad19300eb1f92c9244a11e45ff1b293eee622d5490787d4e60b456739c9ccfd2,2015-04,West Mercia Police,West Mercia Police,-2.250692,52.386577,On or near Shopping Area,E01032450,Wyre Forest 004D,Shoplifting,Court result unavailable,
93d9eb99c7fdaee2d3be27a6165e1422f7986e73c2884d39a8d296a762b6f2a3,2015-04,West Mercia Police,West Mercia Police,-2.248909,52.388253,On or near Shopping Area,E01032450,Wyre Forest 004D,Shoplifting,Offender given suspended prison sentence,
7c0b539533d61b9e0fa00e0eb174a6cf13566dc2fb46ae418874e0643ad912c6,2015-04,West Mercia Police,West Mercia Police,-2.250122,52.384493,On or near Supermarket,E01032450,Wyre Forest 004D,Shoplifting,Local resolution,
44a573cc52354bd30954a0b8a6403da5a214d7d5e035c66e4ae60c4ddb951db9,2015-04,West Mercia Police,West Mercia Police,-2.249654,52.387577,On or near Crown Lane,E01032450,Wyre Forest 004D,Shoplifting,Investigation complete; no suspect identified,
f290d1177a3da25b72f1d34da5e352323d223c7478030ee04f3fac4cb8aef100,2015-04,West Mercia Police,West Mercia Police,-2.250122,52.384493,On or near Supermarket,E01032450,Wyre Forest 004D,Shoplifting,Offender ordered to pay compensation,
0ca8807e14c5061319487ebe44e3e80aee5ae80e5069dccc80c820a7f9c1d998,2015-04,West Mercia Police,West Mercia Police,-2.249654,52.387577,On or near Crown Lane,E01032450,Wyre Forest 004D,Shoplifting,Investigation complete; no suspect identified,
6b65519e1056d224e5629c07e790d468911ccbf97609841fdc9df4a49bf9905a,2015-04,West Mercia Police,West Mercia Police,-2.250692,52.386577,On or near Shopping Area,E01032450,Wyre Forest 004D,Shoplifting,Investigation complete; no suspect identified,
65317eaee51e1314e8567ec4d333478ee4d2cc9404b2429ccb9ec0ad6bee0266,2015-04,West Mercia Police,West Mercia Police,-2.246511,52.387674,On or near Prospect Lane,E01032450,Wyre Forest 004D,Shoplifting,Investigation complete; no suspect identified,
6ffb156fcb709ee7d2a282c84532ce46db913371d790864c493d031be9e31f12,2015-04,West Mercia Police,West Mercia Police,-2.247325,52.383600,On or near Parking Area,E01032450,Wyre Forest 004D,Shoplifting,Investigation complete; no suspect identified,
fc916579e145cdd5fa0348252b88dbef306e55097bbe185469547df4492a98dc,2015-04,West Mercia Police,West Mercia Police,-2.249654,52.387577,On or near Crown Lane,E01032450,Wyre Forest 004D,Shoplifting,Investigation complete; no suspect identified,
147e34e0d39b5334e08ebcb8c5860be5b7202b265fd8e79479c23ec9112189b2,2015-04,West Mercia Police,West Mercia Police,-2.250692,52.386577,On or near Shopping Area,E01032450,Wyre Forest 004D,Shoplifting,Local resolution,
cf3883c7ed669cfe69020c76c28654298a57487dd6e0f9ffe04bb97813f274e3,2015-04,West Mercia Police,West Mercia Police,-2.248324,52.386214,On or near Shopping Area,E01032450,Wyre Forest 004D,Shoplifting,Investigation complete; no suspect identified,
26c0afc0da97309638c2037c87bba0d7a1274c66950023c60fcb50635a3a440f,2015-04,West Mercia Police,West Mercia Police,-2.250122,52.384493,On or near Supermarket,E01032450,Wyre Forest 004D,Shoplifting,Local resolution,
08ebd692470a95c4e892d1bb16c9a648ec6383ce43488106d4a145b8a0fd7a0a,2015-04,West Mercia Police,West Mercia Police,-2.250692,52.386577,On or near Shopping Area,E01032450,Wyre Forest 004D,Shoplifting,Investigation complete; no suspect identified,
78a40a4d2f6c64ff2a8dba0497125827500264f9703ebd3797a102c31a35523a,2015-04,West Mercia Police,West Mercia Police,-2.248215,52.387688,On or near Shopping Area,E01032450,Wyre Forest 004D,Theft from the person,Investigation complete; no suspect identified,
934c74c41a36d692193248db04c3a72e49e24ea66e3b17123dec9492cc65241e,2015-04,West Mercia Police,West Mercia Police,-2.248778,52.383354,On or near New Road,E01032450,Wyre Forest 004D,Theft from the person,Investigation complete; no suspect identified,
2478ceb8f9d5acd1d255656b38f59c66072ddf2ca9a2111c580d96f8867a7804,2015-04,West Mercia Police,West Mercia Police,-2.238055,52.386388,On or near Lea Street,E01032450,Wyre Forest 004D,Vehicle crime,Investigation complete; no suspect identified,
e4130feb9af0d4786c674743478c58fe6160973263b3a64fb2360da905052c5b,2015-04,West Mercia Police,West Mercia Police,-2.245457,52.388539,On or near Lion Street,E01032450,Wyre Forest 004D,Vehicle crime,Investigation complete; no suspect identified,
72faa95ff96ff9bd73e8dff331a4bea95a323056533d814a51ad4bb83ca3fb42,2015-04,West Mercia Police,West Mercia Police,-2.252216,52.380640,On or near Pedestrian Subway,E01032450,Wyre Forest 004D,Vehicle crime,Unable to prosecute suspect,
2fa3cdb70940ea806cf4f57b62b4e2ff24ebb3faa19d281c05e3f5689e4d87ff,2015-04,West Mercia Police,West Mercia Police,-2.252216,52.380640,On or near Pedestrian Subway,E01032450,Wyre Forest 004D,Vehicle crime,Unable to prosecute suspect,
a7b471fdd3c92af30c0a8bb598b39bc95f5d47262cc11a03611a48b58748047a,2015-04,West Mercia Police,West Mercia Police,-2.248324,52.386214,On or near Shopping Area,E01032450,Wyre Forest 004D,Vehicle crime,Offender sent to prison,
896814f33849d7ad21e25964a5205160ff2b30368eb499d36540fae7ea1c7b1d,2015-04,West Mercia Police,West Mercia Police,-2.247374,52.389668,On or near Blackwell Street,E01032450,Wyre Forest 004D,Vehicle crime,Investigation complete; no suspect identified,
9acd51f7c3d07dd5df9184c60eb4fc405ffbc2fe449231ca0676513332c95aed,2015-04,West Mercia Police,West Mercia Police,-2.247410,52.383033,On or near Green Street,E01032450,Wyre Forest 004D,Violence and sexual offences,Offender given a caution,
b970772e3e4c197f7f431d988109c3db2f5aee9b98da991a55800744ea96b49d,2015-04,West Mercia Police,West Mercia Police,-2.250122,52.384493,On or near Supermarket,E01032450,Wyre Forest 004D,Violence and sexual offences,Offender fined,
7d586c58bf916869fd2a9c03142daf2cfedcfc9edc2bd1301f9438ea570b4af0,2015-04,West Mercia Police,West Mercia Police,-2.248215,52.387688,On or near Shopping Area,E01032450,Wyre Forest 004D,Violence and sexual offences,Offender given a caution,
f4fb193a7b5719928997b5e41b25676886da905c94e3661248db5a2c0ff89e7e,2015-04,West Mercia Police,West Mercia Police,-2.248778,52.383354,On or near New Road,E01032450,Wyre Forest 004D,Violence and sexual offences,Investigation complete; no suspect identified,
47501b60f259fb4f619ec099e77c3a9909fa3940a37f1c277bb45c232742a8e2,2015-04,West Mercia Police,West Mercia Police,-2.247382,52.383294,On or near Dixon Street,E01032450,Wyre Forest 004D,Violence and sexual offences,Court result unavailable,
eb6eee1d89ac55edf3e64772930f582eb23394f9864d5faa7aeb325cf97fbfcd,2015-04,West Mercia Police,West Mercia Police,-2.247382,52.383294,On or near Dixon Street,E01032450,Wyre Forest 004D,Violence and sexual offences,Unable to prosecute suspect,
9f0c04c36d0a01d4cff7a27a0e120116f14b3f2d2dad42c5c2d47dc671bc273a,2015-04,West Mercia Police,West Mercia Police,-2.247374,52.389668,On or near Blackwell Street,E01032450,Wyre Forest 004D,Violence and sexual offences,Unable to prosecute suspect,
70c175859cfb6ff46f5d4be29cc9a462f5335747a3c46efd5a140db7dba0858e,2015-04,West Mercia Police,West Mercia Police,-2.247410,52.383033,On or near Green Street,E01032450,Wyre Forest 004D,Violence and sexual offences,Unable to prosecute suspect,
e2b44828e8a8b9305b0920baf9097bc9354a0a6fe855f04af431f9a2bf3e234d,2015-04,West Mercia Police,West Mercia Police,-2.244551,52.381349,On or near St Andrews Green,E01032450,Wyre Forest 004D,Violence and sexual offences,Unable to prosecute suspect,
cdd0040d99d410d887ce2cc4b390297f49dd7067b41be476287d96ce53a25301,2015-04,West Mercia Police,West Mercia Police,-2.249175,52.385861,On or near Further/Higher Educational Building,E01032450,Wyre Forest 004D,Violence and sexual offences,Investigation complete; no suspect identified,
4793512038623232082692099735b770be36602d390aebbfe4706341476b9ef4,2015-04,West Mercia Police,West Mercia Police,-2.247410,52.383033,On or near Green Street,E01032450,Wyre Forest 004D,Violence and sexual offences,Unable to prosecute suspect,
492525fc0cddcdc1545131aa9e666ab26665faa304e93e6449734696e8e6df72,2015-04,West Mercia Police,West Mercia Police,-2.250147,52.381238,On or near Pump Street,E01032450,Wyre Forest 004D,Violence and sexual offences,Unable to prosecute suspect,
d526ff9ff13b894585ec0935f19adb587c6d37e8341e6210f245158e953c08a8,2015-04,West Mercia Police,West Mercia Police,-2.249751,52.389024,On or near Church Street,E01032450,Wyre Forest 004D,Violence and sexual offences,Investigation complete; no suspect identified,
25ee460390488294927ffbb225911e6591b052981063de31cb3cdae75293b7f7,2015-04,West Mercia Police,West Mercia Police,-2.248778,52.383354,On or near New Road,E01032450,Wyre Forest 004D,Violence and sexual offences,Investigation complete; no suspect identified,
fd55f4d325a5e47c715baf539a5b005f0e2e1b6ee30fed3923e9f3a57e105d0e,2015-04,West Mercia Police,West Mercia Police,-2.240253,52.385232,On or near Comberton Hill,E01032450,Wyre Forest 004D,Violence and sexual offences,Unable to prosecute suspect,
03557838e5d569f4813ae5be0f38320812c86f8526d26afe87667088a99eaceb,2015-04,West Mercia Police,West Mercia Police,-2.248778,52.383354,On or near New Road,E01032450,Wyre Forest 004D,Violence and sexual offences,Investigation complete; no suspect identified,
38e97f968d796d4c740448e4fe0311e26e34d2391a52e35d9ea0fb93d13c2bfa,2015-04,West Mercia Police,West Mercia Police,-2.238055,52.386388,On or near Lea Street,E01032450,Wyre Forest 004D,Violence and sexual offences,Unable to prosecute suspect,
3c51269a912a4d38482217da40d5de0d44350fd08693835aa7497b64433c638b,2015-04,West Mercia Police,West Mercia Police,-2.250692,52.386577,On or near Shopping Area,E01032450,Wyre Forest 004D,Violence and sexual offences,Local resolution,
7a3376bf02d9cfd10f8ee7d5261e32d6a818958c1e21469531bce9b68ffe92b5,2015-04,West Mercia Police,West Mercia Police,-2.247325,52.383600,On or near Parking Area,E01032450,Wyre Forest 004D,Violence and sexual offences,Unable to prosecute suspect,
3a656ce99bf9aa63b29cdabf7d530a61e6ab2f244feb49001c655038889dbc25,2015-04,West Mercia Police,West Mercia Police,-2.249751,52.389024,On or near Church Street,E01032450,Wyre Forest 004D,Violence and sexual offences,Unable to prosecute suspect,
d79f0d304b7b74d590cd49b250275a022d6f6cc6899429f4fa1e0892e8e71b5b,2015-04,West Mercia Police,West Mercia Police,-2.238055,52.386388,On or near Lea Street,E01032450,Wyre Forest 004D,Violence and sexual offences,Defendant found not guilty,
82b8bd627e7227e13c8013dda0682224b96bf5efafbdb579819d29e234fc7e64,2015-04,West Mercia Police,West Mercia Police,-2.250147,52.381238,On or near Pump Street,E01032450,Wyre Forest 004D,Violence and sexual offences,Unable to prosecute suspect,
ee930211f3d477a45e32e8c2ad3c39dce877a3fb19a59528c85fc27c92b9623b,2015-04,West Mercia Police,West Mercia Police,-2.247382,52.383294,On or near Dixon Street,E01032450,Wyre Forest 004D,Violence and sexual offences,Investigation complete; no suspect identified,
9bf7c9dd8afcf2e6cd9f8f7e4376ed021f096685c5c1074f98039095bfe689c5,2015-04,West Mercia Police,West Mercia Police,-2.248778,52.383354,On or near New Road,E01032450,Wyre Forest 004D,Violence and sexual offences,Investigation complete; no suspect identified,
a9680137ff5d75793bfc8c3d017cf321ebb4ddf92cd7ed7c5f35d8e8dc2c6788,2015-04,West Mercia Police,West Mercia Police,-2.240253,52.385232,On or near Comberton Hill,E01032450,Wyre Forest 004D,Violence and sexual offences,Unable to prosecute suspect,
1229935911dc728eceffe67052d341fae3912be6adf8497888b7f119bc5a4ad7,2015-04,West Mercia Police,West Mercia Police,-2.246194,52.388906,On or near Coventry Street,E01032450,Wyre Forest 004D,Violence and sexual offences,Unable to prosecute suspect,
5f72b53ec28375cb8ac504ba08b719711d805e8455003d117eca3c6c1e4efd6b,2015-04,West Mercia Police,West Mercia Police,-2.244551,52.381349,On or near St Andrews Green,E01032450,Wyre Forest 004D,Violence and sexual offences,Unable to prosecute suspect,
73f94d6c1988300eef00805c99a04d71418d81d2cacf1acdbacdec3e9ba6431f,2015-04,West Mercia Police,West Mercia Police,-2.248324,52.386214,On or near Shopping Area,E01032450,Wyre Forest 004D,Other crime,Defendant found not guilty,
dacd2af861d8fd69710d8d0e0b7ed7de9068990f434b47401ac61fb5e69a55ce,2015-04,West Mercia Police,West Mercia Police,-2.248149,52.378482,On or near Cobham Road,E01032450,Wyre Forest 004D,Other crime,Unable to prosecute suspect,
,2015-04,West Mercia Police,West Mercia Police,-2.320899,52.374954,On or near Winbrook,E01032430,Wyre Forest 005A,Anti-social behaviour,,
dac9a645d90a094644d59ce815390e3761fd5fbfd20390b4ef5bdfb7ae3e682a,2015-04,West Mercia Police,West Mercia Police,-2.316682,52.376763,On or near Dog Lane,E01032430,Wyre Forest 005A,Drugs,Offender given a drugs possession warning,
47ab9d8d434c04a54c1ed4954a886e463d6e091dde5648bf56bce47c26ef4c3f,2015-04,West Mercia Police,West Mercia Police,-2.317679,52.376572,On or near Dowles Road,E01032430,Wyre Forest 005A,Drugs,Court result unavailable,
e7179b663d0c437aac0f6bd1e2f3c49647ed6ff79ce1841cf944990e8c5b5fed,2015-04,West Mercia Police,West Mercia Police,-2.307739,52.425792,On or near Trimpley Lane,E01032430,Wyre Forest 005A,Other theft,Investigation complete; no suspect identified,
86b1c46691407bca70bb93ee5495eb2c6575594380f2ff3615093f319913c019,2015-04,West Mercia Police,West Mercia Police,-2.317679,52.376572,On or near Dowles Road,E01032430,Wyre Forest 005A,Possession of weapons,Court result unavailable,
,2015-04,West Mercia Police,West Mercia Police,-2.300573,52.381993,On or near Warstone Meadows,E01032480,Wyre Forest 005B,Anti-social behaviour,,
,2015-04,West Mercia Police,West Mercia Police,-2.300573,52.381993,On or near Warstone Meadows,E01032480,Wyre Forest 005B,Anti-social behaviour,,
,2015-04,West Mercia Police,West Mercia Police,-2.301711,52.380794,On or near Warstone Close,E01032480,Wyre Forest 005B,Anti-social behaviour,,
19b886d57594eb0380a634c5cb8ed61471eeeb1263165988b218e1a15f0b8070,2015-04,West Mercia Police,West Mercia Police,-2.297016,52.381669,On or near New Road,E01032480,Wyre Forest 005B,Criminal damage and arson,Investigation complete; no suspect identified,
cebe51d79ce3ab2e7c8c373fb83d49bf98aaf9950a35148375911ba71ff0e370,2015-04,West Mercia Police,West Mercia Police,-2.304121,52.380932,On or near Delamere Road,E01032480,Wyre Forest 005B,Violence and sexual offences,Investigation complete; no suspect identified,
4d58510091765b0622689cb1d98e17034caf6b927453d9eb10b3cf79a8160947,2015-04,West Mercia Police,West Mercia Police,-2.297016,52.381669,On or near New Road,E01032480,Wyre Forest 005B,Violence and sexual offences,Local resolution,
,2015-04,West Mercia Police,West Mercia Police,-2.283091,52.391305,On or near Habberley Road,E01032481,Wyre Forest 005C,Anti-social behaviour,,
,2015-04,West Mercia Police,West Mercia Police,-2.304963,52.381550,On or near Queen'S Way,E01032481,Wyre Forest 005C,Anti-social behaviour,,
,2015-04,West Mercia Police,West Mercia Police,-2.306817,52.379828,On or near Springhill Rise,E01032481,Wyre Forest 005C,Anti-social behaviour,,
,2015-04,West Mercia Police,West Mercia Police,-2.306817,52.379828,On or near Springhill Rise,E01032481,Wyre Forest 005C,Anti-social behaviour,,
,2015-04,West Mercia Police,West Mercia Police,-2.325284,52.391978,On or near Northwood Lane,E01032481,Wyre Forest 005C,Anti-social behaviour,,
,2015-04,West Mercia Police,West Mercia Police,-2.306817,52.379828,On or near Springhill Rise,E01032481,Wyre Forest 005C,Anti-social behaviour,,
,2015-04,West Mercia Police,West Mercia Police,-2.334150,52.406230,On or near Park/Open Space,E01032481,Wyre Forest 005C,Anti-social behaviour,,
,2015-04,West Mercia Police,West Mercia Police,-2.306266,52.414846,On or near Trimpley Lane,E01032481,Wyre Forest 005C,Anti-social behaviour,,
f3d84dc03d1791861449553e63a4f5574a0c9ae31e89b87610378ab6ab43b8e1,2015-04,West Mercia Police,West Mercia Police,-2.325284,52.391978,On or near Northwood Lane,E01032481,Wyre Forest 005C,Burglary,Investigation complete; no suspect identified,
0a3ce9949545efda45f5580d2ce131beff52bbd28fabb019ba23f24e28df788c,2015-04,West Mercia Police,West Mercia Police,-2.304137,52.383242,On or near Springside Place,E01032481,Wyre Forest 005C,Criminal damage and arson,Unable to prosecute suspect,
cbf8429e919ef882ae5ac87c570da905af313d41635a11b802605027bada381c,2015-04,West Mercia Police,West Mercia Police,-2.306817,52.379828,On or near Springhill Rise,E01032481,Wyre Forest 005C,Other theft,Investigation complete; no suspect identified,
dcca2ccb6bff72daeb8402d0df010f50119e34dbca59f68262710c1695d08acf,2015-04,West Mercia Police,West Mercia Police,-2.309730,52.380486,On or near Damson Way,E01032481,Wyre Forest 005C,Other theft,Investigation complete; no suspect identified,
e2a04046997f7103260907d1fc9f2cc2a562890a16c99514faf53ff1c6460026,2015-04,West Mercia Police,West Mercia Police,-2.284220,52.395554,On or near Habberley Lane,E01032481,Wyre Forest 005C,Vehicle crime,Investigation complete; no suspect identified,
3e304810555b4158a9d08b2d37d5055897bd56ce337ebe5d3078f07da71f5887,2015-04,West Mercia Police,West Mercia Police,-2.307666,52.381606,On or near Shaw Hedge Road,E01032481,Wyre Forest 005C,Violence and sexual offences,Unable to prosecute suspect,
93cde908fca4a1d0bff6b05aca3fea346b20d9ffcb89572edee5a45c0ea0b2e3,2015-04,West Mercia Police,West Mercia Police,-2.306817,52.379828,On or near Springhill Rise,E01032481,Wyre Forest 005C,Violence and sexual offences,Unable to prosecute suspect,
b1bc6065f8ec25bf63f28165cc2d897d750256138db39100d3e5f97189c3fa68,2015-04,West Mercia Police,West Mercia Police,-2.307666,52.381606,On or near Shaw Hedge Road,E01032481,Wyre Forest 005C,Violence and sexual offences,Unable to prosecute suspect,
7b6c64445227aee7832ed1cd46570bcef314897cc63bcdfeb4c64878eb9ab3c4,2015-04,West Mercia Police,West Mercia Police,-2.306139,52.381682,On or near Wassell Drive,E01032481,Wyre Forest 005C,Violence and sexual offences,Court result unavailable,
3b18ceb4f0b10103a15c92cc5db4dc0a16b3ba58f246f318264de62423e2e2f7,2015-04,West Mercia Police,West Mercia Police,-2.325284,52.391978,On or near Northwood Lane,E01032481,Wyre Forest 005C,Violence and sexual offences,Investigation complete; no suspect identified,
,2015-04,West Mercia Police,West Mercia Police,-2.307973,52.377137,On or near Castle Lane,E01032482,Wyre Forest 005D,Anti-social behaviour,,
,2015-04,West Mercia Police,West Mercia Police,-2.309921,52.376224,On or near Westbourne Street,E01032482,Wyre Forest 005D,Anti-social behaviour,,
,2015-04,West Mercia Police,West Mercia Police,-2.312787,52.376531,On or near Stourport Road,E01032482,Wyre Forest 005D,Anti-social behaviour,,
,2015-04,West Mercia Police,West Mercia Police,-2.311256,52.376076,On or near Ricketts Place,E01032482,Wyre Forest 005D,Anti-social behaviour,,
,2015-04,West Mercia Police,West Mercia Police,-2.303425,52.373625,On or near Brook Vale,E01032482,Wyre Forest 005D,Anti-social behaviour,,
,2015-04,West Mercia Police,West Mercia Police,-2.310389,52.375962,On or near Parking Area,E01032482,Wyre Forest 005D,Anti-social behaviour,,
2929b570d4db1ff695dee6fbcc8c2cad076e7e003a70ad11aa08f0096bbdd0c1,2015-04,West Mercia Police,West Mercia Police,-2.303374,52.372735,On or near Sandstone Road,E01032482,Wyre Forest 005D,Burglary,Investigation complete; no suspect identified,
f36dc1f9ed541d3d78c36e772e35485df0c2a7c73a459f539dd951f2edb307cf,2015-04,West Mercia Police,West Mercia Police,-2.317154,52.381131,On or near Sports/Recreation Area,E01032482,Wyre Forest 005D,Burglary,Investigation complete; no suspect identified,
36c9e7927918b7d510d3bd9d112d4d0812ceb516717bea1ff8ed632bc9bdb500,2015-04,West Mercia Police,West Mercia Police,-2.303374,52.372735,On or near Sandstone Road,E01032482,Wyre Forest 005D,Criminal damage and arson,Investigation complete; no suspect identified,
1ccfe716ec62bcf1abc455c3deab89c428db8f4b02a6ffab1123ea619947590f,2015-04,West Mercia Police,West Mercia Police,-2.303425,52.373625,On or near Brook Vale,E01032482,Wyre Forest 005D,Criminal damage and arson,Investigation complete; no suspect identified,
698288f689e6e091838bbf970678de4cf7f8adeb0b484382e2aa5bdd6825f06a,2015-04,West Mercia Police,West Mercia Police,-2.303374,52.372735,On or near Sandstone Road,E01032482,Wyre Forest 005D,Violence and sexual offences,Unable to prosecute suspect,
,2015-04,West Mercia Police,West Mercia Police,-2.269184,52.385521,On or near Welbeck Drive,E01032451,Wyre Forest 006A,Anti-social behaviour,,
51ed7cfb213c58d16d9e70aaa9ae5f3552620bd12c1f1586219884a24c703fda,2015-04,West Mercia Police,West Mercia Police,-2.274573,52.385068,On or near Westville Avenue,E01032451,Wyre Forest 006A,Other theft,Offender fined,
e8a3638f5ad769c266766fcd35e3e7021837a69ae4c0d5f9c362251d4bf96c32,2015-04,West Mercia Police,West Mercia Police,-2.266150,52.384332,On or near Supermarket,E01032451,Wyre Forest 006A,Other theft,Investigation complete; no suspect identified,
16ef4d207fe76dd6588c93fb4d816e6db0db4214a4cabf447d5f9480f3b7f1d4,2015-04,West Mercia Police,West Mercia Police,-2.266150,52.384332,On or near Supermarket,E01032451,Wyre Forest 006A,Shoplifting,Investigation complete; no suspect identified,
5d8a165e6e1a4f678038376b89180bb4c2e9b28951c929c4000d96f1d0cef1df,2015-04,West Mercia Police,West Mercia Police,-2.266150,52.384332,On or near Supermarket,E01032451,Wyre Forest 006A,Shoplifting,Offender otherwise dealt with,
7edc5a77ea2dfae105837bee56fc8af63c77044cd4187ffbab6f971c88136714,2015-04,West Mercia Police,West Mercia Police,-2.269184,52.385521,On or near Welbeck Drive,E01032451,Wyre Forest 006A,Other crime,Unable to prosecute suspect,
,2015-04,West Mercia Police,West Mercia Police,-2.269670,52.390446,On or near Sports/Recreation Area,E01032452,Wyre Forest 006B,Anti-social behaviour,,
,2015-04,West Mercia Police,West Mercia Police,-2.269670,52.390446,On or near Sports/Recreation Area,E01032452,Wyre Forest 006B,Anti-social behaviour,,
5f68051434138d21a9d33aadb5349c27b0881b77cca212fa2c8164136b1be382,2015-04,West Mercia Police,West Mercia Police,-2.269670,52.390446,On or near Sports/Recreation Area,E01032452,Wyre Forest 006B,Burglary,Investigation complete; no suspect identified,
d4bc0b53f26489ecfdc1b7ec89ee8cf8efea3a7cb9cea2d050b9332bcc8e4336,2015-04,West Mercia Police,West Mercia Police,-2.265861,52.389942,On or near Moule Close,E01032452,Wyre Forest 006B,Possession of weapons,Offender given a caution,
,2015-04,West Mercia Police,West Mercia Police,-2.279989,52.391069,On or near St Alban'S Avenue,E01032453,Wyre Forest 006C,Anti-social behaviour,,
,2015-04,West Mercia Police,West Mercia Police,-2.279592,52.391088,On or near Drake Crescent,E01032453,Wyre Forest 006C,Anti-social behaviour,,
,2015-04,West Mercia Police,West Mercia Police,-2.279989,52.391069,On or near St Alban'S Avenue,E01032453,Wyre Forest 006C,Anti-social behaviour,,
,2015-04,West Mercia Police,West Mercia Police,-2.282507,52.389661,On or near Lichfield Avenue,E01032453,Wyre Forest 006C,Anti-social behaviour,,
,2015-04,West Mercia Police,West Mercia Police,-2.279592,52.391088,On or near Drake Crescent,E01032453,Wyre Forest 006C,Anti-social behaviour,,
,2015-04,West Mercia Police,West Mercia Police,-2.279989,52.391069,On or near St Alban'S Avenue,E01032453,Wyre Forest 006C,Anti-social behaviour,,
,2015-04,West Mercia Police,West Mercia Police,-2.279486,52.390477,On or near Winchester Avenue,E01032453,Wyre Forest 006C,Anti-social behaviour,,
,2015-04,West Mercia Police,West Mercia Police,-2.279371,52.386306,On or near Guildford Close,E01032453,Wyre Forest 006C,Anti-social behaviour,,
,2015-04,West Mercia Police,West Mercia Police,-2.278489,52.388520,On or near Exeter Close,E01032453,Wyre Forest 006C,Anti-social behaviour,,
,2015-04,West Mercia Police,West Mercia Police,-2.278489,52.388520,On or near Exeter Close,E01032453,Wyre Forest 006C,Anti-social behaviour,,
,2015-04,West Mercia Police,West Mercia Police,-2.280128,52.387446,On or near Westminister Road,E01032453,Wyre Forest 006C,Anti-social behaviour,,
159ebc0429b0fe57ac9876e0f94e38de22d1a4ef81662739e2510b37a9ed5aac,2015-04,West Mercia Police,West Mercia Police,-2.279989,52.391069,On or near St Alban'S Avenue,E01032453,Wyre Forest 006C,Criminal damage and arson,Investigation complete; no suspect identified,
6600210e91b3340cd2235e68041c171722c8a45798795925729733a5aedee361,2015-04,West Mercia Police,West Mercia Police,-2.280315,52.389208,On or near Canterbury Road,E01032453,Wyre Forest 006C,Criminal damage and arson,Investigation complete; no suspect identified,
50a1dc7f0b537769fecd744f288f04481d5ab2f776235bcc49c45aa7341bb347,2015-04,West Mercia Police,West Mercia Police,-2.278079,52.386417,On or near Shrewsbury Road,E01032453,Wyre Forest 006C,Other theft,Investigation complete; no suspect identified,
9a817557a88f2cc74e379c541fc320390a41a908905e0af342e40b27cdcdc94b,2015-04,West Mercia Police,West Mercia Police,-2.281336,52.387991,On or near Westminster Road,E01032453,Wyre Forest 006C,Vehicle crime,Investigation complete; no suspect identified,
f21c557016a4e6ab3f97f790c9e0991e022815c4819fd8e1f43e4cde823b8022,2015-04,West Mercia Police,West Mercia Police,-2.279592,52.391088,On or near Drake Crescent,E01032453,Wyre Forest 006C,Violence and sexual offences,Under investigation,
6f99a549aa99ca25c37eda405f64ea616c41c4b70c55bb859a9328c57a79f88d,2015-04,West Mercia Police,West Mercia Police,-2.280128,52.387446,On or near Westminister Road,E01032453,Wyre Forest 006C,Violence and sexual offences,Local resolution,
fa9b34add12e81dce36547adb8d3a0f731d686462c5a1eeb38747f36828d7e6a,2015-04,West Mercia Police,West Mercia Police,-2.277600,52.387434,On or near Steve Roberts Court,E01032453,Wyre Forest 006C,Violence and sexual offences,Court case unable to proceed,
967af8ea6c10bd1e78fedf48224a9b1bc2f298cf4c86d33422d4c3aead141083,2015-04,West Mercia Police,West Mercia Police,-2.280128,52.387446,On or near Westminister Road,E01032453,Wyre Forest 006C,Violence and sexual offences,Local resolution,
,2015-04,West Mercia Police,West Mercia Police,-2.256655,52.388659,On or near Millfield Gardens,E01032454,Wyre Forest 006D,Anti-social behaviour,,
,2015-04,West Mercia Police,West Mercia Police,-2.265012,52.390600,On or near Kidderminster Police Station,E01032454,Wyre Forest 006D,Anti-social behaviour,,
,2015-04,West Mercia Police,West Mercia Police,-2.256655,52.388659,On or near Millfield Gardens,E01032454,Wyre Forest 006D,Anti-social behaviour,,
,2015-04,West Mercia Police,West Mercia Police,-2.264705,52.393289,On or near Woodland Avenue,E01032454,Wyre Forest 006D,Anti-social behaviour,,
,2015-04,West Mercia Police,West Mercia Police,-2.255527,52.389219,On or near Mill Street,E01032454,Wyre Forest 006D,Anti-social behaviour,,
,2015-04,West Mercia Police,West Mercia Police,-2.256655,52.388659,On or near Millfield Gardens,E01032454,Wyre Forest 006D,Anti-social behaviour,,
,2015-04,West Mercia Police,West Mercia Police,-2.256655,52.388659,On or near Millfield Gardens,E01032454,Wyre Forest 006D,Anti-social behaviour,,
,2015-04,West Mercia Police,West Mercia Police,-2.256655,52.388659,On or near Millfield Gardens,E01032454,Wyre Forest 006D,Anti-social behaviour,,
,2015-04,West Mercia Police,West Mercia Police,-2.257688,52.389466,On or near Mill Lane,E01032454,Wyre Forest 006D,Anti-social behaviour,,
,2015-04,West Mercia Police,West Mercia Police,-2.251112,52.388024,On or near Black Horse Lane,E01032454,Wyre Forest 006D,Anti-social behaviour,,
,2015-04,West Mercia Police,West Mercia Police,-2.265012,52.390600,On or near Kidderminster Police Station,E01032454,Wyre Forest 006D,Anti-social behaviour,,
8853e11a02b08a65e91ba581c505e59f862b96ca5993b06041def7926a7926fa,2015-04,West Mercia Police,West Mercia Police,-2.251112,52.388024,On or near Black Horse Lane,E01032454,Wyre Forest 006D,Bicycle theft,Investigation complete; no suspect identified,
63c548bd109cb3b3569baac6cbfc613e5ebf223015fbcac3712203594fd35de0,2015-04,West Mercia Police,West Mercia Police,-2.251112,52.388024,On or near Black Horse Lane,E01032454,Wyre Forest 006D,Bicycle theft,Investigation complete; no suspect identified,
f370ac36c70e76939d2432b11c6c84feeb6641a28ab7206c3a4096e84ae1e551,2015-04,West Mercia Police,West Mercia Police,-2.259773,52.386629,On or near Bewdley Road,E01032454,Wyre Forest 006D,Criminal damage and arson,Court result unavailable,
b38b9d1efef3759ffeb1a34b94f7b1c5ed22c292146c5ce9b2536147d8bc0ec1,2015-04,West Mercia Police,West Mercia Police,-2.258002,52.387847,On or near Paternoster Row,E01032454,Wyre Forest 006D,Criminal damage and arson,Investigation complete; no suspect identified,
0a8102d7dd804e3e9e294e5e668fcdfe0a58c77b3fb49733fde1deaac5b871a3,2015-04,West Mercia Police,West Mercia Police,-2.257249,52.389719,On or near Mill Street,E01032454,Wyre Forest 006D,Other theft,Investigation complete; no suspect identified,
c4b778e8b950a58757e0e27e02be77a3e48e10bf994757e2c9a10cf141d1f696,2015-04,West Mercia Police,West Mercia Police,-2.253522,52.388144,On or near Shopping Area,E01032454,Wyre Forest 006D,Shoplifting,Investigation complete; no suspect identified,
6330e70e2124e5aeadff9980094489227656a3040afef3898332ae41f3a89e9e,2015-04,West Mercia Police,West Mercia Police,-2.253522,52.388144,On or near Shopping Area,E01032454,Wyre Forest 006D,Shoplifting,Investigation complete; no suspect identified,
ff2902cdb9ba72d8ad9e9460e7aa188ab12f5bc3fef2a922063c079063670157,2015-04,West Mercia Police,West Mercia Police,-2.255527,52.389219,On or near Mill Street,E01032454,Wyre Forest 006D,Shoplifting,Investigation complete; no suspect identified,
c1bac741d5383519f0d4d8f3df95c40fcc53a34c9e4a448e6dfbcaf0350cb1a7,2015-04,West Mercia Police,West Mercia Police,-2.251112,52.388024,On or near Black Horse Lane,E01032454,Wyre Forest 006D,Shoplifting,Court case unable to proceed,
084b93a1d2aeba6740f56e15c706daefd778c51e16ae4019c80c245ec770c6a5,2015-04,West Mercia Police,West Mercia Police,-2.251112,52.388024,On or near Black Horse Lane,E01032454,Wyre Forest 006D,Shoplifting,Investigation complete; no suspect identified,
9ed6c8d409ef68d942254a973762cfd241defc2c0a6b1d786d53bc142d755c24,2015-04,West Mercia Police,West Mercia Police,-2.251112,52.388024,On or near Black Horse Lane,E01032454,Wyre Forest 006D,Theft from the person,Investigation complete; no suspect identified,
377a18537da42a9581daed509da15e93110e6e1f8c188ed5ec40edb11ad93ba4,2015-04,West Mercia Police,West Mercia Police,-2.256655,52.388659,On or near Millfield Gardens,E01032454,Wyre Forest 006D,Violence and sexual offences,Unable to prosecute suspect,
89cefa7ad702aa46d14643ab8e34969485aa5c9ee52b2b027c0dddd4809c3f13,2015-04,West Mercia Police,West Mercia Police,-2.259773,52.386629,On or near Bewdley Road,E01032454,Wyre Forest 006D,Violence and sexual offences,Unable to prosecute suspect,
b11ff6da2aa9afcfece6f9e0cd5c13a3125eb46a5ae84c5bab93fb60047f1053,2015-04,West Mercia Police,West Mercia Police,-2.257249,52.389719,On or near Mill Street,E01032454,Wyre Forest 006D,Violence and sexual offences,Investigation complete; no suspect identified,
b5e04d8b1cc5c5251eb8a1b5495c56abed1a6d7728dde5a4e9ab3f815680d543,2015-04,West Mercia Police,West Mercia Police,-2.255527,52.389219,On or near Mill Street,E01032454,Wyre Forest 006D,Violence and sexual offences,Defendant found not guilty,
6378e3073b3830bd40ad1de054ca5d82b25a1a132bc7c2718dc10e1d38058534,2015-04,West Mercia Police,West Mercia Police,-2.255527,52.389219,On or near Mill Street,E01032454,Wyre Forest 006D,Violence and sexual offences,Under investigation,
,2015-04,West Mercia Police,West Mercia Police,-2.235336,52.386231,On or near Lorne Street,E01032449,Wyre Forest 007A,Anti-social behaviour,,
,2015-04,West Mercia Police,West Mercia Police,-2.238460,52.387915,On or near Offmore Road,E01032449,Wyre Forest 007A,Anti-social behaviour,,
,2015-04,West Mercia Police,West Mercia Police,-2.237273,52.388511,On or near Albert Road,E01032449,Wyre Forest 007A,Anti-social behaviour,,
,2015-04,West Mercia Police,West Mercia Police,-2.236084,52.388747,On or near Grosvenor Avenue,E01032449,Wyre Forest 007A,Anti-social behaviour,,
,2015-04,West Mercia Police,West Mercia Police,-2.238460,52.387915,On or near Offmore Road,E01032449,Wyre Forest 007A,Anti-social behaviour,,
28aff5b016c8ceeca39851a7706ad10cf541cc49a285474736b09343c06467e6,2015-04,West Mercia Police,West Mercia Police,-2.235336,52.386231,On or near Lorne Street,E01032449,Wyre Forest 007A,Criminal damage and arson,Unable to prosecute suspect,
b0df6f474cc1caecbad3524cba0c773525a93f349ba5c97a0c2539250fb9891e,2015-04,West Mercia Police,West Mercia Police,-2.240541,52.386859,On or near St George'S Terrace,E01032449,Wyre Forest 007A,Criminal damage and arson,Investigation complete; no suspect identified,
54c99f3936d856f9b75573204e5e77b92850d3a813e91d00efc5c6e7fe8ef631,2015-04,West Mercia Police,West Mercia Police,-2.235943,52.387039,On or near Lorne Grove,E01032449,Wyre Forest 007A,Criminal damage and arson,Unable to prosecute suspect,
309910436934ac4379821a2dd42131d9c9c61689150750219fe3d886f6d1262f,2015-04,West Mercia Police,West Mercia Police,-2.236084,52.388747,On or near Grosvenor Avenue,E01032449,Wyre Forest 007A,Criminal damage and arson,Investigation complete; no suspect identified,
35b57b1bbbba43f4423a4c2398380419ae2e50d9f1a842ca4183242369b00a1a,2015-04,West Mercia Police,West Mercia Police,-2.237273,52.388511,On or near Albert Road,E01032449,Wyre Forest 007A,Violence and sexual offences,Unable to prosecute suspect,
5d55d998b8becf453e537c7e5b948433a062b49338ad384481b107f22070de30,2015-04,West Mercia Police,West Mercia Police,-2.236084,52.388747,On or near Grosvenor Avenue,E01032449,Wyre Forest 007A,Violence and sexual offences,Unable to prosecute suspect,
,2015-04,West Mercia Police,West Mercia Police,-2.225207,52.382304,On or near Borrington Road,E01032464,Wyre Forest 007B,Anti-social behaviour,,
,2015-04,West Mercia Police,West Mercia Police,-2.220272,52.385460,On or near Nashe Close,E01032464,Wyre Forest 007B,Anti-social behaviour,,
,2015-04,West Mercia Police,West Mercia Police,-2.222922,52.386624,On or near Tennyson Way,E01032464,Wyre Forest 007B,Anti-social behaviour,,
3517fac4fa6fafa64da1ad615020fde7387dbe2be69237e4e9bf111f9f2e92eb,2015-04,West Mercia Police,West Mercia Police,-2.220272,52.385460,On or near Nashe Close,E01032464,Wyre Forest 007B,Burglary,Investigation complete; no suspect identified,
b88671dbadae60a8d210de6c5b3bb8aeedfd26ce148aeecaa081b192387c16a1,2015-04,West Mercia Police,West Mercia Police,-2.224296,52.382261,On or near Dunclent Crescent,E01032464,Wyre Forest 007B,Burglary,Investigation complete; no suspect identified,
5e7f6f25fa377c59d5648b23a6a0be69e8e1a461abb27dfdf9132dd2dea91e38,2015-04,West Mercia Police,West Mercia Police,-2.224296,52.382261,On or near Dunclent Crescent,E01032464,Wyre Forest 007B,Burglary,Investigation complete; no suspect identified,
2708a890b79c1e3afaa1e95004bc498cc4fcad0ad44ed256ecae1386f765f5ad,2015-04,West Mercia Police,West Mercia Police,-2.218566,52.385095,On or near Elmdale Drive,E01032464,Wyre Forest 007B,Criminal damage and arson,Investigation complete; no suspect identified,
36056052fc632d1bc02157d658d60a18e30695a9119ce149fb8c9a162f875910,2015-04,West Mercia Police,West Mercia Police,-2.224296,52.382261,On or near Dunclent Crescent,E01032464,Wyre Forest 007B,Criminal damage and arson,Investigation complete; no suspect identified,
732cfe262026dea97c4ddf0d5a586edbe3ea73ad1240ada79263ef3c9afb9b08,2015-04,West Mercia Police,West Mercia Police,-2.222180,52.385160,On or near Brett Young Close,E01032464,Wyre Forest 007B,Other theft,Unable to prosecute suspect,
f3324950a9500e33630e4c130567dddead3fa137d0cb55d7e3e603a566632205,2015-04,West Mercia Police,West Mercia Police,-2.218566,52.385095,On or near Elmdale Drive,E01032464,Wyre Forest 007B,Vehicle crime,Under investigation,
59436f01d71d8dbc4ac07004e75a041a712fcf3542e73a4a204afc40727e2486,2015-04,West Mercia Police,West Mercia Police,-2.225207,52.382304,On or near Borrington Road,E01032464,Wyre Forest 007B,Violence and sexual offences,Local resolution,
2910a18cabd2a8c4aeac01d54787ff0ab90cd07d33cb69a59bfe449cd2a60d3a,2015-04,West Mercia Police,West Mercia Police,-2.224296,52.382261,On or near Dunclent Crescent,E01032464,Wyre Forest 007B,Violence and sexual offences,Unable to prosecute suspect,
de77ef2643d2596496d6855253ba9ce6a7725790c4b0345b128d460b7f3fcdf4,2015-04,West Mercia Police,West Mercia Police,-2.220272,52.385460,On or near Nashe Close,E01032464,Wyre Forest 007B,Violence and sexual offences,Unable to prosecute suspect,
fb201675b349a52e1dc0d810dd4ac531bc6ce287d14a05a88e0c6be3bc7bf8d2,2015-04,West Mercia Police,West Mercia Police,-2.224296,52.382261,On or near Dunclent Crescent,E01032464,Wyre Forest 007B,Violence and sexual offences,Unable to prosecute suspect,
f747bf1b19498b458fbe91a6bc8adc405e54cc08794f8ed7a53601f1411cbf28,2015-04,West Mercia Police,West Mercia Police,-2.222922,52.386624,On or near Tennyson Way,E01032464,Wyre Forest 007B,Violence and sexual offences,Unable to prosecute suspect,
8a7dd7b267eeb156efd958ca8d30147041454fbacc8c652b1948306c944c141b,2015-04,West Mercia Police,West Mercia Police,-2.224296,52.382261,On or near Dunclent Crescent,E01032464,Wyre Forest 007B,Violence and sexual offences,Unable to prosecute suspect,
ca7328a3497389d8f1d9c2259ed9df703da24c436f396ef4271ecb7980330fd1,2015-04,West Mercia Police,West Mercia Police,-2.220272,52.385460,On or near Nashe Close,E01032464,Wyre Forest 007B,Violence and sexual offences,Investigation complete; no suspect identified,
1aa53f2abd6557395d857010b4c639ed9f91c0a75f50a29addf636f6fd3b263b,2015-04,West Mercia Police,West Mercia Police,-2.222922,52.386624,On or near Tennyson Way,E01032464,Wyre Forest 007B,Other crime,Unable to prosecute suspect,
317fbad2da21cfbb35b260e706e4f0710e9f2cd6be083ccb75dfcbee2dc65efb,2015-04,West Mercia Police,West Mercia Police,-2.222922,52.386624,On or near Tennyson Way,E01032464,Wyre Forest 007B,Other crime,Unable to prosecute suspect,
,2015-04,West Mercia Police,West Mercia Police,-2.225915,52.385755,On or near Claines Crescent,E01032465,Wyre Forest 007C,Anti-social behaviour,,
,2015-04,West Mercia Police,West Mercia Police,-2.229948,52.387060,On or near Broom Crescent,E01032465,Wyre Forest 007C,Anti-social behaviour,,
,2015-04,West Mercia Police,West Mercia Police,-2.225915,52.385755,On or near Claines Crescent,E01032465,Wyre Forest 007C,Anti-social behaviour,,
,2015-04,West Mercia Police,West Mercia Police,-2.225682,52.386151,On or near Biset Avenue,E01032465,Wyre Forest 007C,Anti-social behaviour,,
,2015-04,West Mercia Police,West Mercia Police,-2.225682,52.386151,On or near Biset Avenue,E01032465,Wyre Forest 007C,Anti-social behaviour,,
,2015-04,West Mercia Police,West Mercia Police,-2.229948,52.387060,On or near Broom Crescent,E01032465,Wyre Forest 007C,Anti-social behaviour,,
,2015-04,West Mercia Police,West Mercia Police,-2.226129,52.384496,On or near Coronation Way,E01032465,Wyre Forest 007C,Anti-social behaviour,,
,2015-04,West Mercia Police,West Mercia Police,-2.223225,52.385509,On or near Byron Close,E01032465,Wyre Forest 007C,Anti-social behaviour,,
,2015-04,West Mercia Police,West Mercia Police,-2.225915,52.385755,On or near Claines Crescent,E01032465,Wyre Forest 007C,Anti-social behaviour,,
,2015-04,West Mercia Police,West Mercia Police,-2.226129,52.384496,On or near Coronation Way,E01032465,Wyre Forest 007C,Anti-social behaviour,,
,2015-04,West Mercia Police,West Mercia Police,-2.229948,52.387060,On or near Broom Crescent,E01032465,Wyre Forest 007C,Anti-social behaviour,,
,2015-04,West Mercia Police,West Mercia Police,-2.225682,52.386151,On or near Biset Avenue,E01032465,Wyre Forest 007C,Anti-social behaviour,,
c00d8a0d164bba1c4347f3a507888de25a3b7f90d0020010289dfff79fac0d84,2015-04,West Mercia Police,West Mercia Police,-2.225682,52.386151,On or near Biset Avenue,E01032465,Wyre Forest 007C,Burglary,Investigation complete; no suspect identified,
1811cc68e81931117df0e0361ed59ea0397bf4d5e68cc909b733f9f1fe7c6470,2015-04,West Mercia Police,West Mercia Police,-2.225915,52.385755,On or near Claines Crescent,E01032465,Wyre Forest 007C,Public order,Unable to prosecute suspect,
b1dcce4f5b23b2f14cd51a6b7723edb4ea6b730fd91b43760482ebfbe8687bbe,2015-04,West Mercia Police,West Mercia Police,-2.226129,52.384496,On or near Coronation Way,E01032465,Wyre Forest 007C,Violence and sexual offences,Unable to prosecute suspect,
a13d01c5f988c9bfc10dd046889eda754b00348e598368f2103d8325bca29788,2015-04,West Mercia Police,West Mercia Police,-2.229948,52.387060,On or near Broom Crescent,E01032465,Wyre Forest 007C,Violence and sexual offences,Investigation complete; no suspect identified,
ecb8c17c57ba45629b930a7ba4697ae39f61d4d37a0a6648c1d9b2f9ecc670fc,2015-04,West Mercia Police,West Mercia Police,-2.226129,52.384496,On or near Coronation Way,E01032465,Wyre Forest 007C,Violence and sexual offences,Unable to prosecute suspect,
,2015-04,West Mercia Police,West Mercia Police,-2.231027,52.385458,On or near Holmcroft Road,E01032466,Wyre Forest 007D,Anti-social behaviour,,
b0fd20d9caa361a49dcb36021f94b456d1e867f2eab5ae416dc35ac1d3e87ee0,2015-04,West Mercia Police,West Mercia Police,-2.238956,52.381873,On or near Stewart Court,E01032466,Wyre Forest 007D,Burglary,Investigation complete; no suspect identified,
380c4f1fc8bcd159ceff20df26ba453d32190d244ce5c1260f538d39f37ad690,2015-04,West Mercia Police,West Mercia Police,-2.238956,52.381873,On or near Stewart Court,E01032466,Wyre Forest 007D,Burglary,Investigation complete; no suspect identified,
ceb422b698c98f6b7596a4d0973a4db6ede4e51ce0ced1eecb8a645a43d20b98,2015-04,West Mercia Police,West Mercia Police,-2.229272,52.384301,On or near Somerleyton Avenue,E01032466,Wyre Forest 007D,Criminal damage and arson,Investigation complete; no suspect identified,
c95e4b9c90c81d193fc52869ccd8c42d50be0709b23166a17f1365bf124c8381,2015-04,West Mercia Police,West Mercia Police,-2.235957,52.384207,On or near The Firs Close,E01032466,Wyre Forest 007D,Possession of weapons,Court result unavailable,
00397b6370566cc2e95e75cebc3c245df117df1f616cbb122b676df51bbe6151,2015-04,West Mercia Police,West Mercia Police,-2.238956,52.381873,On or near Stewart Court,E01032466,Wyre Forest 007D,Vehicle crime,Investigation complete; no suspect identified,
f0f905bfedfe52a00ddb464dc4351596b85caee4ad7870ad36cf677a1ca7b757,2015-04,West Mercia Police,West Mercia Police,-2.238956,52.381873,On or near Stewart Court,E01032466,Wyre Forest 007D,Vehicle crime,Investigation complete; no suspect identified,
f9982b86f6e551b0ace8f1b1a44c2140429042ae9ad17ec2c7f9ad8728eb0659,2015-04,West Mercia Police,West Mercia Police,-2.238956,52.381873,On or near Stewart Court,E01032466,Wyre Forest 007D,Vehicle crime,Investigation complete; no suspect identified,
a78fede1534bf250307468b394f6542dd84a102e95b54dac3d8861330107484c,2015-04,West Mercia Police,West Mercia Police,-2.232566,52.384771,On or near Chaddesley Road,E01032466,Wyre Forest 007D,Violence and sexual offences,Unable to prosecute suspect,
f03feb1db3ce17b640bd39f232cadebefb32c043dc7269a8864e5a4d21ffc791,2015-04,West Mercia Police,West Mercia Police,-2.235957,52.384207,On or near The Firs Close,E01032466,Wyre Forest 007D,Violence and sexual offences,Unable to prosecute suspect,
,2015-04,West Mercia Police,West Mercia Police,-2.226623,52.383362,On or near Comberton Avenue,E01032467,Wyre Forest 007E,Anti-social behaviour,,
,2015-04,West Mercia Police,West Mercia Police,-2.226353,52.376602,On or near Merlin Drive,E01032467,Wyre Forest 007E,Anti-social behaviour,,
0bd1a06fb651a387157d9a135cee1168308fe0d8dd831095eb23516cc4e61405,2015-04,West Mercia Police,West Mercia Police,-2.241358,52.375188,On or near Bernie Crossland Walk,E01032467,Wyre Forest 007E,Burglary,Awaiting court outcome,
6f8d649c8f68be0e4d3dc57192749cbc858edd69211bc31356025ed3f4b74177,2015-04,West Mercia Police,West Mercia Police,-2.241358,52.375188,On or near Bernie Crossland Walk,E01032467,Wyre Forest 007E,Burglary,Investigation complete; no suspect identified,
f697822e23efc542e859a54af6e6c9e5565ef95aaf6c1a02b7aff658b2e5d239,2015-04,West Mercia Police,West Mercia Police,-2.238963,52.380398,On or near Chester Road South,E01032467,Wyre Forest 007E,Public order,Investigation complete; no suspect identified,
41858598d4e575899c7a3b3ff39dc6b9ee7cca49171d05b8e0f4c2957faf30a3,2015-04,West Mercia Police,West Mercia Police,-2.234516,52.378492,On or near Barnetts Lane,E01032467,Wyre Forest 007E,Vehicle crime,Investigation complete; no suspect identified,
b07420f9a24e9601c9b0d1336c90bfbfa89ce0fa06a2eac9416695fbc74b5413,2015-04,West Mercia Police,West Mercia Police,-2.237100,52.380879,On or near Russell Road,E01032467,Wyre Forest 007E,Vehicle crime,Investigation complete; no suspect identified,
452c9c36ecceef09754322ec302ccde13bfd3a19e31514c75e65289260350704,2015-04,West Mercia Police,West Mercia Police,-2.226153,52.377574,On or near Comberton Road,E01032467,Wyre Forest 007E,Violence and sexual offences,Under investigation,
26c5a9d7eee16c22fc0f207bb6bd6f4c7adbb31d51937c89197d6c4096350af7,2015-04,West Mercia Police,West Mercia Police,-2.238963,52.380398,On or near Chester Road South,E01032467,Wyre Forest 007E,Violence and sexual offences,Unable to prosecute suspect,
6cae45ae4b9397afffd91f22b88df91358ad0a74f0d8ef279fe6cfbb8cdb8942,2015-04,West Mercia Police,West Mercia Police,-2.234516,52.378492,On or near Barnetts Lane,E01032467,Wyre Forest 007E,Violence and sexual offences,Unable to prosecute suspect,
,2015-04,West Mercia Police,West Mercia Police,-2.220462,52.388310,On or near Dunbar Close,E01032468,Wyre Forest 007F,Anti-social behaviour,,
,2015-04,West Mercia Police,West Mercia Police,-2.220462,52.388310,On or near Dunbar Close,E01032468,Wyre Forest 007F,Anti-social behaviour,,
,2015-04,West Mercia Police,West Mercia Police,-2.224373,52.388824,On or near Wordsworth Crescent,E01032468,Wyre Forest 007F,Anti-social behaviour,,
,2015-04,West Mercia Police,West Mercia Police,-2.227023,52.389736,On or near Albany Close,E01032468,Wyre Forest 007F,Anti-social behaviour,,
,2015-04,West Mercia Police,West Mercia Police,-2.223203,52.389833,On or near Shaw Avenue,E01032468,Wyre Forest 007F,Anti-social behaviour,,
6c2e689018849e3ee02f06e3476930d9d79f96664d5d155a3c5ebffe802b09eb,2015-04,West Mercia Police,West Mercia Police,-2.229123,52.389480,On or near Marlowe Close,E01032468,Wyre Forest 007F,Other theft,Investigation complete; no suspect identified,
,2015-04,West Mercia Police,West Mercia Police,-2.258056,52.387029,On or near Perrett Walk,E01032474,Wyre Forest 008A,Anti-social behaviour,,
,2015-04,West Mercia Police,West Mercia Police,-2.256118,52.387294,On or near Chapel Street,E01032474,Wyre Forest 008A,Anti-social behaviour,,
,2015-04,West Mercia Police,West Mercia Police,-2.258056,52.387029,On or near Perrett Walk,E01032474,Wyre Forest 008A,Anti-social behaviour,,
,2015-04,West Mercia Police,West Mercia Police,-2.253965,52.385977,On or near Park Street,E01032474,Wyre Forest 008A,Anti-social behaviour,,
,2015-04,West Mercia Police,West Mercia Police,-2.257088,52.384846,On or near Woodfield Crescent,E01032474,Wyre Forest 008A,Anti-social behaviour,,
,2015-04,West Mercia Police,West Mercia Police,-2.256118,52.387294,On or near Chapel Street,E01032474,Wyre Forest 008A,Anti-social behaviour,,
,2015-04,West Mercia Police,West Mercia Police,-2.253965,52.385977,On or near Park Street,E01032474,Wyre Forest 008A,Anti-social behaviour,,
25c0579ca60d0b460041bd85a9830c82d0de2860096c88c9126f0a3fed9c4af0,2015-04,West Mercia Police,West Mercia Police,-2.253965,52.385977,On or near Park Street,E01032474,Wyre Forest 008A,Burglary,Investigation complete; no suspect identified,
78e4b2b3f1eba6a0df67984d20111defca9b268cc8c5865e85c56634eb139d84,2015-04,West Mercia Police,West Mercia Police,-2.253709,52.382300,On or near Caldwall Crescent,E01032474,Wyre Forest 008A,Criminal damage and arson,Offender ordered to pay compensation,
89fcb83609f247e648db12da4392b9a87baed9bb91797d199f3059119a3f49ee,2015-04,West Mercia Police,West Mercia Police,-2.253709,52.382300,On or near Caldwall Crescent,E01032474,Wyre Forest 008A,Criminal damage and arson,Offender otherwise dealt with,
ec188561b47789c103bbdcdb1f8c407e04a83d030a23476c6fc255d43fee14de,2015-04,West Mercia Police,West Mercia Police,-2.256118,52.387294,On or near Chapel Street,E01032474,Wyre Forest 008A,Criminal damage and arson,Investigation complete; no suspect identified,
54d71e5ef467971bb8428f1aaf6783f752345a0cf53532dcd9313a49ca7ee63b,2015-04,West Mercia Police,West Mercia Police,-2.256118,52.387294,On or near Chapel Street,E01032474,Wyre Forest 008A,Drugs,Offender given a caution,
6bf8bb14ee1ef7737d2b16d76d8299b0a27320cd4706b5c8789dc4506983e915,2015-04,West Mercia Police,West Mercia Police,-2.253014,52.384100,On or near Castle Road,E01032474,Wyre Forest 008A,Vehicle crime,Investigation complete; no suspect identified,
0674d9defb4b2347ec6f37fa3c38395dc2de677b63decde1ce1fef8c52b1f58a,2015-04,West Mercia Police,West Mercia Police,-2.252114,52.383482,On or near Park Lane,E01032474,Wyre Forest 008A,Violence and sexual offences,Unable to prosecute suspect,
ff22f0f85878e68e3b7bdc0f5774c3d988df858ec9f63f9d382c39fdb16b149d,2015-04,West Mercia Police,West Mercia Police,-2.252114,52.383482,On or near Park Lane,E01032474,Wyre Forest 008A,Violence and sexual offences,Unable to prosecute suspect,
,2015-04,West Mercia Police,West Mercia Police,-2.262600,52.380285,On or near Hemming Street,E01032475,Wyre Forest 008B,Anti-social behaviour,,
,2015-04,West Mercia Police,West Mercia Police,-2.261609,52.381582,On or near Sutton Road,E01032475,Wyre Forest 008B,Anti-social behaviour,,
2985a2be03f3647f8856bc66238e857256edb4693b300bedd3f2eb85ece9f4d9,2015-04,West Mercia Police,West Mercia Police,-2.262600,52.380285,On or near Hemming Street,E01032475,Wyre Forest 008B,Criminal damage and arson,Investigation complete; no suspect identified,
fd48bd4d7c469f2855d0cd78bb9d8b8b5d06f7664a0d06cbfff864e5f0624cbd,2015-04,West Mercia Police,West Mercia Police,-2.261609,52.381582,On or near Sutton Road,E01032475,Wyre Forest 008B,Criminal damage and arson,Investigation complete; no suspect identified,
31e637ceafdcf61e0168e1b6df36d686588d8d160e7ca04d62888e5a864b4878,2015-04,West Mercia Police,West Mercia Police,-2.259830,52.381451,On or near Talbot Street,E01032475,Wyre Forest 008B,Public order,Investigation complete; no suspect identified,
c43075729efab3289d2ba7294b1b165291584f118b0af37388500bd7dfbdda73,2015-04,West Mercia Police,West Mercia Police,-2.259880,52.382440,On or near Holman Street,E01032475,Wyre Forest 008B,Violence and sexual offences,Unable to prosecute suspect,
7939fe5cf687626ad80b5f3c59588e8e70aa2f94532b1db16ae0df4951f63d46,2015-04,West Mercia Police,West Mercia Police,-2.258318,52.384097,On or near Lower Parklands,E01032475,Wyre Forest 008B,Violence and sexual offences,Unable to prosecute suspect,
,2015-04,West Mercia Police,West Mercia Police,-2.263056,52.382837,On or near Claughton Court,E01032476,Wyre Forest 008C,Anti-social behaviour,,
,2015-04,West Mercia Police,West Mercia Police,-2.260211,52.383761,On or near Hume Street,E01032476,Wyre Forest 008C,Anti-social behaviour,,
,2015-04,West Mercia Police,West Mercia Police,-2.261336,52.385161,On or near Hospital,E01032476,Wyre Forest 008C,Anti-social behaviour,,
,2015-04,West Mercia Police,West Mercia Police,-2.261336,52.385161,On or near Hospital,E01032476,Wyre Forest 008C,Anti-social behaviour,,
,2015-04,West Mercia Police,West Mercia Police,-2.260211,52.383761,On or near Hume Street,E01032476,Wyre Forest 008C,Anti-social behaviour,,
,2015-04,West Mercia Police,West Mercia Police,-2.263056,52.382837,On or near Claughton Court,E01032476,Wyre Forest 008C,Anti-social behaviour,,
72fc253029efa2a57e200fe8f0621117f18befaa8ba8d3937d673d006227b91b,2015-04,West Mercia Police,West Mercia Police,-2.267747,52.381164,On or near Greatfield Road,E01032476,Wyre Forest 008C,Violence and sexual offences,Unable to prosecute suspect,
ac538d11a7da5bc56eb28021eb668818990bdef8d4ff14079ce73bfd6d832c2f,2015-04,West Mercia Police,West Mercia Police,-2.260211,52.383761,On or near Hume Street,E01032476,Wyre Forest 008C,Violence and sexual offences,Offender fined,
,2015-04,West Mercia Police,West Mercia Police,-2.272543,52.375003,On or near Sutton Park Rise,E01032477,Wyre Forest 008D,Anti-social behaviour,,
,2015-04,West Mercia Police,West Mercia Police,-2.272543,52.375003,On or near Sutton Park Rise,E01032477,Wyre Forest 008D,Anti-social behaviour,,
,2015-04,West Mercia Police,West Mercia Police,-2.271058,52.377299,On or near Sutton Park Road,E01032477,Wyre Forest 008D,Anti-social behaviour,,
8810244759e6fe78d7d1a3d53984ec6710d963c5ed006cbb284b66e185c09d9f,2015-04,West Mercia Police,West Mercia Police,-2.268963,52.375749,On or near Rifle Range Road,E01032477,Wyre Forest 008D,Criminal damage and arson,Investigation complete; no suspect identified,
82937c03b7230d251557a454f27b8b5cfdc4d4ae16a1a3fbb1a013734e6833db,2015-04,West Mercia Police,West Mercia Police,-2.271681,52.378170,On or near Perrin Avenue,E01032477,Wyre Forest 008D,Criminal damage and arson,Investigation complete; no suspect identified,
,2015-04,West Mercia Police,West Mercia Police,-2.267167,52.377488,On or near Lister Road,E01032478,Wyre Forest 008E,Anti-social behaviour,,
,2015-04,West Mercia Police,West Mercia Police,-2.262941,52.378298,On or near Woodward Road,E01032478,Wyre Forest 008E,Anti-social behaviour,,
,2015-04,West Mercia Police,West Mercia Police,-2.266279,52.376402,On or near Parry Road,E01032478,Wyre Forest 008E,Anti-social behaviour,,
d065a74dd4f9a6ff603b4487c81d4f7726eb21a838e3d70b8ea3123b69da9b64,2015-04,West Mercia Police,West Mercia Police,-2.266279,52.376402,On or near Parry Road,E01032478,Wyre Forest 008E,Criminal damage and arson,Unable to prosecute suspect,
c4851926a3bffb17fb5932f1d8f0c8a617102f8955b058ec1b767085580c0f01,2015-04,West Mercia Police,West Mercia Police,-2.266279,52.376402,On or near Parry Road,E01032478,Wyre Forest 008E,Criminal damage and arson,Investigation complete; no suspect identified,
90878b4eaa9f076d6f9482c9a7f22c83a790aa4a329f0a79863da147511e54f2,2015-04,West Mercia Police,West Mercia Police,-2.266495,52.378092,On or near Tomkinson Drive,E01032478,Wyre Forest 008E,Other theft,Investigation complete; no suspect identified,
0f7a41096ba77a0aa35e884d685e4ccad09e55896efdb19fe025cfc0f9c6b8bb,2015-04,West Mercia Police,West Mercia Police,-2.267167,52.377488,On or near Lister Road,E01032478,Wyre Forest 008E,Violence and sexual offences,Under investigation,
042af62309820c0ddd073857e8cd9095fedaf2cf4f3d56523d45fc845788f0d2,2015-04,West Mercia Police,West Mercia Police,-2.264148,52.378717,On or near The Serpentine,E01032478,Wyre Forest 008E,Violence and sexual offences,Unable to prosecute suspect,
fad996489d9dc3def6a6ab27cb38fd8cf963406333fb8d3d8231dd8ac6c57b98,2015-04,West Mercia Police,West Mercia Police,-2.266279,52.376402,On or near Parry Road,E01032478,Wyre Forest 008E,Violence and sexual offences,Unable to prosecute suspect,
,2015-04,West Mercia Police,West Mercia Police,-2.273314,52.366776,On or near Meredith Green,E01032469,Wyre Forest 009A,Anti-social behaviour,,
,2015-04,West Mercia Police,West Mercia Police,-2.272313,52.366337,On or near Tolley Road,E01032469,Wyre Forest 009A,Anti-social behaviour,,
,2015-04,West Mercia Police,West Mercia Police,-2.277148,52.366857,On or near Gould Avenue West,E01032469,Wyre Forest 009A,Anti-social behaviour,,
,2015-04,West Mercia Police,West Mercia Police,-2.275684,52.367525,On or near Addenbrooke Crescent,E01032469,Wyre Forest 009A,Anti-social behaviour,,
,2015-04,West Mercia Police,West Mercia Police,-2.269176,52.367369,On or near Malvern View,E01032469,Wyre Forest 009A,Anti-social behaviour,,
,2015-04,West Mercia Police,West Mercia Police,-2.275391,52.367742,On or near Ferguson Drive,E01032469,Wyre Forest 009A,Anti-social behaviour,,
f05bb7a958bd56003f2a169ac3b519fbb862fa2137ddd8cbfff24c93382618e8,2015-04,West Mercia Police,West Mercia Police,-2.275979,52.363092,On or near Walter Nash Road West,E01032469,Wyre Forest 009A,Criminal damage and arson,Court result unavailable,
27f481935559363cc9cbdd869d14e080af3b5f01dd685d12603ea1c5357d0d09,2015-04,West Mercia Police,West Mercia Police,-2.269176,52.367369,On or near Malvern View,E01032469,Wyre Forest 009A,Criminal damage and arson,Investigation complete; no suspect identified,
53a0c2483a9aecf9c084e79c3ca5bc6c01b6449b7f53d9959a6ec857f6f127b1,2015-04,West Mercia Police,West Mercia Police,-2.274935,52.362852,On or near Way Croft,E01032469,Wyre Forest 009A,Criminal damage and arson,Investigation complete; no suspect identified,
8aaf435f1e12082e820545c00fd74c0354ea688404f49c6de9b4ab766148d1f3,2015-04,West Mercia Police,West Mercia Police,-2.273463,52.364672,On or near Whittall Drive West,E01032469,Wyre Forest 009A,Other theft,Investigation complete; no suspect identified,
23b6e1d13cf0280d908f7398695b677721872d99c5c4b26312726e0de6f72bf0,2015-04,West Mercia Police,West Mercia Police,-2.275684,52.367525,On or near Addenbrooke Crescent,E01032469,Wyre Forest 009A,Robbery,Investigation complete; no suspect identified,
3c287fcfe81fd8b1ebac862a1cdb98161997b34ea8c3786ea697a44bc2941021,2015-04,West Mercia Police,West Mercia Police,-2.274766,52.364066,On or near Blackford Close,E01032469,Wyre Forest 009A,Vehicle crime,Court result unavailable,
713cfadbe0c1acc0f291beed220712dd87d388f6f629a05eb2b54d5c14b2bf92,2015-04,West Mercia Police,West Mercia Police,-2.270377,52.366809,On or near Whittall Drive East,E01032469,Wyre Forest 009A,Vehicle crime,Unable to prosecute suspect,
1e6132056269c11852b441526a165c365a56e40fee0168155ef6fff3b9d4363c,2015-04,West Mercia Police,West Mercia Police,-2.274935,52.362852,On or near Way Croft,E01032469,Wyre Forest 009A,Violence and sexual offences,Defendant found not guilty,
4b0b22cf364180cf7ee85688b9ca39eca9af565508f0d44870780f15a2e9aeff,2015-04,West Mercia Police,West Mercia Police,-2.275979,52.363092,On or near Walter Nash Road West,E01032469,Wyre Forest 009A,Violence and sexual offences,Unable to prosecute suspect,
,2015-04,West Mercia Police,West Mercia Police,-2.263293,52.373271,On or near Summer Road,E01032470,Wyre Forest 009B,Anti-social behaviour,,
,2015-04,West Mercia Police,West Mercia Police,-2.264213,52.372442,On or near Goldthorn Road,E01032470,Wyre Forest 009B,Anti-social behaviour,,
,2015-04,West Mercia Police,West Mercia Police,-2.264213,52.372442,On or near Goldthorn Road,E01032470,Wyre Forest 009B,Anti-social behaviour,,
,2015-04,West Mercia Police,West Mercia Police,-2.261008,52.374427,On or near The Chestnuts,E01032470,Wyre Forest 009B,Anti-social behaviour,,
e9e3ee4b90b9bb8a6082abdbd2325cb0d13b0c0b68399be6f4c9e0bb55f6381b,2015-04,West Mercia Police,West Mercia Police,-2.257694,52.372924,On or near Lisle Avenue,E01032470,Wyre Forest 009B,Burglary,Investigation complete; no suspect identified,
8474fb9d3532f5823b23d17ee23f818d27ebbd33a61bb0272a2d767fa125c5f8,2015-04,West Mercia Police,West Mercia Police,-2.262777,52.370459,On or near Stourport Road,E01032470,Wyre Forest 009B,Burglary,Investigation complete; no suspect identified,
b774cacc0c3559181ac7619cef293082f5d5941099eca796e23485a80d88ac46,2015-04,West Mercia Police,West Mercia Police,-2.256178,52.374932,On or near Blount Terrace,E01032470,Wyre Forest 009B,Burglary,Investigation complete; no suspect identified,
a955331bf46a460839c63ebe06786323534c624e080d363b55f027d695d88f51,2015-04,West Mercia Police,West Mercia Police,-2.264100,52.375625,On or near Sutton Park Road,E01032470,Wyre Forest 009B,Criminal damage and arson,Investigation complete; no suspect identified,
58474e96eee17d8e7d2236c06567e5b4463f4d679075253c99c12dcc6f9030a0,2015-04,West Mercia Police,West Mercia Police,-2.263293,52.373271,On or near Summer Road,E01032470,Wyre Forest 009B,Criminal damage and arson,Investigation complete; no suspect identified,
2e0209a90a9342b1af8d10044bd3e2480edd369f186678010904ebe3c08048bb,2015-04,West Mercia Police,West Mercia Police,-2.264763,52.373556,On or near Godson Place,E01032470,Wyre Forest 009B,Criminal damage and arson,Investigation complete; no suspect identified,
49a272f5b3dcfe3d7c71496c92e6d3a15b6f22121e8e95510952863b6ccb9c85,2015-04,West Mercia Police,West Mercia Police,-2.257700,52.373868,On or near Beauchamp Avenue,E01032470,Wyre Forest 009B,Criminal damage and arson,Unable to prosecute suspect,
41aa8b270e2337d955bb97f221685c50275a65a206825c5f114ff25b7c3bcbc0,2015-04,West Mercia Police,West Mercia Police,-2.264100,52.375625,On or near Sutton Park Road,E01032470,Wyre Forest 009B,Criminal damage and arson,Investigation complete; no suspect identified,
81ae802d4a96bb821f7bcebe8102d7c5d4575109f614014ba25980935680e916,2015-04,West Mercia Police,West Mercia Police,-2.257694,52.372924,On or near Lisle Avenue,E01032470,Wyre Forest 009B,Other theft,Investigation complete; no suspect identified,
cbba066179a80ba7cafd76ed77f4251240b53207afea65c97d5ea269565df487,2015-04,West Mercia Police,West Mercia Police,-2.264348,52.370401,On or near Clee Avenue,E01032470,Wyre Forest 009B,Vehicle crime,Investigation complete; no suspect identified,
54e6d2d00b3450f1ff8fccdaf64c98f1367889cb61710f82cca76bb16406bb4a,2015-04,West Mercia Police,West Mercia Police,-2.264763,52.373556,On or near Godson Place,E01032470,Wyre Forest 009B,Violence and sexual offences,Investigation complete; no suspect identified,
7940b1c2d80546255840f760464cbe2b92939f8947f4ab01220d3f18cc6dca8b,2015-04,West Mercia Police,West Mercia Police,-2.264985,52.368943,On or near Cotswold Close,E01032470,Wyre Forest 009B,Violence and sexual offences,Investigation complete; no suspect identified,
3a26c5347691381cc85827cfeffe8103c0d686b477203d839705e1397bdaf6ca,2015-04,West Mercia Police,West Mercia Police,-2.264213,52.372442,On or near Goldthorn Road,E01032470,Wyre Forest 009B,Violence and sexual offences,Unable to prosecute suspect,
,2015-04,West Mercia Police,West Mercia Police,-2.270249,52.374739,On or near Vera Roberts Way,E01032471,Wyre Forest 009C,Anti-social behaviour,,
,2015-04,West Mercia Police,West Mercia Police,-2.273495,52.372259,On or near Arley Close,E01032471,Wyre Forest 009C,Anti-social behaviour,,
,2015-04,West Mercia Police,West Mercia Police,-2.273495,52.372259,On or near Arley Close,E01032471,Wyre Forest 009C,Anti-social behaviour,,
,2015-04,West Mercia Police,West Mercia Police,-2.267706,52.371895,On or near Jubilee Drive South,E01032471,Wyre Forest 009C,Anti-social behaviour,,
,2015-04,West Mercia Police,West Mercia Police,-2.267329,52.372750,On or near Victoria Place,E01032471,Wyre Forest 009C,Anti-social behaviour,,
,2015-04,West Mercia Police,West Mercia Police,-2.273495,52.372259,On or near Arley Close,E01032471,Wyre Forest 009C,Anti-social behaviour,,
,2015-04,West Mercia Police,West Mercia Police,-2.270505,52.373291,On or near Severn Grove,E01032471,Wyre Forest 009C,Anti-social behaviour,,
,2015-04,West Mercia Police,West Mercia Police,-2.272169,52.369134,On or near Lickey Grove,E01032471,Wyre Forest 009C,Anti-social behaviour,,
,2015-04,West Mercia Police,West Mercia Police,-2.267706,52.371895,On or near Jubilee Drive South,E01032471,Wyre Forest 009C,Anti-social behaviour,,
,2015-04,West Mercia Police,West Mercia Police,-2.269187,52.373995,On or near Avon Road,E01032471,Wyre Forest 009C,Anti-social behaviour,,
,2015-04,West Mercia Police,West Mercia Police,-2.271624,52.371338,On or near Highley Close,E01032471,Wyre Forest 009C,Anti-social behaviour,,
,2015-04,West Mercia Police,West Mercia Police,-2.270505,52.373291,On or near Severn Grove,E01032471,Wyre Forest 009C,Anti-social behaviour,,
,2015-04,West Mercia Police,West Mercia Police,-2.267706,52.371895,On or near Jubilee Drive South,E01032471,Wyre Forest 009C,Anti-social behaviour,,
e89b47bafe78dff6ec823f0b7bfcd853f74ade12e09aff3fc12c91d7d4d64504,2015-04,West Mercia Police,West Mercia Police,-2.273495,52.372259,On or near Arley Close,E01032471,Wyre Forest 009C,Burglary,Investigation complete; no suspect identified,
2906973dbe1e66ea6e28f904eb7563bacd80f65536c54eb13306667bbdc6058c,2015-04,West Mercia Police,West Mercia Police,-2.273495,52.372259,On or near Arley Close,E01032471,Wyre Forest 009C,Burglary,Investigation complete; no suspect identified,
9b61120380f4da5f9c5248e93bedaf5cfb935cd7994421af5001a6aa6ca58c6d,2015-04,West Mercia Police,West Mercia Police,-2.271624,52.371338,On or near Highley Close,E01032471,Wyre Forest 009C,Burglary,Investigation complete; no suspect identified,
affc3960b38b758a0a9d7b5e6544a7979f1ca81e609758f007d7572317e372d8,2015-04,West Mercia Police,West Mercia Police,-2.270249,52.374739,On or near Vera Roberts Way,E01032471,Wyre Forest 009C,Criminal damage and arson,Unable to prosecute suspect,
95052b02992759689ef6434c9d46672c504ae46b6c9532889d694ab9af5e6ee3,2015-04,West Mercia Police,West Mercia Police,-2.270602,52.372356,On or near Witley Close,E01032471,Wyre Forest 009C,Criminal damage and arson,Offender otherwise dealt with,
ef59d1c61de71175380fa374e30d011cc410ac912524e2a6b62fc39093e1fcea,2015-04,West Mercia Police,West Mercia Police,-2.268300,52.370626,On or near Woodbury Road,E01032471,Wyre Forest 009C,Criminal damage and arson,Court result unavailable,
7f3bef6fc3bca672a281a55e388f86232c95320071ae5850ff6201dfb02a8959,2015-04,West Mercia Police,West Mercia Police,-2.271624,52.371338,On or near Highley Close,E01032471,Wyre Forest 009C,Criminal damage and arson,Investigation complete; no suspect identified,
338daba0d093886d2f8e0bb77b45268e46ee15694aeba9d4040fb6184fbf27a7,2015-04,West Mercia Police,West Mercia Police,-2.267706,52.371895,On or near Jubilee Drive South,E01032471,Wyre Forest 009C,Criminal damage and arson,Investigation complete; no suspect identified,
255653ee1dfba649ed600f586581b7faf6ec0ccc5b6450febc6bbe030e3a2680,2015-04,West Mercia Police,West Mercia Police,-2.267329,52.372750,On or near Victoria Place,E01032471,Wyre Forest 009C,Criminal damage and arson,Unable to prosecute suspect,
a4531c1c3b48f0b35e720580332dd9b3b70feb62848320ae6b0d97dfa9c7291f,2015-04,West Mercia Police,West Mercia Police,-2.270505,52.373291,On or near Severn Grove,E01032471,Wyre Forest 009C,Criminal damage and arson,Investigation complete; no suspect identified,
29addf692a13834844d83953184c064269a595f3a849c77396e9e963df383cc0,2015-04,West Mercia Police,West Mercia Police,-2.270249,52.374739,On or near Vera Roberts Way,E01032471,Wyre Forest 009C,Other theft,Unable to prosecute suspect,
4d763cab659ad793005ffcbd156078228751dad847c556f46a04d1d48802c88e,2015-04,West Mercia Police,West Mercia Police,-2.268300,52.370626,On or near Woodbury Road,E01032471,Wyre Forest 009C,Other theft,Unable to prosecute suspect,
06e24061565b4a4b799b1c1b5094eef53e5ab1a5e931ee4d1e33175846ae7bc8,2015-04,West Mercia Police,West Mercia Police,-2.270505,52.373291,On or near Severn Grove,E01032471,Wyre Forest 009C,Public order,Unable to prosecute suspect,
aaab8a275ac6c368237c4cc5e7c0de3bd9a60c5b849f3e1b137265f12ccec4c9,2015-04,West Mercia Police,West Mercia Police,-2.271624,52.371338,On or near Highley Close,E01032471,Wyre Forest 009C,Robbery,Unable to prosecute suspect,
16016c52d456f2ef3fe0f2d8314149a16f822178e1b620c60a6214973ed92274,2015-04,West Mercia Police,West Mercia Police,-2.267329,52.372750,On or near Victoria Place,E01032471,Wyre Forest 009C,Vehicle crime,Investigation complete; no suspect identified,
2fc6fc17fc542052fda318095075b2b1173f3f9569211e3361018c62857e957f,2015-04,West Mercia Police,West Mercia Police,-2.272169,52.369134,On or near Lickey Grove,E01032471,Wyre Forest 009C,Violence and sexual offences,Unable to prosecute suspect,
e6ec14bf057253af67c336e075200f264f034adf80d9dba2551706ba93077c3e,2015-04,West Mercia Police,West Mercia Police,-2.273495,52.372259,On or near Arley Close,E01032471,Wyre Forest 009C,Violence and sexual offences,Unable to prosecute suspect,
1a2ba7e49761dfbeca7424bd1249c7ede636eed7cd71e450b3f050b140723efd,2015-04,West Mercia Police,West Mercia Police,-2.270249,52.374739,On or near Vera Roberts Way,E01032471,Wyre Forest 009C,Violence and sexual offences,Unable to prosecute suspect,
9de7058b179b93168359d81f29f88f7b93f7bc6e20d9fcbcc08e5939a1f1d976,2015-04,West Mercia Police,West Mercia Police,-2.268300,52.370626,On or near Woodbury Road,E01032471,Wyre Forest 009C,Violence and sexual offences,Unable to prosecute suspect,
9ca96f88f6ae85acce2ea23d5b0386fa68ff183e8380837c7b4c8666723221c0,2015-04,West Mercia Police,West Mercia Police,-2.270505,52.373291,On or near Severn Grove,E01032471,Wyre Forest 009C,Violence and sexual offences,Unable to prosecute suspect,
5ff3a4d4c2eb7cc90df977e7622472775d462da3fc5414e0db2b4048e0368138,2015-04,West Mercia Police,West Mercia Police,-2.268300,52.370626,On or near Woodbury Road,E01032471,Wyre Forest 009C,Violence and sexual offences,Unable to prosecute suspect,
,2015-04,West Mercia Police,West Mercia Police,-2.244513,52.371855,On or near St Cecilia Close,E01032418,Wyre Forest 010A,Anti-social behaviour,,
,2015-04,West Mercia Police,West Mercia Police,-2.244513,52.371855,On or near St Cecilia Close,E01032418,Wyre Forest 010A,Anti-social behaviour,,
,2015-04,West Mercia Police,West Mercia Police,-2.247580,52.374078,On or near Kestrel Close,E01032418,Wyre Forest 010A,Anti-social behaviour,,
98325dc6ea58048d9756ee085fcc1aa1d9ac425715bb45897f971c9016b750a2,2015-04,West Mercia Police,West Mercia Police,-2.244513,52.371855,On or near St Cecilia Close,E01032418,Wyre Forest 010A,Bicycle theft,Unable to prosecute suspect,
2c4273873173b70acb80ec7a175e51b041e05a71156117f47824963382fc59cb,2015-04,West Mercia Police,West Mercia Police,-2.247580,52.374078,On or near Kestrel Close,E01032418,Wyre Forest 010A,Burglary,Investigation complete; no suspect identified,
7bc76c967475c62b44c66e9abee30b79125c1355c9f549c9cbe3489bd9b78e74,2015-04,West Mercia Police,West Mercia Police,-2.249110,52.371846,On or near Road No 1,E01032418,Wyre Forest 010A,Burglary,Investigation complete; no suspect identified,
11cfe09349d8c6ee3b8dc5e705b0ed9e1eaafb08c126a748511dcd14d32f0845,2015-04,West Mercia Police,West Mercia Police,-2.249685,52.374874,On or near Worcester Road,E01032418,Wyre Forest 010A,Burglary,Investigation complete; no suspect identified,
29d9dfe8bb9a0f619fec34681bedca0a4c0b5b277ce101a6d4bacd8027fff06b,2015-04,West Mercia Police,West Mercia Police,-2.245288,52.373876,On or near Forester Way,E01032418,Wyre Forest 010A,Vehicle crime,Investigation complete; no suspect identified,
87ca1424aec552dff2d70bfaa72a7ffbc4c1045f3a6a6cb31d63e58e9415f8b8,2015-04,West Mercia Police,West Mercia Police,-2.245288,52.373876,On or near Forester Way,E01032418,Wyre Forest 010A,Vehicle crime,Investigation complete; no suspect identified,
91b82352662cefa69ec56b866c735b3803575d3f82f0435d9bf9565ce7e1fbdd,2015-04,West Mercia Police,West Mercia Police,-2.244513,52.371855,On or near St Cecilia Close,E01032418,Wyre Forest 010A,Violence and sexual offences,Defendant found not guilty,
,2015-04,West Mercia Police,West Mercia Police,-2.228174,52.373641,On or near Mandarin Avenue,E01032419,Wyre Forest 010B,Anti-social behaviour,,
38980d6d98cb126260e271eb33fe6d71af74f2af2e86752a695092cfac36bbcd,2015-04,West Mercia Police,West Mercia Police,-2.232027,52.371719,On or near Skylark Way,E01032419,Wyre Forest 010B,Shoplifting,Awaiting court outcome,
36f70640c261733eff67f24127fd2cce5b3bb2e602edc9ac66a08e29d9485d00,2015-04,West Mercia Police,West Mercia Police,-2.232027,52.371719,On or near Skylark Way,E01032419,Wyre Forest 010B,Shoplifting,Offender fined,
,2015-04,West Mercia Police,West Mercia Police,-2.248282,52.365572,On or near Hopton Drive,E01032420,Wyre Forest 010C,Anti-social behaviour,,
,2015-04,West Mercia Police,West Mercia Police,-2.241927,52.369020,On or near Humphries Drive,E01032420,Wyre Forest 010C,Anti-social behaviour,,
,2015-04,West Mercia Police,West Mercia Police,-2.241927,52.369020,On or near Humphries Drive,E01032420,Wyre Forest 010C,Anti-social behaviour,,
,2015-04,West Mercia Police,West Mercia Police,-2.244556,52.369095,On or near Kenilworth Drive,E01032420,Wyre Forest 010C,Anti-social behaviour,,
,2015-04,West Mercia Police,West Mercia Police,-2.235735,52.367369,On or near Serin Close,E01032420,Wyre Forest 010C,Anti-social behaviour,,
,2015-04,West Mercia Police,West Mercia Police,-2.244585,52.368960,On or near Chirk Close,E01032420,Wyre Forest 010C,Anti-social behaviour,,
,2015-04,West Mercia Police,West Mercia Police,-2.243290,52.365762,On or near Matthew Lane (Road 3),E01032420,Wyre Forest 010C,Anti-social behaviour,,
,2015-04,West Mercia Police,West Mercia Police,-2.246859,52.368479,On or near Eastnor Close,E01032420,Wyre Forest 010C,Anti-social behaviour,,
6816706991c49113b15a2cb557b57d33074a41992a5c1328526de1870fcebdde,2015-04,West Mercia Police,West Mercia Police,-2.248282,52.365572,On or near Hopton Drive,E01032420,Wyre Forest 010C,Burglary,Awaiting court outcome,
3c185740da5aade3f6f53cfddf5b313ef5abc669f6749196f6efc1208bbd87b5,2015-04,West Mercia Police,West Mercia Police,-2.244556,52.369095,On or near Kenilworth Drive,E01032420,Wyre Forest 010C,Burglary,Awaiting court outcome,
d45644b8e327f2e0d10eaf32005a48a08237e52589bbffa6987121fee75bfbc7,2015-04,West Mercia Police,West Mercia Police,-2.237115,52.367330,On or near Linnet Rise,E01032420,Wyre Forest 010C,Other theft,Unable to prosecute suspect,
edd3e3e62337f47a6429dd2a54829938f26cfdfb5f03507dcd1bab43d54f29e7,2015-04,West Mercia Police,West Mercia Police,-2.235735,52.367369,On or near Serin Close,E01032420,Wyre Forest 010C,Vehicle crime,Investigation complete; no suspect identified,
196e084e6be5aa73cb57b7d46ca15a08ce0bf3169f845c1bb4d61b9777db2455,2015-04,West Mercia Police,West Mercia Police,-2.238195,52.368821,On or near Chaffinch Drive,E01032420,Wyre Forest 010C,Vehicle crime,Investigation complete; no suspect identified,
c2360d7314033d4176614b663a58f4367e1e38ced58f67c7be365bc351a122f2,2015-04,West Mercia Police,West Mercia Police,-2.238195,52.368821,On or near Chaffinch Drive,E01032420,Wyre Forest 010C,Vehicle crime,Investigation complete; no suspect identified,
93b40514f92494f79d38c4d6e6687d641aba196010492fcbea949e9f426ac422,2015-04,West Mercia Police,West Mercia Police,-2.238195,52.368821,On or near Chaffinch Drive,E01032420,Wyre Forest 010C,Vehicle crime,Investigation complete; no suspect identified,
905d89e394991f927d53d94513d26fcb9db6d45f0c05ccf026032e1f7bd40633,2015-04,West Mercia Police,West Mercia Police,-2.245749,52.369614,On or near Stokesay Close,E01032420,Wyre Forest 010C,Violence and sexual offences,Offender given a caution,
05069acc41756ee71fa286787aac94f3018e48366c236fa6de8dc30f26d78eff,2015-04,West Mercia Police,West Mercia Police,-2.241927,52.369020,On or near Humphries Drive,E01032420,Wyre Forest 010C,Violence and sexual offences,Unable to prosecute suspect,
157bd269815782a0af605600076dc30adce164675b8d0e2b39c77ad325820523,2015-04,West Mercia Police,West Mercia Police,-2.241927,52.369020,On or near Humphries Drive,E01032420,Wyre Forest 010C,Violence and sexual offences,Offender given a caution,
853a28e78bf8e9b81f269d28e6aa868a1aba7a5859ea68769fae1fac8d970f87,2015-04,West Mercia Police,West Mercia Police,-2.246859,52.368479,On or near Eastnor Close,E01032420,Wyre Forest 010C,Violence and sexual offences,Unable to prosecute suspect,
9d7fe2d314241b72efd0c6f85739503cc415f953ec1a3e88cb57cf44d859b023,2015-04,West Mercia Police,West Mercia Police,-2.245610,52.365686,On or near Arthur Drive (Road 2),E01032420,Wyre Forest 010C,Violence and sexual offences,Unable to prosecute suspect,
446dbf64f4117230eb3b3b1c0a285de625660a7690978075fb1420e7038d6bf0,2015-04,West Mercia Police,West Mercia Police,-2.232439,52.366144,On or near Redwing Court,E01032421,Wyre Forest 010D,Vehicle crime,Investigation complete; no suspect identified,
17699337caa70afb1834cf99a19fe65db211302148a48feb6881740e3350b674,2015-04,West Mercia Police,West Mercia Police,-2.227259,52.366972,On or near Siskin Way,E01032421,Wyre Forest 010D,Vehicle crime,Investigation complete; no suspect identified,
492ece50d0eeaefb39f8279553f3673deac654971659d77b56dad4b20442bb48,2015-04,West Mercia Police,West Mercia Police,-2.231858,52.367404,On or near Yellowhammer Court,E01032421,Wyre Forest 010D,Vehicle crime,Investigation complete; no suspect identified,
9a8d625c81448d89a00c0f1561faf9fcedef6f742bd39f5d601fe82664f79394,2015-04,West Mercia Police,West Mercia Police,-2.227686,52.367277,On or near Plover Grove,E01032421,Wyre Forest 010D,Vehicle crime,Investigation complete; no suspect identified,
c3ee40e2560c37aba3b9ce33adcbddf39aab83444f9c44f774d1745485ffef56,2015-04,West Mercia Police,West Mercia Police,-2.236723,52.365335,On or near Garganey Court,E01032421,Wyre Forest 010D,Violence and sexual offences,Unable to prosecute suspect,
,2015-04,West Mercia Police,West Mercia Police,-2.240484,52.371099,On or near Shopping Area,E01032422,Wyre Forest 010E,Anti-social behaviour,,
,2015-04,West Mercia Police,West Mercia Police,-2.235392,52.369114,On or near Barn Owl Close,E01032422,Wyre Forest 010E,Anti-social behaviour,,
,2015-04,West Mercia Police,West Mercia Police,-2.232660,52.369119,On or near Hawfinch Rise,E01032422,Wyre Forest 010E,Anti-social behaviour,,
,2015-04,West Mercia Police,West Mercia Police,-2.238628,52.370015,On or near Dunlin Drive,E01032422,Wyre Forest 010E,Anti-social behaviour,,
,2015-04,West Mercia Police,West Mercia Police,-2.238628,52.370015,On or near Dunlin Drive,E01032422,Wyre Forest 010E,Anti-social behaviour,,
,2015-04,West Mercia Police,West Mercia Police,-2.238628,52.370015,On or near Dunlin Drive,E01032422,Wyre Forest 010E,Anti-social behaviour,,
,2015-04,West Mercia Police,West Mercia Police,-2.235392,52.369114,On or near Barn Owl Close,E01032422,Wyre Forest 010E,Anti-social behaviour,,
a9145b39ca09fe558958dd333afc1425a72ee781df1e97de9b1c29d0c95fd5f2,2015-04,West Mercia Police,West Mercia Police,-2.232660,52.369119,On or near Hawfinch Rise,E01032422,Wyre Forest 010E,Public order,Under investigation,
,2015-04,West Mercia Police,West Mercia Police,-2.329592,52.372619,On or near Cherry Close,E01032427,Wyre Forest 011A,Anti-social behaviour,,
,2015-04,West Mercia Police,West Mercia Police,-2.329592,52.372619,On or near Cherry Close,E01032427,Wyre Forest 011A,Anti-social behaviour,,
,2015-04,West Mercia Police,West Mercia Police,-2.328052,52.372902,On or near Ironside Close,E01032427,Wyre Forest 011A,Anti-social behaviour,,
,2015-04,West Mercia Police,West Mercia Police,-2.329309,52.372090,On or near Wyre Hill,E01032427,Wyre Forest 011A,Anti-social behaviour,,
,2015-04,West Mercia Police,West Mercia Police,-2.329309,52.372090,On or near Wyre Hill,E01032427,Wyre Forest 011A,Anti-social behaviour,,
277c2f7bc28812550f7de72e14cff6e5906e9c936414dea5c28ab41e9120a121,2015-04,West Mercia Police,West Mercia Police,-2.331679,52.374654,On or near Cleobury Road,E01032427,Wyre Forest 011A,Burglary,Investigation complete; no suspect identified,
cdbcf7792c996492c1210303458769e9657c78f9ad941acff41ff1512cdbd700,2015-04,West Mercia Police,West Mercia Police,-2.329860,52.375055,On or near Early River Place,E01032427,Wyre Forest 011A,Violence and sexual offences,Under investigation,
b02014d8906fb0e360fb00012f2d417c5c078db3f86ed4a4ac5ea4581986c18a,2015-04,West Mercia Police,West Mercia Police,-2.329860,52.375055,On or near Early River Place,E01032427,Wyre Forest 011A,Violence and sexual offences,Under investigation,
cf6c4dcf255fb6e1ce92f5dcc5076ffb94e8ab7ee3f71a413c2cc90629bb902d,2015-04,West Mercia Police,West Mercia Police,-2.329860,52.375055,On or near Early River Place,E01032427,Wyre Forest 011A,Violence and sexual offences,Under investigation,
8d9d6883366feff19f0a746cff15020be4a568fe4a2bf97966273698ff1218ef,2015-04,West Mercia Police,West Mercia Police,-2.329860,52.375055,On or near Early River Place,E01032427,Wyre Forest 011A,Violence and sexual offences,Under investigation,
e175778da7f4196ef62e921d642723980bfa58b8e521d5c893b2416ccab1ce19,2015-04,West Mercia Police,West Mercia Police,-2.329860,52.375055,On or near Early River Place,E01032427,Wyre Forest 011A,Other crime,Under investigation,
,2015-04,West Mercia Police,West Mercia Police,-2.306016,52.366012,On or near Park/Open Space,E01032428,Wyre Forest 011B,Anti-social behaviour,,
,2015-04,West Mercia Police,West Mercia Police,-2.312632,52.375425,On or near Severn Side South,E01032428,Wyre Forest 011B,Anti-social behaviour,,
,2015-04,West Mercia Police,West Mercia Police,-2.317174,52.375728,On or near Dog Lane,E01032428,Wyre Forest 011B,Anti-social behaviour,,
,2015-04,West Mercia Police,West Mercia Police,-2.314769,52.374323,On or near High Street,E01032428,Wyre Forest 011B,Anti-social behaviour,,
,2015-04,West Mercia Police,West Mercia Police,-2.316703,52.375612,On or near Supermarket,E01032428,Wyre Forest 011B,Anti-social behaviour,,
,2015-04,West Mercia Police,West Mercia Police,-2.312574,52.371254,On or near Red Hill,E01032428,Wyre Forest 011B,Anti-social behaviour,,
,2015-04,West Mercia Police,West Mercia Police,-2.315915,52.376343,On or near Parking Area,E01032428,Wyre Forest 011B,Anti-social behaviour,,
,2015-04,West Mercia Police,West Mercia Police,-2.315059,52.375824,On or near Load Street,E01032428,Wyre Forest 011B,Anti-social behaviour,,
,2015-04,West Mercia Police,West Mercia Police,-2.315915,52.376343,On or near Parking Area,E01032428,Wyre Forest 011B,Anti-social behaviour,,
,2015-04,West Mercia Police,West Mercia Police,-2.312632,52.375425,On or near Severn Side South,E01032428,Wyre Forest 011B,Anti-social behaviour,,
39ed1282a9cbc634e549f98bc010c41528a619b6b2f26db4ac6da96103afb712,2015-04,West Mercia Police,West Mercia Police,-2.360030,52.372971,On or near St John'S Lane,E01032428,Wyre Forest 011B,Burglary,Investigation complete; no suspect identified,
32eeea298f4e89d5c89d431b3a2c193e12d09f216cd5e756b89d33b96e940ec8,2015-04,West Mercia Police,West Mercia Police,-2.316330,52.366578,On or near A456,E01032428,Wyre Forest 011B,Criminal damage and arson,Investigation complete; no suspect identified,
1c4dda94c0b63ce52774877bf2e25a6df6b3e9f47dfa7de41435c650647b9dab,2015-04,West Mercia Police,West Mercia Police,-2.317174,52.375728,On or near Dog Lane,E01032428,Wyre Forest 011B,Criminal damage and arson,Investigation complete; no suspect identified,
3f93084ceb045275c76bfad2f3b601bb18b6ede479cc80a59fe62837083d77d2,2015-04,West Mercia Police,West Mercia Police,-2.316703,52.375612,On or near Supermarket,E01032428,Wyre Forest 011B,Drugs,Awaiting court outcome,
6ddd73c4bf74a0c09d980b7526ac2a9dc7db163cbf1c888802e02dbc07c63347,2015-04,West Mercia Police,West Mercia Police,-2.317174,52.375728,On or near Dog Lane,E01032428,Wyre Forest 011B,Drugs,Offender given a drugs possession warning,
59656c89a566db75aabc2ff6d6856281ee5ace38cc65659452f50ba318cc859a,2015-04,West Mercia Police,West Mercia Police,-2.306016,52.366012,On or near Park/Open Space,E01032428,Wyre Forest 011B,Other theft,Investigation complete; no suspect identified,
17fe162b6532715763e352e303635725bfc0e8a98f2b39d3eebf75b382a54c2b,2015-04,West Mercia Police,West Mercia Police,-2.316703,52.375612,On or near Supermarket,E01032428,Wyre Forest 011B,Other theft,Investigation complete; no suspect identified,
159e37838bde56a81e88d948dac7035acf85a86dfdedad37b597c558e56c782c,2015-04,West Mercia Police,West Mercia Police,-2.316703,52.375612,On or near Supermarket,E01032428,Wyre Forest 011B,Other theft,Investigation complete; no suspect identified,
f99c57655cf2e5bde834bee407724d21727f3baec2b854adf7195799bfd813e3,2015-04,West Mercia Police,West Mercia Police,-2.316703,52.375612,On or near Supermarket,E01032428,Wyre Forest 011B,Public order,Court result unavailable,
0c1b4783d592f2b999f03fefe2449378dbc3dcffa68c4a41bb1dddc6f21d5fa2,2015-04,West Mercia Police,West Mercia Police,-2.317174,52.375728,On or near Dog Lane,E01032428,Wyre Forest 011B,Public order,Unable to prosecute suspect,
b0c744b7d518fafce73e96c4268022b731723a176d6f76138dbb3fff03b9a6f3,2015-04,West Mercia Police,West Mercia Police,-2.311619,52.373396,On or near Gardners Meadow,E01032428,Wyre Forest 011B,Vehicle crime,Investigation complete; no suspect identified,
b67ee8bceb9d9d7f6c5c78dc7d4207cf7e7cf592510429c25b548f269b7769ff,2015-04,West Mercia Police,West Mercia Police,-2.344715,52.368045,On or near Park/Open Space,E01032428,Wyre Forest 011B,Vehicle crime,Investigation complete; no suspect identified,
51a96df5884058a50e8b8e667bec6ff4016c530c839388ea55c89140c2cfcde3,2015-04,West Mercia Police,West Mercia Police,-2.315081,52.376866,On or near Severn Side North,E01032428,Wyre Forest 011B,Violence and sexual offences,Unable to prosecute suspect,
d787a99441c21df337ec651cd1d2f929f771dce9660a11277c47d250eb67023f,2015-04,West Mercia Police,West Mercia Police,-2.315059,52.375824,On or near Load Street,E01032428,Wyre Forest 011B,Violence and sexual offences,Unable to prosecute suspect,
cfc9a0449ad1f1f27001d35c5b8678ca3338796efd5e9ea26c9403c6de52ab58,2015-04,West Mercia Police,West Mercia Police,-2.310905,52.374171,On or near Pritchard Court,E01032428,Wyre Forest 011B,Violence and sexual offences,Unable to prosecute suspect,
afedeb2a7f72f89ae9f0761de57b6999d7cb006badfc1eadbc9db91e79f4e53b,2015-04,West Mercia Police,West Mercia Police,-2.316703,52.375612,On or near Supermarket,E01032428,Wyre Forest 011B,Violence and sexual offences,Local resolution,
097a31a75d1bdbbc77bc219402a09b4a5810d502cd6a3df0cc7da34fcf1b75ad,2015-04,West Mercia Police,West Mercia Police,-2.315915,52.376343,On or near Parking Area,E01032428,Wyre Forest 011B,Violence and sexual offences,Defendant found not guilty,
993be989f5cef4664d8be6a7c932b25c45d280d21f4b1538bb9e8dedadd850c2,2015-04,West Mercia Police,West Mercia Police,-2.315915,52.376343,On or near Parking Area,E01032428,Wyre Forest 011B,Violence and sexual offences,Unable to prosecute suspect,
3faf5bdce954f1335266f372313af6cc030a1ff5d6f1ef09b673ee4a4ff8425e,2015-04,West Mercia Police,West Mercia Police,-2.316703,52.375612,On or near Supermarket,E01032428,Wyre Forest 011B,Violence and sexual offences,Offender fined,
,2015-04,West Mercia Police,West Mercia Police,-2.331226,52.378935,On or near Russett Way,E01032429,Wyre Forest 011C,Anti-social behaviour,,
ddc6e94d5b8de90e7618892f87f60299a179ceba3a10911c54349acd2bc6fda7,2015-04,West Mercia Police,West Mercia Police,-2.330837,52.377992,On or near Laxton Drive,E01032429,Wyre Forest 011C,Vehicle crime,Investigation complete; no suspect identified,
aa8ebb420121d799af1600dcc37699a60e60720d02088327e67e0fd9259a02ac,2015-04,West Mercia Police,West Mercia Police,-2.331672,52.377729,On or near Merton Close,E01032429,Wyre Forest 011C,Violence and sexual offences,Under investigation,
d869be0465daca492beafa8d63ae083b85e30389691d4c2ae6b1309125a25ade,2015-04,West Mercia Police,West Mercia Police,-2.331672,52.377729,On or near Merton Close,E01032429,Wyre Forest 011C,Other crime,Under investigation,
,2015-04,West Mercia Police,West Mercia Police,-2.376215,52.334802,On or near The Greenway,E01032472,Wyre Forest 011D,Anti-social behaviour,,
,2015-04,West Mercia Police,West Mercia Police,-2.394131,52.339383,On or near Timberdyne Close,E01032472,Wyre Forest 011D,Anti-social behaviour,,
,2015-04,West Mercia Police,West Mercia Police,-2.405116,52.381815,On or near Station Road,E01032473,Wyre Forest 011E,Anti-social behaviour,,
fe0db6bc4bba8e7efdcd5d7488100a63d340b2c12c8c59b1af3da6692a0f0177,2015-04,West Mercia Police,West Mercia Police,-2.405116,52.381815,On or near Station Road,E01032473,Wyre Forest 011E,Violence and sexual offences,Unable to prosecute suspect,
,2015-04,West Mercia Police,West Mercia Police,-2.289438,52.355167,On or near Calder Road,E01032455,Wyre Forest 012A,Anti-social behaviour,,
,2015-04,West Mercia Police,West Mercia Police,-2.290472,52.351685,On or near Bewdley Road North,E01032455,Wyre Forest 012A,Anti-social behaviour,,
,2015-04,West Mercia Police,West Mercia Police,-2.288467,52.354971,On or near Katrine Road,E01032455,Wyre Forest 012A,Anti-social behaviour,,
,2015-04,West Mercia Police,West Mercia Police,-2.295058,52.354649,On or near The Paddock,E01032455,Wyre Forest 012A,Anti-social behaviour,,
,2015-04,West Mercia Police,West Mercia Police,-2.288467,52.354971,On or near Katrine Road,E01032455,Wyre Forest 012A,Anti-social behaviour,,
,2015-04,West Mercia Police,West Mercia Police,-2.288400,52.358181,On or near Torridon Close,E01032455,Wyre Forest 012A,Anti-social behaviour,,
,2015-04,West Mercia Police,West Mercia Police,-2.289438,52.355167,On or near Calder Road,E01032455,Wyre Forest 012A,Anti-social behaviour,,
,2015-04,West Mercia Police,West Mercia Police,-2.289438,52.355167,On or near Calder Road,E01032455,Wyre Forest 012A,Anti-social behaviour,,
,2015-04,West Mercia Police,West Mercia Police,-2.288467,52.354971,On or near Katrine Road,E01032455,Wyre Forest 012A,Anti-social behaviour,,
,2015-04,West Mercia Police,West Mercia Police,-2.289438,52.355167,On or near Calder Road,E01032455,Wyre Forest 012A,Anti-social behaviour,,
,2015-04,West Mercia Police,West Mercia Police,-2.287413,52.355388,On or near Malham Road,E01032455,Wyre Forest 012A,Anti-social behaviour,,
,2015-04,West Mercia Police,West Mercia Police,-2.289438,52.355167,On or near Calder Road,E01032455,Wyre Forest 012A,Anti-social behaviour,,
568ba505f9d9d9bb218dd661e10b3a35ba0311c97f33e8f851915c7f2c59ac7b,2015-04,West Mercia Police,West Mercia Police,-2.287413,52.355388,On or near Malham Road,E01032455,Wyre Forest 012A,Criminal damage and arson,Investigation complete; no suspect identified,
,2015-04,West Mercia Police,West Mercia Police,-2.272863,52.348338,On or near St John'S Road,E01032456,Wyre Forest 012B,Anti-social behaviour,,
,2015-04,West Mercia Police,West Mercia Police,-2.272863,52.348338,On or near St John'S Road,E01032456,Wyre Forest 012B,Anti-social behaviour,,
04846a442c8a85303b7ebd385ed168fe78aed72d8e1e19ffb764ef2583d91b66,2015-04,West Mercia Police,West Mercia Police,-2.272814,52.345191,On or near Prospect Road,E01032456,Wyre Forest 012B,Burglary,Investigation complete; no suspect identified,
9d1c0c6ecc25f5807a36173fda7b9ee1d24c3b97c6095b46e5554a1d5a658779,2015-04,West Mercia Police,West Mercia Police,-2.269072,52.345299,On or near Park/Open Space,E01032456,Wyre Forest 012B,Criminal damage and arson,Investigation complete; no suspect identified,
d264278630ef9907efedcbebc58a4a9f6712f7d4dbde4a6ad7dba2ba3198b90c,2015-04,West Mercia Police,West Mercia Police,-2.269072,52.345299,On or near Park/Open Space,E01032456,Wyre Forest 012B,Drugs,Offender given penalty notice,
4c4b1baf31d9aeceb334c54ca525e4a20d6fb94df490f0d095f7bda76bc9c1e2,2015-04,West Mercia Police,West Mercia Police,-2.273749,52.346852,On or near North Road,E01032456,Wyre Forest 012B,Violence and sexual offences,Unable to prosecute suspect,
7e5cd7ea421e3e7378fc15d74d13a83828b1748b87aef9f513e445c3cb84e598,2015-04,West Mercia Police,West Mercia Police,-2.273749,52.346852,On or near North Road,E01032456,Wyre Forest 012B,Violence and sexual offences,Investigation complete; no suspect identified,
84708e2db4954cb476b1ae91e0235f7acbcc4bbea5a47164e79bb71b1025f961,2015-04,West Mercia Police,West Mercia Police,-2.295963,52.347266,On or near Broomy Close,E01032457,Wyre Forest 012C,Vehicle crime,Investigation complete; no suspect identified,
bf89bbf8aba49e098c9df5ee613fb11e24acbcaed2bc85b4203d87a23fa5a18b,2015-04,West Mercia Police,West Mercia Police,-2.295944,52.351006,On or near Worth Crescent,E01032457,Wyre Forest 012C,Violence and sexual offences,Unable to prosecute suspect,
f0d908537cb2bb33ff988efa8e65f5a9f1ccba3754d319fd27155fde8f5c1c1b,2015-04,West Mercia Police,West Mercia Police,-2.287132,52.348259,On or near Woodbury Road West,E01032458,Wyre Forest 012D,Burglary,Investigation complete; no suspect identified,
49590b4f8b62965ae46ab3a45365b1d1ccb1083560e47bcb924c4ba90f1ded40,2015-04,West Mercia Police,West Mercia Police,-2.287132,52.348259,On or near Woodbury Road West,E01032458,Wyre Forest 012D,Criminal damage and arson,Unable to prosecute suspect,
b3d422d3d4acc7304082a0a62ca3ed6c4a97c76506314d4807fb0ca1b093b6d6,2015-04,West Mercia Police,West Mercia Police,-2.286816,52.353978,On or near Buttermere Road,E01032458,Wyre Forest 012D,Vehicle crime,Investigation complete; no suspect identified,
b744f2226508bb5a99f09199bcf618ff317b47df1e8e73a93a5e6084b7d6e83b,2015-04,West Mercia Police,West Mercia Police,-2.287132,52.348259,On or near Woodbury Road West,E01032458,Wyre Forest 012D,Vehicle crime,Investigation complete; no suspect identified,
a2aa78ae3832758221c02bf435e4e07054a883baa5f63832cbcaad3e7ab04206,2015-04,West Mercia Police,West Mercia Police,-2.286816,52.353978,On or near Buttermere Road,E01032458,Wyre Forest 012D,Vehicle crime,Investigation complete; no suspect identified,
,2015-04,West Mercia Police,West Mercia Police,-2.268895,52.359764,On or near Minster Road,E01032459,Wyre Forest 012E,Anti-social behaviour,,
f16100dbbbb0c2b1feb62dea20352f62b95786effd94e0ae9b1e40615230ba0a,2015-04,West Mercia Police,West Mercia Police,-2.268895,52.359764,On or near Minster Road,E01032459,Wyre Forest 012E,Burglary,Investigation complete; no suspect identified,
b48f3be32b1990a556174e947d9f5b3cccb5f7b33d09d68c067a7a4572970ab0,2015-04,West Mercia Police,West Mercia Police,-2.279962,52.347377,On or near The Priory,E01032459,Wyre Forest 012E,Other theft,Unable to prosecute suspect,
d49540265d14c2cfa25b28521eb1936de629fba8dd7a8b199da663472ff3e1d3,2015-04,West Mercia Police,West Mercia Police,-2.279962,52.347377,On or near The Priory,E01032459,Wyre Forest 012E,Theft from the person,Investigation complete; no suspect identified,
12eeb21c5b403d439b11b13541f3b97da0472fd41c5cc5352da844d75912b817,2015-04,West Mercia Police,West Mercia Police,-2.278896,52.348261,On or near Bishop Street,E01032459,Wyre Forest 012E,Violence and sexual offences,Unable to prosecute suspect,
d1397e00935d0ed1319668adbebead020070c2371054eb28541bab9475fcf13e,2015-04,West Mercia Police,West Mercia Police,-2.284716,52.351528,On or near Ullswater Avenue,E01032459,Wyre Forest 012E,Violence and sexual offences,Investigation complete; no suspect identified,
7c44ed699eb933b30e6cb1a2f2755c8801e2e15b2537f649e49633f263787773,2015-04,West Mercia Police,West Mercia Police,-2.280509,52.343294,On or near Gibbons Crescent,E01032460,Wyre Forest 013A,Burglary,Investigation complete; no suspect identified,
dae55195afd5bc01461210ad42ab2fdfb3c206a7c8e6ad38f7f6b0154af6a7b3,2015-04,West Mercia Police,West Mercia Police,-2.277017,52.343563,On or near Worcester Street,E01032460,Wyre Forest 013A,Criminal damage and arson,Investigation complete; no suspect identified,
85354e19be5914f27e23343b0aed7ebcacdc21414e509465686ac28cb846f4ec,2015-04,West Mercia Police,West Mercia Police,-2.270822,52.338651,On or near Worcester Road,E01032460,Wyre Forest 013A,Criminal damage and arson,Investigation complete; no suspect identified,
e7e5c27e67d3f89e083a5e015dce89229c53cbba1cae5e9074488b6d5e550c95,2015-04,West Mercia Police,West Mercia Police,-2.277750,52.343400,On or near Stourport Police Station,E01032460,Wyre Forest 013A,Criminal damage and arson,Investigation complete; no suspect identified,
,2015-04,West Mercia Police,West Mercia Police,-2.281257,52.338564,On or near Shopping Area,E01032461,Wyre Forest 013B,Anti-social behaviour,,
,2015-04,West Mercia Police,West Mercia Police,-2.278315,52.339964,On or near Parkes Passage,E01032461,Wyre Forest 013B,Anti-social behaviour,,
,2015-04,West Mercia Police,West Mercia Police,-2.272286,52.335699,On or near Victory Close,E01032461,Wyre Forest 013B,Anti-social behaviour,,
,2015-04,West Mercia Police,West Mercia Police,-2.278089,52.336692,On or near Waters Edge,E01032461,Wyre Forest 013B,Anti-social behaviour,,
,2015-04,West Mercia Police,West Mercia Police,-2.277774,52.342528,On or near Supermarket,E01032461,Wyre Forest 013B,Anti-social behaviour,,
,2015-04,West Mercia Police,West Mercia Police,-2.267257,52.329211,On or near Sandy Lane,E01032461,Wyre Forest 013B,Anti-social behaviour,,
,2015-04,West Mercia Police,West Mercia Police,-2.276998,52.340489,On or near Mitton Street,E01032461,Wyre Forest 013B,Anti-social behaviour,,
,2015-04,West Mercia Police,West Mercia Police,-2.277774,52.342528,On or near Supermarket,E01032461,Wyre Forest 013B,Anti-social behaviour,,
,2015-04,West Mercia Police,West Mercia Police,-2.277724,52.341674,On or near Lombard Street,E01032461,Wyre Forest 013B,Anti-social behaviour,,
,2015-04,West Mercia Police,West Mercia Police,-2.278089,52.336692,On or near Waters Edge,E01032461,Wyre Forest 013B,Anti-social behaviour,,
,2015-04,West Mercia Police,West Mercia Police,-2.268977,52.329791,On or near Broach Road,E01032461,Wyre Forest 013B,Anti-social behaviour,,
,2015-04,West Mercia Police,West Mercia Police,-2.281257,52.338564,On or near Shopping Area,E01032461,Wyre Forest 013B,Anti-social behaviour,,
,2015-04,West Mercia Police,West Mercia Police,-2.281257,52.338564,On or near Shopping Area,E01032461,Wyre Forest 013B,Anti-social behaviour,,
,2015-04,West Mercia Police,West Mercia Police,-2.279255,52.339935,On or near High Street,E01032461,Wyre Forest 013B,Anti-social behaviour,,
,2015-04,West Mercia Police,West Mercia Police,-2.269672,52.330616,On or near Hodfar Road,E01032461,Wyre Forest 013B,Anti-social behaviour,,
cc3e08435780741e6748e9060e2d7bf091c6338b4b32780b6358904af9fe77cf,2015-04,West Mercia Police,West Mercia Police,-2.265034,52.328029,On or near Barracks Road,E01032461,Wyre Forest 013B,Burglary,Investigation complete; no suspect identified,
0c429ff1a978c18163b4b54e06442ef9d3f7f8590295cf9863ca6d5bbc9fa613,2015-04,West Mercia Police,West Mercia Police,-2.267257,52.329211,On or near Sandy Lane,E01032461,Wyre Forest 013B,Burglary,Investigation complete; no suspect identified,
11ae0616d2f9abc7132ae79dfe4e14ae6bcbcaeadadfc7f82b0c3a7137ee32ee,2015-04,West Mercia Police,West Mercia Police,-2.265529,52.329817,On or near Heathfield Road,E01032461,Wyre Forest 013B,Burglary,Investigation complete; no suspect identified,
94259b54872ed7406268394888dc724a9bd3f0cea968fb067a0bd213d3b849e6,2015-04,West Mercia Police,West Mercia Police,-2.265034,52.328029,On or near Barracks Road,E01032461,Wyre Forest 013B,Burglary,Investigation complete; no suspect identified,
51cadcedf04a4c668bde4051417f49ff4e7d829705962dd6820a5dd91756fbe1,2015-04,West Mercia Police,West Mercia Police,-2.269672,52.330616,On or near Hodfar Road,E01032461,Wyre Forest 013B,Burglary,Investigation complete; no suspect identified,
0e6c90f1b4406fcf51ff95e8bfa4175f6d7e4769068d55b7fb8817e52cd15da4,2015-04,West Mercia Police,West Mercia Police,-2.268977,52.329791,On or near Broach Road,E01032461,Wyre Forest 013B,Burglary,Investigation complete; no suspect identified,
c8d60adba633c4f26983f807d5a2548e470ccaeb6a3e990315912ff1cdced7fd,2015-04,West Mercia Police,West Mercia Police,-2.265529,52.329817,On or near Heathfield Road,E01032461,Wyre Forest 013B,Burglary,Investigation complete; no suspect identified,
8000bbb4eb317fd3925ffa2fdfa0bbc25e67fd5d3b81fbf6d380550013616026,2015-04,West Mercia Police,West Mercia Police,-2.265529,52.329817,On or near Heathfield Road,E01032461,Wyre Forest 013B,Burglary,Investigation complete; no suspect identified,
a065ad810e390324f8c2d7116044699569c8ec1ebc532705ee28d9ff965b4d0d,2015-04,West Mercia Police,West Mercia Police,-2.272286,52.335699,On or near Victory Close,E01032461,Wyre Forest 013B,Criminal damage and arson,Investigation complete; no suspect identified,
d277b7b0b606c26e80d56d107a6c584eeca73714a9191ee1b5ccce7a1a53efff,2015-04,West Mercia Police,West Mercia Police,-2.282660,52.337670,On or near Bridge Street,E01032461,Wyre Forest 013B,Other theft,Local resolution,
aabecfbb2636d0869c0cd1cfe1a4b200b7b1a2a6868ab808e8129df88bdbdb99,2015-04,West Mercia Police,West Mercia Police,-2.276709,52.338943,On or near Lodge Cottages,E01032461,Wyre Forest 013B,Other theft,Unable to prosecute suspect,
795750bc86e02d1d32c6bbaa35ceb958202c2bf37975e879efea446bfcc6715e,2015-04,West Mercia Police,West Mercia Police,-2.281257,52.338564,On or near Shopping Area,E01032461,Wyre Forest 013B,Other theft,Investigation complete; no suspect identified,
0210ce1f09158d4b30f75bab723e30a9004e40fa1135086f5bc8398bcc6989e0,2015-04,West Mercia Police,West Mercia Police,-2.277724,52.341674,On or near Lombard Street,E01032461,Wyre Forest 013B,Other theft,Unable to prosecute suspect,
b365aa3756a8dcf835b741f15b03dde8cf242dd729724980e4f5be663b34cce0,2015-04,West Mercia Police,West Mercia Police,-2.267257,52.329211,On or near Sandy Lane,E01032461,Wyre Forest 013B,Shoplifting,Unable to prosecute suspect,
032a9e6c969e973c6560b43db41c04c9c785ba0c55457d9f124143c4b5741961,2015-04,West Mercia Police,West Mercia Police,-2.279410,52.339054,On or near York Street,E01032461,Wyre Forest 013B,Theft from the person,Investigation complete; no suspect identified,
e5da87b6d6d371ece71fc6bf9cfa3af4e8864581a13efc6047ed1360c7b94ea1,2015-04,West Mercia Police,West Mercia Police,-2.269672,52.330616,On or near Hodfar Road,E01032461,Wyre Forest 013B,Vehicle crime,Investigation complete; no suspect identified,
71e1b54e88a4e2777774e056593848aa78d87a0baf761aa5183c91f7ab3391b8,2015-04,West Mercia Police,West Mercia Police,-2.271087,52.334092,On or near Power Station Road,E01032461,Wyre Forest 013B,Vehicle crime,Investigation complete; no suspect identified,
16dda58e83b83dc63e91d76f4fdae4d48f1432ed7c77fa7e6207d88870053c0c,2015-04,West Mercia Police,West Mercia Police,-2.264294,52.326952,On or near Llewellyn Close,E01032461,Wyre Forest 013B,Violence and sexual offences,Unable to prosecute suspect,
d832660480b19f117977f027cfed6434c6109f3c3f1d7de19b645c3c1f531039,2015-04,West Mercia Police,West Mercia Police,-2.272161,52.332058,On or near Britannia Gardens,E01032461,Wyre Forest 013B,Violence and sexual offences,Unable to prosecute suspect,
82c60f2c506a0e48dbef808c60b3e192243e2307aaf5ef2597dcc883863982cf,2015-04,West Mercia Police,West Mercia Police,-2.277417,52.339445,On or near Lion Hill,E01032461,Wyre Forest 013B,Violence and sexual offences,Unable to prosecute suspect,
1b06d4fce28825ae2aefc838128b558a61eedebf718049108c662e0b403cdd40,2015-04,West Mercia Police,West Mercia Police,-2.281257,52.338564,On or near Shopping Area,E01032461,Wyre Forest 013B,Other crime,Unable to prosecute suspect,
,2015-04,West Mercia Police,West Mercia Police,-2.264237,52.344411,On or near Leapgate Avenue,E01032462,Wyre Forest 013C,Anti-social behaviour,,
,2015-04,West Mercia Police,West Mercia Police,-2.264237,52.344411,On or near Leapgate Avenue,E01032462,Wyre Forest 013C,Anti-social behaviour,,
d8e20162360199dd356936057cdfe88712b47c4f99a95dbaeb5cb5e5ff10dd6a,2015-04,West Mercia Police,West Mercia Police,-2.265221,52.337135,On or near Oakdene,E01032462,Wyre Forest 013C,Drugs,Offender given a caution,
16ea31cff955030ffe81ee4a4d9fca064fd40d84fbc57de1423101fe81f20060,2015-04,West Mercia Police,West Mercia Police,-2.251749,52.355478,On or near Hillary Road,E01032462,Wyre Forest 013C,Public order,Investigation complete; no suspect identified,
eff5b80529c532971f994fa268a5f437058bc9284f5c37a27af8a6d534b075f0,2015-04,West Mercia Police,West Mercia Police,-2.265492,52.343212,On or near The Spinney,E01032462,Wyre Forest 013C,Vehicle crime,Investigation complete; no suspect identified,
417cdd718b2aa37c277cf1b84dfa59771ea66fd68847c914467231b23b2291d0,2015-04,West Mercia Police,West Mercia Police,-2.265849,52.344083,On or near Millgate Close,E01032462,Wyre Forest 013C,Violence and sexual offences,Investigation complete; no suspect identified,
,2015-04,West Mercia Police,West Mercia Police,-2.282056,52.339668,On or near New Street,E01032463,Wyre Forest 013D,Anti-social behaviour,,
,2015-04,West Mercia Police,West Mercia Police,-2.292770,52.346231,On or near Lime Tree Walk,E01032463,Wyre Forest 013D,Anti-social behaviour,,
,2015-04,West Mercia Police,West Mercia Police,-2.282125,52.338948,On or near Raven Street,E01032463,Wyre Forest 013D,Anti-social behaviour,,
,2015-04,West Mercia Police,West Mercia Police,-2.294081,52.344628,On or near Field End,E01032463,Wyre Forest 013D,Anti-social behaviour,,
,2015-04,West Mercia Police,West Mercia Police,-2.282125,52.338948,On or near Raven Street,E01032463,Wyre Forest 013D,Anti-social behaviour,,
,2015-04,West Mercia Police,West Mercia Police,-2.282056,52.339668,On or near New Street,E01032463,Wyre Forest 013D,Anti-social behaviour,,
,2015-04,West Mercia Police,West Mercia Police,-2.281060,52.340003,On or near Sion Gardens,E01032463,Wyre Forest 013D,Anti-social behaviour,,
,2015-04,West Mercia Police,West Mercia Police,-2.281060,52.340003,On or near Sion Gardens,E01032463,Wyre Forest 013D,Anti-social behaviour,,
,2015-04,West Mercia Police,West Mercia Police,-2.282125,52.338948,On or near Raven Street,E01032463,Wyre Forest 013D,Anti-social behaviour,,
,2015-04,West Mercia Police,West Mercia Police,-2.282125,52.338948,On or near Raven Street,E01032463,Wyre Forest 013D,Anti-social behaviour,,
,2015-04,West Mercia Police,West Mercia Police,-2.282125,52.338948,On or near Raven Street,E01032463,Wyre Forest 013D,Anti-social behaviour,,
,2015-04,West Mercia Police,West Mercia Police,-2.282714,52.339172,On or near Martins Way,E01032463,Wyre Forest 013D,Anti-social behaviour,,
,2015-04,West Mercia Police,West Mercia Police,-2.281060,52.340003,On or near Sion Gardens,E01032463,Wyre Forest 013D,Anti-social behaviour,,
,2015-04,West Mercia Police,West Mercia Police,-2.282125,52.338948,On or near Raven Street,E01032463,Wyre Forest 013D,Anti-social behaviour,,
,2015-04,West Mercia Police,West Mercia Police,-2.281060,52.340003,On or near Sion Gardens,E01032463,Wyre Forest 013D,Anti-social behaviour,,
,2015-04,West Mercia Police,West Mercia Police,-2.282056,52.339668,On or near New Street,E01032463,Wyre Forest 013D,Anti-social behaviour,,
,2015-04,West Mercia Police,West Mercia Police,-2.281060,52.340003,On or near Sion Gardens,E01032463,Wyre Forest 013D,Anti-social behaviour,,
,2015-04,West Mercia Police,West Mercia Police,-2.281060,52.340003,On or near Sion Gardens,E01032463,Wyre Forest 013D,Anti-social behaviour,,
,2015-04,West Mercia Police,West Mercia Police,-2.290063,52.343056,On or near Briar Way,E01032463,Wyre Forest 013D,Anti-social behaviour,,
,2015-04,West Mercia Police,West Mercia Police,-2.294081,52.344628,On or near Field End,E01032463,Wyre Forest 013D,Anti-social behaviour,,
b8de9ba539fcb672d105e8e2d89a52120523861d559b4061455a7cfc609f5f76,2015-04,West Mercia Police,West Mercia Police,-2.282125,52.338948,On or near Raven Street,E01032463,Wyre Forest 013D,Bicycle theft,Investigation complete; no suspect identified,
ad5b4163a50897bc444a7b780cb10ad409949cf8d1f0511ed0533c1cd48df4c8,2015-04,West Mercia Police,West Mercia Police,-2.278454,52.340935,On or near Supermarket,E01032463,Wyre Forest 013D,Criminal damage and arson,Unable to prosecute suspect,
74ffebc7ef65cfe6e1606b50de62e4e6294b1fc6febd5f45f536ffd691aed2a9,2015-04,West Mercia Police,West Mercia Police,-2.285008,52.342214,On or near Moor Hill Drive,E01032463,Wyre Forest 013D,Other theft,Investigation complete; no suspect identified,
8d92fd4cc4bc83260aef84cf5b482c31a157875cccf19aba1db5c4e6e80b0a5b,2015-04,West Mercia Police,West Mercia Police,-2.279475,52.342317,On or near Tan Lane,E01032463,Wyre Forest 013D,Shoplifting,Investigation complete; no suspect identified,
d0a0a6ab32a3fd6646cca2568bf735dea0ef3aceb32f3950fec21068cdc15fac,2015-04,West Mercia Police,West Mercia Police,-2.281060,52.340003,On or near Sion Gardens,E01032463,Wyre Forest 013D,Violence and sexual offences,Unable to prosecute suspect,
251f847dfd36046a7e99a3e1759b81a219fb0b5f0374b0c357334e5f07003bb0,2015-04,West Mercia Police,West Mercia Police,-2.281060,52.340003,On or near Sion Gardens,E01032463,Wyre Forest 013D,Violence and sexual offences,Unable to prosecute suspect,
0ced1427b879f61780c57e8335821db366bc3466d5f25f1c08e01803c5c706ce,2015-04,West Mercia Police,West Mercia Police,-2.281060,52.340003,On or near Sion Gardens,E01032463,Wyre Forest 013D,Other crime,Court result unavailable,
,2015-04,West Mercia Police,West Mercia Police,-2.281423,52.334761,On or near Sports/Recreation Area,E01032423,Wyre Forest 014A,Anti-social behaviour,,
,2015-04,West Mercia Police,West Mercia Police,-2.289253,52.335838,On or near Bower Bank,E01032423,Wyre Forest 014A,Anti-social behaviour,,
,2015-04,West Mercia Police,West Mercia Police,-2.278430,52.327827,On or near Berkeley Crescent,E01032423,Wyre Forest 014A,Anti-social behaviour,,
,2015-04,West Mercia Police,West Mercia Police,-2.286146,52.332052,On or near Erneley Close,E01032423,Wyre Forest 014A,Anti-social behaviour,,
f51710149ffc53cd709fdc8fb50cdb72465086b02f7f134ab7c0df968b80676e,2015-04,West Mercia Police,West Mercia Police,-2.288107,52.328892,On or near Jackson Crescent,E01032423,Wyre Forest 014A,Criminal damage and arson,Local resolution,
f3376060c86b00fd4ab16a0f92b64a3a4885786cc21d917da3321f6fc0b1df4c,2015-04,West Mercia Police,West Mercia Police,-2.281423,52.334761,On or near Sports/Recreation Area,E01032423,Wyre Forest 014A,Drugs,Offender given penalty notice,
3e6f2d719a76262b3f9fdb52c7b82f669a7f20f60acb492651299c1603a76bca,2015-04,West Mercia Police,West Mercia Police,-2.285877,52.333536,On or near Ryvere Close,E01032423,Wyre Forest 014A,Violence and sexual offences,Offender otherwise dealt with,
3e5801fd5cd244ccbfc4c3201b4367dbfe3a8de2c2c2e1f6b8ef114e723571ab,2015-04,West Mercia Police,West Mercia Police,-2.289253,52.335838,On or near Bower Bank,E01032423,Wyre Forest 014A,Violence and sexual offences,Awaiting court outcome,
8664aeb0cc7e41fdd4a39cb7a3ce40190db4256b43dc0f0f6de10294804100db,2015-04,West Mercia Police,West Mercia Police,-2.278967,52.333822,On or near Sports/Recreation Area,E01032423,Wyre Forest 014A,Violence and sexual offences,Unable to prosecute suspect,
,2015-04,West Mercia Police,West Mercia Police,-2.280800,52.326734,On or near Windsor Drive,E01032424,Wyre Forest 014B,Anti-social behaviour,,
,2015-04,West Mercia Police,West Mercia Police,-2.287702,52.327607,On or near Linden Avenue,E01032424,Wyre Forest 014B,Anti-social behaviour,,
,2015-04,West Mercia Police,West Mercia Police,-2.288236,52.326266,On or near Seedgreen Close,E01032424,Wyre Forest 014B,Anti-social behaviour,,
,2015-04,West Mercia Police,West Mercia Police,-2.287702,52.327607,On or near Linden Avenue,E01032424,Wyre Forest 014B,Anti-social behaviour,,
,2015-04,West Mercia Police,West Mercia Police,-2.287702,52.327607,On or near Linden Avenue,E01032424,Wyre Forest 014B,Anti-social behaviour,,
,2015-04,West Mercia Police,West Mercia Police,-2.286732,52.329677,On or near Hermitage Way,E01032424,Wyre Forest 014B,Anti-social behaviour,,
,2015-04,West Mercia Police,West Mercia Police,-2.280800,52.326734,On or near Windsor Drive,E01032424,Wyre Forest 014B,Anti-social behaviour,,
,2015-04,West Mercia Police,West Mercia Police,-2.288236,52.326266,On or near Seedgreen Close,E01032424,Wyre Forest 014B,Anti-social behaviour,,
,2015-04,West Mercia Police,West Mercia Police,-2.288236,52.326266,On or near Seedgreen Close,E01032424,Wyre Forest 014B,Anti-social behaviour,,
2871871b6ee7c4d4799d6398cd54d752bd0fe9e72476fa153e8c86aed934b487,2015-04,West Mercia Police,West Mercia Police,-2.285099,52.328944,On or near Queen'S Road,E01032424,Wyre Forest 014B,Burglary,Investigation complete; no suspect identified,
46a6f5ae15c00bd52cd1f45ffe821364845125d30cccc072cc586b45e4c599f9,2015-04,West Mercia Police,West Mercia Police,-2.280901,52.328774,On or near Barnfield Road,E01032424,Wyre Forest 014B,Criminal damage and arson,Investigation complete; no suspect identified,
a66218576c13d93b18ed23367cfc6812990684c2c96d5791c8f4f37ece856258,2015-04,West Mercia Police,West Mercia Police,-2.285099,52.328944,On or near Queen'S Road,E01032424,Wyre Forest 014B,Other theft,Investigation complete; no suspect identified,
9aa20c44378938e2a061deda5f39c4d32bc5b42e71fd551057153844c59d2fa3,2015-04,West Mercia Police,West Mercia Police,-2.287702,52.327607,On or near Linden Avenue,E01032424,Wyre Forest 014B,Violence and sexual offences,Unable to prosecute suspect,
dbb722584fe977e4bb6f899d2a925418caaba890949b51078e3205c6a3c395de,2015-04,West Mercia Police,West Mercia Police,-2.287702,52.327607,On or near Linden Avenue,E01032424,Wyre Forest 014B,Violence and sexual offences,Unable to prosecute suspect,
877db4006a2692159a97d533b439daf677c503b1ff4b731b797e2b2cd6526ae3,2015-04,West Mercia Police,West Mercia Police,-2.280901,52.328774,On or near Barnfield Road,E01032424,Wyre Forest 014B,Violence and sexual offences,Unable to prosecute suspect,
47a18d3ea5aa9d543486a7eacc91ea31748746d939a688df00e317a022518a11,2015-04,West Mercia Police,West Mercia Police,-2.288236,52.326266,On or near Seedgreen Close,E01032424,Wyre Forest 014B,Violence and sexual offences,Unable to prosecute suspect,
ec0c23a89b9f41a63fc56aa07bedffad25d9a1071324d61cca7b004c8c41a207,2015-04,West Mercia Police,West Mercia Police,-2.287702,52.327607,On or near Linden Avenue,E01032424,Wyre Forest 014B,Violence and sexual offences,Court result unavailable,
c8cba6cb1c8fde8ac1f3fe3b4998a66827fc853f62ca001b89891f8a17eec58f,2015-04,West Mercia Police,West Mercia Police,-2.288236,52.326266,On or near Seedgreen Close,E01032424,Wyre Forest 014B,Violence and sexual offences,Court result unavailable,
184395251849cec13532070ce3473cdc203bf7be2c30283bc400db9f8ebd41e5,2015-04,West Mercia Police,West Mercia Police,-2.280901,52.328774,On or near Barnfield Road,E01032424,Wyre Forest 014B,Violence and sexual offences,Under investigation,
e0f51a6b91ddbf4d10c9cca2547ecca9c7f25a50dfdeeca62ea3243b5ca5f458,2015-04,West Mercia Police,West Mercia Police,-2.287702,52.327607,On or near Linden Avenue,E01032424,Wyre Forest 014B,Violence and sexual offences,Unable to prosecute suspect,
66316450f184b48e2341b673864016985d57390f54cc407284025081a61a5e45,2015-04,West Mercia Police,West Mercia Police,-2.280901,52.328774,On or near Barnfield Road,E01032424,Wyre Forest 014B,Violence and sexual offences,Unable to prosecute suspect,
9d91c2894f2df3e8d0836d7bf274feb306fa03ae56ae9990f789d53ff0584573,2015-04,West Mercia Police,West Mercia Police,-2.285099,52.328944,On or near Queen'S Road,E01032424,Wyre Forest 014B,Violence and sexual offences,Offender sent to prison,
,2015-04,West Mercia Police,West Mercia Police,-2.296863,52.326101,On or near Cleeve Close,E01032425,Wyre Forest 014C,Anti-social behaviour,,
,2015-04,West Mercia Police,West Mercia Police,-2.296342,52.327217,On or near Abberley Avenue,E01032425,Wyre Forest 014C,Anti-social behaviour,,
,2015-04,West Mercia Police,West Mercia Police,-2.302551,52.333917,On or near Ribbesford Road,E01032425,Wyre Forest 014C,Anti-social behaviour,,
f43fd145c072253a6e01e9225dc756bd94f0584359ff4269672b494341f2f6e6,2015-04,West Mercia Police,West Mercia Police,-2.293962,52.326801,On or near Martley Road,E01032425,Wyre Forest 014C,Other theft,Investigation complete; no suspect identified,
7020230ea6697a86783e921a7f3f47f96d6195ecc94e9c4a0990bc454d398f3f,2015-04,West Mercia Police,West Mercia Police,-2.298068,52.330728,On or near Ankerdine Avenue,E01032425,Wyre Forest 014C,Other theft,Investigation complete; no suspect identified,
e1e7d0eb318d3864d124129d1b1812ec44b27ff58b994bb37066adad5d8ef6b6,2015-04,West Mercia Police,West Mercia Police,-2.292801,52.330966,On or near Wenlock Way,E01032425,Wyre Forest 014C,Violence and sexual offences,Local resolution,
,2015-04,West Mercia Police,West Mercia Police,-2.292035,52.323785,On or near Astley Court,E01032426,Wyre Forest 014D,Anti-social behaviour,,
,2015-04,West Mercia Police,West Mercia Police,-2.289475,52.327126,On or near Yarranton Close,E01032426,Wyre Forest 014D,Anti-social behaviour,,
,2015-04,West Mercia Police,West Mercia Police,-2.289475,52.327126,On or near Yarranton Close,E01032426,Wyre Forest 014D,Anti-social behaviour,,
f809b980415280079a942d0d5412f152d50132e92ec0b4ee91b3f4f92b9c3dae,2015-04,West Mercia Police,West Mercia Police,-2.285698,52.326299,On or near Woodhampton Close,E01032426,Wyre Forest 014D,Burglary,Investigation complete; no suspect identified,
c2204eaed5a1b96340b061448498438fda32f3079265bb2bd1d1e9c942b7328c,2015-04,West Mercia Police,West Mercia Police,-2.293032,52.325931,On or near Areley Common,E01032426,Wyre Forest 014D,Criminal damage and arson,Investigation complete; no suspect identified,
7a532cedf7acb3bc41a396630c6d5dc0c6ff49c1f0b47734be9ef6d0f0c5dc4e,2015-04,West Mercia Police,West Mercia Police,-2.293308,52.323305,On or near Oak Apple Close,E01032426,Wyre Forest 014D,Criminal damage and arson,Investigation complete; no suspect identified,
6d6ac244be769a9a8f288a9531b6c517ec18e3a6e6db11434fff3994f124ea60,2015-04,West Mercia Police,West Mercia Police,-2.289475,52.327126,On or near Yarranton Close,E01032426,Wyre Forest 014D,Violence and sexual offences,Investigation complete; no suspect identified,
0e36c9e2a66645ca0b9a3414b55c63c9181da8b4ccfcca5d0d302a6eaa857c93,2015-04,West Mercia Police,West Mercia Police,-2.289475,52.327126,On or near Yarranton Close,E01032426,Wyre Forest 014D,Violence and sexual offences,Investigation complete; no suspect identified,
