Type,Date,Part of a policing operation,Policing operation,Latitude,Longitude,Gender,Age range,Self-defined ethnicity,Officer-defined ethnicity,Legislation,Object of search,Outcome,Outcome linked to object of search,Removal of more than just outer clothing
Person search,2015-07-01T03:00:23+00:00,False,,,,,,White - White British (W1),White,Police and Criminal Evidence Act 1984 (section 1),Article for use in theft,Nothing found - no further action,,
Person and Vehicle search,2015-07-01T21:45:14+00:00,False,,,,,,Black or Black British - Any other Black ethnic background (B9),Black,Misuse of Drugs Act 1971 (section 23),Controlled drugs,Suspect summonsed to court,,
Person search,2015-07-02T00:08:17+00:00,False,,,,,,White - White British (W1),White,Police and Criminal Evidence Act 1984 (section 1),Article for use in theft,Nothing found - no further action,,
Person search,2015-07-02T00:48:09+00:00,False,,,,,,White - White British (W1),White,Police and Criminal Evidence Act 1984 (section 1),Offensive weapons,Nothing found - no further action,,
Person search,2015-07-02T04:10:49+00:00,False,,,,,,White - White British (W1),White,Police and Criminal Evidence Act 1984 (section 1),Article for use in theft,Nothing found - no further action,,
Person and Vehicle search,2015-07-02T08:27:03+00:00,False,,,,,,White - Any other White ethnic background (W9),White,Customs and Excise Management Act 1979 (section 163),Controlled drugs,Nothing found - no further action,,
Person search,2015-07-02T08:38:04+00:00,False,,,,,,White - White British (W1),White,Police and Criminal Evidence Act 1984 (section 1),Stolen goods,Nothing found - no further action,,
Person search,2015-07-02T10:15:47+00:00,False,,,,,,White - White British (W1),White,Misuse of Drugs Act 1971 (section 23),Controlled drugs,Offender given drugs possession warning,,
Person search,2015-07-02T14:37:04+00:00,False,,,,,,White - White British (W1),White,Police and Criminal Evidence Act 1984 (section 1),Stolen goods,Nothing found - no further action,,
Person search,2015-07-02T15:08:30+00:00,True,tattoo,,,,,White - White British (W1),White,Misuse of Drugs Act 1971 (section 23),Controlled drugs,Nothing found - no further action,,
Person and Vehicle search,2015-07-02T15:10:03+00:00,True,tattoo,,,,,White - White British (W1),White,Misuse of Drugs Act 1971 (section 23),Controlled drugs,Nothing found - no further action,,
Person search,2015-07-02T15:14:13+00:00,True,op tattoo,,,,,White - White British (W1),White,Misuse of Drugs Act 1971 (section 23),Controlled drugs,Nothing found - no further action,,
Person and Vehicle search,2015-07-02T16:30:53+00:00,False,,,,,,White - White British (W1),White,Misuse of Drugs Act 1971 (section 23),Controlled drugs,Article found - Detailed outcome unavailable,,
Person search,2015-07-02T17:37:35+00:00,False,,,,,,White - White British (W1),White,Misuse of Drugs Act 1971 (section 23),Controlled drugs,Nothing found - no further action,,
Person search,2015-07-02T18:30:31+00:00,False,,,,,,White - White British (W1),White,Police and Criminal Evidence Act 1984 (section 1),Offensive weapons,Nothing found - no further action,,
Person and Vehicle search,2015-07-02T21:24:54+00:00,False,,,,,,White - White British (W1),White,Misuse of Drugs Act 1971 (section 23),Controlled drugs,Nothing found - no further action,,
Person search,2015-07-02T21:24:54+00:00,False,,,,,,White - White British (W1),White,Misuse of Drugs Act 1971 (section 23),Controlled drugs,Nothing found - no further action,,
Person search,2015-07-03T03:15:06+00:00,False,,,,,,White - White British (W1),White,Police and Criminal Evidence Act 1984 (section 1),Article for use in theft,Nothing found - no further action,,
Person search,2015-07-03T04:07:07+00:00,False,,,,,,Black or Black British - African (B2),Black,Police and Criminal Evidence Act 1984 (section 1),Stolen goods,Nothing found - no further action,,
Person and Vehicle search,2015-07-03T11:35:30+00:00,False,,,,,,Asian or Asian British - Pakistani (A2),Asian,Misuse of Drugs Act 1971 (section 23),Controlled drugs,Nothing found - no further action,,
Person search,2015-07-03T23:09:37+00:00,False,,,,,,White - White British (W1),White,Misuse of Drugs Act 1971 (section 23),Controlled drugs,Offender cautioned,,
Person search,2015-07-04T00:12:13+00:00,False,,,,,,White - Any other White ethnic background (W9),White,Misuse of Drugs Act 1971 (section 23),Controlled drugs,Nothing found - no further action,,
Person search,2015-07-04T00:17:15+00:00,False,,,,,,White - Any other White ethnic background (W9),White,Misuse of Drugs Act 1971 (section 23),Controlled drugs,Nothing found - no further action,,
Person search,2015-07-04T00:53:32+00:00,False,,,,,,White - White British (W1),White,Misuse of Drugs Act 1971 (section 23),Controlled drugs,Nothing found - no further action,,
Person search,2015-07-04T01:57:58+00:00,True,tandem,,,,,White - White British (W1),White,Misuse of Drugs Act 1971 (section 23),Controlled drugs,Nothing found - no further action,,
Person search,2015-07-04T07:05:19+00:00,True,operation trough,,,,,White - White British (W1),White,Misuse of Drugs Act 1971 (section 23),Controlled drugs,Nothing found - no further action,,
Person search,2015-07-04T07:05:56+00:00,True,trough,,,,,White - White British (W1),White,Misuse of Drugs Act 1971 (section 23),Controlled drugs,Nothing found - no further action,,
Person search,2015-07-04T07:18:34+00:00,True,trough,,,,,White - White British (W1),White,Misuse of Drugs Act 1971 (section 23),Controlled drugs,Nothing found - no further action,,
Person search,2015-07-04T07:44:24+00:00,False,,,,,,Mixed - White and Black African (M2),Black,Misuse of Drugs Act 1971 (section 23),Controlled drugs,Nothing found - no further action,,
Person search,2015-07-04T15:58:22+00:00,False,,,,,,Black or Black British - Caribbean (B1),Black,Police and Criminal Evidence Act 1984 (section 1),Article for use in theft,Nothing found - no further action,,
Person and Vehicle search,2015-07-04T16:06:31+00:00,True,trough,,,,,Asian or Asian British - Pakistani (A2),Asian,Misuse of Drugs Act 1971 (section 23),Controlled drugs,Offender given drugs possession warning,,
Person search,2015-07-04T19:10:37+00:00,False,,,,,,White - White British (W1),White,Police and Criminal Evidence Act 1984 (section 1),Stolen goods,Nothing found - no further action,,
Person search,2015-07-04T22:00:36+00:00,False,,,,,,Asian or Asian British - Pakistani (A2),Asian,Misuse of Drugs Act 1971 (section 23),Controlled drugs,Nothing found - no further action,,
Person and Vehicle search,2015-07-05T00:20:58+00:00,False,,,,,,White - White British (W1),White,Misuse of Drugs Act 1971 (section 23),Controlled drugs,Nothing found - no further action,,
Person search,2015-07-05T00:20:58+00:00,False,,,,,,White - White British (W1),White,Misuse of Drugs Act 1971 (section 23),Controlled drugs,Offender cautioned,,
Person search,2015-07-05T00:20:58+00:00,False,,,,,,White - White British (W1),White,Misuse of Drugs Act 1971 (section 23),Controlled drugs,Nothing found - no further action,,
Person search,2015-07-05T13:27:08+00:00,False,,,,,,White - White British (W1),White,Police and Criminal Evidence Act 1984 (section 1),Stolen goods,Nothing found - no further action,,
Person search,2015-07-05T13:27:09+00:00,False,,,,,,White - White British (W1),White,Police and Criminal Evidence Act 1984 (section 1),Stolen goods,Nothing found - no further action,,
Person search,2015-07-05T14:08:16+00:00,False,,,,,,White - White British (W1),White,Misuse of Drugs Act 1971 (section 23),Controlled drugs,Nothing found - no further action,,
Person and Vehicle search,2015-07-05T15:22:43+00:00,False,,,,,,Asian or Asian British - Pakistani (A2),Asian,Firearms Act 1968 (section 47),Firearms,Nothing found - no further action,,
Person search,2015-07-05T15:22:43+00:00,False,,,,,,Asian or Asian British - Pakistani (A2),Asian,Firearms Act 1968 (section 47),Firearms,Nothing found - no further action,,
Person and Vehicle search,2015-07-05T17:56:59+00:00,False,,,,,,Asian or Asian British - Pakistani (A2),Asian,Misuse of Drugs Act 1971 (section 23),Controlled drugs,Nothing found - no further action,,
Person and Vehicle search,2015-07-05T20:35:33+00:00,False,,,,,,Mixed - White and Black Caribbean (M1),Black,Misuse of Drugs Act 1971 (section 23),Controlled drugs,Suspect arrested,,
Person search,2015-07-05T21:18:40+00:00,False,,,,,,White - White British (W1),White,Misuse of Drugs Act 1971 (section 23),Controlled drugs,Offender given drugs possession warning,,
Person search,2015-07-06T02:10:47+00:00,False,,,,,,White - White British (W1),White,Misuse of Drugs Act 1971 (section 23),Controlled drugs,Offender cautioned,,
Person and Vehicle search,2015-07-06T02:10:47+00:00,False,,,,,,White - White British (W1),White,Misuse of Drugs Act 1971 (section 23),Controlled drugs,Nothing found - no further action,,
Person search,2015-07-06T02:10:47+00:00,False,,,,,,White - White British (W1),White,Misuse of Drugs Act 1971 (section 23),Controlled drugs,Nothing found - no further action,,
Person search,2015-07-06T03:26:28+00:00,False,,,,,,White - White British (W1),White,Police and Criminal Evidence Act 1984 (section 1),Article for use in theft,Nothing found - no further action,,
Person search,2015-07-06T07:50:38+00:00,False,,,,,,White - White British (W1),White,Misuse of Drugs Act 1971 (section 23),Controlled drugs,Nothing found - no further action,,
Person and Vehicle search,2015-07-06T10:08:22+00:00,False,,,,,,White - White British (W1),White,Police and Criminal Evidence Act 1984 (section 1),Stolen goods,Nothing found - no further action,,
Person search,2015-07-06T11:43:15+00:00,False,,,,,,White - White British (W1),White,Police and Criminal Evidence Act 1984 (section 1),Article for use in theft,Nothing found - no further action,,
Person search,2015-07-06T11:52:53+00:00,False,,,,,,White - White British (W1),White,Police and Criminal Evidence Act 1984 (section 1),Offensive weapons,Suspect summonsed to court,,
Person search,2015-07-06T12:35:32+00:00,False,,,,,,White - White British (W1),White,Misuse of Drugs Act 1971 (section 23),Controlled drugs,Nothing found - no further action,,
Person search,2015-07-06T22:10:06+00:00,False,,,,,,Asian or Asian British - Any other Asian ethnic background (A9),,Misuse of Drugs Act 1971 (section 23),Controlled drugs,Nothing found - no further action,,
Person and Vehicle search,2015-07-06T22:15:35+00:00,False,,,,,,Asian or Asian British - Any other Asian ethnic background (A9),Asian,Misuse of Drugs Act 1971 (section 23),Controlled drugs,Offender cautioned,,
Person search,2015-07-06T22:32:36+00:00,False,,,,,,White - White British (W1),White,Misuse of Drugs Act 1971 (section 23),Controlled drugs,Nothing found - no further action,,
Person and Vehicle search,2015-07-06T22:43:29+00:00,False,,,,,,White - White British (W1),White,Misuse of Drugs Act 1971 (section 23),Controlled drugs,Nothing found - no further action,,
Person and Vehicle search,2015-07-06T23:50:23+00:00,False,,,,,,White - White British (W1),White,Misuse of Drugs Act 1971 (section 23),Controlled drugs,Nothing found - no further action,,
Person search,2015-07-06T23:50:23+00:00,False,,,,,,White - White British (W1),White,Misuse of Drugs Act 1971 (section 23),Controlled drugs,Nothing found - no further action,,
Person search,2015-07-06T23:50:23+00:00,False,,,,,,White - White British (W1),White,Misuse of Drugs Act 1971 (section 23),Controlled drugs,Nothing found - no further action,,
Person search,2015-07-07T00:44:49+00:00,False,,,,,,White - White British (W1),White,Police and Criminal Evidence Act 1984 (section 1),Stolen goods,Nothing found - no further action,,
Person search,2015-07-07T00:45:40+00:00,False,,,,,,White - White British (W1),White,Police and Criminal Evidence Act 1984 (section 1),Stolen goods,Nothing found - no further action,,
Person search,2015-07-07T15:45:12+00:00,False,,,,,,Black or Black British - Caribbean (B1),Black,Police and Criminal Evidence Act 1984 (section 1),Stolen goods,Nothing found - no further action,,
Person search,2015-07-07T15:50:43+00:00,False,,,,,,White - White British (W1),White,Police and Criminal Evidence Act 1984 (section 1),Stolen goods,Nothing found - no further action,,
Person search,2015-07-07T18:04:00+00:00,False,,,,,,White - White British (W1),White,Police and Criminal Evidence Act 1984 (section 1),Article for use in theft,Nothing found - no further action,,
Person search,2015-07-07T18:34:59+00:00,False,,,,,,White - White British (W1),White,Police and Criminal Evidence Act 1984 (section 1),Article for use in theft,Suspect arrested,,
Person search,2015-07-07T18:35:03+00:00,False,,,,,,White - White British (W1),White,Police and Criminal Evidence Act 1984 (section 1),Stolen goods,Nothing found - no further action,,
Person search,2015-07-07T20:35:05+00:00,False,,,,,,White - White British (W1),White,Misuse of Drugs Act 1971 (section 23),Controlled drugs,Nothing found - no further action,,
Person search,2015-07-07T20:35:05+00:00,False,,,,,,White - White British (W1),White,Misuse of Drugs Act 1971 (section 23),Controlled drugs,Nothing found - no further action,,
Person and Vehicle search,2015-07-07T20:35:05+00:00,False,,,,,,White - White British (W1),White,Misuse of Drugs Act 1971 (section 23),Controlled drugs,Suspect arrested,,
Person and Vehicle search,2015-07-07T21:31:34+00:00,False,,,,,,White - Any other White ethnic background (W9),White,Police and Criminal Evidence Act 1984 (section 1),Offensive weapons,Nothing found - no further action,,
Person search,2015-07-07T22:45:10+00:00,False,,,,,,Black or Black British - Caribbean (B1),Black,Police and Criminal Evidence Act 1984 (section 1),Stolen goods,Nothing found - no further action,,
Person search,2015-07-07T23:03:15+00:00,False,,,,,,White - White British (W1),White,Misuse of Drugs Act 1971 (section 23),Controlled drugs,Nothing found - no further action,,
Person and Vehicle search,2015-07-07T23:03:15+00:00,False,,,,,,White - White British (W1),White,Misuse of Drugs Act 1971 (section 23),Controlled drugs,Nothing found - no further action,,
Person search,2015-07-07T23:03:15+00:00,False,,,,,,White - White British (W1),White,Misuse of Drugs Act 1971 (section 23),Controlled drugs,Nothing found - no further action,,
Person search,2015-07-07T23:15:18+00:00,False,,,,,,White - White British (W1),White,Police and Criminal Evidence Act 1984 (section 1),Articles for use in criminal damage,Nothing found - no further action,,
Person search,2015-07-07T23:15:18+00:00,False,,,,,,White - White British (W1),White,Police and Criminal Evidence Act 1984 (section 1),Articles for use in criminal damage,Nothing found - no further action,,
Person search,2015-07-07T23:15:18+00:00,False,,,,,,White - White British (W1),White,Police and Criminal Evidence Act 1984 (section 1),Articles for use in criminal damage,Nothing found - no further action,,
Person search,2015-07-07T23:15:18+00:00,False,,,,,,White - White British (W1),White,Police and Criminal Evidence Act 1984 (section 1),Articles for use in criminal damage,Nothing found - no further action,,
Person and Vehicle search,2015-07-08T10:03:30+00:00,False,,,,,,White - Any other White ethnic background (W9),White,Police and Criminal Evidence Act 1984 (section 1),Offensive weapons,Nothing found - no further action,,
Person search,2015-07-08T10:30:20+00:00,False,,,,,,White - White British (W1),White,Police and Criminal Evidence Act 1984 (section 1),Article for use in theft,Nothing found - no further action,,
Person and Vehicle search,2015-07-08T21:20:00+00:00,False,,,,,,White - White British (W1),White,Misuse of Drugs Act 1971 (section 23),Controlled drugs,Offender cautioned,,
Person and Vehicle search,2015-07-08T21:32:43+00:00,False,,,,,,White - White British (W1),White,Misuse of Drugs Act 1971 (section 23),Controlled drugs,Offender given drugs possession warning,,
Person search,2015-07-09T01:14:48+00:00,False,,,,,,White - White British (W1),White,Police and Criminal Evidence Act 1984 (section 1),Article for use in theft,Nothing found - no further action,,
Person search,2015-07-09T01:14:48+00:00,False,,,,,,White - White British (W1),White,Police and Criminal Evidence Act 1984 (section 1),Article for use in theft,Nothing found - no further action,,
Person search,2015-07-09T02:52:20+00:00,False,,,,,,White - White British (W1),White,Police and Criminal Evidence Act 1984 (section 1),Article for use in theft,Nothing found - no further action,,
Person search,2015-07-09T02:52:20+00:00,False,,,,,,White - White British (W1),White,Police and Criminal Evidence Act 1984 (section 1),Article for use in theft,Nothing found - no further action,,
Vehicle search,2015-07-09T12:11:37+00:00,False,,,,,,,,Misuse of Drugs Act 1971 (section 23),Controlled drugs,Nothing found - no further action,,
Person search,2015-07-09T19:15:39+00:00,False,,,,,,Black or Black British - Any other Black ethnic background (B9),Black,Police and Criminal Evidence Act 1984 (section 1),Article for use in theft,Suspect arrested,,
Person search,2015-07-09T22:50:47+00:00,False,,,,,,White - White British (W1),White,Misuse of Drugs Act 1971 (section 23),Controlled drugs,Suspect arrested,,
Person search,2015-07-09T23:50:22+00:00,False,,,,,,White - White British (W1),White,Misuse of Drugs Act 1971 (section 23),Controlled drugs,Nothing found - no further action,,
Person search,2015-07-10T01:11:35+00:00,False,,,,,,White - White British (W1),White,Police and Criminal Evidence Act 1984 (section 1),Article for use in theft,Nothing found - no further action,,
Person search,2015-07-10T01:11:35+00:00,False,,,,,,White - White British (W1),White,Police and Criminal Evidence Act 1984 (section 1),Article for use in theft,Nothing found - no further action,,
Person search,2015-07-10T01:11:35+00:00,False,,,,,,White - White British (W1),White,Police and Criminal Evidence Act 1984 (section 1),Article for use in theft,Nothing found - no further action,,
Person search,2015-07-10T03:25:06+00:00,False,,,,,,White - White British (W1),White,Misuse of Drugs Act 1971 (section 23),Controlled drugs,Nothing found - no further action,,
Person search,2015-07-10T03:25:53+00:00,False,,,,,,White - White British (W1),White,Misuse of Drugs Act 1971 (section 23),Controlled drugs,Offender given drugs possession warning,,
Person and Vehicle search,2015-07-10T03:51:44+00:00,False,,,,,,Not Stated (NS),White,Police and Criminal Evidence Act 1984 (section 1),Stolen goods,Nothing found - no further action,,
Person search,2015-07-10T04:55:31+00:00,False,,,,,,Not Stated (NS),White,Police and Criminal Evidence Act 1984 (section 1),Article for use in theft,Nothing found - no further action,,
Person search,2015-07-10T15:00:44+00:00,False,,,,,,White - White British (W1),White,Police and Criminal Evidence Act 1984 (section 1),Stolen goods,Nothing found - no further action,,
Person search,2015-07-10T15:00:44+00:00,False,,,,,,White - White British (W1),White,Police and Criminal Evidence Act 1984 (section 1),Stolen goods,Nothing found - no further action,,
Person search,2015-07-10T15:00:44+00:00,False,,,,,,White - White British (W1),White,Police and Criminal Evidence Act 1984 (section 1),Stolen goods,Nothing found - no further action,,
Person and Vehicle search,2015-07-10T16:00:43+00:00,False,,,,,,White - White British (W1),White,Police and Criminal Evidence Act 1984 (section 1),Offensive weapons,Nothing found - no further action,,
Person search,2015-07-10T18:47:45+00:00,False,,,,,,Black or Black British - African (B2),Black,Misuse of Drugs Act 1971 (section 23),Controlled drugs,Nothing found - no further action,,
Person search,2015-07-10T20:03:05+00:00,False,,,,,,White - White British (W1),White,Misuse of Drugs Act 1971 (section 23),Controlled drugs,Suspect summonsed to court,,
Person and Vehicle search,2015-07-11T00:20:01+00:00,False,,,,,,White - White British (W1),White,Misuse of Drugs Act 1971 (section 23),Controlled drugs,Nothing found - no further action,,
Person search,2015-07-11T05:20:47+00:00,False,,,,,,Asian or Asian British - Pakistani (A2),Asian,Police and Criminal Evidence Act 1984 (section 1),Article for use in theft,Nothing found - no further action,,
Person and Vehicle search,2015-07-11T13:42:53+00:00,False,,,,,,Black or Black British - Any other Black ethnic background (B9),Black,Misuse of Drugs Act 1971 (section 23),Controlled drugs,Nothing found - no further action,,
Person search,2015-07-11T13:44:49+00:00,False,,,,,,Black or Black British - African (B2),Black,Misuse of Drugs Act 1971 (section 23),Controlled drugs,Nothing found - no further action,,
Person and Vehicle search,2015-07-11T15:32:36+00:00,False,,,,,,White - White British (W1),White,Police and Criminal Evidence Act 1984 (section 1),Stolen goods,Nothing found - no further action,,
Person and Vehicle search,2015-07-11T16:50:11+00:00,False,,,,,,White - White British (W1),White,Misuse of Drugs Act 1971 (section 23),Controlled drugs,Nothing found - no further action,,
Person search,2015-07-11T21:00:51+00:00,False,,,,,,White - White British (W1),White,Misuse of Drugs Act 1971 (section 23),Controlled drugs,Article found - Detailed outcome unavailable,,
Person and Vehicle search,2015-07-11T23:02:31+00:00,False,,,,,,White - White British (W1),White,Misuse of Drugs Act 1971 (section 23),Controlled drugs,Nothing found - no further action,,
Person search,2015-07-11T23:40:49+00:00,False,,,,,,White - White British (W1),White,Misuse of Drugs Act 1971 (section 23),Controlled drugs,Nothing found - no further action,,
Person search,2015-07-12T09:51:02+00:00,False,,,,,,White - White British (W1),White,Police and Criminal Evidence Act 1984 (section 1),Offensive weapons,Nothing found - no further action,,
Person search,2015-07-12T14:10:35+00:00,False,,,,,,Not Stated (NS),White,Police and Criminal Evidence Act 1984 (section 1),Stolen goods,Suspect arrested,,
Person search,2015-07-12T15:16:59+00:00,False,,,,,,White - White British (W1),White,Misuse of Drugs Act 1971 (section 23),Controlled drugs,Suspect arrested,,
Person search,2015-07-12T20:16:33+00:00,False,,,,,,White - White British (W1),White,Misuse of Drugs Act 1971 (section 23),Controlled drugs,Nothing found - no further action,,
Person search,2015-07-12T21:27:57+00:00,False,,,,,,Not Stated (NS),,Police and Criminal Evidence Act 1984 (section 1),Offensive weapons,Nothing found - no further action,,
Person and Vehicle search,2015-07-12T22:40:42+00:00,False,,,,,,White - White British (W1),White,Misuse of Drugs Act 1971 (section 23),Controlled drugs,Nothing found - no further action,,
Person and Vehicle search,2015-07-12T22:40:42+00:00,False,,,,,,White - White British (W1),White,Misuse of Drugs Act 1971 (section 23),Controlled drugs,Nothing found - no further action,,
Person and Vehicle search,2015-07-12T23:15:11+00:00,False,,,,,,Asian or Asian British - Any other Asian ethnic background (A9),Asian,Misuse of Drugs Act 1971 (section 23),Controlled drugs,Offender cautioned,,
Person search,2015-07-13T00:24:34+00:00,False,,,,,,White - White British (W1),White,Police and Criminal Evidence Act 1984 (section 1),Article for use in theft,Nothing found - no further action,,
Person search,2015-07-13T00:30:22+00:00,False,,,,,,White - White British (W1),White,Misuse of Drugs Act 1971 (section 23),Controlled drugs,Nothing found - no further action,,
Person search,2015-07-13T02:35:13+00:00,False,,,,,,White - White British (W1),White,Police and Criminal Evidence Act 1984 (section 1),Article for use in theft,Nothing found - no further action,,
Person and Vehicle search,2015-07-13T03:45:50+00:00,False,,,,,,White - White British (W1),White,Misuse of Drugs Act 1971 (section 23),Controlled drugs,Nothing found - no further action,,
Person search,2015-07-13T03:45:50+00:00,False,,,,,,White - White British (W1),White,Misuse of Drugs Act 1971 (section 23),Controlled drugs,Nothing found - no further action,,
Person search,2015-07-13T03:45:50+00:00,False,,,,,,White - White British (W1),White,Misuse of Drugs Act 1971 (section 23),Controlled drugs,Nothing found - no further action,,
Person search,2015-07-13T11:45:25+00:00,False,,,,,,Chinese or other ethnic group - Any other ethnic group (O9),White,Misuse of Drugs Act 1971 (section 23),Controlled drugs,Nothing found - no further action,,
Person search,2015-07-13T12:35:20+00:00,False,,,,,,White - White British (W1),White,Misuse of Drugs Act 1971 (section 23),Controlled drugs,Nothing found - no further action,,
Person search,2015-07-13T14:29:28+00:00,False,,,,,,Mixed - White and Black African (M2),Black,Misuse of Drugs Act 1971 (section 23),Controlled drugs,Offender cautioned,,
Person search,2015-07-13T14:34:37+00:00,False,,,,,,White - White British (W1),White,Misuse of Drugs Act 1971 (section 23),Controlled drugs,Nothing found - no further action,,
Person search,2015-07-13T14:35:57+00:00,False,,,,,,White - White British (W1),White,Misuse of Drugs Act 1971 (section 23),Controlled drugs,Nothing found - no further action,,
Person search,2015-07-13T14:45:52+00:00,False,,,,,,White - White British (W1),White,Police and Criminal Evidence Act 1984 (section 1),Stolen goods,Nothing found - no further action,,
Person search,2015-07-13T16:18:29+00:00,False,,,,,,White - White British (W1),White,Misuse of Drugs Act 1971 (section 23),Controlled drugs,Nothing found - no further action,,
Person and Vehicle search,2015-07-13T16:18:29+00:00,False,,,,,,White - White British (W1),White,Misuse of Drugs Act 1971 (section 23),Controlled drugs,Nothing found - no further action,,
Person search,2015-07-13T16:18:29+00:00,False,,,,,,White - White British (W1),White,Misuse of Drugs Act 1971 (section 23),Controlled drugs,Offender cautioned,,
Person search,2015-07-13T16:35:35+00:00,False,,,,,,White - White British (W1),White,Misuse of Drugs Act 1971 (section 23),Controlled drugs,Nothing found - no further action,,
Person and Vehicle search,2015-07-13T21:50:04+00:00,False,,,,,,White - White British (W1),White,Police and Criminal Evidence Act 1984 (section 1),Stolen goods,Nothing found - no further action,,
Person search,2015-07-13T23:13:20+00:00,False,,,,,,White - White British (W1),White,Misuse of Drugs Act 1971 (section 23),Controlled drugs,Nothing found - no further action,,
Person search,2015-07-13T23:25:57+00:00,False,,,,,,White - White British (W1),White,Misuse of Drugs Act 1971 (section 23),Controlled drugs,Suspect arrested,,
Person search,2015-07-14T00:35:17+00:00,True,tackle 2,,,,,White - White British (W1),White,Police and Criminal Evidence Act 1984 (section 1),Stolen goods,Nothing found - no further action,,
Person search,2015-07-14T01:00:08+00:00,False,,,,,,White - Any other White ethnic background (W9),White,Misuse of Drugs Act 1971 (section 23),Controlled drugs,Nothing found - no further action,,
Person and Vehicle search,2015-07-14T01:00:08+00:00,False,,,,,,White - Any other White ethnic background (W9),White,Misuse of Drugs Act 1971 (section 23),Controlled drugs,Nothing found - no further action,,
Person search,2015-07-14T02:43:59+00:00,False,,,,,,White - White British (W1),White,Police and Criminal Evidence Act 1984 (section 1),Article for use in theft,Nothing found - no further action,,
Person search,2015-07-14T02:50:17+00:00,False,,,,,,Black or Black British - African (B2),Black,Police and Criminal Evidence Act 1984 (section 1),Article for use in theft,Nothing found - no further action,,
Person search,2015-07-14T04:43:58+00:00,False,,,,,,White - White British (W1),White,Misuse of Drugs Act 1971 (section 23),Controlled drugs,Article found - Detailed outcome unavailable,,
Person search,2015-07-14T11:49:08+00:00,False,,,,,,White - White British (W1),White,Police and Criminal Evidence Act 1984 (section 1),Article for use in theft,Nothing found - no further action,,
Person search,2015-07-14T13:46:05+00:00,False,,,,,,White - White British (W1),White,Misuse of Drugs Act 1971 (section 23),Controlled drugs,Offender cautioned,,
Person search,2015-07-14T16:03:16+00:00,False,,,,,,White - Any other White ethnic background (W9),White,Police and Criminal Evidence Act 1984 (section 1),Offensive weapons,Nothing found - no further action,,
Person and Vehicle search,2015-07-14T17:16:16+00:00,False,,,,,,White - Any other White ethnic background (W9),White,Misuse of Drugs Act 1971 (section 23),Controlled drugs,Nothing found - no further action,,
Person and Vehicle search,2015-07-14T20:45:20+00:00,False,,,,,,White - White British (W1),White,Misuse of Drugs Act 1971 (section 23),Controlled drugs,Nothing found - no further action,,
Person search,2015-07-14T20:45:20+00:00,False,,,,,,White - White British (W1),White,Misuse of Drugs Act 1971 (section 23),Controlled drugs,Suspect summonsed to court,,
Person search,2015-07-15T13:40:29+00:00,False,,,,,,White - White British (W1),White,Misuse of Drugs Act 1971 (section 23),Controlled drugs,Suspect arrested,,
Person search,2015-07-15T18:35:56+00:00,False,,,,,,White - White British (W1),White,Police and Criminal Evidence Act 1984 (section 1),Stolen goods,Nothing found - no further action,,
Person and Vehicle search,2015-07-15T23:15:13+00:00,False,,,,,,White - White British (W1),White,Misuse of Drugs Act 1971 (section 23),Controlled drugs,Suspect arrested,,
Person search,2015-07-15T23:23:34+00:00,False,,,,,,White - White British (W1),White,Misuse of Drugs Act 1971 (section 23),Controlled drugs,Nothing found - no further action,,
Person search,2015-07-16T00:25:22+00:00,False,,,,,,White - White British (W1),White,Police and Criminal Evidence Act 1984 (section 1),Article for use in theft,Nothing found - no further action,,
Person search,2015-07-16T00:25:22+00:00,False,,,,,,White - White British (W1),White,Police and Criminal Evidence Act 1984 (section 1),Article for use in theft,Nothing found - no further action,,
Person and Vehicle search,2015-07-16T02:46:04+00:00,False,,,,,,White - White British (W1),White,Police and Criminal Evidence Act 1984 (section 1),Stolen goods,Nothing found - no further action,,
Person search,2015-07-16T03:45:28+00:00,False,,,,,,White - White British (W1),White,Police and Criminal Evidence Act 1984 (section 1),Stolen goods,Suspect arrested,,
Person search,2015-07-16T12:10:37+00:00,False,,,,,,Not Stated (NS),Asian,Misuse of Drugs Act 1971 (section 23),Controlled drugs,Nothing found - no further action,,
Person search,2015-07-16T12:20:48+00:00,False,,,,,,Not Stated (NS),Black,Misuse of Drugs Act 1971 (section 23),Controlled drugs,Nothing found - no further action,,
Person search,2015-07-16T12:30:06+00:00,False,,,,,,Not Stated (NS),Black,Misuse of Drugs Act 1971 (section 23),Controlled drugs,Nothing found - no further action,,
Person and Vehicle search,2015-07-16T14:29:12+00:00,False,,,,,,Asian or Asian British - Pakistani (A2),Asian,Misuse of Drugs Act 1971 (section 23),Controlled drugs,Nothing found - no further action,,
Person search,2015-07-16T14:59:57+00:00,False,,,,,,White - White British (W1),White,Police and Criminal Evidence Act 1984 (section 1),Stolen goods,Nothing found - no further action,,
Person search,2015-07-16T21:52:37+00:00,False,,,,,,Black or Black British - African (B2),Black,Police and Criminal Evidence Act 1984 (section 1),Stolen goods,Nothing found - no further action,,
Person search,2015-07-17T00:01:45+00:00,False,,,,,,White - White British (W1),White,Police and Criminal Evidence Act 1984 (section 1),Article for use in theft,Nothing found - no further action,,
Person search,2015-07-17T17:42:44+00:00,False,,,,,,White - White British (W1),White,Police and Criminal Evidence Act 1984 (section 1),Offensive weapons,Nothing found - no further action,,
Person search,2015-07-17T18:00:01+00:00,False,,,,,,Black or Black British - Caribbean (B1),Black,Misuse of Drugs Act 1971 (section 23),Controlled drugs,Suspect arrested,,
Person and Vehicle search,2015-07-17T18:00:31+00:00,False,,,,,,White - White British (W1),White,Misuse of Drugs Act 1971 (section 23),Controlled drugs,Suspect arrested,,
Person search,2015-07-17T22:05:29+00:00,False,,,,,,White - White British (W1),White,Misuse of Drugs Act 1971 (section 23),Controlled drugs,Suspect arrested,,
Person search,2015-07-17T22:44:53+00:00,False,,,,,,Asian or Asian British - Pakistani (A2),Asian,Police and Criminal Evidence Act 1984 (section 1),Offensive weapons,Nothing found - no further action,,
Person search,2015-07-17T23:01:39+00:00,False,,,,,,Black or Black British - African (B2),Black,Police and Criminal Evidence Act 1984 (section 1),Offensive weapons,Nothing found - no further action,,
Person search,2015-07-18T01:30:58+00:00,True,kaizen,,,,,Not Stated (NS),Other,Police and Criminal Evidence Act 1984 (section 1),Stolen goods,Nothing found - no further action,,
Person search,2015-07-18T06:00:29+00:00,False,,,,,,White - White British (W1),White,Misuse of Drugs Act 1971 (section 23),Controlled drugs,Offender given drugs possession warning,,
Person search,2015-07-18T13:40:19+00:00,False,,,,,,Asian or Asian British - Pakistani (A2),Asian,Misuse of Drugs Act 1971 (section 23),Controlled drugs,Nothing found - no further action,,
Person search,2015-07-18T13:46:44+00:00,False,,,,,,Asian or Asian British - Pakistani (A2),Asian,Misuse of Drugs Act 1971 (section 23),Controlled drugs,Nothing found - no further action,,
Person search,2015-07-18T16:20:24+00:00,False,,,,,,White - White British (W1),White,Police and Criminal Evidence Act 1984 (section 1),Article for use in theft,Nothing found - no further action,,
Person search,2015-07-18T16:30:32+00:00,False,,,,,,White - White British (W1),White,Police and Criminal Evidence Act 1984 (section 1),Stolen goods,Nothing found - no further action,,
Person search,2015-07-18T21:18:12+00:00,False,,,,,,Black or Black British - African (B2),Black,Misuse of Drugs Act 1971 (section 23),Controlled drugs,Offender given drugs possession warning,,
Person search,2015-07-18T21:33:46+00:00,False,,,,,,White - White British (W1),White,Misuse of Drugs Act 1971 (section 23),Controlled drugs,Nothing found - no further action,,
Person search,2015-07-18T22:35:17+00:00,False,,,,,,Mixed - White and Black Caribbean (M1),Black,Misuse of Drugs Act 1971 (section 23),Controlled drugs,Suspect summonsed to court,,
Person search,2015-07-18T22:35:26+00:00,False,,,,,,White - White British (W1),White,Misuse of Drugs Act 1971 (section 23),Controlled drugs,Nothing found - no further action,,
Person search,2015-07-18T22:55:48+00:00,False,,,,,,Mixed - White and Black Caribbean (M1),Black,Police and Criminal Evidence Act 1984 (section 1),Article for use in theft,Nothing found - no further action,,
Person search,2015-07-18T22:55:48+00:00,False,,,,,,White - White British (W1),White,Police and Criminal Evidence Act 1984 (section 1),Article for use in theft,Nothing found - no further action,,
Person search,2015-07-18T23:04:13+00:00,False,,,,,,White - White British (W1),White,Misuse of Drugs Act 1971 (section 23),Controlled drugs,Nothing found - no further action,,
Person search,2015-07-18T23:07:48+00:00,False,,,,,,White - White British (W1),White,Police and Criminal Evidence Act 1984 (section 1),Articles for use in criminal damage,Nothing found - no further action,,
Person search,2015-07-18T23:11:00+00:00,False,,,,,,Asian or Asian British - Any other Asian ethnic background (A9),White,Police and Criminal Evidence Act 1984 (section 1),Articles for use in criminal damage,Nothing found - no further action,,
Person and Vehicle search,2015-07-18T23:40:47+00:00,False,,,,,,Asian or Asian British - Pakistani (A2),Asian,Misuse of Drugs Act 1971 (section 23),Controlled drugs,Offender given drugs possession warning,,
Person search,2015-07-19T09:20:05+00:00,False,,,,,,White - White British (W1),White,Police and Criminal Evidence Act 1984 (section 1),Offensive weapons,Nothing found - no further action,,
Person search,2015-07-19T16:34:11+00:00,True,kaisen,,,,,White - White British (W1),White,Misuse of Drugs Act 1971 (section 23),Controlled drugs,Nothing found - no further action,,
Person search,2015-07-19T17:29:34+00:00,False,,,,,,White - White British (W1),White,Police and Criminal Evidence Act 1984 (section 1),Article for use in theft,Nothing found - no further action,,
Person search,2015-07-19T17:40:44+00:00,False,,,,,,White - White British (W1),White,Police and Criminal Evidence Act 1984 (section 1),Article for use in theft,Nothing found - no further action,,
Person search,2015-07-19T19:59:16+00:00,False,,,,,,White - White British (W1),White,Police and Criminal Evidence Act 1984 (section 1),Article for use in theft,Nothing found - no further action,,
Person search,2015-07-19T20:00:03+00:00,False,,,,,,White - White British (W1),White,Police and Criminal Evidence Act 1984 (section 1),Article for use in theft,Nothing found - no further action,,
Person search,2015-07-19T20:03:53+00:00,False,,,,,,White - White British (W1),White,Police and Criminal Evidence Act 1984 (section 1),Article for use in theft,Nothing found - no further action,,
Person search,2015-07-19T22:41:03+00:00,False,,,,,,White - White British (W1),White,Misuse of Drugs Act 1971 (section 23),Controlled drugs,Nothing found - no further action,,
Person search,2015-07-20T00:51:08+00:00,False,,,,,,Black or Black British - African (B2),Black,Police and Criminal Evidence Act 1984 (section 1),Offensive weapons,Suspect arrested,,
Person search,2015-07-20T00:55:56+00:00,False,,,,,,Not Stated (NS),Black,Misuse of Drugs Act 1971 (section 23),Controlled drugs,Nothing found - no further action,,
Person search,2015-07-20T01:10:30+00:00,False,,,,,,Black or Black British - African (B2),Black,Misuse of Drugs Act 1971 (section 23),Controlled drugs,Nothing found - no further action,,
Person search,2015-07-20T10:44:40+00:00,False,,,,,,White - White British (W1),White,Misuse of Drugs Act 1971 (section 23),Controlled drugs,Nothing found - no further action,,
Person search,2015-07-20T12:00:10+00:00,False,,,,,,White - White British (W1),White,Police and Criminal Evidence Act 1984 (section 1),Stolen goods,Nothing found - no further action,,
Person search,2015-07-20T12:00:10+00:00,False,,,,,,White - White British (W1),White,Police and Criminal Evidence Act 1984 (section 1),Stolen goods,Nothing found - no further action,,
Person and Vehicle search,2015-07-20T13:40:21+00:00,False,,,,,,Asian or Asian British - Pakistani (A2),Asian,Misuse of Drugs Act 1971 (section 23),Controlled drugs,Nothing found - no further action,,
Vehicle search,2015-07-20T18:15:03+00:00,False,,,,,,,,Misuse of Drugs Act 1971 (section 23),Controlled drugs,Nothing found - no further action,,
Person and Vehicle search,2015-07-20T21:25:23+00:00,False,,,,,,White - White British (W1),White,Misuse of Drugs Act 1971 (section 23),Controlled drugs,Suspect arrested,,
Person search,2015-07-20T23:28:29+00:00,False,,,,,,White - White British (W1),White,Police and Criminal Evidence Act 1984 (section 1),Stolen goods,Nothing found - no further action,,
Person search,2015-07-20T23:30:04+00:00,False,,,,,,White - White British (W1),White,Police and Criminal Evidence Act 1984 (section 1),Stolen goods,Nothing found - no further action,,
Person search,2015-07-21T03:00:30+00:00,False,,,,,,White - White British (W1),White,Police and Criminal Evidence Act 1984 (section 1),Article for use in theft,Nothing found - no further action,,
Person search,2015-07-21T03:19:59+00:00,False,,,,,,White - White British (W1),White,Police and Criminal Evidence Act 1984 (section 1),Article for use in theft,Nothing found - no further action,,
Person search,2015-07-21T03:40:56+00:00,False,,,,,,White - White British (W1),White,Police and Criminal Evidence Act 1984 (section 1),Article for use in theft,Nothing found - no further action,,
Person search,2015-07-21T03:44:48+00:00,False,,,,,,White - White British (W1),White,Police and Criminal Evidence Act 1984 (section 1),Article for use in theft,Nothing found - no further action,,
Person and Vehicle search,2015-07-21T04:05:45+00:00,False,,,,,,Asian or Asian British - Pakistani (A2),Asian,Police and Criminal Evidence Act 1984 (section 1),Stolen goods,Nothing found - no further action,,
Person search,2015-07-21T04:17:01+00:00,False,,,,,,Asian or Asian British - Pakistani (A2),Asian,Police and Criminal Evidence Act 1984 (section 1),Stolen goods,Nothing found - no further action,,
Person search,2015-07-21T04:27:00+00:00,False,,,,,,Asian or Asian British - Pakistani (A2),Asian,Police and Criminal Evidence Act 1984 (section 1),Stolen goods,Nothing found - no further action,,
Person search,2015-07-21T11:00:17+00:00,False,,,,,,White - White British (W1),White,Police and Criminal Evidence Act 1984 (section 1),Article for use in theft,Nothing found - no further action,,
Person search,2015-07-21T11:00:35+00:00,False,,,,,,White - White Irish (W2),White,Misuse of Drugs Act 1971 (section 23),Controlled drugs,Nothing found - no further action,,
Person search,2015-07-21T11:05:30+00:00,False,,,,,,White - White British (W1),White,Misuse of Drugs Act 1971 (section 23),Controlled drugs,Nothing found - no further action,,
Person search,2015-07-21T11:10:40+00:00,False,,,,,,White - White British (W1),White,Misuse of Drugs Act 1971 (section 23),Controlled drugs,Nothing found - no further action,,
Person search,2015-07-21T11:24:59+00:00,False,,,,,,Asian or Asian British - Pakistani (A2),Asian,Misuse of Drugs Act 1971 (section 23),Controlled drugs,Nothing found - no further action,,
Person search,2015-07-21T11:24:59+00:00,False,,,,,,Asian or Asian British - Pakistani (A2),Asian,Misuse of Drugs Act 1971 (section 23),Controlled drugs,Nothing found - no further action,,
Person search,2015-07-21T11:24:59+00:00,False,,,,,,Asian or Asian British - Pakistani (A2),Asian,Misuse of Drugs Act 1971 (section 23),Controlled drugs,Nothing found - no further action,,
Person and Vehicle search,2015-07-21T11:24:59+00:00,False,,,,,,Asian or Asian British - Pakistani (A2),Asian,Misuse of Drugs Act 1971 (section 23),Controlled drugs,Nothing found - no further action,,
Person search,2015-07-21T16:53:31+00:00,False,,,,,,White - White British (W1),White,Police and Criminal Evidence Act 1984 (section 1),Stolen goods,Nothing found - no further action,,
Person search,2015-07-21T16:53:31+00:00,False,,,,,,White - White British (W1),White,Police and Criminal Evidence Act 1984 (section 1),Stolen goods,Suspect summonsed to court,,
Person search,2015-07-21T16:53:31+00:00,False,,,,,,White - White British (W1),White,Police and Criminal Evidence Act 1984 (section 1),Stolen goods,Nothing found - no further action,,
Person search,2015-07-21T21:10:24+00:00,False,,,,,,White - White British (W1),White,Police and Criminal Evidence Act 1984 (section 1),Offensive weapons,Suspect arrested,,
Person search,2015-07-21T22:24:35+00:00,False,,,,,,Asian or Asian British - Pakistani (A2),Asian,Misuse of Drugs Act 1971 (section 23),Controlled drugs,Nothing found - no further action,,
Person search,2015-07-22T00:16:16+00:00,False,,,,,,Asian or Asian British - Any other Asian ethnic background (A9),Other,Police and Criminal Evidence Act 1984 (section 1),Stolen goods,Nothing found - no further action,,
Person search,2015-07-22T02:35:05+00:00,False,,,,,,White - White British (W1),White,Police and Criminal Evidence Act 1984 (section 1),Articles for use in criminal damage,Nothing found - no further action,,
Person search,2015-07-22T02:35:05+00:00,False,,,,,,White - White British (W1),White,Police and Criminal Evidence Act 1984 (section 1),Articles for use in criminal damage,Nothing found - no further action,,
Person search,2015-07-22T17:05:42+00:00,False,,,,,,Asian or Asian British - Pakistani (A2),Asian,Misuse of Drugs Act 1971 (section 23),Controlled drugs,Nothing found - no further action,,
Person search,2015-07-22T21:41:43+00:00,False,,,,,,White - White British (W1),White,Misuse of Drugs Act 1971 (section 23),Controlled drugs,Nothing found - no further action,,
Person search,2015-07-22T22:00:52+00:00,False,,,,,,White - White British (W1),White,Police and Criminal Evidence Act 1984 (section 1),Article for use in theft,Nothing found - no further action,,
Person search,2015-07-22T22:54:00+00:00,False,,,,,,White - White British (W1),White,Police and Criminal Evidence Act 1984 (section 1),Article for use in theft,Nothing found - no further action,,
Person search,2015-07-23T13:35:52+00:00,False,,,,,,White - Any other White ethnic background (W9),White,Police and Criminal Evidence Act 1984 (section 1),Stolen goods,Nothing found - no further action,,
Person search,2015-07-23T20:09:02+00:00,False,,,,,,White - White British (W1),White,Police and Criminal Evidence Act 1984 (section 1),Stolen goods,Nothing found - no further action,,
Person and Vehicle search,2015-07-23T22:00:09+00:00,False,,,,,,White - White British (W1),White,Misuse of Drugs Act 1971 (section 23),Controlled drugs,Suspect arrested,,
Person search,2015-07-23T22:06:16+00:00,False,,,,,,Asian or Asian British - Pakistani (A2),Asian,Misuse of Drugs Act 1971 (section 23),Controlled drugs,Nothing found - no further action,,
Person search,2015-07-23T22:37:11+00:00,False,,,,,,White - White British (W1),White,Police and Criminal Evidence Act 1984 (section 1),Article for use in theft,Nothing found - no further action,,
Person search,2015-07-24T17:41:34+00:00,False,,,,,,White - White British (W1),White,Police and Criminal Evidence Act 1984 (section 1),Stolen goods,Nothing found - no further action,,
Person search,2015-07-24T17:45:08+00:00,False,,,,,,Mixed - White and Black Caribbean (M1),Black,Police and Criminal Evidence Act 1984 (section 1),Stolen goods,Nothing found - no further action,,
Person search,2015-07-24T18:15:24+00:00,False,,,,,,White - White British (W1),White,Misuse of Drugs Act 1971 (section 23),Controlled drugs,Suspect arrested,,
Person search,2015-07-24T20:29:54+00:00,False,,,,,,White - White British (W1),White,Misuse of Drugs Act 1971 (section 23),Controlled drugs,Nothing found - no further action,,
Person search,2015-07-24T21:52:40+00:00,True,Tramlines,,,,,Black or Black British - Any other Black ethnic background (B9),Black,Misuse of Drugs Act 1971 (section 23),Controlled drugs,Offender cautioned,,
Person search,2015-07-24T21:57:01+00:00,True,op tandem,,,,,White - White British (W1),White,Misuse of Drugs Act 1971 (section 23),Controlled drugs,Article found - Detailed outcome unavailable,,
Person search,2015-07-24T22:07:44+00:00,False,,,,,,White - Any other White ethnic background (W9),White,Police and Criminal Evidence Act 1984 (section 1),Stolen goods,Local resolution,,
Person search,2015-07-24T22:07:44+00:00,False,,,,,,White - Any other White ethnic background (W9),White,Police and Criminal Evidence Act 1984 (section 1),Stolen goods,Local resolution,,
Person search,2015-07-24T23:45:15+00:00,False,,,,,,White - White British (W1),White,Police and Criminal Evidence Act 1984 (section 1),Article for use in theft,Nothing found - no further action,,
Person search,2015-07-24T23:45:20+00:00,False,,,,,,White - White British (W1),White,Police and Criminal Evidence Act 1984 (section 1),Article for use in theft,Nothing found - no further action,,
Person search,2015-07-25T00:12:57+00:00,False,,,,,,White - White British (W1),White,Misuse of Drugs Act 1971 (section 23),Controlled drugs,Nothing found - no further action,,
Person search,2015-07-25T02:05:53+00:00,True,tandem,,,,,White - White British (W1),White,Misuse of Drugs Act 1971 (section 23),Controlled drugs,Nothing found - no further action,,
Person and Vehicle search,2015-07-25T09:35:27+00:00,False,,,,,,Chinese or other ethnic group - Any other ethnic group (O9),Asian,Misuse of Drugs Act 1971 (section 23),Controlled drugs,Nothing found - no further action,,
Person and Vehicle search,2015-07-25T10:22:19+00:00,False,,,,,,White - White British (W1),White,Misuse of Drugs Act 1971 (section 23),Controlled drugs,Suspect arrested,,
Person search,2015-07-25T10:27:58+00:00,False,,,,,,Asian or Asian British - Any other Asian ethnic background (A9),Asian,Misuse of Drugs Act 1971 (section 23),Controlled drugs,Suspect summonsed to court,,
Person and Vehicle search,2015-07-25T17:43:49+00:00,False,,,,,,White - White British (W1),White,Misuse of Drugs Act 1971 (section 23),Controlled drugs,Offender cautioned,,
Person search,2015-07-25T17:45:20+00:00,False,,,,,,White - White British (W1),White,Police and Criminal Evidence Act 1984 (section 1),Article for use in theft,Nothing found - no further action,,
Person search,2015-07-25T17:45:20+00:00,False,,,,,,White - White British (W1),White,Police and Criminal Evidence Act 1984 (section 1),Article for use in theft,Nothing found - no further action,,
Person search,2015-07-25T18:20:01+00:00,False,,,,,,White - White British (W1),White,Misuse of Drugs Act 1971 (section 23),Controlled drugs,Nothing found - no further action,,
Person and Vehicle search,2015-07-25T18:52:32+00:00,False,,,,,,Asian or Asian British - Any other Asian ethnic background (A9),Other,Misuse of Drugs Act 1971 (section 23),Controlled drugs,Article found - Detailed outcome unavailable,,
Person search,2015-07-25T19:00:00+00:00,True,trough,,,,,White - White British (W1),White,Police and Criminal Evidence Act 1984 (section 1),Offensive weapons,Offender cautioned,,
Person search,2015-07-25T19:00:46+00:00,True,trough,,,,,White - White British (W1),White,Police and Criminal Evidence Act 1984 (section 1),Offensive weapons,Nothing found - no further action,,
Person search,2015-07-26T12:25:42+00:00,False,,,,,,White - White British (W1),White,Misuse of Drugs Act 1971 (section 23),Controlled drugs,Offender cautioned,,
Person and Vehicle search,2015-07-26T12:25:42+00:00,False,,,,,,White - White British (W1),White,Misuse of Drugs Act 1971 (section 23),Controlled drugs,Article found - Detailed outcome unavailable,,
Person search,2015-07-26T15:10:03+00:00,False,,,,,,White - White British (W1),White,Misuse of Drugs Act 1971 (section 23),Controlled drugs,Nothing found - no further action,,
Person and Vehicle search,2015-07-26T15:10:03+00:00,False,,,,,,White - White British (W1),White,Misuse of Drugs Act 1971 (section 23),Controlled drugs,Article found - Detailed outcome unavailable,,
Person search,2015-07-26T16:10:10+00:00,False,,,,,,White - White British (W1),White,Misuse of Drugs Act 1971 (section 23),Controlled drugs,Offender given drugs possession warning,,
Person and Vehicle search,2015-07-26T16:15:14+00:00,False,,,,,,White - White British (W1),White,Misuse of Drugs Act 1971 (section 23),Controlled drugs,Nothing found - no further action,,
Person search,2015-07-26T16:15:37+00:00,False,,,,,,White - White British (W1),White,Misuse of Drugs Act 1971 (section 23),Controlled drugs,Nothing found - no further action,,
Person search,2015-07-26T22:00:03+00:00,False,,,,,,White - White Irish (W2),White,Police and Criminal Evidence Act 1984 (section 1),Article for use in theft,Nothing found - no further action,,
Person search,2015-07-26T23:03:33+00:00,False,,,,,,White - White British (W1),White,Police and Criminal Evidence Act 1984 (section 1),Article for use in theft,Nothing found - no further action,,
Person search,2015-07-26T23:15:43+00:00,False,,,,,,White - White British (W1),White,Misuse of Drugs Act 1971 (section 23),Controlled drugs,Offender cautioned,,
Person search,2015-07-27T02:38:27+00:00,False,,,,,,Not Stated (NS),White,Police and Criminal Evidence Act 1984 (section 1),Article for use in theft,Nothing found - no further action,,
Person search,2015-07-27T03:11:20+00:00,False,,,,,,White - White British (W1),White,Police and Criminal Evidence Act 1984 (section 1),Stolen goods,Nothing found - no further action,,
Person search,2015-07-27T03:11:20+00:00,False,,,,,,Not Stated (NS),White,Police and Criminal Evidence Act 1984 (section 1),Stolen goods,Nothing found - no further action,,
Person search,2015-07-27T03:11:41+00:00,False,,,,,,White - White British (W1),White,Police and Criminal Evidence Act 1984 (section 1),Article for use in theft,Nothing found - no further action,,
Person search,2015-07-27T03:11:58+00:00,False,,,,,,White - White British (W1),White,Police and Criminal Evidence Act 1984 (section 1),Article for use in theft,Nothing found - no further action,,
Person and Vehicle search,2015-07-27T15:20:21+00:00,False,,,,,,White - White British (W1),White,Misuse of Drugs Act 1971 (section 23),Controlled drugs,Offender cautioned,,
Person search,2015-07-27T15:20:21+00:00,False,,,,,,White - White British (W1),White,Misuse of Drugs Act 1971 (section 23),Controlled drugs,Nothing found - no further action,,
Person search,2015-07-27T21:15:47+00:00,False,,,,,,White - White British (W1),White,Police and Criminal Evidence Act 1984 (section 1),Article for use in theft,Nothing found - no further action,,
Person search,2015-07-27T22:30:09+00:00,False,,,,,,White - White British (W1),White,Misuse of Drugs Act 1971 (section 23),Controlled drugs,Nothing found - no further action,,
Person and Vehicle search,2015-07-27T22:30:09+00:00,False,,,,,,White - White British (W1),White,Misuse of Drugs Act 1971 (section 23),Controlled drugs,Nothing found - no further action,,
Person search,2015-07-27T22:30:55+00:00,False,,,,,,White - White British (W1),White,Misuse of Drugs Act 1971 (section 23),Controlled drugs,Offender cautioned,,
Person search,2015-07-28T00:35:22+00:00,False,,,,,,White - White British (W1),White,Misuse of Drugs Act 1971 (section 23),Controlled drugs,Nothing found - no further action,,
Person and Vehicle search,2015-07-28T01:02:30+00:00,False,,,,,,Black or Black British - Caribbean (B1),Black,Misuse of Drugs Act 1971 (section 23),Controlled drugs,Article found - Detailed outcome unavailable,,
Person search,2015-07-28T13:10:39+00:00,False,,,,,,White - White British (W1),White,Misuse of Drugs Act 1971 (section 23),Controlled drugs,Nothing found - no further action,,
Person search,2015-07-28T15:57:20+00:00,False,,,,,,White - White British (W1),White,Misuse of Drugs Act 1971 (section 23),Controlled drugs,Nothing found - no further action,,
Person search,2015-07-28T17:00:11+00:00,False,,,,,,White - White British (W1),White,Police and Criminal Evidence Act 1984 (section 1),Offensive weapons,Offender given drugs possession warning,,
Person search,2015-07-28T18:50:01+00:00,False,,,,,,Black or Black British - Caribbean (B1),Black,Police and Criminal Evidence Act 1984 (section 1),Stolen goods,Nothing found - no further action,,
Person and Vehicle search,2015-07-28T19:50:45+00:00,False,,,,,,Black or Black British - Caribbean (B1),Black,Misuse of Drugs Act 1971 (section 23),Controlled drugs,Nothing found - no further action,,
Person search,2015-07-28T19:50:45+00:00,False,,,,,,White - White British (W1),White,Misuse of Drugs Act 1971 (section 23),Controlled drugs,Nothing found - no further action,,
Person and Vehicle search,2015-07-28T23:33:10+00:00,False,,,,,,White - Any other White ethnic background (W9),White,Misuse of Drugs Act 1971 (section 23),Controlled drugs,Offender given drugs possession warning,,
Person and Vehicle search,2015-07-29T01:20:13+00:00,False,,,,,,White - White British (W1),White,Wildlife and Countryside Act 1981 (section 19),Evidence of wildlife offences,Article found - Detailed outcome unavailable,,
Person and Vehicle search,2015-07-29T01:50:59+00:00,False,,,,,,Black or Black British - Caribbean (B1),Black,Misuse of Drugs Act 1971 (section 23),Controlled drugs,Article found - Detailed outcome unavailable,,
Person search,2015-07-29T02:24:58+00:00,False,,,,,,White - White British (W1),White,Misuse of Drugs Act 1971 (section 23),Controlled drugs,Nothing found - no further action,,
Person search,2015-07-29T02:24:58+00:00,False,,,,,,White - White British (W1),White,Misuse of Drugs Act 1971 (section 23),Controlled drugs,Nothing found - no further action,,
Person and Vehicle search,2015-07-29T02:24:58+00:00,False,,,,,,White - White British (W1),White,Misuse of Drugs Act 1971 (section 23),Controlled drugs,Suspect arrested,,
Person search,2015-07-29T02:24:58+00:00,False,,,,,,White - White British (W1),White,Misuse of Drugs Act 1971 (section 23),Controlled drugs,Nothing found - no further action,,
Person search,2015-07-29T15:35:30+00:00,False,,,,,,White - White British (W1),White,Police and Criminal Evidence Act 1984 (section 1),Stolen goods,Nothing found - no further action,,
Person search,2015-07-29T19:35:13+00:00,False,,,,,,White - Any other White ethnic background (W9),Other,Misuse of Drugs Act 1971 (section 23),Controlled drugs,Nothing found - no further action,,
Person and Vehicle search,2015-07-29T19:35:13+00:00,False,,,,,,White - Any other White ethnic background (W9),Other,Misuse of Drugs Act 1971 (section 23),Controlled drugs,Nothing found - no further action,,
Person search,2015-07-29T22:20:44+00:00,False,,,,,,Asian or Asian British - Pakistani (A2),Asian,Misuse of Drugs Act 1971 (section 23),Controlled drugs,Nothing found - no further action,,
Person and Vehicle search,2015-07-29T22:20:44+00:00,False,,,,,,Asian or Asian British - Pakistani (A2),Asian,Misuse of Drugs Act 1971 (section 23),Controlled drugs,Nothing found - no further action,,
Person search,2015-07-29T22:20:44+00:00,False,,,,,,Asian or Asian British - Pakistani (A2),Asian,Misuse of Drugs Act 1971 (section 23),Controlled drugs,Nothing found - no further action,,
Person and Vehicle search,2015-07-29T22:20:44+00:00,False,,,,,,Asian or Asian British - Pakistani (A2),Asian,Misuse of Drugs Act 1971 (section 23),Controlled drugs,Nothing found - no further action,,
Person and Vehicle search,2015-07-29T22:20:44+00:00,False,,,,,,Asian or Asian British - Pakistani (A2),Asian,Misuse of Drugs Act 1971 (section 23),Controlled drugs,Nothing found - no further action,,
Person search,2015-07-29T22:20:44+00:00,False,,,,,,Asian or Asian British - Pakistani (A2),Asian,Misuse of Drugs Act 1971 (section 23),Controlled drugs,Nothing found - no further action,,
Person search,2015-07-30T03:20:01+00:00,False,,,,,,White - White British (W1),White,Police and Criminal Evidence Act 1984 (section 1),Article for use in theft,Nothing found - no further action,,
Person search,2015-07-30T04:59:24+00:00,False,,,,,,Not Stated (NS),White,Police and Criminal Evidence Act 1984 (section 1),Offensive weapons,Nothing found - no further action,,
Person and Vehicle search,2015-07-30T14:23:50+00:00,False,,,,,,Black or Black British - African (B2),Black,Misuse of Drugs Act 1971 (section 23),Controlled drugs,Nothing found - no further action,,
Person search,2015-07-30T14:23:50+00:00,False,,,,,,Black or Black British - African (B2),Black,Misuse of Drugs Act 1971 (section 23),Controlled drugs,Nothing found - no further action,,
Person search,2015-07-30T14:23:50+00:00,False,,,,,,Black or Black British - African (B2),Black,Misuse of Drugs Act 1971 (section 23),Controlled drugs,Nothing found - no further action,,
Person and Vehicle search,2015-07-30T14:23:54+00:00,False,,,,,,Black or Black British - African (B2),Black,Misuse of Drugs Act 1971 (section 23),Controlled drugs,Nothing found - no further action,,
Person search,2015-07-30T14:23:59+00:00,False,,,,,,Black or Black British - African (B2),Black,Misuse of Drugs Act 1971 (section 23),Controlled drugs,Nothing found - no further action,,
Person search,2015-07-30T14:44:40+00:00,False,,,,,,Black or Black British - African (B2),Black,Misuse of Drugs Act 1971 (section 23),Controlled drugs,Nothing found - no further action,,
Person search,2015-07-30T15:02:42+00:00,False,,,,,,White - White British (W1),White,Misuse of Drugs Act 1971 (section 23),Controlled drugs,Nothing found - no further action,,
Person search,2015-07-30T15:55:20+00:00,False,,,,,,Asian or Asian British - Pakistani (A2),Asian,Misuse of Drugs Act 1971 (section 23),Controlled drugs,Nothing found - no further action,,
Person search,2015-07-30T15:55:20+00:00,False,,,,,,Asian or Asian British - Pakistani (A2),Asian,Misuse of Drugs Act 1971 (section 23),Controlled drugs,Nothing found - no further action,,
Person search,2015-07-30T19:40:53+00:00,False,,,,,,White - White British (W1),White,Police and Criminal Evidence Act 1984 (section 1),Stolen goods,Suspect arrested,,
Person search,2015-07-30T19:40:53+00:00,False,,,,,,White - White British (W1),White,Police and Criminal Evidence Act 1984 (section 1),Stolen goods,Suspect arrested,,
Person search,2015-07-30T20:09:37+00:00,False,,,,,,White - White British (W1),White,Police and Criminal Evidence Act 1984 (section 1),Stolen goods,Nothing found - no further action,,
Person search,2015-07-30T21:02:27+00:00,False,,,,,,White - White British (W1),White,Misuse of Drugs Act 1971 (section 23),Controlled drugs,Nothing found - no further action,,
Person search,2015-07-30T21:02:27+00:00,False,,,,,,White - White British (W1),White,Misuse of Drugs Act 1971 (section 23),Controlled drugs,Nothing found - no further action,,
Person and Vehicle search,2015-07-30T23:02:08+00:00,False,,,,,,Not Stated (NS),Black,Misuse of Drugs Act 1971 (section 23),Controlled drugs,Nothing found - no further action,,
Person search,2015-07-31T12:00:40+00:00,False,,,,,,White - White British (W1),White,Police and Criminal Evidence Act 1984 (section 1),Stolen goods,Nothing found - no further action,,
Person search,2015-07-31T17:19:03+00:00,False,,,,,,White - White British (W1),White,Police and Criminal Evidence Act 1984 (section 1),Offensive weapons,Nothing found - no further action,,
Person and Vehicle search,2015-07-31T18:00:08+00:00,False,,,,,,White - White British (W1),White,Misuse of Drugs Act 1971 (section 23),Controlled drugs,Suspect arrested,,
Person search,2015-07-31T18:20:27+00:00,False,,,,,,White - White British (W1),White,Misuse of Drugs Act 1971 (section 23),Controlled drugs,Nothing found - no further action,,
Person search,2015-07-31T18:20:27+00:00,False,,,,,,White - White British (W1),White,Misuse of Drugs Act 1971 (section 23),Controlled drugs,Nothing found - no further action,,
Person search,2015-07-31T19:50:37+00:00,False,,,,,,Asian or Asian British - Any other Asian ethnic background (A9),Asian,Misuse of Drugs Act 1971 (section 23),Controlled drugs,Nothing found - no further action,,
