Crime ID,Month,Reported by,Falls within,Longitude,Latitude,Location,LSOA code,LSOA name,Crime type,Last outcome category,Context
88ed62496bfd184b1cabc440d50429e4414439f2d6782dbfb3086ab8290f8c9d,2015-12,Surrey Police,Northumbria Police,-1.610089,54.888237,On or near Askrigg Close,E01020623,County Durham 002D,Public order,Under investigation,
0b12ed5f021b863a831faa7254af76307d7c510f0de79c99a252522db126dfc4,2015-12,Surrey Police,Northumbria Police,-1.676736,54.903395,On or near Burdon Plain,E01020663,County Durham 004C,Drugs,Offender given a drugs possession warning,
ecfb124cca969d1caf0be6330e7710b338c6793dbd2dff4dd2ecb77da7443ff9,2015-12,Surrey Police,Northumbria Police,-1.560279,54.875639,On or near Lambton Court,E01020611,County Durham 007D,Burglary,Investigation complete; no suspect identified,
779f15d99367b139f34020367470dd987a66d793f7af4b10b042485925d56192,2015-12,Surrey Police,Northumbria Police,-1.576093,54.877457,On or near Pelaw Grange Court,E01020611,County Durham 007D,Other theft,Investigation complete; no suspect identified,
01599e3a17a534291a797b0379953ff1f16c1cd203d5d7983ffde06f887fd9d1,2015-12,Surrey Police,Northumbria Police,-1.569130,54.880092,On or near Vigo Lane,E01020611,County Durham 007D,Public order,Offender given a caution,
edac3baf4c210f1d61b4b9f97ce8eceb74d47af29cc76d7990b02884a8d4a758,2015-12,Surrey Police,Northumbria Police,-1.569130,54.880092,On or near Vigo Lane,E01020611,County Durham 007D,Public order,Awaiting court outcome,
a6f0dc8028c02405573eb7067441ecf2b6e85325a91e5964811bfada32d51efc,2015-12,Surrey Police,Northumbria Police,-1.576790,54.877926,On or near Race Track,E01020612,County Durham 007E,Criminal damage and arson,Under investigation,
bb5ec264ecd498354de2d21c2e3b42b796fd87d2d00bb3d80ed76f3ee5c03ed5,2015-12,Surrey Police,Northumbria Police,-1.576790,54.877926,On or near Race Track,E01020612,County Durham 007E,Vehicle crime,Under investigation,
e41475a70c12a388b91f744ebcdbb0410d3394a748cf9d2638b2ccc16bd1cc5c,2015-12,Surrey Police,Northumbria Police,-1.576790,54.877926,On or near Race Track,E01020612,County Durham 007E,Vehicle crime,Under investigation,
215a8447be90beef29060b3f1876011baa5bdf74404d2a215ac91d63fd031636,2015-12,Surrey Police,Northumbria Police,-1.576790,54.877926,On or near Race Track,E01020612,County Durham 007E,Vehicle crime,Under investigation,
,2015-12,Surrey Police,Northumbria Police,-1.508580,54.850522,On or near Sports/Recreation Area,E01020590,County Durham 015A,Anti-social behaviour,,
f47fbefb33ac8554ab62760e9d46c9355433f22e5591f852477266b166c82c96,2015-12,Surrey Police,Northumbria Police,-1.508580,54.850522,On or near Sports/Recreation Area,E01020590,County Durham 015A,Other theft,Investigation complete; no suspect identified,
fcddf8057d1c133ecb370a1366c24a3330766cf3949ac0848c0be9c8aad23b95,2015-12,Surrey Police,Northumbria Police,-1.508580,54.850522,On or near Sports/Recreation Area,E01020590,County Durham 015A,Other theft,Investigation complete; no suspect identified,
8d2f90f3cbcf2aab0382ef6bf3f1a0530dc6339222eee6b07e8fb10ce717bbfa,2015-12,Surrey Police,Northumbria Police,-1.508580,54.850522,On or near Sports/Recreation Area,E01020590,County Durham 015A,Other theft,Investigation complete; no suspect identified,
59b1b90a54c9453bcb90e044d1444684c7b16ed993bf55bb4d348ecfc6b45d29,2015-12,Surrey Police,Northumbria Police,-1.508855,54.848348,On or near Sports/Recreation Area,E01020590,County Durham 015A,Violence and sexual offences,Under investigation,
80a57e1874998f85dabbfabd41b1b19e8e52d536aded05ce64ee3e05082e2f0c,2015-12,Surrey Police,Northumbria Police,-1.508855,54.848348,On or near Sports/Recreation Area,E01020590,County Durham 015A,Violence and sexual offences,Investigation complete; no suspect identified,
fa26edafdced96d7657315c6d0defafd460fe53186d7e72ed42dc0904fdc967a,2015-12,Surrey Police,Northumbria Police,-2.193126,54.795977,On or near Park/Open Space,E01020891,County Durham 042C,Criminal damage and arson,Awaiting court outcome,
032b75406481497e4c1dc966facaf638c04577aef2189e896043552d06217358,2015-12,Surrey Police,Northumbria Police,-2.193126,54.795977,On or near Park/Open Space,E01020891,County Durham 042C,Criminal damage and arson,Investigation complete; no suspect identified,
,2015-12,Surrey Police,Northumbria Police,-1.749143,54.971125,On or near Church Rise,E01008246,Gateshead 001A,Anti-social behaviour,,
,2015-12,Surrey Police,Northumbria Police,-1.752098,54.970682,On or near Runhead Estate,E01008246,Gateshead 001A,Anti-social behaviour,,
1bce1d9a985c0910411448eec4a0f3f7f5542407b6211d2b79d05fd1fd356fe9,2015-12,Surrey Police,Northumbria Police,-1.748367,54.970350,On or near Clifton Close,E01008246,Gateshead 001A,Criminal damage and arson,Investigation complete; no suspect identified,
9fcc2cf93656775643893eb5db8213c2f1d6ef096da2ee772dfa6957ecef7dd0,2015-12,Surrey Police,Northumbria Police,-1.748367,54.970350,On or near Clifton Close,E01008246,Gateshead 001A,Criminal damage and arson,Investigation complete; no suspect identified,
1fc0131fdb39b879b50363cac98fa08afc43733eeb8a68aa2328c2b18a8d73c6,2015-12,Surrey Police,Northumbria Police,-1.748367,54.970350,On or near Clifton Close,E01008246,Gateshead 001A,Vehicle crime,Investigation complete; no suspect identified,
71ce8225130bbed864186b23d9497749fa8890b0d45f6c6d31e6a08ddc8e98bf,2015-12,Surrey Police,Northumbria Police,-1.748367,54.970350,On or near Clifton Close,E01008246,Gateshead 001A,Vehicle crime,Investigation complete; no suspect identified,
a26e0ea9f7a31a2d64fa246204ec49ece29b0c9f17d549ec9bb797c01011fea9,2015-12,Surrey Police,Northumbria Police,-1.752098,54.970682,On or near Runhead Estate,E01008246,Gateshead 001A,Violence and sexual offences,Under investigation,
ab6627c5af68b3cb7d364500ef2003eae034a85293881926465063023e2c4281,2015-12,Surrey Police,Northumbria Police,-1.752098,54.970682,On or near Runhead Estate,E01008246,Gateshead 001A,Violence and sexual offences,Investigation complete; no suspect identified,
c3ebf464c9e39e9033e58f4465a08c562b9caf6245f5333d6dd71bdc06c5adc4,2015-12,Surrey Police,Northumbria Police,-1.752098,54.970682,On or near Runhead Estate,E01008246,Gateshead 001A,Violence and sexual offences,Under investigation,
,2015-12,Surrey Police,Northumbria Police,-1.756252,54.970825,On or near The Crescent,E01008247,Gateshead 001B,Anti-social behaviour,,
,2015-12,Surrey Police,Northumbria Police,-1.756391,54.968471,On or near Inleborough Drive,E01008247,Gateshead 001B,Anti-social behaviour,,
,2015-12,Surrey Police,Northumbria Police,-1.754552,54.967838,On or near Whernside Walk,E01008247,Gateshead 001B,Anti-social behaviour,,
,2015-12,Surrey Police,Northumbria Police,-1.754552,54.967838,On or near Whernside Walk,E01008247,Gateshead 001B,Anti-social behaviour,,
,2015-12,Surrey Police,Northumbria Police,-1.756391,54.968471,On or near Inleborough Drive,E01008247,Gateshead 001B,Anti-social behaviour,,
,2015-12,Surrey Police,Northumbria Police,-1.766612,54.970252,On or near Grange Crescent,E01008247,Gateshead 001B,Anti-social behaviour,,
,2015-12,Surrey Police,Northumbria Police,-1.756391,54.968471,On or near Inleborough Drive,E01008247,Gateshead 001B,Anti-social behaviour,,
,2015-12,Surrey Police,Northumbria Police,-1.772079,54.970325,On or near Sports/Recreation Area,E01008247,Gateshead 001B,Anti-social behaviour,,
,2015-12,Surrey Police,Northumbria Police,-1.756391,54.968471,On or near Inleborough Drive,E01008247,Gateshead 001B,Anti-social behaviour,,
,2015-12,Surrey Police,Northumbria Police,-1.766612,54.970252,On or near Grange Crescent,E01008247,Gateshead 001B,Anti-social behaviour,,
105eb46275176d084bd5740fd02f02dfc09d446f904921b09ea0d54119ce562c,2015-12,Surrey Police,Northumbria Police,-1.757222,54.970656,On or near North Grove,E01008247,Gateshead 001B,Drugs,Offender given a caution,
14877ec02c21461b414e365405140ea51d9ad0a1f6080deaa3602245fceb51e0,2015-12,Surrey Police,Northumbria Police,-1.776285,54.969542,On or near Parking Area,E01008247,Gateshead 001B,Drugs,Under investigation,
480c69c24d7a33fd08c3428d130d269e32b56cd35fadc55fe9373acdba276517,2015-12,Surrey Police,Northumbria Police,-1.754552,54.967838,On or near Whernside Walk,E01008247,Gateshead 001B,Vehicle crime,Investigation complete; no suspect identified,
ffe25db353633e384a162a30a64162ada8685ab228c5dd0c510790090427e136,2015-12,Surrey Police,Northumbria Police,-1.754552,54.967838,On or near Whernside Walk,E01008247,Gateshead 001B,Vehicle crime,Investigation complete; no suspect identified,
7618deb882c7b306a180520a36b7104997cd52b9621ec0416cefa836bdac3474,2015-12,Surrey Police,Northumbria Police,-1.757222,54.970656,On or near North Grove,E01008247,Gateshead 001B,Violence and sexual offences,Investigation complete; no suspect identified,
b3f572d715ae0a37e801c37e7d9efcee7e2b5eafe7461616bd66aadd3510b1b9,2015-12,Surrey Police,Northumbria Police,-1.754552,54.967838,On or near Whernside Walk,E01008247,Gateshead 001B,Violence and sexual offences,Offender sent to prison,
d3cd76bd0da4c44808ddc88cd20279d74bafec614b0590f89e7b43aa19f818b2,2015-12,Surrey Police,Northumbria Police,-1.756041,54.969557,On or near South Grove,E01008247,Gateshead 001B,Violence and sexual offences,Awaiting court outcome,
677a01b6ea625e805d6469921883ce0abf574569f8edd9a871f8ce203ac153d7,2015-12,Surrey Police,Northumbria Police,-1.769688,54.970536,On or near Burnaby Drive,E01008247,Gateshead 001B,Violence and sexual offences,Under investigation,
2a4e9f40b90b89eb7f687cfb2e438e95c97e95f9117d8656075e81486aa70908,2015-12,Surrey Police,Northumbria Police,-1.765164,54.969413,On or near The Ridge,E01008247,Gateshead 001B,Violence and sexual offences,Under investigation,
6f69e2e50c01485b33c832bac4c7559c23d0e088b4f265e6b7d7c50cb64d7516,2015-12,Surrey Police,Northumbria Police,-1.757222,54.970656,On or near North Grove,E01008247,Gateshead 001B,Violence and sexual offences,Under investigation,
7c60975c3c54bdb3cef35c667593cbae441df13d50998b9357c384b074e710d5,2015-12,Surrey Police,Northumbria Police,-1.753550,54.968222,On or near Croft Close,E01008247,Gateshead 001B,Violence and sexual offences,Under investigation,
16692fa9ad6044ddb24461217d99f719385eb98e1a89c1f469a902b76841c0e9,2015-12,Surrey Police,Northumbria Police,-1.767342,54.971071,On or near Woodside Way,E01008247,Gateshead 001B,Violence and sexual offences,Under investigation,
6102fd9370abc4343105f78cf76cc977ebb52a0b8e23961dfd1c7da7a24518f8,2015-12,Surrey Police,Northumbria Police,-1.754552,54.967838,On or near Whernside Walk,E01008247,Gateshead 001B,Violence and sexual offences,Under investigation,
f05bf96e79e2b8284d327021eaeabe541cd353c2873f4d09f80d6d939fd4813e,2015-12,Surrey Police,Northumbria Police,-1.754552,54.967838,On or near Whernside Walk,E01008247,Gateshead 001B,Violence and sexual offences,Under investigation,
021b9c4765cb87243f7a40136b1988958160f32490e95c32eb99dd2a4de484e8,2015-12,Surrey Police,Northumbria Police,-1.756391,54.968471,On or near Inleborough Drive,E01008247,Gateshead 001B,Violence and sexual offences,Investigation complete; no suspect identified,
327f56fee6e240c52ec168e938d5c5b55a3ce770fa6c0e53f8979a42356258a5,2015-12,Surrey Police,Northumbria Police,-1.756041,54.969557,On or near South Grove,E01008247,Gateshead 001B,Violence and sexual offences,Offender given a caution,
,2015-12,Surrey Police,Northumbria Police,-1.720511,54.966426,On or near Bridge Street,E01008248,Gateshead 001C,Anti-social behaviour,,
,2015-12,Surrey Police,Northumbria Police,-1.720511,54.966426,On or near Bridge Street,E01008248,Gateshead 001C,Anti-social behaviour,,
,2015-12,Surrey Police,Northumbria Police,-1.747728,54.967563,On or near Sports/Recreation Area,E01008248,Gateshead 001C,Anti-social behaviour,,
,2015-12,Surrey Police,Northumbria Police,-1.765487,54.956878,On or near Lead Road,E01008248,Gateshead 001C,Anti-social behaviour,,
2cdd3d727cee104995a2c2625fc9e360d7759031d080493c79827ec1a79be500,2015-12,Surrey Police,Northumbria Police,-1.720511,54.966426,On or near Bridge Street,E01008248,Gateshead 001C,Burglary,Under investigation,
ec72f120919ae8068f97a815023f8062559f93cef6a9b68d8d4e22687329df5e,2015-12,Surrey Police,Northumbria Police,-1.752327,54.966423,On or near Conway Close,E01008248,Gateshead 001C,Criminal damage and arson,Investigation complete; no suspect identified,
d82a08325b48163ce5ec36b3f240fc27cf16853b744c6b012f3886932a567cff,2015-12,Surrey Police,Northumbria Police,-1.771639,54.965238,On or near Woodside Lane,E01008248,Gateshead 001C,Criminal damage and arson,Investigation complete; no suspect identified,
c5429b45bbc53b1bebea1b14c1adacac5dad42a9c15dac2161588a43040c4d04,2015-12,Surrey Police,Northumbria Police,-1.729578,54.974525,On or near Cromwell Ford Way,E01008248,Gateshead 001C,Other theft,Investigation complete; no suspect identified,
928a0ebd8a81886d761820d961f6ff95eb8c1ddf76191811a1245a8326ba5ee4,2015-12,Surrey Police,Northumbria Police,-1.729578,54.974525,On or near Cromwell Ford Way,E01008248,Gateshead 001C,Possession of weapons,Investigation complete; no suspect identified,
9d0cc91810fad577cf319a22aa2e6bea7e2c9af739682c212937c623d7bec269,2015-12,Surrey Police,Northumbria Police,-1.741474,54.975871,On or near Newburn Bridge Road,E01008248,Gateshead 001C,Vehicle crime,Under investigation,
9cd6152cdb1b8c3f5b30acf105d78c372c95c5184b40e5669ff45d3ccb20fa01,2015-12,Surrey Police,Northumbria Police,-1.751578,54.966376,On or near Bishops Drive,E01008248,Gateshead 001C,Vehicle crime,Investigation complete; no suspect identified,
af51706271570c24b7ec0c35640d55be4068e2b87232c27927f9697d256b126b,2015-12,Surrey Police,Northumbria Police,-1.751578,54.966376,On or near Bishops Drive,E01008248,Gateshead 001C,Vehicle crime,Investigation complete; no suspect identified,
4b97c4b1dbe63cbacd747bfbbd09b25226aa60546843d3270b541479ed4bab88,2015-12,Surrey Police,Northumbria Police,-1.729578,54.974525,On or near Cromwell Ford Way,E01008248,Gateshead 001C,Vehicle crime,Investigation complete; no suspect identified,
3b0af30ab3e891b01a6ced6a22a9c698261ba883ce6266af4a066de253808453,2015-12,Surrey Police,Northumbria Police,-1.732266,54.971987,On or near Nunns Way,E01008248,Gateshead 001C,Violence and sexual offences,Under investigation,
,2015-12,Surrey Police,Northumbria Police,-1.745186,54.969418,On or near Hexham Old Road,E01008249,Gateshead 001D,Anti-social behaviour,,
,2015-12,Surrey Police,Northumbria Police,-1.750490,54.973042,On or near Holburn Crescent,E01008249,Gateshead 001D,Anti-social behaviour,,
,2015-12,Surrey Police,Northumbria Police,-1.762925,54.973057,On or near Lane Head,E01008249,Gateshead 001D,Anti-social behaviour,,
,2015-12,Surrey Police,Northumbria Police,-1.759512,54.971676,On or near Watermill,E01008249,Gateshead 001D,Anti-social behaviour,,
,2015-12,Surrey Police,Northumbria Police,-1.745186,54.969418,On or near Hexham Old Road,E01008249,Gateshead 001D,Anti-social behaviour,,
70d32bb7fed0ce7fdeb9945efad606c682786aacad8e9bb301e91cab3fd5b6db,2015-12,Surrey Police,Northumbria Police,-1.746617,54.972800,On or near Primrose Gardens,E01008249,Gateshead 001D,Burglary,Investigation complete; no suspect identified,
8a36f87b5aba9089364ed97d7bf0ed736234243a77308e5f94a6c10e2dc34326,2015-12,Surrey Police,Northumbria Police,-1.755458,54.972953,On or near Holburn Way,E01008249,Gateshead 001D,Other theft,Offender ordered to pay compensation,
34e2d9954d1895d0268504b469c4b2104c31dc57caf6dd00ae6742c6dfd6543d,2015-12,Surrey Police,Northumbria Police,-1.754393,54.973436,On or near Meadow Close,E01008249,Gateshead 001D,Other theft,Awaiting court outcome,
13e734fd6517a9734c663681e6d785eb003280192b0891cad3855af322ed02b7,2015-12,Surrey Police,Northumbria Police,-1.746617,54.972800,On or near Primrose Gardens,E01008249,Gateshead 001D,Vehicle crime,Investigation complete; no suspect identified,
5bbfaefd82422d74f79dcaf8899e763455fe5c7f5da47f0287d7f8694fabbc90,2015-12,Surrey Police,Northumbria Police,-1.754697,54.974901,On or near Holburn Lane,E01008249,Gateshead 001D,Vehicle crime,Investigation complete; no suspect identified,
ec5183a9db33889d1adba0cb60ead76f7a2616aa685da4edab737d07dd237b65,2015-12,Surrey Police,Northumbria Police,-1.750490,54.973042,On or near Holburn Crescent,E01008249,Gateshead 001D,Vehicle crime,Investigation complete; no suspect identified,
1c7fe00f896d997d87822a28dcda4afc16ca060301c2ce7dfe34a47c6d88b158,2015-12,Surrey Police,Northumbria Police,-1.760024,54.972288,On or near Supermarket,E01008249,Gateshead 001D,Violence and sexual offences,Under investigation,
db48b9159a5f115630f955cc2fb2e22b24c41704c3f1326b7c1b8087469328b8,2015-12,Surrey Police,Northumbria Police,-1.751219,54.973960,On or near Thorpe Drive,E01008249,Gateshead 001D,Violence and sexual offences,Investigation complete; no suspect identified,
e6995fc49fbc5d4aca7dcfead203a52ad4b96f7113ceb087d5638a1584908958,2015-12,Surrey Police,Northumbria Police,-1.750490,54.973042,On or near Holburn Crescent,E01008249,Gateshead 001D,Violence and sexual offences,Local resolution,
,2015-12,Surrey Police,Northumbria Police,-1.766390,54.973487,On or near Park Field,E01008250,Gateshead 001E,Anti-social behaviour,,
,2015-12,Surrey Police,Northumbria Police,-1.766390,54.973487,On or near Park Field,E01008250,Gateshead 001E,Anti-social behaviour,,
,2015-12,Surrey Police,Northumbria Police,-1.766390,54.973487,On or near Park Field,E01008250,Gateshead 001E,Anti-social behaviour,,
e58fd523c1defe704e912f1be8f8aa19a6e7bc041f78561a5cd4a231b7f346be,2015-12,Surrey Police,Northumbria Police,-1.760406,54.976306,On or near Village East,E01008250,Gateshead 001E,Drugs,Offender given a drugs possession warning,
5b360b6421a10eaccf182f8b71c52e2f7a2e29c5a7e3d7306219fb384e2491e1,2015-12,Surrey Police,Northumbria Police,-1.763183,54.971719,On or near Grange Road,E01008250,Gateshead 001E,Other theft,Investigation complete; no suspect identified,
1be4a0b9b3990ea117f2fb46c269228cd268c0df584c67f95e09fa6f857a0557,2015-12,Surrey Police,Northumbria Police,-1.766009,54.974627,On or near Lime Grove,E01008250,Gateshead 001E,Violence and sexual offences,Under investigation,
9a505966745dc439ae26c9e18d5dbaeee0338241934b1a06fc33d905734dbc10,2015-12,Surrey Police,Northumbria Police,-1.766009,54.974627,On or near Lime Grove,E01008250,Gateshead 001E,Violence and sexual offences,Under investigation,
8b00864d2a6f6ba56a3724cc0c791c4032a324d428ba22c3c065a3cea3c6098a,2015-12,Surrey Police,Northumbria Police,-1.760406,54.976306,On or near Village East,E01008250,Gateshead 001E,Violence and sexual offences,Offender given a caution,
,2015-12,Surrey Police,Northumbria Police,-1.779774,54.954308,On or near Whiteley Close,E01008195,Gateshead 002A,Anti-social behaviour,,
,2015-12,Surrey Police,Northumbria Police,-1.779774,54.954308,On or near Whiteley Close,E01008195,Gateshead 002A,Anti-social behaviour,,
5c45c4f010e3f5f13f751d4fdba66bf23061cd11fab7928e3c7ac3bec97a4575,2015-12,Surrey Police,Northumbria Police,-1.772370,54.954833,On or near Elmtree Drive,E01008195,Gateshead 002A,Burglary,Awaiting court outcome,
0b3db98a008741c3b202a1011200692195ff4d717a67ff8abbd83830e454aaf7,2015-12,Surrey Police,Northumbria Police,-1.772410,54.958671,On or near Kenmore Crescent,E01008195,Gateshead 002A,Vehicle crime,Investigation complete; no suspect identified,
2b3aa2f8109dccb8ee57fad6e597bb553dcaf147e02e497ae0749544ffed24fe,2015-12,Surrey Police,Northumbria Police,-1.779774,54.954308,On or near Whiteley Close,E01008195,Gateshead 002A,Vehicle crime,Investigation complete; no suspect identified,
d508d70ccabbbb72e9b75c96de55d19b7f1078790cd072a8e00d27d2e2adde86,2015-12,Surrey Police,Northumbria Police,-1.769817,54.956069,On or near Jasper Avenue,E01008195,Gateshead 002A,Violence and sexual offences,Investigation complete; no suspect identified,
82ae2d03ee7252a0cf1f206bec7c52245a7b0ad48a91cd99affae413d8a3a543,2015-12,Surrey Police,Northumbria Police,-1.788498,54.952104,On or near Lister Avenue,E01008195,Gateshead 002A,Violence and sexual offences,Investigation complete; no suspect identified,
,2015-12,Surrey Police,Northumbria Police,-1.784353,54.959348,On or near Sunnygill Terrace,E01008197,Gateshead 002B,Anti-social behaviour,,
,2015-12,Surrey Police,Northumbria Police,-1.788620,54.952661,On or near Rockwood Hill Road,E01008197,Gateshead 002B,Anti-social behaviour,,
,2015-12,Surrey Police,Northumbria Police,-1.788620,54.952661,On or near Rockwood Hill Road,E01008197,Gateshead 002B,Anti-social behaviour,,
d1081b0ec019b882e1311cf26a7d65fa21798905ee96b54fcaa36873e93454c1,2015-12,Surrey Police,Northumbria Police,-1.794070,54.952617,On or near Milton Street,E01008197,Gateshead 002B,Criminal damage and arson,Investigation complete; no suspect identified,
cd92c2837d90f0d0370bd535eb1fc33947df878a902685083e33772fb858908d,2015-12,Surrey Police,Northumbria Police,-1.788620,54.952661,On or near Rockwood Hill Road,E01008197,Gateshead 002B,Public order,Under investigation,
2171a5460d4a73c46bd6f40d8a194b864534f16af710f4a9b02d030f5ac1e05f,2015-12,Surrey Police,Northumbria Police,-1.784353,54.959348,On or near Sunnygill Terrace,E01008197,Gateshead 002B,Vehicle crime,Investigation complete; no suspect identified,
533d5a7ba547942dde82a2d53ef60021e9fbfde551f622f9fb6c640f7d78edc0,2015-12,Surrey Police,Northumbria Police,-1.787985,54.963551,On or near Westfield Crescent,E01008197,Gateshead 002B,Violence and sexual offences,Investigation complete; no suspect identified,
,2015-12,Surrey Police,Northumbria Police,-1.791368,54.967898,On or near Chesters Gardens,E01008198,Gateshead 002C,Anti-social behaviour,,
6e7fa3ebb8052804ae57534be80b68937b7c18d97c44c917a3d47344aae412f9,2015-12,Surrey Police,Northumbria Police,-1.788876,54.969358,On or near Garden House Estate,E01008198,Gateshead 002C,Criminal damage and arson,Investigation complete; no suspect identified,
1668310575fe4115508ff9c462cb313f67f2274f3a4a72c45dc210b7c3c1e4ac,2015-12,Surrey Police,Northumbria Police,-1.786597,54.969174,On or near Eden Dale,E01008198,Gateshead 002C,Criminal damage and arson,Under investigation,
c0dafb4b9e7a05b858058f7f4033d6ee854a6d0f4afdd937407a974e544be96e,2015-12,Surrey Police,Northumbria Police,-1.791368,54.967898,On or near Chesters Gardens,E01008198,Gateshead 002C,Drugs,Awaiting court outcome,
,2015-12,Surrey Police,Northumbria Police,-1.790075,54.967087,On or near Dale Street,E01008199,Gateshead 002D,Anti-social behaviour,,
77450dde45205d8c69619d12df40d4510b74f9f3b4098c39b5edb3c749043a1b,2015-12,Surrey Police,Northumbria Police,-1.790075,54.967087,On or near Dale Street,E01008199,Gateshead 002D,Criminal damage and arson,Under investigation,
9659ecb4bbf56dce6a42980c192e2a18532a37fa13d1ce8fe2c37041d2a846da,2015-12,Surrey Police,Northumbria Police,-1.786951,54.967126,On or near Main Street,E01008199,Gateshead 002D,Criminal damage and arson,Investigation complete; no suspect identified,
,2015-12,Surrey Police,Northumbria Police,-1.796584,54.961913,On or near Wellfield Court,E01008200,Gateshead 002E,Anti-social behaviour,,
118ad819afc42b5d343025bd31a367c89b82dde3259279d253a15696a7565e2e,2015-12,Surrey Police,Northumbria Police,-1.789741,54.974221,On or near Stannerford Road,E01008200,Gateshead 002E,Other crime,Awaiting court outcome,
,2015-12,Surrey Police,Northumbria Police,-1.773965,54.970985,On or near Reasby Gardens,E01008245,Gateshead 002F,Anti-social behaviour,,
,2015-12,Surrey Police,Northumbria Police,-1.773965,54.970985,On or near Reasby Gardens,E01008245,Gateshead 002F,Anti-social behaviour,,
,2015-12,Surrey Police,Northumbria Police,-1.773965,54.970985,On or near Reasby Gardens,E01008245,Gateshead 002F,Anti-social behaviour,,
,2015-12,Surrey Police,Northumbria Police,-1.773965,54.970985,On or near Reasby Gardens,E01008245,Gateshead 002F,Anti-social behaviour,,
d1f3c7a176793abe0536c54c3008e2cd7598c6fd2b3e49a0056f7e1fd04fb764,2015-12,Surrey Police,Northumbria Police,-1.780788,54.968894,On or near Meadowfield Crescent,E01008245,Gateshead 002F,Burglary,Investigation complete; no suspect identified,
108d1ac0937f96c95b3c5f4f9fd80a7622e0ba21fd7d72b87c02da00f8feb572,2015-12,Surrey Police,Northumbria Police,-1.780788,54.968894,On or near Meadowfield Crescent,E01008245,Gateshead 002F,Burglary,Investigation complete; no suspect identified,
fc2ac43a2edbb3c141baeb128ac32c3167c66181fd6b9692da10a83db57de6c8,2015-12,Surrey Police,Northumbria Police,-1.781367,54.968527,On or near Meadow Lane,E01008245,Gateshead 002F,Criminal damage and arson,Investigation complete; no suspect identified,
87d9b8bb9bb36567838100200c957996a8090b111b8d21e744674327d5f850a3,2015-12,Surrey Police,Northumbria Police,-1.781367,54.968527,On or near Meadow Lane,E01008245,Gateshead 002F,Criminal damage and arson,Investigation complete; no suspect identified,
6de00b027c38d8bedf35fb094c915d20556171b758dd90b7226bfab29200b518,2015-12,Surrey Police,Northumbria Police,-1.772562,54.973354,On or near Grange Lonnen,E01008245,Gateshead 002F,Violence and sexual offences,Local resolution,
b48a9aef306625e82baf29e7146a578f87694144350a24868295dfe69467c063,2015-12,Surrey Police,Northumbria Police,-1.773965,54.970985,On or near Reasby Gardens,E01008245,Gateshead 002F,Violence and sexual offences,Investigation complete; no suspect identified,
,2015-12,Surrey Police,Northumbria Police,-1.570324,54.955411,On or near Sports/Recreation Area,E01008214,Gateshead 003A,Anti-social behaviour,,
,2015-12,Surrey Police,Northumbria Police,-1.570324,54.955411,On or near Sports/Recreation Area,E01008214,Gateshead 003A,Anti-social behaviour,,
,2015-12,Surrey Police,Northumbria Police,-1.579712,54.961105,On or near Sports/Recreation Area,E01008214,Gateshead 003A,Anti-social behaviour,,
,2015-12,Surrey Police,Northumbria Police,-1.574712,54.955391,On or near Hepburn Gardens,E01008214,Gateshead 003A,Anti-social behaviour,,
,2015-12,Surrey Police,Northumbria Police,-1.574712,54.955391,On or near Hepburn Gardens,E01008214,Gateshead 003A,Anti-social behaviour,,
,2015-12,Surrey Police,Northumbria Police,-1.574712,54.955391,On or near Hepburn Gardens,E01008214,Gateshead 003A,Anti-social behaviour,,
cdb80e43dc1658b839bbf027ecd63b41cb8a62890cfce693c93dd37cc2bcadd3,2015-12,Surrey Police,Northumbria Police,-1.582893,54.960002,On or near Supermarket,E01008214,Gateshead 003A,Criminal damage and arson,Investigation complete; no suspect identified,
ea6c2b500aca402a41048865b0be402295db6438cd0e9826876140e733624f61,2015-12,Surrey Police,Northumbria Police,-1.574712,54.955391,On or near Hepburn Gardens,E01008214,Gateshead 003A,Criminal damage and arson,Investigation complete; no suspect identified,
65e2f1e7963acc26df145813e8428d95698476c19e29caa2920695b4844be043,2015-12,Surrey Police,Northumbria Police,-1.581265,54.957354,On or near Elliot Road,E01008214,Gateshead 003A,Other theft,Investigation complete; no suspect identified,
d2e327ddfc632078bdae53e3927c836c911c379bb2afd4186e27250b73cd2c6c,2015-12,Surrey Police,Northumbria Police,-1.581001,54.958791,On or near Marigold Avenue,E01008214,Gateshead 003A,Public order,Investigation complete; no suspect identified,
f5b5e0db86427a03d6e0e3e43a8a75763a3d92875f0b4a0e517e90014a41af1a,2015-12,Surrey Police,Northumbria Police,-1.579712,54.961105,On or near Sports/Recreation Area,E01008214,Gateshead 003A,Public order,Under investigation,
e219a7858e9292776629d1a76726b63aafb5c8d70449c5fdb3e89b6aa0896d12,2015-12,Surrey Police,Northumbria Police,-1.582893,54.960002,On or near Supermarket,E01008214,Gateshead 003A,Shoplifting,Investigation complete; no suspect identified,
f5bbc6e5584dc56249cadf35fcf92be1ae5ec73bff67bbd1e9d6be48460e5345,2015-12,Surrey Police,Northumbria Police,-1.582893,54.960002,On or near Supermarket,E01008214,Gateshead 003A,Shoplifting,Investigation complete; no suspect identified,
67a0e971d3e5afd935646ff925e23f35ed92237640af8ee46089a5f92d8577ba,2015-12,Surrey Police,Northumbria Police,-1.584631,54.959550,On or near Foster Drive,E01008214,Gateshead 003A,Vehicle crime,Investigation complete; no suspect identified,
c24149b284eaca301376bcfb697432432d38f9a8b050521e21a0d677eb89c540,2015-12,Surrey Police,Northumbria Police,-1.576786,54.955622,On or near Pensher Street East,E01008214,Gateshead 003A,Violence and sexual offences,Awaiting court outcome,
049948f462206e536451c3aea2ebfd186faec02a04cd9584a84ab8fd72389ca8,2015-12,Surrey Police,Northumbria Police,-1.579217,54.956134,On or near Pensher Street,E01008214,Gateshead 003A,Violence and sexual offences,Investigation complete; no suspect identified,
dec95a584595ac2773e62fb4eec15b54f4617974202384cee12165fcceceac93,2015-12,Surrey Police,Northumbria Police,-1.577817,54.957109,On or near Eastwood Gardens,E01008214,Gateshead 003A,Violence and sexual offences,Under investigation,
,2015-12,Surrey Police,Northumbria Police,-1.556493,54.952243,On or near High House Gardens,E01008215,Gateshead 003B,Anti-social behaviour,,
,2015-12,Surrey Police,Northumbria Police,-1.569227,54.954302,On or near Church Place,E01008215,Gateshead 003B,Anti-social behaviour,,
,2015-12,Surrey Police,Northumbria Police,-1.571168,54.947982,On or near Parking Area,E01008215,Gateshead 003B,Anti-social behaviour,,
,2015-12,Surrey Police,Northumbria Police,-1.569227,54.954302,On or near Church Place,E01008215,Gateshead 003B,Anti-social behaviour,,
,2015-12,Surrey Police,Northumbria Police,-1.571168,54.947982,On or near Parking Area,E01008215,Gateshead 003B,Anti-social behaviour,,
,2015-12,Surrey Police,Northumbria Police,-1.556493,54.952243,On or near High House Gardens,E01008215,Gateshead 003B,Anti-social behaviour,,
,2015-12,Surrey Police,Northumbria Police,-1.571713,54.949629,On or near Parking Area,E01008215,Gateshead 003B,Anti-social behaviour,,
,2015-12,Surrey Police,Northumbria Police,-1.555403,54.951970,On or near Bus/Coach Station,E01008215,Gateshead 003B,Anti-social behaviour,,
,2015-12,Surrey Police,Northumbria Police,-1.569227,54.954302,On or near Church Place,E01008215,Gateshead 003B,Anti-social behaviour,,
,2015-12,Surrey Police,Northumbria Police,-1.570531,54.953534,On or near Helmsdale Avenue,E01008215,Gateshead 003B,Anti-social behaviour,,
,2015-12,Surrey Police,Northumbria Police,-1.555403,54.951970,On or near Bus/Coach Station,E01008215,Gateshead 003B,Anti-social behaviour,,
,2015-12,Surrey Police,Northumbria Police,-1.569323,54.954042,On or near Field Street,E01008215,Gateshead 003B,Anti-social behaviour,,
,2015-12,Surrey Police,Northumbria Police,-1.570742,54.960094,On or near Green Lane,E01008215,Gateshead 003B,Anti-social behaviour,,
,2015-12,Surrey Police,Northumbria Police,-1.571168,54.947982,On or near Parking Area,E01008215,Gateshead 003B,Anti-social behaviour,,
5466ea88c4041e5a70249c161051bfe605331a83009fc16af66f41bc1fb4387e,2015-12,Surrey Police,Northumbria Police,-1.567821,54.954324,On or near Parking Area,E01008215,Gateshead 003B,Burglary,Investigation complete; no suspect identified,
dc379df7e08d0da3821969b5e802f6e0ac246774347bddcce9d637272ed5f504,2015-12,Surrey Police,Northumbria Police,-1.571168,54.947982,On or near Parking Area,E01008215,Gateshead 003B,Criminal damage and arson,Investigation complete; no suspect identified,
ed26eaf34f84ea1a153ed495c1929343d3acd44c25522c2fc8d41d594795cdc4,2015-12,Surrey Police,Northumbria Police,-1.571168,54.947982,On or near Parking Area,E01008215,Gateshead 003B,Criminal damage and arson,Investigation complete; no suspect identified,
e0c22242acda5286dce591799f160d01335569d780901a3ecf106dfbaaf01e6f,2015-12,Surrey Police,Northumbria Police,-1.555403,54.951970,On or near Bus/Coach Station,E01008215,Gateshead 003B,Other theft,Investigation complete; no suspect identified,
21d6819cb7b55d1af4bff45af589357a8a3a00d89b7eab51e10442969ac11a48,2015-12,Surrey Police,Northumbria Police,-1.569751,54.949128,On or near Supermarket,E01008215,Gateshead 003B,Other theft,Offender given community sentence,
2dff7e38d40e690199bd68d88d228f0a354a357a77c1511c4016fed11b10223a,2015-12,Surrey Police,Northumbria Police,-1.565973,54.954856,On or near Noble Street,E01008215,Gateshead 003B,Possession of weapons,Investigation complete; no suspect identified,
1e84408150fc2b138f72a990ff4bdbdfae36c3687f8b09cfc8cc5faad4404d0a,2015-12,Surrey Police,Northumbria Police,-1.569751,54.949128,On or near Supermarket,E01008215,Gateshead 003B,Shoplifting,Investigation complete; no suspect identified,
0ca8b0caa28f50c993e00e1d48fbc32c7aeca304e6c009aa516f07ffe10ca206,2015-12,Surrey Police,Northumbria Police,-1.566303,54.954669,On or near Temple Street,E01008215,Gateshead 003B,Vehicle crime,Investigation complete; no suspect identified,
9bcef1f41931a9cad4db8f789c4ac5d9856600b5ac9f0c118cdf9c25c9f429f1,2015-12,Surrey Police,Northumbria Police,-1.565285,54.950586,On or near Holly Park View,E01008215,Gateshead 003B,Violence and sexual offences,Investigation complete; no suspect identified,
c507f46c0fda3c3037e690c5e2382ddd14d53f114e3b0ddc291ce31724c983e4,2015-12,Surrey Police,Northumbria Police,-1.570531,54.953534,On or near Helmsdale Avenue,E01008215,Gateshead 003B,Violence and sexual offences,Awaiting court outcome,
a69586d51855f1cb17e1f9b5eabec60f6e671b349f0a2ea24cabbea7c0a2e410,2015-12,Surrey Police,Northumbria Police,-1.555680,54.950892,On or near Parking Area,E01008215,Gateshead 003B,Violence and sexual offences,Under investigation,
f0bc34197cfaabe0aebdb46c9181295bf0d63db683704fbc97b2b48e70f5039c,2015-12,Surrey Police,Northumbria Police,-1.569751,54.949128,On or near Supermarket,E01008215,Gateshead 003B,Violence and sexual offences,Investigation complete; no suspect identified,
f146ff00cee0695c444efb961a9b6d61237d5c89bcb1aecf4fc599596910fe8a,2015-12,Surrey Police,Northumbria Police,-1.568532,54.956519,On or near Felling House Gardens,E01008215,Gateshead 003B,Other crime,Under investigation,
,2015-12,Surrey Police,Northumbria Police,-1.536108,54.957038,On or near Braemar Court,E01008243,Gateshead 003C,Anti-social behaviour,,
,2015-12,Surrey Police,Northumbria Police,-1.533022,54.960594,On or near Embleton Road,E01008243,Gateshead 003C,Anti-social behaviour,,
,2015-12,Surrey Police,Northumbria Police,-1.533022,54.960594,On or near Embleton Road,E01008243,Gateshead 003C,Anti-social behaviour,,
7a32b7a0bd93d914fcc17db998135020ba4ad32b1af10152e4ad93bcfcbc0b2e,2015-12,Surrey Police,Northumbria Police,-1.536108,54.957038,On or near Braemar Court,E01008243,Gateshead 003C,Burglary,Awaiting court outcome,
2105e1ba5000cad85e6508e2d141fe33e6642e0b6447f87644ac1d250d1d7de9,2015-12,Surrey Police,Northumbria Police,-1.538026,54.955940,On or near Dene Gardens,E01008243,Gateshead 003C,Criminal damage and arson,Under investigation,
3fb7a0783556276e0e2ae7850f5af11f9de53a7c5f543112aabdfadd3bb3a93b,2015-12,Surrey Police,Northumbria Police,-1.533308,54.958770,On or near Brunton Way,E01008243,Gateshead 003C,Criminal damage and arson,Investigation complete; no suspect identified,
4e7bcb3571c05b4c01350bd666433b04ee496a49895e476effe98272be29a67b,2015-12,Surrey Police,Northumbria Police,-1.538401,54.957235,On or near Coxon Street,E01008243,Gateshead 003C,Criminal damage and arson,Under investigation,
e400cfdc2c2c3c865c89df8e84fb6b8af06f0c81bd98abf4a248eb753ca55a23,2015-12,Surrey Police,Northumbria Police,-1.533022,54.960594,On or near Embleton Road,E01008243,Gateshead 003C,Criminal damage and arson,Investigation complete; no suspect identified,
8abebe38fd85ca18881db81638133f2185592da5beb8b457468317c05bc521fb,2015-12,Surrey Police,Northumbria Police,-1.533308,54.958770,On or near Brunton Way,E01008243,Gateshead 003C,Criminal damage and arson,Under investigation,
c330635420671ab9346d80a3e8a59896b4ef408acfdd00f1867fe627d55cd6bf,2015-12,Surrey Police,Northumbria Police,-1.532682,54.956252,On or near Hartforth Crescent,E01008243,Gateshead 003C,Criminal damage and arson,Investigation complete; no suspect identified,
1fe1ec6379892064094b7c51be3b1f08cc9b52e79c095629605c988e06004253,2015-12,Surrey Police,Northumbria Police,-1.533308,54.958770,On or near Brunton Way,E01008243,Gateshead 003C,Criminal damage and arson,Under investigation,
5c8cbdfe037588f6e28e448cf22742b55803ccf5d818da2265f990adb390d9b9,2015-12,Surrey Police,Northumbria Police,-1.536108,54.957038,On or near Braemar Court,E01008243,Gateshead 003C,Other theft,Investigation complete; no suspect identified,
5538b6c1d061a26a74acc63e5e317430ed3b855584a68ac8750d9da846b39924,2015-12,Surrey Police,Northumbria Police,-1.538026,54.955940,On or near Dene Gardens,E01008243,Gateshead 003C,Violence and sexual offences,Investigation complete; no suspect identified,
6f493ba113f2d56884789c5c2f91aec2e786b32627b2c35129f4e6b52ec3d7ba,2015-12,Surrey Police,Northumbria Police,-1.533879,54.959393,On or near Bamburgh Drive,E01008243,Gateshead 003C,Violence and sexual offences,Investigation complete; no suspect identified,
,2015-12,Surrey Police,Northumbria Police,-1.543044,54.955455,On or near Fisherwell Road,E01008244,Gateshead 003D,Anti-social behaviour,,
79eda8bec7b89c80fc75c945c84bf1cd9398f4d0f726552f8baf07ec56dffff4,2015-12,Surrey Police,Northumbria Police,-1.543044,54.955455,On or near Fisherwell Road,E01008244,Gateshead 003D,Burglary,Investigation complete; no suspect identified,
6e8b5e3fc9c1dbd6f3e5f9ee43d4302869b9732409cfbd6727a4825c8fd8ac4a,2015-12,Surrey Police,Northumbria Police,-1.539780,54.954122,On or near Lauder Way,E01008244,Gateshead 003D,Burglary,Investigation complete; no suspect identified,
53693b9781632fde227c80c068d23c14d90ed1a1662b02f5ff1b2187db3b48ec,2015-12,Surrey Police,Northumbria Police,-1.539780,54.954122,On or near Lauder Way,E01008244,Gateshead 003D,Criminal damage and arson,Investigation complete; no suspect identified,
aff5003154e08cfd2115e7cf6dddeec3086be1afecabbb6fe07d71df0944b087,2015-12,Surrey Police,Northumbria Police,-1.540786,54.953551,On or near Lyons Court,E01008244,Gateshead 003D,Criminal damage and arson,Investigation complete; no suspect identified,
ff0e689254103815bb128defd66eb30dd4250bc829b4e97554fcdb173429f4fe,2015-12,Surrey Police,Northumbria Police,-1.540786,54.953551,On or near Lyons Court,E01008244,Gateshead 003D,Criminal damage and arson,Investigation complete; no suspect identified,
1f8ec3b06ef7f6a43b7803a4e5995f00c1ba91f6d44d5827907f0f2e055cec18,2015-12,Surrey Police,Northumbria Police,-1.540786,54.953551,On or near Lyons Court,E01008244,Gateshead 003D,Criminal damage and arson,Investigation complete; no suspect identified,
e81b934387d4286d914dd28e6da4b884f81d7e96bd559731a35b214f5a7991d8,2015-12,Surrey Police,Northumbria Police,-1.543951,54.955315,On or near King Street,E01008244,Gateshead 003D,Criminal damage and arson,Investigation complete; no suspect identified,
e760aae58f2b87d27b5eea13a57679ab3b8935da57c7e2f82241204d45eb1cbc,2015-12,Surrey Police,Northumbria Police,-1.540786,54.953551,On or near Lyons Court,E01008244,Gateshead 003D,Criminal damage and arson,Investigation complete; no suspect identified,
a6a818a2502e96207108c5b61c8d3a700d807daf926e98a73d3e130ff07a4193,2015-12,Surrey Police,Northumbria Police,-1.543545,54.953930,On or near Supermarket,E01008244,Gateshead 003D,Public order,Under investigation,
684ecede425c7b9daaafa8aa685bb97a0cc8a98b9b510a27bd767546c08511c1,2015-12,Surrey Police,Northumbria Police,-1.548414,54.955565,On or near Gosforth Terrace,E01008244,Gateshead 003D,Public order,Awaiting court outcome,
211a3bcd8d9980ebbc345f1c5a73d838e2019cd4a3e02801d0fa4cad374daf67,2015-12,Surrey Police,Northumbria Police,-1.543545,54.953930,On or near Supermarket,E01008244,Gateshead 003D,Shoplifting,Investigation complete; no suspect identified,
697ed2b48d8574c9346db2d188ba4b87106a7f9d7ad784eb558848c490bd050f,2015-12,Surrey Police,Northumbria Police,-1.548987,54.953195,On or near George Street,E01008244,Gateshead 003D,Vehicle crime,Investigation complete; no suspect identified,
a5962613eae88cce9880ca06e6a0d2aab1528c15340bec54baecd51bb81a20ff,2015-12,Surrey Police,Northumbria Police,-1.546471,54.954758,On or near Duke Street,E01008244,Gateshead 003D,Violence and sexual offences,Awaiting court outcome,
d95f8d08fa869ea2e3dfbf59ed38f2b638377e5a07e9a3b682a41a76e3fabc4d,2015-12,Surrey Police,Northumbria Police,-1.540786,54.953551,On or near Lyons Court,E01008244,Gateshead 003D,Violence and sexual offences,Investigation complete; no suspect identified,
6d2c958cc7a42d9b7c72dcf9873f18bc76012b3e9ceb63c4c756bee11dfc2a42,2015-12,Surrey Police,Northumbria Police,-1.540786,54.953551,On or near Lyons Court,E01008244,Gateshead 003D,Violence and sexual offences,Investigation complete; no suspect identified,
91f43b0fb64eb8ae324e76a81d82374463d738d551bd36ef404a5316dce311ce,2015-12,Surrey Police,Northumbria Police,-1.548414,54.955565,On or near Gosforth Terrace,E01008244,Gateshead 003D,Violence and sexual offences,Awaiting court outcome,
db60e96d1900021c89b8524144fd556049d4a32ce1e5ab9bc23df9aaa54003c0,2015-12,Surrey Police,Northumbria Police,-1.555651,54.956302,On or near Corrofell Gardens,E01008244,Gateshead 003D,Other crime,Investigation complete; no suspect identified,
,2015-12,Surrey Police,Northumbria Police,-1.718773,54.955872,On or near Simonside Road,E01008178,Gateshead 004A,Anti-social behaviour,,
f8335311aa204ef293c00d09c2e53e7da46e073aa769a177bb3fd773daaf12c3,2015-12,Surrey Police,Northumbria Police,-1.718579,54.956815,On or near Springfield Road,E01008178,Gateshead 004A,Criminal damage and arson,Investigation complete; no suspect identified,
ff1a9aad152bd365c295e2d0b42b7b8f430cfe8eaf0753a3ca9de14b0a1e96f6,2015-12,Surrey Police,Northumbria Police,-1.718773,54.955872,On or near Simonside Road,E01008178,Gateshead 004A,Other theft,Investigation complete; no suspect identified,
d6955e82203dbbf5772d794c646266f7f486386adcd93e0259be6ec49b9a3033,2015-12,Surrey Police,Northumbria Police,-1.718060,54.959465,On or near Sports/Recreation Area,E01008178,Gateshead 004A,Vehicle crime,Investigation complete; no suspect identified,
,2015-12,Surrey Police,Northumbria Police,-1.723364,54.960366,On or near Back Lane,E01008180,Gateshead 004B,Anti-social behaviour,,
,2015-12,Surrey Police,Northumbria Police,-1.723312,54.958767,On or near Westway,E01008180,Gateshead 004B,Anti-social behaviour,,
02c1c03ef0dbc8ce86c8a260f3c3ad304f251c7fbe881512677549bfdf95c469,2015-12,Surrey Police,Northumbria Police,-1.731430,54.956835,On or near Mosspool,E01008180,Gateshead 004B,Criminal damage and arson,Investigation complete; no suspect identified,
9aa7251e36e7fdc746749b1323e1d10f4626ec5883c84e7bffe07bae4003c564,2015-12,Surrey Police,Northumbria Police,-1.722995,54.957193,On or near Hallgarth Road,E01008180,Gateshead 004B,Criminal damage and arson,Investigation complete; no suspect identified,
0ae7e37a70fba99feb4390a8630aea205d9b36ab17554736344285237dff0382,2015-12,Surrey Police,Northumbria Police,-1.722218,54.958944,On or near Hillside,E01008180,Gateshead 004B,Other theft,Investigation complete; no suspect identified,
6e03337a9617fe237c623d38940c033d6ed44931a4f5090a5052b678e9864657,2015-12,Surrey Police,Northumbria Police,-1.722302,54.958144,On or near River View,E01008180,Gateshead 004B,Violence and sexual offences,Investigation complete; no suspect identified,
f972a4e7c64eb010b6ee14b919bf6d4fa941a2b3b1a0d67b6895fce207c8a591,2015-12,Surrey Police,Northumbria Police,-1.727980,54.958984,On or near Tulip Close,E01008180,Gateshead 004B,Violence and sexual offences,Offender given a caution,
23fd19e790de7f4801420e0625e6b624f392d524f2aff4133ece5e15779541e1,2015-12,Surrey Police,Northumbria Police,-1.723039,54.957643,On or near Wylam View,E01008180,Gateshead 004B,Violence and sexual offences,Under investigation,
,2015-12,Surrey Police,Northumbria Police,-1.712956,54.956909,On or near Whitewell Road,E01008182,Gateshead 004C,Anti-social behaviour,,
,2015-12,Surrey Police,Northumbria Police,-1.710176,54.954791,On or near Berryhill Close,E01008182,Gateshead 004C,Anti-social behaviour,,
bcbb93ce76383a568680a50d9eaf7543defb7660a0049571e2874a81facc3068,2015-12,Surrey Police,Northumbria Police,-1.712341,54.955587,On or near Lime Street,E01008182,Gateshead 004C,Criminal damage and arson,Investigation complete; no suspect identified,
2e6c4d8aa1216f6d9334e25134b50340e54b0d64b4224b2565c9839f62074771,2015-12,Surrey Police,Northumbria Police,-1.715802,54.956332,On or near Rennison Mews,E01008182,Gateshead 004C,Other theft,Investigation complete; no suspect identified,
f424916931da949c99dd10d3a1df121a74ce108c9deea1942a4b1fecc9ec766a,2015-12,Surrey Police,Northumbria Police,-1.710396,54.958943,On or near Linden Road,E01008182,Gateshead 004C,Violence and sexual offences,Investigation complete; no suspect identified,
47329791658c36d679c8e78fe5d8d439d2c11cb1a34d5d3afeb435a821bdbece,2015-12,Surrey Police,Northumbria Police,-1.712341,54.955587,On or near Lime Street,E01008182,Gateshead 004C,Violence and sexual offences,Under investigation,
ce4de2f6e6bcf3ae117d64d5f5847826f12bbb2d2c69f001b77778fd4f5329b9,2015-12,Surrey Police,Northumbria Police,-1.712341,54.955587,On or near Lime Street,E01008182,Gateshead 004C,Violence and sexual offences,Awaiting court outcome,
,2015-12,Surrey Police,Northumbria Police,-1.723068,54.948827,On or near Hawesdale Crescent,E01008277,Gateshead 004D,Anti-social behaviour,,
,2015-12,Surrey Police,Northumbria Police,-1.731363,54.950490,On or near Roxburgh Close,E01008277,Gateshead 004D,Anti-social behaviour,,
b71d390d2cb7ac43bf9756c169710e181692106eeb36bf34139bae5827c2a285,2015-12,Surrey Police,Northumbria Police,-1.724011,54.952460,On or near Derwent View,E01008277,Gateshead 004D,Criminal damage and arson,Investigation complete; no suspect identified,
607d353b75fba9d23da04100343dfa86605654ab055636efb117b029ae0b25bc,2015-12,Surrey Police,Northumbria Police,-1.726745,54.952250,On or near Rectory Lane,E01008277,Gateshead 004D,Criminal damage and arson,Awaiting court outcome,
f9d98391662affc80f382ebcfe6df747b028ec9da92e6b86563bbcbc44066898,2015-12,Surrey Police,Northumbria Police,-1.724839,54.950116,On or near Coniston Crescent,E01008277,Gateshead 004D,Public order,Under investigation,
f38175fb195794a0213d43d67e656bf9ada85890d7b86b11a2df85eb522218cc,2015-12,Surrey Police,Northumbria Police,-1.722938,54.949564,On or near Rydal Crescent,E01008277,Gateshead 004D,Public order,Under investigation,
08c04eef74d8c42bb86f5d62db869384d8583e98b36cc694f243fc24c154c9f2,2015-12,Surrey Police,Northumbria Police,-1.724839,54.950116,On or near Coniston Crescent,E01008277,Gateshead 004D,Shoplifting,Under investigation,
6d7f0f7a862d9ff68796c3f3a3e7ab1a9e00580c8a17e93699e99669b61e9e81,2015-12,Surrey Police,Northumbria Police,-1.723068,54.948827,On or near Hawesdale Crescent,E01008277,Gateshead 004D,Violence and sexual offences,Under investigation,
2cd2d1f550706b54a7d0c0e8a0cb5d42181780295dc4a725db6f9e4a9aefaf82,2015-12,Surrey Police,Northumbria Police,-1.726745,54.952250,On or near Rectory Lane,E01008277,Gateshead 004D,Violence and sexual offences,Investigation complete; no suspect identified,
,2015-12,Surrey Police,Northumbria Police,-1.723129,54.955828,On or near Litchfield Lane,E01008280,Gateshead 004E,Anti-social behaviour,,
c7c452bdef33c617b444a87d688409aeb3998c588f5d40b2705a511983a864cc,2015-12,Surrey Police,Northumbria Police,-1.723990,54.955560,On or near Old Well Lane,E01008280,Gateshead 004E,Burglary,Awaiting court outcome,
5fa4eaddc24b56a5a00ea50954743613bca97d78d9957c00130aca0f0717007c,2015-12,Surrey Police,Northumbria Police,-1.715114,54.949887,On or near Kirkstone Close,E01008280,Gateshead 004E,Burglary,Investigation complete; no suspect identified,
3cf16f9b3c50b8e2e2f3320357d9039edca59c255a5f46f52b9b976fcc612a77,2015-12,Surrey Police,Northumbria Police,-1.720918,54.957225,On or near Park Avenue,E01008280,Gateshead 004E,Criminal damage and arson,Investigation complete; no suspect identified,
15f5ae9050c3dd2006f180fbfd77c4333e325be227d2db8fad1687712eaf740b,2015-12,Surrey Police,Northumbria Police,-1.726229,54.954693,On or near Front Street,E01008280,Gateshead 004E,Criminal damage and arson,Investigation complete; no suspect identified,
95a0bc1b59eda3ca56274e4472167bb56eaea21b081950c1163a30cd41af73c3,2015-12,Surrey Police,Northumbria Police,-1.728165,54.954725,On or near Back Street,E01008280,Gateshead 004E,Criminal damage and arson,Investigation complete; no suspect identified,
f8749a2293c2aa173c1708fe2fb8a5c94a3ffa37b046398fe29e9b975a6100ad,2015-12,Surrey Police,Northumbria Police,-1.720918,54.957225,On or near Park Avenue,E01008280,Gateshead 004E,Criminal damage and arson,Investigation complete; no suspect identified,
9d2be8995545b8041cdfbe3309b0db7d028402f2c5ba8085c16922f62c0c8c7e,2015-12,Surrey Police,Northumbria Police,-1.716731,54.950871,On or near West Lea,E01008280,Gateshead 004E,Other theft,Investigation complete; no suspect identified,
0f11806c1380f2fe35fe201adde5a28e9a59428b70bbca604f4a6c2df74daef5,2015-12,Surrey Police,Northumbria Police,-1.726884,54.954785,On or near Supermarket,E01008280,Gateshead 004E,Other theft,Local resolution,
1aa67eae52dba52c7ca803d7002b47521a0f519e8aa29ae8ffff00f2c22a3949,2015-12,Surrey Police,Northumbria Police,-1.719610,54.954517,On or near Parkside Avenue,E01008280,Gateshead 004E,Public order,Investigation complete; no suspect identified,
d7ede1f8092e2dcbae3f442d34a171f929e4f79db6b862016fb1b12e678dd4a6,2015-12,Surrey Police,Northumbria Police,-1.726884,54.954785,On or near Supermarket,E01008280,Gateshead 004E,Shoplifting,Under investigation,
bd6d16a67d5c09e1a9de6388d21b82305aaae1d978625a6c8f1f8b40b58bb9cd,2015-12,Surrey Police,Northumbria Police,-1.726884,54.954785,On or near Supermarket,E01008280,Gateshead 004E,Shoplifting,Offender given a caution,
f428d1aa543f50c7970aa92aab8dd7a4d2f8bd12fadcd72a5a236ce786a8cf27,2015-12,Surrey Police,Northumbria Police,-1.727627,54.953448,On or near Petrol Station,E01008280,Gateshead 004E,Theft from the person,Investigation complete; no suspect identified,
abc6c8533e56874af00a611b1d3d74f78f41d6753e75a4dcd32b7a4a2677ff98,2015-12,Surrey Police,Northumbria Police,-1.715114,54.949887,On or near Kirkstone Close,E01008280,Gateshead 004E,Vehicle crime,Investigation complete; no suspect identified,
33943c6b92698014efbcd4dc441ea0ecdc5c82a8e6e201dc3cf32a776ab7d049,2015-12,Surrey Police,Northumbria Police,-1.718133,54.953516,On or near Axwell View,E01008280,Gateshead 004E,Violence and sexual offences,Investigation complete; no suspect identified,
e2f29a10dceac5dd64e2f33aafec850f3d4f2d123c6de7e78dc427d3e0b908b1,2015-12,Surrey Police,Northumbria Police,-1.728165,54.954725,On or near Back Street,E01008280,Gateshead 004E,Violence and sexual offences,Offender given suspended prison sentence,
390641e705f8cdddf1a78d7f2c3e60e80cecab70dd22a5665efc6394b4dab15d,2015-12,Surrey Police,Northumbria Police,-1.729334,54.957297,On or near Jobling Avenue,E01008280,Gateshead 004E,Violence and sexual offences,Under investigation,
0adc56377921bc8c6107508c64a34473ca2f66fc1c52a2339eadc21bd6eeee33,2015-12,Surrey Police,Northumbria Police,-1.720890,54.954520,On or near Eastlands,E01008280,Gateshead 004E,Violence and sexual offences,Investigation complete; no suspect identified,
,2015-12,Surrey Police,Northumbria Police,-1.709384,54.962886,On or near George Street,E01008177,Gateshead 005A,Anti-social behaviour,,
,2015-12,Surrey Police,Northumbria Police,-1.715392,54.961453,On or near Ann Street,E01008177,Gateshead 005A,Anti-social behaviour,,
,2015-12,Surrey Police,Northumbria Police,-1.717891,54.965817,On or near Cochran Street,E01008177,Gateshead 005A,Anti-social behaviour,,
,2015-12,Surrey Police,Northumbria Police,-1.713204,54.963865,On or near West View,E01008177,Gateshead 005A,Anti-social behaviour,,
,2015-12,Surrey Police,Northumbria Police,-1.715392,54.961453,On or near Ann Street,E01008177,Gateshead 005A,Anti-social behaviour,,
,2015-12,Surrey Police,Northumbria Police,-1.715392,54.961453,On or near Ann Street,E01008177,Gateshead 005A,Anti-social behaviour,,
,2015-12,Surrey Police,Northumbria Police,-1.711474,54.963241,On or near Lucy Street,E01008177,Gateshead 005A,Anti-social behaviour,,
69da19212592e881c5cfebdf15b184b3310a48728eff4709ea5f59fbf9269920,2015-12,Surrey Police,Northumbria Police,-1.709384,54.962886,On or near George Street,E01008177,Gateshead 005A,Criminal damage and arson,Investigation complete; no suspect identified,
3cee6a608e39ca16a7c823927c6ed330b3d3596587fe5547f81f907c67b9322d,2015-12,Surrey Police,Northumbria Police,-1.714763,54.962018,On or near Murray Street,E01008177,Gateshead 005A,Criminal damage and arson,Investigation complete; no suspect identified,
f88b83784c3d47662208049a700605005569831fc779e3c4dc13f72bda34c169,2015-12,Surrey Police,Northumbria Police,-1.712948,54.964701,On or near Further/Higher Educational Building,E01008177,Gateshead 005A,Other theft,Investigation complete; no suspect identified,
c45b312647ab82a38be27e6a994c7b31fcba37fc3bda7d2fb0907cb2993ffbf6,2015-12,Surrey Police,Northumbria Police,-1.711622,54.964446,On or near Supermarket,E01008177,Gateshead 005A,Public order,Under investigation,
39a0deb340132ab2b979ddf1fef8520d9ad52177eb666d8820fb0d668603dda7,2015-12,Surrey Police,Northumbria Police,-1.711622,54.964446,On or near Supermarket,E01008177,Gateshead 005A,Shoplifting,Under investigation,
8cf18dbce3f5b5f7867f83862805b534688357ca207d352d98ded7a38aa9c970,2015-12,Surrey Police,Northumbria Police,-1.711622,54.964446,On or near Supermarket,E01008177,Gateshead 005A,Shoplifting,Under investigation,
55e6fc2b049cc4f3d48409231be26bda1883b18f53e607da283f569157a236dc,2015-12,Surrey Police,Northumbria Police,-1.711622,54.964446,On or near Supermarket,E01008177,Gateshead 005A,Shoplifting,Awaiting court outcome,
c703864070e0ffeb2c6118e718f06bcda16b2ba8556c0170df43aebb7394114b,2015-12,Surrey Police,Northumbria Police,-1.711474,54.963241,On or near Lucy Street,E01008177,Gateshead 005A,Shoplifting,Under investigation,
03cadb77d97f7b1d18e57484a111d74d0bee93986a7716a3454d9ff935373a3f,2015-12,Surrey Police,Northumbria Police,-1.715392,54.961453,On or near Ann Street,E01008177,Gateshead 005A,Violence and sexual offences,Investigation complete; no suspect identified,
969aee81a294e7b4b6357afaba7763927546ea2e604261dd687e8957cb85d952,2015-12,Surrey Police,Northumbria Police,-1.715344,54.966027,On or near Petrol Station,E01008177,Gateshead 005A,Violence and sexual offences,Investigation complete; no suspect identified,
82741975eaab5c2dd6f2851daae769b5131775e3dca808e639a5e3be5455d3c1,2015-12,Surrey Police,Northumbria Police,-1.715392,54.961453,On or near Ann Street,E01008177,Gateshead 005A,Violence and sexual offences,Awaiting court outcome,
22989eccbc17d7d14ad9d9a0fe3f9ad94f4940101295d05969b0cfaa8a0eb7d8,2015-12,Surrey Police,Northumbria Police,-1.717310,54.964055,On or near Delacour Road,E01008177,Gateshead 005A,Violence and sexual offences,Investigation complete; no suspect identified,
606ad58fbdc712754307ce92ab48d9c22c7b106b4115b77551ee3da72613a502,2015-12,Surrey Police,Northumbria Police,-1.728094,54.960584,On or near Blackstone Court,E01008179,Gateshead 005B,Criminal damage and arson,Under investigation,
aae43471ca3b59d620a323786afd4bcfca7f00c2c99cdff11922a6f1a0499680,2015-12,Surrey Police,Northumbria Police,-1.726837,54.959485,On or near Daffodil Close,E01008179,Gateshead 005B,Other theft,Under investigation,
,2015-12,Surrey Police,Northumbria Police,-1.707805,54.956619,On or near East Acres,E01008181,Gateshead 005C,Anti-social behaviour,,
,2015-12,Surrey Police,Northumbria Police,-1.707805,54.956619,On or near East Acres,E01008181,Gateshead 005C,Anti-social behaviour,,
,2015-12,Surrey Police,Northumbria Police,-1.698666,54.967569,On or near Dunne Road,E01008181,Gateshead 005C,Anti-social behaviour,,
ffa33f48ba37a6814ebaba4ba8074ddc0de32d0f579816a7a53ef3bd89e660f2,2015-12,Surrey Police,Northumbria Police,-1.695517,54.966806,On or near Tundry Way,E01008181,Gateshead 005C,Criminal damage and arson,Investigation complete; no suspect identified,
3ea1bdfb26b1217a600bd8fc064bb22b401eeca2b10ce0ecf30657bcada4e638,2015-12,Surrey Police,Northumbria Police,-1.698257,54.953423,On or near Park/Open Space,E01008181,Gateshead 005C,Criminal damage and arson,Investigation complete; no suspect identified,
a5d7b4737964ff8967cc95fb65bf8f1da09d332a84c0b5216f2804eb59cd3f57,2015-12,Surrey Police,Northumbria Police,-1.698666,54.967569,On or near Dunne Road,E01008181,Gateshead 005C,Criminal damage and arson,Investigation complete; no suspect identified,
295907cac6f92e3789e4bc331fec9471de8bcbadcaa3ce11595f241a2ebcd1af,2015-12,Surrey Police,Northumbria Police,-1.683083,54.962937,On or near Clasper Way,E01008181,Gateshead 005C,Drugs,Investigation complete; no suspect identified,
0e6deb2776e71d66f2f276024d0fe3bb7c0b4b16fabc295b554e6a97edaae1c7,2015-12,Surrey Police,Northumbria Police,-1.682916,54.962343,On or near Riverside Way,E01008181,Gateshead 005C,Other theft,Under investigation,
148f6c27b4d7b0be095d79a022cbfc2fde58e0e28d5cd4072fe72e08ea8083db,2015-12,Surrey Police,Northumbria Police,-1.698666,54.967569,On or near Dunne Road,E01008181,Gateshead 005C,Vehicle crime,Investigation complete; no suspect identified,
c3e8418679263bd4b941880d3c942c323d040ca598d0b3992c340d6308449b24,2015-12,Surrey Police,Northumbria Police,-1.683083,54.962937,On or near Clasper Way,E01008181,Gateshead 005C,Vehicle crime,Investigation complete; no suspect identified,
4d83336ab5348122f214628a00f5a4decd43a5a5a4febf31ed7ad0facb9b4f6d,2015-12,Surrey Police,Northumbria Police,-1.705155,54.964592,On or near Cowen Road,E01008181,Gateshead 005C,Vehicle crime,Investigation complete; no suspect identified,
167afb74fa7180405407797f4ba64b575997013388b84f908186d93c9a7cffa9,2015-12,Surrey Police,Northumbria Police,-1.705155,54.964592,On or near Cowen Road,E01008181,Gateshead 005C,Violence and sexual offences,Investigation complete; no suspect identified,
21fb1fd6eb0eaf24c8da5ca68ab1551a81a1492fb212d153a055fae6d272c07e,2015-12,Surrey Police,Northumbria Police,-1.707805,54.956619,On or near East Acres,E01008181,Gateshead 005C,Violence and sexual offences,Investigation complete; no suspect identified,
66b76603a737614bd76f0d36a1e3c573e31a2ec6b17caccd247d76a39b9cdc54,2015-12,Surrey Police,Northumbria Police,-1.688359,54.965350,On or near Pedestrian Subway,E01008181,Gateshead 005C,Other crime,Under investigation,
,2015-12,Surrey Police,Northumbria Police,-1.726693,54.948503,On or near Stephenson Way,E01008276,Gateshead 005D,Anti-social behaviour,,
,2015-12,Surrey Police,Northumbria Police,-1.726693,54.948503,On or near Stephenson Way,E01008276,Gateshead 005D,Anti-social behaviour,,
d5e386fa8a6436f218658972bbbd34f9e7adf2c53b57024abfef93f629bdf419,2015-12,Surrey Police,Northumbria Police,-1.726667,54.950031,On or near Buttermere Crescent,E01008276,Gateshead 005D,Criminal damage and arson,Investigation complete; no suspect identified,
46a483011d21de784e4d085ed3cb4279b210cb726c5ebc22f9fee6afabb6ebe6,2015-12,Surrey Police,Northumbria Police,-1.715257,54.942923,On or near June Avenue,E01008276,Gateshead 005D,Violence and sexual offences,Under investigation,
66a6225065a396cfb80155d99d5ce17656cf9d49d6edf1d0bda2ad3694b92050,2015-12,Surrey Police,Northumbria Police,-1.727662,54.950599,On or near Ennerdale Crescent,E01008276,Gateshead 005D,Violence and sexual offences,Under investigation,
,2015-12,Surrey Police,Northumbria Police,-1.732383,54.952029,On or near Barlowfield Close,E01008279,Gateshead 005E,Anti-social behaviour,,
,2015-12,Surrey Police,Northumbria Police,-1.727925,54.953215,On or near Church Street,E01008279,Gateshead 005E,Anti-social behaviour,,
,2015-12,Surrey Police,Northumbria Police,-1.732383,54.952029,On or near Barlowfield Close,E01008279,Gateshead 005E,Anti-social behaviour,,
0fb31ec9330716568c234b814c3b4a7f68ace326e2bea4bf0a4c1422ee58fadd,2015-12,Surrey Police,Northumbria Police,-1.729029,54.953900,On or near Waterloo Street,E01008279,Gateshead 005E,Violence and sexual offences,Under investigation,
,2015-12,Surrey Police,Northumbria Police,-1.639344,54.956965,On or near Cormorant Drive,E01008209,Gateshead 007A,Anti-social behaviour,,
,2015-12,Surrey Police,Northumbria Police,-1.650694,54.953619,On or near Meadow Lane,E01008209,Gateshead 007A,Anti-social behaviour,,
,2015-12,Surrey Police,Northumbria Police,-1.645719,54.954791,On or near Rendel Street,E01008209,Gateshead 007A,Anti-social behaviour,,
,2015-12,Surrey Police,Northumbria Police,-1.648016,54.954555,On or near Dunston Road,E01008209,Gateshead 007A,Anti-social behaviour,,
83093bbfebbe97c2df15821e8f7bb779dee92cc272812c788b90d83319b958b1,2015-12,Surrey Police,Northumbria Police,-1.641463,54.957511,On or near Grebe Close,E01008209,Gateshead 007A,Bicycle theft,Investigation complete; no suspect identified,
0e580e63e7648b949e9d8f909d3b284b60c7ce7e87ac40f070880393f11c6052,2015-12,Surrey Police,Northumbria Police,-1.643724,54.954336,On or near Barry Street,E01008209,Gateshead 007A,Burglary,Under investigation,
2d3bd857d275408db4b96616bdaf40ef82486d435ed5a5cab4571a1bbc4e17e8,2015-12,Surrey Police,Northumbria Police,-1.647369,54.957133,On or near Petrol Station,E01008209,Gateshead 007A,Vehicle crime,Investigation complete; no suspect identified,
915f618fff10af2622a8bda46125470564d06840d28e2b894dbc225060cc2095,2015-12,Surrey Police,Northumbria Police,-1.645719,54.954791,On or near Rendel Street,E01008209,Gateshead 007A,Vehicle crime,Investigation complete; no suspect identified,
77ec304766725c1da8044ab926ed66ecbc5d1ada976e2844836eb5e88430fe63,2015-12,Surrey Police,Northumbria Police,-1.671242,54.961414,On or near Parking Area,E01008209,Gateshead 007A,Vehicle crime,Investigation complete; no suspect identified,
7944b4623591ce2de21936f83d6b2fc9030c3ddcd76d210c7a4d74532950ab78,2015-12,Surrey Police,Northumbria Police,-1.647889,54.956613,On or near Nelson Street,E01008209,Gateshead 007A,Vehicle crime,Investigation complete; no suspect identified,
ed55069efa856150e32eb1f98e80544c5979c66a44f0be2f0172b8e69047a1af,2015-12,Surrey Police,Northumbria Police,-1.642788,54.957775,On or near Bittern Close,E01008209,Gateshead 007A,Violence and sexual offences,Investigation complete; no suspect identified,
ce26dd8d962ab39a63677b3e8545c384aa15d1832c87dfba76085610495509ab,2015-12,Surrey Police,Northumbria Police,-1.642788,54.957775,On or near Bittern Close,E01008209,Gateshead 007A,Violence and sexual offences,Under investigation,
2ca0f50afe5580a4d652a2fa6eca6e19f670684440c521db25d972f99526c757,2015-12,Surrey Police,Northumbria Police,-1.645719,54.954791,On or near Rendel Street,E01008209,Gateshead 007A,Violence and sexual offences,Under investigation,
,2015-12,Surrey Police,Northumbria Police,-1.640659,54.954875,On or near Seymour Street,E01008210,Gateshead 007B,Anti-social behaviour,,
,2015-12,Surrey Police,Northumbria Police,-1.641504,54.956352,On or near Collingwood Terrace,E01008210,Gateshead 007B,Anti-social behaviour,,
,2015-12,Surrey Police,Northumbria Police,-1.639337,54.952463,On or near Supermarket,E01008210,Gateshead 007B,Anti-social behaviour,,
,2015-12,Surrey Police,Northumbria Police,-1.638633,54.956136,On or near Railway Street,E01008210,Gateshead 007B,Anti-social behaviour,,
,2015-12,Surrey Police,Northumbria Police,-1.639623,54.950163,On or near Ravensworth Terrace,E01008210,Gateshead 007B,Anti-social behaviour,,
,2015-12,Surrey Police,Northumbria Police,-1.638329,54.955246,On or near Riverside Court,E01008210,Gateshead 007B,Anti-social behaviour,,
603e42d4f9deeb86a27a959af1ee5b05d4f42635a5158ccd5187fdc405150664,2015-12,Surrey Police,Northumbria Police,-1.639623,54.950163,On or near Ravensworth Terrace,E01008210,Gateshead 007B,Criminal damage and arson,Investigation complete; no suspect identified,
8641c633e8eee80ef7d8ab9e7cb4b3c61f98149f4c7bfbef51926b656852d2fa,2015-12,Surrey Police,Northumbria Police,-1.640939,54.951506,On or near Kent Avenue,E01008210,Gateshead 007B,Other theft,Under investigation,
01e5e7e93c4f61265b00cc0cea783756a1963bfdc20487127c59ad6e11f74249,2015-12,Surrey Police,Northumbria Police,-1.637446,54.952736,On or near Princess Drive,E01008210,Gateshead 007B,Other theft,Offender given a caution,
a333014f567475fb0a72bc9f809b7684bc54077de8298cb265653872f40442e2,2015-12,Surrey Police,Northumbria Police,-1.639337,54.952463,On or near Supermarket,E01008210,Gateshead 007B,Shoplifting,Investigation complete; no suspect identified,
00b24a8fdded305429fbba287077dc87eee9f215f34bb814a25a55fd8a961dbc,2015-12,Surrey Police,Northumbria Police,-1.639834,54.952761,On or near Parking Area,E01008210,Gateshead 007B,Shoplifting,Investigation complete; no suspect identified,
a8fd776c673f632388af560f12ebdd29d03c2e32dd7046e0d47d0ef35fa8b4c9,2015-12,Surrey Police,Northumbria Police,-1.639798,54.953291,On or near Ravensworth Road,E01008210,Gateshead 007B,Shoplifting,Investigation complete; no suspect identified,
f6ae376c83d9a7e0f4f136eca96dcba107bf64aad5e31ab44bd2160f9f5688f6,2015-12,Surrey Police,Northumbria Police,-1.637510,54.952547,On or near Castlegate Gardens,E01008210,Gateshead 007B,Violence and sexual offences,Under investigation,
fc7b42199454d0b6684043ef0c72f48b1ff40a5c3d06e89610510fec6a16103f,2015-12,Surrey Police,Northumbria Police,-1.641504,54.956352,On or near Collingwood Terrace,E01008210,Gateshead 007B,Violence and sexual offences,Investigation complete; no suspect identified,
,2015-12,Surrey Police,Northumbria Police,-1.625932,54.955100,On or near Northumberland Street,E01008258,Gateshead 007C,Anti-social behaviour,,
,2015-12,Surrey Police,Northumbria Police,-1.625628,54.954165,On or near Tynewold Close,E01008258,Gateshead 007C,Anti-social behaviour,,
,2015-12,Surrey Police,Northumbria Police,-1.626901,54.954951,On or near Upton Street,E01008258,Gateshead 007C,Anti-social behaviour,,
,2015-12,Surrey Police,Northumbria Police,-1.625932,54.955100,On or near Northumberland Street,E01008258,Gateshead 007C,Anti-social behaviour,,
,2015-12,Surrey Police,Northumbria Police,-1.627195,54.957018,On or near Autumn Drive,E01008258,Gateshead 007C,Anti-social behaviour,,
,2015-12,Surrey Police,Northumbria Police,-1.625932,54.955100,On or near Northumberland Street,E01008258,Gateshead 007C,Anti-social behaviour,,
,2015-12,Surrey Police,Northumbria Police,-1.625932,54.955100,On or near Northumberland Street,E01008258,Gateshead 007C,Anti-social behaviour,,
2f6d140044f62b8eb6d6658d90b3cfb014816607a734e27d7f21f47337097451,2015-12,Surrey Police,Northumbria Police,-1.628304,54.953571,On or near Abbeyfield Close,E01008258,Gateshead 007C,Burglary,Investigation complete; no suspect identified,
8f880c9793716601e5e09f02f46a7ae69b9be048edd0a3eb893145f5873dd221,2015-12,Surrey Police,Northumbria Police,-1.626901,54.954951,On or near Upton Street,E01008258,Gateshead 007C,Burglary,Investigation complete; no suspect identified,
ea09b643bc947a3940a5a8a4f5ed3102dce3a7529e7c0a5f13b51b40784b022e,2015-12,Surrey Police,Northumbria Police,-1.625932,54.955100,On or near Northumberland Street,E01008258,Gateshead 007C,Criminal damage and arson,Investigation complete; no suspect identified,
81632da18dce3d58cd0f58a2da6717d524f0bf938b478b620eb960baa1f94428,2015-12,Surrey Police,Northumbria Police,-1.627704,54.954279,On or near Kelso Place,E01008258,Gateshead 007C,Criminal damage and arson,Under investigation,
716c93ea95ed09d3c992a77a529be2c78cbe8ba70ff0657ba26cdb4d2134746a,2015-12,Surrey Police,Northumbria Police,-1.623454,54.957959,On or near Rose Street,E01008258,Gateshead 007C,Drugs,Under investigation,
6ee1d286eb4623744c4b555c147ef99810a55bcf09cc916bc42cd3c63ce56461,2015-12,Surrey Police,Northumbria Police,-1.628304,54.953571,On or near Abbeyfield Close,E01008258,Gateshead 007C,Other theft,Investigation complete; no suspect identified,
4552e55facdb390d0df052604eb20e69b02b152ec6f3b070146437d35faead73,2015-12,Surrey Police,Northumbria Police,-1.627655,54.957847,On or near North West Side,E01008258,Gateshead 007C,Other theft,Investigation complete; no suspect identified,
62f219d868bef7b22e8dd4b8ad4a7480f48f6fd45f64a94dfa44850acf39541b,2015-12,Surrey Police,Northumbria Police,-1.627195,54.957018,On or near Autumn Drive,E01008258,Gateshead 007C,Other theft,Investigation complete; no suspect identified,
974a7c64036b342d0a35451a733d2d6364dbebe823d70e72c6ff6054fc27b75d,2015-12,Surrey Police,Northumbria Police,-1.631167,54.956357,On or near Spring Street,E01008258,Gateshead 007C,Other theft,Investigation complete; no suspect identified,
eba568d6c46cc513f755aa9c59e051c400c193c0ec6f6ecc740f3320ac7b9186,2015-12,Surrey Police,Northumbria Police,-1.627850,54.955367,On or near Yetholm Road,E01008258,Gateshead 007C,Other theft,Under investigation,
eeae11b9f9e13a04ff50390dd246cd826f70b364f3f6b98ffdcae82e6cb44428,2015-12,Surrey Police,Northumbria Police,-1.627195,54.957018,On or near Autumn Drive,E01008258,Gateshead 007C,Other theft,Investigation complete; no suspect identified,
f162f62d44b7c657d8bfaf7189f58c732c5205abf0daf326c5f9728ab33e14be,2015-12,Surrey Police,Northumbria Police,-1.627655,54.957847,On or near North West Side,E01008258,Gateshead 007C,Other theft,Investigation complete; no suspect identified,
4f459e367a29b9163debb99401c771b397cd5caba21825a326d0a0c48d66c130,2015-12,Surrey Police,Northumbria Police,-1.626769,54.954025,On or near Amberley Street,E01008258,Gateshead 007C,Violence and sexual offences,Defendant found not guilty,
a21b217dc174d992bdcaed93bdb8acfc24651381e7bc10507e54aeb8d910dbc9,2015-12,Surrey Police,Northumbria Police,-1.617306,54.960726,On or near St James' Boulevard,E01008258,Gateshead 007C,Violence and sexual offences,Investigation complete; no suspect identified,
ec1f3cff2f68dc6bf870e72a800db297b5f87956d2a05e1153fe47f604d89c25,2015-12,Surrey Police,Northumbria Police,-1.628304,54.953571,On or near Abbeyfield Close,E01008258,Gateshead 007C,Violence and sexual offences,Local resolution,
eebfbba291a396f9e02ec59fa7587cd6f7648bec83f0f24f49ab0ff9a9c2e486,2015-12,Surrey Police,Northumbria Police,-1.628304,54.953571,On or near Abbeyfield Close,E01008258,Gateshead 007C,Violence and sexual offences,Local resolution,
4b62796a8f26f75deab41a9d23295ae4f2db0695f0b28c97c3d5f83c4eac97a0,2015-12,Surrey Police,Northumbria Police,-1.623454,54.957959,On or near Rose Street,E01008258,Gateshead 007C,Violence and sexual offences,Offender given a caution,
,2015-12,Surrey Police,Northumbria Police,-1.628600,54.950283,On or near Parking Area,E01008259,Gateshead 007D,Anti-social behaviour,,
,2015-12,Surrey Police,Northumbria Police,-1.628600,54.950283,On or near Parking Area,E01008259,Gateshead 007D,Anti-social behaviour,,
,2015-12,Surrey Police,Northumbria Police,-1.629495,54.951400,On or near A1114,E01008259,Gateshead 007D,Anti-social behaviour,,
,2015-12,Surrey Police,Northumbria Police,-1.618281,54.933653,On or near Parking Area,E01008259,Gateshead 007D,Anti-social behaviour,,
,2015-12,Surrey Police,Northumbria Police,-1.626652,54.951481,On or near Wooler Crescent,E01008259,Gateshead 007D,Anti-social behaviour,,
,2015-12,Surrey Police,Northumbria Police,-1.614259,54.936453,On or near Derwent Avenue,E01008259,Gateshead 007D,Anti-social behaviour,,
,2015-12,Surrey Police,Northumbria Police,-1.616027,54.945823,On or near Fontwell Drive,E01008259,Gateshead 007D,Anti-social behaviour,,
,2015-12,Surrey Police,Northumbria Police,-1.622238,54.929325,On or near Foster Court,E01008259,Gateshead 007D,Anti-social behaviour,,
,2015-12,Surrey Police,Northumbria Police,-1.614826,54.927738,On or near Shopping Area,E01008259,Gateshead 007D,Anti-social behaviour,,
,2015-12,Surrey Police,Northumbria Police,-1.625963,54.951704,On or near Morris Street,E01008259,Gateshead 007D,Anti-social behaviour,,
a552ce4766d818964e8a3940d658dcc3911e048a5354e046805e424d923c5e25,2015-12,Surrey Police,Northumbria Police,-1.623157,54.936230,On or near Shopping Area,E01008259,Gateshead 007D,Burglary,Offender given suspended prison sentence,
911a20fcc3fc10af4b377219c60e4c4bc82e79e34c21131ef4afb5cac2d3e2b2,2015-12,Surrey Police,Northumbria Police,-1.625963,54.951704,On or near Morris Street,E01008259,Gateshead 007D,Burglary,Investigation complete; no suspect identified,
bc17da44fa7d733aae49e527527d08b96351c3cb25420343d778fe600388762b,2015-12,Surrey Police,Northumbria Police,-1.617588,54.942512,On or near Market Way,E01008259,Gateshead 007D,Burglary,Investigation complete; no suspect identified,
238c74e25c018f65c3e7132b60514c7499a4b5176cd26cbaa9d10c9793938ca6,2015-12,Surrey Police,Northumbria Police,-1.611585,54.927243,On or near Ninth Avenue East,E01008259,Gateshead 007D,Burglary,Under investigation,
007bd37cebfcdf7586124ce00415e195937d31dbf7e773c9b1a760ee7c9332af,2015-12,Surrey Police,Northumbria Police,-1.624390,54.936207,On or near Fourth Avenue,E01008259,Gateshead 007D,Burglary,Investigation complete; no suspect identified,
50a53d1c2e5153697f7c6e0c6cdfcf1927dc79c0079db62a5f45cd5746c164cb,2015-12,Surrey Police,Northumbria Police,-1.616027,54.945823,On or near Fontwell Drive,E01008259,Gateshead 007D,Criminal damage and arson,Investigation complete; no suspect identified,
ddc5d869678757fd918700401fbb33aaaf6c5e588a40a21fd749ea5fabcab5f5,2015-12,Surrey Police,Northumbria Police,-1.618281,54.933653,On or near Parking Area,E01008259,Gateshead 007D,Criminal damage and arson,Investigation complete; no suspect identified,
1bd3dfba8747ab8e794aa62c4c77e989904289bf97ed5278436815140de8fd64,2015-12,Surrey Police,Northumbria Police,-1.623879,54.954231,On or near Pedestrian Subway,E01008259,Gateshead 007D,Criminal damage and arson,Investigation complete; no suspect identified,
d2ebd238a02fadbc4e989bb78f1d05b1d741d810a40bce4b5f60f884a872e49a,2015-12,Surrey Police,Northumbria Police,-1.625963,54.951704,On or near Morris Street,E01008259,Gateshead 007D,Criminal damage and arson,Investigation complete; no suspect identified,
6c510097d55d0a34757fd4c7df87e9e5798e34843bb2a726b47eab2a1bc39284,2015-12,Surrey Police,Northumbria Police,-1.625963,54.951704,On or near Morris Street,E01008259,Gateshead 007D,Criminal damage and arson,Offender given a caution,
d35e5bbed68707dcfeb3b5e5d771f0e939e77f2e376a521ba83efaa12b0e2e86,2015-12,Surrey Police,Northumbria Police,-1.622699,54.951802,On or near Hazel Road,E01008259,Gateshead 007D,Criminal damage and arson,Investigation complete; no suspect identified,
0f1b634c27717344730b3e86ce09c88b2de816641ae968204aa514954f1ce3c6,2015-12,Surrey Police,Northumbria Police,-1.627935,54.932677,On or near Pedestrian Subway,E01008259,Gateshead 007D,Drugs,Offender given penalty notice,
2876355289d045dc1497b790d61d74667804fb6792df81961284086a4f1a1455,2015-12,Surrey Police,Northumbria Police,-1.625316,54.928948,On or near Dukesway Court,E01008259,Gateshead 007D,Other theft,Awaiting court outcome,
ddda463f70a818a11d8cf943d725af466a1fd1f2b954ba3047b823235f236cd8,2015-12,Surrey Police,Northumbria Police,-1.622699,54.951802,On or near Hazel Road,E01008259,Gateshead 007D,Other theft,Investigation complete; no suspect identified,
0532e7ea9ded98d8a2fccefc77b60dda28a3d2f6761a2f32dedc7a1a4cc27d43,2015-12,Surrey Police,Northumbria Police,-1.614045,54.929470,On or near Hadrians Court,E01008259,Gateshead 007D,Other theft,Under investigation,
00d4f4b148ce44511c3aba82a8707e912bd3e874fdccb596a444aaac77d8b5b5,2015-12,Surrey Police,Northumbria Police,-1.629495,54.951400,On or near A1114,E01008259,Gateshead 007D,Other theft,Under investigation,
4bc5c413b7cef362c648926eff6ff53ee13ef6b03de3ebbcdf818d85ffb08c08,2015-12,Surrey Police,Northumbria Police,-1.621209,54.940923,On or near Queensway Court,E01008259,Gateshead 007D,Vehicle crime,Investigation complete; no suspect identified,
084de97d6358afae3e31ec78583959b6d7b8b28b92d5c86302ac1951302fb2c9,2015-12,Surrey Police,Northumbria Police,-1.638241,54.945873,On or near Pentland Gardens,E01008259,Gateshead 007D,Violence and sexual offences,Offender given a caution,
949c7fac77d3b2bc34205b782b46f56280921ff77da9cd70a28c68c81125b7c4,2015-12,Surrey Police,Northumbria Police,-1.614259,54.936453,On or near Derwent Avenue,E01008259,Gateshead 007D,Violence and sexual offences,Awaiting court outcome,
4db00873f33ab9d0b83c0f9c641fae8e09e6fc6d25a62943d6e85d9a20b5e270,2015-12,Surrey Police,Northumbria Police,-1.628600,54.950283,On or near Parking Area,E01008259,Gateshead 007D,Violence and sexual offences,Under investigation,
48529877070d6bd0c123a226fa099fc7d107e65e802e8238722242fc8fd428d8,2015-12,Surrey Police,Northumbria Police,-1.629495,54.951400,On or near A1114,E01008259,Gateshead 007D,Violence and sexual offences,Investigation complete; no suspect identified,
c84faadc9249952212c52f24545330edeba279ebbb5dd2064c7570e11e320bac,2015-12,Surrey Police,Northumbria Police,-1.636450,54.948878,On or near Forge Road,E01008259,Gateshead 007D,Violence and sexual offences,Awaiting court outcome,
b4046700bb0be837ceec769ffc1a6431be02f98e37f1f74facb169c144661db0,2015-12,Surrey Police,Northumbria Police,-1.627935,54.932677,On or near Pedestrian Subway,E01008259,Gateshead 007D,Violence and sexual offences,Awaiting court outcome,
6bff66e23811f96708494d90b56329e09fd1abe582733837f803502d3c96720b,2015-12,Surrey Police,Northumbria Police,-1.636450,54.948878,On or near Forge Road,E01008259,Gateshead 007D,Violence and sexual offences,Awaiting court outcome,
a02c79e71bae06cc34d4e1c44ec1db4160089cab887627aee600da5ddd9e7261,2015-12,Surrey Police,Northumbria Police,-1.628600,54.950283,On or near Parking Area,E01008259,Gateshead 007D,Violence and sexual offences,Investigation complete; no suspect identified,
56fec903283bfd5d1cb7066972b9b157118d61cf7986d60c7ba0c4c8d9501c7e,2015-12,Surrey Police,Northumbria Police,-1.616027,54.945823,On or near Fontwell Drive,E01008259,Gateshead 007D,Violence and sexual offences,Under investigation,
632097a014ba0dff27a61fe80c703b606c54e09d1f35c4168c9288d74a98d4fb,2015-12,Surrey Police,Northumbria Police,-1.616240,54.946399,On or near Cartmel Grove,E01008259,Gateshead 007D,Violence and sexual offences,Under investigation,
,2015-12,Surrey Police,Northumbria Police,-1.607845,54.957209,On or near Affleck Street,E01008167,Gateshead 008A,Anti-social behaviour,,
,2015-12,Surrey Police,Northumbria Police,-1.608649,54.957994,On or near Coatsworth Court,E01008167,Gateshead 008A,Anti-social behaviour,,
382903d13d777f3648fd23eaea8f55abf41a103be457f642d8121c962307afc8,2015-12,Surrey Police,Northumbria Police,-1.609352,54.959595,On or near Bedford Place,E01008167,Gateshead 008A,Burglary,Investigation complete; no suspect identified,
8a2f9c4419b319bcd97827500db5fe36ca6b8a8186c76ec57dbe3bb1a6fb43ae,2015-12,Surrey Police,Northumbria Police,-1.607514,54.955914,On or near Villa Place,E01008167,Gateshead 008A,Criminal damage and arson,Investigation complete; no suspect identified,
cc00909b4d3d4f59b87077a4c2433554645619ce3198c89a0da2b5d27ecb5c50,2015-12,Surrey Police,Northumbria Police,-1.610970,54.956968,On or near Chester Place,E01008167,Gateshead 008A,Criminal damage and arson,Investigation complete; no suspect identified,
f25a2fac223ad8cc13f64ff31adf1d4547aae725d62c8a341c5544bc5241b3e8,2015-12,Surrey Police,Northumbria Police,-1.612631,54.958006,On or near Windmill Way,E01008167,Gateshead 008A,Public order,Investigation complete; no suspect identified,
0b1cee255ba9b84647acc47ee6e25a3ca79d59e0957809b88422605b28f50e38,2015-12,Surrey Police,Northumbria Police,-1.612631,54.958006,On or near Windmill Way,E01008167,Gateshead 008A,Vehicle crime,Offender given a drugs possession warning,
eea667ee81d83d8f53be5da62ce4268839b192725948a8cc30d237620b931c56,2015-12,Surrey Police,Northumbria Police,-1.609441,54.956891,On or near Hillfield Street,E01008167,Gateshead 008A,Vehicle crime,Offender given suspended prison sentence,
fa541bd8f832ee48fd6ed8537cf31fd93ee2f2aadf24cacd691bc8068de55a65,2015-12,Surrey Police,Northumbria Police,-1.606244,54.956431,On or near Alexandra Road,E01008167,Gateshead 008A,Violence and sexual offences,Investigation complete; no suspect identified,
aed5f0a3ba48733f062328ab41c1aec982e926c7f44d3d7d729168fc1a1954c5,2015-12,Surrey Police,Northumbria Police,-1.610970,54.956968,On or near Chester Place,E01008167,Gateshead 008A,Violence and sexual offences,Under investigation,
747d74433cd7f2fa926e9994c48baeb32639967e817cc79867189bfd224f1ca6,2015-12,Surrey Police,Northumbria Police,-1.609352,54.959595,On or near Bedford Place,E01008167,Gateshead 008A,Violence and sexual offences,Investigation complete; no suspect identified,
eb2a61653f52b8d4ff654383deac214e54e6111968287ccc1af38ca1e566408d,2015-12,Surrey Police,Northumbria Police,-1.611604,54.954445,On or near Airey Terrace,E01008167,Gateshead 008A,Violence and sexual offences,Under investigation,
54c6700b1eb0aa37469d75f1a70b60adf15818eef7f83d034591a578c1cbf97b,2015-12,Surrey Police,Northumbria Police,-1.610970,54.956968,On or near Chester Place,E01008167,Gateshead 008A,Violence and sexual offences,Under investigation,
184b1c1c17979a0eabd255fbb8dd4332a00baed959b6fe5313128887768b3152,2015-12,Surrey Police,Northumbria Police,-1.610970,54.956968,On or near Chester Place,E01008167,Gateshead 008A,Violence and sexual offences,Investigation complete; no suspect identified,
,2015-12,Surrey Police,Northumbria Police,-1.611820,54.953079,On or near Rectory Road,E01008169,Gateshead 008B,Anti-social behaviour,,
,2015-12,Surrey Police,Northumbria Police,-1.608141,54.955665,On or near Coatsworth Road,E01008169,Gateshead 008B,Anti-social behaviour,,
,2015-12,Surrey Police,Northumbria Police,-1.611820,54.953079,On or near Rectory Road,E01008169,Gateshead 008B,Anti-social behaviour,,
,2015-12,Surrey Police,Northumbria Police,-1.608141,54.955665,On or near Coatsworth Road,E01008169,Gateshead 008B,Anti-social behaviour,,
,2015-12,Surrey Police,Northumbria Police,-1.607034,54.953918,On or near Windermere Street,E01008169,Gateshead 008B,Anti-social behaviour,,
fb160902a5fa5c9ccf93a806acdbe46d8e1794d18d8133ded716f1d61e19d1e9,2015-12,Surrey Police,Northumbria Police,-1.608320,54.954892,On or near Sedgewick Place,E01008169,Gateshead 008B,Criminal damage and arson,Investigation complete; no suspect identified,
c38a185675ff0318b50523cb0c45bd0b0d87aedf194d81831cc9c9483ab247e0,2015-12,Surrey Police,Northumbria Police,-1.608826,54.952683,On or near Grasmere Street West,E01008169,Gateshead 008B,Criminal damage and arson,Investigation complete; no suspect identified,
8c33b664f1decab7c6831e4da1713696e22a27a3a8e0aa04dcadc772fa66f06a,2015-12,Surrey Police,Northumbria Police,-1.608320,54.954892,On or near Sedgewick Place,E01008169,Gateshead 008B,Drugs,Awaiting court outcome,
c01fa75b184664ac5fe52a03e86c7fdfc1854a9508616d2bad6b42986ed3b63c,2015-12,Surrey Police,Northumbria Police,-1.609631,54.954950,On or near Woodbine Street,E01008169,Gateshead 008B,Drugs,Investigation complete; no suspect identified,
36ad237ac709afdcf1f4d1ddb5972daffab86418a358c016ee381fb1030a2a87,2015-12,Surrey Police,Northumbria Police,-1.608528,54.956052,On or near Claremont Street,E01008169,Gateshead 008B,Other theft,Awaiting court outcome,
c8ccc92a3b8832bab1c59a8ebf8766260e26fb0e852f909a53ea212855f61fbd,2015-12,Surrey Police,Northumbria Police,-1.608141,54.955665,On or near Coatsworth Road,E01008169,Gateshead 008B,Public order,Awaiting court outcome,
c20fc33a6a7a7da6ae37ad9187100549e8ed88ff7953964b4e854c2021ae3cca,2015-12,Surrey Police,Northumbria Police,-1.608320,54.954892,On or near Sedgewick Place,E01008169,Gateshead 008B,Public order,Awaiting court outcome,
9a9cc74d359b8d175eb4eb8ad62c0b640951e69ecf683b4b8b0960e942941370,2015-12,Surrey Police,Northumbria Police,-1.608320,54.954892,On or near Sedgewick Place,E01008169,Gateshead 008B,Public order,Under investigation,
294db0d524ab31b5c139c09504821306f47b018542d3c1e9586f93ce6478f7b4,2015-12,Surrey Police,Northumbria Police,-1.608320,54.954892,On or near Sedgewick Place,E01008169,Gateshead 008B,Shoplifting,Under investigation,
991aaa78df55b6da6be3e29ff6f18403ee3bb0560d3af98c8d51430756d30e60,2015-12,Surrey Police,Northumbria Police,-1.608141,54.955665,On or near Coatsworth Road,E01008169,Gateshead 008B,Shoplifting,Awaiting court outcome,
2803cce80ee2fc1d0b455a0d49e04584204d4e074c3407493a1aa9a8018efb70,2015-12,Surrey Police,Northumbria Police,-1.608528,54.956052,On or near Claremont Street,E01008169,Gateshead 008B,Shoplifting,Offender given conditional discharge,
7b7d378b41e88fd8df806e803378480881e2350c73a228a154dc02b1dab22978,2015-12,Surrey Police,Northumbria Police,-1.608320,54.954892,On or near Sedgewick Place,E01008169,Gateshead 008B,Shoplifting,Offender given suspended prison sentence,
dc47321e2b6bdf2e2243c3fb760176b3992c3f4537430a1f32fd0145cc569fd3,2015-12,Surrey Police,Northumbria Police,-1.609631,54.954950,On or near Woodbine Street,E01008169,Gateshead 008B,Vehicle crime,Investigation complete; no suspect identified,
991d5fbf9d7df271bb4007dd0a7d1dc94f940e41a9364fda52e77d0f615f8e07,2015-12,Surrey Police,Northumbria Police,-1.608320,54.954892,On or near Sedgewick Place,E01008169,Gateshead 008B,Violence and sexual offences,Investigation complete; no suspect identified,
aba8b56a827c344dadc6d328e1e07b7df2ed7ee9e4c3562bddbee035163cd43f,2015-12,Surrey Police,Northumbria Police,-1.610293,54.954315,On or near Cromwell Terrace,E01008169,Gateshead 008B,Violence and sexual offences,Investigation complete; no suspect identified,
f4417aad541288d5ccef391aadd97d918fba574a7f37a10873a4859344a56d9d,2015-12,Surrey Police,Northumbria Police,-1.606228,54.954895,On or near Bewick Road,E01008169,Gateshead 008B,Violence and sexual offences,Investigation complete; no suspect identified,
6bc8b96440ec4a4f85ac86a811af0b9fb46f7d0497781a5229121d91293262a9,2015-12,Surrey Police,Northumbria Police,-1.610293,54.954315,On or near Cromwell Terrace,E01008169,Gateshead 008B,Violence and sexual offences,Investigation complete; no suspect identified,
de87cd47276cf157edd24c97723f80d3c46a78a7ec00a59c98a0ac1e0e587251,2015-12,Surrey Police,Northumbria Police,-1.608141,54.955665,On or near Coatsworth Road,E01008169,Gateshead 008B,Violence and sexual offences,Awaiting court outcome,
bd57c6affce5dd6f5e36cc3619d81ab93da1da8263b49818c77d69df10ba6054,2015-12,Surrey Police,Northumbria Police,-1.608528,54.956052,On or near Claremont Street,E01008169,Gateshead 008B,Violence and sexual offences,Investigation complete; no suspect identified,
46237239e0145d6007cd6ad7752fcf6b27a88974aeba64607d6b93dbdd54a1c7,2015-12,Surrey Police,Northumbria Police,-1.606587,54.953323,On or near Grasmere Street,E01008169,Gateshead 008B,Other crime,Awaiting court outcome,
c3c67cebf221bfb02dd7f0bb142dd2c7e3bc76559ba4ee8a9b9d4f1128eac32f,2015-12,Surrey Police,Northumbria Police,-1.606587,54.953323,On or near Grasmere Street,E01008169,Gateshead 008B,Other crime,Under investigation,
,2015-12,Surrey Police,Northumbria Police,-1.616875,54.955135,On or near Derwentwater Road,E01008170,Gateshead 008C,Anti-social behaviour,,
,2015-12,Surrey Police,Northumbria Police,-1.616367,54.949472,On or near Hedley Street,E01008170,Gateshead 008C,Anti-social behaviour,,
,2015-12,Surrey Police,Northumbria Police,-1.613192,54.954953,On or near Rectory Place,E01008170,Gateshead 008C,Anti-social behaviour,,
,2015-12,Surrey Police,Northumbria Police,-1.616875,54.955135,On or near Derwentwater Road,E01008170,Gateshead 008C,Anti-social behaviour,,
,2015-12,Surrey Police,Northumbria Police,-1.616875,54.955135,On or near Derwentwater Road,E01008170,Gateshead 008C,Anti-social behaviour,,
,2015-12,Surrey Police,Northumbria Police,-1.616875,54.955135,On or near Derwentwater Road,E01008170,Gateshead 008C,Anti-social behaviour,,
,2015-12,Surrey Police,Northumbria Police,-1.616875,54.955135,On or near Derwentwater Road,E01008170,Gateshead 008C,Anti-social behaviour,,
,2015-12,Surrey Police,Northumbria Police,-1.616875,54.955135,On or near Derwentwater Road,E01008170,Gateshead 008C,Anti-social behaviour,,
,2015-12,Surrey Police,Northumbria Police,-1.616875,54.955135,On or near Derwentwater Road,E01008170,Gateshead 008C,Anti-social behaviour,,
,2015-12,Surrey Police,Northumbria Police,-1.613192,54.954953,On or near Rectory Place,E01008170,Gateshead 008C,Anti-social behaviour,,
,2015-12,Surrey Police,Northumbria Police,-1.616944,54.956124,On or near Marian Court,E01008170,Gateshead 008C,Anti-social behaviour,,
,2015-12,Surrey Police,Northumbria Police,-1.616875,54.955135,On or near Derwentwater Road,E01008170,Gateshead 008C,Anti-social behaviour,,
,2015-12,Surrey Police,Northumbria Police,-1.616875,54.955135,On or near Derwentwater Road,E01008170,Gateshead 008C,Anti-social behaviour,,
6cfff9e7e7f7aae657a91d9fc3e1974558de28855e48fb1e150ffeee2c311b6e,2015-12,Surrey Police,Northumbria Police,-1.617452,54.950248,On or near Newton Street,E01008170,Gateshead 008C,Criminal damage and arson,Investigation complete; no suspect identified,
434a9dc602d43e0529d6c393cfb59d72b2b6b41278c9fbab3d1569414b01e557,2015-12,Surrey Police,Northumbria Police,-1.613245,54.955861,On or near The Mill,E01008170,Gateshead 008C,Criminal damage and arson,Investigation complete; no suspect identified,
f5d537f6683b806be18aab852a2271379be41f276c0b117bb25aa4690252ba01,2015-12,Surrey Police,Northumbria Police,-1.616944,54.956124,On or near Marian Court,E01008170,Gateshead 008C,Criminal damage and arson,Investigation complete; no suspect identified,
b537ab0a863dcc4edb6c386b16ff2248b70c335399a1ca6a9c23bef8a0ebaf86,2015-12,Surrey Police,Northumbria Police,-1.613362,54.953417,On or near Oswald Terrace,E01008170,Gateshead 008C,Criminal damage and arson,Investigation complete; no suspect identified,
4a6303be03204a66f7c3f52b0bd2acaec4b5ef9bdb064b8d8e2ffb645018cc49,2015-12,Surrey Police,Northumbria Police,-1.617452,54.950248,On or near Newton Street,E01008170,Gateshead 008C,Criminal damage and arson,Under investigation,
2e2bcc966b802175ac00103b272a3239a82e7b795f15a48b473405cdd969c825,2015-12,Surrey Police,Northumbria Police,-1.616875,54.955135,On or near Derwentwater Road,E01008170,Gateshead 008C,Other theft,Awaiting court outcome,
de364dc9a0a07d495c89e1cbf77ffafc269b4863f816d71dad9639c2055c8a4f,2015-12,Surrey Police,Northumbria Police,-1.615745,54.950800,On or near Saltwell Place,E01008170,Gateshead 008C,Other theft,Under investigation,
7255fda0c2c0e2ebc4b672589d566c8d23375f68e0aef558d464f8c6845ed137,2015-12,Surrey Police,Northumbria Police,-1.616956,54.958155,On or near Askew Road West,E01008170,Gateshead 008C,Other theft,Investigation complete; no suspect identified,
817246c1af9e5f2a07bab0c541f0f1acf751854aa40faff8764e0a2b8892473d,2015-12,Surrey Police,Northumbria Police,-1.616956,54.958155,On or near Askew Road West,E01008170,Gateshead 008C,Other theft,Investigation complete; no suspect identified,
fa26014aa6baa97b0c5afbf5c37cfb3915278afdcb4906d5bed74db8f31fff9c,2015-12,Surrey Police,Northumbria Police,-1.616956,54.958155,On or near Askew Road West,E01008170,Gateshead 008C,Other theft,Investigation complete; no suspect identified,
b9143b919736d502da2da50eecd26ee6084a97dfa5fde143265de1a030487b68,2015-12,Surrey Police,Northumbria Police,-1.616956,54.958155,On or near Askew Road West,E01008170,Gateshead 008C,Other theft,Under investigation,
108feb2a370448ed3a98806b717130e4eb910bbf4a11372b263173072cb59128,2015-12,Surrey Police,Northumbria Police,-1.616875,54.955135,On or near Derwentwater Road,E01008170,Gateshead 008C,Other theft,Investigation complete; no suspect identified,
1d9814e777883cce4493d87cee56b6d57f1caab4a6e51d09961edd7e7b19a331,2015-12,Surrey Police,Northumbria Police,-1.616956,54.958155,On or near Askew Road West,E01008170,Gateshead 008C,Other theft,Investigation complete; no suspect identified,
b8cb4df9a03b8122df7bed0778521cdec67f790a5e43d3c8628309ee65cb4def,2015-12,Surrey Police,Northumbria Police,-1.616818,54.952888,On or near Sidney Grove,E01008170,Gateshead 008C,Public order,Investigation complete; no suspect identified,
e3608acafc54bb034b764d28707e9581b29e823318cbadbbbf11830ec835d922,2015-12,Surrey Police,Northumbria Police,-1.616367,54.949472,On or near Hedley Street,E01008170,Gateshead 008C,Public order,Investigation complete; no suspect identified,
fea370c9079d65ee137a7a6e11678fffd4793e3e1e39bcd0fda26fdedc428257,2015-12,Surrey Police,Northumbria Police,-1.616875,54.955135,On or near Derwentwater Road,E01008170,Gateshead 008C,Public order,Investigation complete; no suspect identified,
a49c0bef7c82489ba789ee013cb689f9e9588c1df0415d6e02a10b1810e914fa,2015-12,Surrey Police,Northumbria Police,-1.613117,54.956193,On or near Bensham Road,E01008170,Gateshead 008C,Public order,Investigation complete; no suspect identified,
2eb1622c89ac34fdba4c4dee432b1182f7d905ca34e30e74f2dae7ccd4c92b58,2015-12,Surrey Police,Northumbria Police,-1.613362,54.953417,On or near Oswald Terrace,E01008170,Gateshead 008C,Robbery,Under investigation,
cb1cf00119b495c2f38611012bf37310933567a975ab0d0c44357072bb8a9f0b,2015-12,Surrey Police,Northumbria Police,-1.616406,54.953588,On or near Fourth Street,E01008170,Gateshead 008C,Vehicle crime,Investigation complete; no suspect identified,
baa5dcda45dd691eb35563483f1aa3fd1cc4b38f7e216adf625ed76efaffae1d,2015-12,Surrey Police,Northumbria Police,-1.615745,54.950800,On or near Saltwell Place,E01008170,Gateshead 008C,Violence and sexual offences,Investigation complete; no suspect identified,
a862faca3f32760bc0ad470044cdfd000fc75fdcd5e3d37d81c3bc329af31a26,2015-12,Surrey Police,Northumbria Police,-1.616818,54.952888,On or near Sidney Grove,E01008170,Gateshead 008C,Violence and sexual offences,Investigation complete; no suspect identified,
2f01eb2884eed5acdf97421495e63caa2b80f3e7ffb0a96bb868bf4941fe09cf,2015-12,Surrey Police,Northumbria Police,-1.616051,54.954719,On or near Second Street,E01008170,Gateshead 008C,Violence and sexual offences,Under investigation,
2685aa21ccba7875cd78b2fd1a8c2026acbedaa5f2f2d71e4b2d29c6f053a804,2015-12,Surrey Police,Northumbria Police,-1.613117,54.956193,On or near Bensham Road,E01008170,Gateshead 008C,Violence and sexual offences,Investigation complete; no suspect identified,
54cce373cd44e7711ed58c208cfc656057a26173402118737b8a1e4d37eb2d2e,2015-12,Surrey Police,Northumbria Police,-1.616875,54.955135,On or near Derwentwater Road,E01008170,Gateshead 008C,Violence and sexual offences,Under investigation,
081dc9dd3166cd60f9daff5c95eed0e2f949174f99dcaedb09b4ae8b19b71308,2015-12,Surrey Police,Northumbria Police,-1.616875,54.955135,On or near Derwentwater Road,E01008170,Gateshead 008C,Violence and sexual offences,Under investigation,
a6e07c6729846f07ac3341bc0288122b365fa2800bbcfe3e0a7e33cafe87c476,2015-12,Surrey Police,Northumbria Police,-1.616367,54.949472,On or near Hedley Street,E01008170,Gateshead 008C,Violence and sexual offences,Investigation complete; no suspect identified,
6b4442177f60746973a9f8ff6a2a20bebfbc621d875a8150965f288192ca1d8c,2015-12,Surrey Police,Northumbria Police,-1.614776,54.950959,On or near Miller Street,E01008170,Gateshead 008C,Violence and sexual offences,Awaiting court outcome,
12a93e99bca0d7816f93c4168a5d8313f0f40441424aabf6d088342b2474de4e,2015-12,Surrey Police,Northumbria Police,-1.616818,54.952888,On or near Sidney Grove,E01008170,Gateshead 008C,Other crime,Awaiting court outcome,
,2015-12,Surrey Police,Northumbria Police,-1.611164,54.951496,On or near Ridley Street,E01008171,Gateshead 008D,Anti-social behaviour,,
,2015-12,Surrey Police,Northumbria Police,-1.609886,54.951249,On or near Whitehall Road,E01008171,Gateshead 008D,Anti-social behaviour,,
,2015-12,Surrey Police,Northumbria Police,-1.609853,54.953010,On or near Windermere Street West,E01008171,Gateshead 008D,Anti-social behaviour,,
,2015-12,Surrey Police,Northumbria Police,-1.614405,54.950482,On or near Saltwell Street,E01008171,Gateshead 008D,Anti-social behaviour,,
,2015-12,Surrey Police,Northumbria Police,-1.614405,54.950482,On or near Saltwell Street,E01008171,Gateshead 008D,Anti-social behaviour,,
,2015-12,Surrey Police,Northumbria Police,-1.611164,54.951496,On or near Ridley Street,E01008171,Gateshead 008D,Anti-social behaviour,,
,2015-12,Surrey Police,Northumbria Police,-1.614405,54.950482,On or near Saltwell Street,E01008171,Gateshead 008D,Anti-social behaviour,,
,2015-12,Surrey Police,Northumbria Police,-1.609886,54.951249,On or near Whitehall Road,E01008171,Gateshead 008D,Anti-social behaviour,,
f69b017725250317635b7d097e6aa7f95bcdda3f971b45a3465b63938cff5d62,2015-12,Surrey Police,Northumbria Police,-1.614405,54.950482,On or near Saltwell Street,E01008171,Gateshead 008D,Criminal damage and arson,Investigation complete; no suspect identified,
82a5f98068611eb93ede831d1a350b74c80222dd244d8b3fa871f2690852c257,2015-12,Surrey Police,Northumbria Police,-1.608524,54.953168,On or near Rydal Street,E01008171,Gateshead 008D,Criminal damage and arson,Investigation complete; no suspect identified,
876c88c495b5de83f8847ee49cfd6d4975cb0d23fac08977988e8682721cf700,2015-12,Surrey Police,Northumbria Police,-1.609886,54.951249,On or near Whitehall Road,E01008171,Gateshead 008D,Criminal damage and arson,Investigation complete; no suspect identified,
d40327c64953ee6eff33969f18c8464874d948bcc00b65c5d81f88ae8fd05a46,2015-12,Surrey Police,Northumbria Police,-1.613110,54.952077,On or near Brighton Road,E01008171,Gateshead 008D,Vehicle crime,Investigation complete; no suspect identified,
037120fd16d6f8fedc89875ba498dacd7e8ead22cd8a08422708f2bc4d9fbabd,2015-12,Surrey Police,Northumbria Police,-1.608524,54.953168,On or near Rydal Street,E01008171,Gateshead 008D,Violence and sexual offences,Investigation complete; no suspect identified,
,2015-12,Surrey Police,Northumbria Police,-1.617454,54.946789,On or near Wetherby Grove,E01008257,Gateshead 008E,Anti-social behaviour,,
,2015-12,Surrey Police,Northumbria Police,-1.619239,54.946174,On or near York Close,E01008257,Gateshead 008E,Anti-social behaviour,,
,2015-12,Surrey Police,Northumbria Police,-1.620069,54.954238,On or near Corbitt Street,E01008257,Gateshead 008E,Anti-social behaviour,,
,2015-12,Surrey Police,Northumbria Police,-1.620069,54.954238,On or near Corbitt Street,E01008257,Gateshead 008E,Anti-social behaviour,,
70139da791e118a46157ba23036487f54b9c0e6f2514aec572982e9a5167bc02,2015-12,Surrey Police,Northumbria Police,-1.620069,54.954238,On or near Corbitt Street,E01008257,Gateshead 008E,Criminal damage and arson,Local resolution,
261d64d9c9afe3235ed567f1af9fd2f5dcba9a4b7c7590fc101329f69f2e2acc,2015-12,Surrey Police,Northumbria Police,-1.617454,54.946789,On or near Wetherby Grove,E01008257,Gateshead 008E,Criminal damage and arson,Investigation complete; no suspect identified,
fb47598875e555dfdf7fa00355375a500c625bc53d19644add062d6a8f538a84,2015-12,Surrey Police,Northumbria Police,-1.617810,54.948713,On or near Newbury Avenue,E01008257,Gateshead 008E,Criminal damage and arson,Investigation complete; no suspect identified,
3f07cb81bedae24d1ca5cff41b1e4207f34924fff1f4d1774f3f802f4a2cb751,2015-12,Surrey Police,Northumbria Police,-1.622567,54.955953,On or near Wolseley Close,E01008257,Gateshead 008E,Other theft,Under investigation,
1c56ab7ebba368c4e75c8d7e663188ac8051cf77ee6eb468627874c5d5d40290,2015-12,Surrey Police,Northumbria Police,-1.617454,54.946789,On or near Wetherby Grove,E01008257,Gateshead 008E,Public order,Local resolution,
a7966cf22ccd65cd3f67b383ddae3f83aa7c853b024199b26cd0ca19f54194c5,2015-12,Surrey Police,Northumbria Police,-1.621803,54.949175,On or near Victoria Road,E01008257,Gateshead 008E,Vehicle crime,Investigation complete; no suspect identified,
5ffcf23c6ca74bde193a6a87b5711838db5485dddeb973b1233c03bea03ac789,2015-12,Surrey Police,Northumbria Police,-1.622567,54.955953,On or near Wolseley Close,E01008257,Gateshead 008E,Violence and sexual offences,Under investigation,
85dd60dfbfa5325eb7672f697e3c17281091ac4b44b0e67f31fd614af77ec8ec,2015-12,Surrey Police,Northumbria Police,-1.620069,54.954238,On or near Corbitt Street,E01008257,Gateshead 008E,Violence and sexual offences,Under investigation,
,2015-12,Surrey Police,Northumbria Police,-1.682550,54.953365,On or near Napier Road,E01008262,Gateshead 009A,Anti-social behaviour,,
,2015-12,Surrey Police,Northumbria Police,-1.668555,54.957641,On or near Shopping Area,E01008262,Gateshead 009A,Anti-social behaviour,,
,2015-12,Surrey Police,Northumbria Police,-1.668555,54.957641,On or near Shopping Area,E01008262,Gateshead 009A,Anti-social behaviour,,
,2015-12,Surrey Police,Northumbria Police,-1.677556,54.962779,On or near Riverside Way,E01008262,Gateshead 009A,Anti-social behaviour,,
,2015-12,Surrey Police,Northumbria Police,-1.663236,54.956980,On or near Parking Area,E01008262,Gateshead 009A,Anti-social behaviour,,
,2015-12,Surrey Police,Northumbria Police,-1.671874,54.958576,On or near Parking Area,E01008262,Gateshead 009A,Anti-social behaviour,,
,2015-12,Surrey Police,Northumbria Police,-1.663845,54.955103,On or near Parking Area,E01008262,Gateshead 009A,Anti-social behaviour,,
1b13b759244a6afd48465fe5843075b38dfaa97af56db9373a8d8e5a6e5e7068,2015-12,Surrey Police,Northumbria Police,-1.668555,54.957641,On or near Shopping Area,E01008262,Gateshead 009A,Bicycle theft,Investigation complete; no suspect identified,
e1af5b2a489653869f42ef2b98b43a1943596da05b3beee483ddc9287b08ade3,2015-12,Surrey Police,Northumbria Police,-1.684976,54.952527,On or near Rosebud Close,E01008262,Gateshead 009A,Burglary,Investigation complete; no suspect identified,
366de232022adf802347803fbf384c60967a79b00c7ca1f0b6eeaeeea85f0249,2015-12,Surrey Police,Northumbria Police,-1.681677,54.953156,On or near Park Terrace,E01008262,Gateshead 009A,Burglary,Investigation complete; no suspect identified,
9939b6c710607d77de7b8d5914b421fffe3405ca423e157e907b0ff02d76b97a,2015-12,Surrey Police,Northumbria Police,-1.680835,54.953001,On or near Richmond Avenue,E01008262,Gateshead 009A,Criminal damage and arson,Investigation complete; no suspect identified,
5885f5dd4cd4ee10a4f4816afb298f4f78722294f4e62854a5a52df1e7bd37fd,2015-12,Surrey Police,Northumbria Police,-1.677556,54.962779,On or near Riverside Way,E01008262,Gateshead 009A,Criminal damage and arson,Under investigation,
042960e6b744c1358297a2add5f0ab41b5aa0eb0baaeb6e6bbb3c3e1a8b875e4,2015-12,Surrey Police,Northumbria Police,-1.671460,54.959500,On or near Parking Area,E01008262,Gateshead 009A,Criminal damage and arson,Investigation complete; no suspect identified,
88b25a040fe8b9bc1ac4b3289fea39ce53c7da4faf59a964b7c041805c7d3b7c,2015-12,Surrey Police,Northumbria Police,-1.674759,54.953300,On or near Market Lane,E01008262,Gateshead 009A,Criminal damage and arson,Under investigation,
765fd9602808ec5db68f233e3e9228b0852fc3529c574d5db7893d1a1bd8640e,2015-12,Surrey Police,Northumbria Police,-1.671460,54.959500,On or near Parking Area,E01008262,Gateshead 009A,Criminal damage and arson,Investigation complete; no suspect identified,
6b748d54d25d14ee83974687a90fc739e0ced1737045eace83adeb7dceaa02a5,2015-12,Surrey Police,Northumbria Police,-1.664780,54.957209,On or near Parking Area,E01008262,Gateshead 009A,Criminal damage and arson,Under investigation,
f8955fb1291b0e3df38de30c1521c996137d79809dfb2bc18fc28aae186fca39,2015-12,Surrey Police,Northumbria Police,-1.664780,54.957209,On or near Parking Area,E01008262,Gateshead 009A,Criminal damage and arson,Investigation complete; no suspect identified,
c04d70ef7e70e284a3a456a826f0cbf50489798313ad618e2dfb57c500ee1bee,2015-12,Surrey Police,Northumbria Police,-1.674491,54.957460,On or near Hollinside Road,E01008262,Gateshead 009A,Criminal damage and arson,Under investigation,
1d9817e4999da880282547396da1b667a4bdc02ef1a7d052bd7b41515d8b1718,2015-12,Surrey Police,Northumbria Police,-1.689711,54.954112,On or near The Covers,E01008262,Gateshead 009A,Criminal damage and arson,Investigation complete; no suspect identified,
43b7ecdee874292d6fe54ca7be6960bebf4bd5e1dbfea506abb28fe37ff94f6e,2015-12,Surrey Police,Northumbria Police,-1.685650,54.950273,On or near Lonnen Drive,E01008262,Gateshead 009A,Criminal damage and arson,Under investigation,
172bccfc6beb1a1d021927a97aa68b31297ad2170cae54d0daac5f73c47a4db5,2015-12,Surrey Police,Northumbria Police,-1.673395,54.957798,On or near Parking Area,E01008262,Gateshead 009A,Other theft,Investigation complete; no suspect identified,
fcde1e3f6c6090ac2f7adfe5c951c662af1ad65f14a25ada107f1be6b2dbc865,2015-12,Surrey Police,Northumbria Police,-1.677556,54.962779,On or near Riverside Way,E01008262,Gateshead 009A,Other theft,Investigation complete; no suspect identified,
c87d3277d9b8022ae5383b252950aca569c5de882b0cbd5a7f077eb1ad00df3c,2015-12,Surrey Police,Northumbria Police,-1.668555,54.957641,On or near Shopping Area,E01008262,Gateshead 009A,Other theft,Investigation complete; no suspect identified,
635c8df2424ee661851feb1b1c400244104d89904a7913c9698ba750cf96b07e,2015-12,Surrey Police,Northumbria Police,-1.684668,54.954045,On or near Brewery Bank,E01008262,Gateshead 009A,Other theft,Under investigation,
a4f6800350918df5ddee5d6327370856d3fb43e638a5357af8207cc124df352c,2015-12,Surrey Police,Northumbria Police,-1.668555,54.957641,On or near Shopping Area,E01008262,Gateshead 009A,Other theft,Investigation complete; no suspect identified,
40b7f3eeeea1814806842861eff229f1574cbf7fa17f38a9ed10169005d734ab,2015-12,Surrey Police,Northumbria Police,-1.673395,54.957798,On or near Parking Area,E01008262,Gateshead 009A,Other theft,Investigation complete; no suspect identified,
f59903c6405d2432dc0023509e0ea9710767760eee5f43310d8ee10675256be3,2015-12,Surrey Police,Northumbria Police,-1.668555,54.957641,On or near Shopping Area,E01008262,Gateshead 009A,Other theft,Investigation complete; no suspect identified,
55afd6b33b1e04847eb024444d5eb70d565bf45cb610476bea29ccbbf92cf046,2015-12,Surrey Police,Northumbria Police,-1.669292,54.959225,On or near Scotswood View,E01008262,Gateshead 009A,Other theft,Investigation complete; no suspect identified,
4969b216caff33dad730dffbd5f5bbfdbe56d72b9aae3847ce8d557b1591ac85,2015-12,Surrey Police,Northumbria Police,-1.681677,54.953156,On or near Park Terrace,E01008262,Gateshead 009A,Other theft,Investigation complete; no suspect identified,
8d646be681fdf5b7f502069d77861d6b9f96ef41865fa4f782a6a9e89c6028a9,2015-12,Surrey Police,Northumbria Police,-1.668555,54.957641,On or near Shopping Area,E01008262,Gateshead 009A,Other theft,Under investigation,
ed141b161b3a46460b850bce838845f2bc0ed42d1a723bc4219b17aebda2e451,2015-12,Surrey Police,Northumbria Police,-1.663845,54.955103,On or near Parking Area,E01008262,Gateshead 009A,Other theft,Investigation complete; no suspect identified,
324445cf7fad85b8932fc9fa85468c934591170b84f4d422557b768326189d0a,2015-12,Surrey Police,Northumbria Police,-1.669292,54.959225,On or near Scotswood View,E01008262,Gateshead 009A,Other theft,Investigation complete; no suspect identified,
dc73f7581080db55d59832ea61d58dce7c606ea8f7e34c2fb4a58a96a427bcc8,2015-12,Surrey Police,Northumbria Police,-1.664780,54.957209,On or near Parking Area,E01008262,Gateshead 009A,Other theft,Under investigation,
86179c4d876e80aaa9cb721a503e43f1ef22faa4167515bf4f8a7f8466fd1478,2015-12,Surrey Police,Northumbria Police,-1.668555,54.957641,On or near Shopping Area,E01008262,Gateshead 009A,Other theft,Investigation complete; no suspect identified,
793705b2378ffbae307b05e5483e8f902f11d67080c6c9e57f85b0c35ea51001,2015-12,Surrey Police,Northumbria Police,-1.668555,54.957641,On or near Shopping Area,E01008262,Gateshead 009A,Other theft,Offender given a caution,
7956bce0370095cd1ad825dfe07afabfa006346029fff22f387f97eca293638c,2015-12,Surrey Police,Northumbria Police,-1.668555,54.957641,On or near Shopping Area,E01008262,Gateshead 009A,Public order,Under investigation,
03b88d1ec6c6513f42bfad8b41a0bd26ba5836b9e07cb03d88c54b6e36c2c8d0,2015-12,Surrey Police,Northumbria Police,-1.682304,54.956761,On or near Long Rigg Road,E01008262,Gateshead 009A,Public order,Investigation complete; no suspect identified,
28b314054bcce9bdbfc1af1f5c5a0d900abe3a38d91f24b39c994cb0fa2cb89e,2015-12,Surrey Police,Northumbria Police,-1.681677,54.953156,On or near Park Terrace,E01008262,Gateshead 009A,Public order,Under investigation,
8a4e711f2d8b54ec56b0fe5f88c74dffaea7bcedd9946c6d705d5eae1f374999,2015-12,Surrey Police,Northumbria Police,-1.677556,54.962779,On or near Riverside Way,E01008262,Gateshead 009A,Public order,Investigation complete; no suspect identified,
6c1e6ba093cde0d928731606ed0b24806b534cb3e5fff2ae6da6318ac5fcb8f6,2015-12,Surrey Police,Northumbria Police,-1.671460,54.959500,On or near Parking Area,E01008262,Gateshead 009A,Public order,Investigation complete; no suspect identified,
f70eed39548da990e9ef1ff38b8d2c839e3861ee348bbe3a2a6eb8715bb0e370,2015-12,Surrey Police,Northumbria Police,-1.668555,54.957641,On or near Shopping Area,E01008262,Gateshead 009A,Shoplifting,Investigation complete; no suspect identified,
5c6af40042d69b8f857db005aa84bbf54ada611aaf010e3cb4fa99a7796ace49,2015-12,Surrey Police,Northumbria Police,-1.672907,54.956350,On or near Parking Area,E01008262,Gateshead 009A,Shoplifting,Offender fined,
b64196393dd5fa93220921d08a4327b5e990002d918bd2dc97c3e7fa6fa3b87e,2015-12,Surrey Police,Northumbria Police,-1.672907,54.956350,On or near Parking Area,E01008262,Gateshead 009A,Shoplifting,Offender given penalty notice,
268edb73b13c8d09d73a409eed18115bce5387ab1f5013e3edd224831e8aff95,2015-12,Surrey Police,Northumbria Police,-1.673395,54.957798,On or near Parking Area,E01008262,Gateshead 009A,Shoplifting,Offender given a caution,
e7cc9d42ea507b9596e65c17b1cb815556483df814ed4ff2b0d7e9f19ae5f247,2015-12,Surrey Police,Northumbria Police,-1.668555,54.957641,On or near Shopping Area,E01008262,Gateshead 009A,Shoplifting,Investigation complete; no suspect identified,
23581b75f94618d80f7ec94d900fcd63381e16138cec08d0425710a17332662c,2015-12,Surrey Police,Northumbria Police,-1.677556,54.962779,On or near Riverside Way,E01008262,Gateshead 009A,Shoplifting,Offender fined,
abfe5ea0fce90e9d279868b5d47f83ae7e2df8c184d09fee8a1bb1b4652eccfc,2015-12,Surrey Police,Northumbria Police,-1.669856,54.955138,On or near St Michael'S Way,E01008262,Gateshead 009A,Shoplifting,Investigation complete; no suspect identified,
e770b814dd8a33e984db906a6e6d1873cf29b802a805f63da35974046ef878ba,2015-12,Surrey Police,Northumbria Police,-1.669292,54.959225,On or near Scotswood View,E01008262,Gateshead 009A,Shoplifting,Investigation complete; no suspect identified,
c60d940b62e12c86d0ad748b8c0ea1fd87cbccbfbd72beeb246866b87f30d5b3,2015-12,Surrey Police,Northumbria Police,-1.663845,54.955103,On or near Parking Area,E01008262,Gateshead 009A,Shoplifting,Under investigation,
44c493ea759fcc38a22dcc14f2f2e7427c015f664d1422cd3639e3e38d0b9d66,2015-12,Surrey Police,Northumbria Police,-1.673395,54.957798,On or near Parking Area,E01008262,Gateshead 009A,Shoplifting,Offender given conditional discharge,
4909171f33218a35ed76944a7c3895dbf33ba90d6e2e58f4b2bf170c0bc54761,2015-12,Surrey Police,Northumbria Police,-1.669856,54.955138,On or near St Michael'S Way,E01008262,Gateshead 009A,Shoplifting,Investigation complete; no suspect identified,
cc200a20c0179266f91cac37d1eeb1eb52a01d22f9cdd4dc39197a3f7348881b,2015-12,Surrey Police,Northumbria Police,-1.668555,54.957641,On or near Shopping Area,E01008262,Gateshead 009A,Shoplifting,Offender given penalty notice,
bc98818fafec08c76eb2393cb540f11233fcb30592016a1ee145b43d9eb7fdcc,2015-12,Surrey Police,Northumbria Police,-1.668555,54.957641,On or near Shopping Area,E01008262,Gateshead 009A,Shoplifting,Awaiting court outcome,
40f3a6f49efbab73160699db4c238b7f79650d3cabde9bfff1350ebe7508d39b,2015-12,Surrey Police,Northumbria Police,-1.674491,54.957460,On or near Hollinside Road,E01008262,Gateshead 009A,Shoplifting,Offender fined,
a10c75de4b250589948a96dcd28275ca890c4170439add355e1b119087151d2e,2015-12,Surrey Police,Northumbria Police,-1.668555,54.957641,On or near Shopping Area,E01008262,Gateshead 009A,Shoplifting,Investigation complete; no suspect identified,
009574414b17008636124e0eac80f8b3b1923ebc64e62888007d415fd1095069,2015-12,Surrey Police,Northumbria Police,-1.669856,54.955138,On or near St Michael'S Way,E01008262,Gateshead 009A,Shoplifting,Investigation complete; no suspect identified,
fcdb4502ea2ab132edc5085a62f44a6323f69e0c666bd458df3d5f98d7750c68,2015-12,Surrey Police,Northumbria Police,-1.668555,54.957641,On or near Shopping Area,E01008262,Gateshead 009A,Shoplifting,Offender given penalty notice,
29b1c96d8996b54e66bcea06af3a8ee97d507ca5dc0b9d8dd06c941690c0880d,2015-12,Surrey Police,Northumbria Police,-1.677556,54.962779,On or near Riverside Way,E01008262,Gateshead 009A,Shoplifting,Offender fined,
fb263320177d0e4864cd93b350ca538ed8ab356fec71b4ee503b4692a3eb2ba1,2015-12,Surrey Police,Northumbria Police,-1.671460,54.959500,On or near Parking Area,E01008262,Gateshead 009A,Shoplifting,Offender given suspended prison sentence,
9c4013e4236d8ff6550de30dcc52ecb4493b98cf7af791907f75f004469b48d5,2015-12,Surrey Police,Northumbria Police,-1.668555,54.957641,On or near Shopping Area,E01008262,Gateshead 009A,Theft from the person,Under investigation,
1ce86ca5dc484586353c30fec11e8bae8da56f50f1e53d97e73ec8514ec5a9e0,2015-12,Surrey Police,Northumbria Police,-1.668555,54.957641,On or near Shopping Area,E01008262,Gateshead 009A,Theft from the person,Investigation complete; no suspect identified,
cb0b7a8fd21c5f0d5b3acc3b1324794d9ce4ef3b3557f9087556ed0349a214fb,2015-12,Surrey Police,Northumbria Police,-1.668555,54.957641,On or near Shopping Area,E01008262,Gateshead 009A,Theft from the person,Investigation complete; no suspect identified,
166627cd76e070786991251f7012a178ac13d5a5cf7125bdbb7c8c3f1ac72107,2015-12,Surrey Police,Northumbria Police,-1.671460,54.959500,On or near Parking Area,E01008262,Gateshead 009A,Vehicle crime,Investigation complete; no suspect identified,
b8b0a2e6669bf0910ed1841edbc2d0f7dab25524666fb15973aab578767a1837,2015-12,Surrey Police,Northumbria Police,-1.674491,54.957460,On or near Hollinside Road,E01008262,Gateshead 009A,Vehicle crime,Investigation complete; no suspect identified,
302b075de7a09d25a62a3301a99adde9dbe7c18c6d94e81f023b6b56175a6bed,2015-12,Surrey Police,Northumbria Police,-1.677556,54.962779,On or near Riverside Way,E01008262,Gateshead 009A,Vehicle crime,Investigation complete; no suspect identified,
cc4b682c5843bed9a1e71a4000304c4ae5b02025a7a0a99c447f5983ca0ca855,2015-12,Surrey Police,Northumbria Police,-1.683901,54.954240,On or near Hood Street,E01008262,Gateshead 009A,Vehicle crime,Investigation complete; no suspect identified,
f0cd485e996d5991592663d4c548d0efb899f1462d4f8f25c5acf6b051c1b1dd,2015-12,Surrey Police,Northumbria Police,-1.684945,54.950550,On or near Plantation Avenue,E01008262,Gateshead 009A,Vehicle crime,Investigation complete; no suspect identified,
cf7681879cb5261bea37db94c5832f653b979be74514d8edf1dd65d969cfc9e7,2015-12,Surrey Police,Northumbria Police,-1.688538,54.954270,On or near Broadmeadows Close,E01008262,Gateshead 009A,Vehicle crime,Investigation complete; no suspect identified,
9c85b02aa51a1ad4b374b84e0368e235e39c46a9e888d7d5c152b2a0a77825f5,2015-12,Surrey Police,Northumbria Police,-1.682550,54.953365,On or near Napier Road,E01008262,Gateshead 009A,Violence and sexual offences,Awaiting court outcome,
7f796b58e27b5237d6c710b2de3d5eea3ce41dcc509ae2162792cd4eaef4be90,2015-12,Surrey Police,Northumbria Police,-1.682550,54.953365,On or near Napier Road,E01008262,Gateshead 009A,Violence and sexual offences,Under investigation,
35ab0144508de08d296203ed26824c3444f0358cd87f587c89515dbe49938e61,2015-12,Surrey Police,Northumbria Police,-1.682550,54.953365,On or near Napier Road,E01008262,Gateshead 009A,Violence and sexual offences,Awaiting court outcome,
3f0326eb678476a4907057bae3a3cc847e6c9fd603cb4aab99bda4f8408155b9,2015-12,Surrey Police,Northumbria Police,-1.668555,54.957641,On or near Shopping Area,E01008262,Gateshead 009A,Violence and sexual offences,Offender given a caution,
c4ef350eab75432b314fe63e5c4665e091c74b93d9abd6d8e4310066a040cfac,2015-12,Surrey Police,Northumbria Police,-1.663845,54.955103,On or near Parking Area,E01008262,Gateshead 009A,Violence and sexual offences,Offender given a caution,
44ee803d3749430c1b67ef7f09ccc7528acd6e7580bdd2be6a40b250ab472291,2015-12,Surrey Police,Northumbria Police,-1.668555,54.957641,On or near Shopping Area,E01008262,Gateshead 009A,Violence and sexual offences,Under investigation,
112b38ce98c09fb09edd5c6dfa4c802ef5e03ea2303dab7b3c8dc0121804a7da,2015-12,Surrey Police,Northumbria Police,-1.663845,54.955103,On or near Parking Area,E01008262,Gateshead 009A,Violence and sexual offences,Investigation complete; no suspect identified,
e7d8e2a064c428b75539cbd0f566b8b090b104fa5a294a3c39e9abccbea1e415,2015-12,Surrey Police,Northumbria Police,-1.684945,54.950550,On or near Plantation Avenue,E01008262,Gateshead 009A,Violence and sexual offences,Awaiting court outcome,
01ff8fe356fd142d30357dc6b65ffb6db5f2642afd9c3bacacb5902fb6ee90ab,2015-12,Surrey Police,Northumbria Police,-1.682550,54.953365,On or near Napier Road,E01008262,Gateshead 009A,Violence and sexual offences,Awaiting court outcome,
27280f73e055ae50ae7cf96765078244286cf177200e1b07a07bd74121508a4e,2015-12,Surrey Police,Northumbria Police,-1.668555,54.957641,On or near Shopping Area,E01008262,Gateshead 009A,Violence and sexual offences,Under investigation,
309b34470c6cb084546cfd94e7ee0137776527dfaf71c8a4a701d6607983395a,2015-12,Surrey Police,Northumbria Police,-1.674759,54.953300,On or near Market Lane,E01008262,Gateshead 009A,Violence and sexual offences,Investigation complete; no suspect identified,
e5642a6713ff9cae777cfb10dd5b80627028d903993ff7acc50270dc6298c53f,2015-12,Surrey Police,Northumbria Police,-1.677556,54.962779,On or near Riverside Way,E01008262,Gateshead 009A,Violence and sexual offences,Investigation complete; no suspect identified,
,2015-12,Surrey Police,Northumbria Police,-1.678508,54.947127,On or near Otterburn Gardens,E01008263,Gateshead 009B,Anti-social behaviour,,
,2015-12,Surrey Police,Northumbria Police,-1.683292,54.948317,On or near Henderson Avenue,E01008263,Gateshead 009B,Anti-social behaviour,,
,2015-12,Surrey Police,Northumbria Police,-1.683931,54.948372,On or near Hardie Avenue,E01008263,Gateshead 009B,Anti-social behaviour,,
,2015-12,Surrey Police,Northumbria Police,-1.683826,54.951823,On or near Dickens Avenue,E01008263,Gateshead 009B,Anti-social behaviour,,
,2015-12,Surrey Police,Northumbria Police,-1.680905,54.946145,On or near Back Row,E01008263,Gateshead 009B,Anti-social behaviour,,
7bf810a1964f999bae958f72712e3a636603659156205254438cf8c80d76ebc4,2015-12,Surrey Police,Northumbria Police,-1.681739,54.949185,On or near Brooke Avenue,E01008263,Gateshead 009B,Criminal damage and arson,Investigation complete; no suspect identified,
792e9bfc888df645ee342e505fa73e320e631d3f648d822eb62c77f83798c997,2015-12,Surrey Police,Northumbria Police,-1.683270,54.945109,On or near Fellside Court,E01008263,Gateshead 009B,Criminal damage and arson,Investigation complete; no suspect identified,
933c56ee4631e41198582672b363a11bf4b73a9dbfc9b660b677d823f595466a,2015-12,Surrey Police,Northumbria Police,-1.681170,54.948078,On or near Graham Avenue,E01008263,Gateshead 009B,Vehicle crime,Investigation complete; no suspect identified,
a71da48fc7703970e667fc3e244ef524cfdeb116ebeb957f0adf7e61a190e639,2015-12,Surrey Police,Northumbria Police,-1.683601,54.946745,On or near Bank Avenue,E01008263,Gateshead 009B,Vehicle crime,Investigation complete; no suspect identified,
98a1732f36bab6ae9af6a8ced666ce80159c31f7f29493c1723983df01c75db8,2015-12,Surrey Police,Northumbria Police,-1.680271,54.951283,On or near Mount View,E01008263,Gateshead 009B,Vehicle crime,Investigation complete; no suspect identified,
e0119a08d1e9294ceb201e0b06b43d50f0b7028b9662727ac54918004d8e9947,2015-12,Surrey Police,Northumbria Police,-1.681956,54.947460,On or near North View,E01008263,Gateshead 009B,Violence and sexual offences,Under investigation,
7a7fb3b09ba2e5bdc035062ba08e349e5347686c67e6e913cfa0bf123bc8fdfb,2015-12,Surrey Police,Northumbria Police,-1.681956,54.947460,On or near North View,E01008263,Gateshead 009B,Violence and sexual offences,Under investigation,
,2015-12,Surrey Police,Northumbria Police,-1.667082,54.945092,On or near Devon Avenue,E01008264,Gateshead 009C,Anti-social behaviour,,
,2015-12,Surrey Police,Northumbria Police,-1.667082,54.945092,On or near Devon Avenue,E01008264,Gateshead 009C,Anti-social behaviour,,
,2015-12,Surrey Police,Northumbria Police,-1.667082,54.945092,On or near Devon Avenue,E01008264,Gateshead 009C,Anti-social behaviour,,
9cfc1833f25ab12a7ec4a77123302a9f9e08536d4ec424712df04d9fe7517ccb,2015-12,Surrey Police,Northumbria Police,-1.674721,54.948330,On or near Coalway Drive,E01008264,Gateshead 009C,Burglary,Investigation complete; no suspect identified,
,2015-12,Surrey Police,Northumbria Police,-1.678928,54.949321,On or near Morris Road,E01008265,Gateshead 009D,Anti-social behaviour,,
282480e4b56d2c9942c0bc602ae39c2146f657b82416ebaba70b65273614c13b,2015-12,Surrey Police,Northumbria Police,-1.678928,54.949321,On or near Morris Road,E01008265,Gateshead 009D,Criminal damage and arson,Investigation complete; no suspect identified,
15e5dbe2c6ffde871faf3842add764849898b3791a8d6ec1eb568c266db56377,2015-12,Surrey Police,Northumbria Police,-1.675025,54.949329,On or near Ashfield Park,E01008265,Gateshead 009D,Criminal damage and arson,Under investigation,
25ce82e34962696af1dd4e1d49be6148f4a1958f26f720e0676adc0129bc173e,2015-12,Surrey Police,Northumbria Police,-1.678928,54.949321,On or near Morris Road,E01008265,Gateshead 009D,Criminal damage and arson,Investigation complete; no suspect identified,
c9c916573801dfde7ce27be2d7b0b004a59bb4f63cf76332d30b08770d65c96a,2015-12,Surrey Police,Northumbria Police,-1.678856,54.952493,On or near Parking Area,E01008265,Gateshead 009D,Criminal damage and arson,Investigation complete; no suspect identified,
27983389f39fb43b93fc23465b80c7f608f2ab6d16e8f8bc6de7c5674bdf1949,2015-12,Surrey Police,Northumbria Police,-1.678014,54.948429,On or near Kingsley Place,E01008265,Gateshead 009D,Vehicle crime,Investigation complete; no suspect identified,
4e4eb75c9acc789965803528564b54ac94122f86d7a8846f6009d30a5c064b61,2015-12,Surrey Police,Northumbria Police,-1.678928,54.949321,On or near Morris Road,E01008265,Gateshead 009D,Vehicle crime,Investigation complete; no suspect identified,
bc1ba68e6397c890d776712f35667d975641af362b0357e6d6070d9ae5bd5717,2015-12,Surrey Police,Northumbria Police,-1.672207,54.952188,On or near Beverley Drive,E01008265,Gateshead 009D,Vehicle crime,Investigation complete; no suspect identified,
7a932f359eecd6e3560183e5442a4bc1ae43cceab07a7d99ae1fe522eb3b387e,2015-12,Surrey Police,Northumbria Police,-1.680896,54.949182,On or near Milton Road,E01008265,Gateshead 009D,Violence and sexual offences,Under investigation,
58a013964fc30c48219ccebcd5e5b77bd9dbb8fb2adcf530dd97777dd9e85efc,2015-12,Surrey Police,Northumbria Police,-1.680896,54.949182,On or near Milton Road,E01008265,Gateshead 009D,Violence and sexual offences,Investigation complete; no suspect identified,
a16841679119a1ae69d0a4117b7eb1507de080ebdd0aa3e38183da7b80b41501,2015-12,Surrey Police,Northumbria Police,-1.680896,54.949182,On or near Milton Road,E01008265,Gateshead 009D,Violence and sexual offences,Under investigation,
39e234423c17d01e28d63dd063d8397eb97974185e12f6b4cc75682f9df7afe5,2015-12,Surrey Police,Northumbria Police,-1.681398,54.950909,On or near East View Terrace,E01008265,Gateshead 009D,Violence and sexual offences,Investigation complete; no suspect identified,
,2015-12,Surrey Police,Northumbria Police,-1.688294,54.945427,On or near Alnwick Close,E01008266,Gateshead 009E,Anti-social behaviour,,
6debd6cc9d4de9a3f74b84fffd92a86823a6e6f2d6b8e08c406cf10e65e6c013,2015-12,Surrey Police,Northumbria Police,-1.688294,54.945427,On or near Alnwick Close,E01008266,Gateshead 009E,Public order,Under investigation,
3e68b4e8136f5530e9713fc61921083b981d8f7951cdc10993a44a81cab5dc94,2015-12,Surrey Police,Northumbria Police,-1.684864,54.944870,On or near West Street,E01008266,Gateshead 009E,Vehicle crime,Investigation complete; no suspect identified,
7bfe47ca99402ad6fd5f6e98cdee6cd13f0b3eaf2a67dbeb2dca6af369d00d6f,2015-12,Surrey Police,Northumbria Police,-1.690768,54.942432,On or near Corsair,E01008266,Gateshead 009E,Vehicle crime,Investigation complete; no suspect identified,
d727f7b6e32e0c7c369d878918a59980de6e6cb2cde375643960de0e4dea87a3,2015-12,Surrey Police,Northumbria Police,-1.684518,54.945238,On or near James Street,E01008266,Gateshead 009E,Violence and sexual offences,Under investigation,
,2015-12,Surrey Police,Northumbria Police,-1.603021,54.949106,On or near Rodsley Avenue,E01008251,Gateshead 010A,Anti-social behaviour,,
346982dcc2ba486ef343faf84f20df622f20d2262e775b21ce25bd86108459d4,2015-12,Surrey Police,Northumbria Police,-1.603959,54.949064,On or near Brinkburn Avenue,E01008251,Gateshead 010A,Burglary,Under investigation,
982ed3fb0ec3bdc9bd19436f9e3720d546c5a1b3f54ced187fb1ad064b4cb5aa,2015-12,Surrey Police,Northumbria Police,-1.603959,54.949064,On or near Brinkburn Avenue,E01008251,Gateshead 010A,Burglary,Investigation complete; no suspect identified,
c3b9ff2122e7ca7a2cb7285c187cdb75c2ceaa3f47cd2533b24556a2f2d8b320,2015-12,Surrey Police,Northumbria Police,-1.603959,54.949064,On or near Brinkburn Avenue,E01008251,Gateshead 010A,Burglary,Investigation complete; no suspect identified,
e7d4fbeb029f4f4a5d31794fb99e5c3c4143db229927f32219fed782d94b5544,2015-12,Surrey Police,Northumbria Police,-1.603959,54.949064,On or near Brinkburn Avenue,E01008251,Gateshead 010A,Burglary,Under investigation,
6730def5a7d4fcf1343031c838caf2ef8aa1543fe46808cc5dfd2d281c536779,2015-12,Surrey Police,Northumbria Police,-1.603959,54.949064,On or near Brinkburn Avenue,E01008251,Gateshead 010A,Criminal damage and arson,Investigation complete; no suspect identified,
d25037511a4501ecec78f71bbe3d17c8685cc8ab22796f87c57d1a250e737e29,2015-12,Surrey Police,Northumbria Police,-1.603959,54.949064,On or near Brinkburn Avenue,E01008251,Gateshead 010A,Criminal damage and arson,Under investigation,
7895b6b6e3236117c52f8dadf94f18b56c3b3b4f6818add9347343eb4102d791,2015-12,Surrey Police,Northumbria Police,-1.603959,54.949064,On or near Brinkburn Avenue,E01008251,Gateshead 010A,Criminal damage and arson,Investigation complete; no suspect identified,
1522278fa538e1420608cd97696b699a34eb4161e0f36b5b21815a74d4b2dadf,2015-12,Surrey Police,Northumbria Police,-1.602053,54.949130,On or near Avenue Road,E01008251,Gateshead 010A,Other crime,Under investigation,
e2f6ecd0bdee33dedb904dc1b3bae1819d638c7700e517bfb45eb56c52226adf,2015-12,Surrey Police,Northumbria Police,-1.603959,54.949064,On or near Brinkburn Avenue,E01008251,Gateshead 010A,Other crime,Under investigation,
,2015-12,Surrey Police,Northumbria Police,-1.606911,54.952138,On or near Avondale Terrace,E01008252,Gateshead 010B,Anti-social behaviour,,
,2015-12,Surrey Police,Northumbria Police,-1.600669,54.953277,On or near Camborne Grove,E01008252,Gateshead 010B,Anti-social behaviour,,
,2015-12,Surrey Police,Northumbria Police,-1.605357,54.949770,On or near Eastbourne Avenue,E01008252,Gateshead 010B,Anti-social behaviour,,
,2015-12,Surrey Police,Northumbria Police,-1.600570,54.952270,On or near Shipley Court,E01008252,Gateshead 010B,Anti-social behaviour,,
,2015-12,Surrey Police,Northumbria Police,-1.603974,54.950682,On or near Westfield Terrace,E01008252,Gateshead 010B,Anti-social behaviour,,
,2015-12,Surrey Police,Northumbria Police,-1.603974,54.950682,On or near Westfield Terrace,E01008252,Gateshead 010B,Anti-social behaviour,,
,2015-12,Surrey Police,Northumbria Police,-1.603974,54.950682,On or near Westfield Terrace,E01008252,Gateshead 010B,Anti-social behaviour,,
72b1b18fd50678f4598b955bd7993d6714f7f586cf39ec11af086c91f72e15f8,2015-12,Surrey Police,Northumbria Police,-1.600669,54.953277,On or near Camborne Grove,E01008252,Gateshead 010B,Burglary,Under investigation,
e35a74150b9a6ae89e52a59e680e0bc347204dce9a57cfd3dfef0943dc27ee58,2015-12,Surrey Police,Northumbria Police,-1.605357,54.949770,On or near Eastbourne Avenue,E01008252,Gateshead 010B,Burglary,Investigation complete; no suspect identified,
f8a782e4ee040c9e1bc49756888b976ddfd91dc8fedba216661cecd5ce2075d9,2015-12,Surrey Police,Northumbria Police,-1.600669,54.953277,On or near Camborne Grove,E01008252,Gateshead 010B,Burglary,Under investigation,
1a7ac1dadc8f75f06842085f5321be2b3f6a52c27cca7a1341ab1f38fedeb515,2015-12,Surrey Police,Northumbria Police,-1.606911,54.952138,On or near Avondale Terrace,E01008252,Gateshead 010B,Burglary,Investigation complete; no suspect identified,
431cb09f1ae38cdb4afb44b5e2f927a3b36dd25c53570927f5de644a75c7e2d0,2015-12,Surrey Police,Northumbria Police,-1.603974,54.950682,On or near Westfield Terrace,E01008252,Gateshead 010B,Criminal damage and arson,Investigation complete; no suspect identified,
307ec78ac67545ddfcdf2e64dc3159bbbe3a5a2d48c3042ea34e6a7fb4d94148,2015-12,Surrey Police,Northumbria Police,-1.603974,54.950682,On or near Westfield Terrace,E01008252,Gateshead 010B,Drugs,Offender given community sentence,
1dd40fd23dbe95e698577bbcdf0045d50c6df5e1067c39a2053fcc1ea5d4f0c1,2015-12,Surrey Police,Northumbria Police,-1.605619,54.951693,On or near Coatsworth Road,E01008252,Gateshead 010B,Other theft,Offender given a caution,
46eb6f0079ca2e435657723aab17cb711660bdb01e7ec8685a9596e8c0854b17,2015-12,Surrey Police,Northumbria Police,-1.605619,54.951693,On or near Coatsworth Road,E01008252,Gateshead 010B,Possession of weapons,Investigation complete; no suspect identified,
dee5ab2b13c97f4cb2ffec8915c4556d6591ff6e94a3463fdd710d3584d232b8,2015-12,Surrey Police,Northumbria Police,-1.603974,54.950682,On or near Westfield Terrace,E01008252,Gateshead 010B,Public order,Under investigation,
6d55bdbd07c584d0aa58fae604fd79995dcc44973a957bf63f91d6cabb25fbc2,2015-12,Surrey Police,Northumbria Police,-1.603974,54.950682,On or near Westfield Terrace,E01008252,Gateshead 010B,Public order,Local resolution,
1e4a697c0e6de8a09219c9556fc30db701a2feda07aa54a452bce4e47eff363a,2015-12,Surrey Police,Northumbria Police,-1.603974,54.950682,On or near Westfield Terrace,E01008252,Gateshead 010B,Public order,Under investigation,
f7d21e3b60de2cdb8e1227a81673ff463728e2a7ebf65cf7a54392d684214999,2015-12,Surrey Police,Northumbria Police,-1.600381,54.952467,On or near Camborne Place,E01008252,Gateshead 010B,Violence and sexual offences,Under investigation,
3a418fe3d5aad679bbedbeaac3c2c13b5f16e454f7d5a49ba88b7756422a3353,2015-12,Surrey Police,Northumbria Police,-1.605619,54.951693,On or near Coatsworth Road,E01008252,Gateshead 010B,Violence and sexual offences,Investigation complete; no suspect identified,
b662cd106459470422a8e9570a55ffc60d0eb7d1c98981f34bfffc1d92e70751,2015-12,Surrey Police,Northumbria Police,-1.605357,54.949770,On or near Eastbourne Avenue,E01008252,Gateshead 010B,Violence and sexual offences,Investigation complete; no suspect identified,
aa94a9445df77b60fe7005eabd10439c4b87c135b45379bc61f712657ae7ddfe,2015-12,Surrey Police,Northumbria Police,-1.605357,54.949770,On or near Eastbourne Avenue,E01008252,Gateshead 010B,Violence and sexual offences,Offender given community sentence,
27288bc9a219e1c67b06daf5ec06042c3694696206f1fe680dc9d01ac8a8b033,2015-12,Surrey Police,Northumbria Police,-1.603974,54.950682,On or near Westfield Terrace,E01008252,Gateshead 010B,Violence and sexual offences,Investigation complete; no suspect identified,
7ffb4f585e2d6d5c33eb55e5650477d3aad6510d3d2d92c93fabc986a21fc70b,2015-12,Surrey Police,Northumbria Police,-1.603806,54.951903,On or near Alexandra Road,E01008252,Gateshead 010B,Violence and sexual offences,Investigation complete; no suspect identified,
,2015-12,Surrey Police,Northumbria Police,-1.607969,54.949284,On or near Rectory Road,E01008253,Gateshead 010C,Anti-social behaviour,,
,2015-12,Surrey Police,Northumbria Police,-1.606647,54.950358,On or near Westfield Road,E01008253,Gateshead 010C,Anti-social behaviour,,
,2015-12,Surrey Police,Northumbria Police,-1.611912,54.949997,On or near Hydepark Street,E01008253,Gateshead 010C,Anti-social behaviour,,
,2015-12,Surrey Police,Northumbria Police,-1.606647,54.950358,On or near Westfield Road,E01008253,Gateshead 010C,Anti-social behaviour,,
,2015-12,Surrey Police,Northumbria Police,-1.606647,54.950358,On or near Westfield Road,E01008253,Gateshead 010C,Anti-social behaviour,,
,2015-12,Surrey Police,Northumbria Police,-1.611714,54.949475,On or near Westminster Street,E01008253,Gateshead 010C,Anti-social behaviour,,
,2015-12,Surrey Police,Northumbria Police,-1.611912,54.949997,On or near Hydepark Street,E01008253,Gateshead 010C,Anti-social behaviour,,
29d86e183e8ba1e562747b4c129dde08ea2ff8bed39b4eb988d083bfd166cce2,2015-12,Surrey Police,Northumbria Police,-1.606647,54.950358,On or near Westfield Road,E01008253,Gateshead 010C,Burglary,Awaiting court outcome,
1bb1d82e6c03e5a89970a1a150521dd22f6b7d911c7491b7d7d1955cabf5dd39,2015-12,Surrey Police,Northumbria Police,-1.606647,54.950358,On or near Westfield Road,E01008253,Gateshead 010C,Burglary,Under investigation,
fcf0a1500e2f9183acc4a58d7320c9c11e83dd8ea6b7d91fbfbeba6127f0ea87,2015-12,Surrey Police,Northumbria Police,-1.606647,54.950358,On or near Westfield Road,E01008253,Gateshead 010C,Criminal damage and arson,Under investigation,
cc394aa5569e8c40aa860824fe95ab8c010fe08dd74a6e2973de90d25bdb1b55,2015-12,Surrey Police,Northumbria Police,-1.606340,54.949782,On or near Westbourne Avenue,E01008253,Gateshead 010C,Criminal damage and arson,Under investigation,
7610a26e10467b5e3bdba5d56e0228c6a3cecdee0325e7f5259b44889a239242,2015-12,Surrey Police,Northumbria Police,-1.606647,54.950358,On or near Westfield Road,E01008253,Gateshead 010C,Drugs,Offender sent to prison,
0e21640a1b4d647a4eec2f1bb6126030a1370b322f44e6939da40b5107f9a2a2,2015-12,Surrey Police,Northumbria Police,-1.607969,54.949284,On or near Rectory Road,E01008253,Gateshead 010C,Drugs,Investigation complete; no suspect identified,
705efd03d9493194d28dd9108fc056e594632522a9de933ed8593a95c08a1670,2015-12,Surrey Police,Northumbria Police,-1.607969,54.949284,On or near Rectory Road,E01008253,Gateshead 010C,Other theft,Awaiting court outcome,
74f1b01c04ec0fafb2465a122326146a22ae8fe658ffdf5121454256860ab863,2015-12,Surrey Police,Northumbria Police,-1.606647,54.950358,On or near Westfield Road,E01008253,Gateshead 010C,Public order,Investigation complete; no suspect identified,
bf1cc716e6d157b2577737e8f1827517e7cad638e6595e58bc629c5d423cb46f,2015-12,Surrey Police,Northumbria Police,-1.607969,54.949284,On or near Rectory Road,E01008253,Gateshead 010C,Vehicle crime,Under investigation,
57bf0f969b68d189ea91eb28ac3aff62276fa8b3402f76a1204eca4806c5e27c,2015-12,Surrey Police,Northumbria Police,-1.607969,54.949284,On or near Rectory Road,E01008253,Gateshead 010C,Vehicle crime,Investigation complete; no suspect identified,
6edb0ef2fb3b0b43f549a10e068df4f1bb3f031a1b6e7d62621446c441b76c60,2015-12,Surrey Police,Northumbria Police,-1.607170,54.949578,On or near Windsor Avenue,E01008253,Gateshead 010C,Violence and sexual offences,Investigation complete; no suspect identified,
99efc57178b36039a1b1c782b7377aea62fe5de609b5b3e61c71382b8eae92fc,2015-12,Surrey Police,Northumbria Police,-1.608354,54.948180,On or near Fern Dene Road,E01008253,Gateshead 010C,Violence and sexual offences,Under investigation,
5256975274c2a0711d4bbf89487041114e142b97522a7c7d624f9d1b341757f1,2015-12,Surrey Police,Northumbria Police,-1.607170,54.949578,On or near Windsor Avenue,E01008253,Gateshead 010C,Violence and sexual offences,Under investigation,
ddf5b522e19dc1f031aad867c85ceed786af8ae48989465e4191375d6900c789,2015-12,Surrey Police,Northumbria Police,-1.606340,54.949782,On or near Westbourne Avenue,E01008253,Gateshead 010C,Other crime,Under investigation,
,2015-12,Surrey Police,Northumbria Police,-1.612569,54.944994,On or near Barry Street,E01008254,Gateshead 010D,Anti-social behaviour,,
,2015-12,Surrey Police,Northumbria Police,-1.615085,54.947976,On or near Armstrong Street,E01008254,Gateshead 010D,Anti-social behaviour,,
,2015-12,Surrey Police,Northumbria Police,-1.615085,54.947976,On or near Armstrong Street,E01008254,Gateshead 010D,Anti-social behaviour,,
,2015-12,Surrey Police,Northumbria Police,-1.615856,54.948994,On or near Trevethick Street,E01008254,Gateshead 010D,Anti-social behaviour,,
,2015-12,Surrey Police,Northumbria Police,-1.612279,54.947581,On or near Rayleigh Grove,E01008254,Gateshead 010D,Anti-social behaviour,,
,2015-12,Surrey Police,Northumbria Police,-1.612279,54.947581,On or near Rayleigh Grove,E01008254,Gateshead 010D,Anti-social behaviour,,
,2015-12,Surrey Police,Northumbria Police,-1.614252,54.946967,On or near Telford Street,E01008254,Gateshead 010D,Anti-social behaviour,,
0acba84dd6ee0816f7dca58e39a26e9ddbc968e7259fe0409fb10e087bb8446d,2015-12,Surrey Police,Northumbria Police,-1.609536,54.948669,On or near Brighton Road,E01008254,Gateshead 010D,Burglary,Investigation complete; no suspect identified,
dfb9b42bdd52017095cd6d94e76e3eacdc14f357052e553873cbb868c99f51b3,2015-12,Surrey Police,Northumbria Police,-1.612279,54.947581,On or near Rayleigh Grove,E01008254,Gateshead 010D,Criminal damage and arson,Investigation complete; no suspect identified,
d03f8b2d8424b92244e2c4cc3caccba04bf9195978f6fecc8da55fcc23ac01cc,2015-12,Surrey Police,Northumbria Police,-1.613835,54.946481,On or near Watt Street,E01008254,Gateshead 010D,Drugs,Under investigation,
183e5d68617a5c680c115160c6054bf6351da705c114aa951996a9f44f04a46b,2015-12,Surrey Police,Northumbria Police,-1.615856,54.948994,On or near Trevethick Street,E01008254,Gateshead 010D,Drugs,Offender deprived of property,
cf901dbaa4ef5f40c33bdf9a8707678a2abec7a38435db53b02745d9c485ffc3,2015-12,Surrey Police,Northumbria Police,-1.615486,54.948490,On or near Brunel Street,E01008254,Gateshead 010D,Drugs,Under investigation,
f63396bc5559d268a87e1aeced55f2dcb48778d8525ad5cf675588826bcbd375,2015-12,Surrey Police,Northumbria Police,-1.615856,54.948994,On or near Trevethick Street,E01008254,Gateshead 010D,Other theft,Offender fined,
bf738c22fa88e519055e593ce8e8c7bce3f02a5c3eb9bd99e783ea614674a0fd,2015-12,Surrey Police,Northumbria Police,-1.614252,54.946967,On or near Telford Street,E01008254,Gateshead 010D,Possession of weapons,Under investigation,
4461176e0378cebe470144c9376d765c5285978201213f3500983a0506c08f54,2015-12,Surrey Police,Northumbria Police,-1.615486,54.948490,On or near Brunel Street,E01008254,Gateshead 010D,Possession of weapons,Awaiting court outcome,
da1844d8453b9d2383ae3875deb9f00957c9e3a77d0e523b1acae96314f14646,2015-12,Surrey Police,Northumbria Police,-1.609536,54.948669,On or near Brighton Road,E01008254,Gateshead 010D,Vehicle crime,Investigation complete; no suspect identified,
62d4c7deeb08f577a2c0d52a4c0294328525b6c41535ef3ab649f11d46739986,2015-12,Surrey Police,Northumbria Police,-1.612569,54.944994,On or near Barry Street,E01008254,Gateshead 010D,Violence and sexual offences,Investigation complete; no suspect identified,
0c828b70b62078ca2a4ac0b6abed5a97a14e964cfef1515439036bd519ab674a,2015-12,Surrey Police,Northumbria Police,-1.615085,54.947976,On or near Armstrong Street,E01008254,Gateshead 010D,Violence and sexual offences,Offender given a caution,
5a9b431abc0500a2d3a234a5a1a44c231d9958a97692b716670f3ac28e51b404,2015-12,Surrey Police,Northumbria Police,-1.613835,54.946481,On or near Watt Street,E01008254,Gateshead 010D,Violence and sexual offences,Under investigation,
34e66686367ba7b20099a2ef3cd4039ccf5a0ed5a091b55c624add6d8685380a,2015-12,Surrey Police,Northumbria Police,-1.615085,54.947976,On or near Armstrong Street,E01008254,Gateshead 010D,Violence and sexual offences,Under investigation,
,2015-12,Surrey Police,Northumbria Police,-1.611737,54.943886,On or near Whitworth Close,E01008255,Gateshead 010E,Anti-social behaviour,,
,2015-12,Surrey Police,Northumbria Police,-1.606291,54.945279,On or near Park/Open Space,E01008255,Gateshead 010E,Anti-social behaviour,,
,2015-12,Surrey Police,Northumbria Police,-1.606291,54.945279,On or near Park/Open Space,E01008255,Gateshead 010E,Anti-social behaviour,,
,2015-12,Surrey Police,Northumbria Police,-1.608919,54.946249,On or near Field House Road,E01008255,Gateshead 010E,Anti-social behaviour,,
8e18c0878ead509b08fe92c74e44358405a3c3219a11c12fa2ab1a889b3d4cb1,2015-12,Surrey Police,Northumbria Police,-1.608569,54.938889,On or near Ventnor Gardens,E01008255,Gateshead 010E,Burglary,Investigation complete; no suspect identified,
925f9cb7b5a1a7410e1deeb920e1142b247c3d4e37a70ef60aed8f5849df8bc1,2015-12,Surrey Police,Northumbria Police,-1.611737,54.943886,On or near Whitworth Close,E01008255,Gateshead 010E,Criminal damage and arson,Investigation complete; no suspect identified,
47b14e1ab9038aa9ab67d11f3c0ae2760f6d9803f01bb4284d7949f53c6ed81a,2015-12,Surrey Police,Northumbria Police,-1.611983,54.944246,On or near Harrison Gardens,E01008255,Gateshead 010E,Criminal damage and arson,Investigation complete; no suspect identified,
f8158b5e3a071913acbcd5419c13abe788b6dda66e4a6ea6389d245d6e83db87,2015-12,Surrey Police,Northumbria Police,-1.607981,54.944854,On or near Felton Crescent,E01008255,Gateshead 010E,Criminal damage and arson,Offender given a caution,
4c3ea430008cc437cc88837b6160e0907f668dc6c4866a2c4514ee7688702584,2015-12,Surrey Police,Northumbria Police,-1.606291,54.945279,On or near Park/Open Space,E01008255,Gateshead 010E,Drugs,Investigation complete; no suspect identified,
78bab9f736d947cc34a77a67c7696c2d7c68f618cf7ad0141ebf2a79cbc4edfe,2015-12,Surrey Police,Northumbria Police,-1.607742,54.935741,On or near Station Road,E01008255,Gateshead 010E,Other theft,Investigation complete; no suspect identified,
ab11f1f659549492f55502d8daa61de31aed5523808ce7ab91b9f9e71b6473ca,2015-12,Surrey Police,Northumbria Police,-1.600257,54.942914,On or near The Drive,E01008255,Gateshead 010E,Other theft,Investigation complete; no suspect identified,
8647b2440ccea91885d3f8ef636824d743b316823cbd4e4970c123a4f6a2aa28,2015-12,Surrey Police,Northumbria Police,-1.610719,54.947414,On or near Rawling Road,E01008255,Gateshead 010E,Vehicle crime,Investigation complete; no suspect identified,
7fce25a5d590e5caaebc92ce563e07f8bda6013a1b720302f283709fe62e4b31,2015-12,Surrey Police,Northumbria Police,-1.610719,54.947414,On or near Rawling Road,E01008255,Gateshead 010E,Vehicle crime,Investigation complete; no suspect identified,
9b007e13578c30e577855b699e8d9a0ce4e4fe61ea85a4b782e3bb82b3298ed7,2015-12,Surrey Police,Northumbria Police,-1.611737,54.943886,On or near Whitworth Close,E01008255,Gateshead 010E,Violence and sexual offences,Under investigation,
4db735bd94db5a86bd364030e913435dd3478503e876f8e03d50614f44f905c2,2015-12,Surrey Police,Northumbria Police,-1.604460,54.947331,On or near Saltwell View,E01008255,Gateshead 010E,Violence and sexual offences,Under investigation,
,2015-12,Surrey Police,Northumbria Police,-1.583028,54.951555,On or near Mersey Place,E01008165,Gateshead 011A,Anti-social behaviour,,
,2015-12,Surrey Police,Northumbria Police,-1.589771,54.951740,On or near Highcliffe Gardens,E01008165,Gateshead 011A,Anti-social behaviour,,
,2015-12,Surrey Police,Northumbria Police,-1.592554,54.952855,On or near Cromwell Street,E01008165,Gateshead 011A,Anti-social behaviour,,
,2015-12,Surrey Police,Northumbria Police,-1.579144,54.951173,On or near Gower Walk,E01008165,Gateshead 011A,Anti-social behaviour,,
,2015-12,Surrey Police,Northumbria Police,-1.588015,54.953936,On or near Cobden Street,E01008165,Gateshead 011A,Anti-social behaviour,,
1152ec0d8b48349baf7dee494fc15132c172b6b57da4d90e72e430af6d9d5901,2015-12,Surrey Police,Northumbria Police,-1.579144,54.951173,On or near Gower Walk,E01008165,Gateshead 011A,Burglary,Investigation complete; no suspect identified,
1974ee615a59eceba1e5ef4cf5ea9948dbf3028a0f38792ba341f26740469bf0,2015-12,Surrey Police,Northumbria Police,-1.582547,54.951194,On or near Trent Gardens,E01008165,Gateshead 011A,Burglary,Investigation complete; no suspect identified,
95257cc86fa249f4470cfb29e82d1bd2cff954dfa74f9ec87506e272062909e5,2015-12,Surrey Police,Northumbria Police,-1.579144,54.951173,On or near Gower Walk,E01008165,Gateshead 011A,Criminal damage and arson,Investigation complete; no suspect identified,
1997e6136aa4fcafe093d702aa8211df89971e3f62b77ad5bb78fa902493dfa3,2015-12,Surrey Police,Northumbria Police,-1.586506,54.951927,On or near Severn Gardens,E01008165,Gateshead 011A,Criminal damage and arson,Investigation complete; no suspect identified,
e0e1ff7884646cbe240ed1342ebe0fc42abb1a7a419648ae792f6c3f4d4c5371,2015-12,Surrey Police,Northumbria Police,-1.587095,54.950823,On or near Split Crow Road,E01008165,Gateshead 011A,Other theft,Investigation complete; no suspect identified,
1e6c5df76cec522daa3abb8978a721e08c836917d7ba2d35bfc4aeab42dbf539,2015-12,Surrey Police,Northumbria Police,-1.593583,54.953020,On or near Burney Villas,E01008165,Gateshead 011A,Other theft,Investigation complete; no suspect identified,
4da7533b2ea7d931a5ab2bce50e9c8c04de623d799c0f3bd3d959b13dbb27ba1,2015-12,Surrey Police,Northumbria Police,-1.585924,54.952347,On or near Medway Crescent,E01008165,Gateshead 011A,Violence and sexual offences,Under investigation,
1b3a8e313082739e58fc97a71ede73de398f7234b1a7360fc76491344da93f39,2015-12,Surrey Police,Northumbria Police,-1.588015,54.953936,On or near Cobden Street,E01008165,Gateshead 011A,Violence and sexual offences,Offender given conditional discharge,
05a71f51d6dfd57d9aac4dfee6208fbccfd1c819f075c68cd337459cfaea9901,2015-12,Surrey Police,Northumbria Police,-1.586506,54.951927,On or near Severn Gardens,E01008165,Gateshead 011A,Other crime,Under investigation,
,2015-12,Surrey Police,Northumbria Police,-1.587935,54.946486,On or near Pattinson Gardens,E01008201,Gateshead 011B,Anti-social behaviour,,
,2015-12,Surrey Police,Northumbria Police,-1.585819,54.941275,On or near Southway,E01008201,Gateshead 011B,Anti-social behaviour,,
,2015-12,Surrey Police,Northumbria Police,-1.587559,54.945154,On or near Hadrian Place,E01008201,Gateshead 011B,Anti-social behaviour,,
,2015-12,Surrey Police,Northumbria Police,-1.587644,54.945981,On or near Pilgrimsway,E01008201,Gateshead 011B,Anti-social behaviour,,
,2015-12,Surrey Police,Northumbria Police,-1.586713,54.943876,On or near Pottersway,E01008201,Gateshead 011B,Anti-social behaviour,,
,2015-12,Surrey Police,Northumbria Police,-1.587935,54.946486,On or near Pattinson Gardens,E01008201,Gateshead 011B,Anti-social behaviour,,
,2015-12,Surrey Police,Northumbria Police,-1.585892,54.941752,On or near Tribune Place,E01008201,Gateshead 011B,Anti-social behaviour,,
11ce9b472d984969e015aa5a04b32e19925eb62f0e2495234ee588c1f86b7378,2015-12,Surrey Police,Northumbria Police,-1.585819,54.941275,On or near Southway,E01008201,Gateshead 011B,Burglary,Investigation complete; no suspect identified,
81a77184d2a44e8a55e0ae09583b1fb8ec01f41426a65e1bfc1f1b2bff11b5c5,2015-12,Surrey Police,Northumbria Police,-1.586959,54.944227,On or near Broadway,E01008201,Gateshead 011B,Criminal damage and arson,Investigation complete; no suspect identified,
ada8a63c41ce15002817085fae348e5871f19367eb43ea27cbc3ae837c91ca88,2015-12,Surrey Police,Northumbria Police,-1.589483,54.943220,On or near Prefect Place,E01008201,Gateshead 011B,Criminal damage and arson,Investigation complete; no suspect identified,
29cedcf30e48d84e3b903c3adc8b051359c4c25c62d58245cb65f5259b6f90b7,2015-12,Surrey Police,Northumbria Police,-1.585892,54.941752,On or near Tribune Place,E01008201,Gateshead 011B,Criminal damage and arson,Investigation complete; no suspect identified,
840cb021a5a8895f265072edb56cfedc4bfd0b2120d975dcb652b482e0550bb1,2015-12,Surrey Police,Northumbria Police,-1.588502,54.946038,On or near Millway,E01008201,Gateshead 011B,Criminal damage and arson,Investigation complete; no suspect identified,
0af4bfa359c36f56228394641697c47383a7bd7aee904c248c87d25e36cdf54d,2015-12,Surrey Police,Northumbria Police,-1.587559,54.945154,On or near Hadrian Place,E01008201,Gateshead 011B,Other theft,Investigation complete; no suspect identified,
e13de0714a2ada1ddd910d70e50f8567c9f770f1f60f4f7ab012044fbbdeb85c,2015-12,Surrey Police,Northumbria Police,-1.584602,54.942736,On or near Causeway,E01008201,Gateshead 011B,Other theft,Investigation complete; no suspect identified,
60965195bf6fd9ac71ed9dd9f2b8f0cf4c8531663e0c012a5267c54d319571fd,2015-12,Surrey Police,Northumbria Police,-1.587559,54.945154,On or near Hadrian Place,E01008201,Gateshead 011B,Violence and sexual offences,Local resolution,
66e7be3b4ebabd5d3695322d8876dbc476a052a17a3bf98e997a0552cd19ae58,2015-12,Surrey Police,Northumbria Police,-1.589483,54.943220,On or near Prefect Place,E01008201,Gateshead 011B,Violence and sexual offences,Under investigation,
e20338c1c2089979d8146011729ab771622a5e5d42a7409435325cf05af3575a,2015-12,Surrey Police,Northumbria Police,-1.589483,54.943220,On or near Prefect Place,E01008201,Gateshead 011B,Other crime,Investigation complete; no suspect identified,
462f82d7af97b1faa5043c237a49beac6cdc1138807fb41898b1e300de52e2fe,2015-12,Surrey Police,Northumbria Police,-1.586713,54.943876,On or near Pottersway,E01008201,Gateshead 011B,Other crime,Under investigation,
,2015-12,Surrey Police,Northumbria Police,-1.585057,54.945559,On or near Appian Place,E01008202,Gateshead 011C,Anti-social behaviour,,
,2015-12,Surrey Police,Northumbria Police,-1.580853,54.946003,On or near Montrose Crescent,E01008202,Gateshead 011C,Anti-social behaviour,,
,2015-12,Surrey Police,Northumbria Police,-1.582674,54.944958,On or near Wardill Gardens,E01008202,Gateshead 011C,Anti-social behaviour,,
,2015-12,Surrey Police,Northumbria Police,-1.581749,54.945332,On or near Esk Street,E01008202,Gateshead 011C,Anti-social behaviour,,
,2015-12,Surrey Police,Northumbria Police,-1.581749,54.945332,On or near Esk Street,E01008202,Gateshead 011C,Anti-social behaviour,,
943b105956d238cb7e94defdb1adab0d84f7de998bef9f225aa9a9762e864de6,2015-12,Surrey Police,Northumbria Police,-1.582208,54.946251,On or near Strathmore Road,E01008202,Gateshead 011C,Criminal damage and arson,Investigation complete; no suspect identified,
646e4ac495ecf13dac29c3455137b25d83d2c902a02d1fda917272012b921a8e,2015-12,Surrey Police,Northumbria Police,-1.581749,54.945332,On or near Esk Street,E01008202,Gateshead 011C,Criminal damage and arson,Investigation complete; no suspect identified,
ef116d1b26a19b9cc02b3a4767c767dc451bd53c73fbbcab0efb9f703b19bc38,2015-12,Surrey Police,Northumbria Police,-1.579405,54.945630,On or near Brettanby Road,E01008202,Gateshead 011C,Criminal damage and arson,Investigation complete; no suspect identified,
34ad1a330d71236bd21cd72066676c6ccbeaaefcf2d80fcc68064b5f9d7abfc4,2015-12,Surrey Police,Northumbria Police,-1.580853,54.946003,On or near Montrose Crescent,E01008202,Gateshead 011C,Criminal damage and arson,Under investigation,
88b97ab13cd8c2b968c7260e3cf82ddee00a645395d4ccffae2354e61ea7b25b,2015-12,Surrey Police,Northumbria Police,-1.581415,54.950516,On or near Queens Square,E01008202,Gateshead 011C,Criminal damage and arson,Offender given a caution,
8d2ee5d4260b16d36a7f2f77135d2339a76801c2282e43be6e7589be916a81d2,2015-12,Surrey Police,Northumbria Police,-1.582299,54.948021,On or near Fielding Place,E01008202,Gateshead 011C,Drugs,Offender given a caution,
28e7c5d170a710618c2650217e56b3b530e82f6c815bcee4965b6a264ee1f239,2015-12,Surrey Police,Northumbria Police,-1.582299,54.948021,On or near Fielding Place,E01008202,Gateshead 011C,Drugs,Under investigation,
118cc7367cf402d2afe4960c7c814061749ac3c6c56dae1cbd2cc5b4da5ab342,2015-12,Surrey Police,Northumbria Police,-1.578545,54.948682,On or near Hollybush Road,E01008202,Gateshead 011C,Violence and sexual offences,Offender given a caution,
6d35b72020951d039a7858a9abe3b0912e7c427fec14009ef736df530d73ec4b,2015-12,Surrey Police,Northumbria Police,-1.583112,54.946415,On or near Romney Gardens,E01008202,Gateshead 011C,Violence and sexual offences,Offender given community sentence,
6946d1ba632cabe26cbf8ee762f58d22db060994b57f339301a30df255e6080c,2015-12,Surrey Police,Northumbria Police,-1.582674,54.944958,On or near Wardill Gardens,E01008202,Gateshead 011C,Violence and sexual offences,Awaiting court outcome,
7a96bd8b58ebf60e1461adf4f813414f7ec40e7ebc807adde3ba7fab53f1ceb6,2015-12,Surrey Police,Northumbria Police,-1.580268,54.945130,On or near Iona Road,E01008202,Gateshead 011C,Other crime,Under investigation,
,2015-12,Surrey Police,Northumbria Police,-1.585114,54.950637,On or near Split Crow Road,E01008204,Gateshead 011D,Anti-social behaviour,,
,2015-12,Surrey Police,Northumbria Police,-1.586053,54.947306,On or near Carr Hill Road,E01008204,Gateshead 011D,Anti-social behaviour,,
,2015-12,Surrey Police,Northumbria Police,-1.585114,54.950637,On or near Split Crow Road,E01008204,Gateshead 011D,Anti-social behaviour,,
,2015-12,Surrey Police,Northumbria Police,-1.586053,54.947306,On or near Carr Hill Road,E01008204,Gateshead 011D,Anti-social behaviour,,
,2015-12,Surrey Police,Northumbria Police,-1.586053,54.947306,On or near Carr Hill Road,E01008204,Gateshead 011D,Anti-social behaviour,,
e1fd7c834574fc09fc7db6b6dc8fed722ce4cd334a35f7cbe8ec6f4d089fce80,2015-12,Surrey Police,Northumbria Police,-1.587764,54.949442,On or near Leyton Place,E01008204,Gateshead 011D,Burglary,Defendant sent to Crown Court,
56e7c716270661dde9c1eecce744d21b4f057b58aee0ccbf4fe276de8e4a99d1,2015-12,Surrey Police,Northumbria Police,-1.594137,54.949220,On or near Conway Square,E01008204,Gateshead 011D,Criminal damage and arson,Under investigation,
d49c36fe0e9da1bd6b9a87212a90f39fde493a49ce3b487677b6abbf6a056324,2015-12,Surrey Police,Northumbria Police,-1.585640,54.949542,On or near Hendon Road,E01008204,Gateshead 011D,Criminal damage and arson,Investigation complete; no suspect identified,
6f46603f1f56f31c00073a7100ffba9f9ed9388f1a703bd887e921a8894fec75,2015-12,Surrey Police,Northumbria Police,-1.592345,54.948801,On or near Fullerton Place,E01008204,Gateshead 011D,Criminal damage and arson,Under investigation,
f908124ef887d0316b399bd2a4ed11973ae7b92778db2a18e30f249b771a70f7,2015-12,Surrey Police,Northumbria Police,-1.590280,54.949261,On or near Kingston Road,E01008204,Gateshead 011D,Criminal damage and arson,Investigation complete; no suspect identified,
687606ef282c6129bc4db02a1084db1969e7b7b7897c91584180a34a364e9a7a,2015-12,Surrey Police,Northumbria Police,-1.590412,54.950089,On or near Lambeth Place,E01008204,Gateshead 011D,Criminal damage and arson,Court case unable to proceed,
8052280e3ee7a49154d5171dd88a6bd5b11896be13bbf4b68138516b21942547,2015-12,Surrey Police,Northumbria Police,-1.588952,54.947819,On or near Romford Place,E01008204,Gateshead 011D,Criminal damage and arson,Under investigation,
b080ccfa3b838bc6968b194ce4092fd2dffc9d6c80b492c7c8d79965423b5c5c,2015-12,Surrey Police,Northumbria Police,-1.590280,54.949261,On or near Kingston Road,E01008204,Gateshead 011D,Criminal damage and arson,Investigation complete; no suspect identified,
930c4a2d3bb5a6eca0fff4cf9b9874ba2e46a5ff429f76ba7b4e3a0d1dbbe3d7,2015-12,Surrey Police,Northumbria Police,-1.590612,54.950386,On or near Edgware Road,E01008204,Gateshead 011D,Drugs,Offender given conditional discharge,
b1289d6f3cd0b0acae315b7181987720499cccc6e0acc814d070e8476b9f01a0,2015-12,Surrey Police,Northumbria Police,-1.590612,54.950386,On or near Edgware Road,E01008204,Gateshead 011D,Drugs,Unable to prosecute suspect,
5d8887aef548c04d01c07766f0b0ba21cd6b57099cc8faa3e76532b539c067b7,2015-12,Surrey Police,Northumbria Police,-1.590280,54.949261,On or near Kingston Road,E01008204,Gateshead 011D,Public order,Under investigation,
9ffb8d47864b1608ec6ea4c7b801c5e84affb02ef9c775bf1c8e0f3313254c4d,2015-12,Surrey Police,Northumbria Police,-1.592345,54.948801,On or near Fullerton Place,E01008204,Gateshead 011D,Vehicle crime,Under investigation,
1d1fb82db0415d233098c855766a1eae382935e19b3284ff51f75f83f8bf3f3e,2015-12,Surrey Police,Northumbria Police,-1.585114,54.950637,On or near Split Crow Road,E01008204,Gateshead 011D,Violence and sexual offences,Offender given a caution,
60aabdb4105d7131d7531d7e380a8551880af5ea91020ed845b3469c45e53c85,2015-12,Surrey Police,Northumbria Police,-1.588952,54.947819,On or near Romford Place,E01008204,Gateshead 011D,Violence and sexual offences,Under investigation,
169166f36a4a336771584a74fee0f182f29f33c787ad519e0a985fa497b5cf93,2015-12,Surrey Police,Northumbria Police,-1.592345,54.948801,On or near Fullerton Place,E01008204,Gateshead 011D,Violence and sexual offences,Under investigation,
,2015-12,Surrey Police,Northumbria Police,-1.574405,54.950483,On or near Dexter Way,E01008212,Gateshead 012A,Anti-social behaviour,,
,2015-12,Surrey Police,Northumbria Police,-1.574405,54.950483,On or near Dexter Way,E01008212,Gateshead 012A,Anti-social behaviour,,
,2015-12,Surrey Police,Northumbria Police,-1.570416,54.952608,On or near Parking Area,E01008212,Gateshead 012A,Anti-social behaviour,,
,2015-12,Surrey Police,Northumbria Police,-1.572680,54.951115,On or near Wellington Street,E01008212,Gateshead 012A,Anti-social behaviour,,
,2015-12,Surrey Police,Northumbria Police,-1.573573,54.949420,On or near Millfield Gardens,E01008212,Gateshead 012A,Anti-social behaviour,,
,2015-12,Surrey Police,Northumbria Police,-1.570416,54.952608,On or near Parking Area,E01008212,Gateshead 012A,Anti-social behaviour,,
,2015-12,Surrey Police,Northumbria Police,-1.574405,54.950483,On or near Dexter Way,E01008212,Gateshead 012A,Anti-social behaviour,,
,2015-12,Surrey Police,Northumbria Police,-1.572680,54.951115,On or near Wellington Street,E01008212,Gateshead 012A,Anti-social behaviour,,
,2015-12,Surrey Police,Northumbria Police,-1.570416,54.952608,On or near Parking Area,E01008212,Gateshead 012A,Anti-social behaviour,,
,2015-12,Surrey Police,Northumbria Police,-1.570416,54.952608,On or near Parking Area,E01008212,Gateshead 012A,Anti-social behaviour,,
,2015-12,Surrey Police,Northumbria Police,-1.570416,54.952608,On or near Parking Area,E01008212,Gateshead 012A,Anti-social behaviour,,
,2015-12,Surrey Police,Northumbria Police,-1.575032,54.947241,On or near Victoria Avenue,E01008212,Gateshead 012A,Anti-social behaviour,,
,2015-12,Surrey Police,Northumbria Police,-1.576523,54.950913,On or near Brearley Way,E01008212,Gateshead 012A,Anti-social behaviour,,
,2015-12,Surrey Police,Northumbria Police,-1.570416,54.952608,On or near Parking Area,E01008212,Gateshead 012A,Anti-social behaviour,,
,2015-12,Surrey Police,Northumbria Police,-1.570416,54.952608,On or near Parking Area,E01008212,Gateshead 012A,Anti-social behaviour,,
,2015-12,Surrey Police,Northumbria Police,-1.570416,54.952608,On or near Parking Area,E01008212,Gateshead 012A,Anti-social behaviour,,
,2015-12,Surrey Police,Northumbria Police,-1.570416,54.952608,On or near Parking Area,E01008212,Gateshead 012A,Anti-social behaviour,,
,2015-12,Surrey Police,Northumbria Police,-1.570416,54.952608,On or near Parking Area,E01008212,Gateshead 012A,Anti-social behaviour,,
,2015-12,Surrey Police,Northumbria Police,-1.570416,54.952608,On or near Parking Area,E01008212,Gateshead 012A,Anti-social behaviour,,
,2015-12,Surrey Police,Northumbria Police,-1.570416,54.952608,On or near Parking Area,E01008212,Gateshead 012A,Anti-social behaviour,,
,2015-12,Surrey Police,Northumbria Police,-1.570416,54.952608,On or near Parking Area,E01008212,Gateshead 012A,Anti-social behaviour,,
,2015-12,Surrey Police,Northumbria Police,-1.572672,54.948985,On or near Tarlton Crescent,E01008212,Gateshead 012A,Anti-social behaviour,,
,2015-12,Surrey Police,Northumbria Police,-1.570416,54.952608,On or near Parking Area,E01008212,Gateshead 012A,Anti-social behaviour,,
0907c7988f3d3cdba77b3c524667046b99433bd7025e82bec547de91b01edc89,2015-12,Surrey Police,Northumbria Police,-1.572672,54.948985,On or near Tarlton Crescent,E01008212,Gateshead 012A,Bicycle theft,Investigation complete; no suspect identified,
02fe0aca3bf3493d3375cf4833e9d96290e187cc7acdbb0b6304ce59711621ed,2015-12,Surrey Police,Northumbria Police,-1.573461,54.948143,On or near Woodlands Terrace,E01008212,Gateshead 012A,Burglary,Investigation complete; no suspect identified,
856223c8e0743c6188e17f3ebdbb5e4529340ef93d8263501f8cf2935417692e,2015-12,Surrey Police,Northumbria Police,-1.570793,54.950991,On or near High Street,E01008212,Gateshead 012A,Burglary,Awaiting court outcome,
d3904868c49dba1c42bb0731f61682d03ce0a53b2ce8220c4524ca17f86444d2,2015-12,Surrey Police,Northumbria Police,-1.570416,54.952608,On or near Parking Area,E01008212,Gateshead 012A,Criminal damage and arson,Investigation complete; no suspect identified,
017e6eab4f6e2532d4c4daefc244544c51b7d2ea3d351466ebef88db2e185c83,2015-12,Surrey Police,Northumbria Police,-1.570793,54.950991,On or near High Street,E01008212,Gateshead 012A,Criminal damage and arson,Investigation complete; no suspect identified,
0736e9c137216850de49954a36e5ae8225babef66a73bed594b7ada940524398,2015-12,Surrey Police,Northumbria Police,-1.570416,54.952608,On or near Parking Area,E01008212,Gateshead 012A,Criminal damage and arson,Awaiting court outcome,
84b525517bda2749317b8c07fa109e2a4282d5306767330fa4dc592ea932dfce,2015-12,Surrey Police,Northumbria Police,-1.570793,54.950991,On or near High Street,E01008212,Gateshead 012A,Criminal damage and arson,Offender given community sentence,
085e8e6156adf60c7c928aa1530b2fbe96865926ee7b2639781adeb5351e31d3,2015-12,Surrey Police,Northumbria Police,-1.568929,54.951506,On or near St Johns Place,E01008212,Gateshead 012A,Criminal damage and arson,Investigation complete; no suspect identified,
ff78c4427aada92f6bec75984fefb2a02c0f0a9b48fdec8bf0472c73944738ce,2015-12,Surrey Police,Northumbria Police,-1.568929,54.951506,On or near St Johns Place,E01008212,Gateshead 012A,Criminal damage and arson,Investigation complete; no suspect identified,
919193c02d718708664ddce2d855da26a9d73207f8841c0e3c03d111d9507453,2015-12,Surrey Police,Northumbria Police,-1.570748,54.952249,On or near Quarry Row,E01008212,Gateshead 012A,Criminal damage and arson,Investigation complete; no suspect identified,
5c678a3a163ab1332b69fd20a96152300c6deb5e1b8d991d1107d17b35fcf000,2015-12,Surrey Police,Northumbria Police,-1.570793,54.950991,On or near High Street,E01008212,Gateshead 012A,Criminal damage and arson,Under investigation,
6f3569a43f1a21db73a814d4a802800d4a00dcaf8e61fef575d68a68f4eb5a16,2015-12,Surrey Police,Northumbria Police,-1.574405,54.950483,On or near Dexter Way,E01008212,Gateshead 012A,Criminal damage and arson,Investigation complete; no suspect identified,
471dbdbc4cd94d8f2c794b1c8f371d3550f77ef26e3a893a54360178d4111194,2015-12,Surrey Police,Northumbria Police,-1.570610,54.951988,On or near Providence Place,E01008212,Gateshead 012A,Drugs,Under investigation,
f983824f0774d8e1ed9ad19e8f5f5c52caeb38c049e64c9707532cf211511db6,2015-12,Surrey Police,Northumbria Police,-1.576183,54.952098,On or near Sports/Recreation Area,E01008212,Gateshead 012A,Other theft,Investigation complete; no suspect identified,
933812419902b268f754c5f0008911ffd0262e3bd0d22b52ea4e811931bbc373,2015-12,Surrey Police,Northumbria Police,-1.572729,54.949507,On or near Split Crow Road,E01008212,Gateshead 012A,Public order,Under investigation,
d8f4398d66543b17c22dc0342de4f1426ee6dde30315540d031d872429d98f2c,2015-12,Surrey Police,Northumbria Police,-1.572729,54.949507,On or near Split Crow Road,E01008212,Gateshead 012A,Public order,Offender given penalty notice,
9390e5646677183d200fad039db268e27b79eac8e846d1cb7f52bf75531df0c2,2015-12,Surrey Police,Northumbria Police,-1.574405,54.950483,On or near Dexter Way,E01008212,Gateshead 012A,Public order,Investigation complete; no suspect identified,
ba87832926cb2b00a8aeaf59dff25f930f9916988f0b75630dbba5f06110fc71,2015-12,Surrey Police,Northumbria Police,-1.576614,54.946707,On or near Heatherwell Green,E01008212,Gateshead 012A,Violence and sexual offences,Offender sent to prison,
bf7e4abad1251a71aff66b627f0a3674170deb8ec2e8a5924c1c370183f8f15c,2015-12,Surrey Police,Northumbria Police,-1.572113,54.950160,On or near Pedestrian Subway,E01008212,Gateshead 012A,Violence and sexual offences,Awaiting court outcome,
45bad857f003f3f32dda4597eb7fa33791d20e77d64480a5e355d1beeea0fb53,2015-12,Surrey Police,Northumbria Police,-1.570793,54.950991,On or near High Street,E01008212,Gateshead 012A,Violence and sexual offences,Investigation complete; no suspect identified,
d02556d98794df975b717381a0d3e0511e1108d9748f4fdb0d93737630e43eb4,2015-12,Surrey Police,Northumbria Police,-1.573124,54.947576,On or near Hewitson Terrace,E01008212,Gateshead 012A,Violence and sexual offences,Awaiting court outcome,
f2672488bf87933dc95ec579e6ac9f2dc2a80bd0f98621904438f4ad05bcd078,2015-12,Surrey Police,Northumbria Police,-1.570610,54.951988,On or near Providence Place,E01008212,Gateshead 012A,Violence and sexual offences,Investigation complete; no suspect identified,
44764d11a3900eea53d4aface49c40216c25fa9e98da49e56073e94ad4b0826b,2015-12,Surrey Police,Northumbria Police,-1.573456,54.948664,On or near Falla Park Road,E01008212,Gateshead 012A,Violence and sexual offences,Under investigation,
,2015-12,Surrey Police,Northumbria Police,-1.561432,54.946007,On or near The Cotgarth,E01008213,Gateshead 012B,Anti-social behaviour,,
,2015-12,Surrey Police,Northumbria Police,-1.560678,54.947828,On or near Watermill Lane,E01008213,Gateshead 012B,Anti-social behaviour,,
,2015-12,Surrey Police,Northumbria Police,-1.560678,54.947828,On or near Watermill Lane,E01008213,Gateshead 012B,Anti-social behaviour,,
c608a1259b920e891e052e4ade51c86f8e350425f2df00ad108d13feb75e8f40,2015-12,Surrey Police,Northumbria Police,-1.569890,54.946306,On or near Sports/Recreation Area,E01008213,Gateshead 012B,Burglary,Investigation complete; no suspect identified,
1be9fc6cbb9716f2d807b3c7ba5b9672a68a836367042be6a1edaf1a570ac5a6,2015-12,Surrey Police,Northumbria Police,-1.569890,54.946306,On or near Sports/Recreation Area,E01008213,Gateshead 012B,Burglary,Investigation complete; no suspect identified,
ebd72ddc186ce65b51448b36996075adecc2f166281350edcf9a775f1ef4aeba,2015-12,Surrey Police,Northumbria Police,-1.564193,54.946196,On or near The Haynyng,E01008213,Gateshead 012B,Burglary,Investigation complete; no suspect identified,
cd001cf42a4100aa1f447748b073a58bf75318988a920bc15d45eb765667fd7e,2015-12,Surrey Police,Northumbria Police,-1.569890,54.946306,On or near Sports/Recreation Area,E01008213,Gateshead 012B,Burglary,Investigation complete; no suspect identified,
061afee295cbc84dad95593d13962053c8d4a1f23a749897e555dd59860789da,2015-12,Surrey Police,Northumbria Police,-1.562171,54.945497,On or near Thornygarth,E01008213,Gateshead 012B,Burglary,Investigation complete; no suspect identified,
e56fe34b841df1bebc9816935bdea1f663ed2b38481d94070bedaf3a6593c64a,2015-12,Surrey Police,Northumbria Police,-1.569890,54.946306,On or near Sports/Recreation Area,E01008213,Gateshead 012B,Burglary,Investigation complete; no suspect identified,
c1becc9335cdacd46145fce12f01ef84950f6b1fc826dddda94fb66a776f885e,2015-12,Surrey Police,Northumbria Police,-1.567050,54.946189,On or near Chilside Road,E01008213,Gateshead 012B,Burglary,Investigation complete; no suspect identified,
c7ffe5ab29ef5ad3fc6fff604d48da971f84d250741b10d91515316c19270b4a,2015-12,Surrey Police,Northumbria Police,-1.569890,54.946306,On or near Sports/Recreation Area,E01008213,Gateshead 012B,Burglary,Investigation complete; no suspect identified,
108678a740c3368c3c467a4ee8f23744bad09b3b393d7e1a788920cd33665c77,2015-12,Surrey Police,Northumbria Police,-1.568551,54.945969,On or near Picherwell,E01008213,Gateshead 012B,Burglary,Investigation complete; no suspect identified,
20b316344848b71444a7fa569016fca3125af360e531b97ca6e1a5fff67eb1ca,2015-12,Surrey Police,Northumbria Police,-1.569890,54.946306,On or near Sports/Recreation Area,E01008213,Gateshead 012B,Burglary,Investigation complete; no suspect identified,
c782411f057711469c1848990d0f3e1e2af1fccdb360d22112497a9ad324e560,2015-12,Surrey Police,Northumbria Police,-1.569890,54.946306,On or near Sports/Recreation Area,E01008213,Gateshead 012B,Burglary,Investigation complete; no suspect identified,
6464243e1b877cbe6a51dcbc7eb47f2db9703877d24e307cfb6e940c63241f1e,2015-12,Surrey Police,Northumbria Police,-1.569890,54.946306,On or near Sports/Recreation Area,E01008213,Gateshead 012B,Burglary,Investigation complete; no suspect identified,
218728b966f54870c01d373b8742f8a0c1e4acb2d5e7394a5abda4b515550425,2015-12,Surrey Police,Northumbria Police,-1.569890,54.946306,On or near Sports/Recreation Area,E01008213,Gateshead 012B,Burglary,Investigation complete; no suspect identified,
3390f4d15fa50b7e2322149f7751cc7291e84eb6f748a8316602e35b4e5859a6,2015-12,Surrey Police,Northumbria Police,-1.569890,54.946306,On or near Sports/Recreation Area,E01008213,Gateshead 012B,Burglary,Investigation complete; no suspect identified,
2bfd655231afa06a37b9e9707f0ffc4d13a9d529bc84ef340b784624149b74a7,2015-12,Surrey Police,Northumbria Police,-1.569890,54.946306,On or near Sports/Recreation Area,E01008213,Gateshead 012B,Burglary,Investigation complete; no suspect identified,
e8a8d9cfb3e56092447422e6a4e7096c41db0ea40e7a065f756ffb93b6ccb36d,2015-12,Surrey Police,Northumbria Police,-1.572881,54.946919,On or near Coldwell Lane,E01008213,Gateshead 012B,Criminal damage and arson,Investigation complete; no suspect identified,
e32cf41c63820432de8ebb40f2b84b26ca9f468dc481f1d350ccee1b968df1bb,2015-12,Surrey Police,Northumbria Police,-1.572308,54.944967,On or near Rectory Road,E01008213,Gateshead 012B,Criminal damage and arson,Investigation complete; no suspect identified,
014b6272a2349b48df143753c8f867d1bccd9ba5080541b3a343c7e0ac44ed81,2015-12,Surrey Police,Northumbria Police,-1.562171,54.945497,On or near Thornygarth,E01008213,Gateshead 012B,Other theft,Under investigation,
239209c3514f410fda9e53827d9ce0b6c5b902a6108f65a192271ab81c995882,2015-12,Surrey Police,Northumbria Police,-1.572881,54.946919,On or near Coldwell Lane,E01008213,Gateshead 012B,Public order,Under investigation,
511044415eb40f9a6e19595c3e4497038754b9227b305e515a32defb31b04793,2015-12,Surrey Police,Northumbria Police,-1.564193,54.946196,On or near The Haynyng,E01008213,Gateshead 012B,Violence and sexual offences,Investigation complete; no suspect identified,
,2015-12,Surrey Police,Northumbria Police,-1.555034,54.948607,On or near High Heworth Lane,E01008216,Gateshead 012C,Anti-social behaviour,,
,2015-12,Surrey Police,Northumbria Police,-1.565885,54.948584,On or near Rowlandson Crescent,E01008216,Gateshead 012C,Anti-social behaviour,,
,2015-12,Surrey Police,Northumbria Police,-1.567854,54.948339,On or near Crowhall Lane,E01008216,Gateshead 012C,Anti-social behaviour,,
c0bb6c7c691cc6583e0c9c8291c8484e8bda0ce5bf3f52cb9346f3fd698f6482,2015-12,Surrey Police,Northumbria Police,-1.567117,54.947222,On or near Belgrave Terrace,E01008216,Gateshead 012C,Burglary,Investigation complete; no suspect identified,
46be1033cdcf89713e7d8e9e45d641b94d1570406008dfeaf8911e562521c6db,2015-12,Surrey Police,Northumbria Police,-1.554626,54.950179,On or near Sunderland Road,E01008216,Gateshead 012C,Burglary,Investigation complete; no suspect identified,
9060cec05876c5d2ec797c18a5130839bd0c44e751a502f29030c79572f865d8,2015-12,Surrey Police,Northumbria Police,-1.567951,54.949499,On or near Stainton Drive,E01008216,Gateshead 012C,Burglary,Investigation complete; no suspect identified,
ca5729230da2939134486b19aee8f11910847ca976f72a03abe73f755e18cab1,2015-12,Surrey Police,Northumbria Police,-1.567951,54.949499,On or near Stainton Drive,E01008216,Gateshead 012C,Other theft,Under investigation,
64f0a63af2776987026305ee4b2c296b877809d9fcaccba20d9b52b399025179,2015-12,Surrey Police,Northumbria Police,-1.567951,54.949499,On or near Stainton Drive,E01008216,Gateshead 012C,Other theft,Under investigation,
68d8fb5f1da889e9192d6fed58a8c98cd49ecfc140663f697ed4b6068344af38,2015-12,Surrey Police,Northumbria Police,-1.565885,54.948584,On or near Rowlandson Crescent,E01008216,Gateshead 012C,Public order,Investigation complete; no suspect identified,
c8dcfa354524a3dce2008e2d30a27ffe60b61e4672226f2183c4c3f5ec10213f,2015-12,Surrey Police,Northumbria Police,-1.567951,54.949499,On or near Stainton Drive,E01008216,Gateshead 012C,Shoplifting,Investigation complete; no suspect identified,
169c8bea410097de5518d6e2e8d13ccdafb879425a4159bd22b5cc770efef956,2015-12,Surrey Police,Northumbria Police,-1.559028,54.948838,On or near Heworth Burn Crescent,E01008216,Gateshead 012C,Vehicle crime,Investigation complete; no suspect identified,
446f018057500b52ad17dfb73c89bb56443399ca9d91eaccdf1d49ce43f04926,2015-12,Surrey Police,Northumbria Police,-1.567854,54.948339,On or near Crowhall Lane,E01008216,Gateshead 012C,Violence and sexual offences,Under investigation,
377dec0d5739400c452ea7c842b1fb80955a5dcb76f9b8a6a59722c2d0e05900,2015-12,Surrey Police,Northumbria Police,-1.559711,54.949227,On or near The Drive,E01008216,Gateshead 012C,Violence and sexual offences,Offender fined,
a8f5fa898f89a0c2ef95e84328bf88d5df6dba43cecc5bbeee008dda3c7d4cb3,2015-12,Surrey Police,Northumbria Police,-1.567854,54.948339,On or near Crowhall Lane,E01008216,Gateshead 012C,Violence and sexual offences,Under investigation,
3d414185fa68d5f2db7a9ba223cb95bcea29f0f30def9593494c5e10e35a5d73,2015-12,Surrey Police,Northumbria Police,-1.559028,54.948838,On or near Heworth Burn Crescent,E01008216,Gateshead 012C,Violence and sexual offences,Offender given a caution,
69441fc6ed45037eb564450ee4462225fbbc3ab20d3b1337087b5b97462ae2c7,2015-12,Surrey Police,Northumbria Police,-1.567951,54.949499,On or near Stainton Drive,E01008216,Gateshead 012C,Violence and sexual offences,Under investigation,
a09d440c80be0afaeae6bf5634d834a238107f117f108ce9a4429ceebddd7817,2015-12,Surrey Police,Northumbria Police,-1.559711,54.949227,On or near The Drive,E01008216,Gateshead 012C,Violence and sexual offences,Offender otherwise dealt with,
ad6d8c18b5555b7d247a931f4038a790d9e96ec6e23b921326c2cac2f1cc4e8c,2015-12,Surrey Police,Northumbria Police,-1.567951,54.949499,On or near Stainton Drive,E01008216,Gateshead 012C,Violence and sexual offences,Under investigation,
a50183d5e9aa544d3a3f03b7d9e4356a83d266e69bb70318043fb616b3bba31a,2015-12,Surrey Police,Northumbria Police,-1.565885,54.948584,On or near Rowlandson Crescent,E01008216,Gateshead 012C,Other crime,Investigation complete; no suspect identified,
,2015-12,Surrey Police,Northumbria Police,-1.578063,54.944070,On or near Iona Road,E01008228,Gateshead 012D,Anti-social behaviour,,
,2015-12,Surrey Police,Northumbria Police,-1.575755,54.945258,On or near Robert Owen Gardens,E01008228,Gateshead 012D,Anti-social behaviour,,
,2015-12,Surrey Police,Northumbria Police,-1.580682,54.941375,On or near Bywell Gardens,E01008228,Gateshead 012D,Anti-social behaviour,,
,2015-12,Surrey Police,Northumbria Police,-1.580682,54.941375,On or near Bywell Gardens,E01008228,Gateshead 012D,Anti-social behaviour,,
2da23072786e600a9c5d6c7059bea9f49bdce0d719409816c3e91891c00c426b,2015-12,Surrey Police,Northumbria Police,-1.578063,54.944070,On or near Iona Road,E01008228,Gateshead 012D,Burglary,Investigation complete; no suspect identified,
9caa462501a5eb1b56b45d770a93f9d55fc746e01f035f70d0acbb5dc9fda37d,2015-12,Surrey Police,Northumbria Police,-1.578063,54.944070,On or near Iona Road,E01008228,Gateshead 012D,Burglary,Investigation complete; no suspect identified,
e5f6b78068848ba308eaaa26aef7d3f41f7e709eaac88f27966be0cf1000a9a6,2015-12,Surrey Police,Northumbria Police,-1.575096,54.944159,On or near Coldwell Lane,E01008228,Gateshead 012D,Burglary,Investigation complete; no suspect identified,
88f8365eb36e6e32d9417fd0ff28adeec0eb8bcf80b3256327f002f1bd8129f2,2015-12,Surrey Police,Northumbria Police,-1.577913,54.946487,On or near Brettanby Road,E01008228,Gateshead 012D,Criminal damage and arson,Under investigation,
b03229ade237e520cb3bb325c02ae9eba548dda27a836679f7bcd9e6e140d09a,2015-12,Surrey Police,Northumbria Police,-1.582821,54.941319,On or near Causeway,E01008228,Gateshead 012D,Criminal damage and arson,Investigation complete; no suspect identified,
eb118112b28bb4579068fd5d60b299241ce1486c135763af851f1c0e17fe0cb5,2015-12,Surrey Police,Northumbria Police,-1.575096,54.944159,On or near Coldwell Lane,E01008228,Gateshead 012D,Violence and sexual offences,Under investigation,
7f380fc4da0b5c832459e06acb8bb1c9df8d1163a96ed1b3143c01fcbf63c038,2015-12,Surrey Police,Northumbria Police,-1.575755,54.945258,On or near Robert Owen Gardens,E01008228,Gateshead 012D,Violence and sexual offences,Under investigation,
,2015-12,Surrey Police,Northumbria Police,-1.643547,54.946095,On or near Redesdale Gardens,E01008206,Gateshead 013A,Anti-social behaviour,,
,2015-12,Surrey Police,Northumbria Police,-1.640773,54.943787,On or near Percy Gardens,E01008206,Gateshead 013A,Anti-social behaviour,,
e500ac158f48a22d768d9528982c2d0d601ace618fb3aa151fb83ec21f569d90,2015-12,Surrey Police,Northumbria Police,-1.643547,54.946095,On or near Redesdale Gardens,E01008206,Gateshead 013A,Criminal damage and arson,Investigation complete; no suspect identified,
30a81e5d12edc898a2c75a1bdeaf195ba32f55e553522af33f998b9502fb6639,2015-12,Surrey Police,Northumbria Police,-1.640831,54.940776,On or near Lobley Gardens,E01008206,Gateshead 013A,Public order,Under investigation,
870cc415a456a06d8595622603916ee9b29656efce087f946a93156daaec648f,2015-12,Surrey Police,Northumbria Police,-1.640271,54.944037,On or near Otterburn Gardens,E01008206,Gateshead 013A,Vehicle crime,Under investigation,
d8216b80d3b0cdcd32b62f9364a7c63348187786f23bee9b6523c445c9491d59,2015-12,Surrey Police,Northumbria Police,-1.643041,54.941502,On or near Fountains Close,E01008207,Gateshead 013B,Other theft,Investigation complete; no suspect identified,
88005e699bc28655403accd4367f7a42e624e14fa5605a77cc7dd3631da2336d,2015-12,Surrey Police,Northumbria Police,-1.649700,54.945906,On or near Normount Road,E01008207,Gateshead 013B,Possession of weapons,Under investigation,
,2015-12,Surrey Police,Northumbria Police,-1.644147,54.947085,On or near Elm Avenue,E01008208,Gateshead 013C,Anti-social behaviour,,
,2015-12,Surrey Police,Northumbria Police,-1.657921,54.950243,On or near Market Lane,E01008208,Gateshead 013C,Anti-social behaviour,,
,2015-12,Surrey Police,Northumbria Police,-1.646682,54.946482,On or near Oak Avenue,E01008208,Gateshead 013C,Anti-social behaviour,,
,2015-12,Surrey Police,Northumbria Police,-1.657801,54.946019,On or near Mansion Heights,E01008208,Gateshead 013C,Anti-social behaviour,,
3f3c29e29734302a9cb693bc06956f200567f811fa98e90eb37b69a6ae394874,2015-12,Surrey Police,Northumbria Police,-1.651640,54.952634,On or near Beech Drive,E01008208,Gateshead 013C,Other theft,Investigation complete; no suspect identified,
a60fb9e27b5c0b6d579e09f9b053715d8beb498a15586158e1e7313f8dd43036,2015-12,Surrey Police,Northumbria Police,-1.649947,54.949762,On or near Park Terrace,E01008208,Gateshead 013C,Other theft,Investigation complete; no suspect identified,
01839458c1800488ce4c7b4180436495b1a22a92c78d0e84bb0b4317df62df1f,2015-12,Surrey Police,Northumbria Police,-1.647857,54.947689,On or near King George Avenue,E01008208,Gateshead 013C,Vehicle crime,Investigation complete; no suspect identified,
fc0ccbda2e5a8db4baa156a717a1b4c25beb10471cd1c2269fcc0624cb92f4ce,2015-12,Surrey Police,Northumbria Police,-1.657921,54.950243,On or near Market Lane,E01008208,Gateshead 013C,Violence and sexual offences,Offender given a caution,
,2015-12,Surrey Police,Northumbria Police,-1.646501,54.949222,On or near Wynyard Street,E01008211,Gateshead 013D,Anti-social behaviour,,
,2015-12,Surrey Police,Northumbria Police,-1.642418,54.951924,On or near Renforth Street,E01008211,Gateshead 013D,Anti-social behaviour,,
,2015-12,Surrey Police,Northumbria Police,-1.638419,54.948704,On or near Rochester Gardens,E01008211,Gateshead 013D,Anti-social behaviour,,
,2015-12,Surrey Police,Northumbria Police,-1.638419,54.948704,On or near Rochester Gardens,E01008211,Gateshead 013D,Anti-social behaviour,,
,2015-12,Surrey Police,Northumbria Police,-1.642953,54.949679,On or near Briarwood Crescent,E01008211,Gateshead 013D,Anti-social behaviour,,
,2015-12,Surrey Police,Northumbria Police,-1.642418,54.951924,On or near Renforth Street,E01008211,Gateshead 013D,Anti-social behaviour,,
,2015-12,Surrey Police,Northumbria Police,-1.639308,54.948770,On or near Horsley Gardens,E01008211,Gateshead 013D,Anti-social behaviour,,
0402926871b940b7f99c728b80fdbdfaf907325bea347e3ad839d7400bfde371,2015-12,Surrey Police,Northumbria Police,-1.640774,54.947228,On or near Murray Gardens,E01008211,Gateshead 013D,Criminal damage and arson,Investigation complete; no suspect identified,
36f197be626d181261d2b4645e3d79cdd557a2fe32e9de8ce4d6d9e090fb97f4,2015-12,Surrey Police,Northumbria Police,-1.642892,54.953031,On or near Clephan Street,E01008211,Gateshead 013D,Criminal damage and arson,Investigation complete; no suspect identified,
b4d2a8d15c1e19831074b86bdc2d8a6b28dbdf56351d8475783eaf0ccc07da57,2015-12,Surrey Police,Northumbria Police,-1.642892,54.953031,On or near Clephan Street,E01008211,Gateshead 013D,Criminal damage and arson,Under investigation,
49da296e3871386e43e04542cc62d5cfe2ddfc00168901e60cfedf3c6e3789a3,2015-12,Surrey Police,Northumbria Police,-1.640774,54.947228,On or near Murray Gardens,E01008211,Gateshead 013D,Criminal damage and arson,Investigation complete; no suspect identified,
47ecaadf38414a31a7a2b0580a779a628c9e0032b7160989919ea086f3c7027a,2015-12,Surrey Police,Northumbria Police,-1.643897,54.948900,On or near Wilson Street,E01008211,Gateshead 013D,Criminal damage and arson,Investigation complete; no suspect identified,
e5eab24051da8e4b389a5697214c7b77bddbc5de69352a177615e8e2c2a98abf,2015-12,Surrey Police,Northumbria Police,-1.642892,54.953031,On or near Clephan Street,E01008211,Gateshead 013D,Criminal damage and arson,Under investigation,
9e9898b6e34684c58bc091f09ad9520ea1d84735a2c89d5fc68ce72237a375bf,2015-12,Surrey Police,Northumbria Police,-1.645518,54.949201,On or near Wood Street,E01008211,Gateshead 013D,Other theft,Investigation complete; no suspect identified,
6f4f4f247574cdf257353b1936d3b5696b413e89c5c22dc79635cbbdf521f395,2015-12,Surrey Police,Northumbria Police,-1.642662,54.950882,On or near Haig Street,E01008211,Gateshead 013D,Public order,Under investigation,
2654a10c31351b0c7c918e2822a0e2d2b3d2bec79765225c19622c99c4d995aa,2015-12,Surrey Police,Northumbria Police,-1.641074,54.946834,On or near Maple Avenue,E01008211,Gateshead 013D,Public order,Under investigation,
00f827e63792e4db9ca61e2ba71678cfb0da636fab0b9c0ad7dc056a93f53546,2015-12,Surrey Police,Northumbria Police,-1.644599,54.948902,On or near Supermarket,E01008211,Gateshead 013D,Shoplifting,Investigation complete; no suspect identified,
299e91dd3061fbada78900737a7c789e0114a5ab40a9c76575db76e4cafa30bc,2015-12,Surrey Police,Northumbria Police,-1.644599,54.948902,On or near Supermarket,E01008211,Gateshead 013D,Shoplifting,Investigation complete; no suspect identified,
adfb52fd7930fceb4c219dfcc0412d5e694e5a5a3a8e21c748bd024ec53f2f0b,2015-12,Surrey Police,Northumbria Police,-1.644599,54.948902,On or near Supermarket,E01008211,Gateshead 013D,Shoplifting,Investigation complete; no suspect identified,
95239d67d4fc60db6211a26388738827c53961a5cc60d5b7247d4eb2de60370b,2015-12,Surrey Police,Northumbria Police,-1.648280,54.949353,On or near Grace Street,E01008211,Gateshead 013D,Violence and sexual offences,Investigation complete; no suspect identified,
84665eb49d8ba5c96e571c4ba2bc57bb7f3a10265ef91f7b5dc418efbd806d77,2015-12,Surrey Police,Northumbria Police,-1.642892,54.953031,On or near Clephan Street,E01008211,Gateshead 013D,Violence and sexual offences,Under investigation,
2aa83a3e007c5fb1f514614f110a2dc7d73f41d28349cf6539f705a19e26a09d,2015-12,Surrey Police,Northumbria Police,-1.642390,54.948006,On or near Cypress Crescent,E01008211,Gateshead 013D,Violence and sexual offences,Investigation complete; no suspect identified,
508f3c79a9ebc48fdf837ba1975c57a1c4449458f20fda42ff73b626d410b855,2015-12,Surrey Police,Northumbria Police,-1.642948,54.953822,On or near Kingsley Place,E01008211,Gateshead 013D,Other crime,Investigation complete; no suspect identified,
,2015-12,Surrey Police,Northumbria Police,-1.519458,54.946837,On or near Romley Grove,E01008283,Gateshead 014A,Anti-social behaviour,,
,2015-12,Surrey Police,Northumbria Police,-1.519458,54.946837,On or near Romley Grove,E01008283,Gateshead 014A,Anti-social behaviour,,
9839f2eab4511a106e01ed0831f219ddbb9607761735ad0c90a96804ca7f3f24,2015-12,Surrey Police,Northumbria Police,-1.522666,54.946202,On or near Petrol Station,E01008283,Gateshead 014A,Drugs,Under investigation,
560619f5e5ba292d6966919c8c59a9915091e470c712badef024b79b5c2782bb,2015-12,Surrey Police,Northumbria Police,-1.525222,54.943957,On or near Bradbury Close,E01008283,Gateshead 014A,Other theft,Under investigation,
ed03ee6ce57842ade0dfb380f53fcc24eda751008df8e7ad390fa022f9150597,2015-12,Surrey Police,Northumbria Police,-1.523077,54.947093,On or near Daryl Way,E01008283,Gateshead 014A,Violence and sexual offences,Under investigation,
,2015-12,Surrey Police,Northumbria Police,-1.537017,54.940408,On or near Alderwyk,E01008284,Gateshead 014B,Anti-social behaviour,,
c670ec4338a27eae1b2075beb12f9323e95af3759c70beca9a32d428a7656216,2015-12,Surrey Police,Northumbria Police,-1.533194,54.943071,On or near Ashridge Court,E01008284,Gateshead 014B,Burglary,Investigation complete; no suspect identified,
a22bf52f353969ad6d2e00a5bc6f0022e857e14280c68d7b81fdcd5dca1ea548,2015-12,Surrey Police,Northumbria Police,-1.536516,54.941951,On or near Ridgeway,E01008284,Gateshead 014B,Shoplifting,Investigation complete; no suspect identified,
8e3bc7b28e65b1dd5a2346959ee6d06cb526de91af14325badb2af9e0001b2d1,2015-12,Surrey Police,Northumbria Police,-1.541142,54.937314,On or near Sheraton,E01008284,Gateshead 014B,Violence and sexual offences,Under investigation,
,2015-12,Surrey Police,Northumbria Police,-1.521499,54.947258,On or near Wardley Drive,E01008286,Gateshead 014C,Anti-social behaviour,,
fa95e6b903ae11c53da09bee0b380275ac3c776197cbb9e36cc44eeb1d3c8a93,2015-12,Surrey Police,Northumbria Police,-1.530193,54.947400,On or near Palmer Gardens,E01008286,Gateshead 014C,Burglary,Investigation complete; no suspect identified,
04604acb8d17794e33027c05904d3f96c20cc1fb37693581706a77bdecf4e983,2015-12,Surrey Police,Northumbria Police,-1.525893,54.950618,On or near Wardley Lane,E01008286,Gateshead 014C,Vehicle crime,Investigation complete; no suspect identified,
adfc0427a05cb18673b6c7d5ac0ae6f92a6132d8f9af66708a5384b5fe54d212,2015-12,Surrey Police,Northumbria Police,-1.521542,54.947519,On or near Briardene Drive,E01008286,Gateshead 014C,Violence and sexual offences,Awaiting court outcome,
d4e50096f358d5fdd9827d14d6c0a239d7262ccb7cb8b361cea21e53e1ad55b3,2015-12,Surrey Police,Northumbria Police,-1.521542,54.947519,On or near Briardene Drive,E01008286,Gateshead 014C,Violence and sexual offences,Under investigation,
8a49caab09a5cbc2efddb6368f6d0a671459b96aa38ce35000c9df95e14e7bd5,2015-12,Surrey Police,Northumbria Police,-1.523114,54.949259,On or near Wardley Court,E01008286,Gateshead 014C,Violence and sexual offences,Awaiting court outcome,
02dc1a6a315cb28596413ce70873fde8704f2e7a37ade22b5c0e9cb237fddbc6,2015-12,Surrey Police,Northumbria Police,-1.521542,54.947519,On or near Briardene Drive,E01008286,Gateshead 014C,Violence and sexual offences,Under investigation,
a085d03e4ac312d142b2c020f4eb507a8d961ec98314b000c877ae7b311ae015,2015-12,Surrey Police,Northumbria Police,-1.529815,54.947704,On or near Lingey Gardens,E01008286,Gateshead 014C,Violence and sexual offences,Under investigation,
,2015-12,Surrey Police,Northumbria Police,-1.535269,54.948560,On or near Harvey Crescent,E01008287,Gateshead 014D,Anti-social behaviour,,
55be5186b9e971ca8145b5d48da4bd910884157a48c5c84be9fc4d7981bace34,2015-12,Surrey Police,Northumbria Police,-1.537069,54.949529,On or near Broadacre,E01008287,Gateshead 014D,Other crime,Offender sent to prison,
,2015-12,Surrey Police,Northumbria Police,-1.551569,54.940121,On or near Leamside,E01008231,Gateshead 015A,Anti-social behaviour,,
,2015-12,Surrey Police,Northumbria Police,-1.549913,54.943035,On or near Colegate,E01008231,Gateshead 015A,Anti-social behaviour,,
,2015-12,Surrey Police,Northumbria Police,-1.548649,54.941557,On or near Staynebrigg,E01008231,Gateshead 015A,Anti-social behaviour,,
,2015-12,Surrey Police,Northumbria Police,-1.547538,54.940402,On or near Chevington,E01008231,Gateshead 015A,Anti-social behaviour,,
,2015-12,Surrey Police,Northumbria Police,-1.553553,54.937108,On or near Whitehill,E01008231,Gateshead 015A,Anti-social behaviour,,
b34cbc9c0cffef9eb09950662d793cfa3ff55238015216c2284cb0221a34df52,2015-12,Surrey Police,Northumbria Police,-1.550523,54.941474,On or near Bleachfeld,E01008231,Gateshead 015A,Burglary,Investigation complete; no suspect identified,
e5e748d8abb779ace4f8087be23c7759608078f3f36e14d7490d38bf82067481,2015-12,Surrey Police,Northumbria Police,-1.551569,54.940121,On or near Leamside,E01008231,Gateshead 015A,Criminal damage and arson,Investigation complete; no suspect identified,
a553ff4e2af5506e2607b31b967aaced8543f8091fcb6a524ee8f526fb5e5dbc,2015-12,Surrey Police,Northumbria Police,-1.551379,54.938880,On or near Monkton,E01008231,Gateshead 015A,Criminal damage and arson,Investigation complete; no suspect identified,
2bc0a347fdb9f855b294219372989823de6db78833d51e8331f498d24696047b,2015-12,Surrey Police,Northumbria Police,-1.553553,54.937108,On or near Whitehill,E01008231,Gateshead 015A,Other theft,Investigation complete; no suspect identified,
d2bdc1cf736b928b609bce4b4548e53bbf617ccf021c87a0c6df5ebdaafd1a93,2015-12,Surrey Police,Northumbria Police,-1.550724,54.943047,On or near Chilcrosse,E01008231,Gateshead 015A,Other theft,Investigation complete; no suspect identified,
36554cd1087273e921033b9a8fd03010928d32c8a0995f00d5c4cb186df27d9e,2015-12,Surrey Police,Northumbria Police,-1.549913,54.943035,On or near Colegate,E01008231,Gateshead 015A,Violence and sexual offences,Under investigation,
3a6b7c64a1e06b1b5c232faf3c2ad2cd262b905d51720d2b82985c4f3cd76e3f,2015-12,Surrey Police,Northumbria Police,-1.550523,54.941474,On or near Bleachfeld,E01008231,Gateshead 015A,Violence and sexual offences,Investigation complete; no suspect identified,
de2ffb8dffb368839447167a96d849d408d1f02993d1c6305af0d5d4c4c52087,2015-12,Surrey Police,Northumbria Police,-1.549913,54.943035,On or near Colegate,E01008231,Gateshead 015A,Violence and sexual offences,Under investigation,
,2015-12,Surrey Police,Northumbria Police,-1.545778,54.949804,On or near Rydal,E01008240,Gateshead 015B,Anti-social behaviour,,
,2015-12,Surrey Police,Northumbria Police,-1.544365,54.950428,On or near Thirlmere,E01008240,Gateshead 015B,Anti-social behaviour,,
,2015-12,Surrey Police,Northumbria Police,-1.540956,54.950972,On or near Bondfield Gardens,E01008240,Gateshead 015B,Anti-social behaviour,,
d0150abe5ef86a73c018e006402d13e493746b2d1586ec4c799a5f35eaf41ed4,2015-12,Surrey Police,Northumbria Police,-1.540956,54.950972,On or near Bondfield Gardens,E01008240,Gateshead 015B,Burglary,Investigation complete; no suspect identified,
58b07f9a35c120b4297557c2ddf792cee8de35dd3e0c9a833d3eff2aee22c9ba,2015-12,Surrey Police,Northumbria Police,-1.540291,54.947654,On or near Henderson Gardens,E01008240,Gateshead 015B,Criminal damage and arson,Awaiting court outcome,
c96e402b6cc364bd2115112daad67128578e99a0ebb6cef050379cc914178686,2015-12,Surrey Police,Northumbria Police,-1.544063,54.949573,On or near Lansbury Gardens,E01008240,Gateshead 015B,Drugs,Under investigation,
6808759e1a023c38764c5b8174437e9a14fb7d547f9010b91619b714ce24ab3c,2015-12,Surrey Police,Northumbria Police,-1.539136,54.950372,On or near Laski Gardens,E01008240,Gateshead 015B,Public order,Under investigation,
6d62e9e1d204706b262b4b6ca4f5529f02ade1333303a2e1f7e5e1640f216981,2015-12,Surrey Police,Northumbria Police,-1.542457,54.948004,On or near Cole Gardens,E01008240,Gateshead 015B,Vehicle crime,Investigation complete; no suspect identified,
2f18ee6db742f923c33d62c675f250e32b342800bfc5c663071ad63b678d1f59,2015-12,Surrey Police,Northumbria Police,-1.539136,54.950372,On or near Laski Gardens,E01008240,Gateshead 015B,Vehicle crime,Investigation complete; no suspect identified,
34196b0ae31abee34cd596e8c6d27e0fe86ed25303593274a897e07bdff9f56a,2015-12,Surrey Police,Northumbria Police,-1.540956,54.950972,On or near Bondfield Gardens,E01008240,Gateshead 015B,Vehicle crime,Investigation complete; no suspect identified,
33df56f08e87d91acd7e8163c8478d46b21fa1a58ccc4e2399d6d5fa65bec5c4,2015-12,Surrey Police,Northumbria Police,-1.537692,54.949666,On or near Kirkwood Gardens,E01008240,Gateshead 015B,Vehicle crime,Offender given community sentence,
c63b1497f519dc0474652f8eff3a827d28a37cb0728351fbe4ee24b199b50525,2015-12,Surrey Police,Northumbria Police,-1.539136,54.950372,On or near Laski Gardens,E01008240,Gateshead 015B,Violence and sexual offences,Under investigation,
c378c60fe52190c58e570c3dc3d77536012be5ce559ca3e97db8990f21cbe1be,2015-12,Surrey Police,Northumbria Police,-1.544072,54.948809,On or near Webb Gardens,E01008240,Gateshead 015B,Violence and sexual offences,Awaiting court outcome,
,2015-12,Surrey Police,Northumbria Police,-1.553643,54.945861,On or near St Edmund'S Drive,E01008241,Gateshead 015C,Anti-social behaviour,,
,2015-12,Surrey Police,Northumbria Police,-1.555502,54.944341,On or near Colegate West,E01008241,Gateshead 015C,Anti-social behaviour,,
,2015-12,Surrey Police,Northumbria Police,-1.556547,54.947328,On or near Watermill Lane,E01008241,Gateshead 015C,Anti-social behaviour,,
,2015-12,Surrey Police,Northumbria Police,-1.550899,54.946948,On or near High Lanes,E01008241,Gateshead 015C,Anti-social behaviour,,
8651d3ee47238637bf508eda56be22680dae392435cffa3bb5b090ca92acc23a,2015-12,Surrey Police,Northumbria Police,-1.548813,54.950606,On or near Fellmere Avenue,E01008241,Gateshead 015C,Burglary,Investigation complete; no suspect identified,
03719d52b5e5d07a6a3f00a3431879756a434876be0f5c677d23f01665911d5e,2015-12,Surrey Police,Northumbria Police,-1.557327,54.953055,On or near Abbotsford Road,E01008241,Gateshead 015C,Criminal damage and arson,Under investigation,
a52555512fbbeda3d5270b8b1831f9ae991ea312d17c4b8ac8cbd7f802995c6c,2015-12,Surrey Police,Northumbria Police,-1.558384,54.944953,On or near Wardle Gardens,E01008241,Gateshead 015C,Criminal damage and arson,Under investigation,
c5b4b6de458ab08e39d1a8c853bf7c24af5180887363440d3cd277ec9552ceed,2015-12,Surrey Police,Northumbria Police,-1.556547,54.947328,On or near Watermill Lane,E01008241,Gateshead 015C,Criminal damage and arson,Under investigation,
856a0f6f12100128c8f8d7898a28e4a3d4f5aba1f463b05d911bbba3f3779653,2015-12,Surrey Police,Northumbria Police,-1.553643,54.945861,On or near St Edmund'S Drive,E01008241,Gateshead 015C,Criminal damage and arson,Investigation complete; no suspect identified,
fed8b5c2491e129003088f79f5ddb5f210527f2a595053af9984db12213f15d5,2015-12,Surrey Police,Northumbria Police,-1.555502,54.944341,On or near Colegate West,E01008241,Gateshead 015C,Criminal damage and arson,Under investigation,
1663c350aea60fad2402756da903bc275123317fd961ac7ab8e493984021c3a2,2015-12,Surrey Police,Northumbria Police,-1.552522,54.954107,On or near Low Heyworth Lane,E01008241,Gateshead 015C,Violence and sexual offences,Investigation complete; no suspect identified,
38c3f1a39ae65e940e5f080a7451014a72758afb1dcf49fc82959635365c34e3,2015-12,Surrey Police,Northumbria Police,-1.548051,54.948968,On or near Field Lane,E01008241,Gateshead 015C,Violence and sexual offences,Under investigation,
,2015-12,Surrey Police,Northumbria Police,-1.547716,54.944060,On or near Longrigg,E01008242,Gateshead 015D,Anti-social behaviour,,
,2015-12,Surrey Police,Northumbria Police,-1.547018,54.942251,On or near Fallowfeld,E01008242,Gateshead 015D,Anti-social behaviour,,
,2015-12,Surrey Police,Northumbria Police,-1.544470,54.942583,On or near Meresyde,E01008242,Gateshead 015D,Anti-social behaviour,,
,2015-12,Surrey Police,Northumbria Police,-1.553026,54.946605,On or near St Cuthbert'S Drive,E01008242,Gateshead 015D,Anti-social behaviour,,
e312403b68bfe62bed6e94caa69b015977d6f91f4fe6862f4e7510a90b19034a,2015-12,Surrey Police,Northumbria Police,-1.553026,54.946605,On or near St Cuthbert'S Drive,E01008242,Gateshead 015D,Burglary,Investigation complete; no suspect identified,
ecda5a9e5a6a24bb4cfcde26a1539ba587d2eeec95dbfdab4b38021ac1cfcc93,2015-12,Surrey Police,Northumbria Police,-1.547018,54.942251,On or near Fallowfeld,E01008242,Gateshead 015D,Criminal damage and arson,Investigation complete; no suspect identified,
40f89ec28992ba30a806f37e9c041322c63013eb00051634dad2b7064fd50afb,2015-12,Surrey Police,Northumbria Police,-1.543947,54.944675,On or near Thorne Brake,E01008242,Gateshead 015D,Criminal damage and arson,Investigation complete; no suspect identified,
9903411df429625627f984743e2b6f46cc56aad1cc97c3214387b79f9e126e93,2015-12,Surrey Police,Northumbria Police,-1.543947,54.944675,On or near Thorne Brake,E01008242,Gateshead 015D,Criminal damage and arson,Investigation complete; no suspect identified,
a836c2ceaf069cd4dca2d23c442ca08826fc6937d673c89be6cd8465358ff5b4,2015-12,Surrey Police,Northumbria Police,-1.553026,54.946605,On or near St Cuthbert'S Drive,E01008242,Gateshead 015D,Criminal damage and arson,Offender given conditional discharge,
ae64ac9e2b9fe154a7054b501e83e578c935e8e75dff666d111468a712709343,2015-12,Surrey Police,Northumbria Police,-1.543916,54.946032,On or near Bolburn,E01008242,Gateshead 015D,Other theft,Investigation complete; no suspect identified,
debb203ed2755135c9eb421c5069c06c2530a29a6a7777589a9258f7630d30e9,2015-12,Surrey Police,Northumbria Police,-1.543947,54.944675,On or near Thorne Brake,E01008242,Gateshead 015D,Public order,Investigation complete; no suspect identified,
,2015-12,Surrey Police,Northumbria Police,-1.545578,54.941168,On or near Supermarket,E01008281,Gateshead 015E,Anti-social behaviour,,
,2015-12,Surrey Police,Northumbria Police,-1.545578,54.941168,On or near Supermarket,E01008281,Gateshead 015E,Anti-social behaviour,,
,2015-12,Surrey Police,Northumbria Police,-1.545578,54.941168,On or near Supermarket,E01008281,Gateshead 015E,Anti-social behaviour,,
,2015-12,Surrey Police,Northumbria Police,-1.545578,54.941168,On or near Supermarket,E01008281,Gateshead 015E,Anti-social behaviour,,
,2015-12,Surrey Police,Northumbria Police,-1.545578,54.941168,On or near Supermarket,E01008281,Gateshead 015E,Anti-social behaviour,,
,2015-12,Surrey Police,Northumbria Police,-1.537985,54.945911,On or near Tuneside,E01008281,Gateshead 015E,Anti-social behaviour,,
,2015-12,Surrey Police,Northumbria Police,-1.545578,54.941168,On or near Supermarket,E01008281,Gateshead 015E,Anti-social behaviour,,
b4668307a96d6a4e7845ae2ca39c7cdcffc46d0372af3b55fff9306dace9683a,2015-12,Surrey Police,Northumbria Police,-1.539367,54.939725,On or near Millford,E01008281,Gateshead 015E,Burglary,Investigation complete; no suspect identified,
0c9c643649576b188232747f25bdaf932693103ebba3a897f34db81f2473a154,2015-12,Surrey Police,Northumbria Police,-1.542791,54.940609,On or near Whinbrooke,E01008281,Gateshead 015E,Criminal damage and arson,Investigation complete; no suspect identified,
b108a114ab625d16d440e46f3e187920caf695d8658e9204cf7be949c9cdfaf2,2015-12,Surrey Police,Northumbria Police,-1.545578,54.941168,On or near Supermarket,E01008281,Gateshead 015E,Criminal damage and arson,Investigation complete; no suspect identified,
6c4a18d3bbba12b337af86ba83fc890e484498a6e0852fe7d7a78b35d444fe14,2015-12,Surrey Police,Northumbria Police,-1.542791,54.940609,On or near Whinbrooke,E01008281,Gateshead 015E,Criminal damage and arson,Investigation complete; no suspect identified,
6c86956ee66239326ab49a9f8c05207e6f995822cc7eca7b0f276beddc66d452,2015-12,Surrey Police,Northumbria Police,-1.545578,54.941168,On or near Supermarket,E01008281,Gateshead 015E,Other theft,Investigation complete; no suspect identified,
f61d63dee03705b0f3884d5ff21473a55c8efd21370e8010a3d02d599ca839c0,2015-12,Surrey Police,Northumbria Police,-1.545578,54.941168,On or near Supermarket,E01008281,Gateshead 015E,Shoplifting,Under investigation,
a9892d154b5c6946083e63b2c3b71c7a2cb8187d9f3f4d73ad76012034fb1df4,2015-12,Surrey Police,Northumbria Police,-1.545578,54.941168,On or near Supermarket,E01008281,Gateshead 015E,Shoplifting,Investigation complete; no suspect identified,
f3d6e77f11209402f2c809711014dcbb8692edb873812b467cac460a3473033e,2015-12,Surrey Police,Northumbria Police,-1.545578,54.941168,On or near Supermarket,E01008281,Gateshead 015E,Shoplifting,Under investigation,
03db71b6c750b5e8285113061b2638d3d1206b5b6c3d94e4cb5b1ccf2fa2ef7e,2015-12,Surrey Police,Northumbria Police,-1.545578,54.941168,On or near Supermarket,E01008281,Gateshead 015E,Shoplifting,Investigation complete; no suspect identified,
d5de1ecb8085ee3294af8048de014ad25ec124c28659ada1140389e3bf58b4f6,2015-12,Surrey Police,Northumbria Police,-1.545578,54.941168,On or near Supermarket,E01008281,Gateshead 015E,Shoplifting,Under investigation,
c9d88b6ca08a93eec0766a2a02eb1e06271f17a3f8b73804cc1e1d9a2d64b553,2015-12,Surrey Police,Northumbria Police,-1.545578,54.941168,On or near Supermarket,E01008281,Gateshead 015E,Shoplifting,Investigation complete; no suspect identified,
f5cdbb874f7861dbd8d746c44619240189a477eda5eb3da005a08e6e99dc4b0d,2015-12,Surrey Police,Northumbria Police,-1.545578,54.941168,On or near Supermarket,E01008281,Gateshead 015E,Shoplifting,Under investigation,
,2015-12,Surrey Police,Northumbria Police,-1.548810,54.936983,On or near Falstone,E01008282,Gateshead 015F,Anti-social behaviour,,
,2015-12,Surrey Police,Northumbria Police,-1.544107,54.935968,On or near Staindrop,E01008282,Gateshead 015F,Anti-social behaviour,,
,2015-12,Surrey Police,Northumbria Police,-1.547845,54.938094,On or near Chevington,E01008282,Gateshead 015F,Anti-social behaviour,,
,2015-12,Surrey Police,Northumbria Police,-1.544107,54.935968,On or near Staindrop,E01008282,Gateshead 015F,Anti-social behaviour,,
,2015-12,Surrey Police,Northumbria Police,-1.546110,54.938321,On or near Cotemede,E01008282,Gateshead 015F,Anti-social behaviour,,
99c9277a81ccfaf914a65bb46529e7b54f774553ef186234f168bb00aeae525a,2015-12,Surrey Police,Northumbria Police,-1.544721,54.938271,On or near Hartburn,E01008282,Gateshead 015F,Criminal damage and arson,Investigation complete; no suspect identified,
590065d6ae7ef56bba5d2fa86b00173a1c3dc0cef7830f36293a4db9294cc117,2015-12,Surrey Police,Northumbria Police,-1.548810,54.936983,On or near Falstone,E01008282,Gateshead 015F,Vehicle crime,Under investigation,
d18c03613e4e9dad6def9d0f9b53eeb732630b5b4f9fb8b9fb80e5211af78b2b,2015-12,Surrey Police,Northumbria Police,-1.546110,54.938321,On or near Cotemede,E01008282,Gateshead 015F,Violence and sexual offences,Under investigation,
daf89e7fa158f91dfe67ec536be9ac627ef36682b186c57f0f4fa34f4fb998c0,2015-12,Surrey Police,Northumbria Police,-1.546110,54.938321,On or near Cotemede,E01008282,Gateshead 015F,Violence and sexual offences,Awaiting court outcome,
d52ddbae4f41c5e09d585f852bc3002893e163e0b0986e47f7d07d6c69ac7be9,2015-12,Surrey Police,Northumbria Police,-1.544107,54.935968,On or near Staindrop,E01008282,Gateshead 015F,Violence and sexual offences,Under investigation,
,2015-12,Surrey Police,Northumbria Police,-1.582062,54.936302,On or near Lavender Row,E01008219,Gateshead 016A,Anti-social behaviour,,
,2015-12,Surrey Police,Northumbria Police,-1.583694,54.933854,On or near Hawkshead Place,E01008219,Gateshead 016A,Anti-social behaviour,,
,2015-12,Surrey Police,Northumbria Police,-1.580788,54.940180,On or near Parking Area,E01008219,Gateshead 016A,Anti-social behaviour,,
,2015-12,Surrey Police,Northumbria Police,-1.582062,54.936302,On or near Lavender Row,E01008219,Gateshead 016A,Anti-social behaviour,,
,2015-12,Surrey Police,Northumbria Police,-1.584882,54.935242,On or near Coniston Place,E01008219,Gateshead 016A,Anti-social behaviour,,
,2015-12,Surrey Police,Northumbria Police,-1.580788,54.940180,On or near Parking Area,E01008219,Gateshead 016A,Anti-social behaviour,,
4c099f61cc40aaf4bd88706161d5b456c5c9f052af3db0e78c8e7667442dbfb2,2015-12,Surrey Police,Northumbria Police,-1.582062,54.936302,On or near Lavender Row,E01008219,Gateshead 016A,Burglary,Investigation complete; no suspect identified,
e82858e9101f02451533ee484833266494c9c4bbc8a942db75699312eee063a4,2015-12,Surrey Police,Northumbria Police,-1.585228,54.933428,On or near Millom Place,E01008219,Gateshead 016A,Criminal damage and arson,Under investigation,
64cefed3019f707f7147d623c600fd2fa1a7abfdbdb6f90e9436b6d9ce9bbff1,2015-12,Surrey Police,Northumbria Police,-1.582062,54.936302,On or near Lavender Row,E01008219,Gateshead 016A,Criminal damage and arson,Investigation complete; no suspect identified,
5ea161b329b38950bfb114d14ab33d602bbf25afe010c890f389c11116d0ac3f,2015-12,Surrey Police,Northumbria Police,-1.577915,54.937276,On or near Meadow Rise,E01008219,Gateshead 016A,Criminal damage and arson,Awaiting court outcome,
18e197c653a43a470de67c8ed05111049108a979ab40f4158644feb76059e9b0,2015-12,Surrey Police,Northumbria Police,-1.581715,54.941163,On or near Causeway,E01008219,Gateshead 016A,Shoplifting,Investigation complete; no suspect identified,
d15ec70f369b72f81bd897e39cb81b8e6f84c13094c0c5db9190e8b093ed8877,2015-12,Surrey Police,Northumbria Police,-1.577915,54.937276,On or near Meadow Rise,E01008219,Gateshead 016A,Violence and sexual offences,Offender given a caution,
d13ebaf97e4dcc0c9171878771343db60101063542812dd34f73963150fa56cb,2015-12,Surrey Police,Northumbria Police,-1.585693,54.939873,On or near Hewson Place,E01008219,Gateshead 016A,Violence and sexual offences,Awaiting court outcome,
787df95757ee803cc766a9402e1f44b8d7ab154675a9c4384ff882033e7df3e6,2015-12,Surrey Police,Northumbria Police,-1.582062,54.936302,On or near Lavender Row,E01008219,Gateshead 016A,Violence and sexual offences,Investigation complete; no suspect identified,
2f281b12af4178553c47027893913a74a340c62b127b4ffb3b84b7488f597fab,2015-12,Surrey Police,Northumbria Police,-1.585693,54.939873,On or near Hewson Place,E01008219,Gateshead 016A,Violence and sexual offences,Under investigation,
c9e221b4ef37a27fd05d0dd44f88d158fabc138f02aae65539570744df296f5d,2015-12,Surrey Police,Northumbria Police,-1.583694,54.933854,On or near Hawkshead Place,E01008219,Gateshead 016A,Violence and sexual offences,Investigation complete; no suspect identified,
4b4c3f17decd372f6f8bca7166337c43f0d3f3c5b50077ef86fba5a9e24e8deb,2015-12,Surrey Police,Northumbria Police,-1.580788,54.940180,On or near Parking Area,E01008219,Gateshead 016A,Violence and sexual offences,Awaiting court outcome,
49ef9dba1d8ec94a03328193faa11897497923512eca5462aa82d264faf90698,2015-12,Surrey Police,Northumbria Police,-1.582062,54.936302,On or near Lavender Row,E01008219,Gateshead 016A,Violence and sexual offences,Under investigation,
ba109de031d4074bb546d0408a7b81337a287c6a8e17be8768f7610110c94096,2015-12,Surrey Police,Northumbria Police,-1.590407,54.935171,On or near Gatesgarth,E01008235,Gateshead 016B,Burglary,Investigation complete; no suspect identified,
2cb1f4ee8632831f1a35fc3c8da5017589bc40bcd429221e182b1233556af617,2015-12,Surrey Police,Northumbria Police,-1.590407,54.935171,On or near Gatesgarth,E01008235,Gateshead 016B,Burglary,Investigation complete; no suspect identified,
9836b0af2124d1c4ee6fa2d51a4dbd0381cef71a4912bdc39781d469c1e21c26,2015-12,Surrey Police,Northumbria Police,-1.590407,54.935171,On or near Gatesgarth,E01008235,Gateshead 016B,Burglary,Defendant sent to Crown Court,
57959a1a2f836c6322c6833ec268944095d92cc5f415b17ad7dcfe59ec7f81f4,2015-12,Surrey Police,Northumbria Police,-1.590407,54.935171,On or near Gatesgarth,E01008235,Gateshead 016B,Vehicle crime,Investigation complete; no suspect identified,
9afb392e92ef33af2848a0cadfa38454374a708570e29718dad5a4c3b7063961,2015-12,Surrey Police,Northumbria Police,-1.590407,54.935171,On or near Gatesgarth,E01008235,Gateshead 016B,Violence and sexual offences,Under investigation,
d3e51379996e40a18cc7332371b9d82c39a57046f03e0e99335ecb13142fccd8,2015-12,Surrey Police,Northumbria Police,-1.585968,54.937367,On or near Glendale Gardens,E01008235,Gateshead 016B,Violence and sexual offences,Under investigation,
3b20da08ba3b8940760f6f34039a154fb30b616b9b0f60c2c2446ad65802dec9,2015-12,Surrey Police,Northumbria Police,-1.585968,54.937367,On or near Glendale Gardens,E01008235,Gateshead 016B,Violence and sexual offences,Under investigation,
,2015-12,Surrey Police,Northumbria Police,-1.592367,54.938970,On or near Kellfield Avenue,E01008236,Gateshead 016C,Anti-social behaviour,,
,2015-12,Surrey Police,Northumbria Police,-1.588279,54.940358,On or near Egremont Gardens,E01008236,Gateshead 016C,Anti-social behaviour,,
,2015-12,Surrey Police,Northumbria Police,-1.588279,54.940358,On or near Egremont Gardens,E01008236,Gateshead 016C,Anti-social behaviour,,
110634001faa5235a661ac31f0e14e376cef5210f246470e4e677e1074c9ae91,2015-12,Surrey Police,Northumbria Police,-1.589874,54.941577,On or near Springfield Place,E01008236,Gateshead 016C,Burglary,Investigation complete; no suspect identified,
6fd7502affe453c4c48db107cbe2c6e91684ddd60b2238d21edd43b6d845f044,2015-12,Surrey Police,Northumbria Police,-1.590979,54.941904,On or near Beverley Road,E01008236,Gateshead 016C,Burglary,Investigation complete; no suspect identified,
1fd25a30b0ed38250a6a2c05deb9d5c70ff3f067f1951a3ba1302df66dcbbaf2,2015-12,Surrey Police,Northumbria Police,-1.591805,54.942015,On or near Olive Gardens,E01008236,Gateshead 016C,Criminal damage and arson,Investigation complete; no suspect identified,
bff7707f9ed8b607cdf87b071cd5e0a42b2db131699b07bff52af9d62b2ab9dd,2015-12,Surrey Police,Northumbria Police,-1.591449,54.940189,On or near Grove Road,E01008236,Gateshead 016C,Criminal damage and arson,Investigation complete; no suspect identified,
860a8353e96cb16736441d0382141d50d582f8dfd05c3a45b49f8a9795e3ce10,2015-12,Surrey Police,Northumbria Police,-1.591971,54.942581,On or near Cyprus Gardens,E01008236,Gateshead 016C,Criminal damage and arson,Investigation complete; no suspect identified,
e3f1f0dac0179bd559071d566ec9ed4571bc36225459c3fec28675bf9d9660f2,2015-12,Surrey Police,Northumbria Police,-1.591971,54.942581,On or near Cyprus Gardens,E01008236,Gateshead 016C,Criminal damage and arson,Investigation complete; no suspect identified,
3bb16cf2b25850a2069b02332a5e0626476c6102721f600f7878118fd953cb18,2015-12,Surrey Police,Northumbria Police,-1.587372,54.938998,On or near Church Lane,E01008236,Gateshead 016C,Shoplifting,Offender given conditional discharge,
ce8ccca6a2b7a23a0613b2c65e63aeb5a77b97af82814e34378aadc0f0e2e75d,2015-12,Surrey Police,Northumbria Police,-1.591003,54.939595,On or near Villa View,E01008236,Gateshead 016C,Violence and sexual offences,Under investigation,
5b220cfccc2913ddf31fe3061992decf51bdb830f25d590f26709bb8538fc047,2015-12,Surrey Police,Northumbria Police,-1.592367,54.938970,On or near Kellfield Avenue,E01008236,Gateshead 016C,Violence and sexual offences,Under investigation,
489dae1c8c67ff2d23f6624d6c599db43de076fba1567d4598f685160ba9f5b3,2015-12,Surrey Police,Northumbria Police,-1.591971,54.942581,On or near Cyprus Gardens,E01008236,Gateshead 016C,Violence and sexual offences,Investigation complete; no suspect identified,
3edb4a44aa7330fd717dd39bb7ff70fb1f357df9ac8f2926c8b0d7c1bb15ab3c,2015-12,Surrey Police,Northumbria Police,-1.588279,54.940358,On or near Egremont Gardens,E01008236,Gateshead 016C,Violence and sexual offences,Awaiting court outcome,
928a06c2c3f7094ccea5302ec9e6c699b2481ab6695202f5883c742f8eb9354d,2015-12,Surrey Police,Northumbria Police,-1.588279,54.940358,On or near Egremont Gardens,E01008236,Gateshead 016C,Violence and sexual offences,Awaiting court outcome,
,2015-12,Surrey Police,Northumbria Police,-1.597789,54.939905,On or near Joicey Road,E01008237,Gateshead 016D,Anti-social behaviour,,
,2015-12,Surrey Police,Northumbria Police,-1.597460,54.943184,On or near Westover Gardens,E01008237,Gateshead 016D,Anti-social behaviour,,
9edcb0f60fd13e1101ff295955ead4b1ec6c64e9225c808e4ba7f7f11b590b4b,2015-12,Surrey Police,Northumbria Police,-1.597789,54.939905,On or near Joicey Road,E01008237,Gateshead 016D,Criminal damage and arson,Investigation complete; no suspect identified,
d0db52a327791a0256d5ca13dd3466ddd49a49567a6517667c656892014cd44c,2015-12,Surrey Police,Northumbria Police,-1.596598,54.938822,On or near Stratford Gardens,E01008237,Gateshead 016D,Violence and sexual offences,Offender given a caution,
,2015-12,Surrey Police,Northumbria Police,-1.598604,54.936502,On or near Clement Street,E01008238,Gateshead 016E,Anti-social behaviour,,
ed3b9c5fa57e30da17531053e7b633b0c5d5014281cb81e4f123d045266c27d1,2015-12,Surrey Police,Northumbria Police,-1.598604,54.936502,On or near Clement Street,E01008238,Gateshead 016E,Criminal damage and arson,Investigation complete; no suspect identified,
85b8a9a47431b943aad6616b4533a0e6953f7f8bff7442ba95a3768c42940e23,2015-12,Surrey Police,Northumbria Police,-1.598604,54.936502,On or near Clement Street,E01008238,Gateshead 016E,Criminal damage and arson,Investigation complete; no suspect identified,
209aa4b3b62837dcff4ea3bf4fa0b76236558dbc58c7af5ab38afff25f901ede,2015-12,Surrey Police,Northumbria Police,-1.597736,54.937415,On or near Beaconsfield Road,E01008238,Gateshead 016E,Public order,Investigation complete; no suspect identified,
5f94808bc1c88203ce63fcba04441c8923e26ff38f4ef8534ce7915cfbc3f1b5,2015-12,Surrey Police,Northumbria Police,-1.597736,54.937415,On or near Beaconsfield Road,E01008238,Gateshead 016E,Vehicle crime,Investigation complete; no suspect identified,
b2de3a07780a548810c0baec24eaf55e4ee6e048d6a54abe3a3dd92d4bb88749,2015-12,Surrey Police,Northumbria Police,-1.598604,54.936502,On or near Clement Street,E01008238,Gateshead 016E,Violence and sexual offences,Investigation complete; no suspect identified,
60c882da69d24ab810c4af1c9b58995499c0a9eefb85c99ff6526068d4794b60,2015-12,Surrey Police,Northumbria Police,-1.598604,54.936502,On or near Clement Street,E01008238,Gateshead 016E,Violence and sexual offences,Under investigation,
25db883e67e36593a5887f7ece6afe92269f981b34d51c5b2eae69dc5b66df02,2015-12,Surrey Police,Northumbria Police,-1.597736,54.937415,On or near Beaconsfield Road,E01008238,Gateshead 016E,Violence and sexual offences,Under investigation,
,2015-12,Surrey Police,Northumbria Police,-1.680367,54.944993,On or near Holme Rise,E01008267,Gateshead 017A,Anti-social behaviour,,
,2015-12,Surrey Police,Northumbria Police,-1.675467,54.944783,On or near Park/Open Space,E01008267,Gateshead 017A,Anti-social behaviour,,
,2015-12,Surrey Police,Northumbria Police,-1.675467,54.944783,On or near Park/Open Space,E01008267,Gateshead 017A,Anti-social behaviour,,
53a4c0c4c6867e2473f041c1cb56a57ac02be0d018b1d59904c528781c009983,2015-12,Surrey Police,Northumbria Police,-1.679883,54.943114,On or near Sports/Recreation Area,E01008267,Gateshead 017A,Burglary,Investigation complete; no suspect identified,
cbf42fb979876253b29554f7152da19e1a793435665fef9c581a250d35bd4382,2015-12,Surrey Police,Northumbria Police,-1.675425,54.946148,On or near Church Chare,E01008267,Gateshead 017A,Burglary,Investigation complete; no suspect identified,
2f8bb25ff7716b4daf46b58ce0a932ef7a0636af3862d2d120effffd9618e576,2015-12,Surrey Police,Northumbria Police,-1.673349,54.946089,On or near School Lane,E01008267,Gateshead 017A,Other theft,Investigation complete; no suspect identified,
5f42eb8bff4d18d4e586d047d08483f7ba67cc591947241a0a13cef6fa206b34,2015-12,Surrey Police,Northumbria Police,-1.678873,54.944405,On or near Rose Avenue,E01008267,Gateshead 017A,Vehicle crime,Investigation complete; no suspect identified,
cef68fa5e4082ab052f152de17258c72eb8bf0597d75370935ad51bfe92b5ae9,2015-12,Surrey Police,Northumbria Police,-1.674874,54.942822,On or near Millfield Road,E01008267,Gateshead 017A,Violence and sexual offences,Under investigation,
ac98fdb0c43c05f12c2060687f28ff45c6b5c76de45b5c604d4e24556b8642bc,2015-12,Surrey Police,Northumbria Police,-1.679883,54.943114,On or near Sports/Recreation Area,E01008267,Gateshead 017A,Violence and sexual offences,Under investigation,
72f034da0848e18b432474fdc95ac2e63108d38c3230e3666e28e92062b294ff,2015-12,Surrey Police,Northumbria Police,-1.673349,54.946089,On or near School Lane,E01008267,Gateshead 017A,Violence and sexual offences,Under investigation,
,2015-12,Surrey Police,Northumbria Police,-1.686998,54.937498,On or near Bexley Place,E01008270,Gateshead 017C,Anti-social behaviour,,
df864459b0ee70916a055db97e37085a105604f05abbfd2c692df2218dbc8054,2015-12,Surrey Police,Northumbria Police,-1.684799,54.937205,On or near Dissington Place,E01008270,Gateshead 017C,Shoplifting,Under investigation,
,2015-12,Surrey Police,Northumbria Police,-1.692830,54.938160,On or near Supermarket,E01008271,Gateshead 017D,Anti-social behaviour,,
4de032783889cf5b93a37d94f68ac8ee5c8b42e6fbc2491bd027dbf651130607,2015-12,Surrey Police,Northumbria Police,-1.696773,54.936912,On or near Ravenscar Close,E01008271,Gateshead 017D,Criminal damage and arson,Awaiting court outcome,
6ef1fd5ddfb61fe2d905540cd1b55e3a3de4893f5935cd17b22c22fec6b381ff,2015-12,Surrey Police,Northumbria Police,-1.682225,54.939013,On or near Arlington Grove,E01008275,Gateshead 017E,Criminal damage and arson,Under investigation,
,2015-12,Surrey Police,Northumbria Police,-1.575080,54.941238,On or near Stone Street,E01008229,Gateshead 018A,Anti-social behaviour,,
,2015-12,Surrey Police,Northumbria Police,-1.559322,54.940481,On or near Harleston Way,E01008229,Gateshead 018A,Anti-social behaviour,,
,2015-12,Surrey Police,Northumbria Police,-1.557718,54.943055,On or near High Heworth Lane,E01008229,Gateshead 018A,Anti-social behaviour,,
,2015-12,Surrey Police,Northumbria Police,-1.561721,54.940984,On or near Barnton Road,E01008229,Gateshead 018A,Anti-social behaviour,,
,2015-12,Surrey Police,Northumbria Police,-1.555988,54.942806,On or near Sports/Recreation Area,E01008229,Gateshead 018A,Anti-social behaviour,,
fb384b7bcd6dea56b02cd440264170e742f601f037cacb4e8e8b3e298e828a6d,2015-12,Surrey Police,Northumbria Police,-1.555988,54.942806,On or near Sports/Recreation Area,E01008229,Gateshead 018A,Burglary,Investigation complete; no suspect identified,
842e8a00c2b3ec5d580aa2fab5e35574ecd8aa4b1c64c6b51cae66e5461b52aa,2015-12,Surrey Police,Northumbria Police,-1.558496,54.943219,On or near Millbrook,E01008229,Gateshead 018A,Burglary,Investigation complete; no suspect identified,
dfdc700e7d889e575d55b041e56e57c23d1a6158e449968ecc1145c544436148,2015-12,Surrey Police,Northumbria Police,-1.555988,54.942806,On or near Sports/Recreation Area,E01008229,Gateshead 018A,Criminal damage and arson,Investigation complete; no suspect identified,
a1195e0b359e7419d7f789be3d61fb545d2b346fbe7a929476bf1cf9c8f71213,2015-12,Surrey Police,Northumbria Police,-1.562136,54.938649,On or near Westfield,E01008229,Gateshead 018A,Other theft,Investigation complete; no suspect identified,
976815771e1034cec39c51895dba1fea149bf2c6d2532755adf55600b25211ad,2015-12,Surrey Police,Northumbria Police,-1.562136,54.938649,On or near Westfield,E01008229,Gateshead 018A,Vehicle crime,Investigation complete; no suspect identified,
eccfd2a6e37809abc60c3c38a83ed335fe1fa91fd3aff8fb9b60aa2dbff84522,2015-12,Surrey Police,Northumbria Police,-1.562136,54.938649,On or near Westfield,E01008229,Gateshead 018A,Vehicle crime,Investigation complete; no suspect identified,
42a403aa171d433e86b209763e405a91cbcfbb2f0b1b89f3ea5c9f2245fbb26d,2015-12,Surrey Police,Northumbria Police,-1.558041,54.943469,On or near Highfield Court,E01008229,Gateshead 018A,Violence and sexual offences,Under investigation,
bd7804fe1fe330deb30e96e5a3b793417b0559483dc4caaf283352077bbcdbba,2015-12,Surrey Police,Northumbria Police,-1.558041,54.943469,On or near Highfield Court,E01008229,Gateshead 018A,Violence and sexual offences,Under investigation,
9716e0f0191a672fa750d19d082164c8c3e20f848008a543ff881ea9d701e7aa,2015-12,Surrey Police,Northumbria Police,-1.558041,54.943469,On or near Highfield Court,E01008229,Gateshead 018A,Violence and sexual offences,Under investigation,
e327b6670850bcb54c462c54e2371d3abcf0ad13f68c4bd5ac94dcd03b678470,2015-12,Surrey Police,Northumbria Police,-1.562136,54.938649,On or near Westfield,E01008229,Gateshead 018A,Violence and sexual offences,Investigation complete; no suspect identified,
87971b6171f8ad68f3489d303dcdef5f965d029a455f79dd750ff601e6049ba8,2015-12,Surrey Police,Northumbria Police,-1.558496,54.943219,On or near Millbrook,E01008229,Gateshead 018A,Violence and sexual offences,Investigation complete; no suspect identified,
,2015-12,Surrey Police,Northumbria Police,-1.576606,54.938629,On or near Meadow Rise,E01008230,Gateshead 018B,Anti-social behaviour,,
,2015-12,Surrey Police,Northumbria Police,-1.572810,54.937411,On or near Coltsfoot Gardens,E01008230,Gateshead 018B,Anti-social behaviour,,
d6674ba06fce3cc839fb22285f896660d2f6755b0d190cd610d1f782b03836c9,2015-12,Surrey Police,Northumbria Police,-1.574097,54.938189,On or near Sports/Recreation Area,E01008230,Gateshead 018B,Criminal damage and arson,Offender given a caution,
111fd89953067e2f12a446a28af97d1b2a3d593d3de25dc199ce60696114b105,2015-12,Surrey Police,Northumbria Police,-1.570680,54.936667,On or near Campion Gardens,E01008230,Gateshead 018B,Possession of weapons,Under investigation,
24f6a18af5c172227d86f413fe8fc6068ed28f44c042322e82f165f2274ecd2d,2015-12,Surrey Police,Northumbria Police,-1.572810,54.937411,On or near Coltsfoot Gardens,E01008230,Gateshead 018B,Violence and sexual offences,Under investigation,
0b1c50e96c4dd77e126bfafad1004a39aaefbd5d1d66f686456c6cfff60ff62a,2015-12,Surrey Police,Northumbria Police,-1.574803,54.939395,On or near Crossfield Park,E01008230,Gateshead 018B,Violence and sexual offences,Under investigation,
ade70aa9fc5f2ef086406f70c12d512b013d38ade22250372e5d7289550e8de8,2015-12,Surrey Police,Northumbria Police,-1.579802,54.941902,On or near Woolerton Drive,E01008230,Gateshead 018B,Violence and sexual offences,Under investigation,
55a757bfc382a834be09a68368109441c865a40cc29bf15e8274e35c42e2baaf,2015-12,Surrey Police,Northumbria Police,-1.574097,54.938189,On or near Sports/Recreation Area,E01008230,Gateshead 018B,Violence and sexual offences,Under investigation,
bd077b259653de99ba1f4889b35101bc23f9d2286f21252cbaa9713ab408fbb4,2015-12,Surrey Police,Northumbria Police,-1.556419,54.934800,On or near Staneway,E01008232,Gateshead 018C,Violence and sexual offences,Investigation complete; no suspect identified,
,2015-12,Surrey Police,Northumbria Police,-1.560041,54.936171,On or near Planesway,E01008233,Gateshead 018D,Anti-social behaviour,,
,2015-12,Surrey Police,Northumbria Police,-1.560041,54.936171,On or near Planesway,E01008233,Gateshead 018D,Anti-social behaviour,,
2f0f8f3a2cfb34292866f95467838de0d88a0acfd8b290c7b3da344c833cee79,2015-12,Surrey Police,Northumbria Police,-1.564328,54.938073,On or near Celandine Way,E01008233,Gateshead 018D,Burglary,Under investigation,
61782aa06477262e62ac418931f5db424b513c0270f58386ba4f41a535653a64,2015-12,Surrey Police,Northumbria Police,-1.563490,54.936192,On or near White House Way,E01008233,Gateshead 018D,Criminal damage and arson,Investigation complete; no suspect identified,
b69809871b3d19f9fd8df18c0a751da70b2023f5c2c6e777bedbdfdc0eb87368,2015-12,Surrey Police,Northumbria Police,-1.560041,54.936171,On or near Planesway,E01008233,Gateshead 018D,Criminal damage and arson,Investigation complete; no suspect identified,
aa3a18503eb90c5561503573a0a743ecc23d53c10142b420e11dc38b1a29889b,2015-12,Surrey Police,Northumbria Police,-1.561136,54.937379,On or near Yewtrees,E01008233,Gateshead 018D,Vehicle crime,Investigation complete; no suspect identified,
1ddbdbfd0c3b4ebf22e214dff22cb9061fcd190a0cbb32717dc7a7efdb56dd1d,2015-12,Surrey Police,Northumbria Police,-1.566860,54.937759,On or near Dykes Way,E01008233,Gateshead 018D,Vehicle crime,Investigation complete; no suspect identified,
57834d237a3ed1b82efaa19cc044123d5ca6658617a5dc0611d2bbb3d99ecbdb,2015-12,Surrey Police,Northumbria Police,-1.558062,54.935822,On or near Prestwick,E01008233,Gateshead 018D,Violence and sexual offences,Awaiting court outcome,
35c080a2ebbc176ce269f0a9684ac99a79cbbfc9c457f78984fc3058d17f6f0a,2015-12,Surrey Police,Northumbria Police,-1.558062,54.935822,On or near Prestwick,E01008233,Gateshead 018D,Other crime,Court case unable to proceed,
26567aad15d9c154af505e5e7f361422633ff9513e7cdd2a3dc00fd7dfff2ed5,2015-12,Surrey Police,Northumbria Police,-1.558062,54.935822,On or near Prestwick,E01008233,Gateshead 018D,Other crime,Under investigation,
,2015-12,Surrey Police,Northumbria Police,-1.549332,54.933525,On or near Claypath,E01008285,Gateshead 018E,Anti-social behaviour,,
,2015-12,Surrey Police,Northumbria Police,-1.549332,54.933525,On or near Claypath,E01008285,Gateshead 018E,Anti-social behaviour,,
,2015-12,Surrey Police,Northumbria Police,-1.552131,54.934488,On or near Lecondale,E01008285,Gateshead 018E,Anti-social behaviour,,
,2015-12,Surrey Police,Northumbria Police,-1.547872,54.937052,On or near Belmont,E01008285,Gateshead 018E,Anti-social behaviour,,
,2015-12,Surrey Police,Northumbria Police,-1.551221,54.934871,On or near Glynfellis,E01008285,Gateshead 018E,Anti-social behaviour,,
,2015-12,Surrey Police,Northumbria Police,-1.553950,54.933650,On or near Wealcroft,E01008285,Gateshead 018E,Anti-social behaviour,,
,2015-12,Surrey Police,Northumbria Police,-1.552131,54.934488,On or near Lecondale,E01008285,Gateshead 018E,Anti-social behaviour,,
,2015-12,Surrey Police,Northumbria Police,-1.553950,54.933650,On or near Wealcroft,E01008285,Gateshead 018E,Anti-social behaviour,,
,2015-12,Surrey Police,Northumbria Police,-1.551221,54.934871,On or near Glynfellis,E01008285,Gateshead 018E,Anti-social behaviour,,
711de1cf47b6daa96d89b676c70e85f8b73984a06b3f6a6c05143614e4401cb2,2015-12,Surrey Police,Northumbria Police,-1.551221,54.934871,On or near Glynfellis,E01008285,Gateshead 018E,Bicycle theft,Investigation complete; no suspect identified,
2ad64e73cba6fc04de540205e9a6492366b4f424be87e08f0aed2feed59d7a75,2015-12,Surrey Police,Northumbria Police,-1.553950,54.933650,On or near Wealcroft,E01008285,Gateshead 018E,Criminal damage and arson,Investigation complete; no suspect identified,
d7d6b9678421f154537739957f61d2edd493525945db9626a71774fecec4129c,2015-12,Surrey Police,Northumbria Police,-1.547872,54.937052,On or near Belmont,E01008285,Gateshead 018E,Criminal damage and arson,Under investigation,
78036645e137053803d791bfc09108934e715f35a9961b1ebff08596810f982f,2015-12,Surrey Police,Northumbria Police,-1.553950,54.933650,On or near Wealcroft,E01008285,Gateshead 018E,Criminal damage and arson,Investigation complete; no suspect identified,
6ec74391388f57d92cc2ac2034543797d1bfd2638e424b7ca88312f4db807fb2,2015-12,Surrey Police,Northumbria Police,-1.553950,54.933650,On or near Wealcroft,E01008285,Gateshead 018E,Other theft,Investigation complete; no suspect identified,
a53310c89569472f3e3dd63920f31c72e4ae0762cd772d7680b5b878b896a6f0,2015-12,Surrey Police,Northumbria Police,-1.553950,54.933650,On or near Wealcroft,E01008285,Gateshead 018E,Other theft,Investigation complete; no suspect identified,
30b36964774a26ca5f69673de5c490139b9ea477dc8fff722b956fa68fb9a6d4,2015-12,Surrey Police,Northumbria Police,-1.553950,54.933650,On or near Wealcroft,E01008285,Gateshead 018E,Other theft,Investigation complete; no suspect identified,
0eb71cfd77269f0969e49ad4ced99998672d94a27813b4936327cf7b86f1fc6e,2015-12,Surrey Police,Northumbria Police,-1.640607,54.937954,On or near Consett Road,E01008256,Gateshead 019A,Other theft,Investigation complete; no suspect identified,
594a3ca464912880b57061be7c038a57a10191b961af5acab6d254d43361ed0a,2015-12,Surrey Police,Northumbria Police,-1.639639,54.939676,On or near Whickham Highway,E01008256,Gateshead 019A,Violence and sexual offences,Offender given a caution,
51d0ab9e63295805313ccdf3cd06fe44a6dfe536ea142fbdd99e5efe53a6018d,2015-12,Surrey Police,Northumbria Police,-1.639639,54.939676,On or near Whickham Highway,E01008256,Gateshead 019A,Violence and sexual offences,Investigation complete; no suspect identified,
2306ab8c48c79175025fc8ac595448321b5bc7347eccaed3d5aa80134dae5db5,2015-12,Surrey Police,Northumbria Police,-1.634697,54.935573,On or near Greenwood Gardens,E01008256,Gateshead 019A,Violence and sexual offences,Under investigation,
,2015-12,Surrey Police,Northumbria Police,-1.634430,54.937441,On or near Beechwood Gardens,E01008260,Gateshead 019B,Anti-social behaviour,,
e4a8375bbfd43c5ebec818e8c2728fb56120e703d2bc450dea296ce15eb97c03,2015-12,Surrey Police,Northumbria Police,-1.630087,54.941319,On or near Pedestrian Subway,E01008260,Gateshead 019B,Violence and sexual offences,Investigation complete; no suspect identified,
,2015-12,Surrey Police,Northumbria Police,-1.636569,54.942642,On or near Snowdon Gardens,E01008261,Gateshead 019C,Anti-social behaviour,,
,2015-12,Surrey Police,Northumbria Police,-1.638290,54.942216,On or near Malvern Gardens,E01008261,Gateshead 019C,Anti-social behaviour,,
,2015-12,Surrey Police,Northumbria Police,-1.636569,54.942642,On or near Snowdon Gardens,E01008261,Gateshead 019C,Anti-social behaviour,,
,2015-12,Surrey Police,Northumbria Police,-1.638290,54.942216,On or near Malvern Gardens,E01008261,Gateshead 019C,Anti-social behaviour,,
4a960f88fe4719c5d77307e51f9a79b090502dc3548d0121f7e676054825c4ad,2015-12,Surrey Police,Northumbria Police,-1.638290,54.942216,On or near Malvern Gardens,E01008261,Gateshead 019C,Other theft,Investigation complete; no suspect identified,
5169cd0fcb39131292e0361c526a22117edb8c7079c9f755ef2968ad1617315a,2015-12,Surrey Police,Northumbria Police,-1.668509,54.940495,On or near The Drive,E01008268,Gateshead 019D,Burglary,Investigation complete; no suspect identified,
a2c99cd2edee89f0d79f061ef153d24478dbf7de9bbd65b5e4cfd7d7e6b66307,2015-12,Surrey Police,Northumbria Police,-1.674593,54.921578,On or near Bowes Close,E01008272,Gateshead 019E,Criminal damage and arson,Investigation complete; no suspect identified,
2eabbbc6f75dbaa47ca60617983f45877a693ef716b7f6163c764f3d2ab9e6cf,2015-12,Surrey Police,Northumbria Police,-1.675442,54.922649,On or near Supermarket,E01008272,Gateshead 019E,Shoplifting,Under investigation,
ef7b282b6740a1d5be5ef9149638dba4bef6cc46220ca069b7205a6f1d2e756f,2015-12,Surrey Police,Northumbria Police,-1.668220,54.924328,On or near Pennyfine Road,E01008272,Gateshead 019E,Violence and sexual offences,Under investigation,
,2015-12,Surrey Police,Northumbria Police,-1.681800,54.925677,On or near Waskerley Close,E01008273,Gateshead 019F,Anti-social behaviour,,
,2015-12,Surrey Police,Northumbria Police,-1.689151,54.915370,On or near Lobley Hill Road,E01008273,Gateshead 019F,Anti-social behaviour,,
,2015-12,Surrey Police,Northumbria Police,-1.681800,54.925677,On or near Waskerley Close,E01008273,Gateshead 019F,Anti-social behaviour,,
,2015-12,Surrey Police,Northumbria Police,-1.684268,54.917353,On or near Cuthbert Street,E01008273,Gateshead 019F,Anti-social behaviour,,
210e242598c802c279f62eb40221927a4e49ad4eb031d230419c5e03b8c8a4e0,2015-12,Surrey Police,Northumbria Police,-1.689151,54.915370,On or near Lobley Hill Road,E01008273,Gateshead 019F,Burglary,Investigation complete; no suspect identified,
d9732ade686804227727d2925a643f9eece147d970169105dc252a374c586c11,2015-12,Surrey Police,Northumbria Police,-1.689151,54.915370,On or near Lobley Hill Road,E01008273,Gateshead 019F,Burglary,Investigation complete; no suspect identified,
33f21b29ebc03cd585c81ec54b156a8c2b931ff4e7d1157986979982eff34f9a,2015-12,Surrey Police,Northumbria Police,-1.689151,54.915370,On or near Lobley Hill Road,E01008273,Gateshead 019F,Vehicle crime,Investigation complete; no suspect identified,
699d74f7f6ba298635f96fad82f33cc07739e772360a8c78ff41ce29ad29d261,2015-12,Surrey Police,Northumbria Police,-1.678389,54.926827,On or near Longwood Close,E01008273,Gateshead 019F,Violence and sexual offences,Under investigation,
4f90131d10a52c6dd4ed5018603649745756877d7e550859a5ff2a9f23fbb15d,2015-12,Surrey Police,Northumbria Police,-1.684631,54.916850,On or near Church Street,E01008273,Gateshead 019F,Violence and sexual offences,Investigation complete; no suspect identified,
,2015-12,Surrey Police,Northumbria Police,-1.678266,54.924697,On or near Neill Drive,E01008274,Gateshead 019G,Anti-social behaviour,,
,2015-12,Surrey Police,Northumbria Police,-1.680497,54.922744,On or near Farm Close,E01008274,Gateshead 019G,Anti-social behaviour,,
,2015-12,Surrey Police,Northumbria Police,-1.678266,54.924697,On or near Neill Drive,E01008274,Gateshead 019G,Anti-social behaviour,,
,2015-12,Surrey Police,Northumbria Police,-1.678266,54.924697,On or near Neill Drive,E01008274,Gateshead 019G,Anti-social behaviour,,
,2015-12,Surrey Police,Northumbria Police,-1.678767,54.924446,On or near Prinn Place,E01008274,Gateshead 019G,Anti-social behaviour,,
,2015-12,Surrey Police,Northumbria Police,-1.678266,54.924697,On or near Neill Drive,E01008274,Gateshead 019G,Anti-social behaviour,,
8eaee4962fcc4ea3299b1175b8ed7c4757f80b9e21c740d6995500c9bb21dc62,2015-12,Surrey Police,Northumbria Police,-1.676743,54.921952,On or near Fell Close,E01008274,Gateshead 019G,Vehicle crime,Under investigation,
c8e0249476ac575b35f440fbf5320ef331f4c61bce74b9750f32063196c011a4,2015-12,Surrey Police,Northumbria Police,-1.678767,54.924446,On or near Prinn Place,E01008274,Gateshead 019G,Violence and sexual offences,Under investigation,
9785c9e3f4e491f3335ff69c618bb57cca789c2f33da1227840a14f91eb0d62c,2015-12,Surrey Police,Northumbria Police,-1.676743,54.921952,On or near Fell Close,E01008274,Gateshead 019G,Violence and sexual offences,Awaiting court outcome,
3a0eb7c7a446804622b72fd00797462debb19dd3dc5eeb1885ea964cc9a8ee85,2015-12,Surrey Police,Northumbria Police,-1.681341,54.924489,On or near Gladeley Way,E01008274,Gateshead 019G,Violence and sexual offences,Investigation complete; no suspect identified,
86ee6b3a50d62df166867fc4bad1b304b7bb9b94dca2fbd31f1621a2b33c5c17,2015-12,Surrey Police,Northumbria Police,-1.677322,54.923634,On or near Queens Drive,E01008274,Gateshead 019G,Violence and sexual offences,Investigation complete; no suspect identified,
,2015-12,Surrey Police,Northumbria Police,-1.601098,54.927344,On or near Linton Road,E01008193,Gateshead 020A,Anti-social behaviour,,
,2015-12,Surrey Police,Northumbria Police,-1.597282,54.931312,On or near Kells Lane,E01008193,Gateshead 020A,Anti-social behaviour,,
,2015-12,Surrey Police,Northumbria Police,-1.595310,54.931899,On or near Home Avenue,E01008193,Gateshead 020A,Anti-social behaviour,,
,2015-12,Surrey Police,Northumbria Police,-1.601098,54.927344,On or near Linton Road,E01008193,Gateshead 020A,Anti-social behaviour,,
,2015-12,Surrey Police,Northumbria Police,-1.601098,54.927344,On or near Linton Road,E01008193,Gateshead 020A,Anti-social behaviour,,
02fdecaaf3679b8d8ab8c03bf591a8d880854cfb3c681adde9cff43d53b56af0,2015-12,Surrey Police,Northumbria Police,-1.597282,54.931312,On or near Kells Lane,E01008193,Gateshead 020A,Criminal damage and arson,Investigation complete; no suspect identified,
8be6110bd60e60af6d3d8c1f372d2e381c97ad13cd11843d00203203b671973c,2015-12,Surrey Police,Northumbria Police,-1.601098,54.927344,On or near Linton Road,E01008193,Gateshead 020A,Criminal damage and arson,Under investigation,
3381630ad1ab578683a8845068d0a28bf60edac06978da80eaa96090bb9b1f1b,2015-12,Surrey Police,Northumbria Police,-1.597282,54.931312,On or near Kells Lane,E01008193,Gateshead 020A,Other theft,Investigation complete; no suspect identified,
a2468d5ebc0076aa29a97351f649b011596e8fc6aa1be028e3d72423bfd3c2ba,2015-12,Surrey Police,Northumbria Police,-1.601098,54.927344,On or near Linton Road,E01008193,Gateshead 020A,Violence and sexual offences,Under investigation,
5461f5386e2006d961d049a8a19307175a697db27751615bc901422e9ae993b4,2015-12,Surrey Police,Northumbria Police,-1.597282,54.931312,On or near Kells Lane,E01008193,Gateshead 020A,Violence and sexual offences,Awaiting court outcome,
06b914585ed1b490d0709362802c1711876347a844ecac0f2de8f9ddf60baa1a,2015-12,Surrey Police,Northumbria Police,-1.601098,54.927344,On or near Linton Road,E01008193,Gateshead 020A,Violence and sexual offences,Under investigation,
eb5b43e2cc7931f20015764bbc6b69234ae223442a865905147a7c9100ec3704,2015-12,Surrey Police,Northumbria Police,-1.601098,54.927344,On or near Linton Road,E01008193,Gateshead 020A,Violence and sexual offences,Under investigation,
62812beec48b24e89add23ad141a8df1735b2c5642a38822c9221e8c4a2827ea,2015-12,Surrey Police,Northumbria Police,-1.597109,54.925147,On or near Torquay Gardens,E01008194,Gateshead 020B,Criminal damage and arson,Under investigation,
f13b8603e1abf8d198fb200b99ce8d88e19aaa3d62993600353bba041c3f167d,2015-12,Surrey Police,Northumbria Police,-1.595553,54.923156,On or near Weymouth Gardens,E01008194,Gateshead 020B,Violence and sexual offences,Under investigation,
,2015-12,Surrey Police,Northumbria Police,-1.604878,54.925316,On or near St Andrew'S Drive,E01008234,Gateshead 020C,Anti-social behaviour,,
,2015-12,Surrey Police,Northumbria Police,-1.605812,54.927134,On or near Cramond Court,E01008234,Gateshead 020C,Anti-social behaviour,,
,2015-12,Surrey Police,Northumbria Police,-1.597802,54.933920,On or near Sports/Recreation Area,E01008234,Gateshead 020C,Anti-social behaviour,,
,2015-12,Surrey Police,Northumbria Police,-1.605812,54.927134,On or near Cramond Court,E01008234,Gateshead 020C,Anti-social behaviour,,
,2015-12,Surrey Police,Northumbria Police,-1.597802,54.933920,On or near Sports/Recreation Area,E01008234,Gateshead 020C,Anti-social behaviour,,
,2015-12,Surrey Police,Northumbria Police,-1.597802,54.933920,On or near Sports/Recreation Area,E01008234,Gateshead 020C,Anti-social behaviour,,
6125c907327c4f2692152d6546b59df9af051479e783dee2fa3d96bac7b7e507,2015-12,Surrey Police,Northumbria Police,-1.598252,54.931082,On or near Hutton Terrace,E01008234,Gateshead 020C,Criminal damage and arson,Offender given a caution,
bef202ce09e5b6e0575c594908c1f221a5535f75be3f3a98cb49d1e0768b00df,2015-12,Surrey Police,Northumbria Police,-1.605834,54.932850,On or near Grantham Drive,E01008234,Gateshead 020C,Criminal damage and arson,Under investigation,
bdf71fe6a990e4aa5ba7e898bd9d9deb8e5f7960c0b54e14f26c2a970be8cb0c,2015-12,Surrey Police,Northumbria Police,-1.602052,54.931876,On or near Earls Drive,E01008234,Gateshead 020C,Vehicle crime,Investigation complete; no suspect identified,
de9674fb1b7190dd5c2f7bd1d71854f146eaabc86f4cf2619432da952a1920b3,2015-12,Surrey Police,Northumbria Police,-1.605812,54.927134,On or near Cramond Court,E01008234,Gateshead 020C,Violence and sexual offences,Under investigation,
0b39745f54b9d260dcf5dc439dff44e38ab9e9f2b7e595bf8486da04b9be5668,2015-12,Surrey Police,Northumbria Police,-1.605845,54.931745,On or near Saltwell Road South,E01008234,Gateshead 020C,Violence and sexual offences,Investigation complete; no suspect identified,
,2015-12,Surrey Police,Northumbria Police,-1.600068,54.936767,On or near Edmund Place,E01008239,Gateshead 020D,Anti-social behaviour,,
,2015-12,Surrey Police,Northumbria Police,-1.598648,54.935154,On or near Weathercock Lane,E01008239,Gateshead 020D,Anti-social behaviour,,
,2015-12,Surrey Police,Northumbria Police,-1.601395,54.935208,On or near Westmorland Gardens,E01008239,Gateshead 020D,Anti-social behaviour,,
,2015-12,Surrey Police,Northumbria Police,-1.600068,54.936767,On or near Edmund Place,E01008239,Gateshead 020D,Anti-social behaviour,,
,2015-12,Surrey Police,Northumbria Police,-1.602187,54.935534,On or near Studley Gardens,E01008239,Gateshead 020D,Anti-social behaviour,,
66eb886a3515154a38295fea8e1c21c597ecd0c84a1f8b14cd2fd9373a1744b2,2015-12,Surrey Police,Northumbria Police,-1.598862,54.935604,On or near Parking Area,E01008239,Gateshead 020D,Criminal damage and arson,Investigation complete; no suspect identified,
6e303aa1029deb37562f583b623bc923473f9852b60832505cd6a3fb45d479cf,2015-12,Surrey Police,Northumbria Police,-1.603505,54.936446,On or near Belle Vue Bank,E01008239,Gateshead 020D,Criminal damage and arson,Investigation complete; no suspect identified,
f817a4cc6b9c40da0dc8cf6015fc593202ba3a1aa8c20819bfd58d6a34d741e0,2015-12,Surrey Police,Northumbria Police,-1.602187,54.935534,On or near Studley Gardens,E01008239,Gateshead 020D,Criminal damage and arson,Investigation complete; no suspect identified,
1ef4d2d849f158c04c6a5f024f5284a49ac466eba34f4a63f6b06217f747e499,2015-12,Surrey Police,Northumbria Police,-1.604931,54.934276,On or near Otterburn Gardens,E01008239,Gateshead 020D,Other theft,Under investigation,
fe33845c7ec9a39944f91d9c853a74e4102214271c8f3a8933932da90f95dedd,2015-12,Surrey Police,Northumbria Police,-1.599166,54.936459,On or near Elder Grove,E01008239,Gateshead 020D,Shoplifting,Under investigation,
a4af250e41a698cc69d9f644ff602893149ef49cf431f517f33895fd32947ca4,2015-12,Surrey Police,Northumbria Police,-1.599166,54.936459,On or near Elder Grove,E01008239,Gateshead 020D,Shoplifting,Offender sent to prison,
9d6490a63c184f4c53b60d970b17712e5b020149615278bbaa9ea3ba9e9facc4,2015-12,Surrey Police,Northumbria Police,-1.599166,54.936459,On or near Elder Grove,E01008239,Gateshead 020D,Shoplifting,Under investigation,
edec385764097402c36cfe1617cbd5be0cb76185d50e8add6e1fd3cdae7913c0,2015-12,Surrey Police,Northumbria Police,-1.599709,54.936775,On or near Durham Road,E01008239,Gateshead 020D,Shoplifting,Under investigation,
8cb3aa56cc9bd83f81780d901b10fcff4203260850060c873db43336a46140f4,2015-12,Surrey Police,Northumbria Police,-1.600068,54.936767,On or near Edmund Place,E01008239,Gateshead 020D,Violence and sexual offences,Under investigation,
195fa167f6e464f53f9d6feb083c11ef0009c8e2a3675196a5d090e938abdbf1,2015-12,Surrey Police,Northumbria Police,-1.597801,54.935564,On or near Lowrey'S Lane,E01008239,Gateshead 020D,Violence and sexual offences,Investigation complete; no suspect identified,
e53078812487c52ef7333a4c780d09e647a9ad097916353f01f1e241e60f048e,2015-12,Surrey Police,Northumbria Police,-1.597801,54.935564,On or near Lowrey'S Lane,E01008239,Gateshead 020D,Violence and sexual offences,Investigation complete; no suspect identified,
a0f7346bcd57c6d7a2d8fab2be39a87a7ead4a815ff2980b3a4f600b807dac4c,2015-12,Surrey Police,Northumbria Police,-1.598862,54.935604,On or near Parking Area,E01008239,Gateshead 020D,Violence and sexual offences,Under investigation,
1eff999fe39da7706fad58bc943701e52a74d1a9e7f557f6e26f6ed2a9d037f5,2015-12,Surrey Police,Northumbria Police,-1.597801,54.935564,On or near Lowrey'S Lane,E01008239,Gateshead 020D,Other crime,Investigation complete; no suspect identified,
,2015-12,Surrey Police,Northumbria Police,-1.572431,54.926096,On or near Simonside Place,E01008218,Gateshead 021A,Anti-social behaviour,,
,2015-12,Surrey Police,Northumbria Police,-1.571593,54.930038,On or near Beamish Gardens,E01008218,Gateshead 021A,Anti-social behaviour,,
3241bb7165e97fb58285773b8ef44c8224e453de5a4390251ef7100e640e0aae,2015-12,Surrey Police,Northumbria Police,-1.569446,54.929429,On or near Waldridge Gardens,E01008218,Gateshead 021A,Burglary,Investigation complete; no suspect identified,
6bac60c655496a7709b366f3c30e8de071af0aa7e2185a24f357b5d798479a8f,2015-12,Surrey Police,Northumbria Police,-1.571593,54.930038,On or near Beamish Gardens,E01008218,Gateshead 021A,Burglary,Investigation complete; no suspect identified,
d2e4775e694fc44175e14bbf51714857a039c7ef88d533f35a2e4e36dcec312a,2015-12,Surrey Police,Northumbria Police,-1.569975,54.928100,On or near Burnmoor Gardens,E01008218,Gateshead 021A,Criminal damage and arson,Awaiting court outcome,
5f2b534f46e7ea6264a7f0374495f2b831dc9f631474a0b94595f7a1dfec9cb1,2015-12,Surrey Police,Northumbria Police,-1.569916,54.926285,On or near Springwell Road,E01008218,Gateshead 021A,Robbery,Investigation complete; no suspect identified,
1210793ab6290465becb8ab27d7c200053b753e403c4e8054900e6a897482e79,2015-12,Surrey Police,Northumbria Police,-1.564491,54.927308,On or near Eighton Terrace,E01008218,Gateshead 021A,Robbery,Awaiting court outcome,
70892520b86f5ce5ed7aa27482746882253ea7a5d9ddcd5c6e13f514c29aae27,2015-12,Surrey Police,Northumbria Police,-1.574423,54.926552,On or near Supermarket,E01008218,Gateshead 021A,Shoplifting,Offender given a caution,
bda452d3fda6355a0973de3311871f7b9dadf38783c1700fcc63df4368ed7265,2015-12,Surrey Police,Northumbria Police,-1.570543,54.927500,On or near Ebchester Avenue,E01008218,Gateshead 021A,Vehicle crime,Investigation complete; no suspect identified,
b80f284951e24fd4a054e34e29583b3ee0f06e4952b9c1e1882c422b36349604,2015-12,Surrey Police,Northumbria Police,-1.567967,54.927608,On or near Lanchester Avenue,E01008218,Gateshead 021A,Violence and sexual offences,Awaiting court outcome,
563341da8b793f54a86630906cd60dff364dcfef0be0c7890fc9bf2814ec19f3,2015-12,Surrey Police,Northumbria Police,-1.574423,54.926552,On or near Supermarket,E01008218,Gateshead 021A,Violence and sexual offences,Under investigation,
61cccf69dc3fe3066283a11d8cc80407e62ea46fbd7204e677badbfe29a74b7e,2015-12,Surrey Police,Northumbria Police,-1.563272,54.927456,On or near Springwell Road,E01008218,Gateshead 021A,Violence and sexual offences,Under investigation,
bc2220c232e8c5ba5a37e75e1ea7b1f55209e676d33e764a74776166599dca32,2015-12,Surrey Police,Northumbria Police,-1.572637,54.927247,On or near Easington Avenue,E01008218,Gateshead 021A,Violence and sexual offences,Under investigation,
bfc74e4fbb39af300aa11065cc2ffbb7d330d7f5523aa0c54f76fde2ce64247d,2015-12,Surrey Police,Northumbria Police,-1.567967,54.927608,On or near Lanchester Avenue,E01008218,Gateshead 021A,Violence and sexual offences,Awaiting court outcome,
a9a7ab7bc978c4e0f53cdc737acff0891dc74a9085dcde3d1796fc1de10c73cd,2015-12,Surrey Police,Northumbria Police,-1.564491,54.927308,On or near Eighton Terrace,E01008218,Gateshead 021A,Violence and sexual offences,Under investigation,
422488581f8b540c7ea8819a5604bbe953befac627ca2d014913ce8c8ca76d88,2015-12,Surrey Police,Northumbria Police,-1.563272,54.927456,On or near Springwell Road,E01008218,Gateshead 021A,Violence and sexual offences,Investigation complete; no suspect identified,
6f00a546d1c57f4866e29fad124853763dc5b5483353856668216c2bbb38b424,2015-12,Surrey Police,Northumbria Police,-1.563272,54.927456,On or near Springwell Road,E01008218,Gateshead 021A,Violence and sexual offences,Under investigation,
b9c990855c190c1255d613e618b0a28f61a4de2289437fe032b365fe63996239,2015-12,Surrey Police,Northumbria Police,-1.567314,54.928855,On or near Wingate Gardens,E01008218,Gateshead 021A,Violence and sexual offences,Under investigation,
04cc78f6254d2461761c5733e0abad38d2a3cd8d9d727b59e22da3f45572c405,2015-12,Surrey Police,Northumbria Police,-1.569916,54.926285,On or near Springwell Road,E01008218,Gateshead 021A,Other crime,Investigation complete; no suspect identified,
,2015-12,Surrey Police,Northumbria Police,-1.574914,54.934714,On or near Parking Area,E01008220,Gateshead 021B,Anti-social behaviour,,
81f043175503915ac8967d45861aa667171d0782755f7d900676b20e74a7d15b,2015-12,Surrey Police,Northumbria Police,-1.570190,54.932864,On or near Balmlaw,E01008220,Gateshead 021B,Criminal damage and arson,Investigation complete; no suspect identified,
bc244769a1cfb76611fbfff5eee362ae0ed816b9a26c1827ea1acf5a32356557,2015-12,Surrey Police,Northumbria Police,-1.570190,54.932864,On or near Balmlaw,E01008220,Gateshead 021B,Violence and sexual offences,Investigation complete; no suspect identified,
,2015-12,Surrey Police,Northumbria Police,-1.581538,54.932562,On or near Duddon Place,E01008221,Gateshead 021C,Anti-social behaviour,,
,2015-12,Surrey Police,Northumbria Police,-1.576942,54.934802,On or near Hedgehope,E01008221,Gateshead 021C,Anti-social behaviour,,
,2015-12,Surrey Police,Northumbria Police,-1.577960,54.930051,On or near Old Durham Road,E01008221,Gateshead 021C,Anti-social behaviour,,
,2015-12,Surrey Police,Northumbria Police,-1.583278,54.933341,On or near Wythburn Place,E01008221,Gateshead 021C,Anti-social behaviour,,
,2015-12,Surrey Police,Northumbria Police,-1.581538,54.932562,On or near Duddon Place,E01008221,Gateshead 021C,Anti-social behaviour,,
,2015-12,Surrey Police,Northumbria Police,-1.581538,54.932562,On or near Duddon Place,E01008221,Gateshead 021C,Anti-social behaviour,,
,2015-12,Surrey Police,Northumbria Police,-1.581538,54.932562,On or near Duddon Place,E01008221,Gateshead 021C,Anti-social behaviour,,
,2015-12,Surrey Police,Northumbria Police,-1.585492,54.928999,On or near Borrowdale Gardens,E01008221,Gateshead 021C,Anti-social behaviour,,
,2015-12,Surrey Police,Northumbria Police,-1.587358,54.932744,On or near Carlisle Place,E01008221,Gateshead 021C,Anti-social behaviour,,
c4c7e32d30e86d4dec41f3d32956e42b8d47b685c231d4681f4fa1ccb4effabd,2015-12,Surrey Police,Northumbria Police,-1.581538,54.932562,On or near Duddon Place,E01008221,Gateshead 021C,Criminal damage and arson,Investigation complete; no suspect identified,
bf8312bdd904d38cb7392f2db6c9afd2aa7b2f3a0c2eb4c8acdd738d9985279b,2015-12,Surrey Police,Northumbria Police,-1.576485,54.929318,On or near Sports/Recreation Area,E01008221,Gateshead 021C,Criminal damage and arson,Under investigation,
8c1f007ee3946df0b579dd4c237d9aad5ad057379df9f392f52b9835d143f03c,2015-12,Surrey Police,Northumbria Police,-1.576942,54.934802,On or near Hedgehope,E01008221,Gateshead 021C,Criminal damage and arson,Awaiting court outcome,
2e60ebc0fdc908eaf782a66cb428c59871512f59f300ddd4119592259ff3533c,2015-12,Surrey Police,Northumbria Police,-1.576942,54.934802,On or near Hedgehope,E01008221,Gateshead 021C,Other theft,Investigation complete; no suspect identified,
6576e4173119f8e084f5cdd4818a081d54a0426d0a79b6aae7126a0c3842e4f5,2015-12,Surrey Police,Northumbria Police,-1.577563,54.933690,On or near Sundew Road,E01008221,Gateshead 021C,Other theft,Investigation complete; no suspect identified,
b3afb572a22dcbdd4f710c403d07dadf69eb90c42ae380e47d8452b8cf4ef3e0,2015-12,Surrey Police,Northumbria Police,-1.581538,54.932562,On or near Duddon Place,E01008221,Gateshead 021C,Other theft,Investigation complete; no suspect identified,
f6c9db3e5d81a9e06095a851a58d45005851459d714d265132a1f63498def4e0,2015-12,Surrey Police,Northumbria Police,-1.576942,54.934802,On or near Hedgehope,E01008221,Gateshead 021C,Other theft,Investigation complete; no suspect identified,
768a63aabb41cd32818c1bdb17113711454a7bb07e68a024bc45e836cd37cc9c,2015-12,Surrey Police,Northumbria Police,-1.581538,54.932562,On or near Duddon Place,E01008221,Gateshead 021C,Other theft,Investigation complete; no suspect identified,
a2f8617d62892d63d55908a1b72fa5869f5ab4bc072b4871ff67dfd8be6aa40a,2015-12,Surrey Police,Northumbria Police,-1.581538,54.932562,On or near Duddon Place,E01008221,Gateshead 021C,Other theft,Under investigation,
8e1b870c3da7c2b48cbecec6d11b3be849aafa80be601c7f51fdf67680c91acb,2015-12,Surrey Police,Northumbria Police,-1.576942,54.934802,On or near Hedgehope,E01008221,Gateshead 021C,Public order,Investigation complete; no suspect identified,
cd21ab02883f9e4d538ee9083562ac721f583d16a67ab5739f5fb4d0dfd82945,2015-12,Surrey Police,Northumbria Police,-1.588589,54.932883,On or near Whinlatter Gardens,E01008221,Gateshead 021C,Public order,Awaiting court outcome,
80f98b5971a8d9c5c5eae373f142e3c50599cab5525b43bd7d0fdd3d58783a9c,2015-12,Surrey Police,Northumbria Police,-1.588589,54.932883,On or near Whinlatter Gardens,E01008221,Gateshead 021C,Shoplifting,Under investigation,
6097866181fc50acc4c2b6363a0044308435c0c01c4e11add1754ccc7bcc432d,2015-12,Surrey Police,Northumbria Police,-1.588589,54.932883,On or near Whinlatter Gardens,E01008221,Gateshead 021C,Shoplifting,Investigation complete; no suspect identified,
f311bcfe50fd5488ec4eac9cf16d9e2b9bb15ff1bd934b2e7c14eaa4fc20ed32,2015-12,Surrey Police,Northumbria Police,-1.583278,54.933341,On or near Wythburn Place,E01008221,Gateshead 021C,Violence and sexual offences,Investigation complete; no suspect identified,
777633fbc6548397aa74321432bbfb03a6ef0fa177fd83111981ce49111725d4,2015-12,Surrey Police,Northumbria Police,-1.582889,54.931785,On or near Seascale Place,E01008221,Gateshead 021C,Violence and sexual offences,Awaiting court outcome,
170c73e8277b109435de17120eb5691e7ad1d907fee7630f5eb46df7e7b6df64,2015-12,Surrey Police,Northumbria Police,-1.582345,54.928485,On or near Moss Bank,E01008221,Gateshead 021C,Violence and sexual offences,Offender ordered to pay compensation,
abe67f5e7cbcef62adcd7ccbae82a173ed5dfe9f7ceca1edd4a2e337cd09b505,2015-12,Surrey Police,Northumbria Police,-1.582345,54.928485,On or near Moss Bank,E01008221,Gateshead 021C,Violence and sexual offences,Awaiting court outcome,
68cfe121eb024873c4133407b4fe2660248da75c3e75acb72abdbc5bf5fd40b2,2015-12,Surrey Police,Northumbria Police,-1.566622,54.917763,On or near Sandy Lane,E01008225,Gateshead 021D,Burglary,Investigation complete; no suspect identified,
b26c61493f5dc49248bf6db23f9f5adf613206814c4b8d78a4fa92bb7adbcdfd,2015-12,Surrey Police,Northumbria Police,-1.574175,54.924952,On or near Springwell Avenue,E01008225,Gateshead 021D,Criminal damage and arson,Local resolution,
f6a200e320d4c366128989cb067f3986f32a41cf1392f489c19caa78605e5c50,2015-12,Surrey Police,Northumbria Police,-1.569207,54.921088,On or near Cypress Road,E01008225,Gateshead 021D,Criminal damage and arson,Investigation complete; no suspect identified,
75f421e553bde3aad4ca9782075e737482bea8e762a4af998c55b23f7e4402cf,2015-12,Surrey Police,Northumbria Police,-1.574175,54.924952,On or near Springwell Avenue,E01008225,Gateshead 021D,Violence and sexual offences,Investigation complete; no suspect identified,
,2015-12,Surrey Police,Northumbria Police,-1.559271,54.929482,On or near Wallace Gardens,E01008227,Gateshead 021E,Anti-social behaviour,,
,2015-12,Surrey Police,Northumbria Police,-1.563529,54.929686,On or near Medomsley Gardens,E01008227,Gateshead 021E,Anti-social behaviour,,
,2015-12,Surrey Police,Northumbria Police,-1.563529,54.929686,On or near Medomsley Gardens,E01008227,Gateshead 021E,Anti-social behaviour,,
,2015-12,Surrey Police,Northumbria Police,-1.559271,54.929482,On or near Wallace Gardens,E01008227,Gateshead 021E,Anti-social behaviour,,
,2015-12,Surrey Police,Northumbria Police,-1.565948,54.929641,On or near Ryhope Gardens,E01008227,Gateshead 021E,Anti-social behaviour,,
,2015-12,Surrey Police,Northumbria Police,-1.559271,54.929482,On or near Wallace Gardens,E01008227,Gateshead 021E,Anti-social behaviour,,
,2015-12,Surrey Police,Northumbria Police,-1.565948,54.929641,On or near Ryhope Gardens,E01008227,Gateshead 021E,Anti-social behaviour,,
,2015-12,Surrey Police,Northumbria Police,-1.563529,54.929686,On or near Medomsley Gardens,E01008227,Gateshead 021E,Anti-social behaviour,,
4cda8a618eaa195b94d28afe91f71de34ad9cd2fee715720c7ba6ab73c08d412,2015-12,Surrey Police,Northumbria Police,-1.562807,54.931508,On or near Blackhill Crescent,E01008227,Gateshead 021E,Criminal damage and arson,Investigation complete; no suspect identified,
48a6310b95b948045a8c81ffa02aa20a6a398d0647f745915ab4f9383abdb310,2015-12,Surrey Police,Northumbria Police,-1.565948,54.929641,On or near Ryhope Gardens,E01008227,Gateshead 021E,Criminal damage and arson,Investigation complete; no suspect identified,
48e9b8b4fbdf30fa271b7150203784d03981925f7001b3d2d8b4a08bd33e4001,2015-12,Surrey Police,Northumbria Police,-1.562126,54.932395,On or near Aycliffe Crescent,E01008227,Gateshead 021E,Criminal damage and arson,Under investigation,
33952d78158af5ce73a5c3b4706a2263ce880cfa9e064268eb5b1f2c93ffd96a,2015-12,Surrey Police,Northumbria Police,-1.562126,54.932395,On or near Aycliffe Crescent,E01008227,Gateshead 021E,Criminal damage and arson,Investigation complete; no suspect identified,
faeebf7d50e423c32ad10cb9a07f28b94c1ff76914c4e86ad1a6c874bdb36c46,2015-12,Surrey Police,Northumbria Police,-1.565948,54.929641,On or near Ryhope Gardens,E01008227,Gateshead 021E,Criminal damage and arson,Investigation complete; no suspect identified,
6362a334bb5ed3d685e4f59dd3de5234b051b1aa11b7eb3cadac72942fa0e6d1,2015-12,Surrey Police,Northumbria Police,-1.561370,54.930190,On or near Aycliffe Avenue,E01008227,Gateshead 021E,Drugs,Under investigation,
42b617ef46b9f4eab355ecc8075bc107f314d07137f485718f5eda27b56c4567,2015-12,Surrey Police,Northumbria Police,-1.565948,54.929641,On or near Ryhope Gardens,E01008227,Gateshead 021E,Other theft,Investigation complete; no suspect identified,
cb816be9d61eddad02959e7120324dddcf60ca49e1c200aaa7899cbb3680a81e,2015-12,Surrey Police,Northumbria Police,-1.565948,54.929641,On or near Ryhope Gardens,E01008227,Gateshead 021E,Other theft,Investigation complete; no suspect identified,
aa9d05657c9e1ba7b0b2bcbd6220dd9dba612ffbec30a726c2fda677be6ef63d,2015-12,Surrey Police,Northumbria Police,-1.563529,54.929686,On or near Medomsley Gardens,E01008227,Gateshead 021E,Other theft,Investigation complete; no suspect identified,
0f2f73600580f8c2cae1070c2180975fb018c5d511afa85b1dde4330c89a2ba0,2015-12,Surrey Police,Northumbria Police,-1.563529,54.929686,On or near Medomsley Gardens,E01008227,Gateshead 021E,Public order,Under investigation,
52175d5a8c52b36ab216ed3707bf96adf6b4e5ef867a0153fe0ae8a50e744956,2015-12,Surrey Police,Northumbria Police,-1.562126,54.932395,On or near Aycliffe Crescent,E01008227,Gateshead 021E,Vehicle crime,Under investigation,
2fbec13544aecec54d09bc534fac582f79671c9b70ef028ee10bc687a715900d,2015-12,Surrey Police,Northumbria Police,-1.565948,54.929641,On or near Ryhope Gardens,E01008227,Gateshead 021E,Violence and sexual offences,Under investigation,
645e971992dcd6ce4c1856737342b8956ece2a716a45f4f51bb0a227db8a185a,2015-12,Surrey Police,Northumbria Police,-1.561370,54.930190,On or near Aycliffe Avenue,E01008227,Gateshead 021E,Violence and sexual offences,Investigation complete; no suspect identified,
c5620dc8d8edefc5127e0e892ab02762de0cd67f277a063d735020d80ed2905c,2015-12,Surrey Police,Northumbria Police,-1.565948,54.929641,On or near Ryhope Gardens,E01008227,Gateshead 021E,Violence and sexual offences,Investigation complete; no suspect identified,
59d8c586b52de5132d45f833185bf6b2876a2f9849a218ed0875c55938884be7,2015-12,Surrey Police,Northumbria Police,-1.562126,54.932395,On or near Aycliffe Crescent,E01008227,Gateshead 021E,Violence and sexual offences,Under investigation,
,2015-12,Surrey Police,Northumbria Police,-1.737736,54.921299,On or near Parking Area,E01008184,Gateshead 022A,Anti-social behaviour,,
,2015-12,Surrey Police,Northumbria Police,-1.744208,54.919192,On or near Supermarket,E01008184,Gateshead 022A,Anti-social behaviour,,
,2015-12,Surrey Police,Northumbria Police,-1.744208,54.919192,On or near Supermarket,E01008184,Gateshead 022A,Anti-social behaviour,,
,2015-12,Surrey Police,Northumbria Police,-1.757351,54.917961,On or near Cross Terrace,E01008184,Gateshead 022A,Anti-social behaviour,,
,2015-12,Surrey Police,Northumbria Police,-1.740763,54.921197,On or near Hollydene,E01008184,Gateshead 022A,Anti-social behaviour,,
,2015-12,Surrey Police,Northumbria Police,-1.755618,54.915684,On or near Dipwood Way,E01008184,Gateshead 022A,Anti-social behaviour,,
083105b2ecf3e3d4f66e3bc118238608dbc4c59623be7d5b1b77463b36d12cab,2015-12,Surrey Police,Northumbria Police,-1.740763,54.921197,On or near Hollydene,E01008184,Gateshead 022A,Bicycle theft,Investigation complete; no suspect identified,
d90dea0e94bd903c87e37dc4edd35df9b762c814b5c196038661d1703923608c,2015-12,Surrey Police,Northumbria Police,-1.740763,54.921197,On or near Hollydene,E01008184,Gateshead 022A,Public order,Investigation complete; no suspect identified,
86f09d75883143fc79822ead77613dee2053374f5d2f7af1b8c92b4da34ab6e4,2015-12,Surrey Police,Northumbria Police,-1.744208,54.919192,On or near Supermarket,E01008184,Gateshead 022A,Shoplifting,Offender given community sentence,
9d45edad41f54190e3dcd86139c085c05e1d0a14a57d915ded5927a99e861d5c,2015-12,Surrey Police,Northumbria Police,-1.759658,54.918343,On or near Low West Avenue,E01008184,Gateshead 022A,Vehicle crime,Investigation complete; no suspect identified,
5efd9167d0098d2efe872cd23e9e48a0eb198a47fdce89267d8e462972bf6cbd,2015-12,Surrey Police,Northumbria Police,-1.758561,54.916606,On or near Orchard Avenue,E01008184,Gateshead 022A,Vehicle crime,Investigation complete; no suspect identified,
b0c1b374ea94ffe946afd8920c376c8919510330589d603e95f4a58c38e65dfa,2015-12,Surrey Police,Northumbria Police,-1.755618,54.915684,On or near Dipwood Way,E01008184,Gateshead 022A,Violence and sexual offences,Under investigation,
11f863babcb8683ed4bd9f2f13e4e1d6e2033d25f26ad5890f2d46ce26bc9621,2015-12,Surrey Police,Northumbria Police,-1.757351,54.917961,On or near Cross Terrace,E01008184,Gateshead 022A,Violence and sexual offences,Under investigation,
4a5e747b719e2a0ddf1aded57064445f0c1f072a828325e9584ef93627c55314,2015-12,Surrey Police,Northumbria Police,-1.757351,54.917961,On or near Cross Terrace,E01008184,Gateshead 022A,Violence and sexual offences,Under investigation,
,2015-12,Surrey Police,Northumbria Police,-1.743935,54.920377,On or near Norman Road,E01008185,Gateshead 022B,Anti-social behaviour,,
9c93de6efa409d8f06fe5c1a44f5a3d99e155eebaa92f084d097202417272f7c,2015-12,Surrey Police,Northumbria Police,-1.750491,54.919870,On or near Smailes Lane,E01008185,Gateshead 022B,Burglary,Investigation complete; no suspect identified,
,2015-12,Surrey Police,Northumbria Police,-1.747249,54.924455,On or near Rowland Burn Way,E01008188,Gateshead 022C,Anti-social behaviour,,
1433ae7058a0452e26c14fa7a7b8698c80251ffcb6d518bd6254373bfb814d0c,2015-12,Surrey Police,Northumbria Police,-1.744961,54.928368,On or near Glen Close,E01008188,Gateshead 022C,Burglary,Investigation complete; no suspect identified,
80c24e4424e8a4c7076eced375ad96acc9d2ca2b3f79b35f41912cfcfa0809c0,2015-12,Surrey Police,Northumbria Police,-1.744961,54.928368,On or near Glen Close,E01008188,Gateshead 022C,Vehicle crime,Investigation complete; no suspect identified,
a1a691fa7d79d8b1190280aeec026cc581e412a86fdc8912e271af427c38b9d1,2015-12,Surrey Police,Northumbria Police,-1.740984,54.925637,On or near Lilley Terrace,E01008188,Gateshead 022C,Vehicle crime,Investigation complete; no suspect identified,
5696658b8421143912e9e622dd2bf57d0de1533e8ef867537962076420919d18,2015-12,Surrey Police,Northumbria Police,-1.744961,54.928368,On or near Glen Close,E01008188,Gateshead 022C,Vehicle crime,Awaiting court outcome,
ce761fba22aff9f6547828c0c9fac419f8237d6517c35a2761aefe8172b1ef7b,2015-12,Surrey Police,Northumbria Police,-1.744961,54.928368,On or near Glen Close,E01008188,Gateshead 022C,Vehicle crime,Investigation complete; no suspect identified,
f6e3200a0d25f21a48c436a7fa78f6fedc189cd1c8da9c87bdb8b8caf0ba05cd,2015-12,Surrey Police,Northumbria Police,-1.744961,54.928368,On or near Glen Close,E01008188,Gateshead 022C,Vehicle crime,Investigation complete; no suspect identified,
77abf28a8b38b6c7e476e2dfadc56a382d742b611e6fe47276daf867ffde995c,2015-12,Surrey Police,Northumbria Police,-1.744961,54.928368,On or near Glen Close,E01008188,Gateshead 022C,Vehicle crime,Investigation complete; no suspect identified,
7a249ce5295eb1beb4878609eca29b113594b4c96fd9070a29a917e33c709024,2015-12,Surrey Police,Northumbria Police,-1.740984,54.925637,On or near Lilley Terrace,E01008188,Gateshead 022C,Vehicle crime,Investigation complete; no suspect identified,
6e01888f06aa4adc9f52bf67155dea714bfff7f96994f45b57eee648ef98681f,2015-12,Surrey Police,Northumbria Police,-1.747249,54.924455,On or near Rowland Burn Way,E01008188,Gateshead 022C,Vehicle crime,Investigation complete; no suspect identified,
205229051c2b861d250b91204111605b643d2ee1ab51e111af3b104f0555f419,2015-12,Surrey Police,Northumbria Police,-1.741398,54.924317,On or near Norwood Crescent,E01008188,Gateshead 022C,Violence and sexual offences,Local resolution,
,2015-12,Surrey Police,Northumbria Police,-1.736860,54.950368,On or near Beverley Drive,E01008278,Gateshead 022D,Anti-social behaviour,,
,2015-12,Surrey Police,Northumbria Police,-1.738121,54.950856,On or near Meldon Way,E01008278,Gateshead 022D,Anti-social behaviour,,
5153788751040c64237b774edd14a4b92d59b9d52b00a0d883da0e6f9a88ac52,2015-12,Surrey Police,Northumbria Police,-1.737363,54.952229,On or near Glendale Close,E01008278,Gateshead 022D,Vehicle crime,Investigation complete; no suspect identified,
a4c41eea504a2da6fa1f880b11b556d6340efb867125a49e7b1ef4ace5ea8643,2015-12,Surrey Police,Northumbria Police,-1.728585,54.934030,On or near Glamis Crescent,E01008278,Gateshead 022D,Violence and sexual offences,Investigation complete; no suspect identified,
,2015-12,Surrey Police,Northumbria Police,-1.593459,54.920444,On or near Trafford,E01008189,Gateshead 023A,Anti-social behaviour,,
,2015-12,Surrey Police,Northumbria Police,-1.593355,54.921423,On or near Supermarket,E01008189,Gateshead 023A,Anti-social behaviour,,
,2015-12,Surrey Police,Northumbria Police,-1.593355,54.921423,On or near Supermarket,E01008189,Gateshead 023A,Anti-social behaviour,,
,2015-12,Surrey Police,Northumbria Police,-1.593355,54.921423,On or near Supermarket,E01008189,Gateshead 023A,Anti-social behaviour,,
32b7df425bbc312d8df8895cc8b1845699d3732fd28586e70b53466b8ba2ec8b,2015-12,Surrey Police,Northumbria Police,-1.593355,54.921423,On or near Supermarket,E01008189,Gateshead 023A,Criminal damage and arson,Investigation complete; no suspect identified,
5b18a56b4573719098a9a25f9d050c44246e17469d840bf3c64cf527380cae1c,2015-12,Surrey Police,Northumbria Police,-1.593355,54.921423,On or near Supermarket,E01008189,Gateshead 023A,Criminal damage and arson,Investigation complete; no suspect identified,
4d6a6ed0c7c9b3accb4c6fe0f0595a6fd976fef1715bc5847f70d0046e49c99b,2015-12,Surrey Police,Northumbria Police,-1.593355,54.921423,On or near Supermarket,E01008189,Gateshead 023A,Shoplifting,Under investigation,
ce708d242b4add91997f4ab732b9cfc07e020737e57bb23a986c036773f81493,2015-12,Surrey Police,Northumbria Police,-1.593355,54.921423,On or near Supermarket,E01008189,Gateshead 023A,Shoplifting,Investigation complete; no suspect identified,
a5720b57302719aefb77d43d82110e7f656178645285b09a23301b044bdead85,2015-12,Surrey Police,Northumbria Police,-1.593355,54.921423,On or near Supermarket,E01008189,Gateshead 023A,Shoplifting,Awaiting court outcome,
69f123b37c63b3997312ee08d918cb016039cf36bd4262774eb96a18e6dbd04f,2015-12,Surrey Police,Northumbria Police,-1.593355,54.921423,On or near Supermarket,E01008189,Gateshead 023A,Shoplifting,Under investigation,
65bd02255048c78673f5faf0b3cc46d289e3ccae0af0599d72ab10ece5d1813d,2015-12,Surrey Police,Northumbria Police,-1.593355,54.921423,On or near Supermarket,E01008189,Gateshead 023A,Shoplifting,Investigation complete; no suspect identified,
abd5e6931ddf39344fe2efc893e860c58bab91d1495c53cd9c0fd3637f11983e,2015-12,Surrey Police,Northumbria Police,-1.593459,54.920444,On or near Trafford,E01008189,Gateshead 023A,Vehicle crime,Investigation complete; no suspect identified,
fb0012af75be463578480edbf9996724cc9a668f22e78e05d1738f2d90eb78b0,2015-12,Surrey Police,Northumbria Police,-1.593355,54.921423,On or near Supermarket,E01008189,Gateshead 023A,Violence and sexual offences,Under investigation,
5404ed45ba2a22c330fb075aa397563559a8b131bd5372859266f3f455190ccd,2015-12,Surrey Police,Northumbria Police,-1.593459,54.920444,On or near Trafford,E01008189,Gateshead 023A,Violence and sexual offences,Under investigation,
e4ae8894e928f12596e4bc55e48f925d25387f00d706d52442e87ecc16396538,2015-12,Surrey Police,Northumbria Police,-1.593459,54.920444,On or near Trafford,E01008189,Gateshead 023A,Violence and sexual offences,Investigation complete; no suspect identified,
d7affcae4e71d5e582554b46be04f3d1d593a178e602da89d13d4a691ccd3fa1,2015-12,Surrey Police,Northumbria Police,-1.593459,54.920444,On or near Trafford,E01008189,Gateshead 023A,Violence and sexual offences,Awaiting court outcome,
,2015-12,Surrey Police,Northumbria Police,-1.587989,54.921378,On or near Woodstock Road,E01008190,Gateshead 023B,Anti-social behaviour,,
,2015-12,Surrey Police,Northumbria Police,-1.588457,54.919816,On or near Waverley Road,E01008190,Gateshead 023B,Anti-social behaviour,,
,2015-12,Surrey Police,Northumbria Police,-1.587989,54.921378,On or near Woodstock Road,E01008190,Gateshead 023B,Anti-social behaviour,,
,2015-12,Surrey Police,Northumbria Police,-1.589717,54.920198,On or near Rokeby View,E01008190,Gateshead 023B,Anti-social behaviour,,
,2015-12,Surrey Police,Northumbria Police,-1.589717,54.920198,On or near Rokeby View,E01008190,Gateshead 023B,Anti-social behaviour,,
b8f0daffa9508b548db470076a3378427eee4d930342e14703c0f3d44eb4d5cb,2015-12,Surrey Police,Northumbria Police,-1.590145,54.925690,On or near Beechwood Avenue,E01008190,Gateshead 023B,Violence and sexual offences,Investigation complete; no suspect identified,
ae2c994349c609cfec8d065568076468a4cdb76613460282cd953cace9174226,2015-12,Surrey Police,Northumbria Police,-1.587341,54.922176,On or near Ivanhoe View,E01008190,Gateshead 023B,Violence and sexual offences,Offender given a caution,
ca8798dec18d66ff12019093d475f1ba9891f8a00899ad843dd033c68e027ab6,2015-12,Surrey Police,Northumbria Police,-1.590145,54.925690,On or near Beechwood Avenue,E01008190,Gateshead 023B,Violence and sexual offences,Under investigation,
,2015-12,Surrey Police,Northumbria Police,-1.590452,54.930813,On or near Yewdale Gardens,E01008192,Gateshead 023D,Anti-social behaviour,,
,2015-12,Surrey Police,Northumbria Police,-1.588395,54.925918,On or near Mardale Gardens,E01008192,Gateshead 023D,Anti-social behaviour,,
6865c11a17f665d5a932d751c111a267de865534d6c3f9731ebfa05c3c91586b,2015-12,Surrey Police,Northumbria Police,-1.588395,54.925918,On or near Mardale Gardens,E01008192,Gateshead 023D,Burglary,Investigation complete; no suspect identified,
938c50a7815d3939398965e49ee80c1edbce93fe493be176f8959007c63fee08,2015-12,Surrey Police,Northumbria Police,-1.590452,54.930813,On or near Yewdale Gardens,E01008192,Gateshead 023D,Criminal damage and arson,Investigation complete; no suspect identified,
5537f7a70942ace07c696c1ff0da0a0ca3b12f350a85bc45a5f8f4cbc261fe54,2015-12,Surrey Police,Northumbria Police,-1.588395,54.925918,On or near Mardale Gardens,E01008192,Gateshead 023D,Criminal damage and arson,Investigation complete; no suspect identified,
4d1d4226898edba2b973fe4b8f2d7314d75af3f85b10163d2b4b0c48f34f7949,2015-12,Surrey Police,Northumbria Police,-1.588395,54.925918,On or near Mardale Gardens,E01008192,Gateshead 023D,Criminal damage and arson,Under investigation,
2a3ca43b28acef60bb4df2de3632d7542d92a53ac33e52df4d9fa46cb6b2a43c,2015-12,Surrey Police,Northumbria Police,-1.588998,54.929505,On or near Grisedale Gardens,E01008192,Gateshead 023D,Other theft,Under investigation,
50fd89eebe18bd8145466deb2a1fdeb43d5f2b6ebeafd4a410f0febbf0e04142,2015-12,Surrey Police,Northumbria Police,-1.588881,54.927267,On or near Wetheral Gardens,E01008192,Gateshead 023D,Robbery,Investigation complete; no suspect identified,
2da7c947fc1a3b37645e3e3117d3db47fd79033946598bdc9baae372028bf28a,2015-12,Surrey Police,Northumbria Police,-1.588395,54.925918,On or near Mardale Gardens,E01008192,Gateshead 023D,Vehicle crime,Investigation complete; no suspect identified,
5e047a6c00fa93e8d2fad92c6ba2a9c21b8870ac3821c0bbb85037e42dd3415c,2015-12,Surrey Police,Northumbria Police,-1.587642,54.924828,On or near Greystoke Gardens,E01008192,Gateshead 023D,Vehicle crime,Investigation complete; no suspect identified,
83f6d2415e7dcbad63d86646bfd18bab5b2653f7955e00cda5d2ab37ddcc1f19,2015-12,Surrey Police,Northumbria Police,-1.590049,54.928934,On or near Colton Gardens,E01008192,Gateshead 023D,Violence and sexual offences,Under investigation,
d7f4a0dd1fc0a71344302987a7c9b9351fd6dc6ea50fd5e7e061593cd551c5e0,2015-12,Surrey Police,Northumbria Police,-1.590049,54.928934,On or near Colton Gardens,E01008192,Gateshead 023D,Violence and sexual offences,Under investigation,
,2015-12,Surrey Police,Northumbria Police,-1.582169,54.922931,On or near Waverley Road,E01008217,Gateshead 023E,Anti-social behaviour,,
,2015-12,Surrey Police,Northumbria Police,-1.574768,54.927911,On or near Marlborough Crescent,E01008217,Gateshead 023E,Anti-social behaviour,,
c5aa25824daee2e3633d32dc986c469325e64eff11b6688651c0b5629aaa9c22,2015-12,Surrey Police,Northumbria Police,-1.579530,54.923083,On or near Seaham Gardens,E01008217,Gateshead 023E,Burglary,Investigation complete; no suspect identified,
f8e5f02e457338952e3ec312662f9ac42124b009943f347d575ed857cac63ec0,2015-12,Surrey Police,Northumbria Police,-1.580504,54.928479,On or near North View,E01008217,Gateshead 023E,Burglary,Under investigation,
b009bc2d26e2b0b31fd28181f1fba9c6f98eab8239946f7f24eeeac0eca28774,2015-12,Surrey Police,Northumbria Police,-1.582169,54.922931,On or near Waverley Road,E01008217,Gateshead 023E,Criminal damage and arson,Investigation complete; no suspect identified,
e74eb1dfff0b630cc0953fb66b18a537bffdb533b3c2ee90620deeb642f35a65,2015-12,Surrey Police,Northumbria Police,-1.582169,54.922931,On or near Waverley Road,E01008217,Gateshead 023E,Criminal damage and arson,Investigation complete; no suspect identified,
185c819e87b927ab3440dad147e1deba39b1cf7c0f56db1faed3c1aacfd354b1,2015-12,Surrey Police,Northumbria Police,-1.582169,54.922931,On or near Waverley Road,E01008217,Gateshead 023E,Criminal damage and arson,Investigation complete; no suspect identified,
e240e86ee813b53feacfd36a422fc0b4fa070ac70dae73a856fc6a6b3bf73dba,2015-12,Surrey Police,Northumbria Police,-1.582169,54.922931,On or near Waverley Road,E01008217,Gateshead 023E,Criminal damage and arson,Investigation complete; no suspect identified,
4cebfd9a068d2b5a8819d7ac31c9e23187b8c46064dbcba8560ac11696c2afe4,2015-12,Surrey Police,Northumbria Police,-1.582169,54.922931,On or near Waverley Road,E01008217,Gateshead 023E,Criminal damage and arson,Investigation complete; no suspect identified,
1503d1e8c012fbb66c7bcfb7131df7537ad74a6d0a5630b044098e63451d6970,2015-12,Surrey Police,Northumbria Police,-1.582169,54.922931,On or near Waverley Road,E01008217,Gateshead 023E,Criminal damage and arson,Investigation complete; no suspect identified,
849acd224d39c308f40f944a5c98066ff918b518ed6bb8e803c7a63f69e574f5,2015-12,Surrey Police,Northumbria Police,-1.574957,54.924748,On or near Springwell Avenue,E01008217,Gateshead 023E,Other theft,Investigation complete; no suspect identified,
7333c12593f56b3df8682a30632c19a2e6d306ac17ac36319b838a027533d9a1,2015-12,Surrey Police,Northumbria Police,-1.582169,54.922931,On or near Waverley Road,E01008217,Gateshead 023E,Public order,Under investigation,
e5ff031af737861c0929d2be5dd74fafe9b7c8e87b251ee2f29a555a332b93eb,2015-12,Surrey Police,Northumbria Police,-1.580504,54.928479,On or near North View,E01008217,Gateshead 023E,Public order,Under investigation,
bc884b7106e216e4e4c96dc935fd85bd20844cedf68ecfc0ab914c1615ec12d3,2015-12,Surrey Police,Northumbria Police,-1.574957,54.924748,On or near Springwell Avenue,E01008217,Gateshead 023E,Public order,Under investigation,
55f533bed046b26d533f2153a8875553c5ff7e3b6e8785f1311a66ebae2e60b6,2015-12,Surrey Police,Northumbria Police,-1.574957,54.924748,On or near Springwell Avenue,E01008217,Gateshead 023E,Shoplifting,Awaiting court outcome,
15f8e8f551c131daa5c9877ec5a222878855209ec0e744d8bd11789ebb6e554e,2015-12,Surrey Police,Northumbria Police,-1.574957,54.924748,On or near Springwell Avenue,E01008217,Gateshead 023E,Shoplifting,Investigation complete; no suspect identified,
f7bafe43c1c19abf75dfb4e900bfeedf99d4aa276fa5599a50383abccc4d4791,2015-12,Surrey Police,Northumbria Police,-1.574957,54.924748,On or near Springwell Avenue,E01008217,Gateshead 023E,Shoplifting,Investigation complete; no suspect identified,
2a614dafc2ceb007ecf6d52577443370db24ca4d505adfc3af360a0a5547edd3,2015-12,Surrey Police,Northumbria Police,-1.574957,54.924748,On or near Springwell Avenue,E01008217,Gateshead 023E,Shoplifting,Under investigation,
a52891f00ff230bd05462bd5574b36509aafc84d9e338c0fe7a98b8e5de6fa0c,2015-12,Surrey Police,Northumbria Police,-1.574957,54.924748,On or near Springwell Avenue,E01008217,Gateshead 023E,Shoplifting,Under investigation,
eee12f6b2b6f48a577aa55b63b7e885ceabff1d2008b7c3ffbc4b0a23baa0daf,2015-12,Surrey Police,Northumbria Police,-1.574957,54.924748,On or near Springwell Avenue,E01008217,Gateshead 023E,Shoplifting,Awaiting court outcome,
6614eb7827242e1fdb744fd59942f066d0f74fbb2415605c6e72c2120ae60d8c,2015-12,Surrey Police,Northumbria Police,-1.574957,54.924748,On or near Springwell Avenue,E01008217,Gateshead 023E,Shoplifting,Under investigation,
d101fc1079f77f210f6ad3e5b4e5fda5245f5af6d4bdb2bb1cf29b18a44e2459,2015-12,Surrey Police,Northumbria Police,-1.574768,54.927911,On or near Marlborough Crescent,E01008217,Gateshead 023E,Vehicle crime,Under investigation,
2aaefecbea5c390a4ea0b86b28e707507dfa4e569710e3196e892095430da4bd,2015-12,Surrey Police,Northumbria Police,-1.582169,54.922931,On or near Waverley Road,E01008217,Gateshead 023E,Violence and sexual offences,Under investigation,
,2015-12,Surrey Police,Northumbria Police,-1.766564,54.921969,On or near Hillcroft,E01008183,Gateshead 024A,Anti-social behaviour,,
,2015-12,Surrey Police,Northumbria Police,-1.809477,54.917056,On or near Sports/Recreation Area,E01008183,Gateshead 024A,Anti-social behaviour,,
,2015-12,Surrey Police,Northumbria Police,-1.766564,54.921969,On or near Hillcroft,E01008183,Gateshead 024A,Anti-social behaviour,,
,2015-12,Surrey Police,Northumbria Police,-1.809477,54.917056,On or near Sports/Recreation Area,E01008183,Gateshead 024A,Anti-social behaviour,,
e84d18104294cbcc29368d31e4b1186f42dca2a7c05d8200f2972b88a221de65,2015-12,Surrey Police,Northumbria Police,-1.764864,54.919144,On or near Glencoe Terrace,E01008183,Gateshead 024A,Bicycle theft,Investigation complete; no suspect identified,
6ba22ba64ce7e4dacf99b648ac463f369a972b10db0cc65fbd65c1c06fc4a5a0,2015-12,Surrey Police,Northumbria Police,-1.809477,54.917056,On or near Sports/Recreation Area,E01008183,Gateshead 024A,Burglary,Offender given community sentence,
410d8a6b6d3186694bd239bd8c7856f8aac6b4d233befb1ebb59a69062939295,2015-12,Surrey Police,Northumbria Police,-1.761895,54.922625,On or near The Green,E01008183,Gateshead 024A,Burglary,Under investigation,
20917861fb30601b51f4719b9b76b4d2bd7a30ce825176bfec134acdf427434e,2015-12,Surrey Police,Northumbria Police,-1.771753,54.923003,On or near William Morris Avenue,E01008183,Gateshead 024A,Criminal damage and arson,Investigation complete; no suspect identified,
8e9026682c7e95489a59b7bffd860cd3da92bc2b8087b33bff926f6c98b3fe35,2015-12,Surrey Police,Northumbria Police,-1.771978,54.916344,On or near Lintzford Lane,E01008183,Gateshead 024A,Vehicle crime,Investigation complete; no suspect identified,
25a2e1a41ab0d7a3f68ea51ca1239f33eebad345a8717bea188faf7443888fcb,2015-12,Surrey Police,Northumbria Police,-1.765093,54.920034,On or near Highfield Road,E01008183,Gateshead 024A,Violence and sexual offences,Under investigation,
a1855175f430ae5a08f04e77e35205c7c07118e937a8823c7deec4397197857e,2015-12,Surrey Police,Northumbria Police,-1.768165,54.909328,On or near Lintz Green Lane,E01008183,Gateshead 024A,Violence and sexual offences,Investigation complete; no suspect identified,
fb016bed16619dee2f944f5bc4f7380fe8ac574984a1f02a18998a65779847e6,2015-12,Surrey Police,Northumbria Police,-1.758780,54.921621,On or near Valley View,E01008183,Gateshead 024A,Violence and sexual offences,Offender given a caution,
ec2ef7b7b6629c87babe839790b49fb046e517dfabeab535305f29664aaf3b81,2015-12,Surrey Police,Northumbria Police,-1.758780,54.921621,On or near Valley View,E01008183,Gateshead 024A,Violence and sexual offences,Offender given a caution,
,2015-12,Surrey Police,Northumbria Police,-1.809059,54.919724,On or near Tay Street,E01008186,Gateshead 024B,Anti-social behaviour,,
,2015-12,Surrey Police,Northumbria Police,-1.810339,54.919547,On or near South Road,E01008186,Gateshead 024B,Anti-social behaviour,,
,2015-12,Surrey Police,Northumbria Police,-1.811890,54.921481,On or near West Meadows,E01008186,Gateshead 024B,Anti-social behaviour,,
,2015-12,Surrey Police,Northumbria Police,-1.815175,54.919644,On or near Supermarket,E01008186,Gateshead 024B,Anti-social behaviour,,
,2015-12,Surrey Police,Northumbria Police,-1.810339,54.919547,On or near South Road,E01008186,Gateshead 024B,Anti-social behaviour,,
,2015-12,Surrey Police,Northumbria Police,-1.821870,54.919025,On or near Whittonstall Road,E01008186,Gateshead 024B,Anti-social behaviour,,
,2015-12,Surrey Police,Northumbria Police,-1.810339,54.919547,On or near South Road,E01008186,Gateshead 024B,Anti-social behaviour,,
f88eb12eff5d4e057049c29ed7498e691a9a669f5aa8ac76dbe1bdce4b7d028d,2015-12,Surrey Police,Northumbria Police,-1.815175,54.919644,On or near Supermarket,E01008186,Gateshead 024B,Burglary,Investigation complete; no suspect identified,
422d3020b72818b5ab1fb6acfe9928cf7198632260e9792f9b8ab9743368c7d2,2015-12,Surrey Police,Northumbria Police,-1.815175,54.919644,On or near Supermarket,E01008186,Gateshead 024B,Burglary,Investigation complete; no suspect identified,
714b9c35710736ca5007264cdedd6d0459ad14ef4ab059acbf7dd01905a71e03,2015-12,Surrey Police,Northumbria Police,-1.810339,54.919547,On or near South Road,E01008186,Gateshead 024B,Criminal damage and arson,Investigation complete; no suspect identified,
c486b9c4b6020903a1bc61fbaa684d743d39ab8ee11b94fd5e2ef36757ccdad8,2015-12,Surrey Police,Northumbria Police,-1.821870,54.919025,On or near Whittonstall Road,E01008186,Gateshead 024B,Criminal damage and arson,Investigation complete; no suspect identified,
b9c4ffd49a7d46c49d3a09810e0475c323c64146c6ffa4176192a0b09cd00984,2015-12,Surrey Police,Northumbria Police,-1.815175,54.919644,On or near Supermarket,E01008186,Gateshead 024B,Shoplifting,Offender ordered to pay compensation,
b01b68543f28914ed6b19001152d117f6a97348a6ee9e45477f2b5dbb91dcd0d,2015-12,Surrey Police,Northumbria Police,-1.815175,54.919644,On or near Supermarket,E01008186,Gateshead 024B,Shoplifting,Investigation complete; no suspect identified,
03a1cbfb5a00dacbf11b51a731c4c5efa2640013db9d0515026f68fce0c41eaf,2015-12,Surrey Police,Northumbria Police,-1.815175,54.919644,On or near Supermarket,E01008186,Gateshead 024B,Shoplifting,Under investigation,
cfa4c50920eff3ccc1388b6a0dec287a0ffb424425e6371161304a42f86a88e0,2015-12,Surrey Police,Northumbria Police,-1.821870,54.919025,On or near Whittonstall Road,E01008186,Gateshead 024B,Vehicle crime,Investigation complete; no suspect identified,
fdf2b1738a9a988c3bd8d72a9357aba01e13b93a535017153251280aa376729d,2015-12,Surrey Police,Northumbria Police,-1.815834,54.922134,On or near Ramsay Road,E01008186,Gateshead 024B,Vehicle crime,Investigation complete; no suspect identified,
f7199d8509768d2e1cf204f42f8071fe02714d9f6c529cb6deb835230319578c,2015-12,Surrey Police,Northumbria Police,-1.810165,54.920067,On or near Wansbeck Street,E01008186,Gateshead 024B,Vehicle crime,Investigation complete; no suspect identified,
a037129319bb9dfeb146978c74df800bb839f8bdaac337878df32f82cec0f5d2,2015-12,Surrey Police,Northumbria Police,-1.810165,54.920067,On or near Wansbeck Street,E01008186,Gateshead 024B,Violence and sexual offences,Investigation complete; no suspect identified,
9f05d743ccbd5fd5d4a0106080f376ddb659a81c13d6a227788384ae97e8627c,2015-12,Surrey Police,Northumbria Police,-1.810339,54.919547,On or near South Road,E01008186,Gateshead 024B,Violence and sexual offences,Offender given community sentence,
f652db750db1084d75f47aa35da995e09edf7ab5ad032aa4cb8c7776d275e157,2015-12,Surrey Police,Northumbria Police,-1.815175,54.919644,On or near Supermarket,E01008186,Gateshead 024B,Violence and sexual offences,Under investigation,
dcd0f4d729da2d775059565b4329e9bd6ad210eebc2ec1bea47905fc5c78f1d7,2015-12,Surrey Police,Northumbria Police,-1.810339,54.919547,On or near South Road,E01008186,Gateshead 024B,Violence and sexual offences,Awaiting court outcome,
97f784c49579939a8a59326897dea3f3fe7bc2725186089848297e8b96dfe1e2,2015-12,Surrey Police,Northumbria Police,-1.809059,54.919724,On or near Tay Street,E01008186,Gateshead 024B,Other crime,Under investigation,
,2015-12,Surrey Police,Northumbria Police,-1.817197,54.910652,On or near Runnymede Gardens,E01008187,Gateshead 024C,Anti-social behaviour,,
,2015-12,Surrey Police,Northumbria Police,-1.815689,54.916239,On or near Broomfield Crescent,E01008187,Gateshead 024C,Anti-social behaviour,,
f3e76c7c89718879e56063b9ee0cdd4949385c3eb1288608c0b1b93bea7145d5,2015-12,Surrey Police,Northumbria Police,-1.814133,54.918914,On or near Parkside Court,E01008187,Gateshead 024C,Burglary,Offender sent to prison,
f2fa3167826820cf174e6ce657c95102690c4d78c0020a8eb4d56870add80447,2015-12,Surrey Police,Northumbria Police,-1.819009,54.906593,On or near Moraine Crescent,E01008187,Gateshead 024C,Criminal damage and arson,Investigation complete; no suspect identified,
b986e5c679cffe4c442f24e172af5b2f236a20f61c58f4ad0d952e7dc9e997a1,2015-12,Surrey Police,Northumbria Police,-1.814133,54.918914,On or near Parkside Court,E01008187,Gateshead 024C,Robbery,Investigation complete; no suspect identified,
75667cecf647d52ad382b2e831db0e58d65b13b80d4c8326773782f23c1bde5d,2015-12,Surrey Police,Northumbria Police,-1.812583,54.906664,On or near Chopwell Road,E01008187,Gateshead 024C,Vehicle crime,Investigation complete; no suspect identified,
2ca3bc89cde4a55c4cc754a69355296cb3352ff16394ffd39308a2741762345d,2015-12,Surrey Police,Northumbria Police,-1.810230,54.916212,On or near Sports/Recreation Area,E01008187,Gateshead 024C,Vehicle crime,Investigation complete; no suspect identified,
cf014f516eebb2f20cbbedafcf08516f2795f67f0150d9e7ead165f8e60f4b9e,2015-12,Surrey Police,Northumbria Police,-1.819009,54.906593,On or near Moraine Crescent,E01008187,Gateshead 024C,Vehicle crime,Investigation complete; no suspect identified,
81d2611f7e212588c6afd57b673bdcccf7a17938ac84c2a8b95348b8f79fd7d2,2015-12,Surrey Police,Northumbria Police,-1.819009,54.906593,On or near Moraine Crescent,E01008187,Gateshead 024C,Vehicle crime,Investigation complete; no suspect identified,
,2015-12,Surrey Police,Northumbria Police,-1.778904,54.927923,On or near School Lane,E01008196,Gateshead 024D,Anti-social behaviour,,
cee1c79eeff54d67d14754f2c6fed00444c9986bffd52a426d1adbb3db35cca2,2015-12,Surrey Police,Northumbria Police,-1.781928,54.925592,On or near Beechwood,E01008196,Gateshead 024D,Drugs,Offender given a drugs possession warning,
4459f87721a138cd77a273e569c0e000de898979328cbc9ccf7c05e492a1c128,2015-12,Surrey Police,Northumbria Police,-1.781928,54.925592,On or near Beechwood,E01008196,Gateshead 024D,Drugs,Offender given a drugs possession warning,
22dc9f1c8b0d33615710985ea04818c8f7c22e51499e284782b44343cdf49695,2015-12,Surrey Police,Northumbria Police,-1.781594,54.929617,On or near Greenlea Close,E01008196,Gateshead 024D,Other theft,Under investigation,
d4f11b8adbbca6017c224198ed0154ad80ba82a21e2737d7c3786b0249ef7106,2015-12,Surrey Police,Northumbria Police,-1.784643,54.928400,On or near The Crescent,E01008196,Gateshead 024D,Vehicle crime,Investigation complete; no suspect identified,
48b685b8e1a790a7f438fa96bf83e6d52dc01cb0dd509f2acdf493f5ef99ec5b,2015-12,Surrey Police,Northumbria Police,-1.782240,54.931263,On or near High Spen Court,E01008196,Gateshead 024D,Vehicle crime,Investigation complete; no suspect identified,
2ec9ec6649e8a05188c4d6f91547006d62e93c7a880d4e277bdcf7c35e880b11,2015-12,Surrey Police,Northumbria Police,-1.786988,54.933553,On or near West Street,E01008196,Gateshead 024D,Vehicle crime,Investigation complete; no suspect identified,
3e9623e72966596c630ea1c9b3f29d0c16d5a9c1a72dfb058debbac75829c42b,2015-12,Surrey Police,Northumbria Police,-1.783526,54.936064,On or near Strothers Road,E01008196,Gateshead 024D,Vehicle crime,Investigation complete; no suspect identified,
f93d20fb40d48786e4d044e564e794885492cffd11a646885952b240f2fd7500,2015-12,Surrey Police,Northumbria Police,-1.784796,54.929003,On or near Bute Road South,E01008196,Gateshead 024D,Vehicle crime,Investigation complete; no suspect identified,
5f286818689da3faab7aadce928f7dc203ff6c61949894f39572d21b0ae40df4,2015-12,Surrey Police,Northumbria Police,-1.784796,54.929003,On or near Bute Road South,E01008196,Gateshead 024D,Vehicle crime,Investigation complete; no suspect identified,
,2015-12,Surrey Police,Northumbria Police,-1.575842,54.901440,On or near Sanders Gardens,E01008222,Gateshead 025A,Anti-social behaviour,,
,2015-12,Surrey Police,Northumbria Police,-1.573336,54.903948,On or near Selkirk Crescent,E01008222,Gateshead 025A,Anti-social behaviour,,
,2015-12,Surrey Police,Northumbria Police,-1.575842,54.901440,On or near Sanders Gardens,E01008222,Gateshead 025A,Anti-social behaviour,,
,2015-12,Surrey Police,Northumbria Police,-1.572959,54.907146,On or near Crathie,E01008222,Gateshead 025A,Anti-social behaviour,,
,2015-12,Surrey Police,Northumbria Police,-1.575598,54.903866,On or near Sports/Recreation Area,E01008222,Gateshead 025A,Anti-social behaviour,,
77b8e60111121fbc306c5b54896ca9ee6938fff18c3b8e059305d4960f8c989a,2015-12,Surrey Police,Northumbria Police,-1.573457,54.902798,On or near Garside Avenue,E01008222,Gateshead 025A,Burglary,Awaiting court outcome,
2de1bd85c2bd3a3eab0c4f01352fd4323f9a089ec4ec42c1f920e2ccd9cafe14,2015-12,Surrey Police,Northumbria Police,-1.575598,54.903866,On or near Sports/Recreation Area,E01008222,Gateshead 025A,Violence and sexual offences,Under investigation,
,2015-12,Surrey Police,Northumbria Police,-1.579371,54.903933,On or near Glamis Villas,E01008223,Gateshead 025B,Anti-social behaviour,,
,2015-12,Surrey Police,Northumbria Police,-1.580749,54.900424,On or near Edward Road,E01008223,Gateshead 025B,Anti-social behaviour,,
,2015-12,Surrey Police,Northumbria Police,-1.579290,54.901291,On or near Lavers Road,E01008223,Gateshead 025B,Anti-social behaviour,,
,2015-12,Surrey Police,Northumbria Police,-1.582555,54.905175,On or near Windsor Road,E01008223,Gateshead 025B,Anti-social behaviour,,
,2015-12,Surrey Police,Northumbria Police,-1.580910,54.901467,On or near Rutland Square,E01008223,Gateshead 025B,Anti-social behaviour,,
,2015-12,Surrey Police,Northumbria Police,-1.579290,54.901291,On or near Lavers Road,E01008223,Gateshead 025B,Anti-social behaviour,,
,2015-12,Surrey Police,Northumbria Police,-1.582001,54.902990,On or near Elisabeth Avenue,E01008223,Gateshead 025B,Anti-social behaviour,,
,2015-12,Surrey Police,Northumbria Police,-1.582555,54.905175,On or near Windsor Road,E01008223,Gateshead 025B,Anti-social behaviour,,
b815f89db878ed9fc2a93b9d41c9c4d627bdfc38d40a9f651382a1dd81991c38,2015-12,Surrey Police,Northumbria Police,-1.577021,54.900555,On or near Jacksons Place,E01008223,Gateshead 025B,Criminal damage and arson,Investigation complete; no suspect identified,
9733550f8565b6ce0e19877712a8a48a1b198991dfcc1712fcf2266808c2c07d,2015-12,Surrey Police,Northumbria Police,-1.577021,54.900555,On or near Jacksons Place,E01008223,Gateshead 025B,Criminal damage and arson,Under investigation,
5524aba505a89d593a01e842de5d2af2c10c0e23fbea3780f9217c2807ef6aaf,2015-12,Surrey Police,Northumbria Police,-1.582630,54.902479,On or near Lansbury Drive,E01008223,Gateshead 025B,Criminal damage and arson,Investigation complete; no suspect identified,
b4e5b05b932625998abb2cafc0af3f50d60a8e7142c6ddc13a5b34cf86278f4c,2015-12,Surrey Police,Northumbria Police,-1.580694,54.905672,On or near Leyburn Place,E01008223,Gateshead 025B,Criminal damage and arson,Investigation complete; no suspect identified,
ad0cd7e80a514e7d0b405c3b45af592eccb5a3948b7922aed61e51b1e4932c7d,2015-12,Surrey Police,Northumbria Police,-1.582555,54.905175,On or near Windsor Road,E01008223,Gateshead 025B,Criminal damage and arson,Investigation complete; no suspect identified,
fbc8472fa55a89624a6bcd7f9576fffd88afd196bc13a3765d17a30b9b2b4f00,2015-12,Surrey Police,Northumbria Police,-1.580749,54.900424,On or near Edward Road,E01008223,Gateshead 025B,Criminal damage and arson,Under investigation,
6529d0f31620298e752666f988d8d24dae258b9c4d88bede0b2fefd0b8a93328,2015-12,Surrey Police,Northumbria Police,-1.579629,54.903107,On or near Devon Crescent,E01008223,Gateshead 025B,Criminal damage and arson,Offender ordered to pay compensation,
f92b5cbc612c874c0f52e79a7f6ff0e514330c3cfcc1073f1e0d8c60360f78f9,2015-12,Surrey Police,Northumbria Police,-1.583346,54.904126,On or near Lansbury Close,E01008223,Gateshead 025B,Other theft,Investigation complete; no suspect identified,
d0726a6d38120d4a0c822ca879aa01f59bfab74de8898ecdb3839c4586430757,2015-12,Surrey Police,Northumbria Police,-1.579290,54.901291,On or near Lavers Road,E01008223,Gateshead 025B,Other theft,Under investigation,
ed5290a13b5c042a39abcb8cea7408ef0dca23668283ac4264fef1a76967f29b,2015-12,Surrey Police,Northumbria Police,-1.585278,54.902767,On or near Mary Avenue,E01008223,Gateshead 025B,Other theft,Investigation complete; no suspect identified,
44e24c6c66eeaf7e4772317036a5e16e3dc11ddab745ba6260d4547091d2d2c6,2015-12,Surrey Police,Northumbria Police,-1.579371,54.903933,On or near Glamis Villas,E01008223,Gateshead 025B,Vehicle crime,Investigation complete; no suspect identified,
22aadf862e7b6d8f15e642f4ef6c26ed4104b07757c932d24e33d837276f2766,2015-12,Surrey Police,Northumbria Police,-1.580910,54.901467,On or near Rutland Square,E01008223,Gateshead 025B,Violence and sexual offences,Under investigation,
1795afef04ecf216e28439b02fcafb1d90192118b1b6044b0d89f429ea08fff7,2015-12,Surrey Police,Northumbria Police,-1.582555,54.905175,On or near Windsor Road,E01008223,Gateshead 025B,Violence and sexual offences,Investigation complete; no suspect identified,
a23730a109449c2b401c01ba4b521e608892c91d01a9b7b068524948e37855bd,2015-12,Surrey Police,Northumbria Police,-1.579290,54.901291,On or near Lavers Road,E01008223,Gateshead 025B,Violence and sexual offences,Investigation complete; no suspect identified,
8c2b9f2aa46ac7f9c7b239fb9c6bd232e9b42fb02aa63f53198337773be9e676,2015-12,Surrey Police,Northumbria Police,-1.580749,54.900424,On or near Edward Road,E01008223,Gateshead 025B,Violence and sexual offences,Under investigation,
5412c8953b531bf4d92136e87441f12382570e6c6082e19d5cf637aaa2ba1cdb,2015-12,Surrey Police,Northumbria Police,-1.583346,54.904126,On or near Lansbury Close,E01008223,Gateshead 025B,Violence and sexual offences,Investigation complete; no suspect identified,
60c5687394f35abf4b8ed95d962ddff91179aa2b0b69cae5ba0eeae42eaeb127,2015-12,Surrey Police,Northumbria Police,-1.580749,54.900424,On or near Edward Road,E01008223,Gateshead 025B,Violence and sexual offences,Under investigation,
c79564d7aca093ca2b3b9e39041528b017599d1264c2c81334edded3c3c8b9e6,2015-12,Surrey Police,Northumbria Police,-1.579290,54.901291,On or near Lavers Road,E01008223,Gateshead 025B,Violence and sexual offences,Investigation complete; no suspect identified,
5ced16e0247814433646438eaa2e3b04acce7c662c889e86002925682e4f566c,2015-12,Surrey Police,Northumbria Police,-1.583346,54.904126,On or near Lansbury Close,E01008223,Gateshead 025B,Other crime,Under investigation,
,2015-12,Surrey Police,Northumbria Police,-1.590456,54.915006,On or near Sports/Recreation Area,E01008224,Gateshead 025C,Anti-social behaviour,,
,2015-12,Surrey Police,Northumbria Police,-1.582525,54.906577,On or near Valley View,E01008224,Gateshead 025C,Anti-social behaviour,,
,2015-12,Surrey Police,Northumbria Police,-1.584037,54.918786,On or near Waverley Road,E01008224,Gateshead 025C,Anti-social behaviour,,
,2015-12,Surrey Police,Northumbria Police,-1.584037,54.918786,On or near Waverley Road,E01008224,Gateshead 025C,Anti-social behaviour,,
a6d5a32bdc5a5333890218640abc866a840683050188d33c617eaa0d597c1aff,2015-12,Surrey Police,Northumbria Police,-1.577473,54.907979,On or near Northdene,E01008224,Gateshead 025C,Burglary,Investigation complete; no suspect identified,
96d2ccd3768e7b47cd7c8a3be6c5e3eac2997b287cb5319ec57ae8c66369930f,2015-12,Surrey Police,Northumbria Police,-1.566944,54.903764,On or near Leafield Close,E01008224,Gateshead 025C,Burglary,Investigation complete; no suspect identified,
4f0c7a88184de6d61dcfd5383ea2a14baa4a387cdb10370dd561106507b280d4,2015-12,Surrey Police,Northumbria Police,-1.590456,54.915006,On or near Sports/Recreation Area,E01008224,Gateshead 025C,Other theft,Investigation complete; no suspect identified,
,2015-12,Surrey Police,Northumbria Police,-1.618950,54.902410,On or near Sports/Recreation Area,E01008226,Gateshead 025D,Anti-social behaviour,,
,2015-12,Surrey Police,Northumbria Police,-1.618773,54.922871,On or near Parking Area,E01008226,Gateshead 025D,Anti-social behaviour,,
,2015-12,Surrey Police,Northumbria Police,-1.617092,54.902656,On or near Sports/Recreation Area,E01008226,Gateshead 025D,Anti-social behaviour,,
b7a3864b44cf44e31fd74b17ddf3d8833dc4e31c7adf13d479d121c0d381c42f,2015-12,Surrey Police,Northumbria Police,-1.610047,54.923257,On or near Eleventh Avenue,E01008226,Gateshead 025D,Burglary,Investigation complete; no suspect identified,
df41bf0aaa2d1c04ea9523786eb4fa2f70752e2d2988cbe27c4d648c68b6b2b7,2015-12,Surrey Police,Northumbria Police,-1.621136,54.903810,On or near Ashvale Avenue,E01008226,Gateshead 025D,Burglary,Investigation complete; no suspect identified,
81edfb9caaef8a3067cdc8594b400f9c2239618c609890cccf8f7b809c2e657d,2015-12,Surrey Police,Northumbria Police,-1.621136,54.903810,On or near Ashvale Avenue,E01008226,Gateshead 025D,Criminal damage and arson,Investigation complete; no suspect identified,
d909a4664fc5b2771db13d61ed4270d92522abb21f36836868d14ba9e49f41f1,2015-12,Surrey Police,Northumbria Police,-1.620264,54.903654,On or near Laburnum Crescent,E01008226,Gateshead 025D,Drugs,Offender given a drugs possession warning,
7a6ee87382df5a66e46243403099f638a1e224ab20c8c3c1b0355118cbc3c4ee,2015-12,Surrey Police,Northumbria Police,-1.622943,54.924097,On or near Shopping Area,E01008226,Gateshead 025D,Other theft,Investigation complete; no suspect identified,
77cb1211f97732957fc2f04165297cc894608ea7bbbd38895491dc364f5c4de5,2015-12,Surrey Police,Northumbria Police,-1.618773,54.922871,On or near Parking Area,E01008226,Gateshead 025D,Other theft,Under investigation,
1784f8846bdeae717a98c21c47b7ace5938b895e74d403fa80bcd13b8f0dcaf7,2015-12,Surrey Police,Northumbria Police,-1.610047,54.923257,On or near Eleventh Avenue,E01008226,Gateshead 025D,Shoplifting,Offender given a caution,
72a5e685407ce8c234bb9f936a1c5a0e4a9df282ab548a969f428c79939b1400,2015-12,Surrey Police,Northumbria Police,-1.622943,54.924097,On or near Shopping Area,E01008226,Gateshead 025D,Shoplifting,Investigation complete; no suspect identified,
0623acd58b138cb2f0f2bd10d36b8c6435476c73d8212d8705c4c37333257050,2015-12,Surrey Police,Northumbria Police,-1.618773,54.922871,On or near Parking Area,E01008226,Gateshead 025D,Shoplifting,Investigation complete; no suspect identified,
694ecae6ed0b31ca1272af155abf8d0f7fb1faec1e2e0874ce9f3a2d187dc955,2015-12,Surrey Police,Northumbria Police,-1.622943,54.924097,On or near Shopping Area,E01008226,Gateshead 025D,Shoplifting,Offender given a caution,
ae4f0ba392958a16bf613a7bf70d546c4de5e6bf847af7a5b4739c2d9f9e808b,2015-12,Surrey Police,Northumbria Police,-1.610047,54.923257,On or near Eleventh Avenue,E01008226,Gateshead 025D,Shoplifting,Awaiting court outcome,
fb1e8bf1df006fdf7c981d51f478c5da4318747f53fe1c04e6fe153bd138b93f,2015-12,Surrey Police,Northumbria Police,-1.622943,54.924097,On or near Shopping Area,E01008226,Gateshead 025D,Shoplifting,Under investigation,
f1dcc6a8f7108a7b0de80cca75220b0d6a4a42dfd0b89f141b40f989a105e58d,2015-12,Surrey Police,Northumbria Police,-1.610047,54.923257,On or near Eleventh Avenue,E01008226,Gateshead 025D,Shoplifting,Under investigation,
14e86bc846bee7f41f0b132d4418177f04ed74d1d124e016908679318c592433,2015-12,Surrey Police,Northumbria Police,-1.619994,54.925733,On or near Octavian Way,E01008226,Gateshead 025D,Vehicle crime,Under investigation,
e126fbb091ed8810df471f3b0cbbb21ea8da1d12e4aae4f92d051c4cba0ef99b,2015-12,Surrey Police,Northumbria Police,-1.625984,54.904022,On or near Kibblesworth Bank,E01008226,Gateshead 025D,Violence and sexual offences,Under investigation,
8ac8d46e91b8c4e7d8dcd6a797d886da6bb2ca5ceeea21bb66da3ae85203246c,2015-12,Surrey Police,Northumbria Police,-1.615633,54.905266,On or near West View,E01008226,Gateshead 025D,Violence and sexual offences,Under investigation,
7a8ff3e911bfe1f71194d1087e1e628e9fd81f8d321fc7199ffed86b6494166c,2015-12,Surrey Police,Northumbria Police,-1.610047,54.923257,On or near Eleventh Avenue,E01008226,Gateshead 025D,Other crime,Under investigation,
,2015-12,Surrey Police,Northumbria Police,-1.559834,54.889324,On or near Motorway Service Area,E01008172,Gateshead 026A,Anti-social behaviour,,
,2015-12,Surrey Police,Northumbria Police,-1.569093,54.886463,On or near Colebrooke,E01008172,Gateshead 026A,Anti-social behaviour,,
,2015-12,Surrey Police,Northumbria Police,-1.559857,54.884310,On or near Western Highway,E01008172,Gateshead 026A,Anti-social behaviour,,
23282c13590f5eb6f1adad48cb2be52ec42ad2f0333d84b725fde8ebde5d46a7,2015-12,Surrey Police,Northumbria Police,-1.568075,54.885453,On or near Errol Place,E01008172,Gateshead 026A,Criminal damage and arson,Under investigation,
9e685acb74dd40db4f6ce7244b89e0adecbd41de16e4557afa4c8bf4301a3407,2015-12,Surrey Police,Northumbria Police,-1.559869,54.890411,On or near Petrol Station,E01008172,Gateshead 026A,Criminal damage and arson,Investigation complete; no suspect identified,
95cfbb3b1282a90577cc4052cada60d337fae1f670eee073f5fe38a38c084232,2015-12,Surrey Police,Northumbria Police,-1.558203,54.888779,On or near Petrol Station,E01008172,Gateshead 026A,Other theft,Investigation complete; no suspect identified,
569b150426241d935a279513a5389a68c4e8478280600a271228967ea30272db,2015-12,Surrey Police,Northumbria Police,-1.559869,54.890411,On or near Petrol Station,E01008172,Gateshead 026A,Other theft,Investigation complete; no suspect identified,
543a12e29911373f7ef851c998034e4fc699417d22516a080b1b621a6a0506ef,2015-12,Surrey Police,Northumbria Police,-1.558203,54.888779,On or near Petrol Station,E01008172,Gateshead 026A,Other theft,Under investigation,
ff88ba43398708572837fee7c165e0ec337762c4e4d543ea93e260cbe9b71143,2015-12,Surrey Police,Northumbria Police,-1.559869,54.890411,On or near Petrol Station,E01008172,Gateshead 026A,Vehicle crime,Investigation complete; no suspect identified,
9cdaad158034f18ac10d33f1a0383ead82753a1eebf00aecfcdb01d4f80fd01c,2015-12,Surrey Police,Northumbria Police,-1.559869,54.890411,On or near Petrol Station,E01008172,Gateshead 026A,Vehicle crime,Investigation complete; no suspect identified,
9786ef8b6e8ace81c6b8c812faf1eb5a2fdce0806e6d3065478e540aefe75952,2015-12,Surrey Police,Northumbria Police,-1.564742,54.883806,On or near Coniston,E01008172,Gateshead 026A,Violence and sexual offences,Investigation complete; no suspect identified,
,2015-12,Surrey Police,Northumbria Police,-1.572711,54.883412,On or near Sports/Recreation Area,E01008173,Gateshead 026B,Anti-social behaviour,,
65f2b442064c2074089fbeae32e654ab010e5404d0f491dffe9db7787afec3d6,2015-12,Surrey Police,Northumbria Police,-1.574861,54.883545,On or near Dorset Avenue,E01008173,Gateshead 026B,Criminal damage and arson,Investigation complete; no suspect identified,
0292a61063c3ac9092b048cd34cc2e813d38b0dd33353c2cad7075541dab0b2d,2015-12,Surrey Police,Northumbria Police,-1.573153,54.881382,On or near Cambridge Place,E01008173,Gateshead 026B,Criminal damage and arson,Under investigation,
4224649ef605829442ed19fc04cc6402e976a28765976c25b588d58ecef77e0f,2015-12,Surrey Police,Northumbria Police,-1.572711,54.883412,On or near Sports/Recreation Area,E01008173,Gateshead 026B,Violence and sexual offences,Under investigation,
,2015-12,Surrey Police,Northumbria Police,-1.575771,54.899266,On or near Mount Pleasant,E01008174,Gateshead 026C,Anti-social behaviour,,
,2015-12,Surrey Police,Northumbria Police,-1.575754,54.883045,On or near York Road,E01008174,Gateshead 026C,Anti-social behaviour,,
0890744cac4ab3bb128546f6ca45b7213a557fcf39eb8dac488d076b369d1b35,2015-12,Surrey Police,Northumbria Police,-1.568136,54.897253,On or near Hillside,E01008174,Gateshead 026C,Burglary,Investigation complete; no suspect identified,
c2f141f9d3d499dfb38173160267070ba80953640fd7ab18807c0e3baa5e9097,2015-12,Surrey Police,Northumbria Police,-1.575754,54.883045,On or near York Road,E01008174,Gateshead 026C,Criminal damage and arson,Investigation complete; no suspect identified,
4fb87d8463a216db1f6b25187bd11f82f5033c57f62605bcd13ab31f69f1bc79,2015-12,Surrey Police,Northumbria Police,-1.575754,54.883045,On or near York Road,E01008174,Gateshead 026C,Criminal damage and arson,Investigation complete; no suspect identified,
aaf4fb457ccef95da84c32ee76798f55f7d9277600fd00c407e57c60e9c13e89,2015-12,Surrey Police,Northumbria Police,-1.575498,54.892615,On or near Harras Bank,E01008174,Gateshead 026C,Other theft,Under investigation,
0e780219c85c97ed0bd147d8668a78f55ce4a6916cd9078708570f862f57867a,2015-12,Surrey Police,Northumbria Police,-1.565207,54.894187,On or near Portmeads Road,E01008174,Gateshead 026C,Violence and sexual offences,Investigation complete; no suspect identified,
d3b281ca56c69d241e6a6f7b8632bbda26ea7f257852ee74e4dadc1163db3a40,2015-12,Surrey Police,Northumbria Police,-1.565207,54.894187,On or near Portmeads Road,E01008174,Gateshead 026C,Violence and sexual offences,Under investigation,
,2015-12,Surrey Police,Northumbria Police,-1.578480,54.895213,On or near Parking Area,E01008175,Gateshead 026D,Anti-social behaviour,,
,2015-12,Surrey Police,Northumbria Police,-1.578110,54.894816,On or near Supermarket,E01008175,Gateshead 026D,Anti-social behaviour,,
,2015-12,Surrey Police,Northumbria Police,-1.578110,54.894816,On or near Supermarket,E01008175,Gateshead 026D,Anti-social behaviour,,
,2015-12,Surrey Police,Northumbria Police,-1.578637,54.898053,On or near Craig Street,E01008175,Gateshead 026D,Anti-social behaviour,,
,2015-12,Surrey Police,Northumbria Police,-1.576476,54.895961,On or near Holyoake Gardens,E01008175,Gateshead 026D,Anti-social behaviour,,
,2015-12,Surrey Police,Northumbria Police,-1.578110,54.894816,On or near Supermarket,E01008175,Gateshead 026D,Anti-social behaviour,,
,2015-12,Surrey Police,Northumbria Police,-1.579847,54.895649,On or near Beaconsfield Terrace,E01008175,Gateshead 026D,Anti-social behaviour,,
a13862c743c6a75c5f3d17651fd00fb47b3093383cd03f4e933a40dd109a66d5,2015-12,Surrey Police,Northumbria Police,-1.581347,54.896903,On or near Queen Street,E01008175,Gateshead 026D,Criminal damage and arson,Investigation complete; no suspect identified,
651e5cb79337f085b77a0ef59b5ca8bc330921dae799fe6757d2d9895242504e,2015-12,Surrey Police,Northumbria Police,-1.581546,54.897228,On or near King Street,E01008175,Gateshead 026D,Criminal damage and arson,Investigation complete; no suspect identified,
7bcccd7195a06522924ec46569d38b7ca3b2e53458b2f74243c3e79775b1868c,2015-12,Surrey Police,Northumbria Police,-1.581546,54.897228,On or near King Street,E01008175,Gateshead 026D,Criminal damage and arson,Investigation complete; no suspect identified,
9cf8ac467a113de8e14b833bc515564ec227f5792e854a4b9824115eafd2e700,2015-12,Surrey Police,Northumbria Police,-1.578266,54.893298,On or near Parking Area,E01008175,Gateshead 026D,Criminal damage and arson,Investigation complete; no suspect identified,
68e08b0f427e8ba526559c6b40e8d859369559067021081325f92ecd49b11747,2015-12,Surrey Police,Northumbria Police,-1.574034,54.893904,On or near Pedestrian Subway,E01008175,Gateshead 026D,Drugs,Local resolution,
20bc249002de348f7f7183b057a556cbe1e30296393e51e455f4238123fe22ef,2015-12,Surrey Police,Northumbria Police,-1.578110,54.894816,On or near Supermarket,E01008175,Gateshead 026D,Public order,Under investigation,
a696de5fe7f82d9193eca2215821fce5d647ebd73af68d6b0739c12c56449ff6,2015-12,Surrey Police,Northumbria Police,-1.578110,54.894816,On or near Supermarket,E01008175,Gateshead 026D,Shoplifting,Under investigation,
c1b07263add72c7c46c6387dba67c587668d8393cc2fa886088b1db773c57121,2015-12,Surrey Police,Northumbria Police,-1.581329,54.895645,On or near Station Lane,E01008175,Gateshead 026D,Vehicle crime,Investigation complete; no suspect identified,
cb1cbf96a52413f71250a13f1025adc49b281c4c6f50abd27695b7fedf6b02fa,2015-12,Surrey Police,Northumbria Police,-1.579333,54.897139,On or near Jones Street,E01008175,Gateshead 026D,Vehicle crime,Investigation complete; no suspect identified,
425fa83635fbdd164e097ae22fb301632d57701f6c0d67a55a3c904bfb206eae,2015-12,Surrey Police,Northumbria Police,-1.582428,54.896422,On or near George Street,E01008175,Gateshead 026D,Vehicle crime,Under investigation,
0b1a173bc06505e56ba791708e4d963715aa32e751382d728b426ee07a099dc9,2015-12,Surrey Police,Northumbria Police,-1.579716,54.897752,On or near Bertram Street,E01008175,Gateshead 026D,Violence and sexual offences,Under investigation,
b7f51d11cc64bcdb40af7194861f2284d51a3a08373afeada5df1c83c7f8d46f,2015-12,Surrey Police,Northumbria Police,-1.576476,54.895961,On or near Holyoake Gardens,E01008175,Gateshead 026D,Violence and sexual offences,Investigation complete; no suspect identified,
315af95648408c72730e60fc11c4317bd00c277dfe253afff50c0f8b2d50499a,2015-12,Surrey Police,Northumbria Police,-1.579847,54.895649,On or near Beaconsfield Terrace,E01008175,Gateshead 026D,Violence and sexual offences,Offender given community sentence,
7f5849b51534519740ef01002bb0d2af863c257667f877bcde995c25a517f42a,2015-12,Surrey Police,Northumbria Police,-1.581546,54.897228,On or near King Street,E01008175,Gateshead 026D,Violence and sexual offences,Investigation complete; no suspect identified,
a78d9cfdb44aac15001ae7bb9eb36a7e6d6a11713d34ca2b49fab477ac915254,2015-12,Surrey Police,Northumbria Police,-1.578266,54.893298,On or near Parking Area,E01008175,Gateshead 026D,Violence and sexual offences,Under investigation,
939636c29f400146ec4c792d5f90ef857c7b3d86bd7c426fcea72f0443d74fc9,2015-12,Surrey Police,Northumbria Police,-1.576476,54.895961,On or near Holyoake Gardens,E01008175,Gateshead 026D,Violence and sexual offences,Investigation complete; no suspect identified,
f45aef2bedf37db285fb68771ad116c0342bb50cbf30c57d21b4f2edcf9567d3,2015-12,Surrey Police,Northumbria Police,-1.579716,54.897752,On or near Bertram Street,E01008175,Gateshead 026D,Violence and sexual offences,Awaiting court outcome,
6e363bc597998e36e0c797a555c840a13858b3aacd4b1df1861a7b700aaf649c,2015-12,Surrey Police,Northumbria Police,-1.579716,54.897752,On or near Bertram Street,E01008175,Gateshead 026D,Violence and sexual offences,Offender given community sentence,
9fb08020e8e332358b3a228f227164f7c2dc43dbee1268f4ebb16221ed496144,2015-12,Surrey Police,Northumbria Police,-1.577093,54.892108,On or near Durham Road,E01008175,Gateshead 026D,Violence and sexual offences,Awaiting court outcome,
1e4ef1589ea2b54807fc3b5569fda73a633376f7fa317e270549e85d896e9f85,2015-12,Surrey Police,Northumbria Police,-1.578266,54.893298,On or near Parking Area,E01008175,Gateshead 026D,Violence and sexual offences,Under investigation,
63bc0ce86791080625feda8c3d7f6fcd030d4e6a10f3c773829fc1b2950dd0a3,2015-12,Surrey Police,Northumbria Police,-1.579716,54.897752,On or near Bertram Street,E01008175,Gateshead 026D,Violence and sexual offences,Under investigation,
fdbcc148de4341956c88e69eacdab5f487b18fbec9b9ce26cf01b1672943f7fa,2015-12,Surrey Police,Northumbria Police,-1.581329,54.895645,On or near Station Lane,E01008175,Gateshead 026D,Violence and sexual offences,Investigation complete; no suspect identified,
bccfe15bcac055de4b692a7e487ab00029c8575c91e9c95330bad759ed2340e1,2015-12,Surrey Police,Northumbria Police,-1.579989,54.898489,On or near Pine Street,E01008175,Gateshead 026D,Violence and sexual offences,Investigation complete; no suspect identified,
,2015-12,Surrey Police,Northumbria Police,-1.564673,54.890186,On or near The Springs,E01008176,Gateshead 026E,Anti-social behaviour,,
,2015-12,Surrey Police,Northumbria Police,-1.562654,54.889424,On or near Glenuce,E01008176,Gateshead 026E,Anti-social behaviour,,
759dce85ee624c49941b51abf5abb90d947b8423cfe08bc56ccb23ae1db63e8e,2015-12,Surrey Police,Northumbria Police,-1.562410,54.887509,On or near Dunvegan,E01008176,Gateshead 026E,Burglary,Investigation complete; no suspect identified,
904e881b70d89ca0095b336ac758d70ce59adc76d7b05779d812e8c929680ae2,2015-12,Surrey Police,Northumbria Police,-1.562654,54.889424,On or near Glenuce,E01008176,Gateshead 026E,Vehicle crime,Investigation complete; no suspect identified,
,2015-12,Surrey Police,Northumbria Police,-1.593016,54.959668,On or near Chaucer Close,E01008162,Gateshead 027A,Anti-social behaviour,,
,2015-12,Surrey Police,Northumbria Police,-1.591674,54.958100,On or near Shelley Drive,E01008162,Gateshead 027A,Anti-social behaviour,,
,2015-12,Surrey Police,Northumbria Police,-1.592959,54.957628,On or near Bede Court,E01008162,Gateshead 027A,Anti-social behaviour,,
,2015-12,Surrey Police,Northumbria Police,-1.588323,54.955896,On or near St Vincent Court,E01008162,Gateshead 027A,Anti-social behaviour,,
,2015-12,Surrey Police,Northumbria Police,-1.592959,54.957628,On or near Bede Court,E01008162,Gateshead 027A,Anti-social behaviour,,
,2015-12,Surrey Police,Northumbria Police,-1.587974,54.959498,On or near St James Road,E01008162,Gateshead 027A,Anti-social behaviour,,
,2015-12,Surrey Police,Northumbria Police,-1.587974,54.959498,On or near St James Road,E01008162,Gateshead 027A,Anti-social behaviour,,
,2015-12,Surrey Police,Northumbria Police,-1.587974,54.959498,On or near St James Road,E01008162,Gateshead 027A,Anti-social behaviour,,
,2015-12,Surrey Police,Northumbria Police,-1.592959,54.957628,On or near Bede Court,E01008162,Gateshead 027A,Anti-social behaviour,,
43ad9611612c444b1093de23a26b182390c3ecde028078fe6641ddf3e4ec55d0,2015-12,Surrey Police,Northumbria Police,-1.591674,54.958100,On or near Shelley Drive,E01008162,Gateshead 027A,Criminal damage and arson,Investigation complete; no suspect identified,
89d6fd50ec126591900693287408c48ae19d035630ef83b82352d3c693851329,2015-12,Surrey Police,Northumbria Police,-1.591674,54.958100,On or near Shelley Drive,E01008162,Gateshead 027A,Criminal damage and arson,Investigation complete; no suspect identified,
2ad78924f8357110dbfe3a7cf4f1d9f1bdac5b735ebb2aa80a1c6862660dab81,2015-12,Surrey Police,Northumbria Police,-1.593682,54.957109,On or near Wordsworth Street,E01008162,Gateshead 027A,Drugs,Offender given a caution,
2bdfb6ece0cd120397da7a4d262214cad3ac8ec8b3deb19d5860d7a88293b134,2015-12,Surrey Police,Northumbria Police,-1.591674,54.958100,On or near Shelley Drive,E01008162,Gateshead 027A,Other theft,Investigation complete; no suspect identified,
3de072a4385170fe45c75647e49849b5c5fe13e5d2d65370b26b70b40c04e829,2015-12,Surrey Police,Northumbria Police,-1.591674,54.958100,On or near Shelley Drive,E01008162,Gateshead 027A,Other theft,Investigation complete; no suspect identified,
d976213deeeb2f880d71711d8dc29672e7280d160f9a1fc27531e0187aaae17e,2015-12,Surrey Police,Northumbria Police,-1.587974,54.959498,On or near St James Road,E01008162,Gateshead 027A,Public order,Investigation complete; no suspect identified,
cb0c8622107ac1bcaedb93f4e365b6c4d7bcb1787f038b1d72d707a624dcc90f,2015-12,Surrey Police,Northumbria Police,-1.592959,54.957628,On or near Bede Court,E01008162,Gateshead 027A,Public order,Investigation complete; no suspect identified,
3d67bea61f8fd054605d21ef116e6336deeecac9de49b4d75613e7fab06f08f3,2015-12,Surrey Police,Northumbria Police,-1.591674,54.958100,On or near Shelley Drive,E01008162,Gateshead 027A,Vehicle crime,Investigation complete; no suspect identified,
b4cc2ebf732dc1efaa0d76707e62d017a19962bc94ae485a04ed56d61eb57a00,2015-12,Surrey Police,Northumbria Police,-1.591674,54.958100,On or near Shelley Drive,E01008162,Gateshead 027A,Violence and sexual offences,Awaiting court outcome,
6cefe033fc97d961831c31c7a312e21aa686dd05f6c8ed0de562e3c145d61147,2015-12,Surrey Police,Northumbria Police,-1.591674,54.958100,On or near Shelley Drive,E01008162,Gateshead 027A,Violence and sexual offences,Investigation complete; no suspect identified,
29e15b289c513af0ed3602ac6f0794aab9f5d7fc49cad912c4bd0548140c954c,2015-12,Surrey Police,Northumbria Police,-1.591674,54.958100,On or near Shelley Drive,E01008162,Gateshead 027A,Other crime,Under investigation,
,2015-12,Surrey Police,Northumbria Police,-1.588113,54.955014,On or near Moore Street,E01008164,Gateshead 027B,Anti-social behaviour,,
,2015-12,Surrey Police,Northumbria Police,-1.578438,54.954433,On or near Parking Area,E01008164,Gateshead 027B,Anti-social behaviour,,
,2015-12,Surrey Police,Northumbria Police,-1.579553,54.953889,On or near Asher Street,E01008164,Gateshead 027B,Anti-social behaviour,,
,2015-12,Surrey Police,Northumbria Police,-1.581353,54.954892,On or near Emily Street,E01008164,Gateshead 027B,Anti-social behaviour,,
,2015-12,Surrey Police,Northumbria Police,-1.581353,54.954892,On or near Emily Street,E01008164,Gateshead 027B,Anti-social behaviour,,
,2015-12,Surrey Police,Northumbria Police,-1.578438,54.954433,On or near Parking Area,E01008164,Gateshead 027B,Anti-social behaviour,,
fbe637efe9e15862df973083d6c8f79c810b16e034be15d6c2a6c723bb9ed4ee,2015-12,Surrey Police,Northumbria Police,-1.585145,54.955130,On or near John Street,E01008164,Gateshead 027B,Bicycle theft,Investigation complete; no suspect identified,
036ad614497ebc7561960c21b86f8c7c9fd83e3fa63c19006c917fd9a9926b76,2015-12,Surrey Police,Northumbria Police,-1.578944,54.953860,On or near Oban Street,E01008164,Gateshead 027B,Burglary,Investigation complete; no suspect identified,
0a117538d34696d1b11824eabc67819f8e036a469916cb9053b0c7400f37c2d3,2015-12,Surrey Police,Northumbria Police,-1.586779,54.955675,On or near Sunderland Road,E01008164,Gateshead 027B,Burglary,Investigation complete; no suspect identified,
ad55a35dc273282382e4df360d93f23b730a1b4edce3cdb5dbfc80a47e0147b8,2015-12,Surrey Police,Northumbria Police,-1.583941,54.953859,On or near Lumley Gardens,E01008164,Gateshead 027B,Criminal damage and arson,Awaiting court outcome,
a3f83bead79c5653f228b400ed14b5fc7b4a4ca0d97d262c7579bff30f98336e,2015-12,Surrey Police,Northumbria Police,-1.581353,54.954892,On or near Emily Street,E01008164,Gateshead 027B,Criminal damage and arson,Investigation complete; no suspect identified,
39c0fffd3c69e9375226ec14065d21e20db0ec3fb2ada4c786529391f0cdb839,2015-12,Surrey Police,Northumbria Police,-1.582832,54.953873,On or near East Hill Road,E01008164,Gateshead 027B,Drugs,Under investigation,
ccea7109c083a4a96d8dbad85e397f5289ee01f3a3ed7b1d9148f27266b0d1ac,2015-12,Surrey Police,Northumbria Police,-1.588113,54.955014,On or near Moore Street,E01008164,Gateshead 027B,Drugs,Investigation complete; no suspect identified,
b40128d0e0e230402227e45d02ddcb8d16452adcfad2dbec347a885051ba2798,2015-12,Surrey Police,Northumbria Police,-1.588113,54.955014,On or near Moore Street,E01008164,Gateshead 027B,Other theft,Investigation complete; no suspect identified,
e5a869895f80d85de19718b599b69ffde5a2a8242876b1742eb7eef3a0b0f53a,2015-12,Surrey Police,Northumbria Police,-1.582206,54.953997,On or near Howard Street,E01008164,Gateshead 027B,Other theft,Investigation complete; no suspect identified,
f458f569917142007dcc7894bd0f9744a2b38fa60e7c2829f9006dc1b585370f,2015-12,Surrey Police,Northumbria Police,-1.581353,54.954892,On or near Emily Street,E01008164,Gateshead 027B,Vehicle crime,Investigation complete; no suspect identified,
1ea8e5a668588fead19dc2785f4a259f1bf3898ddf29f077e4cade09039316ed,2015-12,Surrey Police,Northumbria Police,-1.584139,54.954291,On or near Beaufront Gardens,E01008164,Gateshead 027B,Vehicle crime,Investigation complete; no suspect identified,
d954880e8dea4faf4a8f574110fea0ebf5586cdd654008c38275c767ddcb692c,2015-12,Surrey Police,Northumbria Police,-1.578944,54.953860,On or near Oban Street,E01008164,Gateshead 027B,Violence and sexual offences,Under investigation,
663ce58edcc8fbec9b01164340940c9669909d9f3e891189d982ad2646c0f120,2015-12,Surrey Police,Northumbria Police,-1.578438,54.954433,On or near Parking Area,E01008164,Gateshead 027B,Violence and sexual offences,Under investigation,
6ece2482d6410495739734792feeac7d50b971e9d5004a153fa316e999ff6d4c,2015-12,Surrey Police,Northumbria Police,-1.586525,54.954640,On or near King Edward Street,E01008164,Gateshead 027B,Violence and sexual offences,Investigation complete; no suspect identified,
,2015-12,Surrey Police,Northumbria Police,-1.588558,54.961926,On or near Petrol Station,E01008166,Gateshead 027C,Anti-social behaviour,,
,2015-12,Surrey Police,Northumbria Police,-1.601804,54.961701,On or near Jackson Street,E01008166,Gateshead 027C,Anti-social behaviour,,
,2015-12,Surrey Police,Northumbria Police,-1.605721,54.965254,On or near Wellington Street,E01008166,Gateshead 027C,Anti-social behaviour,,
,2015-12,Surrey Police,Northumbria Police,-1.599707,54.962098,On or near Hopper Place,E01008166,Gateshead 027C,Anti-social behaviour,,
,2015-12,Surrey Police,Northumbria Police,-1.582016,54.964825,On or near Parking Area,E01008166,Gateshead 027C,Anti-social behaviour,,
,2015-12,Surrey Police,Northumbria Police,-1.588574,54.967983,On or near Deptford Road,E01008166,Gateshead 027C,Anti-social behaviour,,
,2015-12,Surrey Police,Northumbria Police,-1.598534,54.959138,On or near Pedestrian Subway,E01008166,Gateshead 027C,Anti-social behaviour,,
,2015-12,Surrey Police,Northumbria Police,-1.586941,54.961193,On or near Park Road,E01008166,Gateshead 027C,Anti-social behaviour,,
,2015-12,Surrey Police,Northumbria Police,-1.601804,54.961701,On or near Jackson Street,E01008166,Gateshead 027C,Anti-social behaviour,,
,2015-12,Surrey Police,Northumbria Police,-1.602496,54.962754,On or near Parking Area,E01008166,Gateshead 027C,Anti-social behaviour,,
,2015-12,Surrey Police,Northumbria Police,-1.601804,54.961701,On or near Jackson Street,E01008166,Gateshead 027C,Anti-social behaviour,,
,2015-12,Surrey Police,Northumbria Police,-1.601280,54.961025,On or near Parking Area,E01008166,Gateshead 027C,Anti-social behaviour,,
,2015-12,Surrey Police,Northumbria Police,-1.601804,54.961701,On or near Jackson Street,E01008166,Gateshead 027C,Anti-social behaviour,,
,2015-12,Surrey Police,Northumbria Police,-1.601948,54.967668,On or near Theatre/Concert Hall,E01008166,Gateshead 027C,Anti-social behaviour,,
,2015-12,Surrey Police,Northumbria Police,-1.601804,54.961701,On or near Jackson Street,E01008166,Gateshead 027C,Anti-social behaviour,,
,2015-12,Surrey Police,Northumbria Police,-1.601804,54.961701,On or near Jackson Street,E01008166,Gateshead 027C,Anti-social behaviour,,
,2015-12,Surrey Police,Northumbria Police,-1.596136,54.969419,On or near Parking Area,E01008166,Gateshead 027C,Anti-social behaviour,,
,2015-12,Surrey Police,Northumbria Police,-1.601948,54.967668,On or near Theatre/Concert Hall,E01008166,Gateshead 027C,Anti-social behaviour,,
,2015-12,Surrey Police,Northumbria Police,-1.602496,54.962754,On or near Parking Area,E01008166,Gateshead 027C,Anti-social behaviour,,
,2015-12,Surrey Police,Northumbria Police,-1.598534,54.959138,On or near Pedestrian Subway,E01008166,Gateshead 027C,Anti-social behaviour,,
f0be5fba33ef859b67e0fe069605da265e1d1f19ba373c8045df077c9caee927,2015-12,Surrey Police,Northumbria Police,-1.600901,54.961383,On or near Charles Street,E01008166,Gateshead 027C,Criminal damage and arson,Investigation complete; no suspect identified,
5f9ce39fa506b4bff346ef95730c62028921ee2cb48f41d5b089f098abf5e214,2015-12,Surrey Police,Northumbria Police,-1.602844,54.962360,On or near Parking Area,E01008166,Gateshead 027C,Criminal damage and arson,Investigation complete; no suspect identified,
646f39c73923054c4f6ce9cec7a237cf9921f58282ed6fef92b048321934e767,2015-12,Surrey Police,Northumbria Police,-1.605721,54.965254,On or near Wellington Street,E01008166,Gateshead 027C,Criminal damage and arson,Investigation complete; no suspect identified,
66899ed1aaaeb1426787f607a8d0a72732385d263d0bbb2d39976dc1b7b60824,2015-12,Surrey Police,Northumbria Police,-1.602451,54.964174,On or near Lambton Street,E01008166,Gateshead 027C,Drugs,Under investigation,
128167351169c99ba56d6f29ed518b3b8035aa1b5a8406d6d6270917eb2e8145,2015-12,Surrey Police,Northumbria Police,-1.601804,54.961701,On or near Jackson Street,E01008166,Gateshead 027C,Drugs,Offender sent to prison,
2a45d1bced8d3cdd0764a175569b73977f640f8244f92e0d94bb409294ccb796,2015-12,Surrey Police,Northumbria Police,-1.601834,54.963372,On or near Ellison Street,E01008166,Gateshead 027C,Drugs,Awaiting court outcome,
461412f4985fba1d0f3d561a32f15b5a0586c77dd5774cda6ac754eafc13e1d5,2015-12,Surrey Police,Northumbria Police,-1.602496,54.962754,On or near Parking Area,E01008166,Gateshead 027C,Other theft,Investigation complete; no suspect identified,
5aeaf3315a665ccc4ccee632a4ce106cd62f3910a2f50f65a71658e7ba930b5c,2015-12,Surrey Police,Northumbria Police,-1.600694,54.963413,On or near Swan Street,E01008166,Gateshead 027C,Other theft,Local resolution,
fd53959bcfa0732b064df22a689e8f08583aacec3364f7917050c2d9abcc8478,2015-12,Surrey Police,Northumbria Police,-1.602844,54.962360,On or near Parking Area,E01008166,Gateshead 027C,Other theft,Investigation complete; no suspect identified,
95458fc7d2596f6c24ae519c238dafa713c134630886e15ab0a57f60b45fb95b,2015-12,Surrey Police,Northumbria Police,-1.601834,54.963372,On or near Ellison Street,E01008166,Gateshead 027C,Other theft,Investigation complete; no suspect identified,
870b5bb109f04cbf752e5fba0515c37535834f1da25dd17810a6ab7492589339,2015-12,Surrey Police,Northumbria Police,-1.600901,54.961383,On or near Charles Street,E01008166,Gateshead 027C,Public order,Investigation complete; no suspect identified,
8e3313cec0bedf0e3dc8d97f2d385efa2123f155345167a8fbb7bae80bee5c07,2015-12,Surrey Police,Northumbria Police,-1.601834,54.963372,On or near Ellison Street,E01008166,Gateshead 027C,Public order,Offender given suspended prison sentence,
54b40cf79205af464cc5471b3ace0ceb0f217fd0d2679fa5e7717e960bd5347f,2015-12,Surrey Police,Northumbria Police,-1.603881,54.966506,On or near Church Street,E01008166,Gateshead 027C,Public order,Investigation complete; no suspect identified,
9df0c492b6ca469800c922c955b21bade99d9808a2471b0fd892eda5685a487c,2015-12,Surrey Police,Northumbria Police,-1.601804,54.961701,On or near Jackson Street,E01008166,Gateshead 027C,Public order,Offender given a caution,
0187394547d7ee592e3914e4248b260f5222caef80c01f2801b2aed0df7794ad,2015-12,Surrey Police,Northumbria Police,-1.601352,54.958464,On or near High West Street,E01008166,Gateshead 027C,Public order,Investigation complete; no suspect identified,
7f317b21b25704c10d9463e0ff805e8d1868174731aa3ea62c4b066939e79c62,2015-12,Surrey Police,Northumbria Police,-1.601834,54.963372,On or near Ellison Street,E01008166,Gateshead 027C,Public order,Awaiting court outcome,
155882da1411f90a149587eee33d7c23327045a883cdc6d4b1adf5fcab701297,2015-12,Surrey Police,Northumbria Police,-1.600626,54.962371,On or near High Street,E01008166,Gateshead 027C,Shoplifting,Offender fined,
71eef5b589dc37c8c03d18773d8aa92facc4235b902510b0a427a280782f0783,2015-12,Surrey Police,Northumbria Police,-1.602844,54.962360,On or near Parking Area,E01008166,Gateshead 027C,Shoplifting,Under investigation,
62f7d1c44c888dddd488a19ebc5de706a44f21a516da287ad64b398d2c5d344a,2015-12,Surrey Police,Northumbria Police,-1.601834,54.963372,On or near Ellison Street,E01008166,Gateshead 027C,Shoplifting,Under investigation,
a12641c8fd2bf5ef5bbc6ffbd5c8355a0f2acf340ca23dfd1936c40475bad6a0,2015-12,Surrey Police,Northumbria Police,-1.600626,54.962371,On or near High Street,E01008166,Gateshead 027C,Shoplifting,Under investigation,
938167b67a814b69f847eb952e3f3160b5cd867bffe43a60b918155946d00927,2015-12,Surrey Police,Northumbria Police,-1.602844,54.962360,On or near Parking Area,E01008166,Gateshead 027C,Shoplifting,Under investigation,
5aba853dbe41d1142469b0b8a462b9c87cf2171c4d268bc8a52ff0ca5fd78da5,2015-12,Surrey Police,Northumbria Police,-1.601834,54.963372,On or near Ellison Street,E01008166,Gateshead 027C,Shoplifting,Awaiting court outcome,
f8483d538ec4b3a46544b47c048f6b85200cad5a6e8e0ea3b4368eec263201f7,2015-12,Surrey Police,Northumbria Police,-1.601834,54.963372,On or near Ellison Street,E01008166,Gateshead 027C,Shoplifting,Offender sent to prison,
07914165cd7674d6a25a969e843a2cf1be8191262e3aa3c1405716d2d95fc0e6,2015-12,Surrey Police,Northumbria Police,-1.601834,54.963372,On or near Ellison Street,E01008166,Gateshead 027C,Shoplifting,Offender given penalty notice,
fd313a8f22a557a424ace2d0991825a8c450d3df970a968149b4488c3d98508e,2015-12,Surrey Police,Northumbria Police,-1.601834,54.963372,On or near Ellison Street,E01008166,Gateshead 027C,Shoplifting,Offender given community sentence,
2d0e9f33b7ca368ccbef95642ffe444f2f1a792b5eff54a7ac5c2d03ee03a9df,2015-12,Surrey Police,Northumbria Police,-1.601834,54.963372,On or near Ellison Street,E01008166,Gateshead 027C,Shoplifting,Under investigation,
74bb42d412e3dd41659d763a163389fe95884b5c019ad3266223b764a9c6ae77,2015-12,Surrey Police,Northumbria Police,-1.601804,54.961701,On or near Jackson Street,E01008166,Gateshead 027C,Shoplifting,Offender fined,
5dc82be0ca868f9e2d341a383697d3b6723799cdfa13178566b4678b5000a3ab,2015-12,Surrey Police,Northumbria Police,-1.601834,54.963372,On or near Ellison Street,E01008166,Gateshead 027C,Shoplifting,Offender given a caution,
5dd2235700070a03accf7f27baec378c2207dd1b4cfc8fdd54ea1c6521bda0b2,2015-12,Surrey Police,Northumbria Police,-1.601834,54.963372,On or near Ellison Street,E01008166,Gateshead 027C,Shoplifting,Offender given a caution,
fc3dc2afd83458b1be17b54b9225982c71038386ea261787bdcc0ccd009a4a4a,2015-12,Surrey Police,Northumbria Police,-1.602844,54.962360,On or near Parking Area,E01008166,Gateshead 027C,Shoplifting,Under investigation,
d9a760c30b86a66e1bfba2c7d0a982af9d80b8f908859f28ec823f29b3dc63ff,2015-12,Surrey Police,Northumbria Police,-1.602844,54.962360,On or near Parking Area,E01008166,Gateshead 027C,Shoplifting,Offender sent to prison,
2cb6c160bc6b6befa55f7c5b76385ecf3f620e08021171e8013430862580a651,2015-12,Surrey Police,Northumbria Police,-1.601834,54.963372,On or near Ellison Street,E01008166,Gateshead 027C,Shoplifting,Offender given suspended prison sentence,
47b4e3bb35b345528b03754034a8553e0a4a12ba51ca47717e28de0d295a6f9d,2015-12,Surrey Police,Northumbria Police,-1.601834,54.963372,On or near Ellison Street,E01008166,Gateshead 027C,Shoplifting,Offender given conditional discharge,
740470018c51ca9577dab5dbade8ebfcc5f307c945a2cadfe1e085cbabc71dda,2015-12,Surrey Police,Northumbria Police,-1.601834,54.963372,On or near Ellison Street,E01008166,Gateshead 027C,Shoplifting,Investigation complete; no suspect identified,
67589e09af3383d8544c367decd90c854c8a61bcad451e48c7140769fbf2630d,2015-12,Surrey Police,Northumbria Police,-1.600219,54.962504,On or near Nuns Lane,E01008166,Gateshead 027C,Shoplifting,Offender given community sentence,
ada05e76f6692180b4ba45c7db5ae47995a6ca7cd2fe3d171bda49455d3eef86,2015-12,Surrey Police,Northumbria Police,-1.601834,54.963372,On or near Ellison Street,E01008166,Gateshead 027C,Shoplifting,Offender given community sentence,
3b72a99a45da44988faeba164ff01831fa3fdc77901fe51ec7cbd0e62628d667,2015-12,Surrey Police,Northumbria Police,-1.602844,54.962360,On or near Parking Area,E01008166,Gateshead 027C,Shoplifting,Offender given community sentence,
72d93bf9a9b247b6b9a85a8b5e0168ad2c6215ffa650fb4fab94f7b886e0885a,2015-12,Surrey Police,Northumbria Police,-1.602187,54.962502,On or near Parking Area,E01008166,Gateshead 027C,Shoplifting,Offender given community sentence,
b762051a28e425e106b501a42d7657eff77c266804a67645ad5195aa31b3a4f7,2015-12,Surrey Police,Northumbria Police,-1.601834,54.963372,On or near Ellison Street,E01008166,Gateshead 027C,Shoplifting,Offender given community sentence,
ad3ed0606a4e0fc9df5a859276731b2f6901df512481bcd3131a60450a1e40b5,2015-12,Surrey Police,Northumbria Police,-1.601804,54.961701,On or near Jackson Street,E01008166,Gateshead 027C,Theft from the person,Investigation complete; no suspect identified,
eaebefa66991a8951d5ec06c642128a3a52236206c643f6613bd4795e28b7fee,2015-12,Surrey Police,Northumbria Police,-1.588558,54.961926,On or near Petrol Station,E01008166,Gateshead 027C,Vehicle crime,Investigation complete; no suspect identified,
e7da0ae0c4d5252ad20e06c37f591b9e358c09ebcd05a41dafdb3029fa937551,2015-12,Surrey Police,Northumbria Police,-1.602451,54.964174,On or near Lambton Street,E01008166,Gateshead 027C,Vehicle crime,Investigation complete; no suspect identified,
cc9d54e59f2691c34182822272b19634c1115461d73977ba7702ba2d5a749021,2015-12,Surrey Police,Northumbria Police,-1.602350,54.966483,On or near Parking Area,E01008166,Gateshead 027C,Violence and sexual offences,Under investigation,
2efb721ee3ffb941eb5b12523d8e09a33de3b7b4d2f77d6603eb67706b15ac4d,2015-12,Surrey Police,Northumbria Police,-1.599484,54.961037,On or near Chandless Street,E01008166,Gateshead 027C,Violence and sexual offences,Investigation complete; no suspect identified,
2361790b5b06f3df7eaf415aa761e933aeeb57eda9cde4a1dd467ff9c836599b,2015-12,Surrey Police,Northumbria Police,-1.602496,54.962754,On or near Parking Area,E01008166,Gateshead 027C,Violence and sexual offences,Under investigation,
7ab6133e4967bdc57317ea399f4dc96b6f8e0b0bf019344623f06a378fe1b59b,2015-12,Surrey Police,Northumbria Police,-1.599379,54.960543,On or near St Bede'S Drive,E01008166,Gateshead 027C,Violence and sexual offences,Investigation complete; no suspect identified,
b44b81d9eb6ba91abae36240f539493023a62f4206328a9238e5641f8938f7a8,2015-12,Surrey Police,Northumbria Police,-1.602350,54.966483,On or near Parking Area,E01008166,Gateshead 027C,Violence and sexual offences,Under investigation,
d2639b1fbfcfc83f53cce7a2a128c3b0630383d350de3c901216117b25a372e9,2015-12,Surrey Police,Northumbria Police,-1.601834,54.963372,On or near Ellison Street,E01008166,Gateshead 027C,Violence and sexual offences,Under investigation,
8efa3aee5c5c1971cdc0879d28d71cb0fbcae5ec574631d905763828899ac1d9,2015-12,Surrey Police,Northumbria Police,-1.599707,54.962098,On or near Hopper Place,E01008166,Gateshead 027C,Violence and sexual offences,Under investigation,
34f9229fa214106dbc95cefb4019c3d14ee9955e1cd21394ca08027e8f8ac03d,2015-12,Surrey Police,Northumbria Police,-1.601352,54.958464,On or near High West Street,E01008166,Gateshead 027C,Violence and sexual offences,Under investigation,
6fcc7e1b6bad7c8ae3c7657e13b6ef21182c89e461af6e260e0b1a5967e714ec,2015-12,Surrey Police,Northumbria Police,-1.601834,54.963372,On or near Ellison Street,E01008166,Gateshead 027C,Violence and sexual offences,Court case unable to proceed,
a7551f89e8db118b4c4aeac4cf34f25a01f46bff3507ff46c8e881d0789cd63b,2015-12,Surrey Police,Northumbria Police,-1.601352,54.958464,On or near High West Street,E01008166,Gateshead 027C,Violence and sexual offences,Under investigation,
ac9fcbf6729b3cfbae9b8f262e26d4756ec7189bdd87611a8c7e7c0dc66ab86d,2015-12,Surrey Police,Northumbria Police,-1.598534,54.959138,On or near Pedestrian Subway,E01008166,Gateshead 027C,Violence and sexual offences,Investigation complete; no suspect identified,
a7a3a776e5d7210b0e58fb318128091802fbb4b8ea91725244fc50b6f89b46e8,2015-12,Surrey Police,Northumbria Police,-1.599484,54.961037,On or near Chandless Street,E01008166,Gateshead 027C,Violence and sexual offences,Investigation complete; no suspect identified,
ab1c74db2ebf06c0b7080259adc2df311e79cc1ce1665a7b82af547e9399d0a4,2015-12,Surrey Police,Northumbria Police,-1.601352,54.958464,On or near High West Street,E01008166,Gateshead 027C,Other crime,Under investigation,
4ced69be2f6996b5bb4317f02c2167547ad40dfbe8d773bd92e913de9bcc95de,2015-12,Surrey Police,Northumbria Police,-1.598534,54.959138,On or near Pedestrian Subway,E01008166,Gateshead 027C,Other crime,Offender given a caution,
,2015-12,Surrey Police,Northumbria Police,-1.611219,54.960365,On or near St Cuthbert'S Road,E01008168,Gateshead 027D,Anti-social behaviour,,
,2015-12,Surrey Police,Northumbria Police,-1.602185,54.959455,On or near High West Street,E01008168,Gateshead 027D,Anti-social behaviour,,
,2015-12,Surrey Police,Northumbria Police,-1.604887,54.964272,On or near Parking Area,E01008168,Gateshead 027D,Anti-social behaviour,,
,2015-12,Surrey Police,Northumbria Police,-1.604782,54.960632,On or near Parking Area,E01008168,Gateshead 027D,Anti-social behaviour,,
,2015-12,Surrey Police,Northumbria Police,-1.604018,54.960450,On or near Regent Terrace,E01008168,Gateshead 027D,Anti-social behaviour,,
,2015-12,Surrey Police,Northumbria Police,-1.602185,54.959455,On or near High West Street,E01008168,Gateshead 027D,Anti-social behaviour,,
,2015-12,Surrey Police,Northumbria Police,-1.604153,54.962643,On or near Shopping Area,E01008168,Gateshead 027D,Anti-social behaviour,,
,2015-12,Surrey Police,Northumbria Police,-1.602185,54.959455,On or near High West Street,E01008168,Gateshead 027D,Anti-social behaviour,,
,2015-12,Surrey Police,Northumbria Police,-1.602185,54.959455,On or near High West Street,E01008168,Gateshead 027D,Anti-social behaviour,,
,2015-12,Surrey Police,Northumbria Police,-1.608128,54.965082,On or near High Level Road,E01008168,Gateshead 027D,Anti-social behaviour,,
,2015-12,Surrey Police,Northumbria Police,-1.603951,54.956235,On or near Ely Street,E01008168,Gateshead 027D,Anti-social behaviour,,
,2015-12,Surrey Police,Northumbria Police,-1.604887,54.964272,On or near Parking Area,E01008168,Gateshead 027D,Anti-social behaviour,,
,2015-12,Surrey Police,Northumbria Police,-1.601868,54.956830,On or near Denmark Street,E01008168,Gateshead 027D,Anti-social behaviour,,
,2015-12,Surrey Police,Northumbria Police,-1.602185,54.959455,On or near High West Street,E01008168,Gateshead 027D,Anti-social behaviour,,
,2015-12,Surrey Police,Northumbria Police,-1.604153,54.962643,On or near Shopping Area,E01008168,Gateshead 027D,Anti-social behaviour,,
,2015-12,Surrey Police,Northumbria Police,-1.604153,54.962643,On or near Shopping Area,E01008168,Gateshead 027D,Anti-social behaviour,,
,2015-12,Surrey Police,Northumbria Police,-1.602185,54.959455,On or near High West Street,E01008168,Gateshead 027D,Anti-social behaviour,,
5f805738ee33603531379cf5935a27d13eea511538370002126f930e65c163a0,2015-12,Surrey Police,Northumbria Police,-1.613296,54.960309,On or near Askew Road,E01008168,Gateshead 027D,Bicycle theft,Investigation complete; no suspect identified,
fd323e8c7b184ccb839e2694338db433bbb20b2125cb6a03a0c7d4ecad14a77b,2015-12,Surrey Police,Northumbria Police,-1.608128,54.965082,On or near High Level Road,E01008168,Gateshead 027D,Burglary,Investigation complete; no suspect identified,
fe0a19b62d305f676bdb579fbdb3ac836e6b6528689e57d02cb8880df6dc7987,2015-12,Surrey Police,Northumbria Police,-1.602301,54.957263,On or near Coburg Street,E01008168,Gateshead 027D,Burglary,Investigation complete; no suspect identified,
85b9d358a4c2e556023bbd43fff7710199d432369191e31bef9b11c53946692b,2015-12,Surrey Police,Northumbria Police,-1.602185,54.959455,On or near High West Street,E01008168,Gateshead 027D,Criminal damage and arson,Under investigation,
4e22a8c7900dd2e21112f41ef269cb1dc6cf7c9d6962fd7f5fb4800b5d5bd4ad,2015-12,Surrey Police,Northumbria Police,-1.607875,54.958908,On or near Havelock Close,E01008168,Gateshead 027D,Criminal damage and arson,Investigation complete; no suspect identified,
99084ab845dfdf029708f78da5e0c99931c1e203a501ee6b8cdfb18955219e7c,2015-12,Surrey Police,Northumbria Police,-1.602301,54.957263,On or near Coburg Street,E01008168,Gateshead 027D,Criminal damage and arson,Investigation complete; no suspect identified,
db84e072758ea6a38ef2868cc275459b4851fe14f890aff9279d9dacc7da82ae,2015-12,Surrey Police,Northumbria Police,-1.606456,54.965158,On or near Hudson Street,E01008168,Gateshead 027D,Criminal damage and arson,Investigation complete; no suspect identified,
14487786e0aed821da51356714809efcd858bc26749a8317df5ba23a0fda650b,2015-12,Surrey Police,Northumbria Police,-1.604786,54.963427,On or near Pedestrian Subway,E01008168,Gateshead 027D,Drugs,Under investigation,
1feb10b7d2fa36bdd26f2a4a320b32928a3a747bb2accf2ee17799bc8226c11a,2015-12,Surrey Police,Northumbria Police,-1.601868,54.956830,On or near Denmark Street,E01008168,Gateshead 027D,Public order,Offender given a caution,
3febc9a753de703bec9dc0468c1eb812a0e58d422989803b6ac0f0afad4e064a,2015-12,Surrey Police,Northumbria Police,-1.604153,54.962643,On or near Shopping Area,E01008168,Gateshead 027D,Public order,Investigation complete; no suspect identified,
01b99844053e5209ac72e2d9bcae7e41014167d13296620d1ae6fff4d95c0387,2015-12,Surrey Police,Northumbria Police,-1.604887,54.964272,On or near Parking Area,E01008168,Gateshead 027D,Public order,Awaiting court outcome,
b25a615c6eaaae8a7036be4b8380970fbd5707a93a58358379a09ec070987543,2015-12,Surrey Police,Northumbria Police,-1.604782,54.960632,On or near Parking Area,E01008168,Gateshead 027D,Public order,Under investigation,
4452cbd2848b1d8f4a89ee3a870cdbbd1436521254473c8cee6600aba3adfe54,2015-12,Surrey Police,Northumbria Police,-1.604018,54.960450,On or near Regent Terrace,E01008168,Gateshead 027D,Public order,Under investigation,
baf3ff515c250a7172b6f215f37ad00546121cd009cb131a545de47f69032a09,2015-12,Surrey Police,Northumbria Police,-1.604153,54.962643,On or near Shopping Area,E01008168,Gateshead 027D,Shoplifting,Offender sent to prison,
3594ff016fc9c2fa7e79dcd12a6f17593847a8778ed9fd372e45b621b39d29e1,2015-12,Surrey Police,Northumbria Police,-1.601308,54.958177,On or near High West Street,E01008168,Gateshead 027D,Shoplifting,Under investigation,
b2dd41858c945c9216fd2682125b4e097850adc4c26dae79617f49e63fd9662c,2015-12,Surrey Police,Northumbria Police,-1.604153,54.962643,On or near Shopping Area,E01008168,Gateshead 027D,Shoplifting,Under investigation,
4a45f67fb559d1bcdfa41d40fb22c69fb3b4d5df7e2c596f3dd1aeaca6e81555,2015-12,Surrey Police,Northumbria Police,-1.601308,54.958177,On or near High West Street,E01008168,Gateshead 027D,Shoplifting,Investigation complete; no suspect identified,
58ecc2e8abd0d8a40dea96a11d9717471c9deb6f001879f5ab85e1c0118352f2,2015-12,Surrey Police,Northumbria Police,-1.601308,54.958177,On or near High West Street,E01008168,Gateshead 027D,Shoplifting,Investigation complete; no suspect identified,
c5e89a612980a909082c79d920824395dc0a40b4d26991ee5e0d8e9f82a8a8ec,2015-12,Surrey Police,Northumbria Police,-1.607902,54.957812,On or near Havelock Terrace,E01008168,Gateshead 027D,Vehicle crime,Investigation complete; no suspect identified,
d128283a3fc4cb76bbeb18571c511bc59dc0548bc8e9a037195e47d839925f87,2015-12,Surrey Police,Northumbria Police,-1.604153,54.962643,On or near Shopping Area,E01008168,Gateshead 027D,Violence and sexual offences,Under investigation,
cc493282e62254c841cceb94e5de7d7e09ac8b68b980bf7ad11ce0abf33df01b,2015-12,Surrey Police,Northumbria Police,-1.604153,54.962643,On or near Shopping Area,E01008168,Gateshead 027D,Violence and sexual offences,Investigation complete; no suspect identified,
6a4b893b1974e79f4f809b35f486ee18e17da351e09bfa62b7b6d1f15a5ce18c,2015-12,Surrey Police,Northumbria Police,-1.604153,54.962643,On or near Shopping Area,E01008168,Gateshead 027D,Violence and sexual offences,Investigation complete; no suspect identified,
ff3b6960905124841fc2ad5a154699aa41ab3d359ce6cc65b8b1a2ed82bbb03a,2015-12,Surrey Police,Northumbria Police,-1.601868,54.956830,On or near Denmark Street,E01008168,Gateshead 027D,Violence and sexual offences,Investigation complete; no suspect identified,
7709498dfcad511b6a93924adce168ccf0deb9eeefc9b44ca502e56cf7a1acd8,2015-12,Surrey Police,Northumbria Police,-1.601868,54.956830,On or near Denmark Street,E01008168,Gateshead 027D,Violence and sexual offences,Investigation complete; no suspect identified,
c65ca0e596727fb489a4f02feefbef924f5e12596ddfd6b5cec14f303bc0e6b5,2015-12,Surrey Police,Northumbria Police,-1.604153,54.962643,On or near Shopping Area,E01008168,Gateshead 027D,Violence and sexual offences,Investigation complete; no suspect identified,
102ee67aea993339a962f8e5df2bb7a1b9eda82f7e5f17405ac0782a7dfbcbe0,2015-12,Surrey Police,Northumbria Police,-1.607875,54.958908,On or near Havelock Close,E01008168,Gateshead 027D,Violence and sexual offences,Under investigation,
8aef9d8b4764e770cc87ee0cdb745961ca2e0a929ddb63f73e9bde5ddbbbef9c,2015-12,Surrey Police,Northumbria Police,-1.604153,54.962643,On or near Shopping Area,E01008168,Gateshead 027D,Violence and sexual offences,Investigation complete; no suspect identified,
64816d5ff340585e2079d838915c179ef64b7c8792b9bc574eb0518961c1f2af,2015-12,Surrey Police,Northumbria Police,-1.604786,54.963427,On or near Pedestrian Subway,E01008168,Gateshead 027D,Violence and sexual offences,Investigation complete; no suspect identified,
d3dc08c9307926e51f752f4406a54e575b73fa2e3c72fedcfc03870f87be04ec,2015-12,Surrey Police,Northumbria Police,-1.601868,54.956830,On or near Denmark Street,E01008168,Gateshead 027D,Violence and sexual offences,Awaiting court outcome,
,2015-12,Surrey Police,Northumbria Police,-1.597286,54.957480,On or near Pedestrian Subway,E01008163,Gateshead 028A,Anti-social behaviour,,
,2015-12,Surrey Police,Northumbria Police,-1.595902,54.952219,On or near Woods Terrace,E01008163,Gateshead 028A,Anti-social behaviour,,
,2015-12,Surrey Police,Northumbria Police,-1.602258,54.953722,On or near Whitehall Road,E01008163,Gateshead 028A,Anti-social behaviour,,
,2015-12,Surrey Police,Northumbria Police,-1.596003,54.956119,On or near Cemetery Road,E01008163,Gateshead 028A,Anti-social behaviour,,
,2015-12,Surrey Police,Northumbria Police,-1.601293,54.954977,On or near Granville Street,E01008163,Gateshead 028A,Anti-social behaviour,,
,2015-12,Surrey Police,Northumbria Police,-1.594228,54.952555,On or near Fife Street,E01008163,Gateshead 028A,Anti-social behaviour,,
,2015-12,Surrey Police,Northumbria Police,-1.602450,54.954810,On or near Prince Consort Road,E01008163,Gateshead 028A,Anti-social behaviour,,
,2015-12,Surrey Police,Northumbria Police,-1.602258,54.953722,On or near Whitehall Road,E01008163,Gateshead 028A,Anti-social behaviour,,
d692df82f4f5a1aa352cc0116622a179ac716b7a410112ab2ec74b26dbbdeab2,2015-12,Surrey Police,Northumbria Police,-1.598252,54.956127,On or near Camilla Street,E01008163,Gateshead 028A,Burglary,Investigation complete; no suspect identified,
fc91ebea4ba7692f3b4c88411ac534a385cce100bd1d2851df5286183f9b18ed,2015-12,Surrey Police,Northumbria Police,-1.595902,54.952219,On or near Woods Terrace,E01008163,Gateshead 028A,Burglary,Under investigation,
91697c39bd08cce0b493661183031e232632646eb2d08910e204c6d8b14c03f3,2015-12,Surrey Police,Northumbria Police,-1.601293,54.954977,On or near Granville Street,E01008163,Gateshead 028A,Criminal damage and arson,Investigation complete; no suspect identified,
cc9bcdc5c895836cb81623e14f86d14dfb4661ef76fc4772ff334d6e9e56a0c1,2015-12,Surrey Police,Northumbria Police,-1.594228,54.952555,On or near Fife Street,E01008163,Gateshead 028A,Criminal damage and arson,Investigation complete; no suspect identified,
842b4f905cdd2a4ab915b35f2bb5c8f870e5418b5b1e8054c9f9f2e47a6a9694,2015-12,Surrey Police,Northumbria Police,-1.590598,54.951797,On or near Teviot Street,E01008163,Gateshead 028A,Criminal damage and arson,Investigation complete; no suspect identified,
07b06542471d6acb60e86a9f85537e7a587d90d9890b646eb7ab5c9f97a1c4d5,2015-12,Surrey Police,Northumbria Police,-1.602258,54.953722,On or near Whitehall Road,E01008163,Gateshead 028A,Criminal damage and arson,Investigation complete; no suspect identified,
dfe194662a944e1f80fb51cb835984a03888c92f1651914309ba43ae88a51999,2015-12,Surrey Police,Northumbria Police,-1.598252,54.956127,On or near Camilla Street,E01008163,Gateshead 028A,Drugs,Investigation complete; no suspect identified,
dd4d86f0f49245db08e80a29cfd46133dbb744809d1e824da4370a5e6bee9fae,2015-12,Surrey Police,Northumbria Police,-1.597964,54.955209,On or near Petrol Station,E01008163,Gateshead 028A,Other theft,Investigation complete; no suspect identified,
b5ab64360776f5cb72f96f38e720e2999cb6d1cc85ef5c85240040b8662021a7,2015-12,Surrey Police,Northumbria Police,-1.602258,54.953722,On or near Whitehall Road,E01008163,Gateshead 028A,Public order,Investigation complete; no suspect identified,
205ddcfb588414430bfc8571db8148070b78dc02b6ff0e97f2e18ba9f72c45da,2015-12,Surrey Police,Northumbria Police,-1.597964,54.955209,On or near Petrol Station,E01008163,Gateshead 028A,Public order,Awaiting court outcome,
ba0b5249db8a703bc1c3551932fea62d9f7bb0bd78c67fe3710a7c68107acca1,2015-12,Surrey Police,Northumbria Police,-1.596003,54.956119,On or near Cemetery Road,E01008163,Gateshead 028A,Robbery,Investigation complete; no suspect identified,
e52a5f7e1323148484375c2fdcbbc75634d4187dd8909a34be9007b12cf9cd2b,2015-12,Surrey Police,Northumbria Police,-1.602450,54.954810,On or near Prince Consort Road,E01008163,Gateshead 028A,Vehicle crime,Investigation complete; no suspect identified,
77699498460dfca82b9e6a46f32319444fe151e7c385f1ff6404932652257cb8,2015-12,Surrey Police,Northumbria Police,-1.595834,54.952821,On or near Durham Place,E01008163,Gateshead 028A,Violence and sexual offences,Investigation complete; no suspect identified,
77053aae1438ecd005bf7750cb70fbe95fbaf2ca1eeca95e38ed6c57c4957e0d,2015-12,Surrey Police,Northumbria Police,-1.599739,54.954235,On or near Durham Road,E01008163,Gateshead 028A,Violence and sexual offences,Investigation complete; no suspect identified,
e2030f47c2c3b04652999ea8302ba3477d5c0ce36e681b62824c3f4fa32f7540,2015-12,Surrey Police,Northumbria Police,-1.603536,54.953942,On or near Ripon Street,E01008163,Gateshead 028A,Violence and sexual offences,Awaiting court outcome,
11b6946f151dfa696e6ded3afa54929129418eb259e9ee7fac8661f48f081fdd,2015-12,Surrey Police,Northumbria Police,-1.598252,54.956127,On or near Camilla Street,E01008163,Gateshead 028A,Violence and sexual offences,Investigation complete; no suspect identified,
b9e653892be044f1196c79c694a77fc5804d9bc51301c56df77326a955f1b0e8,2015-12,Surrey Police,Northumbria Police,-1.595902,54.952219,On or near Woods Terrace,E01008163,Gateshead 028A,Violence and sexual offences,Offender given a caution,
,2015-12,Surrey Police,Northumbria Police,-1.592529,54.950725,On or near Deckham Street,E01008203,Gateshead 028B,Anti-social behaviour,,
,2015-12,Surrey Police,Northumbria Police,-1.593162,54.949882,On or near Caris Street,E01008203,Gateshead 028B,Anti-social behaviour,,
,2015-12,Surrey Police,Northumbria Police,-1.593564,54.950279,On or near Rosebery Avenue,E01008203,Gateshead 028B,Anti-social behaviour,,
,2015-12,Surrey Police,Northumbria Police,-1.599078,54.949965,On or near Durham Road,E01008203,Gateshead 028B,Anti-social behaviour,,
,2015-12,Surrey Police,Northumbria Police,-1.594435,54.950569,On or near Newman Terrace,E01008203,Gateshead 028B,Anti-social behaviour,,
,2015-12,Surrey Police,Northumbria Police,-1.597230,54.950552,On or near Raby Street,E01008203,Gateshead 028B,Anti-social behaviour,,
,2015-12,Surrey Police,Northumbria Police,-1.594435,54.950569,On or near Newman Terrace,E01008203,Gateshead 028B,Anti-social behaviour,,
,2015-12,Surrey Police,Northumbria Police,-1.592529,54.950725,On or near Deckham Street,E01008203,Gateshead 028B,Anti-social behaviour,,
90134941b0addb209c47065d98d69c6dadaab09388b049bd86d23b5d2ef3aa89,2015-12,Surrey Police,Northumbria Police,-1.592529,54.950725,On or near Deckham Street,E01008203,Gateshead 028B,Criminal damage and arson,Investigation complete; no suspect identified,
df3c53cf123c7ec2b3a329dab4a509f92f80c421c67c0a97d3e8ae4a173c39af,2015-12,Surrey Police,Northumbria Police,-1.599078,54.949965,On or near Durham Road,E01008203,Gateshead 028B,Criminal damage and arson,Investigation complete; no suspect identified,
2bc5f2987e879ec2b53d73eab52401e5817bb7e179735dd19b8961afa5714e68,2015-12,Surrey Police,Northumbria Police,-1.598237,54.954518,On or near St Edmund'S Road,E01008203,Gateshead 028B,Criminal damage and arson,Investigation complete; no suspect identified,
74c506a0a1bd15588781c6f1f1b1a10f705f43354481e23f29c92ef2f4115903,2015-12,Surrey Police,Northumbria Police,-1.597230,54.950552,On or near Raby Street,E01008203,Gateshead 028B,Drugs,Under investigation,
b3e01520d0eb9db4e31ea2bdcdb706f789aaa7d0c1826e1ca31ce69bfc293ef9,2015-12,Surrey Police,Northumbria Police,-1.598866,54.954089,On or near Jedburgh Close,E01008203,Gateshead 028B,Other theft,Investigation complete; no suspect identified,
a862f2af88e11a21157543eca8044eda588e31edad7414b26c499d2150ba53ac,2015-12,Surrey Police,Northumbria Police,-1.594435,54.950569,On or near Newman Terrace,E01008203,Gateshead 028B,Other theft,Investigation complete; no suspect identified,
cc39301ab3c5d4d16a092ccaae495eb0bbc513b4b0199478801a80d0fcd49e71,2015-12,Surrey Police,Northumbria Police,-1.594435,54.950569,On or near Newman Terrace,E01008203,Gateshead 028B,Other theft,Under investigation,
b87f2e6a20c2dc16eed1dacfadafc0fd17150fccb2bcd188c5d2e944b768ffed,2015-12,Surrey Police,Northumbria Police,-1.597230,54.950552,On or near Raby Street,E01008203,Gateshead 028B,Other theft,Under investigation,
a9c2bac92be088c6973c193dec3f6e31697909c26cfa9f4de309fb4cea61f8cd,2015-12,Surrey Police,Northumbria Police,-1.598694,54.952534,On or near South Street,E01008203,Gateshead 028B,Public order,Investigation complete; no suspect identified,
b12b67ea2c8f02fb47500cccde0f2871205c5d9b1173c427cf620052676e2859,2015-12,Surrey Police,Northumbria Police,-1.598694,54.952534,On or near South Street,E01008203,Gateshead 028B,Public order,Under investigation,
4818752084290d974737a9a31eeca1198472c895a2c53bc0463f42f8b0c7dbee,2015-12,Surrey Police,Northumbria Police,-1.599078,54.949965,On or near Durham Road,E01008203,Gateshead 028B,Vehicle crime,Investigation complete; no suspect identified,
cd834684703782c4ca088611be82441c6b25f237d76e12dd0d3cf5f7755e20f8,2015-12,Surrey Police,Northumbria Police,-1.594435,54.950569,On or near Newman Terrace,E01008203,Gateshead 028B,Violence and sexual offences,Investigation complete; no suspect identified,
9b66e9964d370365cd6b913ad420ab4f2a11a766c1f815a5097c9d0966b60af0,2015-12,Surrey Police,Northumbria Police,-1.592529,54.950725,On or near Deckham Street,E01008203,Gateshead 028B,Violence and sexual offences,Under investigation,
e273539233078387d09619c5eaaa8c6f180983fe1faed81a398590bab32a76ee,2015-12,Surrey Police,Northumbria Police,-1.594435,54.950569,On or near Newman Terrace,E01008203,Gateshead 028B,Violence and sexual offences,Investigation complete; no suspect identified,
,2015-12,Surrey Police,Northumbria Police,-1.591151,54.946515,On or near Stavordale Terrace,E01008205,Gateshead 028C,Anti-social behaviour,,
9cb076278d92f00b289721161ab4a08a0604df292528f66b5d7aa63ddc230a19,2015-12,Surrey Police,Northumbria Police,-1.593658,54.947161,On or near Valley Gardens,E01008205,Gateshead 028C,Burglary,Investigation complete; no suspect identified,
ceedbd4f3578c7e91a5eec1ee152e80300e42a361f8c4af60de8555f511407fd,2015-12,Surrey Police,Northumbria Police,-1.595625,54.948695,On or near Holyoake Gardens,E01008205,Gateshead 028C,Criminal damage and arson,Investigation complete; no suspect identified,
f086bf7a689ce44dd97b9bb9a97188f71fa933add5102fdb03170ae43acad601,2015-12,Surrey Police,Northumbria Police,-1.589041,54.946705,On or near Brownsea Place,E01008205,Gateshead 028C,Other theft,Awaiting court outcome,
bad10fdf80267810ede85c0e8f630efcff1e1a00dcf52238c20f1bc56e4c4917,2015-12,Surrey Police,Northumbria Police,-1.589041,54.946705,On or near Brownsea Place,E01008205,Gateshead 028C,Other theft,Investigation complete; no suspect identified,
6ad603766e3a28d6480d42d4292e1c0a982e5c58a74746a333fc4a0bfe7e53a5,2015-12,Surrey Police,Northumbria Police,-1.589041,54.946705,On or near Brownsea Place,E01008205,Gateshead 028C,Vehicle crime,Investigation complete; no suspect identified,
8977c4bd5280dbe618c6fb6082e2a680134e95aeccd09d2e00d076e025bebf6e,2015-12,Surrey Police,Northumbria Police,-1.668240,55.013032,On or near Kingston Park Avenue,E01008294,Newcastle upon Tyne 001A,Criminal damage and arson,Under investigation,
25793884a472e27181d5cf663797fbd949b27676edd9bb4a1f8578f720cfbff8,2015-12,Surrey Police,Northumbria Police,-1.668240,55.013032,On or near Kingston Park Avenue,E01008294,Newcastle upon Tyne 001A,Other theft,Investigation complete; no suspect identified,
67415e879f68b20808d7e79040d48c2aebc8fd547224bb8854eb2b6b02e2511a,2015-12,Surrey Police,Northumbria Police,-1.668240,55.013032,On or near Kingston Park Avenue,E01008294,Newcastle upon Tyne 001A,Shoplifting,Investigation complete; no suspect identified,
225204622b2789c563046786eec3f73f4c2e88dccf64dd78b89bb68c74d5cf24,2015-12,Surrey Police,Northumbria Police,-1.668240,55.013032,On or near Kingston Park Avenue,E01008294,Newcastle upon Tyne 001A,Shoplifting,Awaiting court outcome,
df317df6960feb82c7113a8956f65c3eb0cba348ae47d5bd0a2aebca09b47e50,2015-12,Surrey Police,Northumbria Police,-1.668240,55.013032,On or near Kingston Park Avenue,E01008294,Newcastle upon Tyne 001A,Shoplifting,Under investigation,
6d9db1e1ccd2df08707d1eeb7acb716bb391e07e200a7590adb9be7d791f2985,2015-12,Surrey Police,Northumbria Police,-1.668240,55.013032,On or near Kingston Park Avenue,E01008294,Newcastle upon Tyne 001A,Shoplifting,Investigation complete; no suspect identified,
53c9a6643fc9512981e50ab19d9c770710ee4f1c7aca597077ea7d775a5770df,2015-12,Surrey Police,Northumbria Police,-1.668240,55.013032,On or near Kingston Park Avenue,E01008294,Newcastle upon Tyne 001A,Shoplifting,Awaiting court outcome,
e637b3f639f9a43ec57246a38d784e96ccf444c30fb555eeebf4f37d511bafd0,2015-12,Surrey Police,Northumbria Police,-1.668240,55.013032,On or near Kingston Park Avenue,E01008294,Newcastle upon Tyne 001A,Violence and sexual offences,Investigation complete; no suspect identified,
369c25dbdc06642699875dd5cb9c0a41b8ef57273c03c65f2c4a9a8afad58067,2015-12,Surrey Police,Northumbria Police,-1.674885,55.011198,On or near Warbeck Close,E01008294,Newcastle upon Tyne 001A,Violence and sexual offences,Investigation complete; no suspect identified,
,2015-12,Surrey Police,Northumbria Police,-1.672656,55.054443,On or near Ash Avenue,E01008306,Newcastle upon Tyne 001B,Anti-social behaviour,,
17c246da87c5163bd620748eab29dcd7c376c30778b5a7b57763d5275e6bc923,2015-12,Surrey Police,Northumbria Police,-1.676272,55.054452,On or near North View,E01008306,Newcastle upon Tyne 001B,Burglary,Investigation complete; no suspect identified,
1fe5298dac370f86616ed7b7a8f81b8b19f11837ba1cc1383c323db5518c7982,2015-12,Surrey Police,Northumbria Police,-1.685174,55.059041,On or near Prestwick Carr Road,E01008306,Newcastle upon Tyne 001B,Burglary,Investigation complete; no suspect identified,
23af3f3c5ef57c1260f8d0cef495112636844152dc7548d3985118a0a8c12eeb,2015-12,Surrey Police,Northumbria Police,-1.670415,55.054769,On or near Poplar Avenue,E01008306,Newcastle upon Tyne 001B,Criminal damage and arson,Investigation complete; no suspect identified,
8b7a9664b5d9aebe06388cdec98df9d7d43ee376950ca4bd38f387d682ccbaa6,2015-12,Surrey Police,Northumbria Police,-1.676801,55.050967,On or near Merlay Drive,E01008306,Newcastle upon Tyne 001B,Violence and sexual offences,Under investigation,
,2015-12,Surrey Police,Northumbria Police,-1.635945,55.049648,On or near Dene Avenue,E01008307,Newcastle upon Tyne 001C,Anti-social behaviour,,
,2015-12,Surrey Police,Northumbria Police,-1.641470,55.040921,On or near Heddon Avenue,E01008308,Newcastle upon Tyne 001D,Anti-social behaviour,,
,2015-12,Surrey Police,Northumbria Police,-1.639645,55.041967,On or near Charles Street,E01008308,Newcastle upon Tyne 001D,Anti-social behaviour,,
bfcba8bdc411e5d0fb97d94a26acda685fab0ac7c8bacbf77a81d757b4491d51,2015-12,Surrey Police,Northumbria Police,-1.647526,55.031943,On or near Brunton Lane,E01008308,Newcastle upon Tyne 001D,Burglary,Investigation complete; no suspect identified,
735dd51adfcfc47d4e9b56844a222356051e996eea2e2a55f2433f7cfb741df7,2015-12,Surrey Police,Northumbria Police,-1.641470,55.040921,On or near Heddon Avenue,E01008308,Newcastle upon Tyne 001D,Burglary,Investigation complete; no suspect identified,
4088393bca53738e651e92ba74ffda85180bacc7b55b9e4077d06ddcbd16763d,2015-12,Surrey Police,Northumbria Police,-1.641470,55.040921,On or near Heddon Avenue,E01008308,Newcastle upon Tyne 001D,Criminal damage and arson,Investigation complete; no suspect identified,
ab1cf66cbd04b18e958f466578a61bcbbf2b239104172429a2b81a519fba7dc0,2015-12,Surrey Police,Northumbria Police,-1.647526,55.031943,On or near Brunton Lane,E01008308,Newcastle upon Tyne 001D,Other theft,Under investigation,
0937f25624cc678991f7a77d38dcfcac5daf5dd6fc269c4ffd57e87169f5ca9b,2015-12,Surrey Police,Northumbria Police,-1.640161,55.029828,On or near Prendwick Avenue,E01008308,Newcastle upon Tyne 001D,Violence and sexual offences,Under investigation,
4464855f90132cdbbdff7fc4a4fcf8f666b187cc4bb21d564f6620deeffab97e,2015-12,Surrey Police,Northumbria Police,-1.647526,55.031943,On or near Brunton Lane,E01008308,Newcastle upon Tyne 001D,Violence and sexual offences,Under investigation,
3b5270f191a2f6a5208f9c4660c49041f21091607ac4c3c1f7c16d6cd8427e68,2015-12,Surrey Police,Northumbria Police,-1.647526,55.031943,On or near Brunton Lane,E01008308,Newcastle upon Tyne 001D,Violence and sexual offences,Awaiting court outcome,
,2015-12,Surrey Police,Northumbria Police,-1.662251,55.018587,On or near Fawdon Walk,E01008311,Newcastle upon Tyne 001E,Anti-social behaviour,,
a4f273a7eaaa3d2dd5668f94a99a4e604e4bcbbc6c1586c365afd4b1897f9883,2015-12,Surrey Police,Northumbria Police,-1.656079,55.017868,On or near Windsor Court,E01008311,Newcastle upon Tyne 001E,Violence and sexual offences,Under investigation,
,2015-12,Surrey Police,Northumbria Police,-1.664894,55.014793,On or near Parking Area,E01008312,Newcastle upon Tyne 001F,Anti-social behaviour,,
1014d76ffa52efdbd6a1b9c27144e0defab004060fb9279b7c3e91f5faf605e7,2015-12,Surrey Police,Northumbria Police,-1.669983,55.015921,On or near Shannon Court,E01008312,Newcastle upon Tyne 001F,Criminal damage and arson,Investigation complete; no suspect identified,
,2015-12,Surrey Police,Northumbria Police,-1.659222,55.018003,On or near Bromley Court,E01008313,Newcastle upon Tyne 001G,Anti-social behaviour,,
90541585506f65360d8c1ea6d996e8cc6968ae4296a2297a56508a2ec83152ec,2015-12,Surrey Police,Northumbria Police,-1.659222,55.018003,On or near Bromley Court,E01008313,Newcastle upon Tyne 001G,Public order,Awaiting court outcome,
5b602ace83f5d7ffe6e1cd8d9bd483b9ed978298ff945901a7d51448ec69d3a9,2015-12,Surrey Police,Northumbria Police,-1.660175,55.016226,On or near Marlborough Court,E01008313,Newcastle upon Tyne 001G,Vehicle crime,Under investigation,
8082d91fc3884d19649d878b76d8e242b21de5b7d7ed8b4aff25ad5a09a8b174,2015-12,Surrey Police,Northumbria Police,-1.664983,55.017282,On or near Windsor Way,E01008313,Newcastle upon Tyne 001G,Violence and sexual offences,Awaiting court outcome,
b68c5f199dcb820b85358d8764991bfd9484d43b73c30f997ce24321a247bd25,2015-12,Surrey Police,Northumbria Police,-1.659664,55.017528,On or near Hastings Avenue,E01008313,Newcastle upon Tyne 001G,Violence and sexual offences,Under investigation,
36c8f0f949a3874c5bfa0023c9c8d180f2230c49afaf2fcdcf5516e916efb3b5,2015-12,Surrey Police,Northumbria Police,-1.659222,55.018003,On or near Bromley Court,E01008313,Newcastle upon Tyne 001G,Violence and sexual offences,Awaiting court outcome,
9ee93eafa8b8e6970cd77899c1458dae58c325b19cdd131e1684f1e63edc5b18,2015-12,Surrey Police,Northumbria Police,-1.622826,55.028293,On or near Great North Road,E01008309,Newcastle upon Tyne 002A,Criminal damage and arson,Investigation complete; no suspect identified,
50b5491a304dd040432ab0e44e196a8c635576f77c2d95aae5ca54ae7bf58b07,2015-12,Surrey Police,Northumbria Police,-1.630173,55.023831,On or near Princes Close,E01008309,Newcastle upon Tyne 002A,Criminal damage and arson,Investigation complete; no suspect identified,
,2015-12,Surrey Police,Northumbria Police,-1.633764,55.014272,On or near Budle Close,E01008352,Newcastle upon Tyne 002C,Anti-social behaviour,,
c58beb28fc0430f42a888fa6c078560a78d806197c5e050fcf5f5e21fc469806,2015-12,Surrey Police,Northumbria Police,-1.633764,55.014272,On or near Budle Close,E01008352,Newcastle upon Tyne 002C,Other theft,Investigation complete; no suspect identified,
91c3c78386f92830eb59e566320a5af5f858fe0480089e30a0d00b5142e23804,2015-12,Surrey Police,Northumbria Police,-1.632110,55.015543,On or near Lesbury Chase,E01008352,Newcastle upon Tyne 002C,Violence and sexual offences,Awaiting court outcome,
cf0c8f14bb705218bd57091188457df73771c707658fd77a21e678d23384bd68,2015-12,Surrey Police,Northumbria Police,-1.633142,55.015564,On or near Ford Grove,E01008352,Newcastle upon Tyne 002C,Violence and sexual offences,Investigation complete; no suspect identified,
1fbc24d48d7be5160025d324ebda503a58c9a23782f88220d873e25157959a19,2015-12,Surrey Police,Northumbria Police,-1.631311,55.012323,On or near Whitton Way,E01008352,Newcastle upon Tyne 002C,Violence and sexual offences,Investigation complete; no suspect identified,
,2015-12,Surrey Police,Northumbria Police,-1.620239,55.019011,On or near Burnside Road,E01008357,Newcastle upon Tyne 002D,Anti-social behaviour,,
,2015-12,Surrey Police,Northumbria Police,-1.618729,55.018296,On or near Broadway East,E01008357,Newcastle upon Tyne 002D,Anti-social behaviour,,
a9939bc15facaa8781e7a95b53eef3e811b37a8a0e0015be1cdab2926ea62d6b,2015-12,Surrey Police,Northumbria Police,-1.622492,55.020618,On or near Petrol Station,E01008357,Newcastle upon Tyne 002D,Burglary,Under investigation,
6ffc8f4e5af3238b70ab6971f7deac51fb89b4337ad7f00390fbde759c746c95,2015-12,Surrey Police,Northumbria Police,-1.616741,55.018488,On or near Celandine Close,E01008357,Newcastle upon Tyne 002D,Other theft,Investigation complete; no suspect identified,
266459eee3e1402dd7ab3bfbc54e297bca528228fa05433b26349a4256580831,2015-12,Surrey Police,Northumbria Police,-1.622492,55.020618,On or near Petrol Station,E01008357,Newcastle upon Tyne 002D,Other theft,Under investigation,
cbc746a48f51ffb7e779f2a1ba0eac09c0be83d83601ff8f36f7221b19f7e4a8,2015-12,Surrey Police,Northumbria Police,-1.623782,55.019768,On or near Bridge Park,E01008357,Newcastle upon Tyne 002D,Public order,Under investigation,
cf5e74689de43434bef4770c24975e8d5a42315e15e1dc4c220f303d6f8d29af,2015-12,Surrey Police,Northumbria Police,-1.616741,55.018488,On or near Celandine Close,E01008357,Newcastle upon Tyne 002D,Vehicle crime,Investigation complete; no suspect identified,
bb62d088bd006df0a720efe55f55a86997160d1833f5eeaebbb925ff0bfd3a1e,2015-12,Surrey Police,Northumbria Police,-1.613499,55.018918,On or near Melmerby Close,E01008357,Newcastle upon Tyne 002D,Violence and sexual offences,Under investigation,
,2015-12,Surrey Police,Northumbria Police,-1.622121,55.011801,On or near Parking Area,E01008358,Newcastle upon Tyne 002E,Anti-social behaviour,,
,2015-12,Surrey Police,Northumbria Police,-1.619128,55.014164,On or near Harewood Road,E01008358,Newcastle upon Tyne 002E,Anti-social behaviour,,
,2015-12,Surrey Police,Northumbria Police,-1.619128,55.014164,On or near Harewood Road,E01008358,Newcastle upon Tyne 002E,Anti-social behaviour,,
,2015-12,Surrey Police,Northumbria Police,-1.622121,55.011801,On or near Parking Area,E01008358,Newcastle upon Tyne 002E,Anti-social behaviour,,
,2015-12,Surrey Police,Northumbria Police,-1.624311,55.011655,On or near Further/Higher Educational Building,E01008358,Newcastle upon Tyne 002E,Anti-social behaviour,,
,2015-12,Surrey Police,Northumbria Police,-1.619191,55.015755,On or near Linthorpe Road,E01008358,Newcastle upon Tyne 002E,Anti-social behaviour,,
,2015-12,Surrey Police,Northumbria Police,-1.622121,55.011801,On or near Parking Area,E01008358,Newcastle upon Tyne 002E,Anti-social behaviour,,
,2015-12,Surrey Police,Northumbria Police,-1.622121,55.011801,On or near Parking Area,E01008358,Newcastle upon Tyne 002E,Anti-social behaviour,,
,2015-12,Surrey Police,Northumbria Police,-1.622121,55.011801,On or near Parking Area,E01008358,Newcastle upon Tyne 002E,Anti-social behaviour,,
,2015-12,Surrey Police,Northumbria Police,-1.622121,55.011801,On or near Parking Area,E01008358,Newcastle upon Tyne 002E,Anti-social behaviour,,
,2015-12,Surrey Police,Northumbria Police,-1.624311,55.011655,On or near Further/Higher Educational Building,E01008358,Newcastle upon Tyne 002E,Anti-social behaviour,,
,2015-12,Surrey Police,Northumbria Police,-1.624311,55.011655,On or near Further/Higher Educational Building,E01008358,Newcastle upon Tyne 002E,Anti-social behaviour,,
,2015-12,Surrey Police,Northumbria Police,-1.624311,55.011655,On or near Further/Higher Educational Building,E01008358,Newcastle upon Tyne 002E,Anti-social behaviour,,
,2015-12,Surrey Police,Northumbria Police,-1.622121,55.011801,On or near Parking Area,E01008358,Newcastle upon Tyne 002E,Anti-social behaviour,,
,2015-12,Surrey Police,Northumbria Police,-1.624311,55.011655,On or near Further/Higher Educational Building,E01008358,Newcastle upon Tyne 002E,Anti-social behaviour,,
f5f68fc46e5f5a6d6b63eff21a7e86da2e5eee35867055a009521fc1df52b5d9,2015-12,Surrey Police,Northumbria Police,-1.622121,55.011801,On or near Parking Area,E01008358,Newcastle upon Tyne 002E,Bicycle theft,Investigation complete; no suspect identified,
2a3c59f743b99930b7333a651f1709a698b4afb7a2c1eeb76f71bb0b1bacda83,2015-12,Surrey Police,Northumbria Police,-1.626404,55.015328,On or near Princes Avenue,E01008358,Newcastle upon Tyne 002E,Burglary,Under investigation,
1b5738048a8372f16fd02c46d8e06f4f220548d29821aefb62d3ebb238d5f8b1,2015-12,Surrey Police,Northumbria Police,-1.626404,55.015328,On or near Princes Avenue,E01008358,Newcastle upon Tyne 002E,Criminal damage and arson,Investigation complete; no suspect identified,
05823e93d09d425a47e980407201feb3730b5ca811021acf099a1da521be2b4e,2015-12,Surrey Police,Northumbria Police,-1.619583,55.017293,On or near Grange Road,E01008358,Newcastle upon Tyne 002E,Criminal damage and arson,Offender given a caution,
0b279492cfa75d1902d3d0335e4d05b6bb7bd8e0a16eb6b08926f154f7cf38ff,2015-12,Surrey Police,Northumbria Police,-1.622121,55.011801,On or near Parking Area,E01008358,Newcastle upon Tyne 002E,Criminal damage and arson,Investigation complete; no suspect identified,
a53b822f860dfbd3e2a7d91a4a7b9781ad4a35680da21674bed07790833a8d45,2015-12,Surrey Police,Northumbria Police,-1.619128,55.014164,On or near Harewood Road,E01008358,Newcastle upon Tyne 002E,Other theft,Under investigation,
50b58025bce77fe5a45135166734566e17c5385c5429fba8be6de11b8892aaba,2015-12,Surrey Police,Northumbria Police,-1.624311,55.011655,On or near Further/Higher Educational Building,E01008358,Newcastle upon Tyne 002E,Other theft,Under investigation,
de496b177fc0841967396df7d9541f140675e24498bfdee94da44a1cbbaf11f0,2015-12,Surrey Police,Northumbria Police,-1.624311,55.011655,On or near Further/Higher Educational Building,E01008358,Newcastle upon Tyne 002E,Other theft,Investigation complete; no suspect identified,
237ad05b17f7d2ab09534e2da7651d71a37eb851fd1c11cca40750b519ed3085,2015-12,Surrey Police,Northumbria Police,-1.619903,55.013187,On or near Supermarket,E01008358,Newcastle upon Tyne 002E,Shoplifting,Offender given a caution,
74f5626fa8057d471a4d4c0deaf704d32270997f0108d8a2bfde3b374b9912ec,2015-12,Surrey Police,Northumbria Police,-1.619903,55.013187,On or near Supermarket,E01008358,Newcastle upon Tyne 002E,Shoplifting,Awaiting court outcome,
93d9b75a55b337420d10c1ced6eef6fe949a389f8a4b6eb370c05f9a61f9ed0c,2015-12,Surrey Police,Northumbria Police,-1.619903,55.013187,On or near Supermarket,E01008358,Newcastle upon Tyne 002E,Shoplifting,Offender given community sentence,
b6da1a9f1c6b8e1d4791c8da6c95f092c534066ae1dd6add25948019652e31ba,2015-12,Surrey Police,Northumbria Police,-1.619903,55.013187,On or near Supermarket,E01008358,Newcastle upon Tyne 002E,Shoplifting,Offender given penalty notice,
61be590bc11eec3fe3173000cb0dca2e17763a484fc47ce9ca4c1d6bd190ca0e,2015-12,Surrey Police,Northumbria Police,-1.619903,55.013187,On or near Supermarket,E01008358,Newcastle upon Tyne 002E,Shoplifting,Offender given community sentence,
c1f2dfcd82c8f5065d2b6c03b8592b7c5360edb018a0833376b309580a0b8f21,2015-12,Surrey Police,Northumbria Police,-1.619903,55.013187,On or near Supermarket,E01008358,Newcastle upon Tyne 002E,Shoplifting,Offender given conditional discharge,
4424ac43711940f684895167ce049a064426760cb05da066b8b88289bd96f86a,2015-12,Surrey Police,Northumbria Police,-1.619903,55.013187,On or near Supermarket,E01008358,Newcastle upon Tyne 002E,Shoplifting,Under investigation,
9bab26c718fcb03207b6149e5d123930e64bffefe6fce518dfb2a19969327bb5,2015-12,Surrey Police,Northumbria Police,-1.619903,55.013187,On or near Supermarket,E01008358,Newcastle upon Tyne 002E,Shoplifting,Under investigation,
692be1dbddef6edec81e0f10f890d300f9f586957736e7f025222a2ab8b93793,2015-12,Surrey Police,Northumbria Police,-1.621909,55.014334,On or near Petrol Station,E01008358,Newcastle upon Tyne 002E,Vehicle crime,Investigation complete; no suspect identified,
a626029e3ff0a15436f4012468fa806ed55db97f3de5a18685f32b6f4ec79aa1,2015-12,Surrey Police,Northumbria Police,-1.622833,55.015955,On or near Westbourne Avenue,E01008358,Newcastle upon Tyne 002E,Vehicle crime,Investigation complete; no suspect identified,
4854fa6d89e2e7ac3e5f0d0e384bdabafc50b94d4e0679df5487384f17530171,2015-12,Surrey Police,Northumbria Police,-1.622121,55.011801,On or near Parking Area,E01008358,Newcastle upon Tyne 002E,Violence and sexual offences,Awaiting court outcome,
,2015-12,Surrey Police,Northumbria Police,-1.634244,55.026737,On or near Blenkinsop Mews,E01033550,Newcastle upon Tyne 002F,Anti-social behaviour,,
,2015-12,Surrey Police,Northumbria Police,-1.636254,55.025934,On or near Halton Way,E01033550,Newcastle upon Tyne 002F,Anti-social behaviour,,
,2015-12,Surrey Police,Northumbria Police,-1.616197,55.034482,On or near Parking Area,E01033551,Newcastle upon Tyne 002G,Anti-social behaviour,,
,2015-12,Surrey Police,Northumbria Police,-1.616197,55.034482,On or near Parking Area,E01033551,Newcastle upon Tyne 002G,Anti-social behaviour,,
,2015-12,Surrey Police,Northumbria Police,-1.617155,55.025885,On or near Heathfield Place,E01033551,Newcastle upon Tyne 002G,Anti-social behaviour,,
8bcede6d467484bb1a320b30fe45a73c106c052165db65fbb01d2395644eb1e4,2015-12,Surrey Police,Northumbria Police,-1.616197,55.034482,On or near Parking Area,E01033551,Newcastle upon Tyne 002G,Burglary,Investigation complete; no suspect identified,
60898fe8492e14060a689e17152177ed35e1915f3c83385312bab1ab5fc22e1a,2015-12,Surrey Police,Northumbria Police,-1.624648,55.035919,On or near Petrol Station,E01033551,Newcastle upon Tyne 002G,Other theft,Offender given a caution,
b639788ed72e2f5ac167d39b0146f9558a951c32b0bb53e1849499a499d9592e,2015-12,Surrey Police,Northumbria Police,-1.624648,55.035919,On or near Petrol Station,E01033551,Newcastle upon Tyne 002G,Other theft,Investigation complete; no suspect identified,
6a5471bff6d9b4a0238c01d4b99c832d6c6a05368dd9babf0e746899a60af996,2015-12,Surrey Police,Northumbria Police,-1.624648,55.035919,On or near Petrol Station,E01033551,Newcastle upon Tyne 002G,Shoplifting,Under investigation,
4f612daa117ccf1d4b0c4c272d4144e97da590f536d5728cec394a00aab23514,2015-12,Surrey Police,Northumbria Police,-1.624648,55.035919,On or near Petrol Station,E01033551,Newcastle upon Tyne 002G,Shoplifting,Offender given conditional discharge,
6f1a67dee4d3d70a8db3a957fe31ecef2c12e16848e02318e5311b224fb97d31,2015-12,Surrey Police,Northumbria Police,-1.624648,55.035919,On or near Petrol Station,E01033551,Newcastle upon Tyne 002G,Shoplifting,Offender given penalty notice,
ac574080f2d4b3962d78272c0434dcbd4b004ff40301c07e709efb6f4c01a343,2015-12,Surrey Police,Northumbria Police,-1.624648,55.035919,On or near Petrol Station,E01033551,Newcastle upon Tyne 002G,Violence and sexual offences,Local resolution,
9357db69b3c3ba324491d53b460646ee63bb712df62043a847ee8806874d0bba,2015-12,Surrey Police,Northumbria Police,-1.627285,55.029987,On or near Warkworth Woods,E01033551,Newcastle upon Tyne 002G,Violence and sexual offences,Under investigation,
,2015-12,Surrey Police,Northumbria Police,-1.635250,55.014132,On or near Wansbeck Road,E01008336,Newcastle upon Tyne 003A,Anti-social behaviour,,
,2015-12,Surrey Police,Northumbria Police,-1.637134,55.015109,On or near Aln Avenue,E01008336,Newcastle upon Tyne 003A,Anti-social behaviour,,
,2015-12,Surrey Police,Northumbria Police,-1.635250,55.014132,On or near Wansbeck Road,E01008336,Newcastle upon Tyne 003A,Anti-social behaviour,,
,2015-12,Surrey Police,Northumbria Police,-1.635250,55.014132,On or near Wansbeck Road,E01008336,Newcastle upon Tyne 003A,Anti-social behaviour,,
bda12fafdde92d0cc8612a3853f5b5f899613bf66cb202d6ee8922166e63d016,2015-12,Surrey Police,Northumbria Police,-1.639652,55.011593,On or near Jubilee Road,E01008336,Newcastle upon Tyne 003A,Criminal damage and arson,Investigation complete; no suspect identified,
061df4af82264c3be8c8852355e9e34fc4f6ef8e236bbd7e00d568432de7d988,2015-12,Surrey Police,Northumbria Police,-1.635428,55.015274,On or near Wansbeck Road North,E01008336,Newcastle upon Tyne 003A,Criminal damage and arson,Investigation complete; no suspect identified,
4223e5498c6b49bc695157900db7ff67551618b64e2dd21dcb08911378294630,2015-12,Surrey Police,Northumbria Police,-1.636526,55.014873,On or near Tarset Place,E01008336,Newcastle upon Tyne 003A,Vehicle crime,Investigation complete; no suspect identified,
83e8a804966fe8a8c0d16ed89343295ca83ef8c88e149e6e1778f7a38a4f5165,2015-12,Surrey Police,Northumbria Police,-1.639477,55.015385,On or near Etal Place,E01008336,Newcastle upon Tyne 003A,Violence and sexual offences,Under investigation,
,2015-12,Surrey Police,Northumbria Police,-1.645793,55.015610,On or near Elm Grove,E01008337,Newcastle upon Tyne 003B,Anti-social behaviour,,
,2015-12,Surrey Police,Northumbria Police,-1.645793,55.015610,On or near Elm Grove,E01008337,Newcastle upon Tyne 003B,Anti-social behaviour,,
,2015-12,Surrey Police,Northumbria Police,-1.647638,55.015616,On or near Strathearn Way,E01008337,Newcastle upon Tyne 003B,Anti-social behaviour,,
,2015-12,Surrey Police,Northumbria Police,-1.649195,55.018235,On or near Cresswell Drive,E01008337,Newcastle upon Tyne 003B,Anti-social behaviour,,
,2015-12,Surrey Police,Northumbria Police,-1.646096,55.014946,On or near Mapledene Road,E01008337,Newcastle upon Tyne 003B,Anti-social behaviour,,
,2015-12,Surrey Police,Northumbria Police,-1.647638,55.015616,On or near Strathearn Way,E01008337,Newcastle upon Tyne 003B,Anti-social behaviour,,
,2015-12,Surrey Police,Northumbria Police,-1.645038,55.014278,On or near Parking Area,E01008337,Newcastle upon Tyne 003B,Anti-social behaviour,,
,2015-12,Surrey Police,Northumbria Police,-1.645793,55.015610,On or near Elm Grove,E01008337,Newcastle upon Tyne 003B,Anti-social behaviour,,
,2015-12,Surrey Police,Northumbria Police,-1.646096,55.014946,On or near Mapledene Road,E01008337,Newcastle upon Tyne 003B,Anti-social behaviour,,
,2015-12,Surrey Police,Northumbria Police,-1.647638,55.015616,On or near Strathearn Way,E01008337,Newcastle upon Tyne 003B,Anti-social behaviour,,
2add4f82f1d1315e357bce0869aeb76ab409766c86cac75a39506c425385e9ed,2015-12,Surrey Police,Northumbria Police,-1.646321,55.017787,On or near Cairns Way,E01008337,Newcastle upon Tyne 003B,Criminal damage and arson,Investigation complete; no suspect identified,
011e8bd5735dde57a88becb50e7eb537118027c08355bfe029e64481c2e02726,2015-12,Surrey Police,Northumbria Police,-1.647638,55.015616,On or near Strathearn Way,E01008337,Newcastle upon Tyne 003B,Criminal damage and arson,Investigation complete; no suspect identified,
44a4bb33088a68d6f81f6558fb9c716e1d854f4fa83f5815e6928901c5452bff,2015-12,Surrey Police,Northumbria Police,-1.647250,55.017043,On or near Brotherlee Road,E01008337,Newcastle upon Tyne 003B,Criminal damage and arson,Investigation complete; no suspect identified,
faf96c54d8add25b314fe783e96c312ce9e09e4133acaa60179fe5d8150ff419,2015-12,Surrey Police,Northumbria Police,-1.646096,55.014946,On or near Mapledene Road,E01008337,Newcastle upon Tyne 003B,Criminal damage and arson,Awaiting court outcome,
9702838668e04ff8c4f7bd0f723d070230a7a3baaf4f507e56d584841cc3fc03,2015-12,Surrey Police,Northumbria Police,-1.647638,55.015616,On or near Strathearn Way,E01008337,Newcastle upon Tyne 003B,Criminal damage and arson,Investigation complete; no suspect identified,
ea0dae1bf1f96d9f7a5800070da8fda2095177cb2a017db229a97403e74a4cf4,2015-12,Surrey Police,Northumbria Police,-1.645793,55.015610,On or near Elm Grove,E01008337,Newcastle upon Tyne 003B,Criminal damage and arson,Investigation complete; no suspect identified,
e20dff7aeef5173aba1e13097daba5e10697a1c68015fc6b5b2809c73a0d5e97,2015-12,Surrey Police,Northumbria Police,-1.647250,55.017043,On or near Brotherlee Road,E01008337,Newcastle upon Tyne 003B,Drugs,Offender given a caution,
c94e194e08519e5a5ad74b3d721fc4811af6fcbc1f351604c01364d56a3fd548,2015-12,Surrey Police,Northumbria Police,-1.646096,55.014946,On or near Mapledene Road,E01008337,Newcastle upon Tyne 003B,Possession of weapons,Under investigation,
b5017a5e853a7b2d4d2d5b2adf6dab30e880e59bb8c604fcf10236906df49346,2015-12,Surrey Police,Northumbria Police,-1.645793,55.015610,On or near Elm Grove,E01008337,Newcastle upon Tyne 003B,Public order,Investigation complete; no suspect identified,
db96f4672419213186f7baa58a82612ccb0eb3add715f26f68b4cb999673e3fc,2015-12,Surrey Police,Northumbria Police,-1.646321,55.017787,On or near Cairns Way,E01008337,Newcastle upon Tyne 003B,Violence and sexual offences,Investigation complete; no suspect identified,
308b22d36265b4a859accb0e44bb172fff4f62159cc931517408c67a91566c0a,2015-12,Surrey Police,Northumbria Police,-1.650310,55.015884,On or near Barnard Green,E01008337,Newcastle upon Tyne 003B,Violence and sexual offences,Under investigation,
2f030931484e768c3bdbdd5353a0df22b1c63c132693665dbd0ab49ca53dc336,2015-12,Surrey Police,Northumbria Police,-1.646096,55.014946,On or near Mapledene Road,E01008337,Newcastle upon Tyne 003B,Violence and sexual offences,Under investigation,
ddbed9d7e1fe6743d547cf5d9059df773b2c6319c8ed5c0d50a9cb75c6bb2a36,2015-12,Surrey Police,Northumbria Police,-1.646321,55.017787,On or near Cairns Way,E01008337,Newcastle upon Tyne 003B,Other crime,Under investigation,
,2015-12,Surrey Police,Northumbria Police,-1.650778,55.014268,On or near Warrington Road,E01008338,Newcastle upon Tyne 003C,Anti-social behaviour,,
,2015-12,Surrey Police,Northumbria Police,-1.653089,55.016449,On or near Whitelees Court,E01008338,Newcastle upon Tyne 003C,Anti-social behaviour,,
dc03c7f15ef88fd6fddef1de08a85791922b77a22c0dc0759e747e157465cfc1,2015-12,Surrey Police,Northumbria Police,-1.656253,55.014077,On or near Witton Court,E01008338,Newcastle upon Tyne 003C,Burglary,Investigation complete; no suspect identified,
74c16bd39522e6cd0e6c9f300b53f7ee3c4a5561019aeedfe60c320da8b31b29,2015-12,Surrey Police,Northumbria Police,-1.653089,55.016449,On or near Whitelees Court,E01008338,Newcastle upon Tyne 003C,Criminal damage and arson,Investigation complete; no suspect identified,
9383c31a29649ec910f57a94d40b62565e87c2c2d152a1582e838f9e46a41c1d,2015-12,Surrey Police,Northumbria Police,-1.655810,55.014615,On or near Horsley Court,E01008338,Newcastle upon Tyne 003C,Drugs,Offender given a caution,
4d017ca455b0fd6140a6a03c2bf0c6f24de592743dd67a2a33064a6811307916,2015-12,Surrey Police,Northumbria Police,-1.647873,55.013765,On or near Brunton Grove,E01008338,Newcastle upon Tyne 003C,Shoplifting,Investigation complete; no suspect identified,
,2015-12,Surrey Police,Northumbria Police,-1.656920,55.010978,On or near Redland Avenue,E01008339,Newcastle upon Tyne 003D,Anti-social behaviour,,
,2015-12,Surrey Police,Northumbria Police,-1.658862,55.008836,On or near Castle Close,E01008339,Newcastle upon Tyne 003D,Anti-social behaviour,,
,2015-12,Surrey Police,Northumbria Police,-1.656286,55.010105,On or near Shandon Way,E01008339,Newcastle upon Tyne 003D,Anti-social behaviour,,
,2015-12,Surrey Police,Northumbria Police,-1.655416,55.009446,On or near Columbia Grange,E01008339,Newcastle upon Tyne 003D,Anti-social behaviour,,
,2015-12,Surrey Police,Northumbria Police,-1.656286,55.010105,On or near Shandon Way,E01008339,Newcastle upon Tyne 003D,Anti-social behaviour,,
fb8fa568957b671495b97c1a78ff1977e6d6aa69063339930cce8e01cd067be7,2015-12,Surrey Police,Northumbria Police,-1.654894,55.008421,On or near Anfield Road,E01008339,Newcastle upon Tyne 003D,Burglary,Investigation complete; no suspect identified,
2c57087e93f30fd22e4d05aad0be44e2a449650ea46690975ad6d5d6a3a06977,2015-12,Surrey Police,Northumbria Police,-1.656920,55.010978,On or near Redland Avenue,E01008339,Newcastle upon Tyne 003D,Burglary,Investigation complete; no suspect identified,
4489a15ad0614dc1efe9be7d611ee481c90e9bfafb933178c2f3bb249a1a16c0,2015-12,Surrey Police,Northumbria Police,-1.654894,55.008421,On or near Anfield Road,E01008339,Newcastle upon Tyne 003D,Burglary,Investigation complete; no suspect identified,
7700a3599cfa9c0b1b208580b1b2e14bbc9be0010528d60e69c42283ef1c6ddd,2015-12,Surrey Police,Northumbria Police,-1.655416,55.009446,On or near Columbia Grange,E01008339,Newcastle upon Tyne 003D,Criminal damage and arson,Investigation complete; no suspect identified,
18198cf96e5ee58f314f38239d2c1acb8b01c05cdb0fe91e68e64da557632484,2015-12,Surrey Police,Northumbria Police,-1.653849,55.009909,On or near Apsley Crescent,E01008339,Newcastle upon Tyne 003D,Criminal damage and arson,Investigation complete; no suspect identified,
f1f6132f2322baed3d2d9956232d52a95ee9f03a472c532abf48aea408ac6887,2015-12,Surrey Police,Northumbria Police,-1.653849,55.009909,On or near Apsley Crescent,E01008339,Newcastle upon Tyne 003D,Criminal damage and arson,Investigation complete; no suspect identified,
7e08a9aed1a27c046f7c187ca4f1be3f80ac6031110802aa2dc325ce79b3f94f,2015-12,Surrey Police,Northumbria Police,-1.655416,55.009446,On or near Columbia Grange,E01008339,Newcastle upon Tyne 003D,Other theft,Investigation complete; no suspect identified,
e4b01037e7d7383ee306652a469506583c103d01a9613065951b10a72bba1abc,2015-12,Surrey Police,Northumbria Police,-1.656920,55.010978,On or near Redland Avenue,E01008339,Newcastle upon Tyne 003D,Other theft,Investigation complete; no suspect identified,
980b9bf91a3379d803a2a0f68d565d8e9bd70e905e045e0fe6c2eea1ac9aae45,2015-12,Surrey Police,Northumbria Police,-1.658862,55.008836,On or near Castle Close,E01008339,Newcastle upon Tyne 003D,Public order,Investigation complete; no suspect identified,
82bf48dfd862e4b21704a921e584e1f1fb47b4fd92bb1773526796e9968faa31,2015-12,Surrey Police,Northumbria Police,-1.654232,55.009030,On or near Laith Road,E01008339,Newcastle upon Tyne 003D,Vehicle crime,Investigation complete; no suspect identified,
d55e6c50f7b8cb604dc409f660ce4c3b8ca1c094a87e72e8c62787e06f967db1,2015-12,Surrey Police,Northumbria Police,-1.654232,55.009030,On or near Laith Road,E01008339,Newcastle upon Tyne 003D,Violence and sexual offences,Under investigation,
3670a34c1793d02d89524d08d851f1781a5b4794a7f990be6e7ba89dc287b389,2015-12,Surrey Police,Northumbria Police,-1.658726,55.010058,On or near Brodrick Close,E01008339,Newcastle upon Tyne 003D,Violence and sexual offences,Investigation complete; no suspect identified,
23792ebfee828b992d38741d39c5e862630bb01c81ff4af445df7a13e4b28004,2015-12,Surrey Police,Northumbria Police,-1.656920,55.010978,On or near Redland Avenue,E01008339,Newcastle upon Tyne 003D,Violence and sexual offences,Investigation complete; no suspect identified,
10471c328b0680ca62637bfee68d7597efd2c13a699f608fa5d7f0162caa4e27,2015-12,Surrey Police,Northumbria Police,-1.657447,55.009686,On or near Saxondale Road,E01008339,Newcastle upon Tyne 003D,Violence and sexual offences,Investigation complete; no suspect identified,
,2015-12,Surrey Police,Northumbria Police,-1.651079,55.008383,On or near Newlyn Road,E01008340,Newcastle upon Tyne 003E,Anti-social behaviour,,
,2015-12,Surrey Police,Northumbria Police,-1.647625,55.009972,On or near Ambridge Way,E01008340,Newcastle upon Tyne 003E,Anti-social behaviour,,
,2015-12,Surrey Police,Northumbria Police,-1.647621,55.008624,On or near Budleigh Road,E01008340,Newcastle upon Tyne 003E,Anti-social behaviour,,
,2015-12,Surrey Police,Northumbria Police,-1.649830,55.008110,On or near Kinross Drive,E01008340,Newcastle upon Tyne 003E,Anti-social behaviour,,
,2015-12,Surrey Police,Northumbria Police,-1.647625,55.009972,On or near Ambridge Way,E01008340,Newcastle upon Tyne 003E,Anti-social behaviour,,
98d85b2f2288306ccd5e5416646e45142b93a7037c8353a4b125e9853fb7ce07,2015-12,Surrey Police,Northumbria Police,-1.648951,55.008556,On or near Colgrove Way,E01008340,Newcastle upon Tyne 003E,Burglary,Investigation complete; no suspect identified,
b6057578f913680411311277d1e1c264a6fca19551a96a515bb88c7dff57de48,2015-12,Surrey Police,Northumbria Police,-1.647079,55.009854,On or near Delamere Road,E01008340,Newcastle upon Tyne 003E,Burglary,Under investigation,
22c4b2f9708bae29cde89d6ef3b7df2b34f009afd007f4916430d534862129e8,2015-12,Surrey Police,Northumbria Police,-1.648951,55.008556,On or near Colgrove Way,E01008340,Newcastle upon Tyne 003E,Burglary,Investigation complete; no suspect identified,
6e4a469d62a225a8f0670a7d5034e000b644903e74fe47fef9fca6fc94fe6c84,2015-12,Surrey Police,Northumbria Police,-1.649461,55.011074,On or near Emden Road,E01008340,Newcastle upon Tyne 003E,Burglary,Investigation complete; no suspect identified,
541dcedbf0dbbb12dc517e9c9b543efef8a5a042e53f2b793619ab1eadc368c8,2015-12,Surrey Police,Northumbria Police,-1.649810,55.010410,On or near Harvard Road,E01008340,Newcastle upon Tyne 003E,Criminal damage and arson,Investigation complete; no suspect identified,
b253deb2c3684c892c65d7969381f5c65e0e796898a9a978ac8216cfed3c99ce,2015-12,Surrey Police,Northumbria Police,-1.651374,55.006838,On or near Further/Higher Educational Building,E01008340,Newcastle upon Tyne 003E,Criminal damage and arson,Investigation complete; no suspect identified,
fb88df2825af5a77aec50b4ca32c52d7a9c1ea4fd47e7532c6ef8b4140617da2,2015-12,Surrey Police,Northumbria Police,-1.647136,55.010519,On or near Banbury Road,E01008340,Newcastle upon Tyne 003E,Drugs,Under investigation,
ce5fa0097fead77a68a4bf6bdf697c4f2caa02f8caba8cbf1da2c7b50e446e74,2015-12,Surrey Police,Northumbria Police,-1.646854,55.006969,On or near Crantock Road,E01008340,Newcastle upon Tyne 003E,Public order,Investigation complete; no suspect identified,
347a48455cc0aa6760ce09c6bd2ae2461ef92bd4e8835e43fea815cc5fb90d04,2015-12,Surrey Police,Northumbria Police,-1.647625,55.009972,On or near Ambridge Way,E01008340,Newcastle upon Tyne 003E,Vehicle crime,Investigation complete; no suspect identified,
ff83007f1f744212c2a0cbb47b9345d887d57ed07cb5ceaa4681b03b4c2f3531,2015-12,Surrey Police,Northumbria Police,-1.646854,55.006969,On or near Crantock Road,E01008340,Newcastle upon Tyne 003E,Violence and sexual offences,Under investigation,
b1e4611f24286a9865d3a3520c1357e68260d03c4e01cd3964fcd555da65b1ac,2015-12,Surrey Police,Northumbria Police,-1.650234,55.008425,On or near Colgrove Place,E01008340,Newcastle upon Tyne 003E,Violence and sexual offences,Awaiting court outcome,
c62e019fb35ff0d936a6a8feba21001806eb8458047b84749bd37c09d4bdff3e,2015-12,Surrey Police,Northumbria Police,-1.650112,55.009926,On or near Hillsview Avenue,E01008340,Newcastle upon Tyne 003E,Violence and sexual offences,Investigation complete; no suspect identified,
,2015-12,Surrey Police,Northumbria Police,-1.642719,55.009518,On or near Carrfield Road,E01008341,Newcastle upon Tyne 003F,Anti-social behaviour,,
,2015-12,Surrey Police,Northumbria Police,-1.638849,55.010432,On or near Leagreen Court,E01008341,Newcastle upon Tyne 003F,Anti-social behaviour,,
,2015-12,Surrey Police,Northumbria Police,-1.644871,55.008473,On or near Winton Way,E01008341,Newcastle upon Tyne 003F,Anti-social behaviour,,
,2015-12,Surrey Police,Northumbria Police,-1.645169,55.010163,On or near Edgefield Avenue,E01008341,Newcastle upon Tyne 003F,Anti-social behaviour,,
,2015-12,Surrey Police,Northumbria Police,-1.640858,55.009548,On or near Kenton Road,E01008341,Newcastle upon Tyne 003F,Anti-social behaviour,,
e3e5650d52a856825caab919efa4c2257c2ee41aec66af94423d75716bdf7984,2015-12,Surrey Police,Northumbria Police,-1.640858,55.009548,On or near Kenton Road,E01008341,Newcastle upon Tyne 003F,Criminal damage and arson,Under investigation,
041715090b6518edb84b2ea82ed0bcd0ec355df744d10425ea78237265805b04,2015-12,Surrey Police,Northumbria Police,-1.646793,55.008550,On or near Fulbrook Road,E01008341,Newcastle upon Tyne 003F,Criminal damage and arson,Investigation complete; no suspect identified,
c90e16d911d62785c76063a22968cbb4d2bdf040af6bef3952bdba2df2f78fa7,2015-12,Surrey Police,Northumbria Police,-1.643593,55.011533,On or near Fallowfield Avenue,E01008341,Newcastle upon Tyne 003F,Criminal damage and arson,Under investigation,
c71ad0d334e9dd34c3ef27cd4a77354cf1edfe08821cf8b2cf3d5ab85d9f482b,2015-12,Surrey Police,Northumbria Police,-1.643310,55.009933,On or near Overfield Road,E01008341,Newcastle upon Tyne 003F,Criminal damage and arson,Investigation complete; no suspect identified,
b529d74b781b86a2199952b5603fa4a9b30dfa09bbe2b69fbf109d822f1d8c44,2015-12,Surrey Police,Northumbria Police,-1.645169,55.010163,On or near Edgefield Avenue,E01008341,Newcastle upon Tyne 003F,Criminal damage and arson,Investigation complete; no suspect identified,
46ee18d34d1e2e317cf4e60cc7c26b2f6161a8771e064df5f32eb7d9613201c5,2015-12,Surrey Police,Northumbria Police,-1.645169,55.010163,On or near Edgefield Avenue,E01008341,Newcastle upon Tyne 003F,Criminal damage and arson,Investigation complete; no suspect identified,
8c95c25782eb951cb54b50f55623169bcec1d69af8be64b91af9b6d0c89fb95e,2015-12,Surrey Police,Northumbria Police,-1.645169,55.010163,On or near Edgefield Avenue,E01008341,Newcastle upon Tyne 003F,Public order,Investigation complete; no suspect identified,
ad394788fbb3a3e56af1233f9ce5f571ad1de30097c2504fca6f34be3e066e56,2015-12,Surrey Police,Northumbria Police,-1.644871,55.008473,On or near Winton Way,E01008341,Newcastle upon Tyne 003F,Public order,Under investigation,
ac6f7c28e14c22490410b84dc6c75aa8f77be1f1bd6ca04970440e8de2c55d7e,2015-12,Surrey Police,Northumbria Police,-1.645169,55.010163,On or near Edgefield Avenue,E01008341,Newcastle upon Tyne 003F,Public order,Under investigation,
1d60d56082bf5dc1a4d40c0bcf02f6a0b09888de6261d1745b14b0c4f37107a8,2015-12,Surrey Police,Northumbria Police,-1.641795,55.011474,On or near Meadowfield Avenue,E01008341,Newcastle upon Tyne 003F,Violence and sexual offences,Investigation complete; no suspect identified,
38acd87585eb1506328a4f3fb7846734bb53a3e731450f43c3c5bc48bdfed8fd,2015-12,Surrey Police,Northumbria Police,-1.641795,55.011474,On or near Meadowfield Avenue,E01008341,Newcastle upon Tyne 003F,Violence and sexual offences,Under investigation,
,2015-12,Surrey Police,Northumbria Police,-1.648482,55.021010,On or near Stable Lane,E01008342,Newcastle upon Tyne 003G,Anti-social behaviour,,
75dd37187554a800536b65790bf31be27949d68b95f2fba0d4961e706cb9bd52,2015-12,Surrey Police,Northumbria Police,-1.644531,55.022095,On or near Boulmer Close,E01008342,Newcastle upon Tyne 003G,Other theft,Investigation complete; no suspect identified,
,2015-12,Surrey Police,Northumbria Police,-1.673123,55.004831,On or near Oulton Close,E01008293,Newcastle upon Tyne 004A,Anti-social behaviour,,
,2015-12,Surrey Police,Northumbria Police,-1.676217,55.003033,On or near Felthorpe Court,E01008293,Newcastle upon Tyne 004A,Anti-social behaviour,,
97f809f3c9e5c116205c28d6d2b1c3273dea321f250ae8f7a5bf19e26a107f14,2015-12,Surrey Police,Northumbria Police,-1.668878,55.003867,On or near St Austell Close,E01008293,Newcastle upon Tyne 004A,Criminal damage and arson,Investigation complete; no suspect identified,
935cbe762983ca4de90ae92f277b2cabc89615761a4095639ecd142376f8f355,2015-12,Surrey Police,Northumbria Police,-1.668761,55.004847,On or near Ponteland Road,E01008293,Newcastle upon Tyne 004A,Drugs,Offender given a caution,
9328ebca93416ddae8347ab309fa7536c66e0ac22d80eb3c294fbbfcf16ea016,2015-12,Surrey Police,Northumbria Police,-1.668687,55.009942,On or near Beaminster Way,E01008293,Newcastle upon Tyne 004A,Shoplifting,Investigation complete; no suspect identified,
716842cd35af94e7536a573cffab3f94cd270bbff3f1a5b060c0982c828f5ce2,2015-12,Surrey Police,Northumbria Police,-1.668761,55.004847,On or near Ponteland Road,E01008293,Newcastle upon Tyne 004A,Violence and sexual offences,Awaiting court outcome,
,2015-12,Surrey Police,Northumbria Police,-1.685461,55.002447,On or near Kidlandlee Place,E01008456,Newcastle upon Tyne 004B,Anti-social behaviour,,
,2015-12,Surrey Police,Northumbria Police,-1.689380,55.001019,On or near Mortimer Avenue,E01008456,Newcastle upon Tyne 004B,Anti-social behaviour,,
4fe0e58b3b1d09cbfa4fbbab225179e43920054fdc2994f37ffebd50c8a0e928,2015-12,Surrey Police,Northumbria Police,-1.689703,55.001802,On or near Trevelyan Drive,E01008456,Newcastle upon Tyne 004B,Burglary,Investigation complete; no suspect identified,
9d1364c3bce472f8a51ed5f77634559f65e4e593f23eb524646a91b99cdf40ec,2015-12,Surrey Police,Northumbria Police,-1.689703,55.001802,On or near Trevelyan Drive,E01008456,Newcastle upon Tyne 004B,Other theft,Investigation complete; no suspect identified,
0b529ddb3121882cfe53b5a9f68cdf12d1b1a9799484c966f39e6824bd1c3c53,2015-12,Surrey Police,Northumbria Police,-1.689682,55.000436,On or near Buxton Green,E01008456,Newcastle upon Tyne 004B,Violence and sexual offences,Awaiting court outcome,
,2015-12,Surrey Police,Northumbria Police,-1.685009,55.006211,On or near Broughton Close,E01008457,Newcastle upon Tyne 004C,Anti-social behaviour,,
,2015-12,Surrey Police,Northumbria Police,-1.683798,55.003170,On or near Yetholm Place,E01008457,Newcastle upon Tyne 004C,Anti-social behaviour,,
,2015-12,Surrey Police,Northumbria Police,-1.689339,55.006375,On or near Newbiggin Lane,E01008457,Newcastle upon Tyne 004C,Anti-social behaviour,,
,2015-12,Surrey Police,Northumbria Police,-1.685760,55.006177,On or near Parking Area,E01008457,Newcastle upon Tyne 004C,Anti-social behaviour,,
,2015-12,Surrey Police,Northumbria Police,-1.692613,55.001422,On or near Anson Place,E01008457,Newcastle upon Tyne 004C,Anti-social behaviour,,
,2015-12,Surrey Police,Northumbria Police,-1.694901,55.002839,On or near Redburn Road,E01008457,Newcastle upon Tyne 004C,Anti-social behaviour,,
d2b1654c6cdcf7166e2f214b052ae4b249bcf33bb548f1dc759990db97e4d27b,2015-12,Surrey Police,Northumbria Police,-1.683238,55.000886,On or near Etal Lane,E01008457,Newcastle upon Tyne 004C,Criminal damage and arson,Investigation complete; no suspect identified,
eb08cf1f8488aca511dcc786629faf18a11e6db8ac82c1b7d318b1de186ced24,2015-12,Surrey Police,Northumbria Police,-1.692613,55.001422,On or near Anson Place,E01008457,Newcastle upon Tyne 004C,Criminal damage and arson,Investigation complete; no suspect identified,
8556314c512712d4d99f39a9f41c60fc1f5fe99925a40da157f379aae27913a0,2015-12,Surrey Police,Northumbria Police,-1.680933,55.003648,On or near Shawdon Close,E01008457,Newcastle upon Tyne 004C,Criminal damage and arson,Investigation complete; no suspect identified,
f75bb79b9b656fbc067e87d9b010d87bf3016afd8bc254015837176af7238091,2015-12,Surrey Police,Northumbria Police,-1.689339,55.006375,On or near Newbiggin Lane,E01008457,Newcastle upon Tyne 004C,Criminal damage and arson,Investigation complete; no suspect identified,
21bf143dafb3450e8a850c8bd018dbe929400f21dde859b0446e9fd386bbbd95,2015-12,Surrey Police,Northumbria Police,-1.681353,55.002050,On or near Langleeford Road,E01008457,Newcastle upon Tyne 004C,Violence and sexual offences,Under investigation,
,2015-12,Surrey Police,Northumbria Police,-1.702645,55.027399,On or near Parking Area,E01008458,Newcastle upon Tyne 004D,Anti-social behaviour,,
,2015-12,Surrey Police,Northumbria Police,-1.712159,55.037918,On or near Parking Area,E01008458,Newcastle upon Tyne 004D,Anti-social behaviour,,
,2015-12,Surrey Police,Northumbria Police,-1.712159,55.037918,On or near Parking Area,E01008458,Newcastle upon Tyne 004D,Anti-social behaviour,,
,2015-12,Surrey Police,Northumbria Police,-1.712159,55.037918,On or near Parking Area,E01008458,Newcastle upon Tyne 004D,Anti-social behaviour,,
b8d8ec30dea419c2bb3a9a2cecbc5ba69278a31593a94cfa266dca07dd8cb016,2015-12,Surrey Police,Northumbria Police,-1.702645,55.027399,On or near Parking Area,E01008458,Newcastle upon Tyne 004D,Bicycle theft,Under investigation,
1b0f76c5663f07426edb36b57f75de0b8fc3cb44e28fc5cf546e435414f7bb40,2015-12,Surrey Police,Northumbria Police,-1.695531,55.026960,On or near Middle Drive,E01008458,Newcastle upon Tyne 004D,Criminal damage and arson,Under investigation,
30edb34171cf131a37321f328e9446b996a0ba23082ad6a10acd2f9bafa0cbac,2015-12,Surrey Police,Northumbria Police,-1.711863,55.035518,On or near Prestwick Terrace,E01008458,Newcastle upon Tyne 004D,Criminal damage and arson,Investigation complete; no suspect identified,
e93cd6d937c37685f90e1d24a088edcf7852ca9fb38e4609a290e2dc6e6189a1,2015-12,Surrey Police,Northumbria Police,-1.702645,55.027399,On or near Parking Area,E01008458,Newcastle upon Tyne 004D,Criminal damage and arson,Investigation complete; no suspect identified,
a385cebfdc58f0de3138e48d4fb6c0f208792b1ecd40c15350a63635bc8546e6,2015-12,Surrey Police,Northumbria Police,-1.712159,55.037918,On or near Parking Area,E01008458,Newcastle upon Tyne 004D,Other theft,Investigation complete; no suspect identified,
2ed06330a78af9c4d44ee6a7d1552db1364b961ddb0ff69a454531fed12a3b74,2015-12,Surrey Police,Northumbria Police,-1.672150,55.018641,On or near Sports/Recreation Area,E01008458,Newcastle upon Tyne 004D,Other theft,Awaiting court outcome,
92b6fcb2324bbb46a990340d319f2d4c850455e5d6741457732e0f7d43d79c2e,2015-12,Surrey Police,Northumbria Police,-1.712159,55.037918,On or near Parking Area,E01008458,Newcastle upon Tyne 004D,Other theft,Awaiting court outcome,
82283f0d17cbfd70d7624bd790f7660bae5b34c27c0ba5d2c742ece463667e23,2015-12,Surrey Police,Northumbria Police,-1.712159,55.037918,On or near Parking Area,E01008458,Newcastle upon Tyne 004D,Other theft,Investigation complete; no suspect identified,
26e76e54515452aedc0fd07852dd8a30bb51c02b082b5b4807a72cac066ee9ed,2015-12,Surrey Police,Northumbria Police,-1.712159,55.037918,On or near Parking Area,E01008458,Newcastle upon Tyne 004D,Other theft,Investigation complete; no suspect identified,
ec75ad67ddf1157c84bb118f63f29352eaca09819fe87ab1243081b100a9ef5f,2015-12,Surrey Police,Northumbria Police,-1.712159,55.037918,On or near Parking Area,E01008458,Newcastle upon Tyne 004D,Theft from the person,Investigation complete; no suspect identified,
3e62cda0f244030eb6bd7c5b87258749e697bd8a1837ac8b1b0ae1d12c15ec14,2015-12,Surrey Police,Northumbria Police,-1.712159,55.037918,On or near Parking Area,E01008458,Newcastle upon Tyne 004D,Violence and sexual offences,Awaiting court outcome,
f69c91b5f4b774b86fccb66688d64dedceae6b24593ea4ec5d0c81d95f401fb0,2015-12,Surrey Police,Northumbria Police,-1.712159,55.037918,On or near Parking Area,E01008458,Newcastle upon Tyne 004D,Violence and sexual offences,Awaiting court outcome,
b771c466bb6f99fa44798bc32d3d2b8411c7dcad97292bb6e66829420574a1a2,2015-12,Surrey Police,Northumbria Police,-1.712159,55.037918,On or near Parking Area,E01008458,Newcastle upon Tyne 004D,Violence and sexual offences,Awaiting court outcome,
998f7412487717bdc249feebfda906e28ebf7204e6476a9c204feb4290b7bf60,2015-12,Surrey Police,Northumbria Police,-1.677206,55.014224,On or near The Crescent,E01008458,Newcastle upon Tyne 004D,Violence and sexual offences,Investigation complete; no suspect identified,
5658a71bea8275b22446f03ba4b3be1264e5add80abbc2d3e6db1dfba597e0f8,2015-12,Surrey Police,Northumbria Police,-1.712159,55.037918,On or near Parking Area,E01008458,Newcastle upon Tyne 004D,Violence and sexual offences,Awaiting court outcome,
,2015-12,Surrey Police,Northumbria Police,-1.685369,55.008216,On or near Eastgarth,E01008459,Newcastle upon Tyne 004E,Anti-social behaviour,,
,2015-12,Surrey Police,Northumbria Police,-1.687266,55.009559,On or near Bluebell Dene,E01008459,Newcastle upon Tyne 004E,Anti-social behaviour,,
,2015-12,Surrey Police,Northumbria Police,-1.685369,55.008216,On or near Eastgarth,E01008459,Newcastle upon Tyne 004E,Anti-social behaviour,,
,2015-12,Surrey Police,Northumbria Police,-1.685369,55.008216,On or near Eastgarth,E01008459,Newcastle upon Tyne 004E,Anti-social behaviour,,
,2015-12,Surrey Police,Northumbria Police,-1.690593,55.008040,On or near East Thorp,E01008459,Newcastle upon Tyne 004E,Anti-social behaviour,,
,2015-12,Surrey Police,Northumbria Police,-1.684328,55.007377,On or near Hopton Court,E01008459,Newcastle upon Tyne 004E,Anti-social behaviour,,
,2015-12,Surrey Police,Northumbria Police,-1.687266,55.009559,On or near Bluebell Dene,E01008459,Newcastle upon Tyne 004E,Anti-social behaviour,,
5c4ab0344e5ad531a18edf399086790a0c9d48123e7c4a110400b785b4658f78,2015-12,Surrey Police,Northumbria Police,-1.684328,55.007377,On or near Hopton Court,E01008459,Newcastle upon Tyne 004E,Criminal damage and arson,Investigation complete; no suspect identified,
9715dfb9df30728b7375c7de6551936b941a01a3645db2a911c488286d938ee6,2015-12,Surrey Police,Northumbria Police,-1.690593,55.008040,On or near East Thorp,E01008459,Newcastle upon Tyne 004E,Criminal damage and arson,Investigation complete; no suspect identified,
74b4afdf0c73b21c6d550c96b4f334cb564bcff19acdace6f4ef96cccf7008d3,2015-12,Surrey Police,Northumbria Police,-1.685369,55.008216,On or near Eastgarth,E01008459,Newcastle upon Tyne 004E,Drugs,Offender given a drugs possession warning,
46730864f932bf13200f30475f86211ed3fd2c213016fccd9ba0a6253f292e99,2015-12,Surrey Police,Northumbria Police,-1.690593,55.008040,On or near East Thorp,E01008459,Newcastle upon Tyne 004E,Other theft,Under investigation,
eeae1f4f9e7f6f9673ad7c3877274ba6adc6aa0c962b7d92b97fb7685621d71b,2015-12,Surrey Police,Northumbria Police,-1.685369,55.008216,On or near Eastgarth,E01008459,Newcastle upon Tyne 004E,Other theft,Awaiting court outcome,
1f8aa09b881aba1b8a986c7d65199f046a1cc77afd7c8c919f3a9fc6b24c320e,2015-12,Surrey Police,Northumbria Police,-1.685369,55.008216,On or near Eastgarth,E01008459,Newcastle upon Tyne 004E,Other theft,Investigation complete; no suspect identified,
395692f957b9440d3515fc854899e9f39c0d9e6aa2371f93e57dfbe363dee922,2015-12,Surrey Police,Northumbria Police,-1.684328,55.007377,On or near Hopton Court,E01008459,Newcastle upon Tyne 004E,Vehicle crime,Investigation complete; no suspect identified,
2f6b2ff93458004adeb448363853efd6cfc3c7b532a7e3563516ad3c0770df22,2015-12,Surrey Police,Northumbria Police,-1.685369,55.008216,On or near Eastgarth,E01008459,Newcastle upon Tyne 004E,Violence and sexual offences,Under investigation,
9ba89af4d9775b4c8e667d893424bd4aebecb4a310840e053fa1c7bee065a824,2015-12,Surrey Police,Northumbria Police,-1.687266,55.009559,On or near Bluebell Dene,E01008459,Newcastle upon Tyne 004E,Violence and sexual offences,Investigation complete; no suspect identified,
40b02b9996a513c973c42be593bcfaf5b2a6e65aa9176e768eddad746f8fc98e,2015-12,Surrey Police,Northumbria Police,-1.685369,55.008216,On or near Eastgarth,E01008459,Newcastle upon Tyne 004E,Violence and sexual offences,Investigation complete; no suspect identified,
a3f7ebd943aa9c07f60d2e94b9050d41ee049435c22d771658d0fbcd546334e4,2015-12,Surrey Police,Northumbria Police,-1.687266,55.009559,On or near Bluebell Dene,E01008459,Newcastle upon Tyne 004E,Violence and sexual offences,Under investigation,
b73a334fe4563d9d804aee227af444d8e06203f8279d0362e6e658de7c24d17f,2015-12,Surrey Police,Northumbria Police,-1.685369,55.008216,On or near Eastgarth,E01008459,Newcastle upon Tyne 004E,Violence and sexual offences,Investigation complete; no suspect identified,
f5aa4314863c82454e4958fe4165c544d6b4dd70bbf969550c6d6dccee61e02c,2015-12,Surrey Police,Northumbria Police,-1.685369,55.008216,On or near Eastgarth,E01008459,Newcastle upon Tyne 004E,Violence and sexual offences,Awaiting court outcome,
46b1bdb1570ed8ce799271d78260dd3fc4c124391396529dda1f02b7482daf5c,2015-12,Surrey Police,Northumbria Police,-1.690593,55.008040,On or near East Thorp,E01008459,Newcastle upon Tyne 004E,Violence and sexual offences,Awaiting court outcome,
bffa133bf8cad19ebf3ee3edf316aca409a7d869d3e2e3a6e82e491453413bf2,2015-12,Surrey Police,Northumbria Police,-1.684328,55.007377,On or near Hopton Court,E01008459,Newcastle upon Tyne 004E,Violence and sexual offences,Under investigation,
,2015-12,Surrey Police,Northumbria Police,-1.692224,55.009419,On or near Hareydene,E01008460,Newcastle upon Tyne 004F,Anti-social behaviour,,
,2015-12,Surrey Police,Northumbria Police,-1.692224,55.009419,On or near Hareydene,E01008460,Newcastle upon Tyne 004F,Anti-social behaviour,,
f41795066f03900e79a90d06814eaac80fa77032f4082d3f56a211af001e3c40,2015-12,Surrey Police,Northumbria Police,-1.692224,55.009419,On or near Hareydene,E01008460,Newcastle upon Tyne 004F,Burglary,Under investigation,
1ba27966bae415121d8fe4ec29727f4e01a438146e82c163365e243bba772de3,2015-12,Surrey Police,Northumbria Police,-1.698251,55.010486,On or near Lowbiggin,E01008460,Newcastle upon Tyne 004F,Criminal damage and arson,Investigation complete; no suspect identified,
b6acf891381f98466be6bf08c7d53a8cdcbb26ae024bfe8a97394fdcb531ef91,2015-12,Surrey Police,Northumbria Police,-1.692224,55.009419,On or near Hareydene,E01008460,Newcastle upon Tyne 004F,Possession of weapons,Awaiting court outcome,
6abbfb41d21c078f0f0bb96504058599548a34bbb17acbea41d4098bd6e29693,2015-12,Surrey Police,Northumbria Police,-1.692224,55.009419,On or near Hareydene,E01008460,Newcastle upon Tyne 004F,Public order,Under investigation,
133d14a3ab5ca8387c1509de33a687e2d85c89c2db6133cdbaa4cf5794083f84,2015-12,Surrey Police,Northumbria Police,-1.692224,55.009419,On or near Hareydene,E01008460,Newcastle upon Tyne 004F,Violence and sexual offences,Offender fined,
d9ab22eaa4346603d26d2ab2b0fe533c14d206260c3bbd0884edd19ff02e2e66,2015-12,Surrey Police,Northumbria Police,-1.692224,55.009419,On or near Hareydene,E01008460,Newcastle upon Tyne 004F,Violence and sexual offences,Awaiting court outcome,
1dffede49f497ea7451822fc55326f5e4f83e3e96d756176ab365e7876c9fc0a,2015-12,Surrey Police,Northumbria Police,-1.692224,55.009419,On or near Hareydene,E01008460,Newcastle upon Tyne 004F,Violence and sexual offences,Offender given conditional discharge,
017a5982f32056cb22cb07312745dd15fcf2f8d4c2c326c78b1bd59e02842747,2015-12,Surrey Police,Northumbria Police,-1.615687,55.012581,On or near Hollywood Crescent,E01008351,Newcastle upon Tyne 005A,Burglary,Investigation complete; no suspect identified,
8d6d39bab8b7ebc4a84f082da6cbb95964d374f7ae6f747d616616750427767c,2015-12,Surrey Police,Northumbria Police,-1.609785,55.013218,On or near Beechwood Avenue,E01008351,Newcastle upon Tyne 005A,Vehicle crime,Investigation complete; no suspect identified,
43de01742a856d320e0d0ffcc2eb55599850fedc35bb556efc0939521a649f8f,2015-12,Surrey Police,Northumbria Police,-1.609785,55.013218,On or near Beechwood Avenue,E01008351,Newcastle upon Tyne 005A,Vehicle crime,Investigation complete; no suspect identified,
eb13024cb9ac8cace98166541d2a57b05f67e8bf81d10ff695ec8a84ce1570eb,2015-12,Surrey Police,Northumbria Police,-1.614209,55.008478,On or near Wolveleigh Terrace,E01008354,Newcastle upon Tyne 005B,Burglary,Investigation complete; no suspect identified,
9482c598bb39cc38e18070897adbb86b134de998a42a3a57bf4f692657907299,2015-12,Surrey Police,Northumbria Police,-1.611524,55.009674,On or near Rothley Close,E01008354,Newcastle upon Tyne 005B,Burglary,Investigation complete; no suspect identified,
fad5e1bfe48ce75ed4d95f10e74dc460b13f8b5c1b58d4eaacad44341390adc4,2015-12,Surrey Police,Northumbria Police,-1.615704,55.007503,On or near Church Road,E01008354,Newcastle upon Tyne 005B,Burglary,Investigation complete; no suspect identified,
7b653b5fdc8b60ed5339c1a8cb6b4478075f2a8e4d073ead0a8003a56efdb8eb,2015-12,Surrey Police,Northumbria Police,-1.611524,55.009674,On or near Rothley Close,E01008354,Newcastle upon Tyne 005B,Criminal damage and arson,Investigation complete; no suspect identified,
0105fae9d44aafa78ecd167d951cada265d164e7467435aba57051d6ed8747fe,2015-12,Surrey Police,Northumbria Police,-1.611524,55.009674,On or near Rothley Close,E01008354,Newcastle upon Tyne 005B,Criminal damage and arson,Investigation complete; no suspect identified,
30c4c6837f68edf8d1e00145d2091756a43f1512e8b1692e53f0197e08eedbd8,2015-12,Surrey Police,Northumbria Police,-1.615704,55.007503,On or near Church Road,E01008354,Newcastle upon Tyne 005B,Criminal damage and arson,Under investigation,
283cf53f8f62280262e96b36498a3c5227c2b2c80cdffcf2d83caa8c7ecdb41b,2015-12,Surrey Police,Northumbria Police,-1.615704,55.007503,On or near Church Road,E01008354,Newcastle upon Tyne 005B,Criminal damage and arson,Investigation complete; no suspect identified,
2bf49033c236d2d776c29acd66a996113d2ae2cf900007191e6b7c432c75f94a,2015-12,Surrey Police,Northumbria Police,-1.609527,55.009200,On or near Christon Close,E01008354,Newcastle upon Tyne 005B,Criminal damage and arson,Under investigation,
43091f17ae61a8db90c57f7cb93e35477ccbb1c7fa3e61131c4a6a7af4e3baab,2015-12,Surrey Police,Northumbria Police,-1.616522,55.008647,On or near Bath Terrace,E01008354,Newcastle upon Tyne 005B,Other theft,Investigation complete; no suspect identified,
a1ec3df5598b6d807aecb67933fe7ed9ad0c13c08827221f397760f7f1eff1d9,2015-12,Surrey Police,Northumbria Police,-1.609527,55.009200,On or near Christon Close,E01008354,Newcastle upon Tyne 005B,Other theft,Awaiting court outcome,
2934e1645027a259d74f6485c8a67591d19f5c9f2a992e9bad89ff561657ab34,2015-12,Surrey Police,Northumbria Police,-1.610666,55.007865,On or near St James Street,E01008354,Newcastle upon Tyne 005B,Possession of weapons,Court case unable to proceed,
41ef59dc206bcb36cdb180fce043ebaf7d99b07c811d1768f5dedd1079ed670f,2015-12,Surrey Police,Northumbria Police,-1.609432,55.006109,On or near Station Road,E01008354,Newcastle upon Tyne 005B,Violence and sexual offences,Under investigation,
,2015-12,Surrey Police,Northumbria Police,-1.608236,55.005296,On or near Balmoral Terrace,E01008418,Newcastle upon Tyne 005C,Anti-social behaviour,,
,2015-12,Surrey Police,Northumbria Police,-1.615480,55.006352,On or near Belle Vue Avenue,E01008418,Newcastle upon Tyne 005C,Anti-social behaviour,,
,2015-12,Surrey Police,Northumbria Police,-1.608236,55.005296,On or near Balmoral Terrace,E01008418,Newcastle upon Tyne 005C,Anti-social behaviour,,
,2015-12,Surrey Police,Northumbria Police,-1.608236,55.005296,On or near Balmoral Terrace,E01008418,Newcastle upon Tyne 005C,Anti-social behaviour,,
,2015-12,Surrey Police,Northumbria Police,-1.615480,55.006352,On or near Belle Vue Avenue,E01008418,Newcastle upon Tyne 005C,Anti-social behaviour,,
,2015-12,Surrey Police,Northumbria Police,-1.608236,55.005296,On or near Balmoral Terrace,E01008418,Newcastle upon Tyne 005C,Anti-social behaviour,,
,2015-12,Surrey Police,Northumbria Police,-1.612395,55.005282,On or near Grove Park Avenue,E01008418,Newcastle upon Tyne 005C,Anti-social behaviour,,
,2015-12,Surrey Police,Northumbria Police,-1.608236,55.005296,On or near Balmoral Terrace,E01008418,Newcastle upon Tyne 005C,Anti-social behaviour,,
760ec332103275665e56ab5633882ea5874ced043e0ee4029147d5a7e00d3a1f,2015-12,Surrey Police,Northumbria Police,-1.615012,55.004635,On or near Grove Park Square,E01008418,Newcastle upon Tyne 005C,Burglary,Investigation complete; no suspect identified,
cb16f292dcec47674b17c83ea41497753cc7ec564a69e2ae2e7d176729e992e7,2015-12,Surrey Police,Northumbria Police,-1.606337,55.007680,On or near Clarance Place,E01008418,Newcastle upon Tyne 005C,Burglary,Investigation complete; no suspect identified,
1aed1865044e72ca14723f7aa3a54a094ffc38fdb396c680a1b4e47c13e2d59b,2015-12,Surrey Police,Northumbria Police,-1.614072,55.003212,On or near The Grove,E01008418,Newcastle upon Tyne 005C,Burglary,Investigation complete; no suspect identified,
17a0b703e2719fb36100d4284b65c3ac1dfc7e8616e6046422c55834a840ee82,2015-12,Surrey Police,Northumbria Police,-1.614072,55.003212,On or near The Grove,E01008418,Newcastle upon Tyne 005C,Vehicle crime,Investigation complete; no suspect identified,
24a120320fda5febf23a0250d5ad27ea5e850d5cecfdb5fa797cfbe2745f70b8,2015-12,Surrey Police,Northumbria Police,-1.608236,55.005296,On or near Balmoral Terrace,E01008418,Newcastle upon Tyne 005C,Violence and sexual offences,Under investigation,
,2015-12,Surrey Police,Northumbria Police,-1.620471,54.999350,On or near Leslie Crescent,E01008420,Newcastle upon Tyne 005D,Anti-social behaviour,,
,2015-12,Surrey Police,Northumbria Police,-1.620742,55.000546,On or near The Poplars,E01008420,Newcastle upon Tyne 005D,Anti-social behaviour,,
,2015-12,Surrey Police,Northumbria Police,-1.613088,54.999884,On or near Kingswood Avenue,E01008420,Newcastle upon Tyne 005D,Anti-social behaviour,,
017ba362da130a63264e8fb918d23353af906b21fc3fa3e75ff89eac6cf87031,2015-12,Surrey Police,Northumbria Police,-1.625631,55.000974,On or near Elmfield Road,E01008420,Newcastle upon Tyne 005D,Criminal damage and arson,Investigation complete; no suspect identified,
,2015-12,Surrey Police,Northumbria Police,-1.608729,55.001290,On or near Cromer Gardens,E01008422,Newcastle upon Tyne 005E,Anti-social behaviour,,
,2015-12,Surrey Police,Northumbria Police,-1.610793,54.999571,On or near Albury Road,E01008422,Newcastle upon Tyne 005E,Anti-social behaviour,,
809e971abcb6b2929175129e2ee1d398b9cc826b64e82c399013157b9e56be49,2015-12,Surrey Police,Northumbria Police,-1.610793,54.999571,On or near Albury Road,E01008422,Newcastle upon Tyne 005E,Criminal damage and arson,Investigation complete; no suspect identified,
dc8dfc4d1cc3d56a9ada80e2ed86fc7eae4abe36a28896587de69aae677a11b1,2015-12,Surrey Police,Northumbria Police,-1.606330,55.003573,On or near Dene View,E01008422,Newcastle upon Tyne 005E,Criminal damage and arson,Investigation complete; no suspect identified,
99595cbbeeba8e2d9409375e1d9acd48e3ca82619e944b0c78a86c378de9560b,2015-12,Surrey Police,Northumbria Police,-1.606079,55.000454,On or near Matthew Bank,E01008422,Newcastle upon Tyne 005E,Other theft,Investigation complete; no suspect identified,
5ea3178e4186264ea38f5c35e191a83d6cd7b10d5403984e11264020fe759258,2015-12,Surrey Police,Northumbria Police,-1.607739,55.000199,On or near Sturdee Gardens,E01008422,Newcastle upon Tyne 005E,Violence and sexual offences,Investigation complete; no suspect identified,
,2015-12,Surrey Police,Northumbria Police,-1.605935,55.005621,On or near Sandringham Road,E01008424,Newcastle upon Tyne 005F,Anti-social behaviour,,
,2015-12,Surrey Police,Northumbria Police,-1.605935,55.005621,On or near Sandringham Road,E01008424,Newcastle upon Tyne 005F,Anti-social behaviour,,
,2015-12,Surrey Police,Northumbria Police,-1.602452,55.006832,On or near A191,E01008424,Newcastle upon Tyne 005F,Anti-social behaviour,,
8b08ec8ae3b212bceba99e529b28d5b1524ec922e4e74d6ceac453d675f74286,2015-12,Surrey Police,Northumbria Police,-1.602297,55.008251,On or near Hunter'S Road,E01008424,Newcastle upon Tyne 005F,Other theft,Investigation complete; no suspect identified,
00515e1db81ca1514a4bfed508e68ccc50bd7662b9fbf4d0d94908a1ec293814,2015-12,Surrey Police,Northumbria Police,-1.603407,55.005065,On or near Mill Rise,E01008424,Newcastle upon Tyne 005F,Other theft,Investigation complete; no suspect identified,
c69089575726c769e64ad2ec362a4116d9f18285e11e90e1fe5dcb98f5d1a60b,2015-12,Surrey Police,Northumbria Police,-1.603407,55.005065,On or near Mill Rise,E01008424,Newcastle upon Tyne 005F,Shoplifting,Investigation complete; no suspect identified,
5cf02c2a3e9abb3c803f6a79dcb480b3140c9552eaa96f13be053f68901c4c5d,2015-12,Surrey Police,Northumbria Police,-1.602452,55.006832,On or near A191,E01008424,Newcastle upon Tyne 005F,Violence and sexual offences,Under investigation,
,2015-12,Surrey Police,Northumbria Police,-1.634340,55.012764,On or near Harbottle Avenue,E01008353,Newcastle upon Tyne 006A,Anti-social behaviour,,
,2015-12,Surrey Police,Northumbria Police,-1.635408,55.012255,On or near Supermarket,E01008353,Newcastle upon Tyne 006A,Anti-social behaviour,,
627033bf97a0df90da9041c7423247cd686e48a12dc3e4abf6bd0513f14575cd,2015-12,Surrey Police,Northumbria Police,-1.634406,55.008963,On or near Turner Crescent,E01008353,Newcastle upon Tyne 006A,Burglary,Under investigation,
253d16b3ac4710d3f7a4b09e7783e91b3921c1cafeb274f5ec7b1833f8296ccf,2015-12,Surrey Police,Northumbria Police,-1.636010,55.011439,On or near Craster Square,E01008353,Newcastle upon Tyne 006A,Public order,Offender given a caution,
0f796d5afb2dd0aab4ff6e9787c0cbe1cf5a961c3674000e08474351130b141c,2015-12,Surrey Police,Northumbria Police,-1.634406,55.008963,On or near Turner Crescent,E01008353,Newcastle upon Tyne 006A,Public order,Under investigation,
d38181611d2ba07df5ef192321ee3c0e66204ae0b3c61facc49e036e52eefc27,2015-12,Surrey Police,Northumbria Police,-1.635408,55.012255,On or near Supermarket,E01008353,Newcastle upon Tyne 006A,Shoplifting,Investigation complete; no suspect identified,
0dd16db57a1cbae846b2996387afb32e337a861632e9db069f2ba607d9cc42b6,2015-12,Surrey Police,Northumbria Police,-1.634340,55.012764,On or near Harbottle Avenue,E01008353,Newcastle upon Tyne 006A,Shoplifting,Investigation complete; no suspect identified,
fe478b7fe6c2127972add7c984999e84bd6e0186ba8e76c4300ecdfb3e870c75,2015-12,Surrey Police,Northumbria Police,-1.634340,55.012764,On or near Harbottle Avenue,E01008353,Newcastle upon Tyne 006A,Shoplifting,Investigation complete; no suspect identified,
70b8c2eabe56022533f96c5610a9409bcf34e82f01c8bd9c220c371c9c5ab5c2,2015-12,Surrey Police,Northumbria Police,-1.634340,55.012764,On or near Harbottle Avenue,E01008353,Newcastle upon Tyne 006A,Shoplifting,Under investigation,
8fc4863707901f1d95d0a42031ca03f2dfb6c901aa0104db2495beb146221787,2015-12,Surrey Police,Northumbria Police,-1.635408,55.012255,On or near Supermarket,E01008353,Newcastle upon Tyne 006A,Shoplifting,Under investigation,
e69887d5376c08899078cd2d644118cab376a3f11caab7b088fe4e4a4c34a0b8,2015-12,Surrey Police,Northumbria Police,-1.635408,55.012255,On or near Supermarket,E01008353,Newcastle upon Tyne 006A,Shoplifting,Under investigation,
d2d9a50de834879581c91782b8ae83ebc1a258a07af005f19c2503814988460a,2015-12,Surrey Police,Northumbria Police,-1.634340,55.012764,On or near Harbottle Avenue,E01008353,Newcastle upon Tyne 006A,Shoplifting,Investigation complete; no suspect identified,
51baed0638944edf6b0c16bff7c78742ced39fb326743867e5cab91f03a11950,2015-12,Surrey Police,Northumbria Police,-1.635408,55.012255,On or near Supermarket,E01008353,Newcastle upon Tyne 006A,Violence and sexual offences,Awaiting court outcome,
cf486660942f4603ee109fa74dc1aca6f467589c26c4f160983f9f8395f25ee5,2015-12,Surrey Police,Northumbria Police,-1.635408,55.012255,On or near Supermarket,E01008353,Newcastle upon Tyne 006A,Violence and sexual offences,Awaiting court outcome,
2f1176b48560962252cdeaad20920087dc2fe069c1f5dc05529fcae55de65f03,2015-12,Surrey Police,Northumbria Police,-1.633831,55.012007,On or near Guyzance Avenue,E01008353,Newcastle upon Tyne 006A,Violence and sexual offences,Awaiting court outcome,
,2015-12,Surrey Police,Northumbria Police,-1.621373,55.009849,On or near Irton Street,E01008355,Newcastle upon Tyne 006B,Anti-social behaviour,,
,2015-12,Surrey Police,Northumbria Police,-1.624376,55.009777,On or near Regent Road North,E01008355,Newcastle upon Tyne 006B,Anti-social behaviour,,
,2015-12,Surrey Police,Northumbria Police,-1.621373,55.009849,On or near Irton Street,E01008355,Newcastle upon Tyne 006B,Anti-social behaviour,,
,2015-12,Surrey Police,Northumbria Police,-1.621373,55.009849,On or near Irton Street,E01008355,Newcastle upon Tyne 006B,Anti-social behaviour,,
,2015-12,Surrey Police,Northumbria Police,-1.619552,55.007291,On or near High Street,E01008355,Newcastle upon Tyne 006B,Anti-social behaviour,,
,2015-12,Surrey Police,Northumbria Police,-1.621373,55.009849,On or near Irton Street,E01008355,Newcastle upon Tyne 006B,Anti-social behaviour,,
987e5d26ae8cb3dd5518992b4b096e632320f4375274302f27048dc1a49692b9,2015-12,Surrey Police,Northumbria Police,-1.621373,55.009849,On or near Irton Street,E01008355,Newcastle upon Tyne 006B,Criminal damage and arson,Awaiting court outcome,
65ff0139c960a1cec97233eb3ca35b132c12cd98ec2182c04e64bcffc8f588d6,2015-12,Surrey Police,Northumbria Police,-1.621373,55.009849,On or near Irton Street,E01008355,Newcastle upon Tyne 006B,Criminal damage and arson,Awaiting court outcome,
e22363c6bcaae15f0d8e65a2ba8c7cf807d6db13d866ff3cb5dbd51b578abc79,2015-12,Surrey Police,Northumbria Police,-1.625172,55.006562,On or near Edward Street,E01008355,Newcastle upon Tyne 006B,Other theft,Investigation complete; no suspect identified,
8eafd912d6c66ce68ee386109d37d8cd51a117061e45d26bffc1ebedeeee5536,2015-12,Surrey Police,Northumbria Police,-1.620088,55.008497,On or near High Street,E01008355,Newcastle upon Tyne 006B,Public order,Under investigation,
2196885f43196dd7457e1455f5381bbf83cb6cef38a7e74616d4f1a468fe3b7b,2015-12,Surrey Police,Northumbria Police,-1.622207,55.009321,On or near Henry Street,E01008355,Newcastle upon Tyne 006B,Vehicle crime,Investigation complete; no suspect identified,
07db72664164fc8a3357e11cd91efc323c39a20bc44cd1b1693ab5135b3d41bb,2015-12,Surrey Police,Northumbria Police,-1.621373,55.009849,On or near Irton Street,E01008355,Newcastle upon Tyne 006B,Violence and sexual offences,Investigation complete; no suspect identified,
302d60a3f9d0b60f57d7fdc2a8501b334824535098a4cc2d62c7ad6dcf2abd70,2015-12,Surrey Police,Northumbria Police,-1.619552,55.007291,On or near High Street,E01008355,Newcastle upon Tyne 006B,Violence and sexual offences,Under investigation,
0db73478f1c095b04d5208d1653d5f08cc6ee2e342063ecb0e84e242314c1551,2015-12,Surrey Police,Northumbria Police,-1.621373,55.009849,On or near Irton Street,E01008355,Newcastle upon Tyne 006B,Violence and sexual offences,Under investigation,
,2015-12,Surrey Police,Northumbria Police,-1.639970,55.007497,On or near Souter Road,E01008356,Newcastle upon Tyne 006C,Anti-social behaviour,,
,2015-12,Surrey Police,Northumbria Police,-1.629099,55.006278,On or near Baronswood,E01008356,Newcastle upon Tyne 006C,Anti-social behaviour,,
,2015-12,Surrey Police,Northumbria Police,-1.637041,55.004550,On or near Barrasford Close,E01008356,Newcastle upon Tyne 006C,Anti-social behaviour,,
,2015-12,Surrey Police,Northumbria Police,-1.634473,55.005027,On or near Halterburn Close,E01008356,Newcastle upon Tyne 006C,Anti-social behaviour,,
d92f83723b3e9eebe5c0e4d1d7e4f82e8736ae03fce389550389a2f12027e247,2015-12,Surrey Police,Northumbria Police,-1.639970,55.007497,On or near Souter Road,E01008356,Newcastle upon Tyne 006C,Criminal damage and arson,Under investigation,
f35e484047fc8795684207c0ac18a8626a20f7794aeab90781ebf465c702ccbf,2015-12,Surrey Police,Northumbria Police,-1.634473,55.005027,On or near Halterburn Close,E01008356,Newcastle upon Tyne 006C,Public order,Awaiting court outcome,
3c3314f9fa999f81cbc960390842d06b0ae9f78b840041dc4f0b0cf7dd8cb78e,2015-12,Surrey Police,Northumbria Police,-1.638370,55.008085,On or near Wall Street,E01008356,Newcastle upon Tyne 006C,Vehicle crime,Investigation complete; no suspect identified,
51ead056819348e29c781dfbeb301502a80e5d8689cc3a7608b9ac6e018fe2f7,2015-12,Surrey Police,Northumbria Police,-1.634473,55.005027,On or near Halterburn Close,E01008356,Newcastle upon Tyne 006C,Violence and sexual offences,Awaiting court outcome,
97718e7e4f2cc538f4a8bbc54f9fcbbc366751a9dab955dc454665359ca68ae1,2015-12,Surrey Police,Northumbria Police,-1.639970,55.007497,On or near Souter Road,E01008356,Newcastle upon Tyne 006C,Violence and sexual offences,Offender given suspended prison sentence,
68000d6449781c98733713b39778996b039fc5d8f2f804156a2218bcab5a9d73,2015-12,Surrey Police,Northumbria Police,-1.634473,55.005027,On or near Halterburn Close,E01008356,Newcastle upon Tyne 006C,Violence and sexual offences,Under investigation,
164b8f055f9638813d7d7f5787212b6419f5c97f8d0343fdd913752d56d5da01,2015-12,Surrey Police,Northumbria Police,-1.634473,55.005027,On or near Halterburn Close,E01008356,Newcastle upon Tyne 006C,Violence and sexual offences,Under investigation,
,2015-12,Surrey Police,Northumbria Police,-1.636539,54.999615,On or near Carlton Grange,E01008378,Newcastle upon Tyne 006D,Anti-social behaviour,,
,2015-12,Surrey Police,Northumbria Police,-1.643304,54.999994,On or near Mornington Avenue,E01008378,Newcastle upon Tyne 006D,Anti-social behaviour,,
d9b6f9c369e08159af5302be8931bb6c6c505c5bf40a55d04f002c0deda96d90,2015-12,Surrey Police,Northumbria Police,-1.638082,54.998424,On or near Beechcroft Avenue,E01008378,Newcastle upon Tyne 006D,Burglary,Investigation complete; no suspect identified,
2ba4f7ee32a7a42cf159f07c579161ab15bfeecf38240525cf77f5269e893f4f,2015-12,Surrey Police,Northumbria Police,-1.641702,54.999118,On or near Wyndsail Place,E01008378,Newcastle upon Tyne 006D,Criminal damage and arson,Investigation complete; no suspect identified,
ffb7e64150a7062033d67af81a27ff7f59157b4cf7d69517c2c43a70037a1c3e,2015-12,Surrey Police,Northumbria Police,-1.638082,54.998424,On or near Beechcroft Avenue,E01008378,Newcastle upon Tyne 006D,Vehicle crime,Investigation complete; no suspect identified,
70d80acf4fb520867c9bd708b5facf9b74a8fad27544e8c1de73b8954a083d48,2015-12,Surrey Police,Northumbria Police,-1.643304,54.999994,On or near Mornington Avenue,E01008378,Newcastle upon Tyne 006D,Violence and sexual offences,Investigation complete; no suspect identified,
,2015-12,Surrey Police,Northumbria Police,-1.626590,55.005434,On or near Broomfield Road,E01008419,Newcastle upon Tyne 006E,Anti-social behaviour,,
,2015-12,Surrey Police,Northumbria Police,-1.620195,55.007158,On or near Parking Area,E01008419,Newcastle upon Tyne 006E,Anti-social behaviour,,
,2015-12,Surrey Police,Northumbria Police,-1.626590,55.005434,On or near Broomfield Road,E01008419,Newcastle upon Tyne 006E,Anti-social behaviour,,
,2015-12,Surrey Police,Northumbria Police,-1.619532,55.006159,On or near South Cross Street,E01008419,Newcastle upon Tyne 006E,Anti-social behaviour,,
,2015-12,Surrey Police,Northumbria Police,-1.621426,55.002597,On or near Causey Street,E01008419,Newcastle upon Tyne 006E,Anti-social behaviour,,
,2015-12,Surrey Police,Northumbria Police,-1.626590,55.005434,On or near Broomfield Road,E01008419,Newcastle upon Tyne 006E,Anti-social behaviour,,
,2015-12,Surrey Police,Northumbria Police,-1.626590,55.005434,On or near Broomfield Road,E01008419,Newcastle upon Tyne 006E,Anti-social behaviour,,
,2015-12,Surrey Police,Northumbria Police,-1.626590,55.005434,On or near Broomfield Road,E01008419,Newcastle upon Tyne 006E,Anti-social behaviour,,
,2015-12,Surrey Police,Northumbria Police,-1.626590,55.005434,On or near Broomfield Road,E01008419,Newcastle upon Tyne 006E,Anti-social behaviour,,
eb5944b04bf9508269fb179a17cd695e9c739f511daf494de178116c6091e45b,2015-12,Surrey Police,Northumbria Police,-1.619580,55.004307,On or near Supermarket,E01008419,Newcastle upon Tyne 006E,Burglary,Offender given suspended prison sentence,
b55294e4faf958f0330afe5574176a610e68ef6ff4d9f9bf4f0314db2920e4e9,2015-12,Surrey Police,Northumbria Police,-1.621709,55.005689,On or near Ivy Road,E01008419,Newcastle upon Tyne 006E,Criminal damage and arson,Investigation complete; no suspect identified,
5e5589738f67f54659cbcc3d1df384fb9bc8d882fe9dd6c9d3ddec246921235f,2015-12,Surrey Police,Northumbria Police,-1.620987,55.004366,On or near Back High Street,E01008419,Newcastle upon Tyne 006E,Other theft,Under investigation,
da43371b01901bb3e56721df47a3ba3d51f7743fb3b01399c218f8bdbaff8a36,2015-12,Surrey Police,Northumbria Police,-1.620195,55.007158,On or near Parking Area,E01008419,Newcastle upon Tyne 006E,Shoplifting,Investigation complete; no suspect identified,
f544dd307c60a022403f432e8fcc310374ed0560ddaf117ddd7a293df4e07c09,2015-12,Surrey Police,Northumbria Police,-1.619580,55.004307,On or near Supermarket,E01008419,Newcastle upon Tyne 006E,Shoplifting,Under investigation,
1167e7b6c6d77f1c2163d014300d58ce1b1441f760122a80bbeaa2d3b04940b8,2015-12,Surrey Police,Northumbria Police,-1.619580,55.004307,On or near Supermarket,E01008419,Newcastle upon Tyne 006E,Shoplifting,Offender sent to prison,
800b6509539fc71d7561fb6f9888e1c842cf6725533fe811577003639b332d3f,2015-12,Surrey Police,Northumbria Police,-1.619676,55.005737,On or near Parking Area,E01008419,Newcastle upon Tyne 006E,Theft from the person,Investigation complete; no suspect identified,
08735f98d059d7d308ec0a7047ae3bcbdcccb3f661159a7edbfa5da4d85e7a93,2015-12,Surrey Police,Northumbria Police,-1.619532,55.006159,On or near South Cross Street,E01008419,Newcastle upon Tyne 006E,Violence and sexual offences,Investigation complete; no suspect identified,
,2015-12,Surrey Police,Northumbria Police,-1.634288,55.003050,On or near Ashfield Road,E01008421,Newcastle upon Tyne 006F,Anti-social behaviour,,
,2015-12,Surrey Police,Northumbria Police,-1.633156,55.003702,On or near The Firs,E01008421,Newcastle upon Tyne 006F,Anti-social behaviour,,
bbf338718bc65476f562141db34c64dd92ca19106f10f6f88ccdcf647645ed3e,2015-12,Surrey Police,Northumbria Police,-1.635746,55.002569,On or near Delaval Terrace,E01008421,Newcastle upon Tyne 006F,Bicycle theft,Investigation complete; no suspect identified,
43dc0b149edf5507613f9ab80209d37e9468252e9af662e9356436fa083f7d0a,2015-12,Surrey Police,Northumbria Police,-1.632439,55.001768,On or near Elmfield Grove,E01008421,Newcastle upon Tyne 006F,Vehicle crime,Investigation complete; no suspect identified,
05433d6ce59e71d264d14e9015b26a60eeb772b89b2cae2284a35ddca2d9b980,2015-12,Surrey Police,Northumbria Police,-1.634288,55.003050,On or near Ashfield Road,E01008421,Newcastle upon Tyne 006F,Violence and sexual offences,Under investigation,
ada0848ac0adb845f745988d8e83e57c5ddeb8bf13fb6d6c054409ebf4f348d1,2015-12,Surrey Police,Northumbria Police,-1.633156,55.003702,On or near The Firs,E01008421,Newcastle upon Tyne 006F,Violence and sexual offences,Investigation complete; no suspect identified,
2de5db54d7da7e23e57fdc147e9d279ccbd9173f2221582820721c0098220a6f,2015-12,Surrey Police,Northumbria Police,-1.631194,55.001216,On or near Elgy Road,E01008423,Newcastle upon Tyne 006G,Burglary,Investigation complete; no suspect identified,
509b02ffdcaf2becc1740561bb25ffad00f1cc2dd1450287d8fa697f739c6bba,2015-12,Surrey Police,Northumbria Police,-1.620247,54.998280,On or near Moor Crescent,E01008423,Newcastle upon Tyne 006G,Drugs,Investigation complete; no suspect identified,
,2015-12,Surrey Police,Northumbria Police,-1.589322,55.001855,On or near Conway Drive,E01008317,Newcastle upon Tyne 007A,Anti-social behaviour,,
,2015-12,Surrey Police,Northumbria Police,-1.589322,55.001855,On or near Conway Drive,E01008317,Newcastle upon Tyne 007A,Anti-social behaviour,,
5c4940205148be3ae70dbcada28bf042348658005316e2856b2b4e34fb9e214f,2015-12,Surrey Police,Northumbria Police,-1.592704,54.998254,On or near Hambledon Gardens,E01008317,Newcastle upon Tyne 007A,Other theft,Investigation complete; no suspect identified,
35ee8621819dc1152f09b83587f69d6093644f128f5e4cfe3f9034763e9d0204,2015-12,Surrey Police,Northumbria Police,-1.592704,54.998254,On or near Hambledon Gardens,E01008317,Newcastle upon Tyne 007A,Public order,Offender given absolute discharge,
76b1f2a834791f5d1ff2a6bd3fac95656466be27de8c76478bd07c30b1b8c0c9,2015-12,Surrey Police,Northumbria Police,-1.592704,54.998254,On or near Hambledon Gardens,E01008317,Newcastle upon Tyne 007A,Public order,Investigation complete; no suspect identified,
,2015-12,Surrey Police,Northumbria Police,-1.569288,55.001192,On or near Halleypike Close,E01008319,Newcastle upon Tyne 007B,Anti-social behaviour,,
,2015-12,Surrey Police,Northumbria Police,-1.563342,55.000291,On or near Cawburn Close,E01008319,Newcastle upon Tyne 007B,Anti-social behaviour,,
850475b364e4e2e6753e799507e64ec8cf026c08103381c172dbbb5661a6a742,2015-12,Surrey Police,Northumbria Police,-1.562185,55.001715,On or near Butterburn Close,E01008319,Newcastle upon Tyne 007B,Burglary,Investigation complete; no suspect identified,
de044247bec57b1f732722b1d86169a7e0a64c6ea66d9770498aec55f1140b27,2015-12,Surrey Police,Northumbria Police,-1.560700,54.997415,On or near Stanfield Court,E01008319,Newcastle upon Tyne 007B,Other theft,Under investigation,
f4fdece9119c5eefa973d7f94761045c9e7f8ad4abf292b59f568e02bfb2a3dc,2015-12,Surrey Police,Northumbria Police,-1.560700,54.997415,On or near Stanfield Court,E01008319,Newcastle upon Tyne 007B,Violence and sexual offences,Awaiting court outcome,
748152c05435d59c23efdd101392a359016af7a0431ca05985e85c8703e99722,2015-12,Surrey Police,Northumbria Police,-1.560700,54.997415,On or near Stanfield Court,E01008319,Newcastle upon Tyne 007B,Violence and sexual offences,Awaiting court outcome,
,2015-12,Surrey Police,Northumbria Police,-1.578801,55.009394,On or near Benton Lane,E01008320,Newcastle upon Tyne 007C,Anti-social behaviour,,
,2015-12,Surrey Police,Northumbria Police,-1.578801,55.009394,On or near Benton Lane,E01008320,Newcastle upon Tyne 007C,Anti-social behaviour,,
,2015-12,Surrey Police,Northumbria Police,-1.578801,55.009394,On or near Benton Lane,E01008320,Newcastle upon Tyne 007C,Anti-social behaviour,,
,2015-12,Surrey Police,Northumbria Police,-1.578801,55.009394,On or near Benton Lane,E01008320,Newcastle upon Tyne 007C,Anti-social behaviour,,
,2015-12,Surrey Police,Northumbria Police,-1.578801,55.009394,On or near Benton Lane,E01008320,Newcastle upon Tyne 007C,Anti-social behaviour,,
,2015-12,Surrey Police,Northumbria Police,-1.578801,55.009394,On or near Benton Lane,E01008320,Newcastle upon Tyne 007C,Anti-social behaviour,,
,2015-12,Surrey Police,Northumbria Police,-1.578801,55.009394,On or near Benton Lane,E01008320,Newcastle upon Tyne 007C,Anti-social behaviour,,
,2015-12,Surrey Police,Northumbria Police,-1.578801,55.009394,On or near Benton Lane,E01008320,Newcastle upon Tyne 007C,Anti-social behaviour,,
299e457069c324607d7417d082a0803d3c7fe506e78bbd59176dc51369627bf1,2015-12,Surrey Police,Northumbria Police,-1.581739,55.007976,On or near Parkside Avenue,E01008320,Newcastle upon Tyne 007C,Public order,Investigation complete; no suspect identified,
280525438e3bfff16a898c9c5f51ab7b6c44531713eeebf43bf57d5bfded3832,2015-12,Surrey Police,Northumbria Police,-1.577888,55.006929,On or near Manor Avenue,E01008320,Newcastle upon Tyne 007C,Violence and sexual offences,Investigation complete; no suspect identified,
16a7cb4876e2fd60435ebecc78d4c230d9deb020c847a9bc55857fb08b5128e3,2015-12,Surrey Police,Northumbria Police,-1.578801,55.009394,On or near Benton Lane,E01008320,Newcastle upon Tyne 007C,Violence and sexual offences,Awaiting court outcome,
bf2a62b60f872230be7cf13aac174bed5384ef3318b517bcc5045b9e1b8b97fb,2015-12,Surrey Police,Northumbria Police,-1.578801,55.009394,On or near Benton Lane,E01008320,Newcastle upon Tyne 007C,Violence and sexual offences,Under investigation,
6d2a4964253255077b691c1694679ae14e9bba1142342184f94e59c07a00acb7,2015-12,Surrey Police,Northumbria Police,-1.584952,55.007268,On or near Hiddleston Avenue,E01008320,Newcastle upon Tyne 007C,Violence and sexual offences,Investigation complete; no suspect identified,
,2015-12,Surrey Police,Northumbria Police,-1.600658,55.006449,On or near Lartington Gardens,E01008321,Newcastle upon Tyne 007D,Anti-social behaviour,,
,2015-12,Surrey Police,Northumbria Police,-1.591397,55.008431,On or near Lealholm Road,E01008321,Newcastle upon Tyne 007D,Anti-social behaviour,,
e396b6ba0f469d087dee055f95ab7f9b59ab9e1251411adcf915a08223d5c475,2015-12,Surrey Police,Northumbria Police,-1.593393,55.002776,On or near Hospital,E01008321,Newcastle upon Tyne 007D,Bicycle theft,Investigation complete; no suspect identified,
79a0a97d5488affdadeceb241bcde948f05df3f621695fa2ec1049d41468166a,2015-12,Surrey Police,Northumbria Police,-1.593393,55.002776,On or near Hospital,E01008321,Newcastle upon Tyne 007D,Bicycle theft,Investigation complete; no suspect identified,
3581adec2e5a417c826faecc746db0b61a268eed1a0299c75d984b220fe1bf58,2015-12,Surrey Police,Northumbria Police,-1.597539,55.007148,On or near The Cloisters,E01008321,Newcastle upon Tyne 007D,Burglary,Investigation complete; no suspect identified,
47cc7a1ed3475f071d9d5c9d976f310584964bc22c6b660f18263154e24cf6ff,2015-12,Surrey Police,Northumbria Police,-1.597539,55.007148,On or near The Cloisters,E01008321,Newcastle upon Tyne 007D,Burglary,Investigation complete; no suspect identified,
0ce6536c8ef2b88d14c5c8571c26e71360a5321eb2c684a4242ef664481bf370,2015-12,Surrey Police,Northumbria Police,-1.597539,55.007148,On or near The Cloisters,E01008321,Newcastle upon Tyne 007D,Other theft,Under investigation,
ec9032ae45cd0911b165df638400ba39fd91f91ca033195bfe0b8f86557dccb7,2015-12,Surrey Police,Northumbria Police,-1.593393,55.002776,On or near Hospital,E01008321,Newcastle upon Tyne 007D,Other theft,Investigation complete; no suspect identified,
a97ae98678d9edcb5004539198d66bd22ea9acea0cb5ebc342d7f4e42e56779f,2015-12,Surrey Police,Northumbria Police,-1.600362,55.009449,On or near Gallalaw Terrace,E01008321,Newcastle upon Tyne 007D,Vehicle crime,Investigation complete; no suspect identified,
b61d061b81cc65e7abb0c9a45873fb8754fc639df435b84c8ee246c2f3159f46,2015-12,Surrey Police,Northumbria Police,-1.598648,55.004168,On or near Castledene Court,E01008321,Newcastle upon Tyne 007D,Violence and sexual offences,Under investigation,
0611fbae5a9a97476787564e27294610615b9744be6e3240e437de2d2c600a49,2015-12,Surrey Police,Northumbria Police,-1.586387,55.002986,On or near Whitton Place,E01008322,Newcastle upon Tyne 007E,Criminal damage and arson,Investigation complete; no suspect identified,
,2015-12,Surrey Police,Northumbria Police,-1.572998,55.006624,On or near Rosemount Way,E01008323,Newcastle upon Tyne 007F,Anti-social behaviour,,
aad2090e42cc73cc32fba61b206c3a0d0173a392f82ffc247fdb17b49c6229be,2015-12,Surrey Police,Northumbria Police,-1.577002,55.004949,On or near Carnoustie Close,E01008323,Newcastle upon Tyne 007F,Other theft,Investigation complete; no suspect identified,
f440a2b95aec549eac1cc498052499c751f3d926dc5d4094807538a5d16c8191,2015-12,Surrey Police,Northumbria Police,-1.578607,54.999500,On or near Guelder Road,E01008323,Newcastle upon Tyne 007F,Violence and sexual offences,Investigation complete; no suspect identified,
ea3f6ccffb9c933f83b56e0403f2104e8d779248537ebe05f577e098ecf99165,2015-12,Surrey Police,Northumbria Police,-1.575765,55.003677,On or near Fairdale Avenue,E01008323,Newcastle upon Tyne 007F,Violence and sexual offences,Awaiting court outcome,
,2015-12,Surrey Police,Northumbria Police,-1.665315,55.013078,On or near Belvedere Parkway,E01008295,Newcastle upon Tyne 008A,Anti-social behaviour,,
,2015-12,Surrey Police,Northumbria Police,-1.659913,55.008327,On or near Thirston Way,E01008295,Newcastle upon Tyne 008A,Anti-social behaviour,,
,2015-12,Surrey Police,Northumbria Police,-1.665793,55.012072,On or near Shopping Area,E01008295,Newcastle upon Tyne 008A,Anti-social behaviour,,
,2015-12,Surrey Police,Northumbria Police,-1.664286,55.007135,On or near Reestones Place,E01008295,Newcastle upon Tyne 008A,Anti-social behaviour,,
,2015-12,Surrey Police,Northumbria Police,-1.665388,55.006167,On or near Mallowburn Crescent,E01008295,Newcastle upon Tyne 008A,Anti-social behaviour,,
,2015-12,Surrey Police,Northumbria Police,-1.663683,55.013738,On or near Shopping Area,E01008295,Newcastle upon Tyne 008A,Anti-social behaviour,,
,2015-12,Surrey Police,Northumbria Police,-1.665388,55.006167,On or near Mallowburn Crescent,E01008295,Newcastle upon Tyne 008A,Anti-social behaviour,,
,2015-12,Surrey Police,Northumbria Police,-1.665315,55.013078,On or near Belvedere Parkway,E01008295,Newcastle upon Tyne 008A,Anti-social behaviour,,
,2015-12,Surrey Police,Northumbria Police,-1.666276,55.004741,On or near Byrness Close,E01008295,Newcastle upon Tyne 008A,Anti-social behaviour,,
,2015-12,Surrey Police,Northumbria Police,-1.665388,55.006167,On or near Mallowburn Crescent,E01008295,Newcastle upon Tyne 008A,Anti-social behaviour,,
,2015-12,Surrey Police,Northumbria Police,-1.661637,55.009707,On or near Gunnerston Grove,E01008295,Newcastle upon Tyne 008A,Anti-social behaviour,,
c19aae522c63b995687c52092951254c29fd3bec254279584774531648ae9347,2015-12,Surrey Police,Northumbria Police,-1.661869,55.004495,On or near Sports/Recreation Area,E01008295,Newcastle upon Tyne 008A,Burglary,Investigation complete; no suspect identified,
34934ebb12da0060842a806c68e8d0bce8443d3457e97915982956cd3a6aa28a,2015-12,Surrey Police,Northumbria Police,-1.666276,55.004741,On or near Byrness Close,E01008295,Newcastle upon Tyne 008A,Criminal damage and arson,Investigation complete; no suspect identified,
671fd21727db2c0d8d6e1b80945d4d7b3ff6abb475b8b00cbd6e3cec75134b72,2015-12,Surrey Police,Northumbria Police,-1.663683,55.013738,On or near Shopping Area,E01008295,Newcastle upon Tyne 008A,Criminal damage and arson,Investigation complete; no suspect identified,
68dd6986cb0add2ba2241fe7e17415b22d409e7090e054fe8facf896b244dda4,2015-12,Surrey Police,Northumbria Police,-1.660688,55.007296,On or near Hartburn Walk,E01008295,Newcastle upon Tyne 008A,Criminal damage and arson,Investigation complete; no suspect identified,
8511e64414285adca8eef08400863c769e4b468043d85dae0baa942ffe0f5bea,2015-12,Surrey Police,Northumbria Police,-1.660688,55.007296,On or near Hartburn Walk,E01008295,Newcastle upon Tyne 008A,Criminal damage and arson,Investigation complete; no suspect identified,
6fab3ff69d012d63d3a6745acf503ed6d924b4691ded58729300ff9e8bbe95c7,2015-12,Surrey Police,Northumbria Police,-1.664286,55.007135,On or near Reestones Place,E01008295,Newcastle upon Tyne 008A,Criminal damage and arson,Investigation complete; no suspect identified,
9e52b3eacdc2b84f2041d02567a7af66b5435a9d4cd6fe2987e511a5cac9a877,2015-12,Surrey Police,Northumbria Police,-1.661869,55.004495,On or near Sports/Recreation Area,E01008295,Newcastle upon Tyne 008A,Drugs,Local resolution,
0b3f8c89689bf57d23056fe9d514445124f8d85b18c9f3c42aa06c3418feff91,2015-12,Surrey Police,Northumbria Police,-1.661168,55.013479,On or near Supermarket,E01008295,Newcastle upon Tyne 008A,Other theft,Investigation complete; no suspect identified,
e23f68fde2ca6c51dab5694414ebac3ba344170bd291c2ff0d208c8fe717190c,2015-12,Surrey Police,Northumbria Police,-1.661168,55.013479,On or near Supermarket,E01008295,Newcastle upon Tyne 008A,Other theft,Offender given a caution,
6a30a00b3e6236ef186f58c213d27b1050e3c7137cc79474e2c83034ec9a080f,2015-12,Surrey Police,Northumbria Police,-1.664974,55.012726,On or near Petrol Station,E01008295,Newcastle upon Tyne 008A,Other theft,Under investigation,
ca585229457924c038958f4546ed14781da159702ad28d1e5bacaa6945e40967,2015-12,Surrey Police,Northumbria Police,-1.664974,55.012726,On or near Petrol Station,E01008295,Newcastle upon Tyne 008A,Other theft,Under investigation,
61ac86e6f73345de0282fc669d99f0b8597b638342f7e464b5bd1bd1f5cb43d9,2015-12,Surrey Police,Northumbria Police,-1.662493,55.008370,On or near Studdon Walk,E01008295,Newcastle upon Tyne 008A,Possession of weapons,Investigation complete; no suspect identified,
87fa5a43e9d089bd102b35a62f34fcd8a2e4b67aba62d39b98e25dc82b8ca1d4,2015-12,Surrey Police,Northumbria Police,-1.663683,55.013738,On or near Shopping Area,E01008295,Newcastle upon Tyne 008A,Public order,Investigation complete; no suspect identified,
434b1e9d868dec0a305adfedce67665f4c7d6076127ffe523cbc2801f17f88c1,2015-12,Surrey Police,Northumbria Police,-1.665388,55.006167,On or near Mallowburn Crescent,E01008295,Newcastle upon Tyne 008A,Public order,Investigation complete; no suspect identified,
571eec150c39829bde319f62db30f9189e9cdece17177f8370c608c2b5979945,2015-12,Surrey Police,Northumbria Police,-1.661168,55.013479,On or near Supermarket,E01008295,Newcastle upon Tyne 008A,Shoplifting,Offender given conditional discharge,
31abf4ac4f9f61c9af0358cb3d46256a9146bd8d35162aa1ff232ba243839f03,2015-12,Surrey Police,Northumbria Police,-1.665793,55.012072,On or near Shopping Area,E01008295,Newcastle upon Tyne 008A,Shoplifting,Under investigation,
24e0969a734715faac38e94312e6ab42a29e47e4d4180fbb93f8b4ccd27e38c7,2015-12,Surrey Police,Northumbria Police,-1.661168,55.013479,On or near Supermarket,E01008295,Newcastle upon Tyne 008A,Shoplifting,Offender given a caution,
05d70c88113cddbe1748354a1128533251d7e1fb69c8754848daacf3b2c433a0,2015-12,Surrey Police,Northumbria Police,-1.665793,55.012072,On or near Shopping Area,E01008295,Newcastle upon Tyne 008A,Shoplifting,Investigation complete; no suspect identified,
81c5a2f01a2bbe213e39ddcf701a7b4f8e91e70226dcfb29539dba766e83608e,2015-12,Surrey Police,Northumbria Police,-1.661168,55.013479,On or near Supermarket,E01008295,Newcastle upon Tyne 008A,Shoplifting,Offender given suspended prison sentence,
fc249c530d57aa7ce4ea8e598bc3563d881a488e50bf236a1c1e75b00bb95730,2015-12,Surrey Police,Northumbria Police,-1.661168,55.013479,On or near Supermarket,E01008295,Newcastle upon Tyne 008A,Shoplifting,Investigation complete; no suspect identified,
f6b68b81efd6cde0704c534bfed4b477ada13b5f972c58170acf548d8f4d7546,2015-12,Surrey Police,Northumbria Police,-1.661869,55.004495,On or near Sports/Recreation Area,E01008295,Newcastle upon Tyne 008A,Violence and sexual offences,Under investigation,
80145725b8339d05c80d7a6cf2edc6ab26cd5a083cfa74b03b327a115a38f141,2015-12,Surrey Police,Northumbria Police,-1.665388,55.006167,On or near Mallowburn Crescent,E01008295,Newcastle upon Tyne 008A,Violence and sexual offences,Investigation complete; no suspect identified,
2370caf00d39e9e6d2586c1755b7d785d3cba6136e434400d4341da827305b02,2015-12,Surrey Police,Northumbria Police,-1.660688,55.007296,On or near Hartburn Walk,E01008295,Newcastle upon Tyne 008A,Violence and sexual offences,Under investigation,
f3dff8534a8a42755b1e622f985ae2a41ff01b1c473e4416a3d95948c7b3231b,2015-12,Surrey Police,Northumbria Police,-1.666276,55.004741,On or near Byrness Close,E01008295,Newcastle upon Tyne 008A,Violence and sexual offences,Awaiting court outcome,
,2015-12,Surrey Police,Northumbria Police,-1.639241,55.001653,On or near Shopping Area,E01008374,Newcastle upon Tyne 008B,Anti-social behaviour,,
,2015-12,Surrey Police,Northumbria Police,-1.642745,55.001358,On or near Braebridge Place,E01008374,Newcastle upon Tyne 008B,Anti-social behaviour,,
,2015-12,Surrey Police,Northumbria Police,-1.641128,55.003924,On or near Petrol Station,E01008374,Newcastle upon Tyne 008B,Anti-social behaviour,,
,2015-12,Surrey Police,Northumbria Police,-1.641128,55.003924,On or near Petrol Station,E01008374,Newcastle upon Tyne 008B,Anti-social behaviour,,
,2015-12,Surrey Police,Northumbria Police,-1.639383,55.003244,On or near Kenton Road,E01008374,Newcastle upon Tyne 008B,Anti-social behaviour,,
2020c46d1372afe28d9c10fe69f0eab607554e1194cf68395de1b1e8bfef7f39,2015-12,Surrey Police,Northumbria Police,-1.642474,55.005455,On or near Kenton Crescent,E01008374,Newcastle upon Tyne 008B,Criminal damage and arson,Investigation complete; no suspect identified,
5baedddaa7556f84308aa49e2d6b1ea78581bf23a8e3d846e5c938494012edc1,2015-12,Surrey Police,Northumbria Police,-1.644263,55.001192,On or near Aylyth Place,E01008374,Newcastle upon Tyne 008B,Vehicle crime,Investigation complete; no suspect identified,
aafc30c919dbae5a32216beef756651f593f67c37fac610b7a7610808de27260,2015-12,Surrey Police,Northumbria Police,-1.644832,55.002200,On or near Aysgarth Green,E01008374,Newcastle upon Tyne 008B,Violence and sexual offences,Offender given a caution,
a09973542dbc5ded2d11fdbe1e09df139be9cc1d2b5f41367c3b904d6b2984d9,2015-12,Surrey Police,Northumbria Police,-1.644832,55.002200,On or near Aysgarth Green,E01008374,Newcastle upon Tyne 008B,Violence and sexual offences,Investigation complete; no suspect identified,
af19f396f3c13e923688261e05bca7ed6255ade561cdbf6a90df994f7bfdd1f2,2015-12,Surrey Police,Northumbria Police,-1.644263,55.001192,On or near Aylyth Place,E01008374,Newcastle upon Tyne 008B,Violence and sexual offences,Investigation complete; no suspect identified,
8e05d3d60e48ddc27b8f276222612b2f9117b250a2414b87651733ff0f352cc1,2015-12,Surrey Police,Northumbria Police,-1.641128,55.003924,On or near Petrol Station,E01008374,Newcastle upon Tyne 008B,Violence and sexual offences,Awaiting court outcome,
374cd20b9c40ed923b1af64e60ee3cf6aff06b718001f7553d7f51497706c3b9,2015-12,Surrey Police,Northumbria Police,-1.644832,55.002200,On or near Aysgarth Green,E01008374,Newcastle upon Tyne 008B,Violence and sexual offences,Awaiting court outcome,
,2015-12,Surrey Police,Northumbria Police,-1.652216,54.999840,On or near Mansell Place,E01008375,Newcastle upon Tyne 008C,Anti-social behaviour,,
,2015-12,Surrey Police,Northumbria Police,-1.653407,55.006700,On or near Kirkwood Drive,E01008375,Newcastle upon Tyne 008C,Anti-social behaviour,,
,2015-12,Surrey Police,Northumbria Police,-1.655077,54.999767,On or near Bygate Close,E01008375,Newcastle upon Tyne 008C,Anti-social behaviour,,
,2015-12,Surrey Police,Northumbria Police,-1.655077,54.999767,On or near Bygate Close,E01008375,Newcastle upon Tyne 008C,Anti-social behaviour,,
,2015-12,Surrey Police,Northumbria Police,-1.655077,54.999767,On or near Bygate Close,E01008375,Newcastle upon Tyne 008C,Anti-social behaviour,,
,2015-12,Surrey Police,Northumbria Police,-1.653407,55.006700,On or near Kirkwood Drive,E01008375,Newcastle upon Tyne 008C,Anti-social behaviour,,
,2015-12,Surrey Police,Northumbria Police,-1.653407,55.006700,On or near Kirkwood Drive,E01008375,Newcastle upon Tyne 008C,Anti-social behaviour,,
ecc280bb18ce76bd0dc5ab360f7217d71f594d17af591bd1620bb952a445789a,2015-12,Surrey Police,Northumbria Police,-1.655077,54.999767,On or near Bygate Close,E01008375,Newcastle upon Tyne 008C,Burglary,Investigation complete; no suspect identified,
673db30bcf0b7989c2bf89f8636038923778e1170df81553734a3fdadb198727,2015-12,Surrey Police,Northumbria Police,-1.655077,54.999767,On or near Bygate Close,E01008375,Newcastle upon Tyne 008C,Other theft,Investigation complete; no suspect identified,
d2c4c8e42da3e86e7c7c5bdd2e02d61ec6bedbc6dcacfd5d2db1547c455b3016,2015-12,Surrey Police,Northumbria Police,-1.653407,55.006700,On or near Kirkwood Drive,E01008375,Newcastle upon Tyne 008C,Vehicle crime,Investigation complete; no suspect identified,
1023b8a300ff41a924dfa93480e56f2c9ce78e8ae818c40cacb2386ee5f1cc3c,2015-12,Surrey Police,Northumbria Police,-1.655187,55.005204,On or near Runnymede Way,E01008375,Newcastle upon Tyne 008C,Violence and sexual offences,Under investigation,
9a861f64ff542752cbb93bbc5f804fbb09cb4ab4d4f29d527f9e93c0710b8b15,2015-12,Surrey Police,Northumbria Police,-1.653585,55.004292,On or near Maywood Close,E01008375,Newcastle upon Tyne 008C,Violence and sexual offences,Under investigation,
50b0d68b619d12c00f268912764a692a5bbf9c92cedb66408746b8ad1658e327,2015-12,Surrey Police,Northumbria Police,-1.655580,55.005008,On or near Balmain Road,E01008375,Newcastle upon Tyne 008C,Violence and sexual offences,Under investigation,
,2015-12,Surrey Police,Northumbria Police,-1.652029,55.005231,On or near Halewood Avenue,E01008376,Newcastle upon Tyne 008D,Anti-social behaviour,,
,2015-12,Surrey Police,Northumbria Police,-1.647237,55.006107,On or near Mountfield Gardens,E01008376,Newcastle upon Tyne 008D,Anti-social behaviour,,
5ac007953fd0d67a542591525b7f54957bbd46aca839758c5b527d1a50de4ef4,2015-12,Surrey Police,Northumbria Police,-1.651032,55.001203,On or near The Riding,E01008376,Newcastle upon Tyne 008D,Burglary,Investigation complete; no suspect identified,
055ad88cc400da8e74670c707e59a82e391cea9e23d4630dd2419316d79f7937,2015-12,Surrey Police,Northumbria Police,-1.647837,55.005381,On or near Rosewood Gardens,E01008376,Newcastle upon Tyne 008D,Criminal damage and arson,Investigation complete; no suspect identified,
d9336411b3d8d69d1df172cbfc0326583097d7276f3f3d04c1740d2113c1259a,2015-12,Surrey Police,Northumbria Police,-1.652029,55.005231,On or near Halewood Avenue,E01008376,Newcastle upon Tyne 008D,Other theft,Under investigation,
,2015-12,Surrey Police,Northumbria Police,-1.662796,54.998279,On or near Highland Road,E01008377,Newcastle upon Tyne 008E,Anti-social behaviour,,
,2015-12,Surrey Police,Northumbria Police,-1.659711,54.997094,On or near Murrayfield Road,E01008377,Newcastle upon Tyne 008E,Anti-social behaviour,,
,2015-12,Surrey Police,Northumbria Police,-1.659711,54.997094,On or near Murrayfield Road,E01008377,Newcastle upon Tyne 008E,Anti-social behaviour,,
,2015-12,Surrey Police,Northumbria Police,-1.663925,54.999801,On or near Dowding Lane,E01008377,Newcastle upon Tyne 008E,Anti-social behaviour,,
,2015-12,Surrey Police,Northumbria Police,-1.659711,54.997094,On or near Murrayfield Road,E01008377,Newcastle upon Tyne 008E,Anti-social behaviour,,
,2015-12,Surrey Police,Northumbria Police,-1.659711,54.997094,On or near Murrayfield Road,E01008377,Newcastle upon Tyne 008E,Anti-social behaviour,,
,2015-12,Surrey Police,Northumbria Police,-1.658605,54.998528,On or near Grasswell Drive,E01008377,Newcastle upon Tyne 008E,Anti-social behaviour,,
,2015-12,Surrey Police,Northumbria Police,-1.659644,54.999475,On or near Scafell Drive,E01008377,Newcastle upon Tyne 008E,Anti-social behaviour,,
,2015-12,Surrey Police,Northumbria Police,-1.659711,54.997094,On or near Murrayfield Road,E01008377,Newcastle upon Tyne 008E,Anti-social behaviour,,
358cc51e6e0c37e7bb01cf28753660079aa88bd0c140be233a5662077bacb25b,2015-12,Surrey Police,Northumbria Police,-1.660383,55.000816,On or near Bowfell Avenue,E01008377,Newcastle upon Tyne 008E,Burglary,Investigation complete; no suspect identified,
4820976e3bb22f67a900c0f12955360a30e8cbea2bbef979a164ef5febe2619c,2015-12,Surrey Police,Northumbria Police,-1.659711,54.997094,On or near Murrayfield Road,E01008377,Newcastle upon Tyne 008E,Burglary,Investigation complete; no suspect identified,
28f07c605b1e4eae4ebdef2e4409219f22c9f0d52a88f45cff994bcafd732c8c,2015-12,Surrey Police,Northumbria Police,-1.661220,54.998023,On or near Harehills Avenue,E01008377,Newcastle upon Tyne 008E,Criminal damage and arson,Investigation complete; no suspect identified,
13fabafe07f89aadec15503f10120f5c8cdc2bf3a87d027165564fb09259cd23,2015-12,Surrey Police,Northumbria Police,-1.663694,54.997509,On or near Ponteland Road,E01008377,Newcastle upon Tyne 008E,Criminal damage and arson,Investigation complete; no suspect identified,
7a089b1f26e85fdd00cae5f111c69a00a6cb856ef48932c3a95a0b9fc4dd0c15,2015-12,Surrey Police,Northumbria Police,-1.661436,54.996523,On or near Hillsleigh Road,E01008377,Newcastle upon Tyne 008E,Criminal damage and arson,Under investigation,
67bc38965808b487cc38a0a01f073f0dfaf592015dc11fc40e053f5457f42437,2015-12,Surrey Police,Northumbria Police,-1.659711,54.997094,On or near Murrayfield Road,E01008377,Newcastle upon Tyne 008E,Criminal damage and arson,Investigation complete; no suspect identified,
6d25851fe7833996fb6a99c229535e5cf9f1a5c5d671e884f24fdb9cee773c91,2015-12,Surrey Police,Northumbria Police,-1.658615,54.997405,On or near Meadowdale Crescent,E01008377,Newcastle upon Tyne 008E,Criminal damage and arson,Investigation complete; no suspect identified,
c9a73aeb864637867242b45d56d67286ca2cfbb620b3c98713d1e634ee4f2a33,2015-12,Surrey Police,Northumbria Police,-1.659644,54.999475,On or near Scafell Drive,E01008377,Newcastle upon Tyne 008E,Drugs,Investigation complete; no suspect identified,
eeff9fa6da4dd5ec951af26cf0505c9e0dbab8ef34af017fefa6127f89c99c18,2015-12,Surrey Police,Northumbria Police,-1.659915,54.998846,On or near Wansfell Avenue,E01008377,Newcastle upon Tyne 008E,Drugs,Offender given a caution,
814bc8f005a6dec1ea937c2dd4de6d3a7c4010c5efca59360676054a9440dbe9,2015-12,Surrey Police,Northumbria Police,-1.659711,54.997094,On or near Murrayfield Road,E01008377,Newcastle upon Tyne 008E,Other theft,Investigation complete; no suspect identified,
fe8e0c41cacf4ccc54ca5e917ae11063f44e04e1b00f2f45c27e11388b784a83,2015-12,Surrey Police,Northumbria Police,-1.664495,55.000827,On or near Matlock Avenue,E01008377,Newcastle upon Tyne 008E,Other theft,Investigation complete; no suspect identified,
85ca9bbc1eed9df6cac77ebc5969a139f8b26fc0f7040226219ecaf9863e6d70,2015-12,Surrey Police,Northumbria Police,-1.660383,55.000816,On or near Bowfell Avenue,E01008377,Newcastle upon Tyne 008E,Violence and sexual offences,Under investigation,
6a62a3ce52e25b2bab6e9d9d774e401eedd808b20c142bb0dc13db12137bbec9,2015-12,Surrey Police,Northumbria Police,-1.663030,55.002153,On or near Hazeldene Avenue,E01008377,Newcastle upon Tyne 008E,Violence and sexual offences,Under investigation,
1d8a7ebbd1e64a91c1b4fa496d0446a43b4fef267137344e30770399af0ff7bc,2015-12,Surrey Police,Northumbria Police,-1.658605,54.998528,On or near Grasswell Drive,E01008377,Newcastle upon Tyne 008E,Violence and sexual offences,Under investigation,
9ff979b1afc0426bf1e4459dab610acfe31f701a52be6d8dc398423a4a8f9e2b,2015-12,Surrey Police,Northumbria Police,-1.658623,55.000074,On or near Bowfell Close,E01008377,Newcastle upon Tyne 008E,Violence and sexual offences,Under investigation,
cbd9638172443e6ec1898c45be468f0346e2fef778e7038a3c4148f8ef7d67dc,2015-12,Surrey Police,Northumbria Police,-1.659171,55.001810,On or near Moor Lane,E01008377,Newcastle upon Tyne 008E,Violence and sexual offences,Investigation complete; no suspect identified,
50b784a9cf20c71520220ddb6764b5225109fda5a6c1864f866f7a093ab79c14,2015-12,Surrey Police,Northumbria Police,-1.661220,54.998023,On or near Harehills Avenue,E01008377,Newcastle upon Tyne 008E,Violence and sexual offences,Under investigation,
,2015-12,Surrey Police,Northumbria Police,-1.646973,55.000499,On or near Millgrove View,E01008379,Newcastle upon Tyne 008F,Anti-social behaviour,,
,2015-12,Surrey Police,Northumbria Police,-1.643857,54.997551,On or near Walnut Place,E01008379,Newcastle upon Tyne 008F,Anti-social behaviour,,
,2015-12,Surrey Police,Northumbria Police,-1.637696,54.996131,On or near Montagu Court,E01008379,Newcastle upon Tyne 008F,Anti-social behaviour,,
,2015-12,Surrey Police,Northumbria Police,-1.634076,54.991969,On or near Grandstand Road,E01008379,Newcastle upon Tyne 008F,Anti-social behaviour,,
,2015-12,Surrey Police,Northumbria Police,-1.643857,54.997551,On or near Walnut Place,E01008379,Newcastle upon Tyne 008F,Anti-social behaviour,,
,2015-12,Surrey Police,Northumbria Police,-1.650236,54.999214,On or near Brigham Avenue,E01008379,Newcastle upon Tyne 008F,Anti-social behaviour,,
,2015-12,Surrey Police,Northumbria Police,-1.634076,54.991969,On or near Grandstand Road,E01008379,Newcastle upon Tyne 008F,Anti-social behaviour,,
c92273d0259a98f56a6ea7433ba8f6c885eedb4a6b7368fff88828695d6e7e20,2015-12,Surrey Police,Northumbria Police,-1.646973,55.000499,On or near Millgrove View,E01008379,Newcastle upon Tyne 008F,Burglary,Investigation complete; no suspect identified,
ce96c75e42e222ed76fc980518d80930315d182cb1c7d6fa9d09657db84ef156,2015-12,Surrey Police,Northumbria Police,-1.642523,54.998186,On or near Wyndrow Place,E01008379,Newcastle upon Tyne 008F,Burglary,Investigation complete; no suspect identified,
e3e89d4ae31a80b1c1712b15b1bbb70caa0bcf721a9122e6a8c60f596817f495,2015-12,Surrey Police,Northumbria Police,-1.646973,55.000499,On or near Millgrove View,E01008379,Newcastle upon Tyne 008F,Other theft,Investigation complete; no suspect identified,
520e4d9e8decd917b682e2f08b4320979cd031f6881b6edd63ce65153eee87d3,2015-12,Surrey Police,Northumbria Police,-1.646973,55.000499,On or near Millgrove View,E01008379,Newcastle upon Tyne 008F,Other theft,Under investigation,
,2015-12,Surrey Police,Northumbria Police,-1.656851,54.995234,On or near Deepdale Crescent,E01008380,Newcastle upon Tyne 008G,Anti-social behaviour,,
,2015-12,Surrey Police,Northumbria Police,-1.659097,54.995771,On or near Eastern Way,E01008380,Newcastle upon Tyne 008G,Anti-social behaviour,,
,2015-12,Surrey Police,Northumbria Police,-1.656851,54.995234,On or near Deepdale Crescent,E01008380,Newcastle upon Tyne 008G,Anti-social behaviour,,
,2015-12,Surrey Police,Northumbria Police,-1.655371,54.990998,On or near Rose Terrace,E01008380,Newcastle upon Tyne 008G,Anti-social behaviour,,
,2015-12,Surrey Police,Northumbria Police,-1.652347,54.990081,On or near Ponteland Road,E01008380,Newcastle upon Tyne 008G,Anti-social behaviour,,
,2015-12,Surrey Police,Northumbria Police,-1.652764,54.990640,On or near Moor Head,E01008380,Newcastle upon Tyne 008G,Anti-social behaviour,,
,2015-12,Surrey Police,Northumbria Police,-1.657411,54.997411,On or near Houghton Avenue,E01008380,Newcastle upon Tyne 008G,Anti-social behaviour,,
c70fb0912018bcabe8fdc92fabfcb3e7463a71b5005653cdf9779cd373124875,2015-12,Surrey Police,Northumbria Police,-1.652347,54.990081,On or near Ponteland Road,E01008380,Newcastle upon Tyne 008G,Burglary,Investigation complete; no suspect identified,
ac4420d290ec9387426fe992845515b16e939ecf6ea02acc7a0c20aee9f4b4e7,2015-12,Surrey Police,Northumbria Police,-1.653360,54.990489,On or near Moorhead Mews,E01008380,Newcastle upon Tyne 008G,Burglary,Investigation complete; no suspect identified,
611ebd91b88804f927b948f9ea3f8b15513794e5832a32759d8866b381e49cbe,2015-12,Surrey Police,Northumbria Police,-1.653360,54.990489,On or near Moorhead Mews,E01008380,Newcastle upon Tyne 008G,Burglary,Investigation complete; no suspect identified,
f1225f8ab4efdfe9ffa7c665e227d1535fced2cc833cff9d89f1411cc534fb81,2015-12,Surrey Police,Northumbria Police,-1.656489,54.991926,On or near Whitehorn Crescent,E01008380,Newcastle upon Tyne 008G,Burglary,Investigation complete; no suspect identified,
adbf8f36e73c0d173abe59a322011dc84121b018b6c793848128bd8c68409717,2015-12,Surrey Police,Northumbria Police,-1.656324,54.992878,On or near Chestnut Avenue,E01008380,Newcastle upon Tyne 008G,Burglary,Investigation complete; no suspect identified,
e8190a3a320d362f602b2fbd4f48e6683382a84eea65b6ea927a75f612190301,2015-12,Surrey Police,Northumbria Police,-1.653360,54.990489,On or near Moorhead Mews,E01008380,Newcastle upon Tyne 008G,Burglary,Investigation complete; no suspect identified,
42bd9c1e0253b0faf20a8cc27ca7bc347b270cc2adb5818eadf9c9f01f09327b,2015-12,Surrey Police,Northumbria Police,-1.655371,54.990998,On or near Rose Terrace,E01008380,Newcastle upon Tyne 008G,Criminal damage and arson,Investigation complete; no suspect identified,
e9c78d6b534f7a3254db71ff94fbf1a9cf84790aff1812c317d048b454cf9d01,2015-12,Surrey Police,Northumbria Police,-1.659097,54.995771,On or near Eastern Way,E01008380,Newcastle upon Tyne 008G,Criminal damage and arson,Investigation complete; no suspect identified,
d416406e3ece521cde2b6674453907828b1480098d6bf97f7e2e908e1e7e66d0,2015-12,Surrey Police,Northumbria Police,-1.659097,54.995771,On or near Eastern Way,E01008380,Newcastle upon Tyne 008G,Vehicle crime,Investigation complete; no suspect identified,
2876529d6066c17e7349a51d39ff635944ddfa95abbbdf5732988cbef3b450c7,2015-12,Surrey Police,Northumbria Police,-1.656255,54.989985,On or near Pedestrian Subway,E01008380,Newcastle upon Tyne 008G,Violence and sexual offences,Under investigation,
84053272d8ca0b1f8491f56faa3db379cda6357c1dc1ffecf4266cc39ea78410,2015-12,Surrey Police,Northumbria Police,-1.656255,54.989985,On or near Pedestrian Subway,E01008380,Newcastle upon Tyne 008G,Violence and sexual offences,Awaiting court outcome,
2450478ba162c6541ddf817a351ea2ecc6031062931c48c88a549118e2475ab7,2015-12,Surrey Police,Northumbria Police,-1.656851,54.995234,On or near Deepdale Crescent,E01008380,Newcastle upon Tyne 008G,Violence and sexual offences,Under investigation,
267170e0d4e64a315699c1ff1e301245a4faf68d420524265ba5b04cbcbb67d2,2015-12,Surrey Police,Northumbria Police,-1.656255,54.989985,On or near Pedestrian Subway,E01008380,Newcastle upon Tyne 008G,Violence and sexual offences,Awaiting court outcome,
78c5e54d469bdb1da30d5f74f5ea9b3973729e39d1f7c53aec5c8208ff575822,2015-12,Surrey Police,Northumbria Police,-1.655371,54.990998,On or near Rose Terrace,E01008380,Newcastle upon Tyne 008G,Violence and sexual offences,Awaiting court outcome,
,2015-12,Surrey Police,Northumbria Police,-1.670078,55.000501,On or near Colebridge Close,E01008296,Newcastle upon Tyne 011A,Anti-social behaviour,,
,2015-12,Surrey Police,Northumbria Police,-1.670078,55.000501,On or near Colebridge Close,E01008296,Newcastle upon Tyne 011A,Anti-social behaviour,,
,2015-12,Surrey Police,Northumbria Police,-1.670078,55.000501,On or near Colebridge Close,E01008296,Newcastle upon Tyne 011A,Anti-social behaviour,,
,2015-12,Surrey Police,Northumbria Police,-1.679454,55.002943,On or near Haggerston Close,E01008296,Newcastle upon Tyne 011A,Anti-social behaviour,,
,2015-12,Surrey Police,Northumbria Police,-1.678055,55.001978,On or near Tredegar Close,E01008296,Newcastle upon Tyne 011A,Anti-social behaviour,,
75d9fc94f349b3ff75e914b8288c2b2b937007a2db57bb87e148eaf4063b077e,2015-12,Surrey Police,Northumbria Police,-1.678055,55.001978,On or near Tredegar Close,E01008296,Newcastle upon Tyne 011A,Criminal damage and arson,Investigation complete; no suspect identified,
b1dfd7e94ec88f162ce545e117c950ccaf5b686a98b1417744eb8d5bd1f7ef30,2015-12,Surrey Police,Northumbria Police,-1.679454,55.002943,On or near Haggerston Close,E01008296,Newcastle upon Tyne 011A,Criminal damage and arson,Investigation complete; no suspect identified,
f48ce5c17b32daa18832e08877ceeb0b5147cbc71da8ab494ed3eb7b23cd2522,2015-12,Surrey Police,Northumbria Police,-1.667301,54.999891,On or near Gorse Hill Way,E01008296,Newcastle upon Tyne 011A,Criminal damage and arson,Investigation complete; no suspect identified,
,2015-12,Surrey Police,Northumbria Police,-1.665432,54.997091,On or near Wilbury Place,E01008297,Newcastle upon Tyne 011B,Anti-social behaviour,,
,2015-12,Surrey Police,Northumbria Police,-1.666829,54.994570,On or near Cambo Green,E01008297,Newcastle upon Tyne 011B,Anti-social behaviour,,
,2015-12,Surrey Police,Northumbria Police,-1.667937,54.992875,On or near Carwarding Place,E01008297,Newcastle upon Tyne 011B,Anti-social behaviour,,
,2015-12,Surrey Police,Northumbria Police,-1.667937,54.992875,On or near Carwarding Place,E01008297,Newcastle upon Tyne 011B,Anti-social behaviour,,
,2015-12,Surrey Police,Northumbria Police,-1.669604,54.995404,On or near Parking Area,E01008297,Newcastle upon Tyne 011B,Anti-social behaviour,,
,2015-12,Surrey Police,Northumbria Police,-1.669604,54.995404,On or near Parking Area,E01008297,Newcastle upon Tyne 011B,Anti-social behaviour,,
,2015-12,Surrey Police,Northumbria Police,-1.667937,54.992875,On or near Carwarding Place,E01008297,Newcastle upon Tyne 011B,Anti-social behaviour,,
,2015-12,Surrey Police,Northumbria Police,-1.667937,54.992875,On or near Carwarding Place,E01008297,Newcastle upon Tyne 011B,Anti-social behaviour,,
,2015-12,Surrey Police,Northumbria Police,-1.667765,54.994716,On or near Kelston Way,E01008297,Newcastle upon Tyne 011B,Anti-social behaviour,,
5c1fe14f273020473d51a735ddec250fea4ebd9bf93ecf7160b0e7b0570c94fb,2015-12,Surrey Police,Northumbria Police,-1.668851,54.990074,On or near Stamfordham Road,E01008297,Newcastle upon Tyne 011B,Burglary,Investigation complete; no suspect identified,
d10f5c90f5458136cbd241dbc1733812edfab93d6f3cc264fdbf8d0aa1bcba91,2015-12,Surrey Police,Northumbria Police,-1.665432,54.997091,On or near Wilbury Place,E01008297,Newcastle upon Tyne 011B,Criminal damage and arson,Investigation complete; no suspect identified,
c6830cce456d8401526e837cc31a73d19e0fd1ffda3e2f0300a31a1aae81eba4,2015-12,Surrey Police,Northumbria Police,-1.668851,54.990074,On or near Stamfordham Road,E01008297,Newcastle upon Tyne 011B,Criminal damage and arson,Investigation complete; no suspect identified,
acc4318670628ce228d35ad728457c9e8fe943d874e2e7f27724567c5cc49a1b,2015-12,Surrey Police,Northumbria Police,-1.665560,54.991134,On or near Togstone Place,E01008297,Newcastle upon Tyne 011B,Criminal damage and arson,Investigation complete; no suspect identified,
e79374cc47a0b24c33b519c96cb3b31618437bc667272bd1595ab796ab25f15d,2015-12,Surrey Police,Northumbria Police,-1.668851,54.990074,On or near Stamfordham Road,E01008297,Newcastle upon Tyne 011B,Drugs,Under investigation,
ba63d2ee72ab4a20101295530f7864b7da68bacea690fde5d8867a7e44b00962,2015-12,Surrey Police,Northumbria Police,-1.665432,54.997091,On or near Wilbury Place,E01008297,Newcastle upon Tyne 011B,Other theft,Investigation complete; no suspect identified,
d08cc29128ac7073f8f15875ba504413e6c2cc49737a5c51e96b42d6c168f910,2015-12,Surrey Police,Northumbria Police,-1.665432,54.997091,On or near Wilbury Place,E01008297,Newcastle upon Tyne 011B,Public order,Offender given community sentence,
67c07b3f584205ffebaaf8c00165cc8cba8cc739e59832f81e9f992007e9d402,2015-12,Surrey Police,Northumbria Police,-1.665432,54.997091,On or near Wilbury Place,E01008297,Newcastle upon Tyne 011B,Public order,Investigation complete; no suspect identified,
7e95cdd22061280d3f1d94013da6022095156bca35d9f132884f4fb7713c62ac,2015-12,Surrey Police,Northumbria Police,-1.669604,54.995404,On or near Parking Area,E01008297,Newcastle upon Tyne 011B,Vehicle crime,Investigation complete; no suspect identified,
e61f20a2c98dfaa0195cf5a1650807b55c84b4f3fd54fb1bfa17610afa0108df,2015-12,Surrey Police,Northumbria Police,-1.668851,54.990074,On or near Stamfordham Road,E01008297,Newcastle upon Tyne 011B,Violence and sexual offences,Awaiting court outcome,
d5b5edddf1d9279d3e07d531c2af9712b22545522fedbf4c02cad1107eb83737,2015-12,Surrey Police,Northumbria Police,-1.672060,54.995231,On or near Parking Area,E01008297,Newcastle upon Tyne 011B,Violence and sexual offences,Investigation complete; no suspect identified,
d61b2b6d0766ca3c3e8baba9e630fdd416d33b710f57aa7fe33ee55523bd6b65,2015-12,Surrey Police,Northumbria Police,-1.666032,54.990803,On or near Hadstone Place,E01008297,Newcastle upon Tyne 011B,Violence and sexual offences,Investigation complete; no suspect identified,
3cfe2e76827c18529b405965b793c325afb68c5883335aa05c389f84e4bd2ae6,2015-12,Surrey Police,Northumbria Police,-1.672060,54.995231,On or near Parking Area,E01008297,Newcastle upon Tyne 011B,Violence and sexual offences,Under investigation,
931885f5151fb0cd13b43591c31058601bbacc1bb451f382e69ba256cf10be75,2015-12,Surrey Police,Northumbria Police,-1.666829,54.994570,On or near Cambo Green,E01008297,Newcastle upon Tyne 011B,Violence and sexual offences,Awaiting court outcome,
6c01a825964fbb26ecb7825b4b66e037d341487fa9889ad68f04845bff5cad38,2015-12,Surrey Police,Northumbria Police,-1.669005,54.990281,On or near Springfield Road,E01008297,Newcastle upon Tyne 011B,Violence and sexual offences,Awaiting court outcome,
,2015-12,Surrey Police,Northumbria Police,-1.673096,54.998460,On or near Avonlea Way,E01008298,Newcastle upon Tyne 011C,Anti-social behaviour,,
,2015-12,Surrey Police,Northumbria Police,-1.673102,54.999682,On or near Craigmillar Close,E01008298,Newcastle upon Tyne 011C,Anti-social behaviour,,
,2015-12,Surrey Police,Northumbria Police,-1.675591,54.995412,On or near Melvin Place,E01008298,Newcastle upon Tyne 011C,Anti-social behaviour,,
,2015-12,Surrey Police,Northumbria Police,-1.674849,54.996335,On or near Chandra Place,E01008298,Newcastle upon Tyne 011C,Anti-social behaviour,,
,2015-12,Surrey Police,Northumbria Police,-1.673102,54.999682,On or near Craigmillar Close,E01008298,Newcastle upon Tyne 011C,Anti-social behaviour,,
,2015-12,Surrey Police,Northumbria Police,-1.677244,54.999774,On or near Berrington Drive,E01008298,Newcastle upon Tyne 011C,Anti-social behaviour,,
ec4ce3cd7df2db8890ae2e06293d8ab53a1849671c04a18cfa8476f5d112d11a,2015-12,Surrey Police,Northumbria Police,-1.674849,54.996335,On or near Chandra Place,E01008298,Newcastle upon Tyne 011C,Burglary,Offender sent to prison,
f7cb07c137f2d0591fbd5f5c67d699d5d8a157a9c0e368c11cde8f5bc3f1a215,2015-12,Surrey Police,Northumbria Police,-1.674849,54.996335,On or near Chandra Place,E01008298,Newcastle upon Tyne 011C,Burglary,Offender sent to prison,
e5fdd4aaaf65231d2960f15c2b77985b14288ca1fd211504b793391edb59e34d,2015-12,Surrey Police,Northumbria Police,-1.676443,54.996357,On or near Drumsheugh Place,E01008298,Newcastle upon Tyne 011C,Criminal damage and arson,Investigation complete; no suspect identified,
c513bc635aab93c8708c39c9130bd2dcfe47941759a9aaaddb5191d514a8f3b5,2015-12,Surrey Police,Northumbria Police,-1.674795,54.997216,On or near Yatesbury Avenue,E01008298,Newcastle upon Tyne 011C,Other theft,Investigation complete; no suspect identified,
f76381fb120765a73a2ef9c6c01b85476cb68ea346cdeb00fbddd611f366641f,2015-12,Surrey Police,Northumbria Police,-1.672890,54.996869,On or near Colwyne Place,E01008298,Newcastle upon Tyne 011C,Violence and sexual offences,Investigation complete; no suspect identified,
2742a4797730940b0a47db8b749afbeed8b42a51fa0b7520caaf7889d8edc68d,2015-12,Surrey Police,Northumbria Police,-1.675177,54.998205,On or near Lynton Court,E01008298,Newcastle upon Tyne 011C,Violence and sexual offences,Investigation complete; no suspect identified,
,2015-12,Surrey Police,Northumbria Police,-1.674806,54.993801,On or near Gishford Way,E01008299,Newcastle upon Tyne 011D,Anti-social behaviour,,
,2015-12,Surrey Police,Northumbria Police,-1.674480,54.995471,On or near Waltham Place,E01008299,Newcastle upon Tyne 011D,Anti-social behaviour,,
,2015-12,Surrey Police,Northumbria Police,-1.674713,54.991770,On or near Fulwell Green,E01008299,Newcastle upon Tyne 011D,Anti-social behaviour,,
,2015-12,Surrey Police,Northumbria Police,-1.670753,54.990654,On or near Southmead Avenue,E01008299,Newcastle upon Tyne 011D,Anti-social behaviour,,
,2015-12,Surrey Police,Northumbria Police,-1.670837,54.991831,On or near Lindfield Avenue,E01008299,Newcastle upon Tyne 011D,Anti-social behaviour,,
72154a0d83a722113a2630a546fcbb7996a87e648bc5d3364bb52cd34b768f1c,2015-12,Surrey Police,Northumbria Police,-1.670685,54.991301,On or near Rosehill Way,E01008299,Newcastle upon Tyne 011D,Burglary,Under investigation,
eff393a7e2a7bd81ea71e9ee43eb1743bb2bf4ae0c9372c2694233d82dd05fdb,2015-12,Surrey Police,Northumbria Police,-1.670685,54.991301,On or near Rosehill Way,E01008299,Newcastle upon Tyne 011D,Burglary,Investigation complete; no suspect identified,
c22df0177cbccf9ed4c4b1488248b8cfc0a529e57d5a4dea66fef2d8b3bf800e,2015-12,Surrey Police,Northumbria Police,-1.674480,54.995471,On or near Waltham Place,E01008299,Newcastle upon Tyne 011D,Criminal damage and arson,Investigation complete; no suspect identified,
62feff3bf0bb6a8bb9b576e23d9e8e66de00444d633a6d1f32b1706be100b55d,2015-12,Surrey Police,Northumbria Police,-1.672835,54.994038,On or near Binswood Avenue,E01008299,Newcastle upon Tyne 011D,Criminal damage and arson,Investigation complete; no suspect identified,
e521de2b36601b22ef1d6f04e1dd54efc2065752d1c9dea2451fe07f5e777623,2015-12,Surrey Police,Northumbria Police,-1.672835,54.994038,On or near Binswood Avenue,E01008299,Newcastle upon Tyne 011D,Possession of weapons,Under investigation,
8a0080ada41f532c42f5e09b2626f804b75edd181188992b7682bf3beecd0b49,2015-12,Surrey Police,Northumbria Police,-1.674713,54.991770,On or near Fulwell Green,E01008299,Newcastle upon Tyne 011D,Public order,Investigation complete; no suspect identified,
b25ad58b84e644ea8e1fd8c303decff7337fdc593ca5bf2ed32c2cde31d10ee5,2015-12,Surrey Police,Northumbria Police,-1.672094,54.994854,On or near Moulton Place,E01008299,Newcastle upon Tyne 011D,Vehicle crime,Investigation complete; no suspect identified,
4a7c33db8ad38bcc76dbb6cfdb1fccf43e69dd777923fbc90be23939508bc360,2015-12,Surrey Police,Northumbria Police,-1.672094,54.994854,On or near Moulton Place,E01008299,Newcastle upon Tyne 011D,Violence and sexual offences,Investigation complete; no suspect identified,
9a7e4c8a3d93e62ef595326c3f6c796547d6760470914d959002bb9ebf830cfa,2015-12,Surrey Police,Northumbria Police,-1.672835,54.994038,On or near Binswood Avenue,E01008299,Newcastle upon Tyne 011D,Violence and sexual offences,Investigation complete; no suspect identified,
,2015-12,Surrey Police,Northumbria Police,-1.571126,54.997389,On or near Felixstowe Drive,E01008314,Newcastle upon Tyne 012A,Anti-social behaviour,,
fe367b15177ecb6d88c02966f303d46afc44868b7bbdb2691ece4123946cc4ea,2015-12,Surrey Police,Northumbria Police,-1.579089,54.998261,On or near Cornel Road,E01008314,Newcastle upon Tyne 012A,Burglary,Investigation complete; no suspect identified,
213d8cc78209cc4677de25bb5c1ece9f7cb59fafacaf66874dc910dd91c6cb76,2015-12,Surrey Police,Northumbria Police,-1.577483,54.996351,On or near Petrol Station,E01008314,Newcastle upon Tyne 012A,Other theft,Investigation complete; no suspect identified,
c5ef24f54d4834a045fd647e2d000d3939587c58d5118ecfd50b23fa81aace3f,2015-12,Surrey Police,Northumbria Police,-1.577483,54.996351,On or near Petrol Station,E01008314,Newcastle upon Tyne 012A,Shoplifting,Offender given suspended prison sentence,
,2015-12,Surrey Police,Northumbria Police,-1.589233,54.996795,On or near Eastlands,E01008315,Newcastle upon Tyne 012B,Anti-social behaviour,,
8046f14a3ca912ef948db6fa46b03f6eb32ce0ad3835dcef386bbc219b1761e4,2015-12,Surrey Police,Northumbria Police,-1.586992,54.995889,On or near Supermarket,E01008315,Newcastle upon Tyne 012B,Shoplifting,Investigation complete; no suspect identified,
b57786a4d552c293e41f78495d34499ea5556903f52e7a0cc86eac4f99e1067f,2015-12,Surrey Police,Northumbria Police,-1.586992,54.995889,On or near Supermarket,E01008315,Newcastle upon Tyne 012B,Shoplifting,Offender given suspended prison sentence,
392f3bf4d76ecf709b9e9a9edceae3531a54b4f5bea96e9e5854ddac0b322803,2015-12,Surrey Police,Northumbria Police,-1.586992,54.995889,On or near Supermarket,E01008315,Newcastle upon Tyne 012B,Shoplifting,Offender given community sentence,
516c0d2ff0000160d9731422fce0bbf068153e95c3a85ee41a08749e25706645,2015-12,Surrey Police,Northumbria Police,-1.586992,54.995889,On or near Supermarket,E01008315,Newcastle upon Tyne 012B,Shoplifting,Under investigation,
928969a697a5ab63399c9dbd718df16750b4f2848d613b3ee9244f01dfd9ae71,2015-12,Surrey Police,Northumbria Police,-1.586992,54.995889,On or near Supermarket,E01008315,Newcastle upon Tyne 012B,Shoplifting,Awaiting court outcome,
2b8b25953e79c8ebd4b73067c071ebde14939c1c12927da517bd9ca3a69a29b9,2015-12,Surrey Police,Northumbria Police,-1.586238,54.991690,On or near Jesmond Park East,E01008315,Newcastle upon Tyne 012B,Vehicle crime,Investigation complete; no suspect identified,
5b318c292b7e908e502e94505ef95981aa4777473f385fbe67cc1be62c23c289,2015-12,Surrey Police,Northumbria Police,-1.587173,54.990399,On or near High Dene,E01008315,Newcastle upon Tyne 012B,Vehicle crime,Investigation complete; no suspect identified,
52160a962b3c725af12c796650e04999f79d9ec24a7b427fa56d4feb3163a9d6,2015-12,Surrey Police,Northumbria Police,-1.586238,54.991690,On or near Jesmond Park East,E01008315,Newcastle upon Tyne 012B,Vehicle crime,Investigation complete; no suspect identified,
611387107037815b0cc85bb6928784bef24c8f75b97eb6ccc6a4aa3153bb92d0,2015-12,Surrey Police,Northumbria Police,-1.587885,54.994167,On or near Further/Higher Educational Building,E01008315,Newcastle upon Tyne 012B,Violence and sexual offences,Awaiting court outcome,
b6011abfd1c54fd0864629d4d1e6cb2b3650fd0b96c62e3c4c999f1e513a0454,2015-12,Surrey Police,Northumbria Police,-1.587849,54.997680,On or near Beanley Place,E01008315,Newcastle upon Tyne 012B,Violence and sexual offences,Investigation complete; no suspect identified,
,2015-12,Surrey Police,Northumbria Police,-1.565226,54.996640,On or near Slingsby Gardens,E01008316,Newcastle upon Tyne 012C,Anti-social behaviour,,
3106fe95b399c6ad6d663e189fb2b77a3989a483d47626ace240a7f05c1fdee2,2015-12,Surrey Police,Northumbria Police,-1.570944,54.993955,On or near Coast Road,E01008316,Newcastle upon Tyne 012C,Bicycle theft,Investigation complete; no suspect identified,
bb684b05d107f09d0077ef97bb6bf31413699a6e04180d50efae7c4de39ffca7,2015-12,Surrey Police,Northumbria Police,-1.568918,54.997803,On or near Red Hall Drive,E01008316,Newcastle upon Tyne 012C,Burglary,Investigation complete; no suspect identified,
1fc180d9d99615c1b1fe85da406dd7a7d8d9ef730bbbb9cfd4d89ce72b7d85a9,2015-12,Surrey Police,Northumbria Police,-1.565222,54.995517,On or near Dimbula Gardens,E01008316,Newcastle upon Tyne 012C,Criminal damage and arson,Under investigation,
726c7ccc522a6e1f7c7b7a4fae217957477cdfcd732e15b45fe1a8de041b3c05,2015-12,Surrey Police,Northumbria Police,-1.567113,54.997006,On or near Warwick Hall Walk,E01008316,Newcastle upon Tyne 012C,Violence and sexual offences,Under investigation,
,2015-12,Surrey Police,Northumbria Police,-1.581883,54.997184,On or near Harlow Place,E01008318,Newcastle upon Tyne 012D,Anti-social behaviour,,
,2015-12,Surrey Police,Northumbria Police,-1.581883,54.997184,On or near Harlow Place,E01008318,Newcastle upon Tyne 012D,Anti-social behaviour,,
,2015-12,Surrey Police,Northumbria Police,-1.585331,54.996297,On or near Lynnholm Close,E01008318,Newcastle upon Tyne 012D,Anti-social behaviour,,
,2015-12,Surrey Police,Northumbria Police,-1.581883,54.997184,On or near Harlow Place,E01008318,Newcastle upon Tyne 012D,Anti-social behaviour,,
a5b00e70e558bc5098018e7ec903d51df60202a9c8b1ff71975b9276407476f5,2015-12,Surrey Police,Northumbria Police,-1.579505,54.992898,On or near Pedestrian Subway,E01008318,Newcastle upon Tyne 012D,Criminal damage and arson,Investigation complete; no suspect identified,
f1b06f3fba7c161e52be6943c4bc817b2c8454d298ec8a57e35fc2e14ac27d99,2015-12,Surrey Police,Northumbria Police,-1.582468,54.993483,On or near Bilsmoor Avenue,E01008318,Newcastle upon Tyne 012D,Other theft,Offender given a caution,
5fbf63fd00834d600088e355fb7e0086e758464be66ad60c56b183827607ac03,2015-12,Surrey Police,Northumbria Police,-1.581666,54.995511,On or near Craster Terrace,E01008318,Newcastle upon Tyne 012D,Violence and sexual offences,Under investigation,
,2015-12,Surrey Police,Northumbria Police,-1.565784,54.992706,On or near Tudor Wynd,E01008363,Newcastle upon Tyne 012E,Anti-social behaviour,,
,2015-12,Surrey Police,Northumbria Police,-1.573310,54.990423,On or near Sackville Road,E01008363,Newcastle upon Tyne 012E,Anti-social behaviour,,
a3775470d9c5e2624df27f0e758b1d2ec47e58c99ab02f48c91012d42f156fee,2015-12,Surrey Police,Northumbria Police,-1.564686,54.993044,On or near Benfield Road,E01008363,Newcastle upon Tyne 012E,Burglary,Under investigation,
084827e44c2fe2003d602c1ce2aa99656c0ce2ed7932b1ddd4bb9f3e0ddb1350,2015-12,Surrey Police,Northumbria Police,-1.573310,54.990423,On or near Sackville Road,E01008363,Newcastle upon Tyne 012E,Burglary,Investigation complete; no suspect identified,
e09cbad9ae06b099081c4192639d7b276edc8cfe392fc6fd7598e0d1a9d6b238,2015-12,Surrey Police,Northumbria Police,-1.567302,54.992478,On or near Faldonside,E01008363,Newcastle upon Tyne 012E,Criminal damage and arson,Investigation complete; no suspect identified,
dd54a5be2face15277e807dd85d396ae938f6ce7cdfd21b3efdb21ca7a3af5b5,2015-12,Surrey Police,Northumbria Police,-1.568401,54.993479,On or near Kirkleatham Gardens,E01008363,Newcastle upon Tyne 012E,Other theft,Investigation complete; no suspect identified,
,2015-12,Surrey Police,Northumbria Police,-1.577957,54.988408,On or near Supermarket,E01008365,Newcastle upon Tyne 012F,Anti-social behaviour,,
,2015-12,Surrey Police,Northumbria Police,-1.579227,54.989581,On or near Sefton Avenue,E01008365,Newcastle upon Tyne 012F,Anti-social behaviour,,
,2015-12,Surrey Police,Northumbria Police,-1.579227,54.989581,On or near Sefton Avenue,E01008365,Newcastle upon Tyne 012F,Anti-social behaviour,,
,2015-12,Surrey Police,Northumbria Police,-1.577957,54.988408,On or near Supermarket,E01008365,Newcastle upon Tyne 012F,Anti-social behaviour,,
,2015-12,Surrey Police,Northumbria Police,-1.577957,54.988408,On or near Supermarket,E01008365,Newcastle upon Tyne 012F,Anti-social behaviour,,
,2015-12,Surrey Police,Northumbria Police,-1.582169,54.990652,On or near King Edward Road,E01008365,Newcastle upon Tyne 012F,Anti-social behaviour,,
,2015-12,Surrey Police,Northumbria Police,-1.577957,54.988408,On or near Supermarket,E01008365,Newcastle upon Tyne 012F,Anti-social behaviour,,
,2015-12,Surrey Police,Northumbria Police,-1.577957,54.988408,On or near Supermarket,E01008365,Newcastle upon Tyne 012F,Anti-social behaviour,,
,2015-12,Surrey Police,Northumbria Police,-1.577957,54.988408,On or near Supermarket,E01008365,Newcastle upon Tyne 012F,Anti-social behaviour,,
,2015-12,Surrey Police,Northumbria Police,-1.577957,54.988408,On or near Supermarket,E01008365,Newcastle upon Tyne 012F,Anti-social behaviour,,
,2015-12,Surrey Police,Northumbria Police,-1.583241,54.991293,On or near Stephenson Road,E01008365,Newcastle upon Tyne 012F,Anti-social behaviour,,
,2015-12,Surrey Police,Northumbria Police,-1.577957,54.988408,On or near Supermarket,E01008365,Newcastle upon Tyne 012F,Anti-social behaviour,,
c50226104db278764435b7ec632cf53f687afd22010b2ed084fa04dca4281145,2015-12,Surrey Police,Northumbria Police,-1.582864,54.988479,On or near St Gabriel'S Avenue,E01008365,Newcastle upon Tyne 012F,Criminal damage and arson,Under investigation,
7a5fca640a446dfe6dd3c637442687e6b77909fe86b6180d06d9eb124bd78008,2015-12,Surrey Police,Northumbria Police,-1.582323,54.986366,On or near Burlington Gardens,E01008365,Newcastle upon Tyne 012F,Criminal damage and arson,Investigation complete; no suspect identified,
4d3e7a07c7dd70405d360a4f4b3c0ff768dcbae66d6ad58a52777d205f01e9ee,2015-12,Surrey Police,Northumbria Police,-1.581307,54.990882,On or near Armstrong Avenue,E01008365,Newcastle upon Tyne 012F,Criminal damage and arson,Investigation complete; no suspect identified,
c1e0f244314ea71ea0adfa27ad068c45089d084009e8397687f4454e11749108,2015-12,Surrey Police,Northumbria Police,-1.581307,54.990882,On or near Armstrong Avenue,E01008365,Newcastle upon Tyne 012F,Criminal damage and arson,Investigation complete; no suspect identified,
f49f0c109772b17699321dc27fc87298d83d533e470186c5de8318c5eb519304,2015-12,Surrey Police,Northumbria Police,-1.581646,54.988394,On or near Heaton Road,E01008365,Newcastle upon Tyne 012F,Criminal damage and arson,Investigation complete; no suspect identified,
72eb569d8880f930b07ddd3f1c3342f755cdca0ff786cb4394bda664a4200e78,2015-12,Surrey Police,Northumbria Police,-1.585313,54.988946,On or near Ivymount Road,E01008365,Newcastle upon Tyne 012F,Criminal damage and arson,Awaiting court outcome,
7e8e7b547d9de9e4aac837a968c269c11535ac88378e03fc242481ed90011900,2015-12,Surrey Police,Northumbria Police,-1.581646,54.988394,On or near Heaton Road,E01008365,Newcastle upon Tyne 012F,Public order,Under investigation,
652b153b5a07ebb7be9be873d691ad1eec9531ced691307e07b19f0192c64588,2015-12,Surrey Police,Northumbria Police,-1.577957,54.988417,On or near Supermarket,E01008365,Newcastle upon Tyne 012F,Public order,Investigation complete; no suspect identified,
0eac084e107dd811efb014f46914f7ba60991590bf1b9fda05ac1f5c39a7bfff,2015-12,Surrey Police,Northumbria Police,-1.577957,54.988417,On or near Supermarket,E01008365,Newcastle upon Tyne 012F,Shoplifting,Offender ordered to pay compensation,
c604870c61eb5f3417d5f06211ac21f4565d49f9daae033da2dea372f7187b8e,2015-12,Surrey Police,Northumbria Police,-1.585313,54.988946,On or near Ivymount Road,E01008365,Newcastle upon Tyne 012F,Vehicle crime,Investigation complete; no suspect identified,
8db1e36c492f98d38d75dc82bced621a373f0b4ef98b69293be018d8d1351a0d,2015-12,Surrey Police,Northumbria Police,-1.579227,54.989581,On or near Sefton Avenue,E01008365,Newcastle upon Tyne 012F,Violence and sexual offences,Under investigation,
f2cd134da87e5a17a875e86cd6823fe0eb13553585adb3e0deae008697ebdd2b,2015-12,Surrey Police,Northumbria Police,-1.581646,54.988394,On or near Heaton Road,E01008365,Newcastle upon Tyne 012F,Violence and sexual offences,Under investigation,
1097d10f66ff6a6776aae4c799a4632b39d6ed9443107f4c88001befdc567ae7,2015-12,Surrey Police,Northumbria Police,-1.582843,54.987464,On or near Crompton Road,E01008365,Newcastle upon Tyne 012F,Violence and sexual offences,Investigation complete; no suspect identified,
,2015-12,Surrey Police,Northumbria Police,-1.597361,54.990568,On or near Valley View,E01008366,Newcastle upon Tyne 013A,Anti-social behaviour,,
,2015-12,Surrey Police,Northumbria Police,-1.596764,54.990899,On or near Cavendish Road,E01008366,Newcastle upon Tyne 013A,Anti-social behaviour,,
,2015-12,Surrey Police,Northumbria Police,-1.596355,54.988102,On or near Shortridge Terrace,E01008366,Newcastle upon Tyne 013A,Anti-social behaviour,,
ab1c5098f610ff606cb3795e2c871c316d8c502069623eb775987ff4a22ef0ef,2015-12,Surrey Police,Northumbria Police,-1.599904,54.991089,On or near Cavendish Place,E01008366,Newcastle upon Tyne 013A,Bicycle theft,Investigation complete; no suspect identified,
aa4fd07ffd860a4511c0ab6f3db29443a3b62fd0cac5da5132022e29fae3dbf5,2015-12,Surrey Police,Northumbria Police,-1.600081,54.990532,On or near Devonshire Place,E01008366,Newcastle upon Tyne 013A,Bicycle theft,Investigation complete; no suspect identified,
4b5b185df7ee79e641da7014e90e12d5d549b8123b151e0023c270a647cad70f,2015-12,Surrey Police,Northumbria Police,-1.596764,54.990899,On or near Cavendish Road,E01008366,Newcastle upon Tyne 013A,Other theft,Investigation complete; no suspect identified,
99581dd360e7f145779e2116ef09401b9c1f14d5e830339bedcc3320cbe008b0,2015-12,Surrey Police,Northumbria Police,-1.596355,54.988102,On or near Shortridge Terrace,E01008366,Newcastle upon Tyne 013A,Other theft,Awaiting court outcome,
92c5006baa0b28eeb47e67b438ebc3724c0a545d78230613fbc9c968884efeac,2015-12,Surrey Police,Northumbria Police,-1.597361,54.990568,On or near Valley View,E01008366,Newcastle upon Tyne 013A,Other theft,Investigation complete; no suspect identified,
,2015-12,Surrey Police,Northumbria Police,-1.611339,54.991611,On or near Forsyth Road,E01008369,Newcastle upon Tyne 013B,Anti-social behaviour,,
,2015-12,Surrey Police,Northumbria Police,-1.607227,54.991786,On or near St George'S Mews,E01008369,Newcastle upon Tyne 013B,Anti-social behaviour,,
1b3c011e30e9ef13e8f16e0722ff34470d6291d6ff17f4965e2edcdc5f8a3e5d,2015-12,Surrey Police,Northumbria Police,-1.607816,54.989047,On or near Tankerville Place,E01008369,Newcastle upon Tyne 013B,Criminal damage and arson,Investigation complete; no suspect identified,
49fb4fc4d6a69002010acb5ed9449660c25b76f364bd86104058a768ade4c495,2015-12,Surrey Police,Northumbria Police,-1.607114,54.990564,On or near Norham Place,E01008369,Newcastle upon Tyne 013B,Vehicle crime,Investigation complete; no suspect identified,
464bf0fa8c53ac08beb394975c0bbb7faa19e6096c7a528e3431a03693468c20,2015-12,Surrey Police,Northumbria Police,-1.607227,54.991786,On or near St George'S Mews,E01008369,Newcastle upon Tyne 013B,Other crime,Investigation complete; no suspect identified,
,2015-12,Surrey Police,Northumbria Police,-1.605345,54.995626,On or near North Jesmond Avenue,E01008371,Newcastle upon Tyne 013C,Anti-social behaviour,,
59be3373725431a2bba9645e5da44c326c63404f13b7b16a448cfb4e9680711f,2015-12,Surrey Police,Northumbria Police,-1.603479,54.994659,On or near St George'S Close,E01008371,Newcastle upon Tyne 013C,Burglary,Defendant found not guilty,
65d68879f2f0ce02ec23f19747a3a05f3504a8a12a726782cdaed64da1240e19,2015-12,Surrey Police,Northumbria Police,-1.605345,54.995626,On or near North Jesmond Avenue,E01008371,Newcastle upon Tyne 013C,Criminal damage and arson,Investigation complete; no suspect identified,
414ccaaa46631b58472856a49ccfbb177f9a2d96783f13b821aaaa1265c80392,2015-12,Surrey Police,Northumbria Police,-1.595353,54.994425,On or near Jesmond Dene Road,E01008371,Newcastle upon Tyne 013C,Public order,Under investigation,
2659906027352e3578936a6b82c75299e6907a891ea0c2ef1f1f0c884a937ee8,2015-12,Surrey Police,Northumbria Police,-1.596436,54.994043,On or near Glastonbury Grove,E01008371,Newcastle upon Tyne 013C,Vehicle crime,Under investigation,
563435ceb7a53bc1cdac43cac408a022b80155c94efa80ba37b41cf9671fd114,2015-12,Surrey Police,Northumbria Police,-1.599772,54.994916,On or near Lindisfarne Road,E01008371,Newcastle upon Tyne 013C,Violence and sexual offences,Under investigation,
459d639d2ebac811e74071ce7a59f40689d9d15a78e1c7457533fd342f00300d,2015-12,Surrey Police,Northumbria Police,-1.605345,54.995626,On or near North Jesmond Avenue,E01008371,Newcastle upon Tyne 013C,Violence and sexual offences,Offender sent to prison,
,2015-12,Surrey Police,Northumbria Police,-1.604954,54.992489,On or near Acorn Road,E01008372,Newcastle upon Tyne 013D,Anti-social behaviour,,
,2015-12,Surrey Police,Northumbria Police,-1.606861,54.995622,On or near Tavistock Road,E01008372,Newcastle upon Tyne 013D,Anti-social behaviour,,
,2015-12,Surrey Police,Northumbria Police,-1.606861,54.995622,On or near Tavistock Road,E01008372,Newcastle upon Tyne 013D,Anti-social behaviour,,
,2015-12,Surrey Police,Northumbria Police,-1.607085,54.995111,On or near Hazelwood Avenue,E01008372,Newcastle upon Tyne 013D,Anti-social behaviour,,
6d1c9ee0746a7d271d79684fc9d753e630795e6d26ff08053bfb14918814171b,2015-12,Surrey Police,Northumbria Police,-1.604954,54.992489,On or near Acorn Road,E01008372,Newcastle upon Tyne 013D,Criminal damage and arson,Investigation complete; no suspect identified,
05f7dc99197e00636f4888e3951af6a58edc51b267b2c2f8690c68cc847af990,2015-12,Surrey Police,Northumbria Police,-1.605905,54.992717,On or near Supermarket,E01008372,Newcastle upon Tyne 013D,Other theft,Investigation complete; no suspect identified,
6f438ae7dccef095a792250b66810200690e1c82f15366480bcdebd3096b2e7b,2015-12,Surrey Police,Northumbria Police,-1.604954,54.992489,On or near Acorn Road,E01008372,Newcastle upon Tyne 013D,Public order,Offender given a caution,
d9535b436c0a74f513d9cc2a9590575cf6e7681c9eff12fb68d5dcc409375876,2015-12,Surrey Police,Northumbria Police,-1.604954,54.992489,On or near Acorn Road,E01008372,Newcastle upon Tyne 013D,Shoplifting,Investigation complete; no suspect identified,
f3def2850860c137cbb47ebefb5f81f68ee2409ac2945f740bb25c5573883501,2015-12,Surrey Police,Northumbria Police,-1.604600,54.993521,On or near Sanderson Road,E01008372,Newcastle upon Tyne 013D,Violence and sexual offences,Under investigation,
,2015-12,Surrey Police,Northumbria Police,-1.609932,54.993206,On or near Brentwood Avenue,E01008373,Newcastle upon Tyne 013E,Anti-social behaviour,,
,2015-12,Surrey Police,Northumbria Police,-1.609932,54.993206,On or near Brentwood Avenue,E01008373,Newcastle upon Tyne 013E,Anti-social behaviour,,
,2015-12,Surrey Police,Northumbria Police,-1.610875,54.992679,On or near Ashleigh Grove,E01008373,Newcastle upon Tyne 013E,Anti-social behaviour,,
,2015-12,Surrey Police,Northumbria Police,-1.607538,54.993513,On or near Sunbury Avenue,E01008373,Newcastle upon Tyne 013E,Anti-social behaviour,,
,2015-12,Surrey Police,Northumbria Police,-1.608436,54.992815,On or near West Jesmond Avenue,E01008373,Newcastle upon Tyne 013E,Anti-social behaviour,,
,2015-12,Surrey Police,Northumbria Police,-1.610574,54.994790,On or near Lyndhurst Avenue,E01008373,Newcastle upon Tyne 013E,Anti-social behaviour,,
,2015-12,Surrey Police,Northumbria Police,-1.607538,54.993513,On or near Sunbury Avenue,E01008373,Newcastle upon Tyne 013E,Anti-social behaviour,,
,2015-12,Surrey Police,Northumbria Police,-1.610881,54.992131,On or near Lavender Gardens,E01008373,Newcastle upon Tyne 013E,Anti-social behaviour,,
22e05c671587aecea7b0bddc2109368848c6a52c213136fb4cfc59e443563835,2015-12,Surrey Police,Northumbria Police,-1.609932,54.993206,On or near Brentwood Avenue,E01008373,Newcastle upon Tyne 013E,Bicycle theft,Investigation complete; no suspect identified,
dcec81dc83818a2c0a7f15d13bc40dda4acbdc01817ad4874d5d7da27dd0665f,2015-12,Surrey Police,Northumbria Police,-1.610881,54.992131,On or near Lavender Gardens,E01008373,Newcastle upon Tyne 013E,Bicycle theft,Investigation complete; no suspect identified,
b49cf2fd002c917ab0da0dd0c3a434a2b2266073d355ec075ae038ad1a9e3b07,2015-12,Surrey Police,Northumbria Police,-1.609932,54.993206,On or near Brentwood Avenue,E01008373,Newcastle upon Tyne 013E,Other theft,Investigation complete; no suspect identified,
3f139fd3bbf0ebf3a21fc9c92a7c5e743fe3b828c6c924a916e216904ee80e79,2015-12,Surrey Police,Northumbria Police,-1.609504,54.995532,On or near Myrtle Grove,E01008373,Newcastle upon Tyne 013E,Other theft,Investigation complete; no suspect identified,
31aa251d768323b3c8ce40e526bb1326f8b8bad43eb9c9348cb8823bce32623b,2015-12,Surrey Police,Northumbria Police,-1.610881,54.992131,On or near Lavender Gardens,E01008373,Newcastle upon Tyne 013E,Other theft,Investigation complete; no suspect identified,
2d85edc8b1e3b1a7171c5cb61dd979a1f53361f8e1e7a883010cff2ec670f1f9,2015-12,Surrey Police,Northumbria Police,-1.610875,54.992679,On or near Ashleigh Grove,E01008373,Newcastle upon Tyne 013E,Vehicle crime,Investigation complete; no suspect identified,
c11c8327586b1a0638068df7b30a3daa53968a5220f72b29b8e78f601277a495,2015-12,Surrey Police,Northumbria Police,-1.610875,54.992679,On or near Ashleigh Grove,E01008373,Newcastle upon Tyne 013E,Vehicle crime,Investigation complete; no suspect identified,
7734ae65432a9ba726e6b87c8f9f82e80eeeba0a06c2dea37c9f28fec646a69d,2015-12,Surrey Police,Northumbria Police,-1.609932,54.993206,On or near Brentwood Avenue,E01008373,Newcastle upon Tyne 013E,Violence and sexual offences,Offender given a caution,
,2015-12,Surrey Police,Northumbria Police,-1.748108,54.984180,On or near Parking Area,E01008400,Newcastle upon Tyne 014A,Anti-social behaviour,,
,2015-12,Surrey Police,Northumbria Police,-1.743766,54.981475,On or near Water Row,E01008400,Newcastle upon Tyne 014A,Anti-social behaviour,,
6ca4557fe9bf3523e3ec7f13ea822eb64273db153b1b58ee5078185c429f0a79,2015-12,Surrey Police,Northumbria Police,-1.755459,54.990880,On or near Hallow Drive,E01008400,Newcastle upon Tyne 014A,Burglary,Investigation complete; no suspect identified,
cdd6283deb04e866b22de83b5e3b4a81e0ab75f2a9e722a9cee921bb9fb1f8c1,2015-12,Surrey Police,Northumbria Police,-1.760220,54.991851,On or near Holeyn Road,E01008400,Newcastle upon Tyne 014A,Burglary,Under investigation,
2baba443678fdaf4f8bb84c1d44e7d32ee6b2cda143ff113889fe1fc2ab29d93,2015-12,Surrey Police,Northumbria Police,-1.743879,54.983272,On or near Conston Close,E01008400,Newcastle upon Tyne 014A,Criminal damage and arson,Under investigation,
3bc463d06636dde20765922d84aff59f0f07c730e533f3cb321bb474bf3d6d61,2015-12,Surrey Police,Northumbria Police,-1.760220,54.991851,On or near Holeyn Road,E01008400,Newcastle upon Tyne 014A,Criminal damage and arson,Awaiting court outcome,
65c53cf7db0ead3eb0f5802af386520f1ef7d33b2f7c482ace527beb635f033b,2015-12,Surrey Police,Northumbria Police,-1.743879,54.983272,On or near Conston Close,E01008400,Newcastle upon Tyne 014A,Criminal damage and arson,Investigation complete; no suspect identified,
0b48b31c66b07d104eb72cc412c93dccd601213cab7782183c88c65eb9f36ffb,2015-12,Surrey Police,Northumbria Police,-1.756549,54.991503,On or near Maria Close,E01008400,Newcastle upon Tyne 014A,Violence and sexual offences,Under investigation,
9e22d7e714d88852b9698e651d0e034f3dbb92681b93e3a50ea8c51c6367c53d,2015-12,Surrey Police,Northumbria Police,-1.760220,54.991851,On or near Holeyn Road,E01008400,Newcastle upon Tyne 014A,Violence and sexual offences,Under investigation,
5959817435202ac7fc078ab87067ab58a925e97a2334e86a05281d4146db0198,2015-12,Surrey Police,Northumbria Police,-1.757516,54.991837,On or near Collier Close,E01008400,Newcastle upon Tyne 014A,Violence and sexual offences,Awaiting court outcome,
b434c48970e498fdefff2e0182998d03bd9cc1de69393fc50b79a44ba39bf102,2015-12,Surrey Police,Northumbria Police,-1.760220,54.991851,On or near Holeyn Road,E01008400,Newcastle upon Tyne 014A,Violence and sexual offences,Investigation complete; no suspect identified,
,2015-12,Surrey Police,Northumbria Police,-1.751261,54.994871,On or near Vallum Road,E01008401,Newcastle upon Tyne 014B,Anti-social behaviour,,
,2015-12,Surrey Police,Northumbria Police,-1.753755,54.993501,On or near Mount Pleasant Court,E01008401,Newcastle upon Tyne 014B,Anti-social behaviour,,
,2015-12,Surrey Police,Northumbria Police,-1.753755,54.993501,On or near Mount Pleasant Court,E01008401,Newcastle upon Tyne 014B,Anti-social behaviour,,
,2015-12,Surrey Police,Northumbria Police,-1.753755,54.993501,On or near Mount Pleasant Court,E01008401,Newcastle upon Tyne 014B,Anti-social behaviour,,
,2015-12,Surrey Police,Northumbria Police,-1.747269,54.990962,On or near Briar Lane,E01008401,Newcastle upon Tyne 014B,Anti-social behaviour,,
,2015-12,Surrey Police,Northumbria Police,-1.753755,54.993501,On or near Mount Pleasant Court,E01008401,Newcastle upon Tyne 014B,Anti-social behaviour,,
09871bd855666c0d6c5eb5e7bf26b2f0311127014985b4ad136af12ec2b981e1,2015-12,Surrey Police,Northumbria Police,-1.746163,54.990412,On or near Mayfield Gardens,E01008401,Newcastle upon Tyne 014B,Burglary,Awaiting court outcome,
46eac611eed6ccad149119c1281fd69726d2b8a579c2c8e0fb7a51cec791ba31,2015-12,Surrey Police,Northumbria Police,-1.747996,54.992150,On or near Mayfield Avenue,E01008401,Newcastle upon Tyne 014B,Drugs,Offender given a drugs possession warning,
c4cb6399c070c2abd2ad15e166735f0022ff7f5eb255056dcb7581494eeb1dd5,2015-12,Surrey Police,Northumbria Police,-1.756177,54.993632,On or near Broomy Hill Road,E01008401,Newcastle upon Tyne 014B,Vehicle crime,Investigation complete; no suspect identified,
a97f269c788005e985945e953dba6a5e9c959800f50f97b1413606a836b5c414,2015-12,Surrey Police,Northumbria Police,-1.749677,54.993250,On or near Eversleigh Place,E01008401,Newcastle upon Tyne 014B,Vehicle crime,Investigation complete; no suspect identified,
914b33d2489d3c56c235b3dca0900d693fde5448f80b381159c02fd4e09bc2d3,2015-12,Surrey Police,Northumbria Police,-1.749642,54.993834,On or near Elmfield Road,E01008401,Newcastle upon Tyne 014B,Violence and sexual offences,Investigation complete; no suspect identified,
65c546c18126bb97724f7c4254806df5d44c406f87d9ebbf35bad0e5bc910f08,2015-12,Surrey Police,Northumbria Police,-1.756330,54.994135,On or near Deneside Close,E01008401,Newcastle upon Tyne 014B,Violence and sexual offences,Under investigation,
b337c57fc0ba124114682fc8ae06b4571d429d9303b4ae79b7e62659cbc413da,2015-12,Surrey Police,Northumbria Police,-1.749642,54.993834,On or near Elmfield Road,E01008401,Newcastle upon Tyne 014B,Violence and sexual offences,Investigation complete; no suspect identified,
b75efd5aca6a9b34253def615c002a59678e968a004aa20c5b36b7f31f1284bd,2015-12,Surrey Police,Northumbria Police,-1.751069,54.993019,On or near Appian Place,E01008401,Newcastle upon Tyne 014B,Violence and sexual offences,Under investigation,
efa40caf57351cbd6f89f359b8c5cdff43031cefdd5c5932435bd5e482fa04d1,2015-12,Surrey Police,Northumbria Police,-1.746163,54.990412,On or near Mayfield Gardens,E01008401,Newcastle upon Tyne 014B,Violence and sexual offences,Investigation complete; no suspect identified,
fc637ea354cfb7034bfcfd4e288b394fe7a3a12e44dc9e36b02359afd88ab86f,2015-12,Surrey Police,Northumbria Police,-1.751261,54.994871,On or near Vallum Road,E01008401,Newcastle upon Tyne 014B,Other crime,Under investigation,
548b07c6fe900c6ae0762830b5fd0e9a2ce8fc48a79b4b063da27ca5cc97e8f0,2015-12,Surrey Police,Northumbria Police,-1.751261,54.994871,On or near Vallum Road,E01008401,Newcastle upon Tyne 014B,Other crime,Under investigation,
3db5a6676f69030bc799937155545bb30de0e50b86e9adcb5d7a2d89f76f0caa,2015-12,Surrey Police,Northumbria Police,-1.751261,54.994871,On or near Vallum Road,E01008401,Newcastle upon Tyne 014B,Other crime,Under investigation,
,2015-12,Surrey Police,Northumbria Police,-1.742218,54.986531,On or near Townfield Gardens,E01008402,Newcastle upon Tyne 014C,Anti-social behaviour,,
,2015-12,Surrey Police,Northumbria Police,-1.734786,54.990262,On or near Percy Way,E01008402,Newcastle upon Tyne 014C,Anti-social behaviour,,
,2015-12,Surrey Police,Northumbria Police,-1.723899,54.991720,On or near Pedestrian Subway,E01008402,Newcastle upon Tyne 014C,Anti-social behaviour,,
13bae1a9a60364cebb5f080a3fd67aa370d1abd6a6c42f6210f3ff50dd45f210,2015-12,Surrey Police,Northumbria Police,-1.735495,54.991728,On or near Village Farm,E01008402,Newcastle upon Tyne 014C,Criminal damage and arson,Investigation complete; no suspect identified,
873e3df172a541b56f1dda3fb3d3fdec9ae3f60c0f09f926ce135a503c0cf65a,2015-12,Surrey Police,Northumbria Police,-1.723899,54.991720,On or near Pedestrian Subway,E01008402,Newcastle upon Tyne 014C,Criminal damage and arson,Investigation complete; no suspect identified,
dedded35b7a3a67389936bfdde77a76bdfeb4341dfb7f6be6b5f75ad6c6935fa,2015-12,Surrey Police,Northumbria Police,-1.723899,54.991720,On or near Pedestrian Subway,E01008402,Newcastle upon Tyne 014C,Violence and sexual offences,Investigation complete; no suspect identified,
0da8791e8750f688cabfa008649661d99dba6143770fb602f7e89be872a7871d,2015-12,Surrey Police,Northumbria Police,-1.734786,54.990262,On or near Percy Way,E01008402,Newcastle upon Tyne 014C,Violence and sexual offences,Under investigation,
1886ca81dcca5d319671a3495701124ec18b5fb899b164d16725d112b296160c,2015-12,Surrey Police,Northumbria Police,-1.723899,54.991720,On or near Pedestrian Subway,E01008402,Newcastle upon Tyne 014C,Violence and sexual offences,Investigation complete; no suspect identified,
e13d9247b34971416b4cf50d09d1099870b320d3edaceef9cf5a5524e60e9ac8,2015-12,Surrey Police,Northumbria Police,-1.723899,54.991720,On or near Pedestrian Subway,E01008402,Newcastle upon Tyne 014C,Violence and sexual offences,Defendant found not guilty,
f75489a6c9330fd257e295eb24ef5a4c30dac7586457a25e03a9cd0fa7fa67a8,2015-12,Surrey Police,Northumbria Police,-1.723899,54.991720,On or near Pedestrian Subway,E01008402,Newcastle upon Tyne 014C,Violence and sexual offences,Offender sent to prison,
,2015-12,Surrey Police,Northumbria Police,-1.761153,54.995187,On or near Clipstone Close,E01008403,Newcastle upon Tyne 014D,Anti-social behaviour,,
,2015-12,Surrey Police,Northumbria Police,-1.765014,54.992562,On or near Reeth Way,E01008403,Newcastle upon Tyne 014D,Anti-social behaviour,,
,2015-12,Surrey Police,Northumbria Police,-1.762244,54.993086,On or near The Briary,E01008403,Newcastle upon Tyne 014D,Anti-social behaviour,,
,2015-12,Surrey Police,Northumbria Police,-1.762244,54.993086,On or near The Briary,E01008403,Newcastle upon Tyne 014D,Anti-social behaviour,,
,2015-12,Surrey Police,Northumbria Police,-1.762244,54.993086,On or near The Briary,E01008403,Newcastle upon Tyne 014D,Anti-social behaviour,,
d1a533040c6d33bacef5ea39ce4612f4b80f9944e0c92cceffba7f31e8a393e0,2015-12,Surrey Police,Northumbria Police,-1.765201,54.995312,On or near The Mount,E01008403,Newcastle upon Tyne 014D,Burglary,Investigation complete; no suspect identified,
6f6e550e410e186008473163324c2512b2a5803a4f831663bee99bc07532e984,2015-12,Surrey Police,Northumbria Police,-1.765201,54.995312,On or near The Mount,E01008403,Newcastle upon Tyne 014D,Burglary,Investigation complete; no suspect identified,
f98fa7df94865b3239fbf7edd7107961490ea8b81f0dce5469280745e8432710,2015-12,Surrey Police,Northumbria Police,-1.759075,54.995147,On or near Stuart Gardens,E01008403,Newcastle upon Tyne 014D,Criminal damage and arson,Investigation complete; no suspect identified,
23909fd514ca63f1c69853bf207e5c6698da7c79ed178bdd426f62d076753255,2015-12,Surrey Police,Northumbria Police,-1.765201,54.995312,On or near The Mount,E01008403,Newcastle upon Tyne 014D,Violence and sexual offences,Under investigation,
,2015-12,Surrey Police,Northumbria Police,-1.742976,54.985283,On or near Park Road,E01008404,Newcastle upon Tyne 014E,Anti-social behaviour,,
,2015-12,Surrey Police,Northumbria Police,-1.744717,54.984173,On or near Davison Street,E01008404,Newcastle upon Tyne 014E,Anti-social behaviour,,
,2015-12,Surrey Police,Northumbria Police,-1.737770,54.985623,On or near Spencer Court,E01008404,Newcastle upon Tyne 014E,Anti-social behaviour,,
,2015-12,Surrey Police,Northumbria Police,-1.739590,54.984566,On or near Hareside Court,E01008404,Newcastle upon Tyne 014E,Anti-social behaviour,,
,2015-12,Surrey Police,Northumbria Police,-1.734119,54.980016,On or near Shelley Road,E01008404,Newcastle upon Tyne 014E,Anti-social behaviour,,
234934decd4a1221ef457e8790960e321c991042b3d4cbb5fd2cfbed1c09c692,2015-12,Surrey Police,Northumbria Police,-1.741261,54.982296,On or near Church Bank,E01008404,Newcastle upon Tyne 014E,Burglary,Investigation complete; no suspect identified,
eadead0e990e291487c7f86f3b25a238ca12a4e40ad52c442983a26cc3ba7f2b,2015-12,Surrey Police,Northumbria Police,-1.738794,54.984394,On or near Millfield Lane,E01008404,Newcastle upon Tyne 014E,Criminal damage and arson,Investigation complete; no suspect identified,
ab3ddd6db9159f4ec8f156c8659e68a60a31d73263dd56739a3c864cce8c13d6,2015-12,Surrey Police,Northumbria Police,-1.742456,54.985956,On or near Alnwick Street,E01008404,Newcastle upon Tyne 014E,Criminal damage and arson,Awaiting court outcome,
eeb6e6f19d86aa6972b8cf4406a7895aa0d48734d49eccc93043bf48ac45400e,2015-12,Surrey Police,Northumbria Police,-1.739237,54.983451,On or near Manor Grove,E01008404,Newcastle upon Tyne 014E,Criminal damage and arson,Awaiting court outcome,
59480230bbd7cc01edb0b82a7d42b50388f31c538e9c2568ff04756cd0d2b511,2015-12,Surrey Police,Northumbria Police,-1.738898,54.985203,On or near Berkley Street,E01008404,Newcastle upon Tyne 014E,Criminal damage and arson,Under investigation,
2f53e2baa9d78966526c83bf6d285abbb7308909fae1bd556bb1de3226773cd0,2015-12,Surrey Police,Northumbria Police,-1.737235,54.983869,On or near Millfield Close,E01008404,Newcastle upon Tyne 014E,Criminal damage and arson,Investigation complete; no suspect identified,
1ecb280c78ff9618eadd3fd1ea1278f54db50b8be76f25941139b55bd480de68,2015-12,Surrey Police,Northumbria Police,-1.739237,54.983451,On or near Manor Grove,E01008404,Newcastle upon Tyne 014E,Violence and sexual offences,Under investigation,
bfe9ba6e099b41be55ce473199f365dedea38e8749ece45774215e9dd09cdeb4,2015-12,Surrey Police,Northumbria Police,-1.738326,54.981778,On or near High Street,E01008404,Newcastle upon Tyne 014E,Violence and sexual offences,Under investigation,
07a22f3375865a8e311b1b50fd4cc64d45762cd717db22cbcbb860fb217ed696,2015-12,Surrey Police,Northumbria Police,-1.739237,54.983451,On or near Manor Grove,E01008404,Newcastle upon Tyne 014E,Violence and sexual offences,Under investigation,
09bd0c97da3f02a4635b2d94288938b08ccd07a5e3d5cc1a62397f353ba60266,2015-12,Surrey Police,Northumbria Police,-1.738898,54.985203,On or near Berkley Street,E01008404,Newcastle upon Tyne 014E,Violence and sexual offences,Under investigation,
,2015-12,Surrey Police,Northumbria Police,-1.754319,54.995883,On or near A6085,E01008405,Newcastle upon Tyne 014F,Anti-social behaviour,,
,2015-12,Surrey Police,Northumbria Police,-1.751094,54.996704,On or near Brampton Gardens,E01008405,Newcastle upon Tyne 014F,Anti-social behaviour,,
5d2b94f1defe5038dfc2dcda611c4807d59b003ad2735ec770a18b6dd4291f79,2015-12,Surrey Police,Northumbria Police,-1.751215,54.997324,On or near Ambleside,E01008405,Newcastle upon Tyne 014F,Criminal damage and arson,Investigation complete; no suspect identified,
950b75e00d53edd3ce368b6c00d88f7847132baadaf62ddeb228540540248126,2015-12,Surrey Police,Northumbria Police,-1.755887,54.997504,On or near Sycamore Street,E01008405,Newcastle upon Tyne 014F,Other theft,Investigation complete; no suspect identified,
027a9ad2082aeac7d85207e4e6715eb8f8744b94801a82e29437db94ddc86734,2015-12,Surrey Police,Northumbria Police,-1.754319,54.995883,On or near A6085,E01008405,Newcastle upon Tyne 014F,Vehicle crime,Investigation complete; no suspect identified,
81498223122187348530766aa34f389bcfe1ef9cd8fcdea99f9d3a489b06c219,2015-12,Surrey Police,Northumbria Police,-1.758700,54.997707,On or near Sports/Recreation Area,E01008405,Newcastle upon Tyne 014F,Violence and sexual offences,Awaiting court outcome,
e22984ae392dd8f819077c0011164cee19be45cd5e326fac092cf60e85c3dbf6,2015-12,Surrey Police,Northumbria Police,-1.755531,54.996964,On or near Wesley Way,E01008405,Newcastle upon Tyne 014F,Violence and sexual offences,Offender given a caution,
18f221a517ddb984bf8073092f50249bef20ff2777e67b13cd598a3e62f39b37,2015-12,Surrey Police,Northumbria Police,-1.758700,54.997707,On or near Sports/Recreation Area,E01008405,Newcastle upon Tyne 014F,Violence and sexual offences,Under investigation,
,2015-12,Surrey Police,Northumbria Police,-1.723202,54.999905,On or near Lotus Close,E01008443,Newcastle upon Tyne 014G,Anti-social behaviour,,
4e016b23e27fb5fda056613206fced13f2bc7aba290a048a372aa73156804692,2015-12,Surrey Police,Northumbria Police,-1.728026,54.996124,On or near Milsted Court,E01008443,Newcastle upon Tyne 014G,Burglary,Suspect charged as part of another case,
18a7e1d81ce812dbca7c303d84a5e542429c80e0734c1ee6b4aacfc6ca75dfd6,2015-12,Surrey Police,Northumbria Police,-1.727107,54.997973,On or near Deansfield Grove,E01008443,Newcastle upon Tyne 014G,Burglary,Investigation complete; no suspect identified,
fc51a2329221553e2eb78cdf70fdf70c7eafa9ab14b2ace846747990ef01f174,2015-12,Surrey Police,Northumbria Police,-1.727107,54.997973,On or near Deansfield Grove,E01008443,Newcastle upon Tyne 014G,Burglary,Investigation complete; no suspect identified,
26842fed8229ed72605cdfc59a1a80fdfd5c1500ec29103a81c102b3a84e2f12,2015-12,Surrey Police,Northumbria Police,-1.727107,54.997973,On or near Deansfield Grove,E01008443,Newcastle upon Tyne 014G,Burglary,Investigation complete; no suspect identified,
3b3bdc9092ce37694412568c880193f6eed82c21424bc4032ec5a129715db8cc,2015-12,Surrey Police,Northumbria Police,-1.727107,54.997973,On or near Deansfield Grove,E01008443,Newcastle upon Tyne 014G,Criminal damage and arson,Investigation complete; no suspect identified,
be2e65925eb397dddfaec093d50595ae8806ab39ef683bbc2584abd9ee6ba397,2015-12,Surrey Police,Northumbria Police,-1.725898,55.001008,On or near Amesbury Close,E01008443,Newcastle upon Tyne 014G,Public order,Under investigation,
b83bb4c879bc40e65a64ff17c30a89c0763e32a53f1bbfc87ee9e28efd435317,2015-12,Surrey Police,Northumbria Police,-1.750922,55.001673,On or near A69,E01008443,Newcastle upon Tyne 014G,Other crime,Investigation complete; no suspect identified,
,2015-12,Surrey Police,Northumbria Police,-1.693928,54.995010,On or near Barents Close,E01008324,Newcastle upon Tyne 015A,Anti-social behaviour,,
,2015-12,Surrey Police,Northumbria Police,-1.685629,54.994899,On or near Glantlees,E01008324,Newcastle upon Tyne 015A,Anti-social behaviour,,
,2015-12,Surrey Police,Northumbria Police,-1.687682,54.992280,On or near Eshott Close,E01008324,Newcastle upon Tyne 015A,Anti-social behaviour,,
,2015-12,Surrey Police,Northumbria Police,-1.693928,54.995010,On or near Barents Close,E01008324,Newcastle upon Tyne 015A,Anti-social behaviour,,
,2015-12,Surrey Police,Northumbria Police,-1.686918,54.993958,On or near Fourstones,E01008324,Newcastle upon Tyne 015A,Anti-social behaviour,,
,2015-12,Surrey Police,Northumbria Police,-1.687682,54.992280,On or near Eshott Close,E01008324,Newcastle upon Tyne 015A,Anti-social behaviour,,
8272e6a3a5ac82b6a54c938b11497f3727de02b224eb4191f7f2e3d8fce23795,2015-12,Surrey Police,Northumbria Police,-1.687682,54.992280,On or near Eshott Close,E01008324,Newcastle upon Tyne 015A,Burglary,Investigation complete; no suspect identified,
46fb0dd2decfcd11acf21443897aea5db3e03835587be70c86bfdaa6af4edfd0,2015-12,Surrey Police,Northumbria Police,-1.693001,54.993623,On or near Pedestrian Subway,E01008324,Newcastle upon Tyne 015A,Burglary,Investigation complete; no suspect identified,
ba730c6240fdda9d0b55da7d30237336d513e5fe542379a3eb137c46add8b9f7,2015-12,Surrey Police,Northumbria Police,-1.687682,54.992280,On or near Eshott Close,E01008324,Newcastle upon Tyne 015A,Criminal damage and arson,Investigation complete; no suspect identified,
74c8ded28d05401aabdeedca9da3fefcfa9e1ea738da4b16548599c16782c8c6,2015-12,Surrey Police,Northumbria Police,-1.686661,54.994946,On or near Fairspring,E01008324,Newcastle upon Tyne 015A,Other theft,Investigation complete; no suspect identified,
96336a7dc579a456d983a99320e03c422a25ab21378c75daccf724c6f6445c43,2015-12,Surrey Police,Northumbria Police,-1.687682,54.992280,On or near Eshott Close,E01008324,Newcastle upon Tyne 015A,Vehicle crime,Investigation complete; no suspect identified,
58d0670760561b95c92d6fbe0c8a206b4176f350a9938e984cddb7928537773c,2015-12,Surrey Police,Northumbria Police,-1.687682,54.992280,On or near Eshott Close,E01008324,Newcastle upon Tyne 015A,Violence and sexual offences,Investigation complete; no suspect identified,
2bc7e7d6eaf20cfd99a1b023b47764056d935e212e6eb7b78abec1e02569f23a,2015-12,Surrey Police,Northumbria Police,-1.694940,54.995551,On or near James Street,E01008324,Newcastle upon Tyne 015A,Violence and sexual offences,Awaiting court outcome,
f9c0937ff28d369a57566a6aeb4680e4da5c5702eef40c3b75f4870d1cc89918,2015-12,Surrey Police,Northumbria Police,-1.686918,54.993958,On or near Fourstones,E01008324,Newcastle upon Tyne 015A,Violence and sexual offences,Awaiting court outcome,
a4dbe6b02b5aa9f754db9383deaa08a71e5a2086e6de09bcd39b49d65db70052,2015-12,Surrey Police,Northumbria Police,-1.687682,54.992280,On or near Eshott Close,E01008324,Newcastle upon Tyne 015A,Other crime,Investigation complete; no suspect identified,
,2015-12,Surrey Police,Northumbria Police,-1.693267,54.989455,On or near Crosslaw,E01008325,Newcastle upon Tyne 015B,Anti-social behaviour,,
,2015-12,Surrey Police,Northumbria Police,-1.695700,54.992228,On or near Pedestrian Subway,E01008325,Newcastle upon Tyne 015B,Anti-social behaviour,,
,2015-12,Surrey Police,Northumbria Police,-1.697630,54.993231,On or near Supermarket,E01008325,Newcastle upon Tyne 015B,Anti-social behaviour,,
,2015-12,Surrey Police,Northumbria Police,-1.697630,54.993231,On or near Supermarket,E01008325,Newcastle upon Tyne 015B,Anti-social behaviour,,
,2015-12,Surrey Police,Northumbria Police,-1.697630,54.993231,On or near Supermarket,E01008325,Newcastle upon Tyne 015B,Anti-social behaviour,,
,2015-12,Surrey Police,Northumbria Police,-1.692192,54.991096,On or near Deer Bush,E01008325,Newcastle upon Tyne 015B,Anti-social behaviour,,
,2015-12,Surrey Police,Northumbria Police,-1.693267,54.989455,On or near Crosslaw,E01008325,Newcastle upon Tyne 015B,Anti-social behaviour,,
,2015-12,Surrey Police,Northumbria Police,-1.692192,54.991096,On or near Deer Bush,E01008325,Newcastle upon Tyne 015B,Anti-social behaviour,,
,2015-12,Surrey Police,Northumbria Police,-1.694771,54.988946,On or near Hotch Pudding Place,E01008325,Newcastle upon Tyne 015B,Anti-social behaviour,,
05a528b7490adcabae6baee68bb6347f9954153a7afa7b2f7a3a0d0bb2bea764,2015-12,Surrey Police,Northumbria Police,-1.692192,54.991096,On or near Deer Bush,E01008325,Newcastle upon Tyne 015B,Burglary,Investigation complete; no suspect identified,
a1d590a4d7d1053982872e8190504faf054eac9561858d59a39c94374c17cce2,2015-12,Surrey Police,Northumbria Police,-1.696972,54.991351,On or near Byrness,E01008325,Newcastle upon Tyne 015B,Criminal damage and arson,Investigation complete; no suspect identified,
2054138b09520519f5b86cf74cafb0cb636a48fd85526cac84291fe11f7e65fd,2015-12,Surrey Police,Northumbria Police,-1.694554,54.992917,On or near Lordenshaw,E01008325,Newcastle upon Tyne 015B,Drugs,Investigation complete; no suspect identified,
d39c571321597f2d615efb9c22375fa858f574c1644db4d7069456315f14aa6a,2015-12,Surrey Police,Northumbria Police,-1.697630,54.993231,On or near Supermarket,E01008325,Newcastle upon Tyne 015B,Public order,Offender given a caution,
dc42c5bfe3fbd767d8c69ed74b55635ab758be4d38d5fd7830584a7001adebb7,2015-12,Surrey Police,Northumbria Police,-1.697630,54.993231,On or near Supermarket,E01008325,Newcastle upon Tyne 015B,Shoplifting,Under investigation,
340c8c064a48930bbfd012ad56bb5bd5348fc838829d80f41613aeb62c66450d,2015-12,Surrey Police,Northumbria Police,-1.697630,54.993231,On or near Supermarket,E01008325,Newcastle upon Tyne 015B,Shoplifting,Under investigation,
e16274e21e7cd533ab33f9d27b772c41362041d7340ebccc79d281c609739181,2015-12,Surrey Police,Northumbria Police,-1.697630,54.993231,On or near Supermarket,E01008325,Newcastle upon Tyne 015B,Shoplifting,Offender given community sentence,
3910a709b036b356ccf4d718f4327ca0176898debf2959b57d7598ae6d76c437,2015-12,Surrey Police,Northumbria Police,-1.697630,54.993231,On or near Supermarket,E01008325,Newcastle upon Tyne 015B,Shoplifting,Offender given conditional discharge,
779fc252743342e01cfbdb38281877762c253081908e726ce72cec083f650388,2015-12,Surrey Police,Northumbria Police,-1.697571,54.992880,On or near Parking Area,E01008325,Newcastle upon Tyne 015B,Vehicle crime,Investigation complete; no suspect identified,
ca60fec101b3f41284162a877aaa37d3027f345ba276ba7c09f1782b67180bed,2015-12,Surrey Police,Northumbria Police,-1.695945,54.995015,On or near Wilkes Close,E01008325,Newcastle upon Tyne 015B,Vehicle crime,Investigation complete; no suspect identified,
90353c81092766c091b9c0bbd132fbb225edb3a95dc22d6fe3ba07c91a0e8500,2015-12,Surrey Police,Northumbria Police,-1.697930,54.990814,On or near Pedestrian Subway,E01008325,Newcastle upon Tyne 015B,Violence and sexual offences,Under investigation,
8341668e76c0baa0e4ca57dbecdd1e0c853cd703879ede9ad2fd1d1cf04256c5,2015-12,Surrey Police,Northumbria Police,-1.695945,54.995015,On or near Wilkes Close,E01008325,Newcastle upon Tyne 015B,Violence and sexual offences,Under investigation,
dea8c8e76beda7f19bfa32bfc56b6190544ae5c07d213d4c008a544c59833864,2015-12,Surrey Police,Northumbria Police,-1.700256,54.991179,On or near Allerwash,E01008325,Newcastle upon Tyne 015B,Other crime,Under investigation,
,2015-12,Surrey Police,Northumbria Police,-1.712213,54.988782,On or near B6528,E01008326,Newcastle upon Tyne 015C,Anti-social behaviour,,
,2015-12,Surrey Police,Northumbria Police,-1.712559,54.990760,On or near Supermarket,E01008326,Newcastle upon Tyne 015C,Anti-social behaviour,,
5bed5c6c27ed2c6eade32f6aaf90e70d4d24bb259a7e828906605731453d404a,2015-12,Surrey Police,Northumbria Police,-1.707882,54.993444,On or near Milecastle Court,E01008326,Newcastle upon Tyne 015C,Criminal damage and arson,Under investigation,
9bd5d479598c747191551b72876835710c977045a611b431716ce480a2a80813,2015-12,Surrey Police,Northumbria Police,-1.712213,54.988782,On or near B6528,E01008326,Newcastle upon Tyne 015C,Criminal damage and arson,Awaiting court outcome,
00c72e9c01f66ee465dec7c53594734fe6c1a3fe1f1f1582fe33e6fef8f9bd04,2015-12,Surrey Police,Northumbria Police,-1.706871,54.988509,On or near Western Avenue,E01008326,Newcastle upon Tyne 015C,Other theft,Investigation complete; no suspect identified,
7d3197544cb16cd9ef3874ada69e4b0c6b788c388fb2d2789f4a6c9af993be7d,2015-12,Surrey Police,Northumbria Police,-1.712559,54.990760,On or near Supermarket,E01008326,Newcastle upon Tyne 015C,Shoplifting,Investigation complete; no suspect identified,
68b3ce2f7e9c3a06e4a5ece08cc09cbc7c57ec977afff93b34b3c949f380e994,2015-12,Surrey Police,Northumbria Police,-1.712559,54.990760,On or near Supermarket,E01008326,Newcastle upon Tyne 015C,Shoplifting,Under investigation,
ec1e373884d4896d2870d73f14b612f7c3d5d76bb42ac1d9c157a52dae0aa691,2015-12,Surrey Police,Northumbria Police,-1.712559,54.990760,On or near Supermarket,E01008326,Newcastle upon Tyne 015C,Shoplifting,Under investigation,
9f20ed65ea07b26ea5fdcfce04b1497dfd4f54bf96d623143a7dd7b2712b95a4,2015-12,Surrey Police,Northumbria Police,-1.710475,54.993603,On or near Hillhead Parkway,E01008326,Newcastle upon Tyne 015C,Vehicle crime,Investigation complete; no suspect identified,
3721024560d9af93a9f3fee0b6641b3f3cd2831d9f4ead43becf5901fcf2b2c7,2015-12,Surrey Police,Northumbria Police,-1.712213,54.988782,On or near B6528,E01008326,Newcastle upon Tyne 015C,Violence and sexual offences,Investigation complete; no suspect identified,
,2015-12,Surrey Police,Northumbria Police,-1.691970,54.987429,On or near Burwell Avenue,E01008327,Newcastle upon Tyne 015D,Anti-social behaviour,,
,2015-12,Surrey Police,Northumbria Police,-1.689682,54.990236,On or near Cornhill,E01008327,Newcastle upon Tyne 015D,Anti-social behaviour,,
,2015-12,Surrey Police,Northumbria Police,-1.686635,54.992205,On or near Earsdon Close,E01008327,Newcastle upon Tyne 015D,Anti-social behaviour,,
adf79cc81f5625ecc2d82c773deafe3194a41e37f53c9fedf9042b1c7d75c1dc,2015-12,Surrey Police,Northumbria Police,-1.686635,54.992205,On or near Earsdon Close,E01008327,Newcastle upon Tyne 015D,Burglary,Investigation complete; no suspect identified,
95c3f802d8b16b9765407f3ec8c4e89321914616fdd81c02d55d1d0ac319c4bd,2015-12,Surrey Police,Northumbria Police,-1.692244,54.990369,On or near Crigdon Hill,E01008327,Newcastle upon Tyne 015D,Criminal damage and arson,Investigation complete; no suspect identified,
8761d5052f440b25a6aaf3c5e80f33571bcb7ab728015ee280fd9340fd0ad7f7,2015-12,Surrey Police,Northumbria Police,-1.692062,54.989658,On or near Camperdown,E01008327,Newcastle upon Tyne 015D,Criminal damage and arson,Under investigation,
ddf1f2437b5bc98e8c81e264496f249b9705c6399d0d96bb5fc638a298796dae,2015-12,Surrey Police,Northumbria Police,-1.692062,54.989658,On or near Camperdown,E01008327,Newcastle upon Tyne 015D,Criminal damage and arson,Investigation complete; no suspect identified,
ca48345c86349d6008e85c8a9205f1aaa4759a47793c9e58e0288a1ccc87b2eb,2015-12,Surrey Police,Northumbria Police,-1.690080,54.987263,On or near Tebay Drive,E01008327,Newcastle upon Tyne 015D,Criminal damage and arson,Investigation complete; no suspect identified,
5413d8f6b99427c9de7e8c1960c40a534d0cfb611fb91764ab0ffc17c431e849,2015-12,Surrey Police,Northumbria Police,-1.690080,54.987263,On or near Tebay Drive,E01008327,Newcastle upon Tyne 015D,Criminal damage and arson,Investigation complete; no suspect identified,
3951a4c1804c5600c1a3285aa38690cfbb6f038991dea1a30e817a650aba7901,2015-12,Surrey Police,Northumbria Police,-1.686635,54.992205,On or near Earsdon Close,E01008327,Newcastle upon Tyne 015D,Public order,Investigation complete; no suspect identified,
3702e7cb4fae0d97efead7c1d75ef04dd98436decaf206e5e93e3102f8b9e6ab,2015-12,Surrey Police,Northumbria Police,-1.682393,54.993030,On or near Birchvale Avenue,E01008327,Newcastle upon Tyne 015D,Vehicle crime,Investigation complete; no suspect identified,
1321fdd55607ea1781903d1da627e5099f9ec6934b294c3bfb508397be05b07b,2015-12,Surrey Police,Northumbria Police,-1.690112,54.989240,On or near Coltpark,E01008327,Newcastle upon Tyne 015D,Violence and sexual offences,Offender given a caution,
ae7cb7ad9930139d3531cd114978a6cf8d48af803acf9e70912b90a5dd3471d6,2015-12,Surrey Police,Northumbria Police,-1.692244,54.990369,On or near Crigdon Hill,E01008327,Newcastle upon Tyne 015D,Violence and sexual offences,Investigation complete; no suspect identified,
54f93a0deee4ff4d22a93e2488d0112e34899240c4ef33614b8383fdcf723778,2015-12,Surrey Police,Northumbria Police,-1.692244,54.990369,On or near Crigdon Hill,E01008327,Newcastle upon Tyne 015D,Other crime,Investigation complete; no suspect identified,
fe59bbfc87e1238c671a4e0b60f446f97ea2a4c7fd103ed835e5a7827997137b,2015-12,Surrey Police,Northumbria Police,-1.715130,54.994064,On or near Ainsdale Gardens,E01008328,Newcastle upon Tyne 015E,Burglary,Investigation complete; no suspect identified,
6d7b2babf52605823e0039ecea12c164d451254e3094a323d8ccfb83f5d2fd31,2015-12,Surrey Police,Northumbria Police,-1.714209,54.993909,On or near Alderney Gardens,E01008328,Newcastle upon Tyne 015E,Criminal damage and arson,Investigation complete; no suspect identified,
4154d7d4881b929ca7d26f2269260635820d6925e69f4563215a2191b4d54afc,2015-12,Surrey Police,Northumbria Police,-1.713334,54.993772,On or near Anglesey Gardens,E01008328,Newcastle upon Tyne 015E,Vehicle crime,Investigation complete; no suspect identified,
,2015-12,Surrey Police,Northumbria Police,-1.701932,54.988541,On or near The Burnside,E01008329,Newcastle upon Tyne 015F,Anti-social behaviour,,
1512234293202e5252a44ec9420eca80ef1c6e586d8ac6b10eb4ed8462a0552c,2015-12,Surrey Police,Northumbria Police,-1.701932,54.988541,On or near The Burnside,E01008329,Newcastle upon Tyne 015F,Burglary,Under investigation,
1fc957324a1a3b44e10f446d90a5ba7f76e42c34fc4c5ee6eb4b2aa13ba5db15,2015-12,Surrey Police,Northumbria Police,-1.704720,54.989761,On or near Harelaw Grove,E01008329,Newcastle upon Tyne 015F,Other theft,Investigation complete; no suspect identified,
f95b00bb1add78c8a90019b37c023745d6f3fcfff5b86e698142b18a2d53303e,2015-12,Surrey Police,Northumbria Police,-1.704153,54.988241,On or near The Garth,E01008329,Newcastle upon Tyne 015F,Vehicle crime,Investigation complete; no suspect identified,
6f0017102e38160d25111f738db5dd1f0b21eda8cf1e131f3f24fd0bdf313da8,2015-12,Surrey Police,Northumbria Police,-1.704367,54.993265,On or near Rosedale Court,E01008329,Newcastle upon Tyne 015F,Violence and sexual offences,Under investigation,
26544586c8f98b88d3a466f6d858a19bee711c6aec59d9aa15de6d0489cd60cc,2015-12,Surrey Police,Northumbria Police,-1.701932,54.988541,On or near The Burnside,E01008329,Newcastle upon Tyne 015F,Violence and sexual offences,Under investigation,
,2015-12,Surrey Police,Northumbria Police,-1.699590,54.988311,On or near Harle Close,E01008330,Newcastle upon Tyne 015G,Anti-social behaviour,,
,2015-12,Surrey Police,Northumbria Police,-1.700751,54.987649,On or near Ilderton Place,E01008330,Newcastle upon Tyne 015G,Anti-social behaviour,,
,2015-12,Surrey Police,Northumbria Police,-1.700751,54.987649,On or near Ilderton Place,E01008330,Newcastle upon Tyne 015G,Anti-social behaviour,,
e695a3e9c33d3d338af0879157cac59ae3ce5d49fcd370cbf4be39028da725fe,2015-12,Surrey Police,Northumbria Police,-1.696117,54.988770,On or near Lindisfarne Close,E01008330,Newcastle upon Tyne 015G,Vehicle crime,Investigation complete; no suspect identified,
7ee43483a32e0a153dff6e56d6d16f94cf521978a585e7b9d9935e1d6bb76ed5,2015-12,Surrey Police,Northumbria Police,-1.694852,54.986511,On or near Langley Road,E01008330,Newcastle upon Tyne 015G,Violence and sexual offences,Under investigation,
1d61a3197400c6cc034030b126e47890adb1f404d1441cb90009ddb47122a8d7,2015-12,Surrey Police,Northumbria Police,-1.700194,54.989022,On or near Haughton Crescent,E01008330,Newcastle upon Tyne 015G,Violence and sexual offences,Investigation complete; no suspect identified,
e0e909a537cf3aef79e0bed619c047a88633cb3d96596b2ef17f786118553db1,2015-12,Surrey Police,Northumbria Police,-1.699590,54.988311,On or near Harle Close,E01008330,Newcastle upon Tyne 015G,Violence and sexual offences,Investigation complete; no suspect identified,
,2015-12,Surrey Police,Northumbria Police,-1.662264,54.990927,On or near Cottage Lane,E01008300,Newcastle upon Tyne 016A,Anti-social behaviour,,
,2015-12,Surrey Police,Northumbria Police,-1.662429,54.995511,On or near Cyncopa Way,E01008300,Newcastle upon Tyne 016A,Anti-social behaviour,,
60f7282cbc825334b66be34ea2e7d677ba4d9f90641f5415f5922b2758fcef82,2015-12,Surrey Police,Northumbria Police,-1.658434,54.992839,On or near Brieryside,E01008300,Newcastle upon Tyne 016A,Burglary,Investigation complete; no suspect identified,
eba3a112d92efe9875f213baf998c1442f137719f1faa965c4056d10a0045c74,2015-12,Surrey Police,Northumbria Police,-1.663336,54.993527,On or near Crossbrook Road,E01008300,Newcastle upon Tyne 016A,Criminal damage and arson,Investigation complete; no suspect identified,
3bfbe8771cdb797181b5e57a99ff78db468f7c13f2cc358776b5be623f2726ca,2015-12,Surrey Police,Northumbria Police,-1.660212,54.993294,On or near Hauxley Gardens,E01008300,Newcastle upon Tyne 016A,Criminal damage and arson,Investigation complete; no suspect identified,
70b640fa5c6aa5704e5c4d8531a92e529face6ee1eeb390acae6502d9e10a492,2015-12,Surrey Police,Northumbria Police,-1.662742,54.989850,On or near Arden Crescent,E01008300,Newcastle upon Tyne 016A,Drugs,Offender given a drugs possession warning,
280f106fe9fe2aebf83edf90bdb882554dc10a7e944e357c2ee9805284a232b2,2015-12,Surrey Police,Northumbria Police,-1.662742,54.989850,On or near Arden Crescent,E01008300,Newcastle upon Tyne 016A,Drugs,Under investigation,
d01bc53f9c03c6bcef99f393cc3809acd1ecd267ccb1f0e0afd950dd8f83b04e,2015-12,Surrey Police,Northumbria Police,-1.660212,54.993294,On or near Hauxley Gardens,E01008300,Newcastle upon Tyne 016A,Other theft,Investigation complete; no suspect identified,
44d4faf7831fca03bb536982e3ca59b8f703f026a3f885f820c373289a8c9036,2015-12,Surrey Police,Northumbria Police,-1.662742,54.989850,On or near Arden Crescent,E01008300,Newcastle upon Tyne 016A,Public order,Investigation complete; no suspect identified,
9d793c6b149b30a4a0013df7b7fdd8bf3f71d50c2fb6ecabc10cb912da49ae18,2015-12,Surrey Police,Northumbria Police,-1.662742,54.989850,On or near Arden Crescent,E01008300,Newcastle upon Tyne 016A,Public order,Under investigation,
4ac6dddcd4de3bd58638afc093b8a069953701fe1c553b2a576b8ae27959344a,2015-12,Surrey Police,Northumbria Police,-1.657098,54.990158,On or near Pedestrian Subway,E01008300,Newcastle upon Tyne 016A,Robbery,Investigation complete; no suspect identified,
731205fa54ac1a05a032473a594d00f6e23721c3606a1971c2b970885b1446fc,2015-12,Surrey Police,Northumbria Police,-1.658434,54.992839,On or near Brieryside,E01008300,Newcastle upon Tyne 016A,Shoplifting,Under investigation,
a97409508ff650fb06caebbf78c63bdf3ed812a01cc3b0e61a320897104e0a28,2015-12,Surrey Police,Northumbria Police,-1.658434,54.992839,On or near Brieryside,E01008300,Newcastle upon Tyne 016A,Shoplifting,Offender given conditional discharge,
2f75a14f01ecea5ed979b91f4ebe9299504e5df6c95e81257b1c0c08c32a357e,2015-12,Surrey Police,Northumbria Police,-1.662742,54.989850,On or near Arden Crescent,E01008300,Newcastle upon Tyne 016A,Violence and sexual offences,Under investigation,
923daf92a00db9d6f5148755bbfc56c0a4ad4d2aeb08ae4427d27bc51e3ddcc5,2015-12,Surrey Police,Northumbria Police,-1.658434,54.992839,On or near Brieryside,E01008300,Newcastle upon Tyne 016A,Violence and sexual offences,Investigation complete; no suspect identified,
,2015-12,Surrey Police,Northumbria Police,-1.656337,54.985860,On or near Linum Place,E01008450,Newcastle upon Tyne 016B,Anti-social behaviour,,
fdf37616997362d349ab11ab5ac1393b828b970826ddf019b04e13e83b87b444,2015-12,Surrey Police,Northumbria Police,-1.656337,54.985860,On or near Linum Place,E01008450,Newcastle upon Tyne 016B,Criminal damage and arson,Investigation complete; no suspect identified,
98e44b1dee1f0e278edea0ffb740322c838110549caed805b6a5e9f33fe5ef5a,2015-12,Surrey Police,Northumbria Police,-1.657302,54.984452,On or near Fenham Chase,E01008450,Newcastle upon Tyne 016B,Criminal damage and arson,Investigation complete; no suspect identified,
0ec33f5a95834f8dafcb37469dcd5b4b7a833f69340d81b5ef99dacd971e67fd,2015-12,Surrey Police,Northumbria Police,-1.656820,54.989681,On or near Pedestrian Subway,E01008450,Newcastle upon Tyne 016B,Other theft,Investigation complete; no suspect identified,
38f538b2c09bba1848b6a5d7dec55f37472ac7e2ed89ff766de08a3e319417d7,2015-12,Surrey Police,Northumbria Police,-1.660134,54.985880,On or near Planetree Avenue,E01008450,Newcastle upon Tyne 016B,Public order,Under investigation,
7a6f4e8278d61c01ff1fab14e6425186b0dc587dfe7ff9cfc3f82922d2313633,2015-12,Surrey Police,Northumbria Police,-1.656820,54.989681,On or near Pedestrian Subway,E01008450,Newcastle upon Tyne 016B,Shoplifting,Awaiting court outcome,
cc864512c60be8e3e787b21e2251e6fa4229721c7c95dd67c243bf27683ec83e,2015-12,Surrey Police,Northumbria Police,-1.656820,54.989681,On or near Pedestrian Subway,E01008450,Newcastle upon Tyne 016B,Shoplifting,Offender given suspended prison sentence,
e98ecd1d8fab36e9f4a88eb4b21e98eda939012fcc87832c7c134d7458a49937,2015-12,Surrey Police,Northumbria Police,-1.656337,54.985860,On or near Linum Place,E01008450,Newcastle upon Tyne 016B,Violence and sexual offences,Under investigation,
65eda51e512d709cc9a592caf20a103f0afac4e8d6eaa2b026cb5cba984a901c,2015-12,Surrey Police,Northumbria Police,-1.657586,54.985981,On or near Queensway,E01008450,Newcastle upon Tyne 016B,Violence and sexual offences,Under investigation,
f088a3bfb3c7748f74d975397108c9c9607c01496271ed138be4305df0cdb793,2015-12,Surrey Police,Northumbria Police,-1.656337,54.985860,On or near Linum Place,E01008450,Newcastle upon Tyne 016B,Violence and sexual offences,Under investigation,
,2015-12,Surrey Police,Northumbria Police,-1.660562,54.988865,On or near Westerhope Gardens,E01008451,Newcastle upon Tyne 016C,Anti-social behaviour,,
,2015-12,Surrey Police,Northumbria Police,-1.663651,54.987633,On or near Angerton Gardens,E01008451,Newcastle upon Tyne 016C,Anti-social behaviour,,
,2015-12,Surrey Police,Northumbria Police,-1.660562,54.988865,On or near Westerhope Gardens,E01008451,Newcastle upon Tyne 016C,Anti-social behaviour,,
,2015-12,Surrey Police,Northumbria Police,-1.669999,54.989232,On or near Silver Lonnen,E01008451,Newcastle upon Tyne 016C,Anti-social behaviour,,
,2015-12,Surrey Police,Northumbria Police,-1.663651,54.987633,On or near Angerton Gardens,E01008451,Newcastle upon Tyne 016C,Anti-social behaviour,,
,2015-12,Surrey Police,Northumbria Police,-1.669999,54.989232,On or near Silver Lonnen,E01008451,Newcastle upon Tyne 016C,Anti-social behaviour,,
,2015-12,Surrey Police,Northumbria Police,-1.669999,54.989232,On or near Silver Lonnen,E01008451,Newcastle upon Tyne 016C,Anti-social behaviour,,
,2015-12,Surrey Police,Northumbria Police,-1.663651,54.987633,On or near Angerton Gardens,E01008451,Newcastle upon Tyne 016C,Anti-social behaviour,,
,2015-12,Surrey Police,Northumbria Police,-1.669999,54.989232,On or near Silver Lonnen,E01008451,Newcastle upon Tyne 016C,Anti-social behaviour,,
,2015-12,Surrey Police,Northumbria Police,-1.663091,54.989276,On or near Stamfordham Road,E01008451,Newcastle upon Tyne 016C,Anti-social behaviour,,
ef87b3a9a91e9c814b1a5de3a91218bd8b49a85de8ead6f24313319223cf661b,2015-12,Surrey Police,Northumbria Police,-1.662904,54.987325,On or near Ovington Grove,E01008451,Newcastle upon Tyne 016C,Bicycle theft,Offender sent to prison,
9793e569b84410f01ce3a4f07c7f1135e4852987ed0121cea091eb6962273637,2015-12,Surrey Police,Northumbria Police,-1.661841,54.985516,On or near Genister Place,E01008451,Newcastle upon Tyne 016C,Bicycle theft,Investigation complete; no suspect identified,
21c12d8742b08815bfede60c7624367b94608614e84ee1b2dbdc3183c7bf8a49,2015-12,Surrey Police,Northumbria Police,-1.665106,54.987421,On or near Deanham Gardens,E01008451,Newcastle upon Tyne 016C,Bicycle theft,Investigation complete; no suspect identified,
98c76d4c56ca71a4b7e64696584bf901a207bbc3ad10952672bb582c3c47edf0,2015-12,Surrey Police,Northumbria Police,-1.661246,54.987518,On or near Two Ball Lonnen,E01008451,Newcastle upon Tyne 016C,Burglary,Investigation complete; no suspect identified,
19b9ec0abbd3e2ad3773702f56cb86fdf3ed5d279b5b6aaf7ece8cae09f56f92,2015-12,Surrey Police,Northumbria Police,-1.664457,54.986584,On or near Heatherslaw Road,E01008451,Newcastle upon Tyne 016C,Criminal damage and arson,Investigation complete; no suspect identified,
bcc3a64c58b7db4389fbda222e33bcef0a9c3eb5c88fe3f3ba147a00a6414ee2,2015-12,Surrey Police,Northumbria Police,-1.659236,54.988636,On or near Petrol Station,E01008451,Newcastle upon Tyne 016C,Criminal damage and arson,Investigation complete; no suspect identified,
0d8baab96e5061033034d20882ff5e6c241f90591124ac6b34787c7fed513a82,2015-12,Surrey Police,Northumbria Police,-1.669999,54.989232,On or near Silver Lonnen,E01008451,Newcastle upon Tyne 016C,Criminal damage and arson,Investigation complete; no suspect identified,
e5120a38cd1ff71f2091da2163cb876eddf5e0d032c996a39eaa95a4f2cb23f3,2015-12,Surrey Police,Northumbria Police,-1.663091,54.989276,On or near Stamfordham Road,E01008451,Newcastle upon Tyne 016C,Criminal damage and arson,Investigation complete; no suspect identified,
a11ba89e49761c1e0e79173a3b10ef6e3305f78b6b3678a53a47f050dcb8e056,2015-12,Surrey Police,Northumbria Police,-1.669999,54.989232,On or near Silver Lonnen,E01008451,Newcastle upon Tyne 016C,Criminal damage and arson,Investigation complete; no suspect identified,
d9af63f3d498eac5ba9186dedd18b5d8ef3513bdc9d478de7df35b1618cad623,2015-12,Surrey Police,Northumbria Police,-1.661841,54.985516,On or near Genister Place,E01008451,Newcastle upon Tyne 016C,Drugs,Under investigation,
08277fcaf08a0958cd4ff46f560b15641427d70a55d18460412dbf381fd5d4e9,2015-12,Surrey Police,Northumbria Police,-1.659236,54.988636,On or near Petrol Station,E01008451,Newcastle upon Tyne 016C,Other theft,Under investigation,
29d697dfdc3075470a5d24b819b5440fbd535b978267549fe809b0a636e72774,2015-12,Surrey Police,Northumbria Police,-1.659236,54.988636,On or near Petrol Station,E01008451,Newcastle upon Tyne 016C,Other theft,Investigation complete; no suspect identified,
18ffc919a5a23f4201807a73bb94a4f79ec388c936b5b4f448229a4338ad89db,2015-12,Surrey Police,Northumbria Police,-1.669999,54.989232,On or near Silver Lonnen,E01008451,Newcastle upon Tyne 016C,Public order,Investigation complete; no suspect identified,
10df47755385a7bf229c6ad1c68cf3728a4e4392908a7e2b33ad561f2c5ec6fc,2015-12,Surrey Police,Northumbria Police,-1.661841,54.985516,On or near Genister Place,E01008451,Newcastle upon Tyne 016C,Shoplifting,Investigation complete; no suspect identified,
95f886b91732828d662df9b652e619bd184b850ed7764ac7e53d5b74328f6cdc,2015-12,Surrey Police,Northumbria Police,-1.665106,54.987421,On or near Deanham Gardens,E01008451,Newcastle upon Tyne 016C,Vehicle crime,Investigation complete; no suspect identified,
6963b262ab3834868d5e1426f9fc51612d8dab15990f8e03c195c40f2791af22,2015-12,Surrey Police,Northumbria Police,-1.665241,54.988159,On or near Cheeseburn Gardens,E01008451,Newcastle upon Tyne 016C,Vehicle crime,Investigation complete; no suspect identified,
ca42d9ade6d9c74df7041e3dc461d15af9ef06fdd5721c07034efb486cf74032,2015-12,Surrey Police,Northumbria Police,-1.663651,54.987633,On or near Angerton Gardens,E01008451,Newcastle upon Tyne 016C,Violence and sexual offences,Under investigation,
e0749a7c018bce4b2cd5b50c28c1c74b3ef363ed5d4681e014adbff3e2707e34,2015-12,Surrey Police,Northumbria Police,-1.661841,54.985516,On or near Genister Place,E01008451,Newcastle upon Tyne 016C,Violence and sexual offences,Under investigation,
c0dfe488e86271a63efe915f4428ecd7953d3412d93918ae48952e402bece81d,2015-12,Surrey Police,Northumbria Police,-1.652095,54.986666,On or near Friarside Road,E01008452,Newcastle upon Tyne 016D,Criminal damage and arson,Investigation complete; no suspect identified,
7218a8f7d5660455429d1878d248c779e8b4a7199ac70b532ad57bfca62a26c2,2015-12,Surrey Police,Northumbria Police,-1.653029,54.987136,On or near Lindale Road,E01008452,Newcastle upon Tyne 016D,Criminal damage and arson,Investigation complete; no suspect identified,
e11c841d16a5ff82220ac0f224df7c0d0c58dc0326465bf0127f3e512d21335f,2015-12,Surrey Police,Northumbria Police,-1.651772,54.986126,On or near Redewater Road,E01008452,Newcastle upon Tyne 016D,Vehicle crime,Investigation complete; no suspect identified,
34d7d416e92b2aae7aff547b79c21e20704f528280b6a0d09b6d6c2b700654f2,2015-12,Surrey Police,Northumbria Police,-1.653029,54.987136,On or near Lindale Road,E01008452,Newcastle upon Tyne 016D,Vehicle crime,Investigation complete; no suspect identified,
c81e2f1411f819eaf6a6f3ba1b29389cf3964eb04c3941c25b2921da51d6d276,2015-12,Surrey Police,Northumbria Police,-1.653029,54.987136,On or near Lindale Road,E01008452,Newcastle upon Tyne 016D,Violence and sexual offences,Under investigation,
,2015-12,Surrey Police,Northumbria Police,-1.596993,54.985211,On or near Sandyford Road,E01008367,Newcastle upon Tyne 017A,Anti-social behaviour,,
,2015-12,Surrey Police,Northumbria Police,-1.594237,54.987323,On or near Jesmond Road,E01008367,Newcastle upon Tyne 017A,Anti-social behaviour,,
,2015-12,Surrey Police,Northumbria Police,-1.604744,54.989927,On or near Osborne Road,E01008367,Newcastle upon Tyne 017A,Anti-social behaviour,,
c4103fc52c7090075fd6ac5cd761c21baad4fba5b01ef8cd93014eac78d764f4,2015-12,Surrey Police,Northumbria Police,-1.599859,54.987674,On or near Osborne Avenue,E01008367,Newcastle upon Tyne 017A,Burglary,Under investigation,
63d5d7315407fd33c0ad2b611d5d9ca2fabe91d597c730e1e4bab05511143cd5,2015-12,Surrey Police,Northumbria Police,-1.596038,54.986933,On or near Deuchar Street,E01008367,Newcastle upon Tyne 017A,Criminal damage and arson,Investigation complete; no suspect identified,
f4cf10f92a26a078e8dc5b79429fd60202b1edbe1a9c2f8929edc07dc8fe4888,2015-12,Surrey Police,Northumbria Police,-1.605291,54.991591,On or near Larkspur Terrace,E01008367,Newcastle upon Tyne 017A,Criminal damage and arson,Awaiting court outcome,
68df90e0b2854ea5e1fe00a2977af175cbd2bf5430ccd7eaa9c0dcbd190c5690,2015-12,Surrey Police,Northumbria Police,-1.599859,54.987674,On or near Osborne Avenue,E01008367,Newcastle upon Tyne 017A,Criminal damage and arson,Investigation complete; no suspect identified,
6035ecd257043a37e4eb9425eeca12b4e2491c64afea5c4e32cb9e898c74140d,2015-12,Surrey Police,Northumbria Police,-1.604744,54.989927,On or near Osborne Road,E01008367,Newcastle upon Tyne 017A,Criminal damage and arson,Investigation complete; no suspect identified,
5e5f90cc071e371b075885918574848429a720a3266bb7fce602f837666e6d43,2015-12,Surrey Police,Northumbria Police,-1.596993,54.985211,On or near Sandyford Road,E01008367,Newcastle upon Tyne 017A,Drugs,Under investigation,
1f47b0170765824b140d8390483b089eefdff79c201cec993be0a6dfe9b2247d,2015-12,Surrey Police,Northumbria Police,-1.596993,54.985211,On or near Sandyford Road,E01008367,Newcastle upon Tyne 017A,Drugs,Under investigation,
da9084ac2142c6895666f230c752c3c1d3d6fa7f1943d92b8b072fcd12922a5e,2015-12,Surrey Police,Northumbria Police,-1.596993,54.985211,On or near Sandyford Road,E01008367,Newcastle upon Tyne 017A,Drugs,Under investigation,
d0938d7e49e52583fb101f7c23b28e2508fcaac43fee3fb14dfcea684faa416e,2015-12,Surrey Police,Northumbria Police,-1.596038,54.986933,On or near Deuchar Street,E01008367,Newcastle upon Tyne 017A,Drugs,Offender fined,
9ebf89b5371bb16056985a2a6f722812e9fd4048e3222e765c7f3596d868f9d2,2015-12,Surrey Police,Northumbria Police,-1.596993,54.985211,On or near Sandyford Road,E01008367,Newcastle upon Tyne 017A,Vehicle crime,Investigation complete; no suspect identified,
b28e233901031cf69889e3438357bad067e4e95f5833b8d9956bafde7c9892c5,2015-12,Surrey Police,Northumbria Police,-1.596993,54.985211,On or near Sandyford Road,E01008367,Newcastle upon Tyne 017A,Vehicle crime,Investigation complete; no suspect identified,
66926949a53b4f9d072a19340ff2b4111a1944247758a0aea9c248e6f8c00c1a,2015-12,Surrey Police,Northumbria Police,-1.599859,54.987674,On or near Osborne Avenue,E01008367,Newcastle upon Tyne 017A,Violence and sexual offences,Under investigation,
d694700b4935963e9e9188382c12669a2c6559417dbc5a280b4b4e0fb863e84b,2015-12,Surrey Police,Northumbria Police,-1.599859,54.987674,On or near Osborne Avenue,E01008367,Newcastle upon Tyne 017A,Violence and sexual offences,Under investigation,
cdad18cab0172bbbed183cfeb123e6739348d627b6b27f4d0c25c1f401dac43d,2015-12,Surrey Police,Northumbria Police,-1.605867,54.988601,On or near Holly Avenue West,E01008367,Newcastle upon Tyne 017A,Violence and sexual offences,Under investigation,
cb37050fe3c6aec413e5966ec8b582362ec1e6b2ccf7310a29ce1b4f4cdb584b,2015-12,Surrey Police,Northumbria Police,-1.596038,54.986933,On or near Deuchar Street,E01008367,Newcastle upon Tyne 017A,Violence and sexual offences,Under investigation,
,2015-12,Surrey Police,Northumbria Police,-1.601922,54.989289,On or near Fern Avenue,E01008368,Newcastle upon Tyne 017B,Anti-social behaviour,,
,2015-12,Surrey Police,Northumbria Police,-1.601922,54.989289,On or near Fern Avenue,E01008368,Newcastle upon Tyne 017B,Anti-social behaviour,,
,2015-12,Surrey Police,Northumbria Police,-1.596932,54.988131,On or near Farquhar Street,E01008368,Newcastle upon Tyne 017B,Anti-social behaviour,,
25ec16d21581b8c087e99d4f0d0914c352ca32e3cd4345314dbe8e300f993a26,2015-12,Surrey Police,Northumbria Police,-1.598777,54.989638,On or near Manor House Road,E01008368,Newcastle upon Tyne 017B,Bicycle theft,Investigation complete; no suspect identified,
6518763dd335b51d61b343f61cb0f7f6b2a75036e654452285fb33e1f25caf05,2015-12,Surrey Police,Northumbria Police,-1.596693,54.988661,On or near Buston Terrace,E01008368,Newcastle upon Tyne 017B,Bicycle theft,Investigation complete; no suspect identified,
d5e83cf2575851a9506640ae525243035e284161fd4a2777a8159a7bef3e2652,2015-12,Surrey Police,Northumbria Police,-1.598777,54.989638,On or near Manor House Road,E01008368,Newcastle upon Tyne 017B,Burglary,Investigation complete; no suspect identified,
cb9f3d7688e746418c68a01ef969b51fabbfc6433b637cd099990e4eacf6768a,2015-12,Surrey Police,Northumbria Police,-1.601369,54.991480,On or near Queen'S Terrace,E01008368,Newcastle upon Tyne 017B,Criminal damage and arson,Investigation complete; no suspect identified,
7838c2bace91b57740aa3ae170856d1284d30d16ef2dfb6ea180263d291e0474,2015-12,Surrey Police,Northumbria Police,-1.601369,54.991480,On or near Queen'S Terrace,E01008368,Newcastle upon Tyne 017B,Criminal damage and arson,Investigation complete; no suspect identified,
e48ae88b1991b74593b91890baed4dd92ac66c1be59a345fc3a0bedd01338aae,2015-12,Surrey Police,Northumbria Police,-1.601602,54.990043,On or near Queen'S Road,E01008368,Newcastle upon Tyne 017B,Other theft,Investigation complete; no suspect identified,
afe571075474bc4766975060e22c2b528812422567f172d49f39de3323993409,2015-12,Surrey Police,Northumbria Police,-1.601922,54.989289,On or near Fern Avenue,E01008368,Newcastle upon Tyne 017B,Other theft,Investigation complete; no suspect identified,
4c3abb2752db592bf2156c92fa4d1f1b381a2afd4e54fb3b1f4a69137cf08799,2015-12,Surrey Police,Northumbria Police,-1.596932,54.988131,On or near Farquhar Street,E01008368,Newcastle upon Tyne 017B,Vehicle crime,Investigation complete; no suspect identified,
,2015-12,Surrey Police,Northumbria Police,-1.604581,54.982675,On or near Osborne Terrace,E01008370,Newcastle upon Tyne 017C,Anti-social behaviour,,
,2015-12,Surrey Police,Northumbria Police,-1.608418,54.981753,On or near Pedestrian Subway,E01008370,Newcastle upon Tyne 017C,Anti-social behaviour,,
,2015-12,Surrey Police,Northumbria Police,-1.604581,54.982675,On or near Osborne Terrace,E01008370,Newcastle upon Tyne 017C,Anti-social behaviour,,
973ba3722f501d12f7c9d6d1449fb8d366b17eb2527e2ddb4347d291e82b78f7,2015-12,Surrey Police,Northumbria Police,-1.606039,54.985393,On or near Eslington Terrace,E01008370,Newcastle upon Tyne 017C,Criminal damage and arson,Investigation complete; no suspect identified,
d8c28b78020031410d14d9a86e0c59f83049d202e4153b61fdc1babb2a5c8bce,2015-12,Surrey Police,Northumbria Police,-1.609733,54.986367,On or near Burdon Terrace,E01008370,Newcastle upon Tyne 017C,Other theft,Investigation complete; no suspect identified,
a31734b7c439377404876d231d98360bed5ca2aa80ad8ca181e40ec96da6b4d0,2015-12,Surrey Police,Northumbria Police,-1.603138,54.984827,On or near Fernwood Road,E01008370,Newcastle upon Tyne 017C,Vehicle crime,Investigation complete; no suspect identified,
48b0c94e2ffb82a7bc66a9effcce773452852e1a8cdaaddf5b1517d3033871cc,2015-12,Surrey Police,Northumbria Police,-1.606972,54.985900,On or near Clayton Road,E01008370,Newcastle upon Tyne 017C,Violence and sexual offences,Under investigation,
c48ebb62aaf06fa3cc2036a508abb85d90b27a2a02483acd92b4bbe9144d77e3,2015-12,Surrey Police,Northumbria Police,-1.611504,54.984261,On or near Brandling Park,E01008370,Newcastle upon Tyne 017C,Violence and sexual offences,Investigation complete; no suspect identified,
,2015-12,Surrey Police,Northumbria Police,-1.592728,54.986688,On or near Rosebery Crescent,E01008409,Newcastle upon Tyne 017D,Anti-social behaviour,,
,2015-12,Surrey Police,Northumbria Police,-1.593906,54.987618,On or near Jesmond Road,E01008409,Newcastle upon Tyne 017D,Anti-social behaviour,,
,2015-12,Surrey Police,Northumbria Police,-1.591078,54.987564,On or near Kimberley Gardens,E01008409,Newcastle upon Tyne 017D,Anti-social behaviour,,
,2015-12,Surrey Police,Northumbria Police,-1.596639,54.983116,On or near Back Goldspink Lane,E01008409,Newcastle upon Tyne 017D,Anti-social behaviour,,
,2015-12,Surrey Police,Northumbria Police,-1.591078,54.987564,On or near Kimberley Gardens,E01008409,Newcastle upon Tyne 017D,Anti-social behaviour,,
0bb62c8cc353e89a124b34ffced59c62112451e34e74878838721d942d4b28fb,2015-12,Surrey Police,Northumbria Police,-1.591135,54.986575,On or near Salisbury Gardens,E01008409,Newcastle upon Tyne 017D,Criminal damage and arson,Offender given a caution,
2dd65d93f1cae989d346227bc07451c052f42b5a10fd9a6ac71740dde44ff474,2015-12,Surrey Police,Northumbria Police,-1.595660,54.982601,On or near Goldspink Lane,E01008409,Newcastle upon Tyne 017D,Criminal damage and arson,Investigation complete; no suspect identified,
857faf6849c1b2010bca1132814137255b36aca90ea173c619cca4105bf112dd,2015-12,Surrey Police,Northumbria Police,-1.595660,54.982601,On or near Goldspink Lane,E01008409,Newcastle upon Tyne 017D,Other theft,Awaiting court outcome,
8b1b0fe302c9325663e0b85635d79b473983d906a712423cc329d0ae05bfd154,2015-12,Surrey Police,Northumbria Police,-1.590505,54.985540,On or near Wolseley Gardens,E01008409,Newcastle upon Tyne 017D,Vehicle crime,Investigation complete; no suspect identified,
0a8dc633fe6dcd20997fd02177b9cbc55196183c50069c0895dc54f2103b63f9,2015-12,Surrey Police,Northumbria Police,-1.594544,54.981662,On or near Amble Grove,E01008411,Newcastle upon Tyne 017E,Criminal damage and arson,Investigation complete; no suspect identified,
,2015-12,Surrey Police,Northumbria Police,-1.577417,54.978845,On or near St Mark'S Close,E01008303,Newcastle upon Tyne 018A,Anti-social behaviour,,
,2015-12,Surrey Police,Northumbria Police,-1.577226,54.976176,On or near Conyers Road,E01008303,Newcastle upon Tyne 018A,Anti-social behaviour,,
,2015-12,Surrey Police,Northumbria Police,-1.576457,54.981026,On or near Brough Street,E01008303,Newcastle upon Tyne 018A,Anti-social behaviour,,
,2015-12,Surrey Police,Northumbria Police,-1.576848,54.977990,On or near Shields Lane,E01008303,Newcastle upon Tyne 018A,Anti-social behaviour,,
,2015-12,Surrey Police,Northumbria Police,-1.582263,54.977128,On or near Flora Street,E01008303,Newcastle upon Tyne 018A,Anti-social behaviour,,
,2015-12,Surrey Police,Northumbria Police,-1.582263,54.977128,On or near Flora Street,E01008303,Newcastle upon Tyne 018A,Anti-social behaviour,,
,2015-12,Surrey Police,Northumbria Police,-1.576848,54.977990,On or near Shields Lane,E01008303,Newcastle upon Tyne 018A,Anti-social behaviour,,
,2015-12,Surrey Police,Northumbria Police,-1.577417,54.978845,On or near St Mark'S Close,E01008303,Newcastle upon Tyne 018A,Anti-social behaviour,,
,2015-12,Surrey Police,Northumbria Police,-1.580074,54.977237,On or near Shields Road,E01008303,Newcastle upon Tyne 018A,Anti-social behaviour,,
,2015-12,Surrey Police,Northumbria Police,-1.577226,54.976176,On or near Conyers Road,E01008303,Newcastle upon Tyne 018A,Anti-social behaviour,,
,2015-12,Surrey Police,Northumbria Police,-1.579013,54.977179,On or near Supermarket,E01008303,Newcastle upon Tyne 018A,Anti-social behaviour,,
,2015-12,Surrey Police,Northumbria Police,-1.576854,54.977378,On or near Robinson Street,E01008303,Newcastle upon Tyne 018A,Anti-social behaviour,,
,2015-12,Surrey Police,Northumbria Police,-1.579013,54.977179,On or near Supermarket,E01008303,Newcastle upon Tyne 018A,Anti-social behaviour,,
32e7d4e331355104ec7bc8fbd6b7c2a3c0fc6f61bee89b4d6cbc64be5a840dab,2015-12,Surrey Police,Northumbria Police,-1.579776,54.978844,On or near Heaton Road,E01008303,Newcastle upon Tyne 018A,Bicycle theft,Investigation complete; no suspect identified,
07c11d71790a908d2b8c966ed4058a1c80f246481c78b2e6a5868882aaa3a33f,2015-12,Surrey Police,Northumbria Police,-1.577226,54.976176,On or near Conyers Road,E01008303,Newcastle upon Tyne 018A,Bicycle theft,Investigation complete; no suspect identified,
bf8d99504555d9eb533cc33eb31ba7a3e203141c7821859e23438c91623e049b,2015-12,Surrey Police,Northumbria Police,-1.577226,54.976176,On or near Conyers Road,E01008303,Newcastle upon Tyne 018A,Burglary,Investigation complete; no suspect identified,
be7c90b9b3c62e2621948c9e9a457c93e5f3d54f7bf0446e7e9d832386cd53e8,2015-12,Surrey Police,Northumbria Police,-1.576848,54.977990,On or near Shields Lane,E01008303,Newcastle upon Tyne 018A,Burglary,Investigation complete; no suspect identified,
2912ca23e9dffbdff1a6a3fed52a358d241d394dd56d4e5e7e03f567cf9767e0,2015-12,Surrey Police,Northumbria Police,-1.580657,54.978344,On or near Addison Close,E01008303,Newcastle upon Tyne 018A,Burglary,Investigation complete; no suspect identified,
4c2fdc0207afe341a1ef3c353e960398c596269030e0416f12e53542dfc35afb,2015-12,Surrey Police,Northumbria Police,-1.577226,54.976176,On or near Conyers Road,E01008303,Newcastle upon Tyne 018A,Burglary,Investigation complete; no suspect identified,
b92b616db9baf531380a411dd5a11b0804de0e9b60d5f607f2c49b94ca55c523,2015-12,Surrey Police,Northumbria Police,-1.580074,54.977237,On or near Shields Road,E01008303,Newcastle upon Tyne 018A,Burglary,Investigation complete; no suspect identified,
411374723836fb9c36a297941ee385759f565f7adc915565a523b1581d5a4066,2015-12,Surrey Police,Northumbria Police,-1.577226,54.976176,On or near Conyers Road,E01008303,Newcastle upon Tyne 018A,Criminal damage and arson,Investigation complete; no suspect identified,
efb4294ec95ca3401f9d7d904347075ba6a8502f1adf8cbb5a68907539154a2c,2015-12,Surrey Police,Northumbria Police,-1.580812,54.979935,On or near North View,E01008303,Newcastle upon Tyne 018A,Criminal damage and arson,Investigation complete; no suspect identified,
396d7398213fb0c96e5a40a1af8d9bb38124cf384a33da5b6a409bc89cf574b7,2015-12,Surrey Police,Northumbria Police,-1.580074,54.977237,On or near Shields Road,E01008303,Newcastle upon Tyne 018A,Criminal damage and arson,Awaiting court outcome,
ca5e50354cd8ba6247a744eca56812047c2c0698f2aa2259971273f699448239,2015-12,Surrey Police,Northumbria Police,-1.577417,54.978845,On or near St Mark'S Close,E01008303,Newcastle upon Tyne 018A,Other theft,Investigation complete; no suspect identified,
15bde689946660f9029655f210331f5f07ed5fd71e374439304114719f1cc4ea,2015-12,Surrey Police,Northumbria Police,-1.580497,54.978694,On or near Heaton Place,E01008303,Newcastle upon Tyne 018A,Possession of weapons,Offender given a caution,
c307cc383b9158f8f329ce37fa806976f14b8d42f32358ec4a2eaf525e202265,2015-12,Surrey Police,Northumbria Police,-1.580074,54.977237,On or near Shields Road,E01008303,Newcastle upon Tyne 018A,Public order,Under investigation,
99c17d698fdae7dc37a46417e716b6d23be4b1a2a66ac23e22bff8d1aa9479fe,2015-12,Surrey Police,Northumbria Police,-1.577417,54.978845,On or near St Mark'S Close,E01008303,Newcastle upon Tyne 018A,Public order,Under investigation,
7feb09ee683a47ef6924878978c5284f62807d07d834bd7815b0f42ef3e17181,2015-12,Surrey Police,Northumbria Police,-1.580074,54.977237,On or near Shields Road,E01008303,Newcastle upon Tyne 018A,Shoplifting,Offender given community sentence,
232bf2e5a73553d98820ac63d73c8aa55e5aa0f8daa7da99b07d04b68ccf7d8a,2015-12,Surrey Police,Northumbria Police,-1.580074,54.977237,On or near Shields Road,E01008303,Newcastle upon Tyne 018A,Shoplifting,Under investigation,
2ee22e52a12f4848e6bef1d7ceca9a2308b75d76bc4b3f392ac4714ad62f98ae,2015-12,Surrey Police,Northumbria Police,-1.580497,54.978694,On or near Heaton Place,E01008303,Newcastle upon Tyne 018A,Shoplifting,Investigation complete; no suspect identified,
06f66fa651d85f23398ac7b1be32a29162276f2ae85b4f882d071e8360aa39d1,2015-12,Surrey Police,Northumbria Police,-1.579776,54.978844,On or near Heaton Road,E01008303,Newcastle upon Tyne 018A,Theft from the person,Investigation complete; no suspect identified,
4beea36fe9bf1fdf0f1fcca757828c61b613a3f8c7f1f0bbd768cd9b01d9e7cd,2015-12,Surrey Police,Northumbria Police,-1.580980,54.977339,On or near Edwin Street,E01008303,Newcastle upon Tyne 018A,Theft from the person,Investigation complete; no suspect identified,
158802e39fa0be886da35167797573329b85000407c677e00cfdf29b457ad5dd,2015-12,Surrey Police,Northumbria Police,-1.576854,54.977378,On or near Robinson Street,E01008303,Newcastle upon Tyne 018A,Violence and sexual offences,Awaiting court outcome,
37155a56f1b103dd703623f1f4820160b7ad037b1ed6b2e00afd1e1ecf7239b6,2015-12,Surrey Police,Northumbria Police,-1.577226,54.976176,On or near Conyers Road,E01008303,Newcastle upon Tyne 018A,Violence and sexual offences,Investigation complete; no suspect identified,
8ffea31cf60b4c9a658661718c1f9bb5b35ac9e94a10f53e9f2a688f2415a6b1,2015-12,Surrey Police,Northumbria Police,-1.580074,54.977237,On or near Shields Road,E01008303,Newcastle upon Tyne 018A,Other crime,Awaiting court outcome,
,2015-12,Surrey Police,Northumbria Police,-1.579259,54.985007,On or near Meldon Terrace,E01008359,Newcastle upon Tyne 018B,Anti-social behaviour,,
,2015-12,Surrey Police,Northumbria Police,-1.577711,54.983618,On or near Eighth Avenue,E01008359,Newcastle upon Tyne 018B,Anti-social behaviour,,
780541b9cba2da358cbbb8a1a0cb7e9d57f48177d7ca216064e9ac0ffb8a1b1a,2015-12,Surrey Police,Northumbria Police,-1.579259,54.985007,On or near Meldon Terrace,E01008359,Newcastle upon Tyne 018B,Burglary,Investigation complete; no suspect identified,
e364d28a541489add595d886b48c956275419ae28f6b2567a2f074808a484d77,2015-12,Surrey Police,Northumbria Police,-1.579259,54.985007,On or near Meldon Terrace,E01008359,Newcastle upon Tyne 018B,Burglary,Investigation complete; no suspect identified,
3030b3ea26c7359e8c939c8b1955d0fa36665cd88883f5856f88e00467bcdbf2,2015-12,Surrey Police,Northumbria Police,-1.579259,54.985007,On or near Meldon Terrace,E01008359,Newcastle upon Tyne 018B,Burglary,Investigation complete; no suspect identified,
5eff030b3dc4601ff06a4fcd09affefcb12ee02584f2179e3d67efd7577169a0,2015-12,Surrey Police,Northumbria Police,-1.579259,54.985007,On or near Meldon Terrace,E01008359,Newcastle upon Tyne 018B,Criminal damage and arson,Investigation complete; no suspect identified,
f60f0714ca29b3511718c7ebe0db2e5414ade1a3304a43bdec5ada839c50a5a5,2015-12,Surrey Police,Northumbria Police,-1.577575,54.983132,On or near Seventh Avenue,E01008359,Newcastle upon Tyne 018B,Other theft,Investigation complete; no suspect identified,
073fc76b616cb5a2a0cd4024614d64ed917a1cf58b46fdb414b8b20f2e652270,2015-12,Surrey Police,Northumbria Police,-1.579259,54.985007,On or near Meldon Terrace,E01008359,Newcastle upon Tyne 018B,Vehicle crime,Investigation complete; no suspect identified,
98c58fdf59132e853c7492372633029a068141e15c4fa024adb4989becf3afe5,2015-12,Surrey Police,Northumbria Police,-1.577711,54.983618,On or near Eighth Avenue,E01008359,Newcastle upon Tyne 018B,Violence and sexual offences,Investigation complete; no suspect identified,
,2015-12,Surrey Police,Northumbria Police,-1.575244,54.983457,On or near Hartford Street,E01008360,Newcastle upon Tyne 018C,Anti-social behaviour,,
,2015-12,Surrey Police,Northumbria Police,-1.572467,54.985918,On or near Rothbury Terrace,E01008360,Newcastle upon Tyne 018C,Anti-social behaviour,,
51ae2ecb5bfbdf283d2d037f27dcceb5fd466b7c994fc8db5c283490f914fb69,2015-12,Surrey Police,Northumbria Police,-1.570770,54.988240,On or near Whitefield Terrace,E01008360,Newcastle upon Tyne 018C,Burglary,Investigation complete; no suspect identified,
23e45fcff5f85648caf2c54b5d06e3e075f6e17e2ea0037f85bfc3a88d3c1dda,2015-12,Surrey Police,Northumbria Police,-1.572467,54.985918,On or near Rothbury Terrace,E01008360,Newcastle upon Tyne 018C,Burglary,Investigation complete; no suspect identified,
1f262fbae137a2c3906fbee84e640b598871f699b850b3250ec70707e88d3830,2015-12,Surrey Police,Northumbria Police,-1.572467,54.985918,On or near Rothbury Terrace,E01008360,Newcastle upon Tyne 018C,Burglary,Investigation complete; no suspect identified,
7b27f9b4a25471d28578b78d6918f2b10fe60ad10ff1aa079b2491ff88239575,2015-12,Surrey Police,Northumbria Police,-1.570770,54.988240,On or near Whitefield Terrace,E01008360,Newcastle upon Tyne 018C,Criminal damage and arson,Investigation complete; no suspect identified,
7dc39dd66f122a3cb0b8b13e0ef6aa19f78f0a03a61d88be33f54d58bb2ddb26,2015-12,Surrey Police,Northumbria Police,-1.571975,54.985188,On or near Marleen Avenue,E01008360,Newcastle upon Tyne 018C,Possession of weapons,Awaiting court outcome,
0a009d9a429d448b3b303599e27d73104246504d64f2404472cd29a5b83ea491,2015-12,Surrey Police,Northumbria Police,-1.571975,54.985188,On or near Marleen Avenue,E01008360,Newcastle upon Tyne 018C,Vehicle crime,Under investigation,
504da8f9835de175fe1e5d7c276088d3068abbacb6e2485522526f5a72e1e666,2015-12,Surrey Police,Northumbria Police,-1.575244,54.983457,On or near Hartford Street,E01008360,Newcastle upon Tyne 018C,Vehicle crime,Investigation complete; no suspect identified,
3f589b5c40d74efcb4b133c917a9fac6478d735117f55eb14ad382406d884595,2015-12,Surrey Police,Northumbria Police,-1.570770,54.988240,On or near Whitefield Terrace,E01008360,Newcastle upon Tyne 018C,Vehicle crime,Investigation complete; no suspect identified,
ac81c3eebb46806a53155427c4db317b85d88c6027d59b976d1d51d5fb482e1c,2015-12,Surrey Police,Northumbria Police,-1.572467,54.985918,On or near Rothbury Terrace,E01008360,Newcastle upon Tyne 018C,Violence and sexual offences,Investigation complete; no suspect identified,
c36e36111ca2a00e2cba4c6e9a39045008879851bc1772ca1135b805327ec9d8,2015-12,Surrey Police,Northumbria Police,-1.572467,54.985918,On or near Rothbury Terrace,E01008360,Newcastle upon Tyne 018C,Violence and sexual offences,Under investigation,
,2015-12,Surrey Police,Northumbria Police,-1.577220,54.987202,On or near Chillingham Road,E01008361,Newcastle upon Tyne 018D,Anti-social behaviour,,
dfea9a499629b6dbb75f258ceba553f2f4ed62153f37327c4886af5f0979b716,2015-12,Surrey Police,Northumbria Police,-1.574722,54.987022,On or near Warton Terrace,E01008361,Newcastle upon Tyne 018D,Burglary,Investigation complete; no suspect identified,
fe5469c3c968df361c796aeab98cb643cc9f80d0840d933cd7a04d279e9046c2,2015-12,Surrey Police,Northumbria Police,-1.575087,54.986430,On or near Simonside Terrace,E01008361,Newcastle upon Tyne 018D,Burglary,Investigation complete; no suspect identified,
c70f001310b9cd32c1ba64a0e4f72a355c1b660d04986d154731f56b458e7640,2015-12,Surrey Police,Northumbria Police,-1.577220,54.987202,On or near Chillingham Road,E01008361,Newcastle upon Tyne 018D,Burglary,Investigation complete; no suspect identified,
7027d5c86a984a91dc2722eb81bce3043bda99a176eace190758baa3b6c9ac1f,2015-12,Surrey Police,Northumbria Police,-1.575168,54.984669,On or near Spencer Street,E01008361,Newcastle upon Tyne 018D,Burglary,Investigation complete; no suspect identified,
4f5f6aa6e6f659e4dba694b6bc7c5f9e52cee1d9017f1a2f8c37e0fe1dfa937d,2015-12,Surrey Police,Northumbria Police,-1.577220,54.987202,On or near Chillingham Road,E01008361,Newcastle upon Tyne 018D,Criminal damage and arson,Under investigation,
a823c72f7c98be74b06c50f8908d1bcd17eee3e6b5477b9af7c77db0aa577c0b,2015-12,Surrey Police,Northumbria Police,-1.577220,54.987202,On or near Chillingham Road,E01008361,Newcastle upon Tyne 018D,Other theft,Investigation complete; no suspect identified,
c0ad9c35d5d3ec9645857a04b34b24dc5672a3ad0993565bc29459c795c350ea,2015-12,Surrey Police,Northumbria Police,-1.575168,54.984669,On or near Spencer Street,E01008361,Newcastle upon Tyne 018D,Other theft,Investigation complete; no suspect identified,
3dd4b4494438f4bae9afee8dde6f4cd8429fa8f10c983a13cf8c8239fe6dbfa1,2015-12,Surrey Police,Northumbria Police,-1.575087,54.986430,On or near Simonside Terrace,E01008361,Newcastle upon Tyne 018D,Vehicle crime,Investigation complete; no suspect identified,
7b0cb9ed88a679d62e3c8741ac25be34bae6e93c2a614cabaf6c3e5b7745bc4e,2015-12,Surrey Police,Northumbria Police,-1.574809,54.987580,On or near Trewhitt Road,E01008361,Newcastle upon Tyne 018D,Vehicle crime,Investigation complete; no suspect identified,
72799394d5680d0fd0185dad09ba773314d662f40ca9bed38bfa16b5ec7839e2,2015-12,Surrey Police,Northumbria Police,-1.575168,54.984669,On or near Spencer Street,E01008361,Newcastle upon Tyne 018D,Vehicle crime,Investigation complete; no suspect identified,
2ec9279aed194ef1791633650fc47c9cb435be98d9d5c22f32b8ce1b46531cc3,2015-12,Surrey Police,Northumbria Police,-1.574722,54.987022,On or near Warton Terrace,E01008361,Newcastle upon Tyne 018D,Violence and sexual offences,Under investigation,
ef1623a5188a2dd347ccaca1a0865a02899d6eeb896d1856158a6ce35ff0bea4,2015-12,Surrey Police,Northumbria Police,-1.575087,54.986430,On or near Simonside Terrace,E01008361,Newcastle upon Tyne 018D,Violence and sexual offences,Under investigation,
,2015-12,Surrey Police,Northumbria Police,-1.579723,54.982475,On or near Stannington Place,E01008362,Newcastle upon Tyne 018E,Anti-social behaviour,,
,2015-12,Surrey Police,Northumbria Police,-1.580343,54.984409,On or near King John Street,E01008362,Newcastle upon Tyne 018E,Anti-social behaviour,,
,2015-12,Surrey Police,Northumbria Police,-1.579412,54.980865,On or near Guildford Place,E01008362,Newcastle upon Tyne 018E,Anti-social behaviour,,
,2015-12,Surrey Police,Northumbria Police,-1.579723,54.982475,On or near Stannington Place,E01008362,Newcastle upon Tyne 018E,Anti-social behaviour,,
,2015-12,Surrey Police,Northumbria Police,-1.577115,54.982295,On or near Third Avenue,E01008362,Newcastle upon Tyne 018E,Anti-social behaviour,,
,2015-12,Surrey Police,Northumbria Police,-1.580343,54.984409,On or near King John Street,E01008362,Newcastle upon Tyne 018E,Anti-social behaviour,,
70df656bda68d76c0e4739df55ee171f7ca0d3b48ac1461cf7cd23ea6e0503ac,2015-12,Surrey Police,Northumbria Police,-1.579723,54.982475,On or near Stannington Place,E01008362,Newcastle upon Tyne 018E,Bicycle theft,Investigation complete; no suspect identified,
0f59962f39890e09877158d00bc670554ef115e32bcd5cf9d63a25fb102119d6,2015-12,Surrey Police,Northumbria Police,-1.579624,54.981477,On or near Cheltenham Terrace,E01008362,Newcastle upon Tyne 018E,Burglary,Investigation complete; no suspect identified,
d0e668be5a9cd18c681468fecf324a4bf2959490c1ae5ad1436a2ed4e6406f62,2015-12,Surrey Police,Northumbria Police,-1.580427,54.982342,On or near Roxburgh Place,E01008362,Newcastle upon Tyne 018E,Burglary,Investigation complete; no suspect identified,
f1be0722185faca5499aa82a0030ec8b05fd23ff87e01ce8432b79bb2a656153,2015-12,Surrey Police,Northumbria Police,-1.580166,54.983402,On or near Balmoral Terrace,E01008362,Newcastle upon Tyne 018E,Burglary,Under investigation,
487c11f57d9f8ac16b9a0affe0dc4f5a7710077f3f2c129f1eaa607292cb97bf,2015-12,Surrey Police,Northumbria Police,-1.580343,54.984409,On or near King John Street,E01008362,Newcastle upon Tyne 018E,Criminal damage and arson,Investigation complete; no suspect identified,
a5de380ae7c7cd1315ca1a11089dbc1621c4d80db21316cb828ff20e2922f899,2015-12,Surrey Police,Northumbria Police,-1.579723,54.982475,On or near Stannington Place,E01008362,Newcastle upon Tyne 018E,Criminal damage and arson,Investigation complete; no suspect identified,
fc01ec62372e7db81fe6ef826e503940eb7db85b66e61152d6e76001ed48a705,2015-12,Surrey Police,Northumbria Police,-1.580166,54.983402,On or near Balmoral Terrace,E01008362,Newcastle upon Tyne 018E,Criminal damage and arson,Investigation complete; no suspect identified,
f1949c1e47a062c046cb4235b9d831c85b57d903a44749cfaf1865372678ef30,2015-12,Surrey Police,Northumbria Police,-1.579412,54.980865,On or near Guildford Place,E01008362,Newcastle upon Tyne 018E,Criminal damage and arson,Awaiting court outcome,
5ad0d12fe4a0c20c587e15f810b7bba61cea83e4a4d9f303096a2d2b584c3a7e,2015-12,Surrey Police,Northumbria Police,-1.579412,54.980865,On or near Guildford Place,E01008362,Newcastle upon Tyne 018E,Drugs,Offender given conditional discharge,
91b1b41912a2a3a287e54788daf66c12aa10c9ffc0a9b87526d4f99ec4abe5f3,2015-12,Surrey Police,Northumbria Police,-1.580427,54.982342,On or near Roxburgh Place,E01008362,Newcastle upon Tyne 018E,Shoplifting,Under investigation,
0f1ac91134be8361e132b1904784947aa0253d3ba8f942a1298417191dada132,2015-12,Surrey Police,Northumbria Police,-1.580255,54.983896,On or near King John Terrace,E01008362,Newcastle upon Tyne 018E,Vehicle crime,Investigation complete; no suspect identified,
c726c47f504310666a3c49b28b884acc5ab3cac38dcc4b24805df21454c23c92,2015-12,Surrey Police,Northumbria Police,-1.580041,54.981901,On or near Cardigan Terrace,E01008362,Newcastle upon Tyne 018E,Violence and sexual offences,Investigation complete; no suspect identified,
897b937bbfc79107e0767878616bf9533d804c41b8afd8758162fb17e3f5d2ea,2015-12,Surrey Police,Northumbria Police,-1.577115,54.982295,On or near Third Avenue,E01008362,Newcastle upon Tyne 018E,Violence and sexual offences,Investigation complete; no suspect identified,
4c24e3ea88b58506afe896350cd867c963bab6bd22fa77f9aa1510a92d03afda,2015-12,Surrey Police,Northumbria Police,-1.577115,54.982295,On or near Third Avenue,E01008362,Newcastle upon Tyne 018E,Violence and sexual offences,Court case unable to proceed,
c14c681eea2bb95c80b3b0c4dafa2b7d09fd9b5e3314a0c31c3f2a5e52413cd9,2015-12,Surrey Police,Northumbria Police,-1.579412,54.980865,On or near Guildford Place,E01008362,Newcastle upon Tyne 018E,Violence and sexual offences,Under investigation,
0e6530717ce95c5b0d7d73b87472277ed7ba386bfe4053793777ddfb72010837,2015-12,Surrey Police,Northumbria Police,-1.579624,54.981477,On or near Cheltenham Terrace,E01008362,Newcastle upon Tyne 018E,Violence and sexual offences,Under investigation,
3f08e1278c3da4287a88991736dc0adc04eff9542733d85e5bb69abfb752e75e,2015-12,Surrey Police,Northumbria Police,-1.579624,54.981477,On or near Cheltenham Terrace,E01008362,Newcastle upon Tyne 018E,Violence and sexual offences,Investigation complete; no suspect identified,
,2015-12,Surrey Police,Northumbria Police,-1.576078,54.988761,On or near Cartington Terrace,E01008364,Newcastle upon Tyne 018F,Anti-social behaviour,,
d99788251a4ca149449ef756752fdaaa2b4cdde540b7c2b45863e89cc86d5138,2015-12,Surrey Police,Northumbria Police,-1.574410,54.989870,On or near Rokeby Terrace,E01008364,Newcastle upon Tyne 018F,Burglary,Investigation complete; no suspect identified,
ba7a0f6bfc5d1793dc06b3768f5ad899600607cc6badf0aaefa33062b1986b24,2015-12,Surrey Police,Northumbria Police,-1.578581,54.991529,On or near Farnley Road,E01008364,Newcastle upon Tyne 018F,Burglary,Investigation complete; no suspect identified,
85f172ef976012d5413697aee298f8b9bd2ceca8d449eba2f10cdf13e507dd07,2015-12,Surrey Police,Northumbria Police,-1.576004,54.989866,On or near Stanmore Road,E01008364,Newcastle upon Tyne 018F,Criminal damage and arson,Investigation complete; no suspect identified,
8b704e8a9b0a983264deb0f2aedf3a8d81f7c78e62b570010d6ec30b5f07433e,2015-12,Surrey Police,Northumbria Police,-1.576461,54.990973,On or near Ravenswood Road,E01008364,Newcastle upon Tyne 018F,Vehicle crime,Investigation complete; no suspect identified,
5d74bafda64c07c409e6e0a1e2226f80ef650edb3bb3550d3ce9a2bac157cfbc,2015-12,Surrey Police,Northumbria Police,-1.576004,54.989866,On or near Stanmore Road,E01008364,Newcastle upon Tyne 018F,Violence and sexual offences,Awaiting court outcome,
82268bf9f1f027e73d33180ee4f387d1646ec2b0b6f26c9cb7b2fddf88c9f773,2015-12,Surrey Police,Northumbria Police,-1.574070,54.989518,On or near Addycombe Terrace,E01008364,Newcastle upon Tyne 018F,Violence and sexual offences,Under investigation,
,2015-12,Surrey Police,Northumbria Police,-1.672496,54.985806,On or near Hesleyside Drive,E01008343,Newcastle upon Tyne 019A,Anti-social behaviour,,
,2015-12,Surrey Police,Northumbria Police,-1.670060,54.979850,On or near Fox And Hounds Road,E01008343,Newcastle upon Tyne 019A,Anti-social behaviour,,
,2015-12,Surrey Police,Northumbria Police,-1.671268,54.981112,On or near Benwell Hill Road,E01008343,Newcastle upon Tyne 019A,Anti-social behaviour,,
,2015-12,Surrey Police,Northumbria Police,-1.669977,54.986204,On or near Kirkheaton Place,E01008343,Newcastle upon Tyne 019A,Anti-social behaviour,,
ea4e05d5145b4040e9c10b90d98b43bc8920cea3eadd39e3c357701ad9f326af,2015-12,Surrey Police,Northumbria Police,-1.672496,54.985806,On or near Hesleyside Drive,E01008343,Newcastle upon Tyne 019A,Burglary,Investigation complete; no suspect identified,
1ea99ac152440a14944c73a3f2004a7cb5df15a20cab42d0bb81cc37052f8daf,2015-12,Surrey Police,Northumbria Police,-1.672496,54.985806,On or near Hesleyside Drive,E01008343,Newcastle upon Tyne 019A,Burglary,Investigation complete; no suspect identified,
043b1e1303eacbec5f2f24804438a51fc310e145d02cedaf300bc4be4f7db7ef,2015-12,Surrey Police,Northumbria Police,-1.672496,54.985806,On or near Hesleyside Drive,E01008343,Newcastle upon Tyne 019A,Criminal damage and arson,Investigation complete; no suspect identified,
e6aa5f7194b03edb9434d1da4bbbccf90f0956654185afc6c5c1d817e5af409d,2015-12,Surrey Police,Northumbria Police,-1.672203,54.983388,On or near St Cuthbert'S Road,E01008343,Newcastle upon Tyne 019A,Drugs,Offender given a caution,
2ed6b8ef8633f4f23c03a96502ccda6b235198c04f611b4ca94b50d8f97bbbfe,2015-12,Surrey Police,Northumbria Police,-1.672286,54.980818,On or near Warenford Place,E01008343,Newcastle upon Tyne 019A,Vehicle crime,Offender sent to prison,
f6c8bedbf68fa21bba87e3ee186399ad65438bd5344cd3a8fdfe85761d0b312e,2015-12,Surrey Police,Northumbria Police,-1.670132,54.982448,On or near Rothley Avenue,E01008343,Newcastle upon Tyne 019A,Vehicle crime,Investigation complete; no suspect identified,
a264fe9aa8dacf90bc4a37bee33b4b6344772ed3065b755e4bb25df684ba7a08,2015-12,Surrey Police,Northumbria Police,-1.671306,54.980384,On or near Bruce Gardens,E01008343,Newcastle upon Tyne 019A,Vehicle crime,Investigation complete; no suspect identified,
b1bfaa59ecf5b19d3ac4b791bf11ffbc6def6600aa49f5d7cbbf982a72a26596,2015-12,Surrey Police,Northumbria Police,-1.670806,54.984211,On or near Lanercost Drive,E01008343,Newcastle upon Tyne 019A,Vehicle crime,Investigation complete; no suspect identified,
345dd90e2fecc31806bafde99d164517588972f395049767c3038d7526341c5c,2015-12,Surrey Police,Northumbria Police,-1.669977,54.986204,On or near Kirkheaton Place,E01008343,Newcastle upon Tyne 019A,Violence and sexual offences,Under investigation,
,2015-12,Surrey Police,Northumbria Police,-1.672527,54.983937,On or near Abbotsmeade Close,E01008344,Newcastle upon Tyne 019B,Anti-social behaviour,,
,2015-12,Surrey Police,Northumbria Police,-1.680345,54.983257,On or near Henshaw Place,E01008344,Newcastle upon Tyne 019B,Anti-social behaviour,,
1c0efd81de6e8b2fe8a52e2ca45fe533744d408ac2dee8376b80671006470668,2015-12,Surrey Police,Northumbria Police,-1.683067,54.984827,On or near Keswick Grove,E01008344,Newcastle upon Tyne 019B,Burglary,Investigation complete; no suspect identified,
31142580a3230a2c94583791933cb51eff609e5b447fc86f241191022980390f,2015-12,Surrey Police,Northumbria Police,-1.679240,54.986651,On or near Slatyford Lane,E01008344,Newcastle upon Tyne 019B,Criminal damage and arson,Investigation complete; no suspect identified,
9a18ea9e30e1bf82387162f085339d9f809b04c2f48fd9805de9f5d2700ee6f8,2015-12,Surrey Police,Northumbria Police,-1.683067,54.984827,On or near Keswick Grove,E01008344,Newcastle upon Tyne 019B,Criminal damage and arson,Investigation complete; no suspect identified,
fc6b1eec7279d7ae454bcca9fad41693d5a28b52cf9db046327182285d4305a4,2015-12,Surrey Police,Northumbria Police,-1.671998,54.989381,On or near Parking Area,E01008344,Newcastle upon Tyne 019B,Violence and sexual offences,Under investigation,
3a4d524ebadc6be4f59f4e38ff45baa60e84ecd0b215ad5bbed4a9ce809ec63b,2015-12,Surrey Police,Northumbria Police,-1.675016,54.985291,On or near Nursery Gardens,E01008344,Newcastle upon Tyne 019B,Violence and sexual offences,Under investigation,
,2015-12,Surrey Police,Northumbria Police,-1.686575,54.983893,On or near Kenley Road,E01008345,Newcastle upon Tyne 019C,Anti-social behaviour,,
,2015-12,Surrey Police,Northumbria Police,-1.692927,54.984934,On or near Pedestrian Subway,E01008345,Newcastle upon Tyne 019C,Anti-social behaviour,,
,2015-12,Surrey Police,Northumbria Police,-1.686575,54.983893,On or near Kenley Road,E01008345,Newcastle upon Tyne 019C,Anti-social behaviour,,
,2015-12,Surrey Police,Northumbria Police,-1.692938,54.985536,On or near A1,E01008345,Newcastle upon Tyne 019C,Anti-social behaviour,,
,2015-12,Surrey Police,Northumbria Police,-1.686575,54.983893,On or near Kenley Road,E01008345,Newcastle upon Tyne 019C,Anti-social behaviour,,
,2015-12,Surrey Police,Northumbria Police,-1.685316,54.987053,On or near Haydon Place,E01008345,Newcastle upon Tyne 019C,Anti-social behaviour,,
,2015-12,Surrey Police,Northumbria Police,-1.686575,54.983893,On or near Kenley Road,E01008345,Newcastle upon Tyne 019C,Anti-social behaviour,,
,2015-12,Surrey Police,Northumbria Police,-1.683392,54.989187,On or near Bowness Road,E01008345,Newcastle upon Tyne 019C,Anti-social behaviour,,
9ed7162d7b1d8955a900e20da5bfb182ab0a41dbc59e19b4042ae782d723af00,2015-12,Surrey Police,Northumbria Police,-1.688028,54.985883,On or near Woodbrook Avenue,E01008345,Newcastle upon Tyne 019C,Criminal damage and arson,Investigation complete; no suspect identified,
928c30f595ad3232b288e3ff5f79b50665bdb0031706c434e8a2e85cfb3c3039,2015-12,Surrey Police,Northumbria Police,-1.688886,54.988158,On or near Tebay Drive,E01008345,Newcastle upon Tyne 019C,Criminal damage and arson,Investigation complete; no suspect identified,
901ad18e890f0c7020a037363ec1c590ebc5bd069d8dfe9e0602b60951b4f308,2015-12,Surrey Police,Northumbria Police,-1.686575,54.983893,On or near Kenley Road,E01008345,Newcastle upon Tyne 019C,Criminal damage and arson,Offender given a caution,
6c559d6e8bcec191d69d4560f39e58fe6c60bc3597d553688332e74be559d4d1,2015-12,Surrey Police,Northumbria Police,-1.686575,54.983893,On or near Kenley Road,E01008345,Newcastle upon Tyne 019C,Criminal damage and arson,Offender given a caution,
4206cbdddf87f12da01cc0b8d23bf16718c361453946c22dd2331c28e76c862d,2015-12,Surrey Police,Northumbria Police,-1.686575,54.983893,On or near Kenley Road,E01008345,Newcastle upon Tyne 019C,Criminal damage and arson,Under investigation,
168989828260facdc3c4971a82977b95a23d6aeabff35fa8da5edae8e06dca1c,2015-12,Surrey Police,Northumbria Police,-1.688821,54.984438,On or near Ashleigh Crescent,E01008345,Newcastle upon Tyne 019C,Public order,Under investigation,
f8f16bc89d52eff2e38eaecdfdb348c4f62b718689fa0643d69ef59948314be6,2015-12,Surrey Police,Northumbria Police,-1.686681,54.986346,On or near Beetham Crescent,E01008345,Newcastle upon Tyne 019C,Vehicle crime,Investigation complete; no suspect identified,
133ed1eee874444eabf92dbc702ff9e6fcab4806649ed95031bcbb640829292e,2015-12,Surrey Police,Northumbria Police,-1.688362,54.985165,On or near The Drive,E01008345,Newcastle upon Tyne 019C,Violence and sexual offences,Investigation complete; no suspect identified,
7fb63f2c819e28acb39aac48d166122bd46c551ccaafcab12f915c61ff1866bb,2015-12,Surrey Police,Northumbria Police,-1.686575,54.983893,On or near Kenley Road,E01008345,Newcastle upon Tyne 019C,Violence and sexual offences,Awaiting court outcome,
ac37f8e142f14abcb44a6459e49322893a3f0b4eb2bcd879d25a6f0f04e9b6ac,2015-12,Surrey Police,Northumbria Police,-1.688886,54.988158,On or near Tebay Drive,E01008345,Newcastle upon Tyne 019C,Violence and sexual offences,Under investigation,
0a65ff401b8825afe85746c9de518a468c09cfe4b49f15e55628d494ad74fc2e,2015-12,Surrey Police,Northumbria Police,-1.686575,54.983893,On or near Kenley Road,E01008345,Newcastle upon Tyne 019C,Violence and sexual offences,Under investigation,
21bfec83f50a1fa29db2a5553f789004eb987fc63eadf37810f33249e2e9f428,2015-12,Surrey Police,Northumbria Police,-1.683392,54.989187,On or near Bowness Road,E01008345,Newcastle upon Tyne 019C,Violence and sexual offences,Awaiting court outcome,
,2015-12,Surrey Police,Northumbria Police,-1.657889,54.983420,On or near Ord Court,E01008346,Newcastle upon Tyne 019D,Anti-social behaviour,,
,2015-12,Surrey Police,Northumbria Police,-1.664638,54.983574,On or near Dahlia Place,E01008346,Newcastle upon Tyne 019D,Anti-social behaviour,,
,2015-12,Surrey Police,Northumbria Police,-1.659938,54.981422,On or near Cedar Road,E01008346,Newcastle upon Tyne 019D,Anti-social behaviour,,
,2015-12,Surrey Police,Northumbria Police,-1.655345,54.983144,On or near Middlewood Park,E01008346,Newcastle upon Tyne 019D,Anti-social behaviour,,
2b1e94b840f472e3ceeac33d4dbbf81de4a66b47d1fe0351db40741f078d6ac0,2015-12,Surrey Police,Northumbria Police,-1.663133,54.984208,On or near Mimosa Place,E01008346,Newcastle upon Tyne 019D,Burglary,Offender sent to prison,
265179f9088737a7268a68e92bb9ca914dc1d9edbfac7a592d16a83501680d52,2015-12,Surrey Police,Northumbria Police,-1.658267,54.981274,On or near Lotus Place,E01008346,Newcastle upon Tyne 019D,Criminal damage and arson,Investigation complete; no suspect identified,
1ba1791b8d8caaaaf5ce5efe65d544caeeb3de87bd460ad7b9eefba11e9b3a42,2015-12,Surrey Police,Northumbria Police,-1.658267,54.981274,On or near Lotus Place,E01008346,Newcastle upon Tyne 019D,Other theft,Investigation complete; no suspect identified,
cd4b3e4aaf85c0277967a35350be1d91e221b8e21f76ed1bb9cdec7c163f5c30,2015-12,Surrey Police,Northumbria Police,-1.665922,54.981412,On or near Supermarket,E01008346,Newcastle upon Tyne 019D,Shoplifting,Investigation complete; no suspect identified,
0c8a6dfac3724766527908a5432319ef85b3aa52d02473ab5a8cf67a2c1e45b0,2015-12,Surrey Police,Northumbria Police,-1.665922,54.981412,On or near Supermarket,E01008346,Newcastle upon Tyne 019D,Shoplifting,Investigation complete; no suspect identified,
8c734d6386e147f1e8ca156e1048ca0ed46895d22337ab3c861e26cb063780a5,2015-12,Surrey Police,Northumbria Police,-1.664638,54.983574,On or near Dahlia Place,E01008346,Newcastle upon Tyne 019D,Violence and sexual offences,Under investigation,
184cfd990c53a274ee782a4734ea53a3be50cb2e7c2996d688e6c1c5f1078c32,2015-12,Surrey Police,Northumbria Police,-1.657917,54.983825,On or near Fenham Hall Drive,E01008346,Newcastle upon Tyne 019D,Violence and sexual offences,Investigation complete; no suspect identified,
35fd59be90f213d0150e6ea0fc21049e33b49831783fde0a8139814c4b59ae9d,2015-12,Surrey Police,Northumbria Police,-1.657917,54.983825,On or near Fenham Hall Drive,E01008346,Newcastle upon Tyne 019D,Violence and sexual offences,Awaiting court outcome,
9f1cae2d02e7c55994d834847939f0d6f723263c062b57fc132d629e8a620e5a,2015-12,Surrey Police,Northumbria Police,-1.659938,54.981422,On or near Cedar Road,E01008346,Newcastle upon Tyne 019D,Violence and sexual offences,Under investigation,
,2015-12,Surrey Police,Northumbria Police,-1.666307,54.983956,On or near Ovington Grove,E01008347,Newcastle upon Tyne 019E,Anti-social behaviour,,
7812fb8589c646fd92932ab106f2d488ffe4ba987e5a5bc57010069f902654ae,2015-12,Surrey Police,Northumbria Police,-1.669605,54.981961,On or near Stocksfield Avenue,E01008347,Newcastle upon Tyne 019E,Violence and sexual offences,Awaiting court outcome,
,2015-12,Surrey Police,Northumbria Police,-1.661608,54.979782,On or near Magnolia Close,E01008348,Newcastle upon Tyne 019F,Anti-social behaviour,,
8a51ae58b3617f8c1a5a567f9c79400105ece3989e0ebf76dca2f46c1340d950,2015-12,Surrey Police,Northumbria Police,-1.661608,54.979782,On or near Magnolia Close,E01008348,Newcastle upon Tyne 019F,Criminal damage and arson,Awaiting court outcome,
76ce0b90e0b126a0f392a4f03a0fd50720d356a24935cbf8947a9f47b8943d43,2015-12,Surrey Police,Northumbria Police,-1.663336,54.980515,On or near Hindley Gardens,E01008348,Newcastle upon Tyne 019F,Other theft,Investigation complete; no suspect identified,
7ebcd7dc98a917d9180b8f1f94a7b0adc692894d8f3721fe732d620a9c6fce67,2015-12,Surrey Police,Northumbria Police,-1.662201,54.981734,On or near Olive Place,E01008348,Newcastle upon Tyne 019F,Public order,Awaiting court outcome,
38157b714a9c798689ea931280047382aa8eaec67ec60361173b436e99bbc52c,2015-12,Surrey Police,Northumbria Police,-1.661608,54.979782,On or near Magnolia Close,E01008348,Newcastle upon Tyne 019F,Violence and sexual offences,Under investigation,
2a92f98cdb7aa6babc4664abf6d136a20d5aa303eb262547dd64fbda2af6ceb4,2015-12,Surrey Police,Northumbria Police,-1.659444,54.980657,On or near Iris Place,E01008348,Newcastle upon Tyne 019F,Violence and sexual offences,Under investigation,
c2d60295755715c1610214302c6b3ace76f48245acd208c3b5e109dbd4a515f0,2015-12,Surrey Police,Northumbria Police,-1.661608,54.979782,On or near Magnolia Close,E01008348,Newcastle upon Tyne 019F,Violence and sexual offences,Awaiting court outcome,
d1ad53f09d84368da273d3801fbb21a1f36f9507fbb16307cfa06de2dcf35461,2015-12,Surrey Police,Northumbria Police,-1.662201,54.981734,On or near Olive Place,E01008348,Newcastle upon Tyne 019F,Violence and sexual offences,Awaiting court outcome,
b3b3515c5388c8be777e76c06f4772c3ccdd1ec12be38f66ea9ea65ab6299be6,2015-12,Surrey Police,Northumbria Police,-1.661568,54.980735,On or near Sorrel Close,E01008348,Newcastle upon Tyne 019F,Violence and sexual offences,Under investigation,
9d37dc5a86a851885dd1492ac8e93f89e92335c070154e23d44f9c89015e0d4e,2015-12,Surrey Police,Northumbria Police,-1.659198,54.980243,On or near Bracken Place,E01008348,Newcastle upon Tyne 019F,Other crime,Under investigation,
3d769a87932b219da45b978aa93e43910571f9a17c5bc5a5cd5f2703aee27acd,2015-12,Surrey Police,Northumbria Police,-1.659994,54.980272,On or near Linden Avenue,E01008348,Newcastle upon Tyne 019F,Other crime,Under investigation,
,2015-12,Surrey Police,Northumbria Police,-1.653527,54.980110,On or near Gowland Avenue,E01008349,Newcastle upon Tyne 019G,Anti-social behaviour,,
2276ab9c90d786056f5909f2a7d8d38d37d1f359befeb6b5f21a82ea93dc4674,2015-12,Surrey Police,Northumbria Police,-1.654003,54.979258,On or near Severus Road,E01008349,Newcastle upon Tyne 019G,Violence and sexual offences,Investigation complete; no suspect identified,
1e0ebcc51ad8f4e92bca75fd58c238a8258327eebf737706594316f8e5e6c76d,2015-12,Surrey Police,Northumbria Police,-1.654003,54.979258,On or near Severus Road,E01008349,Newcastle upon Tyne 019G,Violence and sexual offences,Under investigation,
3891b11b0e0a2a3eedc62e8c59fdc0988e0c5d94f9bbb261050bcb5c956bd5b9,2015-12,Surrey Police,Northumbria Police,-1.654003,54.979258,On or near Severus Road,E01008349,Newcastle upon Tyne 019G,Violence and sexual offences,Awaiting court outcome,
912cb9854a4bf5f7dca7b71028954da8c3b8b9a96362177754c6792256f3d763,2015-12,Surrey Police,Northumbria Police,-1.654003,54.979258,On or near Severus Road,E01008349,Newcastle upon Tyne 019G,Violence and sexual offences,Under investigation,
10ea59eb7b1a3fffa26ac4c19ac48590be1032e597ab709404e4df73c5962448,2015-12,Surrey Police,Northumbria Police,-1.654003,54.979258,On or near Severus Road,E01008349,Newcastle upon Tyne 019G,Violence and sexual offences,Awaiting court outcome,
8a281f61fda2317dadd898dc7ed0974168a43633be43933441b20544dc75daa0,2015-12,Surrey Police,Northumbria Police,-1.654003,54.979258,On or near Severus Road,E01008349,Newcastle upon Tyne 019G,Violence and sexual offences,Awaiting court outcome,
,2015-12,Surrey Police,Northumbria Police,-1.681378,54.988948,On or near Shap Lane,E01008350,Newcastle upon Tyne 019H,Anti-social behaviour,,
,2015-12,Surrey Police,Northumbria Police,-1.680113,54.992746,On or near Waterbeach Place,E01008350,Newcastle upon Tyne 019H,Anti-social behaviour,,
,2015-12,Surrey Police,Northumbria Police,-1.677429,54.992280,On or near Finsmere Place,E01008350,Newcastle upon Tyne 019H,Anti-social behaviour,,
,2015-12,Surrey Police,Northumbria Police,-1.676582,54.988719,On or near Buttermere Close,E01008350,Newcastle upon Tyne 019H,Anti-social behaviour,,
,2015-12,Surrey Police,Northumbria Police,-1.676582,54.988719,On or near Buttermere Close,E01008350,Newcastle upon Tyne 019H,Anti-social behaviour,,
3b733f886fbfc47b627c59f60378599d84e6000da68649e8ecf69d7f8180e943,2015-12,Surrey Police,Northumbria Police,-1.673392,54.988980,On or near Bus/Coach Station,E01008350,Newcastle upon Tyne 019H,Other theft,Investigation complete; no suspect identified,
9400799fc3c612bd7f9922196d791b75d90d7fed1a7cd947026f9c3a29be9aa0,2015-12,Surrey Police,Northumbria Police,-1.681378,54.988948,On or near Shap Lane,E01008350,Newcastle upon Tyne 019H,Public order,Under investigation,
9d3dadd388954e76d5f107a1388227fc5c7a6e558b2b99a50edecfdac4561569,2015-12,Surrey Police,Northumbria Police,-1.676582,54.988719,On or near Buttermere Close,E01008350,Newcastle upon Tyne 019H,Public order,Investigation complete; no suspect identified,
670706462e2e15faa284ee9205ba76687fa4426be2d52e5468ead90f16d2e4e7,2015-12,Surrey Police,Northumbria Police,-1.676582,54.988719,On or near Buttermere Close,E01008350,Newcastle upon Tyne 019H,Shoplifting,Investigation complete; no suspect identified,
a538b3beab92b453fdf4a10ea750e9f5c0dea9a9df818c0620cb68baa97bbba0,2015-12,Surrey Police,Northumbria Police,-1.676281,54.989204,On or near Mardale Road,E01008350,Newcastle upon Tyne 019H,Shoplifting,Under investigation,
a5a3b51788ca0606f1c3511eafc332877d5f5afb603ab7f9d1516d501dab1d58,2015-12,Surrey Police,Northumbria Police,-1.679020,54.990730,On or near Stapleford Close,E01008350,Newcastle upon Tyne 019H,Vehicle crime,Investigation complete; no suspect identified,
cf34c3194b58d2b705988d4af29bd89bdb87cbe8ee63197b2c8f9c3da8ebe6e8,2015-12,Surrey Police,Northumbria Police,-1.678726,54.992239,On or near Birchvale Avenue,E01008350,Newcastle upon Tyne 019H,Vehicle crime,Under investigation,
,2015-12,Surrey Police,Northumbria Police,-1.539913,54.978035,On or near Westerdale Place,E01008430,Newcastle upon Tyne 020A,Anti-social behaviour,,
,2015-12,Surrey Police,Northumbria Police,-1.540546,54.977355,On or near Welbeck Road,E01008430,Newcastle upon Tyne 020A,Anti-social behaviour,,
,2015-12,Surrey Police,Northumbria Police,-1.539913,54.978035,On or near Westerdale Place,E01008430,Newcastle upon Tyne 020A,Anti-social behaviour,,
,2015-12,Surrey Police,Northumbria Police,-1.539913,54.978035,On or near Westerdale Place,E01008430,Newcastle upon Tyne 020A,Anti-social behaviour,,
,2015-12,Surrey Police,Northumbria Police,-1.540265,54.978684,On or near Wharfedale Place,E01008430,Newcastle upon Tyne 020A,Anti-social behaviour,,
ec3edc2556fa48283c82175669728f762ac43adb2a5cf3edc599a3285157acea,2015-12,Surrey Police,Northumbria Police,-1.540265,54.978684,On or near Wharfedale Place,E01008430,Newcastle upon Tyne 020A,Burglary,Investigation complete; no suspect identified,
ba6a92271988c6e7faf7d9b3ccceaa23c0aa9be8befca69ca165caeedc6a72a3,2015-12,Surrey Police,Northumbria Police,-1.540265,54.978684,On or near Wharfedale Place,E01008430,Newcastle upon Tyne 020A,Criminal damage and arson,Investigation complete; no suspect identified,
947ba12f905826b889b691256c4c640935f7b3b89c36228ad43e9d6924f96e8a,2015-12,Surrey Police,Northumbria Police,-1.546644,54.976910,On or near Middle Street East,E01008430,Newcastle upon Tyne 020A,Criminal damage and arson,Investigation complete; no suspect identified,
7f2177cac1992acc34ed132ab15ea173cb48b57af4405e5377b5424d2ef717d2,2015-12,Surrey Police,Northumbria Police,-1.546675,54.978294,On or near Eastbourne Gardens,E01008430,Newcastle upon Tyne 020A,Criminal damage and arson,Investigation complete; no suspect identified,
9a5a10a58d8be21509a85fe071589cc63c1aeb49a349056a20346122070166bb,2015-12,Surrey Police,Northumbria Police,-1.542120,54.977666,On or near Edendale Avenue,E01008430,Newcastle upon Tyne 020A,Drugs,Under investigation,
,2015-12,Surrey Police,Northumbria Police,-1.549301,54.976794,On or near Jackson Street,E01008431,Newcastle upon Tyne 020B,Anti-social behaviour,,
,2015-12,Surrey Police,Northumbria Police,-1.548759,54.977772,On or near Ashbourne Avenue,E01008431,Newcastle upon Tyne 020B,Anti-social behaviour,,
,2015-12,Surrey Police,Northumbria Police,-1.551950,54.980219,On or near Borrowdale Avenue,E01008431,Newcastle upon Tyne 020B,Anti-social behaviour,,
,2015-12,Surrey Police,Northumbria Police,-1.548759,54.977772,On or near Ashbourne Avenue,E01008431,Newcastle upon Tyne 020B,Anti-social behaviour,,
923f116e4504641053aa5d8892ca48952c663a199185761f62343c1578362d2c,2015-12,Surrey Police,Northumbria Police,-1.552157,54.975700,On or near Cowen Street,E01008431,Newcastle upon Tyne 020B,Burglary,Awaiting court outcome,
f70144252d750849545e5da008abcf5feae40e7fc1a19d60a109aaf58f5bf90b,2015-12,Surrey Police,Northumbria Police,-1.551057,54.977637,On or near Elgin Gardens,E01008431,Newcastle upon Tyne 020B,Burglary,Offender given a caution,
9a7a978f1e17547712ce3de9c76baf12e160b6df6eba754e4a04eee6bf17c3b9,2015-12,Surrey Police,Northumbria Police,-1.548247,54.978866,On or near Ennerdale Road,E01008431,Newcastle upon Tyne 020B,Criminal damage and arson,Investigation complete; no suspect identified,
563d41f41d7278e5aa56df8d0b3bb1126da75836095b7023b3f515b1339a2de6,2015-12,Surrey Police,Northumbria Police,-1.551386,54.976137,On or near Middle Street,E01008431,Newcastle upon Tyne 020B,Other theft,Investigation complete; no suspect identified,
938f1a6d30f7a496060039362057472a24bd27c305ba2fa630a7e3402d236269,2015-12,Surrey Police,Northumbria Police,-1.552157,54.975700,On or near Cowen Street,E01008431,Newcastle upon Tyne 020B,Other theft,Under investigation,
e4ff972afb3e240111cacdbcc67f7e26307b9174fc87d7e8b332d09c46766891,2015-12,Surrey Police,Northumbria Police,-1.552157,54.975700,On or near Cowen Street,E01008431,Newcastle upon Tyne 020B,Violence and sexual offences,Awaiting court outcome,
,2015-12,Surrey Police,Northumbria Police,-1.557957,54.986675,On or near Thistley Close,E01008433,Newcastle upon Tyne 020C,Anti-social behaviour,,
3492ffadc8b02b4ebec56ee9de5ae5fa283d6a22a119a6e08889e76eb7e78f88,2015-12,Surrey Police,Northumbria Police,-1.560833,54.990945,On or near Cherrywood,E01008433,Newcastle upon Tyne 020C,Bicycle theft,Investigation complete; no suspect identified,
77b0fa294fb683c7ad62b72b8d7edb8654b3efe4a95475d1c66bdd5f771cbc06,2015-12,Surrey Police,Northumbria Police,-1.554152,54.987362,On or near Ivy Road,E01008433,Newcastle upon Tyne 020C,Burglary,Investigation complete; no suspect identified,
9b8758cda100ece9ad93f7c2be2e348766ce50a453cedfdcecc1b5a03077c889,2015-12,Surrey Police,Northumbria Police,-1.554152,54.987362,On or near Ivy Road,E01008433,Newcastle upon Tyne 020C,Criminal damage and arson,Investigation complete; no suspect identified,
12ec8b1276ff039dcba7e2e415610576ea4b6c53b7146634c15ea7d378415c32,2015-12,Surrey Police,Northumbria Police,-1.559173,54.988405,On or near Jasmine Close,E01008433,Newcastle upon Tyne 020C,Other theft,Investigation complete; no suspect identified,
482ba155c17d8db779519808d5c82a92a5037ba416d22b8c16787f72e63f5bcf,2015-12,Surrey Police,Northumbria Police,-1.560833,54.990945,On or near Cherrywood,E01008433,Newcastle upon Tyne 020C,Vehicle crime,Investigation complete; no suspect identified,
92155ada92eec0442e411c90aa19093ff0ed64c3df803efc073d2ab7b0c60331,2015-12,Surrey Police,Northumbria Police,-1.553590,54.988762,On or near Appletree Gardens,E01008433,Newcastle upon Tyne 020C,Vehicle crime,Investigation complete; no suspect identified,
354357103a23ae4ad5ab29149922e3198aff3629eae66957e225cf8efcac34cd,2015-12,Surrey Police,Northumbria Police,-1.554152,54.987362,On or near Ivy Road,E01008433,Newcastle upon Tyne 020C,Vehicle crime,Investigation complete; no suspect identified,
6e26d10711cc48b885fd26bbe1c6e7e976fd63ade97e0f3c0706df8cfd35aabf,2015-12,Surrey Police,Northumbria Police,-1.559105,54.987425,On or near Maplewood,E01008433,Newcastle upon Tyne 020C,Violence and sexual offences,Investigation complete; no suspect identified,
,2015-12,Surrey Police,Northumbria Police,-1.549546,54.988414,On or near Briarwood Crescent,E01008434,Newcastle upon Tyne 020D,Anti-social behaviour,,
,2015-12,Surrey Police,Northumbria Police,-1.540298,54.988047,On or near Chevin Close,E01008434,Newcastle upon Tyne 020D,Anti-social behaviour,,
6447e561804e5da1bed701022684c21566ca47c792489f02cc1e23ad1ed6facb,2015-12,Surrey Police,Northumbria Police,-1.551647,54.987784,On or near Rosewood Crescent,E01008434,Newcastle upon Tyne 020D,Violence and sexual offences,Investigation complete; no suspect identified,
f28fb6b28458ba6a58fa11fd7e2a0d785912133588b320cdbbcba77daf5658ef,2015-12,Surrey Police,Northumbria Police,-1.549546,54.988414,On or near Briarwood Crescent,E01008434,Newcastle upon Tyne 020D,Violence and sexual offences,Offender given a caution,
63eed240f1246fa140f30056184f4786f7bfc9bc55dfab2fe7f8aeb85f87e6b7,2015-12,Surrey Police,Northumbria Police,-1.546916,54.991550,On or near Rutland Road,E01008434,Newcastle upon Tyne 020D,Violence and sexual offences,Under investigation,
,2015-12,Surrey Police,Northumbria Police,-1.549114,54.985151,On or near Courtfield Road,E01008435,Newcastle upon Tyne 020E,Anti-social behaviour,,
,2015-12,Surrey Police,Northumbria Police,-1.546288,54.984889,On or near Vauxhall Road,E01008435,Newcastle upon Tyne 020E,Anti-social behaviour,,
,2015-12,Surrey Police,Northumbria Police,-1.550008,54.986233,On or near Belsize Place,E01008435,Newcastle upon Tyne 020E,Anti-social behaviour,,
ea82eefcce2fde1bebe0aa58ddff972d3f3ad994eadd3bc342d2f00cf28b813a,2015-12,Surrey Police,Northumbria Police,-1.557940,54.982586,On or near Palmerston Avenue,E01008435,Newcastle upon Tyne 020E,Other theft,Investigation complete; no suspect identified,
c9301ae8a8812a14fea4758cf7cf00560e67282680b0bcdb26d1f672f6be25f7,2015-12,Surrey Police,Northumbria Police,-1.547817,54.985146,On or near Westbury Avenue,E01008435,Newcastle upon Tyne 020E,Possession of weapons,Awaiting court outcome,
d16bd21c8a5196af57d4175e0eb0f2673f39ce2feaf961d48008fbab4f726904,2015-12,Surrey Police,Northumbria Police,-1.550008,54.986233,On or near Belsize Place,E01008435,Newcastle upon Tyne 020E,Public order,Under investigation,
22f97bc9ce20ef4d73ec5c67c9158122544c3cd3807f450744cd4d969f45b027,2015-12,Surrey Police,Northumbria Police,-1.551627,54.983956,On or near Selby Gardens,E01008435,Newcastle upon Tyne 020E,Public order,Offender fined,
f781ba0b273313b79b64f1bb2d76d25b57b15198e65ccfb02cc297ebff9eb35b,2015-12,Surrey Police,Northumbria Police,-1.545449,54.984454,On or near Finchley Crescent,E01008435,Newcastle upon Tyne 020E,Vehicle crime,Awaiting court outcome,
60f527e990f1ec5d31e81559bd867bee7daf468cfdf69ca5590989e3d1ed1ac9,2015-12,Surrey Police,Northumbria Police,-1.555433,54.983197,On or near Southmoor Road,E01008435,Newcastle upon Tyne 020E,Violence and sexual offences,Under investigation,
59851cc1e308ecdd7b001de668cc57c2215ded631723b8904c5c5df1962004c9,2015-12,Surrey Police,Northumbria Police,-1.547817,54.985146,On or near Westbury Avenue,E01008435,Newcastle upon Tyne 020E,Violence and sexual offences,Under investigation,
d6cd7c662d74b9b1b5d006b433021f47a889ba3fcad0c4937a40a9bd217c5893,2015-12,Surrey Police,Northumbria Police,-1.547817,54.985146,On or near Westbury Avenue,E01008435,Newcastle upon Tyne 020E,Violence and sexual offences,Awaiting court outcome,
dcbcc20886d640267b16f1013b265ee5fea1623c0651a7080cd0bd95aed3c297,2015-12,Surrey Police,Northumbria Police,-1.545449,54.984454,On or near Finchley Crescent,E01008435,Newcastle upon Tyne 020E,Violence and sexual offences,Under investigation,
3f1107b140d5d442a65fa81810a835583b8ecf41d7d762a7b8b8768f79958c5e,2015-12,Surrey Police,Northumbria Police,-1.547817,54.985146,On or near Westbury Avenue,E01008435,Newcastle upon Tyne 020E,Violence and sexual offences,Under investigation,
d676a58ed0bdb0610cd21f6d6e222bc88bfebb38f82477398f12b6fbf0ace666,2015-12,Surrey Police,Northumbria Police,-1.551627,54.983956,On or near Selby Gardens,E01008435,Newcastle upon Tyne 020E,Other crime,Offender given suspended prison sentence,
,2015-12,Surrey Police,Northumbria Police,-1.541180,54.986074,On or near Eastfield Avenue,E01008436,Newcastle upon Tyne 020F,Anti-social behaviour,,
2dc2cd8c06b651b8260a44c3128ea6f48ff3bdeb781c749829e69a4e79720f92,2015-12,Surrey Police,Northumbria Police,-1.542163,54.980731,On or near Waverdale Avenue,E01008436,Newcastle upon Tyne 020F,Burglary,Investigation complete; no suspect identified,
4e3cb0b00ab9b76a234c1d99bc4d075c6e1d25fa32d65a89536132a390671989,2015-12,Surrey Police,Northumbria Police,-1.541180,54.986074,On or near Eastfield Avenue,E01008436,Newcastle upon Tyne 020F,Burglary,Investigation complete; no suspect identified,
20409b5e1febc0493ff762ac46561905e1de0f24b853f26ce7483ecd6db78804,2015-12,Surrey Police,Northumbria Police,-1.540847,54.985147,On or near Tumulus Avenue,E01008436,Newcastle upon Tyne 020F,Burglary,Investigation complete; no suspect identified,
27dec936a82114313e4b1cd16fcf3803d0a4e826fa7e80839a1463afb8e7a3e5,2015-12,Surrey Police,Northumbria Police,-1.545227,54.986125,On or near Stotts Road,E01008436,Newcastle upon Tyne 020F,Criminal damage and arson,Investigation complete; no suspect identified,
38138055d413443e90f9656c05b244eff24e8fc0aa23d07df3187fef612e0279,2015-12,Surrey Police,Northumbria Police,-1.540847,54.985147,On or near Tumulus Avenue,E01008436,Newcastle upon Tyne 020F,Vehicle crime,Awaiting court outcome,
d0937b6639930ad8c1f41e3b69372747b2b26d4b0b098cdcdb585fdc99db6151,2015-12,Surrey Police,Northumbria Police,-1.542163,54.980731,On or near Waverdale Avenue,E01008436,Newcastle upon Tyne 020F,Violence and sexual offences,Investigation complete; no suspect identified,
b35a9ccf4d88e11e6de900382568e9f8b771287240c2c1986ac11711f0495a61,2015-12,Surrey Police,Northumbria Police,-1.543432,54.983252,On or near Rotherdale Court,E01008436,Newcastle upon Tyne 020F,Violence and sexual offences,Offender given a caution,
5719541f6e5f27a0a4610ae374df6b5bb9c071017d7c206186dee5d808940d22,2015-12,Surrey Police,Northumbria Police,-1.540847,54.985147,On or near Tumulus Avenue,E01008436,Newcastle upon Tyne 020F,Violence and sexual offences,Investigation complete; no suspect identified,
f20d120bc6535357a4249689aa39492e2429762cc0a93416ab2e6badd868f9f2,2015-12,Surrey Police,Northumbria Police,-1.541180,54.986074,On or near Eastfield Avenue,E01008436,Newcastle upon Tyne 020F,Violence and sexual offences,Under investigation,
53146d5fa835d9207d4258d6dab1f6f2c83d8d3bd8fb842a6f5ab00d4fd72f74,2015-12,Surrey Police,Northumbria Police,-1.540847,54.985147,On or near Tumulus Avenue,E01008436,Newcastle upon Tyne 020F,Violence and sexual offences,Investigation complete; no suspect identified,
4633dfd9a5f60e12e308698d1aa4ffa9d666d0a9406fb9fa9f3e8eba59148c84,2015-12,Surrey Police,Northumbria Police,-1.538852,54.986038,On or near George Road,E01008436,Newcastle upon Tyne 020F,Violence and sexual offences,Investigation complete; no suspect identified,
,2015-12,Surrey Police,Northumbria Police,-1.713418,54.986430,On or near Resida Close,E01008381,Newcastle upon Tyne 021A,Anti-social behaviour,,
,2015-12,Surrey Police,Northumbria Police,-1.712079,54.987883,On or near B6528,E01008381,Newcastle upon Tyne 021A,Anti-social behaviour,,
6b433597cd59533f6343d2e01de80db1e6266aa6f1b95e083632be46bf89708b,2015-12,Surrey Police,Northumbria Police,-1.719748,54.983974,On or near Camelford Court,E01008381,Newcastle upon Tyne 021A,Burglary,Suspect charged as part of another case,
7108fe0a85fcbdc2cdf905c33931b7ba675584d553ea14f1855addeaa9a7a953,2015-12,Surrey Police,Northumbria Police,-1.719748,54.983974,On or near Camelford Court,E01008381,Newcastle upon Tyne 021A,Burglary,Under investigation,
642a91299c46074291a64bab9accd393ee28b28dcba276d32505284e26a43261,2015-12,Surrey Police,Northumbria Police,-1.719748,54.983974,On or near Camelford Court,E01008381,Newcastle upon Tyne 021A,Burglary,Suspect charged as part of another case,
90e8ed70aaa321c52436e5872c89f51a18fb1abee44ce1fa07f5515788f8c569,2015-12,Surrey Police,Northumbria Police,-1.717018,54.983437,On or near Tewkesbury Road,E01008381,Newcastle upon Tyne 021A,Criminal damage and arson,Investigation complete; no suspect identified,
,2015-12,Surrey Police,Northumbria Police,-1.711067,54.980907,On or near Addison Road,E01008382,Newcastle upon Tyne 021B,Anti-social behaviour,,
,2015-12,Surrey Police,Northumbria Police,-1.710231,54.981921,On or near Honister Close,E01008382,Newcastle upon Tyne 021B,Anti-social behaviour,,
,2015-12,Surrey Police,Northumbria Police,-1.718784,54.981024,On or near Henlow Road,E01008383,Newcastle upon Tyne 021C,Anti-social behaviour,,
,2015-12,Surrey Police,Northumbria Police,-1.718784,54.981024,On or near Henlow Road,E01008383,Newcastle upon Tyne 021C,Anti-social behaviour,,
,2015-12,Surrey Police,Northumbria Police,-1.718784,54.981024,On or near Henlow Road,E01008383,Newcastle upon Tyne 021C,Anti-social behaviour,,
,2015-12,Surrey Police,Northumbria Police,-1.713811,54.981660,On or near Hartside,E01008383,Newcastle upon Tyne 021C,Anti-social behaviour,,
1f1df371ba5756deeb78ab56d3a8bb1490ed68ee3574c2461bf5cb74e1f92888,2015-12,Surrey Police,Northumbria Police,-1.717002,54.981254,On or near Valley View,E01008383,Newcastle upon Tyne 021C,Criminal damage and arson,Investigation complete; no suspect identified,
3de6500b40a906af5d496f5541be3c548218dc13c6d22b766b828d9f306725f0,2015-12,Surrey Police,Northumbria Police,-1.713811,54.981660,On or near Hartside,E01008383,Newcastle upon Tyne 021C,Criminal damage and arson,Investigation complete; no suspect identified,
6760f9d6b67e3de7b7e2fb278da8c7723d6ec7e5c8a0e20c59921714d27a7518,2015-12,Surrey Police,Northumbria Police,-1.717002,54.981254,On or near Valley View,E01008383,Newcastle upon Tyne 021C,Criminal damage and arson,Investigation complete; no suspect identified,
2e44fb7ccb8aee1fa28df89146f5c3c37a8e5f00e3eee3760f3de4c54ed558f0,2015-12,Surrey Police,Northumbria Police,-1.717703,54.979323,On or near Aln Grove,E01008383,Newcastle upon Tyne 021C,Criminal damage and arson,Investigation complete; no suspect identified,
6f8bb6d46c33bf0fd7272b23c46d2dbbbea123ef5cd685f988a0338da666e175,2015-12,Surrey Police,Northumbria Police,-1.717703,54.979323,On or near Aln Grove,E01008383,Newcastle upon Tyne 021C,Vehicle crime,Investigation complete; no suspect identified,
bcb5e58880d5a0f7cf489b9fc755cbd15cfba450106074661a0c0f70352330ae,2015-12,Surrey Police,Northumbria Police,-1.700521,54.984944,On or near Falstone Avenue,E01008384,Newcastle upon Tyne 021D,Criminal damage and arson,Investigation complete; no suspect identified,
fb599775662ad22cf2960955fb84ccefd77e2e6c9bec6058612263cb06b2b9a3,2015-12,Surrey Police,Northumbria Police,-1.704516,54.983569,On or near Neville Road,E01008384,Newcastle upon Tyne 021D,Criminal damage and arson,Investigation complete; no suspect identified,
6f26081adf5750c833c825b125ca25c4eb719745a10b6768321b9ec0ece4cfbe,2015-12,Surrey Police,Northumbria Police,-1.704771,54.985008,On or near Woodville Road,E01008384,Newcastle upon Tyne 021D,Other theft,Investigation complete; no suspect identified,
eb5121bb35d316416de7e3c2c0714aa42e5f6a094e232c4dc7cb45d157c341f3,2015-12,Surrey Police,Northumbria Police,-1.695883,54.984591,On or near Centurion Road,E01008384,Newcastle upon Tyne 021D,Vehicle crime,Investigation complete; no suspect identified,
0fe90856d950b1309a2fc2646c9c40a3e24ff04c516fac22d1995c235302dffb,2015-12,Surrey Police,Northumbria Police,-1.704516,54.983569,On or near Neville Road,E01008384,Newcastle upon Tyne 021D,Vehicle crime,Investigation complete; no suspect identified,
8be412b28dbc31c2d7d86da3fb608ed1269fb131430a95c950712dd22544a088,2015-12,Surrey Police,Northumbria Police,-1.705220,54.981352,On or near Moorcroft Close,E01008384,Newcastle upon Tyne 021D,Violence and sexual offences,Awaiting court outcome,
,2015-12,Surrey Police,Northumbria Police,-1.711486,54.976954,On or near Montague Street,E01008385,Newcastle upon Tyne 021E,Anti-social behaviour,,
,2015-12,Surrey Police,Northumbria Police,-1.710690,54.976827,On or near Sugley Street,E01008385,Newcastle upon Tyne 021E,Anti-social behaviour,,
,2015-12,Surrey Police,Northumbria Police,-1.715462,54.978060,On or near Maud Street,E01008385,Newcastle upon Tyne 021E,Anti-social behaviour,,
,2015-12,Surrey Police,Northumbria Police,-1.713161,54.978558,On or near Ingoe Street,E01008385,Newcastle upon Tyne 021E,Anti-social behaviour,,
,2015-12,Surrey Police,Northumbria Police,-1.715462,54.978060,On or near Maud Street,E01008385,Newcastle upon Tyne 021E,Anti-social behaviour,,
,2015-12,Surrey Police,Northumbria Police,-1.713420,54.977381,On or near West View,E01008385,Newcastle upon Tyne 021E,Anti-social behaviour,,
,2015-12,Surrey Police,Northumbria Police,-1.713420,54.977381,On or near West View,E01008385,Newcastle upon Tyne 021E,Anti-social behaviour,,
,2015-12,Surrey Police,Northumbria Police,-1.715462,54.978060,On or near Maud Street,E01008385,Newcastle upon Tyne 021E,Anti-social behaviour,,
,2015-12,Surrey Police,Northumbria Police,-1.714233,54.977320,On or near Gladstone Street,E01008385,Newcastle upon Tyne 021E,Anti-social behaviour,,
,2015-12,Surrey Police,Northumbria Police,-1.714233,54.977320,On or near Gladstone Street,E01008385,Newcastle upon Tyne 021E,Anti-social behaviour,,
,2015-12,Surrey Police,Northumbria Police,-1.713914,54.975972,On or near High Row,E01008385,Newcastle upon Tyne 021E,Anti-social behaviour,,
,2015-12,Surrey Police,Northumbria Police,-1.715652,54.977656,On or near Store Street,E01008385,Newcastle upon Tyne 021E,Anti-social behaviour,,
,2015-12,Surrey Police,Northumbria Police,-1.713420,54.977381,On or near West View,E01008385,Newcastle upon Tyne 021E,Anti-social behaviour,,
,2015-12,Surrey Police,Northumbria Police,-1.711486,54.976954,On or near Montague Street,E01008385,Newcastle upon Tyne 021E,Anti-social behaviour,,
,2015-12,Surrey Police,Northumbria Police,-1.716280,54.979437,On or near Woodburn Street,E01008385,Newcastle upon Tyne 021E,Anti-social behaviour,,
00d1e04ebf64389309b56aaa55ccf672babbec5941282a6caf7711a883468b7f,2015-12,Surrey Police,Northumbria Police,-1.716280,54.979437,On or near Woodburn Street,E01008385,Newcastle upon Tyne 021E,Criminal damage and arson,Investigation complete; no suspect identified,
10aaf9623570536fe48c8457cce99383b288b3eb9de96810f408143eadb75535,2015-12,Surrey Police,Northumbria Police,-1.716498,54.977335,On or near Loraine Terrace,E01008385,Newcastle upon Tyne 021E,Criminal damage and arson,Investigation complete; no suspect identified,
1d2e1b695095a4ccb8d4204e817ebed7aab014f292ec7e323127c84f65e68375,2015-12,Surrey Police,Northumbria Police,-1.713161,54.978558,On or near Ingoe Street,E01008385,Newcastle upon Tyne 021E,Criminal damage and arson,Investigation complete; no suspect identified,
ee5ae0995a9301713b62ad679c87143c1a411efeac376230d7336eb442ebfe4c,2015-12,Surrey Police,Northumbria Police,-1.712474,54.978484,On or near Lesbury Street,E01008385,Newcastle upon Tyne 021E,Criminal damage and arson,Investigation complete; no suspect identified,
431ecb54019dad4b952fdbbeeef54fad156967c302cfa68f1df1edbaab08297d,2015-12,Surrey Police,Northumbria Police,-1.713914,54.975972,On or near High Row,E01008385,Newcastle upon Tyne 021E,Other theft,Investigation complete; no suspect identified,
e291a23fabee25cc9aa885eba3fec6e0f71589e5cb9d8cf3448895518a29e2c2,2015-12,Surrey Police,Northumbria Police,-1.713914,54.975972,On or near High Row,E01008385,Newcastle upon Tyne 021E,Shoplifting,Investigation complete; no suspect identified,
119b320096b73ed60f2c63da7743de8e241bd3e46fefe8510c628707d11ce8b6,2015-12,Surrey Police,Northumbria Police,-1.713914,54.975972,On or near High Row,E01008385,Newcastle upon Tyne 021E,Shoplifting,Under investigation,
888fe733b743b860ff7e50b7a74f49700556b07a3038f5cee855ad0ae247140b,2015-12,Surrey Police,Northumbria Police,-1.713914,54.975972,On or near High Row,E01008385,Newcastle upon Tyne 021E,Shoplifting,Investigation complete; no suspect identified,
e7883bfa0a533a9c50e029c1f033c9a72c0a48b5713c49c2a192ff84bd9874fa,2015-12,Surrey Police,Northumbria Police,-1.713914,54.975972,On or near High Row,E01008385,Newcastle upon Tyne 021E,Shoplifting,Investigation complete; no suspect identified,
ff9012e89b2c36f860c9df45f5489039c4349f8a5664ed56d9bd8efa034d6c50,2015-12,Surrey Police,Northumbria Police,-1.713914,54.975972,On or near High Row,E01008385,Newcastle upon Tyne 021E,Shoplifting,Under investigation,
be16838ede8d55345223d8b5d6fff8dbd217496680ead1e985a2daf81d1ed889,2015-12,Surrey Police,Northumbria Police,-1.712474,54.978484,On or near Lesbury Street,E01008385,Newcastle upon Tyne 021E,Vehicle crime,Investigation complete; no suspect identified,
b7639ef0d0421e983e8a4637cd5036fc1c54445838bcbf356e2c9a301e761e86,2015-12,Surrey Police,Northumbria Police,-1.715721,54.978896,On or near Quarry Road,E01008385,Newcastle upon Tyne 021E,Vehicle crime,Investigation complete; no suspect identified,
604eba3f920feada499165f22a835b0df87ff6a9d9dbc91c718366412f1c32d4,2015-12,Surrey Police,Northumbria Police,-1.710690,54.976827,On or near Sugley Street,E01008385,Newcastle upon Tyne 021E,Vehicle crime,Under investigation,
29f44a120457cf699d85e22316fe1eb1e8d2f9eb59d9aa22b4185cbaba5bb708,2015-12,Surrey Police,Northumbria Police,-1.716498,54.977335,On or near Loraine Terrace,E01008385,Newcastle upon Tyne 021E,Vehicle crime,Investigation complete; no suspect identified,
b39309d4b6bcded24a2a39c7f2b694a5fc203c1070f2f3edc61642cdaf5ba01b,2015-12,Surrey Police,Northumbria Police,-1.708202,54.975104,On or near Wedgewood Cottages,E01008385,Newcastle upon Tyne 021E,Violence and sexual offences,Under investigation,
1ec7f7d79d2d8eb8bb4d9cbb0af86a36c0e5ba7973b53502958898b1a2f8dd6a,2015-12,Surrey Police,Northumbria Police,-1.708202,54.975104,On or near Wedgewood Cottages,E01008385,Newcastle upon Tyne 021E,Violence and sexual offences,Under investigation,
686905767ade2e27a8579aa5d8d75feb0c028f62c04af80c129eb1e29136f714,2015-12,Surrey Police,Northumbria Police,-1.716180,54.978134,On or near Warkworth Street,E01008385,Newcastle upon Tyne 021E,Violence and sexual offences,Under investigation,
f643656b3c7a45aca0ffd4cd542a950a0181cd204110a18ac8be5a3ae6ef1857,2015-12,Surrey Police,Northumbria Police,-1.715348,54.976514,On or near Northumberland Road,E01008385,Newcastle upon Tyne 021E,Other crime,Under investigation,
,2015-12,Surrey Police,Northumbria Police,-1.696358,54.983729,On or near Hillside Avenue,E01008386,Newcastle upon Tyne 021F,Anti-social behaviour,,
16530986a6a12b6f48b9432f4dd1d7021605c67c59f50aebe0438a3cbc5580d8,2015-12,Surrey Police,Northumbria Police,-1.701603,54.980219,On or near Moorway Drive,E01008386,Newcastle upon Tyne 021F,Violence and sexual offences,Under investigation,
,2015-12,Surrey Police,Northumbria Police,-1.703743,54.980288,On or near Newton Close,E01008387,Newcastle upon Tyne 021G,Anti-social behaviour,,
,2015-12,Surrey Police,Northumbria Police,-1.702741,54.978515,On or near Wingate Close,E01008387,Newcastle upon Tyne 021G,Anti-social behaviour,,
,2015-12,Surrey Police,Northumbria Police,-1.718710,54.976082,On or near Riversdale Court,E01008387,Newcastle upon Tyne 021G,Anti-social behaviour,,
,2015-12,Surrey Police,Northumbria Police,-1.705062,54.979374,On or near Newbury Close,E01008387,Newcastle upon Tyne 021G,Anti-social behaviour,,
,2015-12,Surrey Police,Northumbria Police,-1.726958,54.978527,On or near Keats Road,E01008387,Newcastle upon Tyne 021G,Anti-social behaviour,,
bfe7009f4a0f024eb9996a9f978078c2e9490464ef55d4b13c81e5ed3b6fde58,2015-12,Surrey Police,Northumbria Police,-1.704272,54.974178,On or near St George'S Road,E01008387,Newcastle upon Tyne 021G,Bicycle theft,Investigation complete; no suspect identified,
c5b4e9b5a69372d39e95ddf153be9f3c7f5a2ac76c77aa964673047752a1bc32,2015-12,Surrey Police,Northumbria Police,-1.703179,54.976197,On or near Ottershaw,E01008387,Newcastle upon Tyne 021G,Burglary,Under investigation,
ab864cc85b2fd0ee7cdfdcb19b3259cc3a62173c1c1561f207e7da0044cf9d01,2015-12,Surrey Police,Northumbria Police,-1.703824,54.975597,On or near Ormiston,E01008387,Newcastle upon Tyne 021G,Burglary,Investigation complete; no suspect identified,
bb465264ce8958dc82f877175a840c0de078deae9246adfd3ed65ac392587c1a,2015-12,Surrey Police,Northumbria Police,-1.703824,54.975597,On or near Ormiston,E01008387,Newcastle upon Tyne 021G,Burglary,Investigation complete; no suspect identified,
68876d61641a755f0dca039cc9447b0358142821b1380cd24b0588bca9fffd18,2015-12,Surrey Police,Northumbria Police,-1.705062,54.979374,On or near Newbury Close,E01008387,Newcastle upon Tyne 021G,Criminal damage and arson,Under investigation,
9e6d6b443f4f4e9008e583fc33fab2ff3b32310300f5cb4b2a3c5ea5ab25c8c4,2015-12,Surrey Police,Northumbria Police,-1.709857,54.977409,On or near Charlton Street,E01008387,Newcastle upon Tyne 021G,Criminal damage and arson,Investigation complete; no suspect identified,
783bd141c73b48a5d27cb77223b860eca5d50cde8dce5f753611a6de90ef4a79,2015-12,Surrey Police,Northumbria Police,-1.709857,54.977409,On or near Charlton Street,E01008387,Newcastle upon Tyne 021G,Criminal damage and arson,Investigation complete; no suspect identified,
69287a77466f723d97c1e313992e25da705054843cb1ff437da270d20f579c4a,2015-12,Surrey Police,Northumbria Police,-1.709857,54.977409,On or near Charlton Street,E01008387,Newcastle upon Tyne 021G,Criminal damage and arson,Investigation complete; no suspect identified,
fc47a7c42e4b3602e25e1940129b43ee06441bda2163a8b1e962272350fffa39,2015-12,Surrey Police,Northumbria Police,-1.703179,54.976197,On or near Ottershaw,E01008387,Newcastle upon Tyne 021G,Criminal damage and arson,Awaiting court outcome,
2a767e679bf043990760ce8577eb8c4914a11a86e453b45a72702151f5fa5d68,2015-12,Surrey Police,Northumbria Police,-1.718710,54.976082,On or near Riversdale Court,E01008387,Newcastle upon Tyne 021G,Other theft,Investigation complete; no suspect identified,
78b7dc1245acdba164dfb9d89fa261cfad797b68f5173e02da1277202cfb5706,2015-12,Surrey Police,Northumbria Police,-1.704088,54.973791,On or near St George'S Terrace,E01008387,Newcastle upon Tyne 021G,Other theft,Investigation complete; no suspect identified,
eb261e234ac37b94dbc86a617a13064da0de9073e9db6ff89e174c280a1cb80a,2015-12,Surrey Police,Northumbria Police,-1.704186,54.977359,On or near Orchard-Leigh,E01008387,Newcastle upon Tyne 021G,Vehicle crime,Investigation complete; no suspect identified,
f001c1c569a0a0739522055b16fade6c8bdfff4a6b8e9d97b278d3b90015b5b6,2015-12,Surrey Police,Northumbria Police,-1.709857,54.977409,On or near Charlton Street,E01008387,Newcastle upon Tyne 021G,Violence and sexual offences,Investigation complete; no suspect identified,
1fa932ced595da71bb66c2b9a288aa02b6135f941d7c82dabdd756607f753e99,2015-12,Surrey Police,Northumbria Police,-1.703179,54.976197,On or near Ottershaw,E01008387,Newcastle upon Tyne 021G,Violence and sexual offences,Under investigation,
,2015-12,Surrey Police,Northumbria Police,-1.639315,54.979368,On or near Studley Terrace,E01008396,Newcastle upon Tyne 022B,Anti-social behaviour,,
,2015-12,Surrey Police,Northumbria Police,-1.635775,54.978701,On or near Walter Terrace,E01008396,Newcastle upon Tyne 022B,Anti-social behaviour,,
,2015-12,Surrey Police,Northumbria Police,-1.636893,54.975973,On or near Beaconsfield Street,E01008396,Newcastle upon Tyne 022B,Anti-social behaviour,,
,2015-12,Surrey Police,Northumbria Police,-1.639315,54.979368,On or near Studley Terrace,E01008396,Newcastle upon Tyne 022B,Anti-social behaviour,,
,2015-12,Surrey Police,Northumbria Police,-1.635775,54.978701,On or near Walter Terrace,E01008396,Newcastle upon Tyne 022B,Anti-social behaviour,,
,2015-12,Surrey Police,Northumbria Police,-1.636893,54.975973,On or near Beaconsfield Street,E01008396,Newcastle upon Tyne 022B,Anti-social behaviour,,
,2015-12,Surrey Police,Northumbria Police,-1.639315,54.979368,On or near Studley Terrace,E01008396,Newcastle upon Tyne 022B,Anti-social behaviour,,
4b04e632ba37c12cfad04d47346687a99d45801a527587e392096d706f90d934,2015-12,Surrey Police,Northumbria Police,-1.634707,54.979291,On or near Sports/Recreation Area,E01008396,Newcastle upon Tyne 022B,Bicycle theft,Investigation complete; no suspect identified,
585afc4b6bef04c2280865585b7443fe0b668b4ddfe76276b71f34a1fdfd10cb,2015-12,Surrey Police,Northumbria Police,-1.638535,54.977568,On or near Fenham Road,E01008396,Newcastle upon Tyne 022B,Criminal damage and arson,Investigation complete; no suspect identified,
a199f8ef9b2435f3a8519ec3d4f458776e5c51165a750117f1c1b6feb5c1cdb3,2015-12,Surrey Police,Northumbria Police,-1.637285,54.977529,On or near Philip Street,E01008396,Newcastle upon Tyne 022B,Criminal damage and arson,Awaiting court outcome,
e04e89103ef72ab0e8c54af98d4ddaa552f72620f863be95cf6e9546f160950d,2015-12,Surrey Police,Northumbria Police,-1.630258,54.978873,On or near Leazes Parade,E01008396,Newcastle upon Tyne 022B,Drugs,Under investigation,
b4294dc8879f186225253d93ed898f6e8a69286ef23bcd66123c01b1a5f6f5a0,2015-12,Surrey Police,Northumbria Police,-1.630258,54.978873,On or near Leazes Parade,E01008396,Newcastle upon Tyne 022B,Other theft,Investigation complete; no suspect identified,
f8227c548a63091b2a7219d531a6813de5c6b3f37a649db4e0ffd7518d1fc9de,2015-12,Surrey Police,Northumbria Police,-1.636893,54.975973,On or near Beaconsfield Street,E01008396,Newcastle upon Tyne 022B,Other theft,Under investigation,
2287c03e532c64e4d09ec7ee1c214f0acba6e5cd7a94d4a0f3e86ecad3828c61,2015-12,Surrey Police,Northumbria Police,-1.636893,54.975973,On or near Beaconsfield Street,E01008396,Newcastle upon Tyne 022B,Public order,Investigation complete; no suspect identified,
f58382bd3cf2d55790b9a7385f944b1fef82d7e6ecee91282cb119a3fe9e86d5,2015-12,Surrey Police,Northumbria Police,-1.636893,54.975973,On or near Beaconsfield Street,E01008396,Newcastle upon Tyne 022B,Public order,Under investigation,
1e5f984c95c03a1bb33f31cd598e2f2c2798a97483e2f6f7518853e840a6fc57,2015-12,Surrey Police,Northumbria Police,-1.637618,54.976955,On or near Stanton Street,E01008396,Newcastle upon Tyne 022B,Violence and sexual offences,Under investigation,
,2015-12,Surrey Police,Northumbria Police,-1.636412,54.973905,On or near Northcote Street,E01008398,Newcastle upon Tyne 022C,Anti-social behaviour,,
781bb31c7b97a78cf5b4a6afa72c18e413ea1bb20be04b4e76ad1149429b27b2,2015-12,Surrey Police,Northumbria Police,-1.630380,54.972359,On or near Tindal Street,E01008398,Newcastle upon Tyne 022C,Burglary,Investigation complete; no suspect identified,
01f6ebf21eca4f4009f41e7fd8261e5eef7f3562ca5d48b18224d71e3e657f94,2015-12,Surrey Police,Northumbria Police,-1.639470,54.974264,On or near Croydon Road,E01008398,Newcastle upon Tyne 022C,Burglary,Investigation complete; no suspect identified,
5b18809db135ad709b6c9e6784d277af55f6703260325b9dcf5ca53793a5b481,2015-12,Surrey Police,Northumbria Police,-1.637121,54.974886,On or near Longley Street,E01008398,Newcastle upon Tyne 022C,Criminal damage and arson,Investigation complete; no suspect identified,
c7ae8edfe647faab4fc65dfb37fd6490fc67e51e00d7d4da9f7f6cd285074827,2015-12,Surrey Police,Northumbria Police,-1.639470,54.974264,On or near Croydon Road,E01008398,Newcastle upon Tyne 022C,Criminal damage and arson,Under investigation,
6ab9dcc6da6be9911514a75a1c3ae23bd7ceae1b57729d530daa6bfbcf873f36,2015-12,Surrey Police,Northumbria Police,-1.637121,54.974886,On or near Longley Street,E01008398,Newcastle upon Tyne 022C,Criminal damage and arson,Investigation complete; no suspect identified,
c52cf5aee4b2024e8e00069734420951a8d61a7dafb7012edfe90eb482e96a8b,2015-12,Surrey Police,Northumbria Police,-1.634580,54.974321,On or near Liddle Road,E01008398,Newcastle upon Tyne 022C,Other theft,Investigation complete; no suspect identified,
5f34f5962b42f40fd2c08a5d2ad747eb7a0dc3c2bf0b00837f6ff80c53617120,2015-12,Surrey Police,Northumbria Police,-1.634719,54.974502,On or near Beechburn Walk,E01008398,Newcastle upon Tyne 022C,Other theft,Investigation complete; no suspect identified,
23bd0b50d7b01c027d87135ea8db2ada3041ad3b9c7c52ab980046f395a0b9dc,2015-12,Surrey Police,Northumbria Police,-1.636412,54.973905,On or near Northcote Street,E01008398,Newcastle upon Tyne 022C,Public order,Under investigation,
a0af4a44e67799557ad98b8deb8395db403589f54abc15cca8a51aecc2a2e22a,2015-12,Surrey Police,Northumbria Police,-1.634431,54.973539,On or near Worley Close,E01008398,Newcastle upon Tyne 022C,Public order,Under investigation,
fd75d37834fbebf137d3b349b47e88fc98e6ec49554331ad3268256cbf1116e7,2015-12,Surrey Police,Northumbria Police,-1.637121,54.974886,On or near Longley Street,E01008398,Newcastle upon Tyne 022C,Public order,Under investigation,
29b5bc3a397993cfe1d21ff13b51850fab606772e71fad24381220a7a6d496f4,2015-12,Surrey Police,Northumbria Police,-1.637121,54.974886,On or near Longley Street,E01008398,Newcastle upon Tyne 022C,Robbery,Investigation complete; no suspect identified,
01592d6eafa322b9d7002e36576e856431c0dcaba4936a97667545d081982de1,2015-12,Surrey Police,Northumbria Police,-1.639470,54.974264,On or near Croydon Road,E01008398,Newcastle upon Tyne 022C,Vehicle crime,Under investigation,
423230b22e9f04faba4b69350618b3ca7c963240aad80b785fe88ed7c8546885,2015-12,Surrey Police,Northumbria Police,-1.639470,54.974264,On or near Croydon Road,E01008398,Newcastle upon Tyne 022C,Vehicle crime,Investigation complete; no suspect identified,
ac47b8a1cb306f2e3d47dde3344fc8b16e811ac5958e28f06cbd52ff2bf5a9da,2015-12,Surrey Police,Northumbria Police,-1.636412,54.973905,On or near Northcote Street,E01008398,Newcastle upon Tyne 022C,Violence and sexual offences,Court case unable to proceed,
cc4640b5835c7b818682940fe244458a842a9dfff0a1c4f74b4695d6fe8a1b73,2015-12,Surrey Police,Northumbria Police,-1.635944,54.973732,On or near Cookson Street,E01008398,Newcastle upon Tyne 022C,Violence and sexual offences,Under investigation,
6344cfba713d52ed71dc13d64a2daf0715108565fb0d000df6aa99f678cd609f,2015-12,Surrey Police,Northumbria Police,-1.636412,54.973905,On or near Northcote Street,E01008398,Newcastle upon Tyne 022C,Violence and sexual offences,Awaiting court outcome,
5d26c52d6af709799a2c44f23c5d82945bae23132b514381f617a701f8f63831,2015-12,Surrey Police,Northumbria Police,-1.636412,54.973905,On or near Northcote Street,E01008398,Newcastle upon Tyne 022C,Violence and sexual offences,Awaiting court outcome,
,2015-12,Surrey Police,Northumbria Police,-1.641422,54.974441,On or near Callerton Place,E01008449,Newcastle upon Tyne 022D,Anti-social behaviour,,
,2015-12,Surrey Police,Northumbria Police,-1.639553,54.973806,On or near Bishop'S Avenue,E01008449,Newcastle upon Tyne 022D,Anti-social behaviour,,
,2015-12,Surrey Police,Northumbria Police,-1.640235,54.974320,On or near Wellesley Terrace,E01008449,Newcastle upon Tyne 022D,Anti-social behaviour,,
,2015-12,Surrey Police,Northumbria Police,-1.641198,54.974952,On or near Belsay Place,E01008449,Newcastle upon Tyne 022D,Anti-social behaviour,,
,2015-12,Surrey Police,Northumbria Police,-1.640300,54.974078,On or near Chelsea Grove,E01008449,Newcastle upon Tyne 022D,Anti-social behaviour,,
788bef40b5fe4179c82b194dfe3c85dd240702fdcd9b59cc9efad51c20371b52,2015-12,Surrey Police,Northumbria Police,-1.646486,54.977708,On or near Wingrove Avenue,E01008449,Newcastle upon Tyne 022D,Burglary,Investigation complete; no suspect identified,
c2fca5b08bc4e1568fc8b09d6de8c63ecc3d36d469840bd1701425f980f7f551,2015-12,Surrey Police,Northumbria Police,-1.640235,54.974320,On or near Wellesley Terrace,E01008449,Newcastle upon Tyne 022D,Criminal damage and arson,Offender given a caution,
3292baa7456c30faa27c2d8bcb18ea3fa9452a0e0ec860c95a64b51f6e82aa03,2015-12,Surrey Police,Northumbria Police,-1.641536,54.975627,On or near Crossley Terrace,E01008449,Newcastle upon Tyne 022D,Criminal damage and arson,Investigation complete; no suspect identified,
1bf6f18cf757071964b30fccb295e7b19c57afef4425e7f7e5cf433482778002,2015-12,Surrey Police,Northumbria Police,-1.646486,54.977708,On or near Wingrove Avenue,E01008449,Newcastle upon Tyne 022D,Drugs,Under investigation,
ab29f43c8d06eed068b31ea316b00fa030b75fe4c242e68ee026d281e00cd228,2015-12,Surrey Police,Northumbria Police,-1.639553,54.973806,On or near Bishop'S Avenue,E01008449,Newcastle upon Tyne 022D,Other theft,Under investigation,
7846d16f46279a6337bbb6a33ce78548b73eb74fccd9a90ce25f990b704cdce2,2015-12,Surrey Police,Northumbria Police,-1.641422,54.974441,On or near Callerton Place,E01008449,Newcastle upon Tyne 022D,Public order,Awaiting court outcome,
3efa400aa80c5649e79dbd398bdde57068fac1d2ebad18578382715156282f6b,2015-12,Surrey Police,Northumbria Police,-1.641422,54.974441,On or near Callerton Place,E01008449,Newcastle upon Tyne 022D,Public order,Under investigation,
91ff31aafd1d6d44f5c8ec61bd225d449351618d5db14d641280e5dacfffc17a,2015-12,Surrey Police,Northumbria Police,-1.647231,54.976515,On or near Agricola Road,E01008449,Newcastle upon Tyne 022D,Public order,Awaiting court outcome,
d9a055571e9703cdb588830dc40de8692e8698c1819aac7950c7344c5eff14d3,2015-12,Surrey Police,Northumbria Police,-1.641536,54.975627,On or near Crossley Terrace,E01008449,Newcastle upon Tyne 022D,Shoplifting,Investigation complete; no suspect identified,
fb598b0e8cadc9137e49f954a903717e4dedfe38b106a53514354b5a08b07b66,2015-12,Surrey Police,Northumbria Police,-1.639553,54.973806,On or near Bishop'S Avenue,E01008449,Newcastle upon Tyne 022D,Theft from the person,Investigation complete; no suspect identified,
969c0625b119755192767991fd62e665fa2ff99ef404d57876b8144fffff87dd,2015-12,Surrey Police,Northumbria Police,-1.647231,54.976515,On or near Agricola Road,E01008449,Newcastle upon Tyne 022D,Violence and sexual offences,Investigation complete; no suspect identified,
6bb7b7538967eb117cec19b88d4a140b61f1bba2e4fd6e35d02a78c120623060,2015-12,Surrey Police,Northumbria Police,-1.641422,54.974441,On or near Callerton Place,E01008449,Newcastle upon Tyne 022D,Violence and sexual offences,Under investigation,
d5fece9bb5da01a380f1133154cf86f0fdc1cd4a87d73f38988e41a16d0c5fd5,2015-12,Surrey Police,Northumbria Police,-1.646486,54.977708,On or near Wingrove Avenue,E01008449,Newcastle upon Tyne 022D,Violence and sexual offences,Under investigation,
74c95d523d560b31ebd452a4b8d313aff53fda888b24f0e2067335655400a5a7,2015-12,Surrey Police,Northumbria Police,-1.641955,54.977677,On or near Sidney Grove,E01008449,Newcastle upon Tyne 022D,Violence and sexual offences,Awaiting court outcome,
7fa1dfa5aff0137ed45a8e60195e663aa808f47db2a4c677d85c5a584c4ca8dc,2015-12,Surrey Police,Northumbria Police,-1.646486,54.977708,On or near Wingrove Avenue,E01008449,Newcastle upon Tyne 022D,Violence and sexual offences,Investigation complete; no suspect identified,
96b49551191d99d0828701a67753d1904407efcdb20108d049561e49be84ae40,2015-12,Surrey Police,Northumbria Police,-1.646486,54.977708,On or near Wingrove Avenue,E01008449,Newcastle upon Tyne 022D,Violence and sexual offences,Investigation complete; no suspect identified,
9943950042887dd12efaeb2070f3cc2b249a62af8a2b1a4b4978b1972052f335,2015-12,Surrey Police,Northumbria Police,-1.646486,54.977708,On or near Wingrove Avenue,E01008449,Newcastle upon Tyne 022D,Violence and sexual offences,Under investigation,
4b7b0322889c0fddac5d807ba75e804827b7920fc056b7631a69c6cfd3c385ae,2015-12,Surrey Police,Northumbria Police,-1.641955,54.977677,On or near Sidney Grove,E01008449,Newcastle upon Tyne 022D,Violence and sexual offences,Under investigation,
6e1b514e3d70db727d40d5446cfbe49b598b6c5f5ccce488d28e5c45a5337f25,2015-12,Surrey Police,Northumbria Police,-1.647231,54.976515,On or near Agricola Road,E01008449,Newcastle upon Tyne 022D,Violence and sexual offences,Investigation complete; no suspect identified,
,2015-12,Surrey Police,Northumbria Police,-1.651708,54.982702,On or near Fowberry Crescent,E01008453,Newcastle upon Tyne 022E,Anti-social behaviour,,
8c11b90a56efb953f6a39109c6cdd673dfe72bbd645933500de4333bb5d6d9d8,2015-12,Surrey Police,Northumbria Police,-1.647486,54.979455,On or near Wingrove Road,E01008453,Newcastle upon Tyne 022E,Burglary,Investigation complete; no suspect identified,
e94e387a1d92c25681796f3f671489af17bb4f6e60d051767a84c8e181013748,2015-12,Surrey Police,Northumbria Police,-1.648737,54.982882,On or near Matfen Place,E01008453,Newcastle upon Tyne 022E,Burglary,Investigation complete; no suspect identified,
ad9a09703005f4d0d9a18c7fbf215b55692011b4c39b64e503a8a361d7f0c1fc,2015-12,Surrey Police,Northumbria Police,-1.647486,54.979455,On or near Wingrove Road,E01008453,Newcastle upon Tyne 022E,Violence and sexual offences,Under investigation,
,2015-12,Surrey Police,Northumbria Police,-1.652380,54.975425,On or near West Road,E01008455,Newcastle upon Tyne 022G,Anti-social behaviour,,
4afc3f1a7f7df8530eccf02f144b422f1a0c5e59a8338d5d6873c5c5a2e85328,2015-12,Surrey Police,Northumbria Police,-1.649441,54.975587,On or near Lewis Drive,E01008455,Newcastle upon Tyne 022G,Other theft,Investigation complete; no suspect identified,
776dc2756dcab50abefe5d5da0309abce420b1b6818878b37adb6aaa7d18d314,2015-12,Surrey Police,Northumbria Police,-1.649171,54.977950,On or near Hadrian Road,E01008455,Newcastle upon Tyne 022G,Public order,Under investigation,
9aa9470ec2e6c6d51d139006e66c7a7383c114191903466894244bf598857986,2015-12,Surrey Police,Northumbria Police,-1.651727,54.976888,On or near Milvain Avenue,E01008455,Newcastle upon Tyne 022G,Vehicle crime,Investigation complete; no suspect identified,
9272b9649be849dff720a786144e9435d26bcd1e69ebb04f5446ebf366b61093,2015-12,Surrey Police,Northumbria Police,-1.649171,54.977950,On or near Hadrian Road,E01008455,Newcastle upon Tyne 022G,Violence and sexual offences,Investigation complete; no suspect identified,
,2015-12,Surrey Police,Northumbria Police,-1.629121,54.985277,On or near Claremont Road,E01033556,Newcastle upon Tyne 022H,Anti-social behaviour,,
,2015-12,Surrey Police,Northumbria Police,-1.640908,54.977728,On or near Brighton Grove,E01033556,Newcastle upon Tyne 022H,Anti-social behaviour,,
593059f861953a38a38ff62a1be52b6d8ff2bef00b795b0436ddf589cd33cb75,2015-12,Surrey Police,Northumbria Police,-1.629121,54.985277,On or near Claremont Road,E01033556,Newcastle upon Tyne 022H,Bicycle theft,Investigation complete; no suspect identified,
8145cd73fa187fde3b2a6fd0f0e472835ce27dad8ee2aeb712856cd1c6e62898,2015-12,Surrey Police,Northumbria Police,-1.630803,54.984168,On or near Hunter'S Place,E01033556,Newcastle upon Tyne 022H,Burglary,Investigation complete; no suspect identified,
908954b5c33abd2c9c64ff7aea920d45697cdf12a056a5bc645b4c35a9ea8165,2015-12,Surrey Police,Northumbria Police,-1.639880,54.975640,On or near Stanhope Street,E01033556,Newcastle upon Tyne 022H,Drugs,Under investigation,
f35fe183013a35844b009ca80240a45fd9bda33c09668bed82e6cc45ea1b5cb5,2015-12,Surrey Police,Northumbria Police,-1.639880,54.975640,On or near Stanhope Street,E01033556,Newcastle upon Tyne 022H,Drugs,Offender given a caution,
a3983cd6bf014f892c1d3c876c063af32afd9af5946d9b8c84848d9351d1c5ae,2015-12,Surrey Police,Northumbria Police,-1.639880,54.975640,On or near Stanhope Street,E01033556,Newcastle upon Tyne 022H,Other theft,Under investigation,
110be3795dd64968bac4b5c480a87987d3dae3b7acb673865ea396375c647718,2015-12,Surrey Police,Northumbria Police,-1.639880,54.975640,On or near Stanhope Street,E01033556,Newcastle upon Tyne 022H,Public order,Under investigation,
03e68d63b1f807e95421792095d57ff64aa525f188363712088a6219645d78a2,2015-12,Surrey Police,Northumbria Police,-1.639880,54.975640,On or near Stanhope Street,E01033556,Newcastle upon Tyne 022H,Public order,Under investigation,
0bf42c14817145e058bc7ef4e528e3fbb854b99b3dc4eaffef7804e0d7369b3a,2015-12,Surrey Police,Northumbria Police,-1.639880,54.975640,On or near Stanhope Street,E01033556,Newcastle upon Tyne 022H,Theft from the person,Investigation complete; no suspect identified,
bcb39a431b9c3faa6cb688d483374a4781187d55f2526899021f51dab67e9ed5,2015-12,Surrey Police,Northumbria Police,-1.640184,54.976540,On or near Dilston Road,E01033556,Newcastle upon Tyne 022H,Theft from the person,Investigation complete; no suspect identified,
3df18518bffe31395c53a8e0c8e3703cd69d5df5a7fad5aa77cdb35b5f7cbcdb,2015-12,Surrey Police,Northumbria Police,-1.630671,54.983197,On or near Ancrum Street,E01033556,Newcastle upon Tyne 022H,Vehicle crime,Investigation complete; no suspect identified,
000699073cb3984e3de42f2b309b6aaf1be698893c381c03bd5d99c04cac9000,2015-12,Surrey Police,Northumbria Police,-1.629121,54.985277,On or near Claremont Road,E01033556,Newcastle upon Tyne 022H,Vehicle crime,Investigation complete; no suspect identified,
ddb3077157f36b63e83e1830af08602ffb6517eb402d629c2b8cc0914c097e8b,2015-12,Surrey Police,Northumbria Police,-1.640184,54.976540,On or near Dilston Road,E01033556,Newcastle upon Tyne 022H,Violence and sexual offences,Offender given a caution,
ca143eb62292dc8731e32df6b65d05f97d172019e28b073d3cd000386ce00422,2015-12,Surrey Police,Northumbria Police,-1.640184,54.976540,On or near Dilston Road,E01033556,Newcastle upon Tyne 022H,Violence and sexual offences,Investigation complete; no suspect identified,
2d471b2dfd93a19817663dbaf0f9d8eb1644f8c268c2bfcf525ba8985f48e6d6,2015-12,Surrey Police,Northumbria Police,-1.642638,54.979998,On or near Studley Terrace,E01033556,Newcastle upon Tyne 022H,Violence and sexual offences,Investigation complete; no suspect identified,
,2015-12,Surrey Police,Northumbria Police,-1.599309,54.978605,On or near Parking Area,E01008406,Newcastle upon Tyne 023A,Anti-social behaviour,,
,2015-12,Surrey Police,Northumbria Police,-1.602683,54.977088,On or near Rock Terrace,E01008406,Newcastle upon Tyne 023A,Anti-social behaviour,,
,2015-12,Surrey Police,Northumbria Police,-1.601074,54.977101,On or near Wretham Place,E01008406,Newcastle upon Tyne 023A,Anti-social behaviour,,
,2015-12,Surrey Police,Northumbria Police,-1.598905,54.976824,On or near Lowery Place,E01008406,Newcastle upon Tyne 023A,Anti-social behaviour,,
,2015-12,Surrey Police,Northumbria Police,-1.599309,54.978605,On or near Parking Area,E01008406,Newcastle upon Tyne 023A,Anti-social behaviour,,
,2015-12,Surrey Police,Northumbria Police,-1.600282,54.975040,On or near Russell Terrace,E01008406,Newcastle upon Tyne 023A,Anti-social behaviour,,
,2015-12,Surrey Police,Northumbria Police,-1.599545,54.975272,On or near Clarence Street,E01008406,Newcastle upon Tyne 023A,Anti-social behaviour,,
,2015-12,Surrey Police,Northumbria Police,-1.602683,54.977088,On or near Rock Terrace,E01008406,Newcastle upon Tyne 023A,Anti-social behaviour,,
,2015-12,Surrey Police,Northumbria Police,-1.599545,54.975272,On or near Clarence Street,E01008406,Newcastle upon Tyne 023A,Anti-social behaviour,,
,2015-12,Surrey Police,Northumbria Police,-1.599309,54.978605,On or near Parking Area,E01008406,Newcastle upon Tyne 023A,Anti-social behaviour,,
,2015-12,Surrey Police,Northumbria Police,-1.601580,54.978019,On or near Shield Street,E01008406,Newcastle upon Tyne 023A,Anti-social behaviour,,
,2015-12,Surrey Police,Northumbria Police,-1.591925,54.974923,On or near Theatre/Concert Hall,E01008406,Newcastle upon Tyne 023A,Anti-social behaviour,,
da048202ce5b77b221d1e6d5b3ad1fd02cf88e4c9da30854dd5b9d74cae7d9c3,2015-12,Surrey Police,Northumbria Police,-1.591925,54.974923,On or near Theatre/Concert Hall,E01008406,Newcastle upon Tyne 023A,Bicycle theft,Investigation complete; no suspect identified,
8dceb1b2b34dc8b63493ea8fddb488c5130b02946f4e7dd2fb8bdd7a692de4aa,2015-12,Surrey Police,Northumbria Police,-1.598281,54.976669,On or near Stoddart Street,E01008406,Newcastle upon Tyne 023A,Burglary,Investigation complete; no suspect identified,
6d7dd89d09d1830a41c6d1d166e379dd98bbfa01afd06f448eec575236c7be18,2015-12,Surrey Police,Northumbria Police,-1.597091,54.973862,On or near Red Barns,E01008406,Newcastle upon Tyne 023A,Criminal damage and arson,Offender given community sentence,
b4ce9d8b7a0d6c012f88f2974a5372e2d20d159f85142c6191fd407a7770cd23,2015-12,Surrey Police,Northumbria Police,-1.599545,54.975272,On or near Clarence Street,E01008406,Newcastle upon Tyne 023A,Criminal damage and arson,Investigation complete; no suspect identified,
39abbc0dea86720a9206f9b6951e457788a20e61ef7b9c5ff966b910d2d08a17,2015-12,Surrey Police,Northumbria Police,-1.600282,54.975040,On or near Russell Terrace,E01008406,Newcastle upon Tyne 023A,Criminal damage and arson,Investigation complete; no suspect identified,
897b08c50a09c6026eedb0e7aba73aed6a62ca235a9c3fabf7fd1b8895326bee,2015-12,Surrey Police,Northumbria Police,-1.601580,54.978019,On or near Shield Street,E01008406,Newcastle upon Tyne 023A,Criminal damage and arson,Offender given conditional discharge,
c9b0e1f77b20e2d7485bd0a066c54e6145a89bcadbe7964d89a55cde7c01e82b,2015-12,Surrey Police,Northumbria Police,-1.593403,54.975485,On or near Byker Bridge,E01008406,Newcastle upon Tyne 023A,Criminal damage and arson,Under investigation,
f54dfd91930cdd3b7e27bae8fb141aa4b021d3dc511f5d5d1e5782725c855e57,2015-12,Surrey Police,Northumbria Police,-1.599309,54.978605,On or near Parking Area,E01008406,Newcastle upon Tyne 023A,Criminal damage and arson,Investigation complete; no suspect identified,
be8aa4246dced4ddf47e5a197633ad151730b23b2c4bcfc7cd8025985228dddf,2015-12,Surrey Police,Northumbria Police,-1.599309,54.978605,On or near Parking Area,E01008406,Newcastle upon Tyne 023A,Public order,Investigation complete; no suspect identified,
b00b362a8fce7770b7ae7cdfddb8d14d21b3f85840e4a52cc6f5ee0b36d8e6de,2015-12,Surrey Police,Northumbria Police,-1.601565,54.974775,On or near Back New Bridge Street,E01008406,Newcastle upon Tyne 023A,Shoplifting,Offender ordered to pay compensation,
b87657bc632bf8405e18153745a280cac6a5bbe7c55a792096172d6e37effdb2,2015-12,Surrey Police,Northumbria Police,-1.601565,54.974775,On or near Back New Bridge Street,E01008406,Newcastle upon Tyne 023A,Shoplifting,Investigation complete; no suspect identified,
1601520c63b8c88e55b6f58adc95f5dc9b433374ac51b1ed32fabd909aaaaa80,2015-12,Surrey Police,Northumbria Police,-1.598905,54.976824,On or near Lowery Place,E01008406,Newcastle upon Tyne 023A,Violence and sexual offences,Awaiting court outcome,
cd37a665535ee4cdeb443a80add14ada916df93e391530a430e30feeed7fae36,2015-12,Surrey Police,Northumbria Police,-1.598281,54.976669,On or near Stoddart Street,E01008406,Newcastle upon Tyne 023A,Other crime,Under investigation,
,2015-12,Surrey Police,Northumbria Police,-1.599397,54.980789,On or near Grantham Road,E01008407,Newcastle upon Tyne 023B,Anti-social behaviour,,
,2015-12,Surrey Police,Northumbria Police,-1.602774,54.982094,On or near Portland Terrace,E01008407,Newcastle upon Tyne 023B,Anti-social behaviour,,
48787f2d40ce910e101d36d034d08071bf74d8347ee49d39fd335230d6998713,2015-12,Surrey Police,Northumbria Police,-1.605988,54.976200,On or near A167(M),E01008407,Newcastle upon Tyne 023B,Bicycle theft,Offender given community sentence,
c854cf149e139517336025ac2c9dcd3f98b3421a5d8c30ca3a9aa55a9226e733,2015-12,Surrey Police,Northumbria Police,-1.601935,54.980105,On or near Milton Close,E01008407,Newcastle upon Tyne 023B,Criminal damage and arson,Investigation complete; no suspect identified,
5d724440066ad13fbcfdf9cfe2e1e605e2913b6c4d0c48df1e53f072ffa5051a,2015-12,Surrey Police,Northumbria Police,-1.602715,54.980144,On or near Chester Street,E01008407,Newcastle upon Tyne 023B,Other theft,Under investigation,
adb09505f1ce608edfc0a7f4011b154b5b1a1b2fbf7682bf1dd37ca0730cbcc3,2015-12,Surrey Police,Northumbria Police,-1.602715,54.980144,On or near Chester Street,E01008407,Newcastle upon Tyne 023B,Other theft,Under investigation,
139b3ba0c3de11fde4ffde1d0d01bb421739e025beab1c55d518c9725860542e,2015-12,Surrey Police,Northumbria Police,-1.602375,54.978246,On or near Napier Street,E01008407,Newcastle upon Tyne 023B,Other theft,Investigation complete; no suspect identified,
0f125ddbafe29b658752d9aebb9e09c0f6ea9a3b4335b6cad09a29ade4ef2cb8,2015-12,Surrey Police,Northumbria Police,-1.602715,54.980144,On or near Chester Street,E01008407,Newcastle upon Tyne 023B,Other theft,Under investigation,
25517c9cbfe370370e5087f5f906cd0e7860a05fed915c659b0f2b95bbb987b9,2015-12,Surrey Police,Northumbria Police,-1.597111,54.979658,On or near Dinsdale Place,E01008407,Newcastle upon Tyne 023B,Theft from the person,Investigation complete; no suspect identified,
116d0967bf27dbb9ff633e65c86cfcdaf511be7336ea47253d878562ce4cabf5,2015-12,Surrey Police,Northumbria Police,-1.600592,54.980002,On or near Portland Road,E01008407,Newcastle upon Tyne 023B,Vehicle crime,Investigation complete; no suspect identified,
9b55465c73703edd647c864d8ccaf52efdab7b468b5300cbaf8f20c09485b482,2015-12,Surrey Police,Northumbria Police,-1.603557,54.980407,On or near Harrison Place,E01008407,Newcastle upon Tyne 023B,Vehicle crime,Investigation complete; no suspect identified,
e456e8bd10ca5e106b8f4786478183f64cf3449f89b29c4ed265168ad421842e,2015-12,Surrey Police,Northumbria Police,-1.603271,54.979220,On or near Gladstone Place,E01008407,Newcastle upon Tyne 023B,Violence and sexual offences,Under investigation,
,2015-12,Surrey Police,Northumbria Police,-1.592933,54.980264,On or near Stratford Grove West,E01008410,Newcastle upon Tyne 023D,Anti-social behaviour,,
,2015-12,Surrey Police,Northumbria Police,-1.590996,54.983331,On or near Vale Walk,E01008410,Newcastle upon Tyne 023D,Anti-social behaviour,,
d2b79ede558a74bf4be9387e247930a10bd43faf48c236b0d87d1bab578b38f5,2015-12,Surrey Police,Northumbria Police,-1.587066,54.984072,On or near Park/Open Space,E01008410,Newcastle upon Tyne 023D,Vehicle crime,Investigation complete; no suspect identified,
969a37a66a92b5d532e9986e71f5372b644f760b960fe742255c0af03941bd5e,2015-12,Surrey Police,Northumbria Police,-1.590996,54.983331,On or near Vale Walk,E01008410,Newcastle upon Tyne 023D,Violence and sexual offences,Court case unable to proceed,
,2015-12,Surrey Police,Northumbria Police,-1.585302,54.980849,On or near Wandsworth Road,E01008412,Newcastle upon Tyne 023E,Anti-social behaviour,,
,2015-12,Surrey Police,Northumbria Police,-1.582684,54.981748,On or near Stannington Avenue,E01008412,Newcastle upon Tyne 023E,Anti-social behaviour,,
,2015-12,Surrey Police,Northumbria Police,-1.586730,54.981789,On or near Parking Area,E01008412,Newcastle upon Tyne 023E,Anti-social behaviour,,
,2015-12,Surrey Police,Northumbria Police,-1.581732,54.983084,On or near Heaton Road,E01008412,Newcastle upon Tyne 023E,Anti-social behaviour,,
,2015-12,Surrey Police,Northumbria Police,-1.586730,54.981789,On or near Parking Area,E01008412,Newcastle upon Tyne 023E,Anti-social behaviour,,
,2015-12,Surrey Police,Northumbria Police,-1.590078,54.979877,On or near Hotspur Street,E01008412,Newcastle upon Tyne 023E,Anti-social behaviour,,
87f44e4cb25b5b2bef1c38629662f0e888024cc8892cbf76b018972eb933f77d,2015-12,Surrey Police,Northumbria Police,-1.583788,54.980727,On or near Cardigan Terrace,E01008412,Newcastle upon Tyne 023E,Bicycle theft,Investigation complete; no suspect identified,
e75dfaa86dcb4606c4d4add8c8d01d56430943e0eb04ca1f52ee7cbf6396c9c1,2015-12,Surrey Police,Northumbria Police,-1.590078,54.979877,On or near Hotspur Street,E01008412,Newcastle upon Tyne 023E,Burglary,Investigation complete; no suspect identified,
d52ae55fabc9e0d46b97adfc39a0ffb564b4ecdc7ab21a39290e48a3bcf8e462,2015-12,Surrey Police,Northumbria Police,-1.584808,54.981791,On or near Heaton Park View,E01008412,Newcastle upon Tyne 023E,Burglary,Investigation complete; no suspect identified,
828b7b2b2179abe9bd6f0a9f8b3bfef4da4dafafd64cadf57f2ffb1b6e5be7fa,2015-12,Surrey Police,Northumbria Police,-1.590078,54.979877,On or near Hotspur Street,E01008412,Newcastle upon Tyne 023E,Burglary,Under investigation,
bbfba92e13be699628224094b26bab0085bb8e62238217071809d6e3b63e5e3c,2015-12,Surrey Police,Northumbria Police,-1.582684,54.981748,On or near Stannington Avenue,E01008412,Newcastle upon Tyne 023E,Burglary,Investigation complete; no suspect identified,
416ec943e423c716c04b964fa0d7826805920fe480899739f4900e97617bc1f4,2015-12,Surrey Police,Northumbria Police,-1.585302,54.980849,On or near Wandsworth Road,E01008412,Newcastle upon Tyne 023E,Burglary,Investigation complete; no suspect identified,
6b97f76721f5ef03f2f10169ef8072ef3670c869ab957e3e3256c9ccfa648779,2015-12,Surrey Police,Northumbria Police,-1.585302,54.980849,On or near Wandsworth Road,E01008412,Newcastle upon Tyne 023E,Criminal damage and arson,Investigation complete; no suspect identified,
a8856ab7b318dc2159766bff58207a186a4a23792586b87e36d3c6a1a7902274,2015-12,Surrey Police,Northumbria Police,-1.585302,54.980849,On or near Wandsworth Road,E01008412,Newcastle upon Tyne 023E,Drugs,Under investigation,
ac94ecf335fab1c10efb171ca03531ff7f58c1de768e05065778eb6b0e6e5a6f,2015-12,Surrey Police,Northumbria Police,-1.583788,54.980727,On or near Cardigan Terrace,E01008412,Newcastle upon Tyne 023E,Vehicle crime,Investigation complete; no suspect identified,
66f06b500c02121fe93a933d9ad37f7c6170ce8f05f230377802a7e6c58baf17,2015-12,Surrey Police,Northumbria Police,-1.586730,54.981789,On or near Parking Area,E01008412,Newcastle upon Tyne 023E,Violence and sexual offences,Under investigation,
1d18c3a90c533b6b6a646c5804dbae4d5fa07c48fb17876ef2d1a5f02c39ae8d,2015-12,Surrey Police,Northumbria Police,-1.582684,54.981748,On or near Stannington Avenue,E01008412,Newcastle upon Tyne 023E,Violence and sexual offences,Investigation complete; no suspect identified,
,2015-12,Surrey Police,Northumbria Police,-1.586483,54.980027,On or near Heaton Park Road,E01008413,Newcastle upon Tyne 023F,Anti-social behaviour,,
,2015-12,Surrey Police,Northumbria Police,-1.590391,54.979779,On or near Stratford Road,E01008413,Newcastle upon Tyne 023F,Anti-social behaviour,,
,2015-12,Surrey Police,Northumbria Police,-1.586483,54.980027,On or near Heaton Park Road,E01008413,Newcastle upon Tyne 023F,Anti-social behaviour,,
,2015-12,Surrey Police,Northumbria Police,-1.588100,54.979277,On or near Bolingbroke Street,E01008413,Newcastle upon Tyne 023F,Anti-social behaviour,,
,2015-12,Surrey Police,Northumbria Police,-1.586483,54.980027,On or near Heaton Park Road,E01008413,Newcastle upon Tyne 023F,Anti-social behaviour,,
,2015-12,Surrey Police,Northumbria Police,-1.586483,54.980027,On or near Heaton Park Road,E01008413,Newcastle upon Tyne 023F,Anti-social behaviour,,
,2015-12,Surrey Police,Northumbria Police,-1.590391,54.979779,On or near Stratford Road,E01008413,Newcastle upon Tyne 023F,Anti-social behaviour,,
dc6b2fcd0c113b1facc22bebd42304bb5e991dcc74464a3b2776ece1fa10f592,2015-12,Surrey Police,Northumbria Police,-1.586483,54.980027,On or near Heaton Park Road,E01008413,Newcastle upon Tyne 023F,Burglary,Investigation complete; no suspect identified,
a0fb8dce54eea56e56de7e8add33665851c25cb9f48940475aeb2ca2549ca337,2015-12,Surrey Police,Northumbria Police,-1.587416,54.978862,On or near Malcolm Street,E01008413,Newcastle upon Tyne 023F,Burglary,Investigation complete; no suspect identified,
04aa6cf7b4cbed9b93d9560dd12e05157f6e1ae4d389d5b24b1a703dcdc9e7a3,2015-12,Surrey Police,Northumbria Police,-1.586483,54.980027,On or near Heaton Park Road,E01008413,Newcastle upon Tyne 023F,Other theft,Investigation complete; no suspect identified,
12a833c02c6c1f4a28bb5465821ff40074ee46b61f10bc913e89eff1d96d7bad,2015-12,Surrey Police,Northumbria Police,-1.583086,54.980653,On or near Heaton Hall Road,E01008413,Newcastle upon Tyne 023F,Other theft,Investigation complete; no suspect identified,
9ec7a20ffea44264d9e4b8e83f96159f8f1c86bfd64d33f6200d970a5f952f7a,2015-12,Surrey Police,Northumbria Police,-1.586483,54.980027,On or near Heaton Park Road,E01008413,Newcastle upon Tyne 023F,Other theft,Investigation complete; no suspect identified,
ed2811484779151a3e35840bf40fca13a2769d18f4226701faa88291750d4f51,2015-12,Surrey Police,Northumbria Police,-1.588100,54.979277,On or near Bolingbroke Street,E01008413,Newcastle upon Tyne 023F,Violence and sexual offences,Investigation complete; no suspect identified,
46fb39f6042b64d540da2134e2f3082bd72a5c065099bbcf2290c726af5548dd,2015-12,Surrey Police,Northumbria Police,-1.588100,54.979277,On or near Bolingbroke Street,E01008413,Newcastle upon Tyne 023F,Violence and sexual offences,Awaiting court outcome,
6c2036e3bd79e6ef56bc70b8875e7dfcfc886be70c956cba5afb2633e3e61379,2015-12,Surrey Police,Northumbria Police,-1.586483,54.980027,On or near Heaton Park Road,E01008413,Newcastle upon Tyne 023F,Violence and sexual offences,Under investigation,
,2015-12,Surrey Police,Northumbria Police,-1.598994,54.971055,On or near The Swirle,E01033548,Newcastle upon Tyne 023G,Anti-social behaviour,,
,2015-12,Surrey Police,Northumbria Police,-1.596361,54.973410,On or near Crawhall Road,E01033548,Newcastle upon Tyne 023G,Anti-social behaviour,,
,2015-12,Surrey Police,Northumbria Police,-1.598994,54.971055,On or near The Swirle,E01033548,Newcastle upon Tyne 023G,Anti-social behaviour,,
,2015-12,Surrey Police,Northumbria Police,-1.604911,54.969745,On or near Theatre/Concert Hall,E01033548,Newcastle upon Tyne 023G,Anti-social behaviour,,
,2015-12,Surrey Police,Northumbria Police,-1.597819,54.972867,On or near Howard Street,E01033548,Newcastle upon Tyne 023G,Anti-social behaviour,,
,2015-12,Surrey Police,Northumbria Police,-1.598994,54.971055,On or near The Swirle,E01033548,Newcastle upon Tyne 023G,Anti-social behaviour,,
,2015-12,Surrey Police,Northumbria Police,-1.604911,54.969745,On or near Theatre/Concert Hall,E01033548,Newcastle upon Tyne 023G,Anti-social behaviour,,
,2015-12,Surrey Police,Northumbria Police,-1.594774,54.972758,On or near Breamish Street,E01033548,Newcastle upon Tyne 023G,Anti-social behaviour,,
45396dfc5a45c9ea5e9284164e848fc60883a5f3eae3e8a99d3db39e9b9f2a4c,2015-12,Surrey Police,Northumbria Police,-1.591574,54.972567,On or near Cut Bank,E01033548,Newcastle upon Tyne 023G,Burglary,Investigation complete; no suspect identified,
fba3fff51d77fcf87c2fa67d5c0dc0100cc716abe43dee85631d156a8a28a896,2015-12,Surrey Police,Northumbria Police,-1.606635,54.969157,On or near Queen Street,E01033548,Newcastle upon Tyne 023G,Burglary,Investigation complete; no suspect identified,
c9db7541e6d8f2e80143d9135b0ad0d5e81f50fd4929f64e0300ca0ed892efea,2015-12,Surrey Police,Northumbria Police,-1.597819,54.972867,On or near Howard Street,E01033548,Newcastle upon Tyne 023G,Burglary,Investigation complete; no suspect identified,
0fc2f49362b3bbd286d5913c1549ad405a656ce9b8f1bc6775fdc1978a259529,2015-12,Surrey Police,Northumbria Police,-1.599376,54.971829,On or near City Road,E01033548,Newcastle upon Tyne 023G,Burglary,Investigation complete; no suspect identified,
02ebec9330b7a1d27136197c23ed5344c0caf9a402edaaad1ee0c7044f75a8a1,2015-12,Surrey Police,Northumbria Police,-1.606960,54.969473,On or near Akenside Hill,E01033548,Newcastle upon Tyne 023G,Criminal damage and arson,Investigation complete; no suspect identified,
48862833327778325c48f5b6b6cbdb98b306d58a34936e7897ae9fadaab32778,2015-12,Surrey Police,Northumbria Police,-1.606635,54.969157,On or near Queen Street,E01033548,Newcastle upon Tyne 023G,Other theft,Under investigation,
fee6851c8458d1ccd4dcf8d5279cec1201dbc362f9596db3e968481dbda0bbe6,2015-12,Surrey Police,Northumbria Police,-1.596361,54.973410,On or near Crawhall Road,E01033548,Newcastle upon Tyne 023G,Public order,Investigation complete; no suspect identified,
d985537684168b530d7e7355e15eaa3f339ece5c64abe4f2f4f922d26ffb0a2e,2015-12,Surrey Police,Northumbria Police,-1.591707,54.971786,On or near Tyne Street,E01033548,Newcastle upon Tyne 023G,Violence and sexual offences,Investigation complete; no suspect identified,
93ca466c49a1abdf30fea8827f8c2e161d65e54a924014569c183ad207aa960b,2015-12,Surrey Police,Northumbria Police,-1.597819,54.972867,On or near Howard Street,E01033548,Newcastle upon Tyne 023G,Violence and sexual offences,Under investigation,
bd7bd10f32b7e0bf90a29a4222fdbdf509bbe82528bb616e99c2c8f4a806e9f1,2015-12,Surrey Police,Northumbria Police,-1.603791,54.969337,On or near Quayside,E01033548,Newcastle upon Tyne 023G,Violence and sexual offences,Under investigation,
d151b59a810fdab58a19e408e525387694b551392d6e317edc68873948f9cc4b,2015-12,Surrey Police,Northumbria Police,-1.603791,54.969337,On or near Quayside,E01033548,Newcastle upon Tyne 023G,Violence and sexual offences,Under investigation,
7d554b08580d78e6f8249a1b3548cc25d1b94d230c51a0948c321ee8c8c32309,2015-12,Surrey Police,Northumbria Police,-1.596361,54.973410,On or near Crawhall Road,E01033548,Newcastle upon Tyne 023G,Other crime,Investigation complete; no suspect identified,
,2015-12,Surrey Police,Northumbria Police,-1.603684,54.973784,On or near Argyle Street,E01033553,Newcastle upon Tyne 023H,Anti-social behaviour,,
,2015-12,Surrey Police,Northumbria Police,-1.606910,54.969787,On or near Pilgrim Street,E01033553,Newcastle upon Tyne 023H,Anti-social behaviour,,
,2015-12,Surrey Police,Northumbria Police,-1.604071,54.972537,On or near Pandon Bank,E01033553,Newcastle upon Tyne 023H,Anti-social behaviour,,
,2015-12,Surrey Police,Northumbria Police,-1.604071,54.972537,On or near Pandon Bank,E01033553,Newcastle upon Tyne 023H,Anti-social behaviour,,
,2015-12,Surrey Police,Northumbria Police,-1.604498,54.970444,On or near Pandon,E01033553,Newcastle upon Tyne 023H,Anti-social behaviour,,
,2015-12,Surrey Police,Northumbria Police,-1.605343,54.973502,On or near Trafalgar Street,E01033553,Newcastle upon Tyne 023H,Anti-social behaviour,,
,2015-12,Surrey Police,Northumbria Police,-1.601921,54.972026,On or near Jubilee Road,E01033553,Newcastle upon Tyne 023H,Anti-social behaviour,,
,2015-12,Surrey Police,Northumbria Police,-1.602700,54.970645,On or near Forster Street,E01033553,Newcastle upon Tyne 023H,Anti-social behaviour,,
,2015-12,Surrey Police,Northumbria Police,-1.605662,54.971194,On or near Parking Area,E01033553,Newcastle upon Tyne 023H,Anti-social behaviour,,
7d4e0dd1a21699f85cfa8df75a9881db04d80c6a69791c0b008ae2029b882401,2015-12,Surrey Police,Northumbria Police,-1.605343,54.973502,On or near Trafalgar Street,E01033553,Newcastle upon Tyne 023H,Criminal damage and arson,Investigation complete; no suspect identified,
0601dc338c6fa01e930e07edf690c5c5d7e151e72d8b03e1f81465c3ee25d544,2015-12,Surrey Police,Northumbria Police,-1.605453,54.971849,On or near Melbourne Street,E01033553,Newcastle upon Tyne 023H,Criminal damage and arson,Awaiting court outcome,
79f836ff0e7e05ec068aae34145d32880669aaa8ba1be809531d4da0e0c9fecd,2015-12,Surrey Police,Northumbria Police,-1.605824,54.969065,On or near King Street,E01033553,Newcastle upon Tyne 023H,Criminal damage and arson,Investigation complete; no suspect identified,
7ece54165c9a1f47e364b3ebd56f7da338dea686caab5c6e3945e7c16e341fdf,2015-12,Surrey Police,Northumbria Police,-1.605824,54.969065,On or near King Street,E01033553,Newcastle upon Tyne 023H,Criminal damage and arson,Investigation complete; no suspect identified,
d099f44e16caf8ce55e79a70a7d14aa5e6cf42a9dd50abe7b94953edb5d85b37,2015-12,Surrey Police,Northumbria Police,-1.605662,54.971194,On or near Parking Area,E01033553,Newcastle upon Tyne 023H,Criminal damage and arson,Local resolution,
2b9d3664a36423b7b500b085f13ee0b4014e045b9d385324d52fbb29e2c04c62,2015-12,Surrey Police,Northumbria Police,-1.605453,54.971849,On or near Melbourne Street,E01033553,Newcastle upon Tyne 023H,Criminal damage and arson,Awaiting court outcome,
f586a2255a34df16c9d5c167ff7e4995a937d421ea57a7225339ef13a4c412f7,2015-12,Surrey Police,Northumbria Police,-1.604498,54.970444,On or near Pandon,E01033553,Newcastle upon Tyne 023H,Other theft,Investigation complete; no suspect identified,
a626c3883ea001f0a04bb532c0293d4ccf106cacb33ba616fbcaf28b787cc1b6,2015-12,Surrey Police,Northumbria Police,-1.602700,54.970645,On or near Forster Street,E01033553,Newcastle upon Tyne 023H,Vehicle crime,Investigation complete; no suspect identified,
e07dc38e527255092f84aa505a79198f790d2367d56f94bcf029c84be12d7a9b,2015-12,Surrey Police,Northumbria Police,-1.603684,54.973784,On or near Argyle Street,E01033553,Newcastle upon Tyne 023H,Violence and sexual offences,Awaiting court outcome,
76df1167a16bdde961d9dacc3884fbcd3d0c3e819cd38a718a81d94cd2ba2fce,2015-12,Surrey Police,Northumbria Police,-1.601202,54.973606,On or near Stepney Lane,E01033553,Newcastle upon Tyne 023H,Violence and sexual offences,Under investigation,
654121367b86c604e065cc057908017e2abd766b32d634b69d7d16c05cb3469b,2015-12,Surrey Police,Northumbria Police,-1.605824,54.969065,On or near King Street,E01033553,Newcastle upon Tyne 023H,Violence and sexual offences,Investigation complete; no suspect identified,
6f9e7c492693b308a415e98f148ac9df61f46b19aba2d3db2edbd20f87dc58c2,2015-12,Surrey Police,Northumbria Police,-1.605343,54.973502,On or near Trafalgar Street,E01033553,Newcastle upon Tyne 023H,Violence and sexual offences,Investigation complete; no suspect identified,
c66a86b84f2e3325ddda7359c6b4d62e7a829cfbeeeafd13f6847d1af9cf72ad,2015-12,Surrey Police,Northumbria Police,-1.604071,54.972537,On or near Pandon Bank,E01033553,Newcastle upon Tyne 023H,Violence and sexual offences,Investigation complete; no suspect identified,
281617ef036d38687cc51683e0ddbed5b0dd8bef5bc02e71e971dc5702917d9e,2015-12,Surrey Police,Northumbria Police,-1.625293,54.983477,On or near Windmill Court,E01008394,Newcastle upon Tyne 024A,Burglary,Investigation complete; no suspect identified,
aada754e273951f5fe32e523e25bcb7c320b748f0fb898e577e4914299fdb7f8,2015-12,Surrey Police,Northumbria Police,-1.627695,54.983979,On or near Morpeth Street,E01008394,Newcastle upon Tyne 024A,Criminal damage and arson,Under investigation,
060fdb733e8ba3fbd59d0a59f0f221d441007b5cce13f232f796f4f243c2d6e8,2015-12,Surrey Police,Northumbria Police,-1.627005,54.984264,On or near Limewood Court,E01008394,Newcastle upon Tyne 024A,Drugs,Offender given absolute discharge,
e90f185d96fee581e58f5e69a6c218fa1829a208e3df05a85147670450d2598d,2015-12,Surrey Police,Northumbria Police,-1.625293,54.983477,On or near Windmill Court,E01008394,Newcastle upon Tyne 024A,Drugs,Offender given a caution,
bf8b3ae9b3e04fb309309aa3f013af3a1ed1e7bce0b8ed69cd5c93a3e5afb998,2015-12,Surrey Police,Northumbria Police,-1.627005,54.984264,On or near Limewood Court,E01008394,Newcastle upon Tyne 024A,Drugs,Under investigation,
1fd006db3ef1add075f5fb8074397425b5183075f8a741c4aa98f94433a5ef50,2015-12,Surrey Police,Northumbria Police,-1.627005,54.984264,On or near Limewood Court,E01008394,Newcastle upon Tyne 024A,Drugs,Under investigation,
76e9381d23243ad5020aabcbe6b8164882c1cbce7c9254f17ca972087f7a7acb,2015-12,Surrey Police,Northumbria Police,-1.625293,54.983477,On or near Windmill Court,E01008394,Newcastle upon Tyne 024A,Drugs,Under investigation,
1c5396f2c3f69e44d3830b39d624f3e8d76dea465b161c2995ff5c914bf44749,2015-12,Surrey Police,Northumbria Police,-1.627916,54.983719,On or near Cross Morpeth Street,E01008394,Newcastle upon Tyne 024A,Other theft,Investigation complete; no suspect identified,
7478d52b59b86123cb527c621337f40a6b1ffd7c097492e49efa7fe0c6686c98,2015-12,Surrey Police,Northumbria Police,-1.627005,54.984264,On or near Limewood Court,E01008394,Newcastle upon Tyne 024A,Violence and sexual offences,Under investigation,
dc4e34f0f4b9ab9b1a3783e1634ee946a31a02e37990d5b7da7f774ad803f3c5,2015-12,Surrey Police,Northumbria Police,-1.627916,54.983719,On or near Cross Morpeth Street,E01008394,Newcastle upon Tyne 024A,Violence and sexual offences,Investigation complete; no suspect identified,
,2015-12,Surrey Police,Northumbria Police,-1.622448,54.978598,On or near Park/Open Space,E01008395,Newcastle upon Tyne 024B,Anti-social behaviour,,
,2015-12,Surrey Police,Northumbria Police,-1.628860,54.976299,On or near Derby Street,E01008395,Newcastle upon Tyne 024B,Anti-social behaviour,,
,2015-12,Surrey Police,Northumbria Police,-1.628860,54.976299,On or near Derby Street,E01008395,Newcastle upon Tyne 024B,Anti-social behaviour,,
,2015-12,Surrey Police,Northumbria Police,-1.629670,54.976562,On or near Jefferson Place,E01008395,Newcastle upon Tyne 024B,Anti-social behaviour,,
,2015-12,Surrey Police,Northumbria Police,-1.619309,54.976863,On or near Leazes Crescent,E01008395,Newcastle upon Tyne 024B,Anti-social behaviour,,
,2015-12,Surrey Police,Northumbria Police,-1.621451,54.981614,On or near Further/Higher Educational Building,E01008395,Newcastle upon Tyne 024B,Anti-social behaviour,,
,2015-12,Surrey Police,Northumbria Police,-1.622448,54.978598,On or near Park/Open Space,E01008395,Newcastle upon Tyne 024B,Anti-social behaviour,,
8dc2592ed1f21a2b6bf4192232dd838d930e520afa7d29fb150b4de9b89d84b5,2015-12,Surrey Police,Northumbria Police,-1.622448,54.978598,On or near Park/Open Space,E01008395,Newcastle upon Tyne 024B,Bicycle theft,Investigation complete; no suspect identified,
44ae50a4b9dab2394ec5b733d4b50c9da589d871af934d56b6db7bec492702d8,2015-12,Surrey Police,Northumbria Police,-1.628860,54.976299,On or near Derby Street,E01008395,Newcastle upon Tyne 024B,Burglary,Investigation complete; no suspect identified,
4f253f367435e0685e8157cac495bdfcbfd9a2081a14385513e09f75635ef2a2,2015-12,Surrey Police,Northumbria Police,-1.624537,54.975810,On or near Parking Area,E01008395,Newcastle upon Tyne 024B,Criminal damage and arson,Investigation complete; no suspect identified,
b8c268fc43d82cba0295ae526b4350dade280802683d20bff992b00836c65257,2015-12,Surrey Police,Northumbria Police,-1.617573,54.977019,On or near St Thomas' Crescent,E01008395,Newcastle upon Tyne 024B,Criminal damage and arson,Investigation complete; no suspect identified,
ec11f9f98742a2aa4ad91289cdc2f32090d6f37b89f52227306df826f986a1a9,2015-12,Surrey Police,Northumbria Police,-1.639636,54.983736,On or near Ponteland Road,E01008395,Newcastle upon Tyne 024B,Criminal damage and arson,Investigation complete; no suspect identified,
6d249f5ecd0afbcb2e953952a331bc2c1e7bd5fd532157b055d73a8f93d9f0e0,2015-12,Surrey Police,Northumbria Police,-1.623571,54.980470,On or near Richardson Road,E01008395,Newcastle upon Tyne 024B,Drugs,Offender given a caution,
b674b8452327cfc3ee3b6efe6ec6d20b3098b0df65b94311b70fc61b84df3ca4,2015-12,Surrey Police,Northumbria Police,-1.639378,54.988067,On or near Grandstand Road,E01008395,Newcastle upon Tyne 024B,Drugs,Offender given a caution,
ac5d5ba74975ea886919d3b04f084e413cc1e02e2658bef41359a90911c0509b,2015-12,Surrey Police,Northumbria Police,-1.639636,54.983736,On or near Ponteland Road,E01008395,Newcastle upon Tyne 024B,Other theft,Investigation complete; no suspect identified,
add0c560aa121e545f08771d53ca6a86e264a3244a7ca45c7679ec7fa3e8aafd,2015-12,Surrey Police,Northumbria Police,-1.624248,54.983321,On or near Claremont Street,E01008395,Newcastle upon Tyne 024B,Other theft,Investigation complete; no suspect identified,
dbf19b6a6824f868d0b6411e18ff51c31486a10219c74f4940ab2069dbf4b725,2015-12,Surrey Police,Northumbria Police,-1.632452,54.983238,On or near Hunter'S Road,E01008395,Newcastle upon Tyne 024B,Other theft,Investigation complete; no suspect identified,
3f5cd33cb4c2eff3c48bf0be26843ff1c3ff4497b2764273791f1996770c5a29,2015-12,Surrey Police,Northumbria Police,-1.628860,54.976299,On or near Derby Street,E01008395,Newcastle upon Tyne 024B,Public order,Investigation complete; no suspect identified,
c5cc9e8abca50a51b3fd88ec51a9c98d9d41d0e6b0adaea49110360a641d8bf0,2015-12,Surrey Police,Northumbria Police,-1.619156,54.976476,On or near Parking Area,E01008395,Newcastle upon Tyne 024B,Public order,Awaiting court outcome,
a68936d23dd8bd6bece4d15955cc2401c7971ebbe37c8775f9a0464a987ebb0e,2015-12,Surrey Police,Northumbria Police,-1.622448,54.978598,On or near Park/Open Space,E01008395,Newcastle upon Tyne 024B,Public order,Offender sent to prison,
4e2a750d0c9c6b409b81b76afb4a7570a6ca1bd3d519789245f578d1c26804e4,2015-12,Surrey Police,Northumbria Police,-1.617573,54.977019,On or near St Thomas' Crescent,E01008395,Newcastle upon Tyne 024B,Violence and sexual offences,Awaiting court outcome,
da959a22644d52f15fe06b55b35896fdffca79dc1c8a95ecc8bfa7c98c121f00,2015-12,Surrey Police,Northumbria Police,-1.622419,54.981698,On or near Further/Higher Educational Building,E01008395,Newcastle upon Tyne 024B,Violence and sexual offences,Under investigation,
60cb40227bd97530f28bf7eebcac8d19c626acd3ad25fe151ea3b022d35b4e6f,2015-12,Surrey Police,Northumbria Police,-1.617573,54.977019,On or near St Thomas' Crescent,E01008395,Newcastle upon Tyne 024B,Violence and sexual offences,Awaiting court outcome,
6bc05f0ea2aa8a4b513a4091db293d450675e42db46c5bf9687d0ba43fd99837,2015-12,Surrey Police,Northumbria Police,-1.629600,54.977371,On or near Holywell Close,E01008395,Newcastle upon Tyne 024B,Violence and sexual offences,Under investigation,
,2015-12,Surrey Police,Northumbria Police,-1.621664,54.975558,On or near Sports/Recreation Area,E01008397,Newcastle upon Tyne 024C,Anti-social behaviour,,
,2015-12,Surrey Police,Northumbria Police,-1.612740,54.974308,On or near Shopping Area,E01008397,Newcastle upon Tyne 024C,Anti-social behaviour,,
,2015-12,Surrey Police,Northumbria Police,-1.617388,54.975131,On or near Percy Street,E01008397,Newcastle upon Tyne 024C,Anti-social behaviour,,
,2015-12,Surrey Police,Northumbria Police,-1.612220,54.976400,On or near Shopping Area,E01008397,Newcastle upon Tyne 024C,Anti-social behaviour,,
,2015-12,Surrey Police,Northumbria Police,-1.610818,54.976009,On or near North Street,E01008397,Newcastle upon Tyne 024C,Anti-social behaviour,,
,2015-12,Surrey Police,Northumbria Police,-1.621664,54.975558,On or near Sports/Recreation Area,E01008397,Newcastle upon Tyne 024C,Anti-social behaviour,,
,2015-12,Surrey Police,Northumbria Police,-1.612220,54.976400,On or near Shopping Area,E01008397,Newcastle upon Tyne 024C,Anti-social behaviour,,
,2015-12,Surrey Police,Northumbria Police,-1.621664,54.975558,On or near Sports/Recreation Area,E01008397,Newcastle upon Tyne 024C,Anti-social behaviour,,
,2015-12,Surrey Police,Northumbria Police,-1.616721,54.974644,On or near Shopping Area,E01008397,Newcastle upon Tyne 024C,Anti-social behaviour,,
,2015-12,Surrey Police,Northumbria Police,-1.610818,54.976009,On or near North Street,E01008397,Newcastle upon Tyne 024C,Anti-social behaviour,,
,2015-12,Surrey Police,Northumbria Police,-1.614002,54.976262,On or near Shopping Area,E01008397,Newcastle upon Tyne 024C,Anti-social behaviour,,
,2015-12,Surrey Police,Northumbria Police,-1.614816,54.976112,On or near Prudhoe Place,E01008397,Newcastle upon Tyne 024C,Anti-social behaviour,,
,2015-12,Surrey Police,Northumbria Police,-1.612220,54.976400,On or near Shopping Area,E01008397,Newcastle upon Tyne 024C,Anti-social behaviour,,
,2015-12,Surrey Police,Northumbria Police,-1.609698,54.975529,On or near Parking Area,E01008397,Newcastle upon Tyne 024C,Anti-social behaviour,,
,2015-12,Surrey Police,Northumbria Police,-1.614126,54.977988,On or near Barras Bridge,E01008397,Newcastle upon Tyne 024C,Anti-social behaviour,,
,2015-12,Surrey Police,Northumbria Police,-1.616598,54.975991,On or near Parking Area,E01008397,Newcastle upon Tyne 024C,Anti-social behaviour,,
,2015-12,Surrey Police,Northumbria Police,-1.616721,54.974644,On or near Shopping Area,E01008397,Newcastle upon Tyne 024C,Anti-social behaviour,,
,2015-12,Surrey Police,Northumbria Police,-1.612220,54.976400,On or near Shopping Area,E01008397,Newcastle upon Tyne 024C,Anti-social behaviour,,
,2015-12,Surrey Police,Northumbria Police,-1.621664,54.975558,On or near Sports/Recreation Area,E01008397,Newcastle upon Tyne 024C,Anti-social behaviour,,
,2015-12,Surrey Police,Northumbria Police,-1.612220,54.976400,On or near Shopping Area,E01008397,Newcastle upon Tyne 024C,Anti-social behaviour,,
,2015-12,Surrey Police,Northumbria Police,-1.614816,54.976112,On or near Prudhoe Place,E01008397,Newcastle upon Tyne 024C,Anti-social behaviour,,
,2015-12,Surrey Police,Northumbria Police,-1.616721,54.974644,On or near Shopping Area,E01008397,Newcastle upon Tyne 024C,Anti-social behaviour,,
,2015-12,Surrey Police,Northumbria Police,-1.612740,54.974308,On or near Shopping Area,E01008397,Newcastle upon Tyne 024C,Anti-social behaviour,,
,2015-12,Surrey Police,Northumbria Police,-1.609698,54.975529,On or near Parking Area,E01008397,Newcastle upon Tyne 024C,Anti-social behaviour,,
,2015-12,Surrey Police,Northumbria Police,-1.612220,54.976400,On or near Shopping Area,E01008397,Newcastle upon Tyne 024C,Anti-social behaviour,,
,2015-12,Surrey Police,Northumbria Police,-1.612134,54.977199,On or near Ridley Place,E01008397,Newcastle upon Tyne 024C,Anti-social behaviour,,
,2015-12,Surrey Police,Northumbria Police,-1.612740,54.974308,On or near Shopping Area,E01008397,Newcastle upon Tyne 024C,Anti-social behaviour,,
,2015-12,Surrey Police,Northumbria Police,-1.612220,54.976400,On or near Shopping Area,E01008397,Newcastle upon Tyne 024C,Anti-social behaviour,,
,2015-12,Surrey Police,Northumbria Police,-1.612740,54.974308,On or near Shopping Area,E01008397,Newcastle upon Tyne 024C,Anti-social behaviour,,
,2015-12,Surrey Police,Northumbria Police,-1.616598,54.975991,On or near Parking Area,E01008397,Newcastle upon Tyne 024C,Anti-social behaviour,,
,2015-12,Surrey Police,Northumbria Police,-1.614126,54.977988,On or near Barras Bridge,E01008397,Newcastle upon Tyne 024C,Anti-social behaviour,,
,2015-12,Surrey Police,Northumbria Police,-1.611154,54.975165,On or near Lisle Street,E01008397,Newcastle upon Tyne 024C,Anti-social behaviour,,
,2015-12,Surrey Police,Northumbria Police,-1.612740,54.974308,On or near Shopping Area,E01008397,Newcastle upon Tyne 024C,Anti-social behaviour,,
,2015-12,Surrey Police,Northumbria Police,-1.614002,54.976262,On or near Shopping Area,E01008397,Newcastle upon Tyne 024C,Anti-social behaviour,,
,2015-12,Surrey Police,Northumbria Police,-1.621086,54.973876,On or near Parking Area,E01008397,Newcastle upon Tyne 024C,Anti-social behaviour,,
,2015-12,Surrey Police,Northumbria Police,-1.616721,54.974644,On or near Shopping Area,E01008397,Newcastle upon Tyne 024C,Anti-social behaviour,,
,2015-12,Surrey Police,Northumbria Police,-1.614126,54.977988,On or near Barras Bridge,E01008397,Newcastle upon Tyne 024C,Anti-social behaviour,,
,2015-12,Surrey Police,Northumbria Police,-1.614816,54.976112,On or near Prudhoe Place,E01008397,Newcastle upon Tyne 024C,Anti-social behaviour,,
,2015-12,Surrey Police,Northumbria Police,-1.614126,54.977988,On or near Barras Bridge,E01008397,Newcastle upon Tyne 024C,Anti-social behaviour,,
,2015-12,Surrey Police,Northumbria Police,-1.619938,54.974780,On or near Strawberry Place,E01008397,Newcastle upon Tyne 024C,Anti-social behaviour,,
,2015-12,Surrey Police,Northumbria Police,-1.611643,54.977899,On or near St Mary'S Place,E01008397,Newcastle upon Tyne 024C,Anti-social behaviour,,
,2015-12,Surrey Police,Northumbria Police,-1.610818,54.976009,On or near North Street,E01008397,Newcastle upon Tyne 024C,Anti-social behaviour,,
,2015-12,Surrey Police,Northumbria Police,-1.614002,54.976262,On or near Shopping Area,E01008397,Newcastle upon Tyne 024C,Anti-social behaviour,,
,2015-12,Surrey Police,Northumbria Police,-1.612220,54.976400,On or near Shopping Area,E01008397,Newcastle upon Tyne 024C,Anti-social behaviour,,
,2015-12,Surrey Police,Northumbria Police,-1.612740,54.974308,On or near Shopping Area,E01008397,Newcastle upon Tyne 024C,Anti-social behaviour,,
,2015-12,Surrey Police,Northumbria Police,-1.611052,54.974419,On or near New Bridge Street West,E01008397,Newcastle upon Tyne 024C,Anti-social behaviour,,
,2015-12,Surrey Police,Northumbria Police,-1.611154,54.975165,On or near Lisle Street,E01008397,Newcastle upon Tyne 024C,Anti-social behaviour,,
,2015-12,Surrey Police,Northumbria Police,-1.616726,54.977349,On or near St Thomas' Street,E01008397,Newcastle upon Tyne 024C,Anti-social behaviour,,
,2015-12,Surrey Police,Northumbria Police,-1.611154,54.975165,On or near Lisle Street,E01008397,Newcastle upon Tyne 024C,Anti-social behaviour,,
,2015-12,Surrey Police,Northumbria Police,-1.609051,54.977774,On or near College Lane,E01008397,Newcastle upon Tyne 024C,Anti-social behaviour,,
,2015-12,Surrey Police,Northumbria Police,-1.616721,54.974644,On or near Shopping Area,E01008397,Newcastle upon Tyne 024C,Anti-social behaviour,,
,2015-12,Surrey Police,Northumbria Police,-1.612220,54.976400,On or near Shopping Area,E01008397,Newcastle upon Tyne 024C,Anti-social behaviour,,
,2015-12,Surrey Police,Northumbria Police,-1.612740,54.974308,On or near Shopping Area,E01008397,Newcastle upon Tyne 024C,Anti-social behaviour,,
,2015-12,Surrey Police,Northumbria Police,-1.614445,54.974044,On or near Blackett Street,E01008397,Newcastle upon Tyne 024C,Anti-social behaviour,,
,2015-12,Surrey Police,Northumbria Police,-1.614816,54.976112,On or near Prudhoe Place,E01008397,Newcastle upon Tyne 024C,Anti-social behaviour,,
,2015-12,Surrey Police,Northumbria Police,-1.612220,54.976400,On or near Shopping Area,E01008397,Newcastle upon Tyne 024C,Anti-social behaviour,,
,2015-12,Surrey Police,Northumbria Police,-1.617468,54.978232,On or near Further/Higher Educational Building,E01008397,Newcastle upon Tyne 024C,Anti-social behaviour,,
,2015-12,Surrey Police,Northumbria Police,-1.612740,54.974308,On or near Shopping Area,E01008397,Newcastle upon Tyne 024C,Anti-social behaviour,,
,2015-12,Surrey Police,Northumbria Police,-1.614223,54.974393,On or near Eldon Lane,E01008397,Newcastle upon Tyne 024C,Anti-social behaviour,,
,2015-12,Surrey Police,Northumbria Police,-1.617388,54.975131,On or near Percy Street,E01008397,Newcastle upon Tyne 024C,Anti-social behaviour,,
,2015-12,Surrey Police,Northumbria Police,-1.612740,54.974308,On or near Shopping Area,E01008397,Newcastle upon Tyne 024C,Anti-social behaviour,,
,2015-12,Surrey Police,Northumbria Police,-1.617388,54.975131,On or near Percy Street,E01008397,Newcastle upon Tyne 024C,Anti-social behaviour,,
,2015-12,Surrey Police,Northumbria Police,-1.612220,54.976400,On or near Shopping Area,E01008397,Newcastle upon Tyne 024C,Anti-social behaviour,,
,2015-12,Surrey Police,Northumbria Police,-1.617120,54.978617,On or near Edward'S Walk,E01008397,Newcastle upon Tyne 024C,Anti-social behaviour,,
,2015-12,Surrey Police,Northumbria Police,-1.614002,54.976262,On or near Shopping Area,E01008397,Newcastle upon Tyne 024C,Anti-social behaviour,,
,2015-12,Surrey Police,Northumbria Police,-1.612740,54.974308,On or near Shopping Area,E01008397,Newcastle upon Tyne 024C,Anti-social behaviour,,
,2015-12,Surrey Police,Northumbria Police,-1.609698,54.975529,On or near Parking Area,E01008397,Newcastle upon Tyne 024C,Anti-social behaviour,,
,2015-12,Surrey Police,Northumbria Police,-1.617120,54.978617,On or near Edward'S Walk,E01008397,Newcastle upon Tyne 024C,Anti-social behaviour,,
,2015-12,Surrey Police,Northumbria Police,-1.612740,54.974308,On or near Shopping Area,E01008397,Newcastle upon Tyne 024C,Anti-social behaviour,,
,2015-12,Surrey Police,Northumbria Police,-1.614002,54.976262,On or near Shopping Area,E01008397,Newcastle upon Tyne 024C,Anti-social behaviour,,
,2015-12,Surrey Police,Northumbria Police,-1.615061,54.975034,On or near Shopping Area,E01008397,Newcastle upon Tyne 024C,Anti-social behaviour,,
,2015-12,Surrey Police,Northumbria Police,-1.616721,54.974644,On or near Shopping Area,E01008397,Newcastle upon Tyne 024C,Anti-social behaviour,,
,2015-12,Surrey Police,Northumbria Police,-1.609051,54.977774,On or near College Lane,E01008397,Newcastle upon Tyne 024C,Anti-social behaviour,,
,2015-12,Surrey Police,Northumbria Police,-1.614002,54.976262,On or near Shopping Area,E01008397,Newcastle upon Tyne 024C,Anti-social behaviour,,
,2015-12,Surrey Police,Northumbria Police,-1.610818,54.976009,On or near North Street,E01008397,Newcastle upon Tyne 024C,Anti-social behaviour,,
,2015-12,Surrey Police,Northumbria Police,-1.610818,54.976009,On or near North Street,E01008397,Newcastle upon Tyne 024C,Anti-social behaviour,,
,2015-12,Surrey Police,Northumbria Police,-1.616598,54.975991,On or near Parking Area,E01008397,Newcastle upon Tyne 024C,Anti-social behaviour,,
,2015-12,Surrey Police,Northumbria Police,-1.612220,54.976400,On or near Shopping Area,E01008397,Newcastle upon Tyne 024C,Anti-social behaviour,,
,2015-12,Surrey Police,Northumbria Police,-1.612220,54.976400,On or near Shopping Area,E01008397,Newcastle upon Tyne 024C,Anti-social behaviour,,
,2015-12,Surrey Police,Northumbria Police,-1.612740,54.974308,On or near Shopping Area,E01008397,Newcastle upon Tyne 024C,Anti-social behaviour,,
,2015-12,Surrey Police,Northumbria Police,-1.617120,54.978617,On or near Edward'S Walk,E01008397,Newcastle upon Tyne 024C,Anti-social behaviour,,
,2015-12,Surrey Police,Northumbria Police,-1.611154,54.975165,On or near Lisle Street,E01008397,Newcastle upon Tyne 024C,Anti-social behaviour,,
,2015-12,Surrey Police,Northumbria Police,-1.614126,54.977988,On or near Barras Bridge,E01008397,Newcastle upon Tyne 024C,Anti-social behaviour,,
,2015-12,Surrey Police,Northumbria Police,-1.616726,54.977349,On or near St Thomas' Street,E01008397,Newcastle upon Tyne 024C,Anti-social behaviour,,
,2015-12,Surrey Police,Northumbria Police,-1.616721,54.974644,On or near Shopping Area,E01008397,Newcastle upon Tyne 024C,Anti-social behaviour,,
,2015-12,Surrey Police,Northumbria Police,-1.612740,54.974308,On or near Shopping Area,E01008397,Newcastle upon Tyne 024C,Anti-social behaviour,,
,2015-12,Surrey Police,Northumbria Police,-1.612740,54.974308,On or near Shopping Area,E01008397,Newcastle upon Tyne 024C,Anti-social behaviour,,
,2015-12,Surrey Police,Northumbria Police,-1.612220,54.976400,On or near Shopping Area,E01008397,Newcastle upon Tyne 024C,Anti-social behaviour,,
,2015-12,Surrey Police,Northumbria Police,-1.609051,54.977774,On or near College Lane,E01008397,Newcastle upon Tyne 024C,Anti-social behaviour,,
,2015-12,Surrey Police,Northumbria Police,-1.611154,54.975165,On or near Lisle Street,E01008397,Newcastle upon Tyne 024C,Anti-social behaviour,,
,2015-12,Surrey Police,Northumbria Police,-1.616598,54.975991,On or near Parking Area,E01008397,Newcastle upon Tyne 024C,Anti-social behaviour,,
,2015-12,Surrey Police,Northumbria Police,-1.612134,54.977199,On or near Ridley Place,E01008397,Newcastle upon Tyne 024C,Anti-social behaviour,,
,2015-12,Surrey Police,Northumbria Police,-1.617120,54.978617,On or near Edward'S Walk,E01008397,Newcastle upon Tyne 024C,Anti-social behaviour,,
,2015-12,Surrey Police,Northumbria Police,-1.611154,54.975165,On or near Lisle Street,E01008397,Newcastle upon Tyne 024C,Anti-social behaviour,,
,2015-12,Surrey Police,Northumbria Police,-1.618460,54.975683,On or near Leazes Park Road,E01008397,Newcastle upon Tyne 024C,Anti-social behaviour,,
,2015-12,Surrey Police,Northumbria Police,-1.612740,54.974308,On or near Shopping Area,E01008397,Newcastle upon Tyne 024C,Anti-social behaviour,,
,2015-12,Surrey Police,Northumbria Police,-1.612740,54.974308,On or near Shopping Area,E01008397,Newcastle upon Tyne 024C,Anti-social behaviour,,
,2015-12,Surrey Police,Northumbria Police,-1.614816,54.976112,On or near Prudhoe Place,E01008397,Newcastle upon Tyne 024C,Anti-social behaviour,,
,2015-12,Surrey Police,Northumbria Police,-1.621086,54.973876,On or near Parking Area,E01008397,Newcastle upon Tyne 024C,Anti-social behaviour,,
,2015-12,Surrey Police,Northumbria Police,-1.611643,54.977899,On or near St Mary'S Place,E01008397,Newcastle upon Tyne 024C,Anti-social behaviour,,
,2015-12,Surrey Police,Northumbria Police,-1.608828,54.979813,On or near Further/Higher Educational Building,E01008397,Newcastle upon Tyne 024C,Anti-social behaviour,,
,2015-12,Surrey Police,Northumbria Police,-1.608828,54.979813,On or near Further/Higher Educational Building,E01008397,Newcastle upon Tyne 024C,Anti-social behaviour,,
8a9da5daa21473d809e2ebfe44410e2cda988af62a8af47624fe943d80417c6f,2015-12,Surrey Police,Northumbria Police,-1.614816,54.976112,On or near Prudhoe Place,E01008397,Newcastle upon Tyne 024C,Bicycle theft,Investigation complete; no suspect identified,
2c29e784e9a507165c920901de9eb6779ffd616e59331dddf2f37b1d6abed124,2015-12,Surrey Police,Northumbria Police,-1.619111,54.974642,On or near Parking Area,E01008397,Newcastle upon Tyne 024C,Bicycle theft,Investigation complete; no suspect identified,
3b17f4d6e375b9d1f9267863d5059d2b1de8d5b6f3660e4370f2ebac4e0eb3fd,2015-12,Surrey Police,Northumbria Police,-1.609051,54.977774,On or near College Lane,E01008397,Newcastle upon Tyne 024C,Bicycle theft,Awaiting court outcome,
eecad30182a6dfe65d10c96cdac2fb67793e435f0b105df0d8623d623b9e9e58,2015-12,Surrey Police,Northumbria Police,-1.617120,54.978617,On or near Edward'S Walk,E01008397,Newcastle upon Tyne 024C,Bicycle theft,Offender given community sentence,
27f1d79b4886f69943edeca1f185863dd5741a77cb8b5c57e83e689f712b8c9e,2015-12,Surrey Police,Northumbria Police,-1.618219,54.976419,On or near Leazes Lane,E01008397,Newcastle upon Tyne 024C,Bicycle theft,Investigation complete; no suspect identified,
d86b16bad5ac70653174ed8b9066ba022d558937559b3d9f710569299db99c3c,2015-12,Surrey Police,Northumbria Police,-1.614126,54.977988,On or near Barras Bridge,E01008397,Newcastle upon Tyne 024C,Bicycle theft,Investigation complete; no suspect identified,
8d901565e82e80ce9ac975115d9b05c509daa34117a03bd0e0b885a20e906090,2015-12,Surrey Police,Northumbria Police,-1.621086,54.973876,On or near Parking Area,E01008397,Newcastle upon Tyne 024C,Burglary,Under investigation,
b5ea80545f732761cf8066c429b8dd0112aed08f3af868eb4b55243ecfa5a1f7,2015-12,Surrey Police,Northumbria Police,-1.609751,54.976428,On or near North Street East,E01008397,Newcastle upon Tyne 024C,Burglary,Offender given suspended prison sentence,
772fbab49172b04865347bcd529bdf59693fb267bec9f97457fc07d4cc3fd392,2015-12,Surrey Police,Northumbria Police,-1.614002,54.976262,On or near Shopping Area,E01008397,Newcastle upon Tyne 024C,Burglary,Offender sent to prison,
0c6e37a08908480c1b721e29deed72bdc7b075b82007042697ce7cad818652a3,2015-12,Surrey Police,Northumbria Police,-1.609698,54.975529,On or near Parking Area,E01008397,Newcastle upon Tyne 024C,Criminal damage and arson,Investigation complete; no suspect identified,
17df0249c5716b7883b6e3e37c4946142dee38940f8733e8749c15a4537487b4,2015-12,Surrey Police,Northumbria Police,-1.621086,54.973876,On or near Parking Area,E01008397,Newcastle upon Tyne 024C,Criminal damage and arson,Investigation complete; no suspect identified,
4ddeed97c1310259b03f2e87204c701e2399d3b7bebf493e2da6b7bb3604017d,2015-12,Surrey Police,Northumbria Police,-1.616721,54.974644,On or near Shopping Area,E01008397,Newcastle upon Tyne 024C,Criminal damage and arson,Investigation complete; no suspect identified,
00af24ef5f0a3394fe2fbf271b73767b942fa9f712f9d0538b4571a085fbd9a2,2015-12,Surrey Police,Northumbria Police,-1.614445,54.974044,On or near Blackett Street,E01008397,Newcastle upon Tyne 024C,Criminal damage and arson,Investigation complete; no suspect identified,
9a8c1b40951c36cd461c1f10c1835cc48a292ef0b6ed607a1cdd5f6273324566,2015-12,Surrey Police,Northumbria Police,-1.621086,54.973876,On or near Parking Area,E01008397,Newcastle upon Tyne 024C,Criminal damage and arson,Investigation complete; no suspect identified,
28b5edb0ab6850275eef62ecb842e255e47d4ee50aadbe1f59a53574034922ad,2015-12,Surrey Police,Northumbria Police,-1.609698,54.975529,On or near Parking Area,E01008397,Newcastle upon Tyne 024C,Criminal damage and arson,Offender given a caution,
665b10b0759ad5557e387be47e8aaa8f7f2d2bf55144c4d5c57ceb5c9af3d7a1,2015-12,Surrey Police,Northumbria Police,-1.611154,54.975165,On or near Lisle Street,E01008397,Newcastle upon Tyne 024C,Criminal damage and arson,Investigation complete; no suspect identified,
0b97a81990e8904e572abd9a686c9dea166505da77c6733728d30ed8e1bfc668,2015-12,Surrey Police,Northumbria Police,-1.614126,54.977988,On or near Barras Bridge,E01008397,Newcastle upon Tyne 024C,Criminal damage and arson,Investigation complete; no suspect identified,
0adc2c60f6336d5998d89a5fe1e3c9f5c3059dfa3b7da3c6496bc4bd7888d45b,2015-12,Surrey Police,Northumbria Police,-1.621086,54.973876,On or near Parking Area,E01008397,Newcastle upon Tyne 024C,Criminal damage and arson,Investigation complete; no suspect identified,
d2720e88223516594e1648906f782f18a0f24f16e5d4faf073372ea253262785,2015-12,Surrey Police,Northumbria Police,-1.617120,54.978617,On or near Edward'S Walk,E01008397,Newcastle upon Tyne 024C,Drugs,Offender given a drugs possession warning,
c1c36cf9ce6264ef9a31932cb321fbbcac4385d39e5710a4f0aa482613277b1f,2015-12,Surrey Police,Northumbria Police,-1.617120,54.978617,On or near Edward'S Walk,E01008397,Newcastle upon Tyne 024C,Drugs,Offender given conditional discharge,
d884301a32966e74b89ec9664a7f74443bfbc782ec460b2011dc61ec5ce8a926,2015-12,Surrey Police,Northumbria Police,-1.612740,54.974308,On or near Shopping Area,E01008397,Newcastle upon Tyne 024C,Drugs,Awaiting court outcome,
5c1c96ad15fa95cd86d829966390072763e4c51c1b5c38541d31cb4e693089c7,2015-12,Surrey Police,Northumbria Police,-1.614126,54.977988,On or near Barras Bridge,E01008397,Newcastle upon Tyne 024C,Drugs,Offender given a caution,
92853dbe6a94966893bf8989aa79c15a74260eb79ca04e548b7bbe6bd0ffed47,2015-12,Surrey Police,Northumbria Police,-1.616721,54.974644,On or near Shopping Area,E01008397,Newcastle upon Tyne 024C,Drugs,Awaiting court outcome,
a3386bcb3b2c6ac3624f6f05e9325a08b3e5112f56e38fb957f7528c37e5d10a,2015-12,Surrey Police,Northumbria Police,-1.621664,54.975558,On or near Sports/Recreation Area,E01008397,Newcastle upon Tyne 024C,Drugs,Offender given a caution,
34614cfa8376549e71096236b585dd97bae90949951518f55c32be5470881e5c,2015-12,Surrey Police,Northumbria Police,-1.612740,54.974308,On or near Shopping Area,E01008397,Newcastle upon Tyne 024C,Drugs,Offender given conditional discharge,
7a59e8c5c41e4693eda9e4882eb7a847df39596cd9af1808f7caa671ce59f89a,2015-12,Surrey Police,Northumbria Police,-1.607514,54.976753,On or near Further/Higher Educational Building,E01008397,Newcastle upon Tyne 024C,Drugs,Offender fined,
c8654fffd88d95396a92bdf86e1649b5be93e0da70ff0c8a1bcc247ea3f59801,2015-12,Surrey Police,Northumbria Police,-1.614102,54.974025,On or near Blackett Street,E01008397,Newcastle upon Tyne 024C,Drugs,Under investigation,
b6ec164b9623ec180a39ed19197bdb1c2f71a701f6750fdee19b4f95b2f37cec,2015-12,Surrey Police,Northumbria Police,-1.621664,54.975558,On or near Sports/Recreation Area,E01008397,Newcastle upon Tyne 024C,Drugs,Offender fined,
38febaf42243c76cbe40eabfd81918e1057849e04f30e8c186bc68aa19aed960,2015-12,Surrey Police,Northumbria Police,-1.614002,54.976262,On or near Shopping Area,E01008397,Newcastle upon Tyne 024C,Other theft,Investigation complete; no suspect identified,
d7a5e24af4b476afdc552fa6d6a33e1d86fc5ef3a0def3bf3c2a9d3dd196c996,2015-12,Surrey Police,Northumbria Police,-1.616721,54.974644,On or near Shopping Area,E01008397,Newcastle upon Tyne 024C,Other theft,Investigation complete; no suspect identified,
588ce41f4c1bce306d20a63c8061f1de8a177c07ddc9c047440ce18266a96a26,2015-12,Surrey Police,Northumbria Police,-1.611643,54.977899,On or near St Mary'S Place,E01008397,Newcastle upon Tyne 024C,Other theft,Investigation complete; no suspect identified,
7b809c4574d691f95a67f79f3ad7e208a4be6b1a67e43e39c8de2d323dd47880,2015-12,Surrey Police,Northumbria Police,-1.621664,54.975558,On or near Sports/Recreation Area,E01008397,Newcastle upon Tyne 024C,Other theft,Under investigation,
b3a740438b31b028f90cfca7c71d61d206590266ffca8655513120d53d3e586a,2015-12,Surrey Police,Northumbria Police,-1.610177,54.980824,On or near Jesmond Road West,E01008397,Newcastle upon Tyne 024C,Other theft,Investigation complete; no suspect identified,
22ffe637c364c3a212dd08b63cac46412a44ddfbc2d1b96d8fb73f91dcf68822,2015-12,Surrey Police,Northumbria Police,-1.616721,54.974644,On or near Shopping Area,E01008397,Newcastle upon Tyne 024C,Other theft,Under investigation,
0f26f9756ccd0e8f785feb6ac7a78f88fd1f12338fc2c5f15ac4da1c67b77634,2015-12,Surrey Police,Northumbria Police,-1.615061,54.975034,On or near Shopping Area,E01008397,Newcastle upon Tyne 024C,Other theft,Investigation complete; no suspect identified,
99f2a7f572c8cff1621ca3caf417baeb9ac425dbec50b3268b466eef75ccd6fd,2015-12,Surrey Police,Northumbria Police,-1.612220,54.976400,On or near Shopping Area,E01008397,Newcastle upon Tyne 024C,Other theft,Investigation complete; no suspect identified,
7d2729317680e41b32568b0a83e0787dcb35f684c8133b4a4ab7226d8151f074,2015-12,Surrey Police,Northumbria Police,-1.616721,54.974644,On or near Shopping Area,E01008397,Newcastle upon Tyne 024C,Other theft,Investigation complete; no suspect identified,
245d18d8766acfc0ef83ebc4555708ea3ae4f82ab2aa8c530a7ef1d7936b5859,2015-12,Surrey Police,Northumbria Police,-1.608788,54.975859,On or near B1309,E01008397,Newcastle upon Tyne 024C,Other theft,Under investigation,
b318035ba7624fc5086f1b16f899c63fa3c4c13d36e11d81ee313cd92ada128c,2015-12,Surrey Police,Northumbria Police,-1.612220,54.976400,On or near Shopping Area,E01008397,Newcastle upon Tyne 024C,Other theft,Investigation complete; no suspect identified,
c3d1a51912e3dd28fe57d8721f825212dedd26b07af645c7b5304c863e718efe,2015-12,Surrey Police,Northumbria Police,-1.616721,54.974644,On or near Shopping Area,E01008397,Newcastle upon Tyne 024C,Other theft,Investigation complete; no suspect identified,
b4362a60bbdd2b2a27e29417f1191b3ed18a16e2151c60785ed70502d2c493a8,2015-12,Surrey Police,Northumbria Police,-1.612134,54.977199,On or near Ridley Place,E01008397,Newcastle upon Tyne 024C,Other theft,Under investigation,
1e099be058b799f73b7cf7f5565c0d8deda3638190e16900a9a4661682138a04,2015-12,Surrey Police,Northumbria Police,-1.612134,54.977199,On or near Ridley Place,E01008397,Newcastle upon Tyne 024C,Other theft,Investigation complete; no suspect identified,
dfe90e39a1e77f19396fdb7d9958b76416e0185a94f0f84a21bbe299732d265f,2015-12,Surrey Police,Northumbria Police,-1.616721,54.974644,On or near Shopping Area,E01008397,Newcastle upon Tyne 024C,Other theft,Investigation complete; no suspect identified,
20d4986ae0e7d70451ba8a06fc1c1ae9f43a1c32fede79db7a93d1565ea1ec19,2015-12,Surrey Police,Northumbria Police,-1.615061,54.975034,On or near Shopping Area,E01008397,Newcastle upon Tyne 024C,Other theft,Investigation complete; no suspect identified,
6af6acc236bb07151e6a2bde8d9d37ba0587f72e503a99641e1f4067125eb68b,2015-12,Surrey Police,Northumbria Police,-1.611643,54.977899,On or near St Mary'S Place,E01008397,Newcastle upon Tyne 024C,Other theft,Investigation complete; no suspect identified,
fe1dfa20971e33b75d3135b8fa19634bfabf5a0cd27d070a7695cfc28e1bc485,2015-12,Surrey Police,Northumbria Police,-1.617388,54.975131,On or near Percy Street,E01008397,Newcastle upon Tyne 024C,Other theft,Investigation complete; no suspect identified,
f09c60e5436ff8e00aa083159e91e2a78ddd6bf67efd2525eeb5b325f6ce29cd,2015-12,Surrey Police,Northumbria Police,-1.617120,54.978617,On or near Edward'S Walk,E01008397,Newcastle upon Tyne 024C,Other theft,Under investigation,
96e8e8f8e688cb1d683e365a88ca8b9b90758776778fce78bfe12f992a2efcb2,2015-12,Surrey Police,Northumbria Police,-1.612740,54.974308,On or near Shopping Area,E01008397,Newcastle upon Tyne 024C,Other theft,Investigation complete; no suspect identified,
d09c72ee9274092472933bc00f02b8c5414b3eb7dee557f0127e540c1cf2dc06,2015-12,Surrey Police,Northumbria Police,-1.609441,54.979384,On or near Sandyford Road,E01008397,Newcastle upon Tyne 024C,Other theft,Investigation complete; no suspect identified,
da62e6cf711b16b850537578ce87d9e7dda8731e73f5c961757ff74481b59deb,2015-12,Surrey Police,Northumbria Police,-1.614816,54.976112,On or near Prudhoe Place,E01008397,Newcastle upon Tyne 024C,Other theft,Investigation complete; no suspect identified,
ab8b03632cdf4853b98f163d4cc366c7679808c79c1a0ff9856ee1f67f655377,2015-12,Surrey Police,Northumbria Police,-1.617120,54.978617,On or near Edward'S Walk,E01008397,Newcastle upon Tyne 024C,Other theft,Investigation complete; no suspect identified,
a1ef509a6617f1922d98499e1e8721e3882a195c6fa2c341b17df2842d3fb007,2015-12,Surrey Police,Northumbria Police,-1.614445,54.974044,On or near Blackett Street,E01008397,Newcastle upon Tyne 024C,Other theft,Investigation complete; no suspect identified,
1a9cadf72fa391d9fb44a1896f817df8b197f6c42a2b8ccf06a1d13e66eaf8ea,2015-12,Surrey Police,Northumbria Police,-1.616721,54.974644,On or near Shopping Area,E01008397,Newcastle upon Tyne 024C,Other theft,Investigation complete; no suspect identified,
389e3d18abf8ddac6806b56ab1d0a5db2209523baa534b177f0dac6c224b8dd1,2015-12,Surrey Police,Northumbria Police,-1.621664,54.975558,On or near Sports/Recreation Area,E01008397,Newcastle upon Tyne 024C,Other theft,Investigation complete; no suspect identified,
ac821fc52f2fa46c178bc1d15c5b8fc93c151e8369f30367ad69e8edbb68eb06,2015-12,Surrey Police,Northumbria Police,-1.617120,54.978617,On or near Edward'S Walk,E01008397,Newcastle upon Tyne 024C,Other theft,Investigation complete; no suspect identified,
d627b63d3c28a43a933fec245b47a159d5a95b3e333addacda90473475a7f519,2015-12,Surrey Police,Northumbria Police,-1.614002,54.976262,On or near Shopping Area,E01008397,Newcastle upon Tyne 024C,Other theft,Investigation complete; no suspect identified,
a1fa4afc4af690c0afc4c280bed29bafcc5b9366743a0b410ff4b87f5fd7638f,2015-12,Surrey Police,Northumbria Police,-1.615061,54.975034,On or near Shopping Area,E01008397,Newcastle upon Tyne 024C,Other theft,Investigation complete; no suspect identified,
492c027dd6e6692f78fdc9663bf3685d3954a6baa3a1e80dc586f23510052ac0,2015-12,Surrey Police,Northumbria Police,-1.617388,54.975131,On or near Percy Street,E01008397,Newcastle upon Tyne 024C,Other theft,Investigation complete; no suspect identified,
05b21845f53ddf1368381f029fcaa259ec7b82a4adad7c53c1881a398ae5b6b2,2015-12,Surrey Police,Northumbria Police,-1.612740,54.974308,On or near Shopping Area,E01008397,Newcastle upon Tyne 024C,Other theft,Investigation complete; no suspect identified,
01270be39e02affd715750bed185af823cf06b0e02651aceb9658fbf9215a9b2,2015-12,Surrey Police,Northumbria Police,-1.614126,54.977988,On or near Barras Bridge,E01008397,Newcastle upon Tyne 024C,Possession of weapons,Awaiting court outcome,
3d280dcb62d3ba94be4cceda6fe6c92fb320635cc398d6fd09cb7f50d760bafb,2015-12,Surrey Police,Northumbria Police,-1.617120,54.978617,On or near Edward'S Walk,E01008397,Newcastle upon Tyne 024C,Possession of weapons,Awaiting court outcome,
0caa7f6fe9be75112fd62373cf9cb013ef43079ac32d7b33e2eb83d2f1a62a1e,2015-12,Surrey Police,Northumbria Police,-1.615061,54.975034,On or near Shopping Area,E01008397,Newcastle upon Tyne 024C,Possession of weapons,Awaiting court outcome,
e927e822997da05f38664d0d6d4f38f2e689501756c545369b1e9c847594baa1,2015-12,Surrey Police,Northumbria Police,-1.617120,54.978617,On or near Edward'S Walk,E01008397,Newcastle upon Tyne 024C,Public order,Offender given conditional discharge,
ff06cbf9ea75e65b76b31a167bdd8dc6ce3a56722f88c163d1880efc17358a4d,2015-12,Surrey Police,Northumbria Police,-1.616598,54.975991,On or near Parking Area,E01008397,Newcastle upon Tyne 024C,Public order,Awaiting court outcome,
6f2eb80b8c715c0dcf42d87a393d3b5e4fb74f8770ff334a95b76b64e33ca9ef,2015-12,Surrey Police,Northumbria Police,-1.612740,54.974308,On or near Shopping Area,E01008397,Newcastle upon Tyne 024C,Public order,Under investigation,
6662a14cff42070e5cfa436dabfb8d4d091ed163882f575a1d256d969e6e8979,2015-12,Surrey Police,Northumbria Police,-1.614816,54.976112,On or near Prudhoe Place,E01008397,Newcastle upon Tyne 024C,Public order,Investigation complete; no suspect identified,
14be59741a76cdc347890244e8ba53babc4ccbe57498f5127a00ff63fbc8f2cf,2015-12,Surrey Police,Northumbria Police,-1.617468,54.978232,On or near Further/Higher Educational Building,E01008397,Newcastle upon Tyne 024C,Public order,Investigation complete; no suspect identified,
506a6dcf96ee63bc70aad807cc5f9562a0554efa5f2612c71ffd4e5150d78db1,2015-12,Surrey Police,Northumbria Police,-1.612740,54.974308,On or near Shopping Area,E01008397,Newcastle upon Tyne 024C,Public order,Investigation complete; no suspect identified,
7b068a7e00adb065bfbacc1fb1002a955a1b5f2c1a1a9846155dd04401b1b792,2015-12,Surrey Police,Northumbria Police,-1.612220,54.976400,On or near Shopping Area,E01008397,Newcastle upon Tyne 024C,Public order,Investigation complete; no suspect identified,
58fcf00d2eab7bcdf2a3fa1ff827916b855a1f79d6cb3960ff36aad65adaa7d9,2015-12,Surrey Police,Northumbria Police,-1.612740,54.974308,On or near Shopping Area,E01008397,Newcastle upon Tyne 024C,Public order,Awaiting court outcome,
96c011d69bc1d87c8e65a5af4c60307b851c7ce9f93850dcce25026830889533,2015-12,Surrey Police,Northumbria Police,-1.616721,54.974644,On or near Shopping Area,E01008397,Newcastle upon Tyne 024C,Public order,Local resolution,
cecbb8b1cbb1ccacfe207a18ae05080ae90d0e132e516fb1ab7e024c9a6cd74f,2015-12,Surrey Police,Northumbria Police,-1.616721,54.974644,On or near Shopping Area,E01008397,Newcastle upon Tyne 024C,Public order,Offender given suspended prison sentence,
6d7aacbe502e82b718edacab944e57fb8a2296ffe3821a880f02bec0a7021e59,2015-12,Surrey Police,Northumbria Police,-1.612740,54.974308,On or near Shopping Area,E01008397,Newcastle upon Tyne 024C,Public order,Under investigation,
c5ec08c983528f95fe3a3998105cbf6148b6f91c7e25b17a50aad2d75b91e677,2015-12,Surrey Police,Northumbria Police,-1.614816,54.976112,On or near Prudhoe Place,E01008397,Newcastle upon Tyne 024C,Public order,Under investigation,
b71cb909b474d7586e6c755a24a50da952121e7f859b2aea54af370dd55da16a,2015-12,Surrey Police,Northumbria Police,-1.617120,54.978617,On or near Edward'S Walk,E01008397,Newcastle upon Tyne 024C,Public order,Local resolution,
72432d0ecf721d50a58ddaf7c80c74487ca519a191667cf179c53d15ef42903e,2015-12,Surrey Police,Northumbria Police,-1.610818,54.976009,On or near North Street,E01008397,Newcastle upon Tyne 024C,Public order,Investigation complete; no suspect identified,
69265ccfbcd531c27c1ecafe53692bb1cd79bfd9a2c16990928f8c879b2313ca,2015-12,Surrey Police,Northumbria Police,-1.614126,54.977988,On or near Barras Bridge,E01008397,Newcastle upon Tyne 024C,Public order,Investigation complete; no suspect identified,
46fde09c68eb9ae2eb21bd90b04b910291317f62184e0a160ca0b6a04f8c1f8e,2015-12,Surrey Police,Northumbria Police,-1.612220,54.976400,On or near Shopping Area,E01008397,Newcastle upon Tyne 024C,Public order,Investigation complete; no suspect identified,
baa7b842276fad3ea7ba1be72402983afb6869d012645c6d3da3695aa284be2f,2015-12,Surrey Police,Northumbria Police,-1.617099,54.975966,On or near Morden Street,E01008397,Newcastle upon Tyne 024C,Robbery,Awaiting court outcome,
06d3f93346d68fab88404232896b6123e3eb579709be7c315870c0a06e23ab15,2015-12,Surrey Police,Northumbria Police,-1.617099,54.975966,On or near Morden Street,E01008397,Newcastle upon Tyne 024C,Robbery,Investigation complete; no suspect identified,
3123067ccc2eef3daee1dd6f374bfa055cce4bb7838f8b6e82ee7ecb60712177,2015-12,Surrey Police,Northumbria Police,-1.608048,54.974841,On or near Oxford Street,E01008397,Newcastle upon Tyne 024C,Robbery,Investigation complete; no suspect identified,
fa6a861396c5988f75309a7dc2aef3ba6a7c0f41d335c036b013798690d46516,2015-12,Surrey Police,Northumbria Police,-1.610177,54.980824,On or near Jesmond Road West,E01008397,Newcastle upon Tyne 024C,Robbery,Investigation complete; no suspect identified,
ea42a9f81dbf51749f17616f8deed8f62199dd1941bc3105dbe5eb54cb8f069d,2015-12,Surrey Police,Northumbria Police,-1.612740,54.974308,On or near Shopping Area,E01008397,Newcastle upon Tyne 024C,Robbery,Investigation complete; no suspect identified,
122bd6eb56f77b97aee0f2130a224786d3c53df521e8fae39cf1684ca9a5b305,2015-12,Surrey Police,Northumbria Police,-1.611154,54.975165,On or near Lisle Street,E01008397,Newcastle upon Tyne 024C,Robbery,Investigation complete; no suspect identified,
776fe6b4cbb731585018c762a77a8ffefa6b5bbbaa687dba1aa040ec8ea5210a,2015-12,Surrey Police,Northumbria Police,-1.608048,54.974841,On or near Oxford Street,E01008397,Newcastle upon Tyne 024C,Robbery,Investigation complete; no suspect identified,
3d54cbf4e7299d4751fe2781402607b74118929a12a7561c2bdaba092e5fcaef,2015-12,Surrey Police,Northumbria Police,-1.611154,54.975165,On or near Lisle Street,E01008397,Newcastle upon Tyne 024C,Robbery,Investigation complete; no suspect identified,
789b6a4db83ddeab683a4a67b84d24c4147a3ab1105744bc2450bf2e645941e9,2015-12,Surrey Police,Northumbria Police,-1.612740,54.974308,On or near Shopping Area,E01008397,Newcastle upon Tyne 024C,Shoplifting,Investigation complete; no suspect identified,
5d8ea0874bc2972bfad4df451194d83562b8fa080bf87707a74bff3ed0a0a696,2015-12,Surrey Police,Northumbria Police,-1.612740,54.974308,On or near Shopping Area,E01008397,Newcastle upon Tyne 024C,Shoplifting,Investigation complete; no suspect identified,
18ad730db530ad5e2baf8ff0e4ab8a4eda7c6db1d3fe152ce15ecb7262064fcc,2015-12,Surrey Police,Northumbria Police,-1.614102,54.974025,On or near Blackett Street,E01008397,Newcastle upon Tyne 024C,Shoplifting,Investigation complete; no suspect identified,
2cf05186e880e2901ef3d5f70f4d75467af448e3699a0afe7fc8b0e2f28d035c,2015-12,Surrey Police,Northumbria Police,-1.616721,54.974644,On or near Shopping Area,E01008397,Newcastle upon Tyne 024C,Shoplifting,Under investigation,
4b82ba3c47e3fd9ecba5f44ece7b58157e7b53ba79befc119b1f9e31f6da93e4,2015-12,Surrey Police,Northumbria Police,-1.612740,54.974308,On or near Shopping Area,E01008397,Newcastle upon Tyne 024C,Shoplifting,Offender sent to prison,
1a2554748de0c81739895082d41c0fe6b4526593d26b72c6fa706b53f55a611a,2015-12,Surrey Police,Northumbria Police,-1.614102,54.974025,On or near Blackett Street,E01008397,Newcastle upon Tyne 024C,Shoplifting,Under investigation,
9656accfe24d45a5b06b4f1a0543410da2c7111e82b75a14417d380c3088b6ba,2015-12,Surrey Police,Northumbria Police,-1.612740,54.974308,On or near Shopping Area,E01008397,Newcastle upon Tyne 024C,Shoplifting,Investigation complete; no suspect identified,
8d1605f291aa3284d2fd97984712c58ae63c23dd2597324f8af87193c64028e2,2015-12,Surrey Police,Northumbria Police,-1.612740,54.974308,On or near Shopping Area,E01008397,Newcastle upon Tyne 024C,Shoplifting,Offender sent to prison,
ce7d360fa5f16a8eec3cdc517594ba5d8a22a7d33dd6616ed4b9b15fc9b025b1,2015-12,Surrey Police,Northumbria Police,-1.612740,54.974308,On or near Shopping Area,E01008397,Newcastle upon Tyne 024C,Shoplifting,Investigation complete; no suspect identified,
97c7c5eabfbe76e14aa180704e3b3cc04b0397fd9ca8d21a8f80880c8e9b555c,2015-12,Surrey Police,Northumbria Police,-1.611154,54.975165,On or near Lisle Street,E01008397,Newcastle upon Tyne 024C,Shoplifting,Offender sent to prison,
4f083eeb4f645904ddedc09841808bfafbb228df6902727197b62bff25cdf0d9,2015-12,Surrey Police,Northumbria Police,-1.614002,54.976262,On or near Shopping Area,E01008397,Newcastle upon Tyne 024C,Shoplifting,Offender given conditional discharge,
f0be378b483f4f9b4f744f80a0a3158605451eb7708a0816029755a23c26ef17,2015-12,Surrey Police,Northumbria Police,-1.615061,54.975034,On or near Shopping Area,E01008397,Newcastle upon Tyne 024C,Shoplifting,Awaiting court outcome,
b15a0894013b2e6efcb09ad0a0b880a080721b1beb899963d2eeb79bad8c2256,2015-12,Surrey Police,Northumbria Police,-1.612740,54.974308,On or near Shopping Area,E01008397,Newcastle upon Tyne 024C,Shoplifting,Offender given community sentence,
a1fea8d5afd49525ccb46376380d1a4f1284eef634b1c6e87b53e2549e41d605,2015-12,Surrey Police,Northumbria Police,-1.612740,54.974308,On or near Shopping Area,E01008397,Newcastle upon Tyne 024C,Shoplifting,Under investigation,
12cf06d04b28f40f0b19ecfeef043963bcc95549b19c1ae787f76219574181e3,2015-12,Surrey Police,Northumbria Police,-1.614002,54.976262,On or near Shopping Area,E01008397,Newcastle upon Tyne 024C,Shoplifting,Offender given a caution,
b92375082d178e6f770d6dd6266959b1882727a55b41cf4722e766652c6e0811,2015-12,Surrey Police,Northumbria Police,-1.615061,54.975034,On or near Shopping Area,E01008397,Newcastle upon Tyne 024C,Shoplifting,Offender given suspended prison sentence,
b2013b318513025c41fa5194d03120e88527a78134ce4fe6b5c3891f161867e9,2015-12,Surrey Police,Northumbria Police,-1.614002,54.976262,On or near Shopping Area,E01008397,Newcastle upon Tyne 024C,Shoplifting,Offender given suspended prison sentence,
e71ddf5302b331ebc39ac6913391af1d0425fd71844e7ffadf031eca1f669b58,2015-12,Surrey Police,Northumbria Police,-1.615061,54.975034,On or near Shopping Area,E01008397,Newcastle upon Tyne 024C,Shoplifting,Local resolution,
d3db7dd02ce5d594888eaf7a900c9a60d1056d61ada30fa55d82602a9b08c73b,2015-12,Surrey Police,Northumbria Police,-1.615061,54.975034,On or near Shopping Area,E01008397,Newcastle upon Tyne 024C,Shoplifting,Offender given absolute discharge,
86a6a4c1a12ed10175163be7c080f3c045208ced76eee0e54d87ec3839d18e72,2015-12,Surrey Police,Northumbria Police,-1.612740,54.974308,On or near Shopping Area,E01008397,Newcastle upon Tyne 024C,Shoplifting,Offender sent to prison,
2939cead6b7d9692624087148684daeb72953497594a15d8088d6ae61c8add7d,2015-12,Surrey Police,Northumbria Police,-1.616721,54.974644,On or near Shopping Area,E01008397,Newcastle upon Tyne 024C,Shoplifting,Suspect charged as part of another case,
447a647fe090057d51c4062ffb5a7639846134433e5878ae6e939e4c8964a16d,2015-12,Surrey Police,Northumbria Police,-1.612740,54.974308,On or near Shopping Area,E01008397,Newcastle upon Tyne 024C,Shoplifting,Under investigation,
f240b4df20173c110bf5ff34c91c8932d8ff46dbf50f45790630e9d2b06702a6,2015-12,Surrey Police,Northumbria Police,-1.612740,54.974308,On or near Shopping Area,E01008397,Newcastle upon Tyne 024C,Shoplifting,Investigation complete; no suspect identified,
a441ed3e9cf931fcc56e5fcf485107931144e71421163a6d130f9d9dafd3a60e,2015-12,Surrey Police,Northumbria Police,-1.612740,54.974308,On or near Shopping Area,E01008397,Newcastle upon Tyne 024C,Shoplifting,Offender given community sentence,
2c3c904aeaa6c8f0badf5a058f1b94db280c90c19d399c74a5033d27798de0ec,2015-12,Surrey Police,Northumbria Police,-1.612740,54.974308,On or near Shopping Area,E01008397,Newcastle upon Tyne 024C,Shoplifting,Offender given conditional discharge,
1381d2276d4fac553975fcacab87c23fc1d6417546c3e59e4127f80f30699566,2015-12,Surrey Police,Northumbria Police,-1.615061,54.975034,On or near Shopping Area,E01008397,Newcastle upon Tyne 024C,Shoplifting,Under investigation,
caa87a257ddca29d7c48ad13b231c22be883d2bc56954edc57418839fa32837c,2015-12,Surrey Police,Northumbria Police,-1.616721,54.974644,On or near Shopping Area,E01008397,Newcastle upon Tyne 024C,Shoplifting,Investigation complete; no suspect identified,
8ceb48e1dde6ea6c677a6faa6486fa7810d942c05ff0ce01b0a58a8d313679c3,2015-12,Surrey Police,Northumbria Police,-1.612220,54.976400,On or near Shopping Area,E01008397,Newcastle upon Tyne 024C,Shoplifting,Offender given a caution,
21b30f46f1e9565b73c3972eed2d8943e956d47fc01f63cc2b2d41b8a9758d02,2015-12,Surrey Police,Northumbria Police,-1.615061,54.975034,On or near Shopping Area,E01008397,Newcastle upon Tyne 024C,Shoplifting,Investigation complete; no suspect identified,
1ba1feac8e11b1b12ceba87ceaae4a9cd6de7b15f0781ee3badb36b4a014f6d0,2015-12,Surrey Police,Northumbria Police,-1.611154,54.975165,On or near Lisle Street,E01008397,Newcastle upon Tyne 024C,Shoplifting,Under investigation,
d0f355c4a7af952b1ee9b4e9b00b62357dabe6033d45ec4c81946dd7f2eaf0c1,2015-12,Surrey Police,Northumbria Police,-1.615061,54.975034,On or near Shopping Area,E01008397,Newcastle upon Tyne 024C,Shoplifting,Investigation complete; no suspect identified,
d0cd708b4dd1940326fdaddf9748fe7fa0a7828cf258057aa870a6477cadac9b,2015-12,Surrey Police,Northumbria Police,-1.615061,54.975034,On or near Shopping Area,E01008397,Newcastle upon Tyne 024C,Shoplifting,Offender given community sentence,
f528a0893de0b47b9b2f06b7ce589c380e5a4db69dd328d8b24842be3ab1ef8a,2015-12,Surrey Police,Northumbria Police,-1.614002,54.976262,On or near Shopping Area,E01008397,Newcastle upon Tyne 024C,Shoplifting,Offender given conditional discharge,
7be9352e4c96b49985bffe159eb0f7cc3e20998ded1b727cd2c5947d29c20074,2015-12,Surrey Police,Northumbria Police,-1.616721,54.974644,On or near Shopping Area,E01008397,Newcastle upon Tyne 024C,Shoplifting,Offender given conditional discharge,
71ae039c8e95604fb1f33a173ef211c72ea0bb8cd7acddb9294c1b8dee552400,2015-12,Surrey Police,Northumbria Police,-1.612220,54.976400,On or near Shopping Area,E01008397,Newcastle upon Tyne 024C,Shoplifting,Investigation complete; no suspect identified,
3a7b819554c8f7248e79d844f36d86b67b8a3999e14f22660d1137a6cbe313d1,2015-12,Surrey Police,Northumbria Police,-1.612740,54.974308,On or near Shopping Area,E01008397,Newcastle upon Tyne 024C,Shoplifting,Under investigation,
6c109b53826eb720fd30cee76b8b5e10cc6dc410435933a808c8f7067f6b169a,2015-12,Surrey Police,Northumbria Police,-1.612740,54.974308,On or near Shopping Area,E01008397,Newcastle upon Tyne 024C,Shoplifting,Local resolution,
004ef3eebce6169aebb4422201594894c2b92ddf2be9657b86d04247b8d89805,2015-12,Surrey Police,Northumbria Police,-1.615061,54.975034,On or near Shopping Area,E01008397,Newcastle upon Tyne 024C,Shoplifting,Under investigation,
136523e1078eb6626707cdd931067b841e2c2988312cd05a0ac08b389c28849f,2015-12,Surrey Police,Northumbria Police,-1.612740,54.974308,On or near Shopping Area,E01008397,Newcastle upon Tyne 024C,Shoplifting,Offender sent to prison,
0b11177a3a5b543a361660961c466e7846d922618137561b76c718ef0ae619f1,2015-12,Surrey Police,Northumbria Police,-1.615061,54.975034,On or near Shopping Area,E01008397,Newcastle upon Tyne 024C,Shoplifting,Offender given a caution,
4e92d57235fab541a366448036a8aea3b1d22010d8f884bd7ae82fbded2c664f,2015-12,Surrey Police,Northumbria Police,-1.611154,54.975165,On or near Lisle Street,E01008397,Newcastle upon Tyne 024C,Shoplifting,Offender given a caution,
3cb7e9df9fc34f7dfe2d23f6682aa61b7a6f308734168e815ee8b6a2cba146d8,2015-12,Surrey Police,Northumbria Police,-1.612740,54.974308,On or near Shopping Area,E01008397,Newcastle upon Tyne 024C,Shoplifting,Offender given community sentence,
92f9dd8e577f8e711fb5ce90044fa47860a96fd72a84e2165c92326b74482279,2015-12,Surrey Police,Northumbria Police,-1.614102,54.974025,On or near Blackett Street,E01008397,Newcastle upon Tyne 024C,Shoplifting,Investigation complete; no suspect identified,
0295ea1f20849ae96b9b547dcc7685eb1c8fb6b7d66d50da77ad3f57655cf5a4,2015-12,Surrey Police,Northumbria Police,-1.616721,54.974644,On or near Shopping Area,E01008397,Newcastle upon Tyne 024C,Shoplifting,Under investigation,
117d3955a2b6263108cef73a19a3ef728b39f5d4210468a7c28ee53e94241aeb,2015-12,Surrey Police,Northumbria Police,-1.614002,54.976262,On or near Shopping Area,E01008397,Newcastle upon Tyne 024C,Shoplifting,Offender given conditional discharge,
7893192d80d10427c78e00a8f717c9f5bf2fabbe13e60ac58ed84449147d8d7a,2015-12,Surrey Police,Northumbria Police,-1.615061,54.975034,On or near Shopping Area,E01008397,Newcastle upon Tyne 024C,Shoplifting,Under investigation,
f11b894664ae25cb1f1427c8ed5bb7c06c7ed4be9d3a35f71919618b5e458518,2015-12,Surrey Police,Northumbria Police,-1.618626,54.974704,On or near Parking Area,E01008397,Newcastle upon Tyne 024C,Shoplifting,Awaiting court outcome,
47a9a8e887bd4b8b400c120efce41e28be44e8a9973e8d07072b29e1c6817742,2015-12,Surrey Police,Northumbria Police,-1.615061,54.975034,On or near Shopping Area,E01008397,Newcastle upon Tyne 024C,Shoplifting,Under investigation,
64e4cb7c9d694ae771bec65413facdd2efcfc5cc0418ce826cb7c336b68afa5f,2015-12,Surrey Police,Northumbria Police,-1.612740,54.974308,On or near Shopping Area,E01008397,Newcastle upon Tyne 024C,Shoplifting,Offender sent to prison,
75cc21101dc0a3995872441280c12b0d8ef9a01f4ea5fd0b36a75164718bbf29,2015-12,Surrey Police,Northumbria Police,-1.615061,54.975034,On or near Shopping Area,E01008397,Newcastle upon Tyne 024C,Shoplifting,Under investigation,
4b8007f4531b2d0a1ebdc5525177b4c909b2e63d206135cffd0265e13535790b,2015-12,Surrey Police,Northumbria Police,-1.612740,54.974308,On or near Shopping Area,E01008397,Newcastle upon Tyne 024C,Shoplifting,Offender given a caution,
c91ef7ca1795e17c7881934b72e3b03155fffd576e92ac9b0feb8468d2d9261b,2015-12,Surrey Police,Northumbria Police,-1.611154,54.975165,On or near Lisle Street,E01008397,Newcastle upon Tyne 024C,Shoplifting,Under investigation,
e1583e29d897166834dfde1b548179c412a1e240fb76e38d4c332d6f0050d81f,2015-12,Surrey Police,Northumbria Police,-1.615061,54.975034,On or near Shopping Area,E01008397,Newcastle upon Tyne 024C,Shoplifting,Offender sent to prison,
6936dcd84c3b8726ca2f052334949f4d388bdcda2db165a566ff8a375df31d7f,2015-12,Surrey Police,Northumbria Police,-1.615061,54.975034,On or near Shopping Area,E01008397,Newcastle upon Tyne 024C,Shoplifting,Under investigation,
cd254d69c1cdf67619d08f007aa74eae75a4b7865eacbeb0822ea6ef907d80d1,2015-12,Surrey Police,Northumbria Police,-1.611154,54.975165,On or near Lisle Street,E01008397,Newcastle upon Tyne 024C,Shoplifting,Offender sent to prison,
124d1a5210aea8ebfac9d7fbd06443e3da79116b4b5d8644ce2e067b6f030fdf,2015-12,Surrey Police,Northumbria Police,-1.617388,54.975131,On or near Percy Street,E01008397,Newcastle upon Tyne 024C,Shoplifting,Offender given a caution,
7e8e767af5a66278f8467b5970a6e38d7a714b51a22bbf9cade80c115fd51647,2015-12,Surrey Police,Northumbria Police,-1.614002,54.976262,On or near Shopping Area,E01008397,Newcastle upon Tyne 024C,Shoplifting,Offender given conditional discharge,
e15f9e3246bf9e9d49b69184f0e381cbc619d77c2e91bbb7e3df04ea9a076f7b,2015-12,Surrey Police,Northumbria Police,-1.612740,54.974308,On or near Shopping Area,E01008397,Newcastle upon Tyne 024C,Shoplifting,Under investigation,
b6a78d2a910cb039d92d92b78bdc4f9034c5a3a040068b5c57ec8232890d2d93,2015-12,Surrey Police,Northumbria Police,-1.611154,54.975165,On or near Lisle Street,E01008397,Newcastle upon Tyne 024C,Shoplifting,Investigation complete; no suspect identified,
b8d2afe56f9631685ff2c558a56be36c8d0dcbdfa456415c7b9526ec74c9b64d,2015-12,Surrey Police,Northumbria Police,-1.612740,54.974308,On or near Shopping Area,E01008397,Newcastle upon Tyne 024C,Shoplifting,Under investigation,
ae61b931b2861ff0e7e318eb36dd1bba0453bedb1ba8156343c6277c1b0b0318,2015-12,Surrey Police,Northumbria Police,-1.611154,54.975165,On or near Lisle Street,E01008397,Newcastle upon Tyne 024C,Shoplifting,Offender fined,
a87a2eda2f1b05bd69cf510a4c1e3942bdc100169d6de7706df2c716ec91cea1,2015-12,Surrey Police,Northumbria Police,-1.612740,54.974308,On or near Shopping Area,E01008397,Newcastle upon Tyne 024C,Shoplifting,Investigation complete; no suspect identified,
b9306382a7aa5a899bc1b05cf5284a65d9252b1618ebe37f819a8bb5788f79d4,2015-12,Surrey Police,Northumbria Police,-1.617388,54.975131,On or near Percy Street,E01008397,Newcastle upon Tyne 024C,Shoplifting,Awaiting court outcome,
efa8a009bf9c92e1f236eff3a4343257e49afe29d70f7e2ae4535a886c951662,2015-12,Surrey Police,Northumbria Police,-1.611154,54.975165,On or near Lisle Street,E01008397,Newcastle upon Tyne 024C,Shoplifting,Under investigation,
10c0ff162a19bb7ed1c5f07297a990f4d8fccad1abf83ac288350ceb60a5d37f,2015-12,Surrey Police,Northumbria Police,-1.612220,54.976400,On or near Shopping Area,E01008397,Newcastle upon Tyne 024C,Shoplifting,Investigation complete; no suspect identified,
bbbb3662f58174ef0e4bed80ddf5c312c12b5bd6ccfcc56d023a59dd503d8aea,2015-12,Surrey Police,Northumbria Police,-1.612740,54.974308,On or near Shopping Area,E01008397,Newcastle upon Tyne 024C,Shoplifting,Investigation complete; no suspect identified,
415847052e164a5351c1a24009a0ceb4b52553d0537184dfc42ad57cbf4ab45c,2015-12,Surrey Police,Northumbria Police,-1.612740,54.974308,On or near Shopping Area,E01008397,Newcastle upon Tyne 024C,Shoplifting,Offender given conditional discharge,
2440b6951fe27da539a3467959d2978eb859731a5ff4387c06222373506bd86c,2015-12,Surrey Police,Northumbria Police,-1.615061,54.975034,On or near Shopping Area,E01008397,Newcastle upon Tyne 024C,Shoplifting,Under investigation,
8ed839ebe7842c207a93c2910ee01fe4e2467d4718479360c65eded8546f27fe,2015-12,Surrey Police,Northumbria Police,-1.615061,54.975034,On or near Shopping Area,E01008397,Newcastle upon Tyne 024C,Shoplifting,Under investigation,
8a3b0c1d88788cdebeb566af8d09d975c3166729037116b55dd0897254d9f7d1,2015-12,Surrey Police,Northumbria Police,-1.612740,54.974308,On or near Shopping Area,E01008397,Newcastle upon Tyne 024C,Shoplifting,Under investigation,
f4aea1e8f1eb883a4daa16999919bbe9b615dec9e6a0193c9e7edab5598fa106,2015-12,Surrey Police,Northumbria Police,-1.612740,54.974308,On or near Shopping Area,E01008397,Newcastle upon Tyne 024C,Shoplifting,Offender given a caution,
8e7a582ef3b88857b44e57c25ce0f25c926e089eb91395cd72d6128395eacf85,2015-12,Surrey Police,Northumbria Police,-1.615061,54.975034,On or near Shopping Area,E01008397,Newcastle upon Tyne 024C,Shoplifting,Local resolution,
20e244e403ae5d0f3157bb61391c589454c06c7b1a1b9bd92c2d4e3df2de1a53,2015-12,Surrey Police,Northumbria Police,-1.612740,54.974308,On or near Shopping Area,E01008397,Newcastle upon Tyne 024C,Shoplifting,Offender given suspended prison sentence,
756b6879bb3b5f8ce88a86fb9af65200c21180edcf623f50a1d6645a12732f78,2015-12,Surrey Police,Northumbria Police,-1.615061,54.975034,On or near Shopping Area,E01008397,Newcastle upon Tyne 024C,Shoplifting,Under investigation,
9f79ee93ac1be63b20820b0e081ee0884721c3028d87ef20b298f1b564461b64,2015-12,Surrey Police,Northumbria Police,-1.611154,54.975165,On or near Lisle Street,E01008397,Newcastle upon Tyne 024C,Shoplifting,Investigation complete; no suspect identified,
e5e6a88154b26a21808e0699e5fb03943729463498c3d62930c46fdb044b3d1d,2015-12,Surrey Police,Northumbria Police,-1.614002,54.976262,On or near Shopping Area,E01008397,Newcastle upon Tyne 024C,Shoplifting,Offender given community sentence,
510a9b99d385a48f3bf727212f629dbd7db7bd1a70b78044f22fe6d1d7c8d3f5,2015-12,Surrey Police,Northumbria Police,-1.614002,54.976262,On or near Shopping Area,E01008397,Newcastle upon Tyne 024C,Shoplifting,Under investigation,
4011896fca4bf69ae956c1b29c8b10b5814e14eb77f68454ef02febf91e347f4,2015-12,Surrey Police,Northumbria Police,-1.612740,54.974308,On or near Shopping Area,E01008397,Newcastle upon Tyne 024C,Shoplifting,Under investigation,
fc56349b17caa9c5deb1a7483d5b85052ed85a830ff82fd910ae5b1536e5fcfb,2015-12,Surrey Police,Northumbria Police,-1.612740,54.974308,On or near Shopping Area,E01008397,Newcastle upon Tyne 024C,Shoplifting,Awaiting court outcome,
5dfe60dfcbf205d223784ea23ac78bdf202e97e02e02a4a1f5a51a53669117e3,2015-12,Surrey Police,Northumbria Police,-1.611154,54.975165,On or near Lisle Street,E01008397,Newcastle upon Tyne 024C,Shoplifting,Local resolution,
fbd9cbe5e751b4d3903f7f83478d8c9d5566ba6e31584977ad0480448d26fd47,2015-12,Surrey Police,Northumbria Police,-1.616721,54.974644,On or near Shopping Area,E01008397,Newcastle upon Tyne 024C,Shoplifting,Investigation complete; no suspect identified,
200ca315b9c8721e61e9c827fb2d03fe6c6b63647028996b71a48cee1f8445cf,2015-12,Surrey Police,Northumbria Police,-1.614102,54.974025,On or near Blackett Street,E01008397,Newcastle upon Tyne 024C,Shoplifting,Investigation complete; no suspect identified,
ce4943fba45de7096ec6862873e28fb9f94dfac93e06a0caf6fb377670e1eece,2015-12,Surrey Police,Northumbria Police,-1.612740,54.974308,On or near Shopping Area,E01008397,Newcastle upon Tyne 024C,Shoplifting,Suspect charged as part of another case,
a92821af0e951e9baa1e3e28e3fd56e764d9d74f24bcfc1e046036315ff1c0c1,2015-12,Surrey Police,Northumbria Police,-1.615061,54.975034,On or near Shopping Area,E01008397,Newcastle upon Tyne 024C,Shoplifting,Offender given conditional discharge,
a01513da4ade9dfe80efe107fad1c2f25dea1d6c2a2f853a527848788c13ef1d,2015-12,Surrey Police,Northumbria Police,-1.615061,54.975034,On or near Shopping Area,E01008397,Newcastle upon Tyne 024C,Shoplifting,Offender fined,
16968f79f6c5cb2210bddfe365e650d977241b50a071d50c66b982531937181a,2015-12,Surrey Police,Northumbria Police,-1.612740,54.974308,On or near Shopping Area,E01008397,Newcastle upon Tyne 024C,Shoplifting,Under investigation,
0c75e2e605bdca034512fc8ccebd50450af49e78f92774ee8939377989983b94,2015-12,Surrey Police,Northumbria Police,-1.618626,54.974704,On or near Parking Area,E01008397,Newcastle upon Tyne 024C,Shoplifting,Investigation complete; no suspect identified,
fd7fc96642b3bd3bd1a6de3dc06bbe763b4b0c0ffa3d693bd3595c1692fcea7a,2015-12,Surrey Police,Northumbria Police,-1.615061,54.975034,On or near Shopping Area,E01008397,Newcastle upon Tyne 024C,Shoplifting,Under investigation,
d06ee23efa79550f935c5bcb58b324333217783b0f8d1da220f3443e55451036,2015-12,Surrey Police,Northumbria Police,-1.611154,54.975165,On or near Lisle Street,E01008397,Newcastle upon Tyne 024C,Shoplifting,Investigation complete; no suspect identified,
409bce700f796f3cd5d0cfe21facfa4d038ba07f242484d430e61f13c22dd289,2015-12,Surrey Police,Northumbria Police,-1.614002,54.976262,On or near Shopping Area,E01008397,Newcastle upon Tyne 024C,Shoplifting,Offender sent to prison,
6967b691b1b7222b7a08d5120cec0a751d29f7d2c6422dcc3b0b64a86d50e5ad,2015-12,Surrey Police,Northumbria Police,-1.615061,54.975034,On or near Shopping Area,E01008397,Newcastle upon Tyne 024C,Shoplifting,Court case unable to proceed,
916848e6f28741c90488d1c3be8dbe9574a3d86235b2c7c7b3092225725825c6,2015-12,Surrey Police,Northumbria Police,-1.615061,54.975034,On or near Shopping Area,E01008397,Newcastle upon Tyne 024C,Shoplifting,Under investigation,
1ed7af99d03c9b92111541da63942cbb342fcaf4cacf6348997ad7cc957b72c7,2015-12,Surrey Police,Northumbria Police,-1.612740,54.974308,On or near Shopping Area,E01008397,Newcastle upon Tyne 024C,Shoplifting,Offender fined,
0037256fe6bd6ff41307a9f93d3cf6ae6f6b55f145a2e486cbf4a10afb061962,2015-12,Surrey Police,Northumbria Police,-1.615061,54.975034,On or near Shopping Area,E01008397,Newcastle upon Tyne 024C,Shoplifting,Under investigation,
6aabf3fca18fa2b8219b871b63d72dd734afd214c654674442be70690e418183,2015-12,Surrey Police,Northumbria Police,-1.614102,54.974025,On or near Blackett Street,E01008397,Newcastle upon Tyne 024C,Shoplifting,Offender given conditional discharge,
b47e865ce5a444790993064944f03c2395aeb6e2069758bf4617284cda77fda3,2015-12,Surrey Police,Northumbria Police,-1.611154,54.975165,On or near Lisle Street,E01008397,Newcastle upon Tyne 024C,Shoplifting,Under investigation,
4314a62c274ab783307bb7415c3d83bf8c30345b3e512bd8ab63ce8077afba90,2015-12,Surrey Police,Northumbria Police,-1.615061,54.975034,On or near Shopping Area,E01008397,Newcastle upon Tyne 024C,Shoplifting,Investigation complete; no suspect identified,
e2f0f7207d4fde2a492c71999e92c134a375c9b4c23eb0622e2526bc62e0e206,2015-12,Surrey Police,Northumbria Police,-1.611154,54.975165,On or near Lisle Street,E01008397,Newcastle upon Tyne 024C,Shoplifting,Under investigation,
82f65948b3a90092338a2b3da53a3d0927c944944046f6d19d6c0b888bac308d,2015-12,Surrey Police,Northumbria Police,-1.611154,54.975165,On or near Lisle Street,E01008397,Newcastle upon Tyne 024C,Shoplifting,Under investigation,
aaaddd8d95829953e7cfb98adf8dc16df2e551333592306de4686bac6c7f1317,2015-12,Surrey Police,Northumbria Police,-1.612220,54.976400,On or near Shopping Area,E01008397,Newcastle upon Tyne 024C,Shoplifting,Under investigation,
581d4afdb2591d9153601dfc072ae45ad507c60b9548024b931d7ad0ad7c048d,2015-12,Surrey Police,Northumbria Police,-1.612740,54.974308,On or near Shopping Area,E01008397,Newcastle upon Tyne 024C,Shoplifting,Local resolution,
15e39838f1151b5df3bbfbae16444d227334e6be804796e986a182390e914224,2015-12,Surrey Police,Northumbria Police,-1.614102,54.974025,On or near Blackett Street,E01008397,Newcastle upon Tyne 024C,Shoplifting,Under investigation,
1369d07ee616b00c16d1bfeb0607bc2d2783c73d2cdf74ac1afc67f193414f9b,2015-12,Surrey Police,Northumbria Police,-1.614002,54.976262,On or near Shopping Area,E01008397,Newcastle upon Tyne 024C,Shoplifting,Under investigation,
24cb3d849079f0ec82015087962e819f4385403ea5692d89cb1bdd90943428c0,2015-12,Surrey Police,Northumbria Police,-1.615061,54.975034,On or near Shopping Area,E01008397,Newcastle upon Tyne 024C,Shoplifting,Awaiting court outcome,
8daef9d133a0e54e715eae73b8c72766eb702f75f5b21472c6c4dfce0f170b01,2015-12,Surrey Police,Northumbria Police,-1.615061,54.975034,On or near Shopping Area,E01008397,Newcastle upon Tyne 024C,Shoplifting,Offender given community sentence,
d0e773dc42e8e17443fab8b205c2aeb79228cd4b04038b6d1fe03593a0c78d9d,2015-12,Surrey Police,Northumbria Police,-1.615061,54.975034,On or near Shopping Area,E01008397,Newcastle upon Tyne 024C,Shoplifting,Under investigation,
b8298824bdf7dad6cf5a94c17e59d35f54d5b5f08f1b8e8fe2e17c522974acd0,2015-12,Surrey Police,Northumbria Police,-1.615061,54.975034,On or near Shopping Area,E01008397,Newcastle upon Tyne 024C,Shoplifting,Investigation complete; no suspect identified,
76edd5496b7d94312c15d3d632d89ba80ee531944ee8802da7aa8b36ad9937ee,2015-12,Surrey Police,Northumbria Police,-1.612740,54.974308,On or near Shopping Area,E01008397,Newcastle upon Tyne 024C,Shoplifting,Under investigation,
febe4337e6ecc6ae7e4b487648bac181d67dc88de305fd1eb05727c2f9ee381c,2015-12,Surrey Police,Northumbria Police,-1.614002,54.976262,On or near Shopping Area,E01008397,Newcastle upon Tyne 024C,Shoplifting,Offender sent to prison,
38ec90632d5ceec55d801ba478761790b7b22761130c57af9a095d2904024bcb,2015-12,Surrey Police,Northumbria Police,-1.611154,54.975165,On or near Lisle Street,E01008397,Newcastle upon Tyne 024C,Shoplifting,Under investigation,
3e2576a381e1677239c4c5f4222792bc9eebcc402e75c0e456c8888ba31aeabe,2015-12,Surrey Police,Northumbria Police,-1.611154,54.975165,On or near Lisle Street,E01008397,Newcastle upon Tyne 024C,Shoplifting,Offender sent to prison,
b417216499a838799b53673ae61e5c1f005f7ddc6ca5128c8e13b144942ac946,2015-12,Surrey Police,Northumbria Police,-1.612740,54.974308,On or near Shopping Area,E01008397,Newcastle upon Tyne 024C,Shoplifting,Investigation complete; no suspect identified,
b2d41271427db1f2603ae77d4474267a13be86b7e3c15f5327e8e9e0592fc0ac,2015-12,Surrey Police,Northumbria Police,-1.611154,54.975165,On or near Lisle Street,E01008397,Newcastle upon Tyne 024C,Shoplifting,Investigation complete; no suspect identified,
e7e95589778f678c6ae465c02eead2395648af6bd89e3bbb476ce397a1710623,2015-12,Surrey Police,Northumbria Police,-1.616721,54.974644,On or near Shopping Area,E01008397,Newcastle upon Tyne 024C,Shoplifting,Under investigation,
e9f89b748e793113add8ca5796f15a379330f9d65f34b7df00898d7bb42300a9,2015-12,Surrey Police,Northumbria Police,-1.614223,54.974393,On or near Eldon Lane,E01008397,Newcastle upon Tyne 024C,Theft from the person,Investigation complete; no suspect identified,
a805ce3cd292bc79b0052eeae9525fdea66872f4a6abda3d4fe1a23dc63cbe60,2015-12,Surrey Police,Northumbria Police,-1.615061,54.975034,On or near Shopping Area,E01008397,Newcastle upon Tyne 024C,Theft from the person,Investigation complete; no suspect identified,
a2b850edbb13d2035bb2e5c596f612d0558b31b26069cc048037a3b4b12d218b,2015-12,Surrey Police,Northumbria Police,-1.616721,54.974644,On or near Shopping Area,E01008397,Newcastle upon Tyne 024C,Theft from the person,Under investigation,
f9a1bb34ad12dfbf8c2c8ce348581aaf4564342c72d0cc1e096c66059285b789,2015-12,Surrey Police,Northumbria Police,-1.614816,54.976112,On or near Prudhoe Place,E01008397,Newcastle upon Tyne 024C,Theft from the person,Investigation complete; no suspect identified,
57ce046466511d27524ddd9ee72cd012f36cf412d3e87b4302f8f1cc53d9ba43,2015-12,Surrey Police,Northumbria Police,-1.612740,54.974308,On or near Shopping Area,E01008397,Newcastle upon Tyne 024C,Theft from the person,Under investigation,
452832e456958b0ad46a1bd107a9ab20afcded0f36b223976f9f7ad4a54002e6,2015-12,Surrey Police,Northumbria Police,-1.612740,54.974308,On or near Shopping Area,E01008397,Newcastle upon Tyne 024C,Theft from the person,Investigation complete; no suspect identified,
cafcdbd283374fbe1e1087f5f224cac96c68318b04310059876bd27f4444ca8c,2015-12,Surrey Police,Northumbria Police,-1.617120,54.978617,On or near Edward'S Walk,E01008397,Newcastle upon Tyne 024C,Theft from the person,Under investigation,
a5487c8815782fedf573773bd020544187b62bb5324e5de9b1fb568981bf2b3a,2015-12,Surrey Police,Northumbria Police,-1.615061,54.975034,On or near Shopping Area,E01008397,Newcastle upon Tyne 024C,Theft from the person,Investigation complete; no suspect identified,
fce04047a99b4bcbda76c27015b5d42cccba08d185bf928541b5674878dfda91,2015-12,Surrey Police,Northumbria Police,-1.621086,54.973876,On or near Parking Area,E01008397,Newcastle upon Tyne 024C,Vehicle crime,Investigation complete; no suspect identified,
98e89e146ed0355f504ca951e041227f8e82437b280cc6850a4d74eec3d7c912,2015-12,Surrey Police,Northumbria Police,-1.613880,54.987368,On or near Great North Road,E01008397,Newcastle upon Tyne 024C,Vehicle crime,Investigation complete; no suspect identified,
5f534c1096bb8628ff88b4c5f630c55ed11aca9f871ccab158ddb3379fc615c2,2015-12,Surrey Police,Northumbria Police,-1.616721,54.974644,On or near Shopping Area,E01008397,Newcastle upon Tyne 024C,Vehicle crime,Under investigation,
ec590debe862b483894793c997b52681a59370bb5e5c2cbce9c938ae498bce3e,2015-12,Surrey Police,Northumbria Police,-1.615061,54.975034,On or near Shopping Area,E01008397,Newcastle upon Tyne 024C,Violence and sexual offences,Investigation complete; no suspect identified,
ce365154c55f5a1af778064021d96ef68c8118836a8728a8430510b56f7bc9fd,2015-12,Surrey Police,Northumbria Police,-1.621086,54.973876,On or near Parking Area,E01008397,Newcastle upon Tyne 024C,Violence and sexual offences,Under investigation,
adba199714cc267cb2facce3c5ce4e61dca5ae3b9684066bd301b16d47a52d08,2015-12,Surrey Police,Northumbria Police,-1.616598,54.975991,On or near Parking Area,E01008397,Newcastle upon Tyne 024C,Violence and sexual offences,Awaiting court outcome,
e14b0f7f868ce9e6fc2b9c1b803859c7f1d3af4a7b455184766c955fed9a2bd7,2015-12,Surrey Police,Northumbria Police,-1.612740,54.974308,On or near Shopping Area,E01008397,Newcastle upon Tyne 024C,Violence and sexual offences,Investigation complete; no suspect identified,
324702340f32e8225af1b690870f5e91e6ad6b495d70c2eb83b63419aa4764a5,2015-12,Surrey Police,Northumbria Police,-1.616598,54.975991,On or near Parking Area,E01008397,Newcastle upon Tyne 024C,Violence and sexual offences,Investigation complete; no suspect identified,
ac6483bed546641d15097ca41ff37d8cc79c2fe972b711a733f63d0007ab6dde,2015-12,Surrey Police,Northumbria Police,-1.617120,54.978617,On or near Edward'S Walk,E01008397,Newcastle upon Tyne 024C,Violence and sexual offences,Under investigation,
46d6125dc7f528eeaad1d16389e5daeb73bba2b6a8b168e0294cf738fef0c4ee,2015-12,Surrey Police,Northumbria Police,-1.617120,54.978617,On or near Edward'S Walk,E01008397,Newcastle upon Tyne 024C,Violence and sexual offences,Investigation complete; no suspect identified,
6649a65db7835ad212b8830e32518e5a390162b18ac46cf4b40133c9630f25dd,2015-12,Surrey Police,Northumbria Police,-1.612740,54.974308,On or near Shopping Area,E01008397,Newcastle upon Tyne 024C,Violence and sexual offences,Under investigation,
c2cd38bdb1b34d06805402ad176d2b935fc1f43cd7371e267f9d44e42cafc2bf,2015-12,Surrey Police,Northumbria Police,-1.609698,54.975529,On or near Parking Area,E01008397,Newcastle upon Tyne 024C,Violence and sexual offences,Investigation complete; no suspect identified,
2e45e92e7a3a4a4858354251a84b1342e4b63a4b7c1595d57964bdd0784d74f2,2015-12,Surrey Police,Northumbria Police,-1.617120,54.978617,On or near Edward'S Walk,E01008397,Newcastle upon Tyne 024C,Violence and sexual offences,Under investigation,
5aa866a0b0ebe7431c2633593f89d3a1b5b0df804853e7061d50f08d677a53d8,2015-12,Surrey Police,Northumbria Police,-1.617120,54.978617,On or near Edward'S Walk,E01008397,Newcastle upon Tyne 024C,Violence and sexual offences,Investigation complete; no suspect identified,
3d9ca9574576af3e2a6139df80e29056eec6a40e788d24df9f5e568dd94c8f15,2015-12,Surrey Police,Northumbria Police,-1.612740,54.974308,On or near Shopping Area,E01008397,Newcastle upon Tyne 024C,Violence and sexual offences,Under investigation,
2078fdce2ddda707b300e3769d5c0ab588a2c737da8c5c3a9c44e67f80969b88,2015-12,Surrey Police,Northumbria Police,-1.614445,54.974044,On or near Blackett Street,E01008397,Newcastle upon Tyne 024C,Violence and sexual offences,Offender sent to prison,
d5e258bd2334d16dd2121bcce782ed92bd99265153619545b0f08e1e7943b6bf,2015-12,Surrey Police,Northumbria Police,-1.616721,54.974644,On or near Shopping Area,E01008397,Newcastle upon Tyne 024C,Violence and sexual offences,Investigation complete; no suspect identified,
e43ce9e7890fb7e0bef9fd431b64f2703e27ae1a228e9d771f2c12db063028db,2015-12,Surrey Police,Northumbria Police,-1.610818,54.976009,On or near North Street,E01008397,Newcastle upon Tyne 024C,Violence and sexual offences,Investigation complete; no suspect identified,
c6205996dc7615ba5b87e239e93028a997258f1e7d92363bf337bc3b9ed44942,2015-12,Surrey Police,Northumbria Police,-1.610598,54.977734,On or near Vine Lane,E01008397,Newcastle upon Tyne 024C,Violence and sexual offences,Offender given a caution,
d0e53d2ac1ffb279cb138529ea52f69e661f8b25609692eec4aca8e26a749d67,2015-12,Surrey Police,Northumbria Police,-1.610818,54.976009,On or near North Street,E01008397,Newcastle upon Tyne 024C,Violence and sexual offences,Under investigation,
127a613bf79fff3e5237a75c2833fa67839c9c379f8a2671d45bc37c06a460a1,2015-12,Surrey Police,Northumbria Police,-1.617120,54.978617,On or near Edward'S Walk,E01008397,Newcastle upon Tyne 024C,Violence and sexual offences,Awaiting court outcome,
9c475ac9f0c8796de3e49e73c172e3de0e4a03606c97911d89d328251611134c,2015-12,Surrey Police,Northumbria Police,-1.614223,54.974393,On or near Eldon Lane,E01008397,Newcastle upon Tyne 024C,Violence and sexual offences,Under investigation,
8f6816581106fc7b12d0ccff37ca2c99ad7db9f2b0aaebc167ca464209e853b2,2015-12,Surrey Police,Northumbria Police,-1.616721,54.974644,On or near Shopping Area,E01008397,Newcastle upon Tyne 024C,Violence and sexual offences,Investigation complete; no suspect identified,
daae21ca6f2035e3ef8c334296d5c4da51c832b58ae22315ede062166f537d45,2015-12,Surrey Police,Northumbria Police,-1.617120,54.978617,On or near Edward'S Walk,E01008397,Newcastle upon Tyne 024C,Violence and sexual offences,Local resolution,
373ed288de0463880590cb311c835e35bbbd20c7e3e504817222c5b29d4849cc,2015-12,Surrey Police,Northumbria Police,-1.617120,54.978617,On or near Edward'S Walk,E01008397,Newcastle upon Tyne 024C,Violence and sexual offences,Awaiting court outcome,
561b207b6769d9cd3b04093858b150d113155aa62f9a5a1f30c69740c74f57db,2015-12,Surrey Police,Northumbria Police,-1.614816,54.976112,On or near Prudhoe Place,E01008397,Newcastle upon Tyne 024C,Violence and sexual offences,Investigation complete; no suspect identified,
efb6b556defb67e2ccf8aaa6a325d013129d0881f55582c48dcd7b842f7433c1,2015-12,Surrey Police,Northumbria Police,-1.609698,54.975529,On or near Parking Area,E01008397,Newcastle upon Tyne 024C,Violence and sexual offences,Investigation complete; no suspect identified,
c3f040446a18845d0fb167e51d31dbe0438dafeb0f41d67974a22b637c9984aa,2015-12,Surrey Police,Northumbria Police,-1.614126,54.977988,On or near Barras Bridge,E01008397,Newcastle upon Tyne 024C,Violence and sexual offences,Awaiting court outcome,
76d2e2f9306ca439046f24e5561f590f4885b312db8087ae9d5d6fe8a5afe261,2015-12,Surrey Police,Northumbria Police,-1.607706,54.976332,On or near Ellison Place,E01008397,Newcastle upon Tyne 024C,Violence and sexual offences,Investigation complete; no suspect identified,
76ae200b5c23513034e39e44bae38b35aae5714e666cd903a53c97c67cc40afc,2015-12,Surrey Police,Northumbria Police,-1.612740,54.974308,On or near Shopping Area,E01008397,Newcastle upon Tyne 024C,Violence and sexual offences,Under investigation,
1f05d8bd0ae4df45da5a53ec1043915e53accb681364193b77dae71a955d1c3f,2015-12,Surrey Police,Northumbria Police,-1.619938,54.974780,On or near Strawberry Place,E01008397,Newcastle upon Tyne 024C,Violence and sexual offences,Investigation complete; no suspect identified,
eb5597dad71c50ec8251be44a1b7efe9705b076c916d7d612c8dbbfabfced1bc,2015-12,Surrey Police,Northumbria Police,-1.614223,54.974393,On or near Eldon Lane,E01008397,Newcastle upon Tyne 024C,Violence and sexual offences,Investigation complete; no suspect identified,
9bf17435b16023a8221f9a22c069d769698028448092d2903078d9a59b7e6b29,2015-12,Surrey Police,Northumbria Police,-1.612105,54.980237,On or near A167(M),E01008397,Newcastle upon Tyne 024C,Violence and sexual offences,Investigation complete; no suspect identified,
61a99c75b55c86b289f87a0837b54b8c3b3ad60fb2a4dfe0c9175b81bb65440a,2015-12,Surrey Police,Northumbria Police,-1.621664,54.975558,On or near Sports/Recreation Area,E01008397,Newcastle upon Tyne 024C,Violence and sexual offences,Investigation complete; no suspect identified,
e59a83abab4e2a8efd7eafcd247267b7f6237012afafa7fba2aa4073304830c0,2015-12,Surrey Police,Northumbria Police,-1.616721,54.974644,On or near Shopping Area,E01008397,Newcastle upon Tyne 024C,Violence and sexual offences,Investigation complete; no suspect identified,
389ad3cc150f2c95dcc218e81343bbf4e9c92ab413aa44d7c7b6649ea81e6c80,2015-12,Surrey Police,Northumbria Police,-1.612740,54.974308,On or near Shopping Area,E01008397,Newcastle upon Tyne 024C,Violence and sexual offences,Investigation complete; no suspect identified,
23bb33191197151e434c0ffcf5344c8019104e42b83a26616dc5aecef7099a12,2015-12,Surrey Police,Northumbria Police,-1.616721,54.974644,On or near Shopping Area,E01008397,Newcastle upon Tyne 024C,Violence and sexual offences,Investigation complete; no suspect identified,
a528a1ec68b6e5a034740b792a36e3bc442fec39f0fcb5d2815ee45562349359,2015-12,Surrey Police,Northumbria Police,-1.619938,54.974780,On or near Strawberry Place,E01008397,Newcastle upon Tyne 024C,Violence and sexual offences,Investigation complete; no suspect identified,
78e24a3223ca5277112709fdfa6cb57fd8598a5c20b40bfd22eb2ed0ed005e5d,2015-12,Surrey Police,Northumbria Police,-1.621664,54.975558,On or near Sports/Recreation Area,E01008397,Newcastle upon Tyne 024C,Violence and sexual offences,Investigation complete; no suspect identified,
42f74e35aa27259df3106047c0d015b2ad29689599e7205ea1dd50dc7cc34e15,2015-12,Surrey Police,Northumbria Police,-1.616721,54.974644,On or near Shopping Area,E01008397,Newcastle upon Tyne 024C,Violence and sexual offences,Investigation complete; no suspect identified,
d0798a2aa318d6e430d4dd9cebb15612c2a1ac898082a6974604eea58c6a8274,2015-12,Surrey Police,Northumbria Police,-1.621664,54.975558,On or near Sports/Recreation Area,E01008397,Newcastle upon Tyne 024C,Violence and sexual offences,Investigation complete; no suspect identified,
3f44e96fa4c13ed0ea6aa5598e7db4f00e76879ad0a65dedd901d3979719a1f7,2015-12,Surrey Police,Northumbria Police,-1.621664,54.975558,On or near Sports/Recreation Area,E01008397,Newcastle upon Tyne 024C,Violence and sexual offences,Investigation complete; no suspect identified,
65f080c737871bb4e43e55ade28f6590f1965960aedfc380c481528ce32f210b,2015-12,Surrey Police,Northumbria Police,-1.616721,54.974644,On or near Shopping Area,E01008397,Newcastle upon Tyne 024C,Violence and sexual offences,Local resolution,
6dbc2c47051666ab6c4891b0ba5ab658b6792558ab7c5cabaefe2495bcd4a0ba,2015-12,Surrey Police,Northumbria Police,-1.612134,54.977199,On or near Ridley Place,E01008397,Newcastle upon Tyne 024C,Violence and sexual offences,Investigation complete; no suspect identified,
11cc7c6f4efb58a5976491884c5336c9d437d1ec407c0ed61e243d3c6dd6f1ad,2015-12,Surrey Police,Northumbria Police,-1.615800,54.976160,On or near Percy Street,E01008397,Newcastle upon Tyne 024C,Violence and sexual offences,Investigation complete; no suspect identified,
9e6387b36a7de938463a6988609979d9588dd2e692bdf17b139fe2abb9d935ed,2015-12,Surrey Police,Northumbria Police,-1.617120,54.978617,On or near Edward'S Walk,E01008397,Newcastle upon Tyne 024C,Violence and sexual offences,Awaiting court outcome,
add9390e7ea7a171bcd7b06861b902cbad5986f9a39506245bba2cb5b7405efd,2015-12,Surrey Police,Northumbria Police,-1.621664,54.975558,On or near Sports/Recreation Area,E01008397,Newcastle upon Tyne 024C,Violence and sexual offences,Investigation complete; no suspect identified,
d4fd111bf7098e86e9c5adff0be800606aa4067bf9641345f096262213a48ebb,2015-12,Surrey Police,Northumbria Police,-1.609051,54.977774,On or near College Lane,E01008397,Newcastle upon Tyne 024C,Other crime,Under investigation,
4abf6601a3e70f0900506c1b6b7a2d5195c02cac0710afeae85e88a8c0f4d51e,2015-12,Surrey Police,Northumbria Police,-1.615061,54.975034,On or near Shopping Area,E01008397,Newcastle upon Tyne 024C,Other crime,Offender given suspended prison sentence,
3b0c0ed1ccfb5715ab1caf0e64481623b0dac2c89206b6c8939db6b888b12085,2015-12,Surrey Police,Northumbria Police,-1.617120,54.978617,On or near Edward'S Walk,E01008397,Newcastle upon Tyne 024C,Other crime,Under investigation,
b6e0387fb04fb416ad1f25120746d7a6014223ea58f1617ab09c3e1fd78d18d2,2015-12,Surrey Police,Northumbria Police,-1.614002,54.976262,On or near Shopping Area,E01008397,Newcastle upon Tyne 024C,Other crime,Under investigation,
,2015-12,Surrey Police,Northumbria Police,-1.633095,54.977894,On or near Sports/Recreation Area,E01008399,Newcastle upon Tyne 024D,Anti-social behaviour,,
,2015-12,Surrey Police,Northumbria Police,-1.632948,54.973427,On or near Vallum Way,E01008399,Newcastle upon Tyne 024D,Anti-social behaviour,,
,2015-12,Surrey Police,Northumbria Police,-1.633038,54.975575,On or near Stanhope Street,E01008399,Newcastle upon Tyne 024D,Anti-social behaviour,,
,2015-12,Surrey Police,Northumbria Police,-1.633095,54.977894,On or near Sports/Recreation Area,E01008399,Newcastle upon Tyne 024D,Anti-social behaviour,,
,2015-12,Surrey Police,Northumbria Police,-1.633038,54.975575,On or near Stanhope Street,E01008399,Newcastle upon Tyne 024D,Anti-social behaviour,,
,2015-12,Surrey Police,Northumbria Police,-1.632910,54.977542,On or near Monday Crescent,E01008399,Newcastle upon Tyne 024D,Anti-social behaviour,,
,2015-12,Surrey Police,Northumbria Police,-1.633038,54.975575,On or near Stanhope Street,E01008399,Newcastle upon Tyne 024D,Anti-social behaviour,,
,2015-12,Surrey Police,Northumbria Police,-1.633095,54.977894,On or near Sports/Recreation Area,E01008399,Newcastle upon Tyne 024D,Anti-social behaviour,,
,2015-12,Surrey Police,Northumbria Police,-1.629294,54.973209,On or near Cottenham Chare,E01008399,Newcastle upon Tyne 024D,Anti-social behaviour,,
,2015-12,Surrey Police,Northumbria Police,-1.630058,54.975117,On or near Avolon Place,E01008399,Newcastle upon Tyne 024D,Anti-social behaviour,,
,2015-12,Surrey Police,Northumbria Police,-1.632948,54.973427,On or near Vallum Way,E01008399,Newcastle upon Tyne 024D,Anti-social behaviour,,
,2015-12,Surrey Police,Northumbria Police,-1.634300,54.975920,On or near Frosterley Place,E01008399,Newcastle upon Tyne 024D,Anti-social behaviour,,
,2015-12,Surrey Police,Northumbria Police,-1.634300,54.975920,On or near Frosterley Place,E01008399,Newcastle upon Tyne 024D,Anti-social behaviour,,
,2015-12,Surrey Police,Northumbria Police,-1.631882,54.973783,On or near Cookson Close,E01008399,Newcastle upon Tyne 024D,Anti-social behaviour,,
,2015-12,Surrey Police,Northumbria Police,-1.636189,54.977768,On or near Philip Place,E01008399,Newcastle upon Tyne 024D,Anti-social behaviour,,
,2015-12,Surrey Police,Northumbria Police,-1.636189,54.977768,On or near Philip Place,E01008399,Newcastle upon Tyne 024D,Anti-social behaviour,,
,2015-12,Surrey Police,Northumbria Police,-1.632948,54.973427,On or near Vallum Way,E01008399,Newcastle upon Tyne 024D,Anti-social behaviour,,
d1526f8fd4902206df9cf2eb479e37a1f7d2cf606a6ece940f7fb7aa37f03e39,2015-12,Surrey Police,Northumbria Police,-1.632471,54.975987,On or near Hamilton Crescent,E01008399,Newcastle upon Tyne 024D,Burglary,Offender sent to prison,
51c23481df8381d20de69070f9d03dc18fc51b48cb22fea8d6a2b93059642e0a,2015-12,Surrey Police,Northumbria Police,-1.632948,54.973427,On or near Vallum Way,E01008399,Newcastle upon Tyne 024D,Criminal damage and arson,Investigation complete; no suspect identified,
882eeabe91eeaa413096f38df6f978fc84f9ef242dcff9cc63a92d2a10abed70,2015-12,Surrey Police,Northumbria Police,-1.633038,54.975575,On or near Stanhope Street,E01008399,Newcastle upon Tyne 024D,Criminal damage and arson,Investigation complete; no suspect identified,
98484e208b3a31cc186b549ddad5b3541bea13dc28b42c11717d98b8182a7f56,2015-12,Surrey Police,Northumbria Police,-1.634300,54.975920,On or near Frosterley Place,E01008399,Newcastle upon Tyne 024D,Criminal damage and arson,Investigation complete; no suspect identified,
25f32bae4d27476cee37de86dc72fff9ffe1372c42d4c0bd56641a973ae2a902,2015-12,Surrey Police,Northumbria Police,-1.630058,54.975117,On or near Avolon Place,E01008399,Newcastle upon Tyne 024D,Criminal damage and arson,Investigation complete; no suspect identified,
371a5008031d438ce473d49dd1e2b9f4a99868c71a5fdc1f7a797262fd99ad62,2015-12,Surrey Police,Northumbria Police,-1.629001,54.972849,On or near Abinger Street,E01008399,Newcastle upon Tyne 024D,Criminal damage and arson,Investigation complete; no suspect identified,
4730821ee6dde024b30699c0d95f4ac8b888b11496c24aed27eaffd624efe841,2015-12,Surrey Police,Northumbria Police,-1.634300,54.975920,On or near Frosterley Place,E01008399,Newcastle upon Tyne 024D,Criminal damage and arson,Investigation complete; no suspect identified,
c53a9b3366bb9eb916d3a484764a150291cb011b133418202a0f5bbee690bccd,2015-12,Surrey Police,Northumbria Police,-1.631605,54.975103,On or near Avison Place,E01008399,Newcastle upon Tyne 024D,Criminal damage and arson,Under investigation,
0e5f5f6dfede74576563309f5d122b8aa6a782d80b654d3ac5575e0fa014b245,2015-12,Surrey Police,Northumbria Police,-1.632013,54.974871,On or near Avision Street,E01008399,Newcastle upon Tyne 024D,Other theft,Investigation complete; no suspect identified,
2ab87783475f780a0846178a465fd7255fad386879f4ba2651d155a679c92127,2015-12,Surrey Police,Northumbria Police,-1.631882,54.973783,On or near Cookson Close,E01008399,Newcastle upon Tyne 024D,Public order,Under investigation,
615d187c073721e932e010cce5a776bc6f5cb2a036ed48f58afa3070df7bd7f0,2015-12,Surrey Police,Northumbria Police,-1.636189,54.977768,On or near Philip Place,E01008399,Newcastle upon Tyne 024D,Robbery,Investigation complete; no suspect identified,
9bac95646364b506808a70281532ef094c100fab3d84b49d5318344718072651,2015-12,Surrey Police,Northumbria Police,-1.636330,54.976052,On or near Supermarket,E01008399,Newcastle upon Tyne 024D,Shoplifting,Under investigation,
09e1ba98d8c22991e416d1f288cce5e3ba96ab9703d9fe545a8e5c3da1086878,2015-12,Surrey Police,Northumbria Police,-1.636330,54.976052,On or near Supermarket,E01008399,Newcastle upon Tyne 024D,Shoplifting,Investigation complete; no suspect identified,
55dcf61c149008cd43a72631a164c5c0da188eb8974e2a82a54dbb53b031e04e,2015-12,Surrey Police,Northumbria Police,-1.636330,54.976052,On or near Supermarket,E01008399,Newcastle upon Tyne 024D,Theft from the person,Under investigation,
16ffb284cc295f4597697bec4d24e85ddf56f5241200682f69073955ae4cdac4,2015-12,Surrey Police,Northumbria Police,-1.632910,54.977542,On or near Monday Crescent,E01008399,Newcastle upon Tyne 024D,Violence and sexual offences,Investigation complete; no suspect identified,
0ad6978b6fdda0cede100a9e7bd92bd468a1e3e20bf0414b256069078a7d5a75,2015-12,Surrey Police,Northumbria Police,-1.632948,54.973427,On or near Vallum Way,E01008399,Newcastle upon Tyne 024D,Violence and sexual offences,Under investigation,
f053d280fced81371451b4fbd33ff4cdae45988d9fa83e4ea6bc9712c2ef7afc,2015-12,Surrey Police,Northumbria Police,-1.631605,54.975103,On or near Avison Place,E01008399,Newcastle upon Tyne 024D,Violence and sexual offences,Under investigation,
36049e360e0c73f6d75f40e6d64f41292ee9f12f158a3f97d2635dec77bd826a,2015-12,Surrey Police,Northumbria Police,-1.632471,54.975987,On or near Hamilton Crescent,E01008399,Newcastle upon Tyne 024D,Violence and sexual offences,Offender sent to prison,
e9a2fc4d9b164873c48893eae16cbd8e851b71813187fddd8a169b67219e17d4,2015-12,Surrey Police,Northumbria Police,-1.633095,54.977894,On or near Sports/Recreation Area,E01008399,Newcastle upon Tyne 024D,Violence and sexual offences,Investigation complete; no suspect identified,
28fa7571e8bf3855a75c116d2ee5f33a8f8c016d300f0a84a3bd6bde39a0ed80,2015-12,Surrey Police,Northumbria Police,-1.632471,54.975987,On or near Hamilton Crescent,E01008399,Newcastle upon Tyne 024D,Violence and sexual offences,Investigation complete; no suspect identified,
2ae40582e0d903bbc002fe557f27dd4f939df421dd3f08461e075a0e773d3525,2015-12,Surrey Police,Northumbria Police,-1.631605,54.975103,On or near Avison Place,E01008399,Newcastle upon Tyne 024D,Violence and sexual offences,Under investigation,
,2015-12,Surrey Police,Northumbria Police,-1.631529,54.968004,On or near West Parade,E01008439,Newcastle upon Tyne 024E,Anti-social behaviour,,
,2015-12,Surrey Police,Northumbria Police,-1.633585,54.972027,On or near Quarry Bank Court,E01008439,Newcastle upon Tyne 024E,Anti-social behaviour,,
,2015-12,Surrey Police,Northumbria Police,-1.628455,54.969378,On or near Victoria Street,E01008439,Newcastle upon Tyne 024E,Anti-social behaviour,,
,2015-12,Surrey Police,Northumbria Police,-1.631529,54.968004,On or near West Parade,E01008439,Newcastle upon Tyne 024E,Anti-social behaviour,,
,2015-12,Surrey Police,Northumbria Police,-1.631529,54.968004,On or near West Parade,E01008439,Newcastle upon Tyne 024E,Anti-social behaviour,,
,2015-12,Surrey Police,Northumbria Police,-1.628491,54.970556,On or near Winchester Terrace,E01008439,Newcastle upon Tyne 024E,Anti-social behaviour,,
,2015-12,Surrey Police,Northumbria Police,-1.634707,54.968975,On or near Gloucester Terrace,E01008439,Newcastle upon Tyne 024E,Anti-social behaviour,,
,2015-12,Surrey Police,Northumbria Police,-1.634707,54.968975,On or near Gloucester Terrace,E01008439,Newcastle upon Tyne 024E,Anti-social behaviour,,
,2015-12,Surrey Police,Northumbria Police,-1.633055,54.968503,On or near Cross Parade,E01008439,Newcastle upon Tyne 024E,Anti-social behaviour,,
,2015-12,Surrey Police,Northumbria Police,-1.633585,54.972027,On or near Quarry Bank Court,E01008439,Newcastle upon Tyne 024E,Anti-social behaviour,,
,2015-12,Surrey Police,Northumbria Police,-1.632422,54.971134,On or near Mill Farm Close,E01008439,Newcastle upon Tyne 024E,Anti-social behaviour,,
ba84987a7e0412e0dbfe761d675d840c057a6bf741e6411236c16d73d2cfa2f4,2015-12,Surrey Police,Northumbria Police,-1.630915,54.968559,On or near Kirkdale Green,E01008439,Newcastle upon Tyne 024E,Bicycle theft,Investigation complete; no suspect identified,
82f9e92a2c56bccfd8ba9600fd5c279c1ab4b88b868234ab856a8782138a8ee4,2015-12,Surrey Police,Northumbria Police,-1.628491,54.970556,On or near Winchester Terrace,E01008439,Newcastle upon Tyne 024E,Criminal damage and arson,Investigation complete; no suspect identified,
3053c2e1e3997dd2bb9fd6a0f1a802ed8f74890120bbf38c3027d373eaef69cc,2015-12,Surrey Police,Northumbria Police,-1.631529,54.968004,On or near West Parade,E01008439,Newcastle upon Tyne 024E,Other theft,Investigation complete; no suspect identified,
dafff2ce3d2d2a13549af0dcc2d513dd29eb55496dc53db58b03dd23fb9c2919,2015-12,Surrey Police,Northumbria Police,-1.635652,54.971476,On or near Surrey Place,E01008439,Newcastle upon Tyne 024E,Other theft,Investigation complete; no suspect identified,
b2078d49a16f6bd20e7a196c7a611d4815b4a333c7aebe0b9c4c53cc47726ae8,2015-12,Surrey Police,Northumbria Police,-1.634782,54.967573,On or near Hawthorn Terrace,E01008439,Newcastle upon Tyne 024E,Public order,Investigation complete; no suspect identified,
aa55d838f81a084e69e59b95f334bb8887ec38438621cb88fd0b078c076b28b6,2015-12,Surrey Police,Northumbria Police,-1.628491,54.970556,On or near Winchester Terrace,E01008439,Newcastle upon Tyne 024E,Vehicle crime,Investigation complete; no suspect identified,
1ebfd8daa2dcb465643c5a917c7874bceb1c44c908268c88c79a39dc59f421b2,2015-12,Surrey Police,Northumbria Police,-1.633585,54.972027,On or near Quarry Bank Court,E01008439,Newcastle upon Tyne 024E,Violence and sexual offences,Awaiting court outcome,
be69ce543cccce1267a9070e6dabe3d75cfe65672fc473978c2fa37cc7d7cfd1,2015-12,Surrey Police,Northumbria Police,-1.637051,54.968838,On or near Park Close,E01008439,Newcastle upon Tyne 024E,Violence and sexual offences,Investigation complete; no suspect identified,
dc16deba5b2b12d1655da1e442923394b5b1912467324dcd99045a6f1c688249,2015-12,Surrey Police,Northumbria Police,-1.634782,54.967573,On or near Hawthorn Terrace,E01008439,Newcastle upon Tyne 024E,Violence and sexual offences,Investigation complete; no suspect identified,
,2015-12,Surrey Police,Northumbria Police,-1.607560,54.975271,On or near Durant Road,E01033543,Newcastle upon Tyne 024G,Anti-social behaviour,,
,2015-12,Surrey Police,Northumbria Police,-1.611184,54.970394,On or near Nightclub,E01033543,Newcastle upon Tyne 024G,Anti-social behaviour,,
,2015-12,Surrey Police,Northumbria Police,-1.617134,54.972264,On or near Newgate Street,E01033543,Newcastle upon Tyne 024G,Anti-social behaviour,,
,2015-12,Surrey Police,Northumbria Police,-1.615435,54.971836,On or near Nightclub,E01033543,Newcastle upon Tyne 024G,Anti-social behaviour,,
,2015-12,Surrey Police,Northumbria Police,-1.614472,54.971249,On or near Bigg Market,E01033543,Newcastle upon Tyne 024G,Anti-social behaviour,,
,2015-12,Surrey Police,Northumbria Police,-1.617134,54.972264,On or near Newgate Street,E01033543,Newcastle upon Tyne 024G,Anti-social behaviour,,
,2015-12,Surrey Police,Northumbria Police,-1.612931,54.970714,On or near Groat Market,E01033543,Newcastle upon Tyne 024G,Anti-social behaviour,,
,2015-12,Surrey Police,Northumbria Police,-1.612429,54.970874,On or near Cloth Market,E01033543,Newcastle upon Tyne 024G,Anti-social behaviour,,
,2015-12,Surrey Police,Northumbria Police,-1.612931,54.970714,On or near Groat Market,E01033543,Newcastle upon Tyne 024G,Anti-social behaviour,,
,2015-12,Surrey Police,Northumbria Police,-1.617297,54.971528,On or near Clayton Street,E01033543,Newcastle upon Tyne 024G,Anti-social behaviour,,
,2015-12,Surrey Police,Northumbria Police,-1.614472,54.971249,On or near Bigg Market,E01033543,Newcastle upon Tyne 024G,Anti-social behaviour,,
,2015-12,Surrey Police,Northumbria Police,-1.618842,54.973348,On or near St Andrew'S Street,E01033543,Newcastle upon Tyne 024G,Anti-social behaviour,,
,2015-12,Surrey Police,Northumbria Police,-1.607650,54.969241,On or near Queen Street,E01033543,Newcastle upon Tyne 024G,Anti-social behaviour,,
,2015-12,Surrey Police,Northumbria Police,-1.611983,54.973470,On or near Hood Street,E01033543,Newcastle upon Tyne 024G,Anti-social behaviour,,
,2015-12,Surrey Police,Northumbria Police,-1.615435,54.971836,On or near Nightclub,E01033543,Newcastle upon Tyne 024G,Anti-social behaviour,,
,2015-12,Surrey Police,Northumbria Police,-1.609843,54.970228,On or near Dean Street,E01033543,Newcastle upon Tyne 024G,Anti-social behaviour,,
,2015-12,Surrey Police,Northumbria Police,-1.614472,54.971249,On or near Bigg Market,E01033543,Newcastle upon Tyne 024G,Anti-social behaviour,,
,2015-12,Surrey Police,Northumbria Police,-1.617258,54.970746,On or near Falconar'S Court,E01033543,Newcastle upon Tyne 024G,Anti-social behaviour,,
,2015-12,Surrey Police,Northumbria Police,-1.609455,54.971583,On or near Pedestrian Subway,E01033543,Newcastle upon Tyne 024G,Anti-social behaviour,,
,2015-12,Surrey Police,Northumbria Police,-1.610594,54.971695,On or near Market Lane,E01033543,Newcastle upon Tyne 024G,Anti-social behaviour,,
,2015-12,Surrey Police,Northumbria Police,-1.617134,54.972264,On or near Newgate Street,E01033543,Newcastle upon Tyne 024G,Anti-social behaviour,,
,2015-12,Surrey Police,Northumbria Police,-1.607650,54.969241,On or near Queen Street,E01033543,Newcastle upon Tyne 024G,Anti-social behaviour,,
,2015-12,Surrey Police,Northumbria Police,-1.612329,54.971602,On or near High Bridge,E01033543,Newcastle upon Tyne 024G,Anti-social behaviour,,
,2015-12,Surrey Police,Northumbria Police,-1.617134,54.972264,On or near Newgate Street,E01033543,Newcastle upon Tyne 024G,Anti-social behaviour,,
,2015-12,Surrey Police,Northumbria Police,-1.615435,54.971836,On or near Nightclub,E01033543,Newcastle upon Tyne 024G,Anti-social behaviour,,
,2015-12,Surrey Police,Northumbria Police,-1.612931,54.970714,On or near Groat Market,E01033543,Newcastle upon Tyne 024G,Anti-social behaviour,,
,2015-12,Surrey Police,Northumbria Police,-1.611983,54.973470,On or near Hood Street,E01033543,Newcastle upon Tyne 024G,Anti-social behaviour,,
,2015-12,Surrey Police,Northumbria Police,-1.618842,54.973348,On or near St Andrew'S Street,E01033543,Newcastle upon Tyne 024G,Anti-social behaviour,,
,2015-12,Surrey Police,Northumbria Police,-1.615435,54.971836,On or near Nightclub,E01033543,Newcastle upon Tyne 024G,Anti-social behaviour,,
,2015-12,Surrey Police,Northumbria Police,-1.611983,54.973470,On or near Hood Street,E01033543,Newcastle upon Tyne 024G,Anti-social behaviour,,
,2015-12,Surrey Police,Northumbria Police,-1.612429,54.970874,On or near Cloth Market,E01033543,Newcastle upon Tyne 024G,Anti-social behaviour,,
,2015-12,Surrey Police,Northumbria Police,-1.607203,54.973409,On or near Nightclub,E01033543,Newcastle upon Tyne 024G,Anti-social behaviour,,
,2015-12,Surrey Police,Northumbria Police,-1.607747,54.968900,On or near Sandhill,E01033543,Newcastle upon Tyne 024G,Anti-social behaviour,,
,2015-12,Surrey Police,Northumbria Police,-1.617134,54.972264,On or near Newgate Street,E01033543,Newcastle upon Tyne 024G,Anti-social behaviour,,
,2015-12,Surrey Police,Northumbria Police,-1.615435,54.971836,On or near Nightclub,E01033543,Newcastle upon Tyne 024G,Anti-social behaviour,,
,2015-12,Surrey Police,Northumbria Police,-1.609843,54.970228,On or near Dean Street,E01033543,Newcastle upon Tyne 024G,Anti-social behaviour,,
,2015-12,Surrey Police,Northumbria Police,-1.620230,54.971959,On or near Parking Area,E01033543,Newcastle upon Tyne 024G,Anti-social behaviour,,
,2015-12,Surrey Police,Northumbria Police,-1.615435,54.971836,On or near Nightclub,E01033543,Newcastle upon Tyne 024G,Anti-social behaviour,,
,2015-12,Surrey Police,Northumbria Police,-1.615322,54.972222,On or near Nun Street,E01033543,Newcastle upon Tyne 024G,Anti-social behaviour,,
,2015-12,Surrey Police,Northumbria Police,-1.612931,54.970714,On or near Groat Market,E01033543,Newcastle upon Tyne 024G,Anti-social behaviour,,
,2015-12,Surrey Police,Northumbria Police,-1.612931,54.970714,On or near Groat Market,E01033543,Newcastle upon Tyne 024G,Anti-social behaviour,,
,2015-12,Surrey Police,Northumbria Police,-1.615435,54.971836,On or near Nightclub,E01033543,Newcastle upon Tyne 024G,Anti-social behaviour,,
,2015-12,Surrey Police,Northumbria Police,-1.618321,54.970578,On or near Fenkle Street,E01033543,Newcastle upon Tyne 024G,Anti-social behaviour,,
,2015-12,Surrey Police,Northumbria Police,-1.617134,54.972264,On or near Newgate Street,E01033543,Newcastle upon Tyne 024G,Anti-social behaviour,,
,2015-12,Surrey Police,Northumbria Police,-1.609843,54.970228,On or near Dean Street,E01033543,Newcastle upon Tyne 024G,Anti-social behaviour,,
,2015-12,Surrey Police,Northumbria Police,-1.612931,54.970714,On or near Groat Market,E01033543,Newcastle upon Tyne 024G,Anti-social behaviour,,
,2015-12,Surrey Police,Northumbria Police,-1.609843,54.970228,On or near Dean Street,E01033543,Newcastle upon Tyne 024G,Anti-social behaviour,,
,2015-12,Surrey Police,Northumbria Police,-1.617134,54.972264,On or near Newgate Street,E01033543,Newcastle upon Tyne 024G,Anti-social behaviour,,
,2015-12,Surrey Police,Northumbria Police,-1.612429,54.970874,On or near Cloth Market,E01033543,Newcastle upon Tyne 024G,Anti-social behaviour,,
,2015-12,Surrey Police,Northumbria Police,-1.618321,54.970578,On or near Fenkle Street,E01033543,Newcastle upon Tyne 024G,Anti-social behaviour,,
,2015-12,Surrey Police,Northumbria Police,-1.617134,54.972264,On or near Newgate Street,E01033543,Newcastle upon Tyne 024G,Anti-social behaviour,,
,2015-12,Surrey Police,Northumbria Police,-1.609455,54.971583,On or near Pedestrian Subway,E01033543,Newcastle upon Tyne 024G,Anti-social behaviour,,
,2015-12,Surrey Police,Northumbria Police,-1.611977,54.974045,On or near Shopping Area,E01033543,Newcastle upon Tyne 024G,Anti-social behaviour,,
,2015-12,Surrey Police,Northumbria Police,-1.612329,54.971602,On or near High Bridge,E01033543,Newcastle upon Tyne 024G,Anti-social behaviour,,
,2015-12,Surrey Police,Northumbria Police,-1.617134,54.972264,On or near Newgate Street,E01033543,Newcastle upon Tyne 024G,Anti-social behaviour,,
,2015-12,Surrey Police,Northumbria Police,-1.612429,54.970874,On or near Cloth Market,E01033543,Newcastle upon Tyne 024G,Anti-social behaviour,,
,2015-12,Surrey Police,Northumbria Police,-1.610594,54.971695,On or near Market Lane,E01033543,Newcastle upon Tyne 024G,Anti-social behaviour,,
,2015-12,Surrey Police,Northumbria Police,-1.614472,54.971249,On or near Bigg Market,E01033543,Newcastle upon Tyne 024G,Anti-social behaviour,,
,2015-12,Surrey Police,Northumbria Police,-1.615435,54.971836,On or near Nightclub,E01033543,Newcastle upon Tyne 024G,Anti-social behaviour,,
,2015-12,Surrey Police,Northumbria Police,-1.609740,54.969527,On or near Side,E01033543,Newcastle upon Tyne 024G,Anti-social behaviour,,
,2015-12,Surrey Police,Northumbria Police,-1.609455,54.971583,On or near Pedestrian Subway,E01033543,Newcastle upon Tyne 024G,Anti-social behaviour,,
,2015-12,Surrey Police,Northumbria Police,-1.607650,54.969241,On or near Queen Street,E01033543,Newcastle upon Tyne 024G,Anti-social behaviour,,
,2015-12,Surrey Police,Northumbria Police,-1.617134,54.972264,On or near Newgate Street,E01033543,Newcastle upon Tyne 024G,Anti-social behaviour,,
,2015-12,Surrey Police,Northumbria Police,-1.611537,54.971123,On or near Nightclub,E01033543,Newcastle upon Tyne 024G,Anti-social behaviour,,
,2015-12,Surrey Police,Northumbria Police,-1.615322,54.972222,On or near Nun Street,E01033543,Newcastle upon Tyne 024G,Anti-social behaviour,,
,2015-12,Surrey Police,Northumbria Police,-1.611537,54.971123,On or near Nightclub,E01033543,Newcastle upon Tyne 024G,Anti-social behaviour,,
,2015-12,Surrey Police,Northumbria Police,-1.611600,54.972624,On or near Shakespeare Street,E01033543,Newcastle upon Tyne 024G,Anti-social behaviour,,
,2015-12,Surrey Police,Northumbria Police,-1.618321,54.970578,On or near Fenkle Street,E01033543,Newcastle upon Tyne 024G,Anti-social behaviour,,
,2015-12,Surrey Police,Northumbria Police,-1.617134,54.972264,On or near Newgate Street,E01033543,Newcastle upon Tyne 024G,Anti-social behaviour,,
,2015-12,Surrey Police,Northumbria Police,-1.615435,54.971836,On or near Nightclub,E01033543,Newcastle upon Tyne 024G,Anti-social behaviour,,
,2015-12,Surrey Police,Northumbria Police,-1.611537,54.971123,On or near Nightclub,E01033543,Newcastle upon Tyne 024G,Anti-social behaviour,,
,2015-12,Surrey Police,Northumbria Police,-1.615322,54.972222,On or near Nun Street,E01033543,Newcastle upon Tyne 024G,Anti-social behaviour,,
,2015-12,Surrey Police,Northumbria Police,-1.618321,54.970578,On or near Fenkle Street,E01033543,Newcastle upon Tyne 024G,Anti-social behaviour,,
,2015-12,Surrey Police,Northumbria Police,-1.611184,54.970394,On or near Nightclub,E01033543,Newcastle upon Tyne 024G,Anti-social behaviour,,
,2015-12,Surrey Police,Northumbria Police,-1.611600,54.972624,On or near Shakespeare Street,E01033543,Newcastle upon Tyne 024G,Anti-social behaviour,,
,2015-12,Surrey Police,Northumbria Police,-1.612329,54.971602,On or near High Bridge,E01033543,Newcastle upon Tyne 024G,Anti-social behaviour,,
,2015-12,Surrey Police,Northumbria Police,-1.615435,54.971836,On or near Nightclub,E01033543,Newcastle upon Tyne 024G,Anti-social behaviour,,
,2015-12,Surrey Police,Northumbria Police,-1.612429,54.970874,On or near Cloth Market,E01033543,Newcastle upon Tyne 024G,Anti-social behaviour,,
,2015-12,Surrey Police,Northumbria Police,-1.612329,54.971602,On or near High Bridge,E01033543,Newcastle upon Tyne 024G,Anti-social behaviour,,
,2015-12,Surrey Police,Northumbria Police,-1.611184,54.970394,On or near Nightclub,E01033543,Newcastle upon Tyne 024G,Anti-social behaviour,,
,2015-12,Surrey Police,Northumbria Police,-1.612329,54.971602,On or near High Bridge,E01033543,Newcastle upon Tyne 024G,Anti-social behaviour,,
,2015-12,Surrey Police,Northumbria Police,-1.615815,54.971325,On or near Shopping Area,E01033543,Newcastle upon Tyne 024G,Anti-social behaviour,,
,2015-12,Surrey Police,Northumbria Police,-1.611537,54.971123,On or near Nightclub,E01033543,Newcastle upon Tyne 024G,Anti-social behaviour,,
,2015-12,Surrey Police,Northumbria Police,-1.615435,54.971836,On or near Nightclub,E01033543,Newcastle upon Tyne 024G,Anti-social behaviour,,
,2015-12,Surrey Police,Northumbria Police,-1.611184,54.970394,On or near Nightclub,E01033543,Newcastle upon Tyne 024G,Anti-social behaviour,,
,2015-12,Surrey Police,Northumbria Police,-1.611537,54.971123,On or near Nightclub,E01033543,Newcastle upon Tyne 024G,Anti-social behaviour,,
,2015-12,Surrey Police,Northumbria Police,-1.607747,54.968900,On or near Sandhill,E01033543,Newcastle upon Tyne 024G,Anti-social behaviour,,
,2015-12,Surrey Police,Northumbria Police,-1.607203,54.973409,On or near Nightclub,E01033543,Newcastle upon Tyne 024G,Anti-social behaviour,,
,2015-12,Surrey Police,Northumbria Police,-1.617134,54.972264,On or near Newgate Street,E01033543,Newcastle upon Tyne 024G,Anti-social behaviour,,
,2015-12,Surrey Police,Northumbria Police,-1.618837,54.970526,On or near Clayton Street West,E01033543,Newcastle upon Tyne 024G,Anti-social behaviour,,
,2015-12,Surrey Police,Northumbria Police,-1.614472,54.971249,On or near Bigg Market,E01033543,Newcastle upon Tyne 024G,Anti-social behaviour,,
,2015-12,Surrey Police,Northumbria Police,-1.617134,54.972264,On or near Newgate Street,E01033543,Newcastle upon Tyne 024G,Anti-social behaviour,,
,2015-12,Surrey Police,Northumbria Police,-1.617134,54.972264,On or near Newgate Street,E01033543,Newcastle upon Tyne 024G,Anti-social behaviour,,
,2015-12,Surrey Police,Northumbria Police,-1.617134,54.972264,On or near Newgate Street,E01033543,Newcastle upon Tyne 024G,Anti-social behaviour,,
,2015-12,Surrey Police,Northumbria Police,-1.615435,54.971836,On or near Nightclub,E01033543,Newcastle upon Tyne 024G,Anti-social behaviour,,
,2015-12,Surrey Police,Northumbria Police,-1.612329,54.971602,On or near High Bridge,E01033543,Newcastle upon Tyne 024G,Anti-social behaviour,,
,2015-12,Surrey Police,Northumbria Police,-1.617134,54.972264,On or near Newgate Street,E01033543,Newcastle upon Tyne 024G,Anti-social behaviour,,
,2015-12,Surrey Police,Northumbria Police,-1.612959,54.972619,On or near Nightclub,E01033543,Newcastle upon Tyne 024G,Anti-social behaviour,,
,2015-12,Surrey Police,Northumbria Police,-1.611983,54.973470,On or near Hood Street,E01033543,Newcastle upon Tyne 024G,Anti-social behaviour,,
,2015-12,Surrey Police,Northumbria Police,-1.614472,54.971249,On or near Bigg Market,E01033543,Newcastle upon Tyne 024G,Anti-social behaviour,,
,2015-12,Surrey Police,Northumbria Police,-1.615322,54.972222,On or near Nun Street,E01033543,Newcastle upon Tyne 024G,Anti-social behaviour,,
,2015-12,Surrey Police,Northumbria Police,-1.612429,54.970874,On or near Cloth Market,E01033543,Newcastle upon Tyne 024G,Anti-social behaviour,,
,2015-12,Surrey Police,Northumbria Police,-1.615435,54.971836,On or near Nightclub,E01033543,Newcastle upon Tyne 024G,Anti-social behaviour,,
,2015-12,Surrey Police,Northumbria Police,-1.615435,54.971836,On or near Nightclub,E01033543,Newcastle upon Tyne 024G,Anti-social behaviour,,
,2015-12,Surrey Police,Northumbria Police,-1.611977,54.974045,On or near Shopping Area,E01033543,Newcastle upon Tyne 024G,Anti-social behaviour,,
,2015-12,Surrey Police,Northumbria Police,-1.619140,54.971524,On or near Parking Area,E01033543,Newcastle upon Tyne 024G,Anti-social behaviour,,
,2015-12,Surrey Police,Northumbria Police,-1.617134,54.972264,On or near Newgate Street,E01033543,Newcastle upon Tyne 024G,Anti-social behaviour,,
,2015-12,Surrey Police,Northumbria Police,-1.609740,54.969527,On or near Side,E01033543,Newcastle upon Tyne 024G,Anti-social behaviour,,
,2015-12,Surrey Police,Northumbria Police,-1.612429,54.970874,On or near Cloth Market,E01033543,Newcastle upon Tyne 024G,Anti-social behaviour,,
,2015-12,Surrey Police,Northumbria Police,-1.611537,54.971123,On or near Nightclub,E01033543,Newcastle upon Tyne 024G,Anti-social behaviour,,
,2015-12,Surrey Police,Northumbria Police,-1.612959,54.972619,On or near Nightclub,E01033543,Newcastle upon Tyne 024G,Anti-social behaviour,,
,2015-12,Surrey Police,Northumbria Police,-1.612429,54.970874,On or near Cloth Market,E01033543,Newcastle upon Tyne 024G,Anti-social behaviour,,
,2015-12,Surrey Police,Northumbria Police,-1.607650,54.969241,On or near Queen Street,E01033543,Newcastle upon Tyne 024G,Anti-social behaviour,,
,2015-12,Surrey Police,Northumbria Police,-1.609377,54.968276,On or near Nightclub,E01033543,Newcastle upon Tyne 024G,Anti-social behaviour,,
,2015-12,Surrey Police,Northumbria Police,-1.612429,54.970874,On or near Cloth Market,E01033543,Newcastle upon Tyne 024G,Anti-social behaviour,,
,2015-12,Surrey Police,Northumbria Police,-1.615435,54.971836,On or near Nightclub,E01033543,Newcastle upon Tyne 024G,Anti-social behaviour,,
,2015-12,Surrey Police,Northumbria Police,-1.617134,54.972264,On or near Newgate Street,E01033543,Newcastle upon Tyne 024G,Anti-social behaviour,,
,2015-12,Surrey Police,Northumbria Police,-1.615435,54.971836,On or near Nightclub,E01033543,Newcastle upon Tyne 024G,Anti-social behaviour,,
,2015-12,Surrey Police,Northumbria Police,-1.609803,54.971126,On or near Mosley Street,E01033543,Newcastle upon Tyne 024G,Anti-social behaviour,,
,2015-12,Surrey Police,Northumbria Police,-1.617134,54.972264,On or near Newgate Street,E01033543,Newcastle upon Tyne 024G,Anti-social behaviour,,
,2015-12,Surrey Police,Northumbria Police,-1.611600,54.972624,On or near Shakespeare Street,E01033543,Newcastle upon Tyne 024G,Anti-social behaviour,,
,2015-12,Surrey Police,Northumbria Police,-1.615365,54.971045,On or near Grainger Street,E01033543,Newcastle upon Tyne 024G,Anti-social behaviour,,
,2015-12,Surrey Police,Northumbria Police,-1.617134,54.972264,On or near Newgate Street,E01033543,Newcastle upon Tyne 024G,Anti-social behaviour,,
,2015-12,Surrey Police,Northumbria Police,-1.612959,54.972619,On or near Nightclub,E01033543,Newcastle upon Tyne 024G,Anti-social behaviour,,
,2015-12,Surrey Police,Northumbria Police,-1.617134,54.972264,On or near Newgate Street,E01033543,Newcastle upon Tyne 024G,Anti-social behaviour,,
,2015-12,Surrey Police,Northumbria Police,-1.615815,54.971325,On or near Shopping Area,E01033543,Newcastle upon Tyne 024G,Anti-social behaviour,,
,2015-12,Surrey Police,Northumbria Police,-1.614472,54.971249,On or near Bigg Market,E01033543,Newcastle upon Tyne 024G,Anti-social behaviour,,
,2015-12,Surrey Police,Northumbria Police,-1.611516,54.971617,On or near Grey Street,E01033543,Newcastle upon Tyne 024G,Anti-social behaviour,,
,2015-12,Surrey Police,Northumbria Police,-1.619988,54.972758,On or near Nightclub,E01033543,Newcastle upon Tyne 024G,Anti-social behaviour,,
,2015-12,Surrey Police,Northumbria Police,-1.609843,54.970228,On or near Dean Street,E01033543,Newcastle upon Tyne 024G,Anti-social behaviour,,
,2015-12,Surrey Police,Northumbria Police,-1.615435,54.971836,On or near Nightclub,E01033543,Newcastle upon Tyne 024G,Anti-social behaviour,,
,2015-12,Surrey Police,Northumbria Police,-1.610594,54.971695,On or near Market Lane,E01033543,Newcastle upon Tyne 024G,Anti-social behaviour,,
,2015-12,Surrey Police,Northumbria Police,-1.614472,54.971249,On or near Bigg Market,E01033543,Newcastle upon Tyne 024G,Anti-social behaviour,,
,2015-12,Surrey Police,Northumbria Police,-1.617134,54.972264,On or near Newgate Street,E01033543,Newcastle upon Tyne 024G,Anti-social behaviour,,
,2015-12,Surrey Police,Northumbria Police,-1.610942,54.972828,On or near Pilgrim Street,E01033543,Newcastle upon Tyne 024G,Anti-social behaviour,,
,2015-12,Surrey Police,Northumbria Police,-1.620211,54.972309,On or near Stowell Street,E01033543,Newcastle upon Tyne 024G,Anti-social behaviour,,
,2015-12,Surrey Police,Northumbria Police,-1.614472,54.971249,On or near Bigg Market,E01033543,Newcastle upon Tyne 024G,Anti-social behaviour,,
,2015-12,Surrey Police,Northumbria Police,-1.612329,54.971602,On or near High Bridge,E01033543,Newcastle upon Tyne 024G,Anti-social behaviour,,
,2015-12,Surrey Police,Northumbria Police,-1.617134,54.972264,On or near Newgate Street,E01033543,Newcastle upon Tyne 024G,Anti-social behaviour,,
,2015-12,Surrey Police,Northumbria Police,-1.617134,54.972264,On or near Newgate Street,E01033543,Newcastle upon Tyne 024G,Anti-social behaviour,,
,2015-12,Surrey Police,Northumbria Police,-1.612959,54.972619,On or near Nightclub,E01033543,Newcastle upon Tyne 024G,Anti-social behaviour,,
,2015-12,Surrey Police,Northumbria Police,-1.617258,54.970746,On or near Falconar'S Court,E01033543,Newcastle upon Tyne 024G,Anti-social behaviour,,
,2015-12,Surrey Police,Northumbria Police,-1.617134,54.972264,On or near Newgate Street,E01033543,Newcastle upon Tyne 024G,Anti-social behaviour,,
,2015-12,Surrey Police,Northumbria Police,-1.612329,54.971602,On or near High Bridge,E01033543,Newcastle upon Tyne 024G,Anti-social behaviour,,
,2015-12,Surrey Police,Northumbria Police,-1.615435,54.971836,On or near Nightclub,E01033543,Newcastle upon Tyne 024G,Anti-social behaviour,,
,2015-12,Surrey Police,Northumbria Police,-1.614472,54.971249,On or near Bigg Market,E01033543,Newcastle upon Tyne 024G,Anti-social behaviour,,
,2015-12,Surrey Police,Northumbria Police,-1.611977,54.974045,On or near Shopping Area,E01033543,Newcastle upon Tyne 024G,Anti-social behaviour,,
,2015-12,Surrey Police,Northumbria Police,-1.617297,54.971528,On or near Clayton Street,E01033543,Newcastle upon Tyne 024G,Anti-social behaviour,,
,2015-12,Surrey Police,Northumbria Police,-1.609455,54.971583,On or near Pedestrian Subway,E01033543,Newcastle upon Tyne 024G,Anti-social behaviour,,
,2015-12,Surrey Police,Northumbria Police,-1.611983,54.973470,On or near Hood Street,E01033543,Newcastle upon Tyne 024G,Anti-social behaviour,,
,2015-12,Surrey Police,Northumbria Police,-1.611600,54.972624,On or near Shakespeare Street,E01033543,Newcastle upon Tyne 024G,Anti-social behaviour,,
,2015-12,Surrey Police,Northumbria Police,-1.611184,54.970394,On or near Nightclub,E01033543,Newcastle upon Tyne 024G,Anti-social behaviour,,
,2015-12,Surrey Police,Northumbria Police,-1.617134,54.972264,On or near Newgate Street,E01033543,Newcastle upon Tyne 024G,Anti-social behaviour,,
,2015-12,Surrey Police,Northumbria Police,-1.615435,54.971836,On or near Nightclub,E01033543,Newcastle upon Tyne 024G,Anti-social behaviour,,
,2015-12,Surrey Police,Northumbria Police,-1.612329,54.971602,On or near High Bridge,E01033543,Newcastle upon Tyne 024G,Anti-social behaviour,,
,2015-12,Surrey Police,Northumbria Police,-1.611983,54.973470,On or near Hood Street,E01033543,Newcastle upon Tyne 024G,Anti-social behaviour,,
,2015-12,Surrey Police,Northumbria Police,-1.607747,54.968900,On or near Sandhill,E01033543,Newcastle upon Tyne 024G,Anti-social behaviour,,
,2015-12,Surrey Police,Northumbria Police,-1.611977,54.974045,On or near Shopping Area,E01033543,Newcastle upon Tyne 024G,Anti-social behaviour,,
,2015-12,Surrey Police,Northumbria Police,-1.611537,54.971123,On or near Nightclub,E01033543,Newcastle upon Tyne 024G,Anti-social behaviour,,
,2015-12,Surrey Police,Northumbria Police,-1.611983,54.973470,On or near Hood Street,E01033543,Newcastle upon Tyne 024G,Anti-social behaviour,,
,2015-12,Surrey Police,Northumbria Police,-1.617134,54.972264,On or near Newgate Street,E01033543,Newcastle upon Tyne 024G,Anti-social behaviour,,
,2015-12,Surrey Police,Northumbria Police,-1.607650,54.969241,On or near Queen Street,E01033543,Newcastle upon Tyne 024G,Anti-social behaviour,,
,2015-12,Surrey Police,Northumbria Police,-1.612959,54.972619,On or near Nightclub,E01033543,Newcastle upon Tyne 024G,Anti-social behaviour,,
,2015-12,Surrey Police,Northumbria Police,-1.611983,54.973470,On or near Hood Street,E01033543,Newcastle upon Tyne 024G,Anti-social behaviour,,
,2015-12,Surrey Police,Northumbria Police,-1.618573,54.972026,On or near Dispensary Lane,E01033543,Newcastle upon Tyne 024G,Anti-social behaviour,,
,2015-12,Surrey Police,Northumbria Police,-1.617258,54.970746,On or near Falconar'S Court,E01033543,Newcastle upon Tyne 024G,Anti-social behaviour,,
,2015-12,Surrey Police,Northumbria Police,-1.612931,54.970714,On or near Groat Market,E01033543,Newcastle upon Tyne 024G,Anti-social behaviour,,
,2015-12,Surrey Police,Northumbria Police,-1.614472,54.971249,On or near Bigg Market,E01033543,Newcastle upon Tyne 024G,Anti-social behaviour,,
,2015-12,Surrey Police,Northumbria Police,-1.612329,54.971602,On or near High Bridge,E01033543,Newcastle upon Tyne 024G,Anti-social behaviour,,
,2015-12,Surrey Police,Northumbria Police,-1.617134,54.972264,On or near Newgate Street,E01033543,Newcastle upon Tyne 024G,Anti-social behaviour,,
,2015-12,Surrey Police,Northumbria Police,-1.612959,54.972619,On or near Nightclub,E01033543,Newcastle upon Tyne 024G,Anti-social behaviour,,
,2015-12,Surrey Police,Northumbria Police,-1.611600,54.972624,On or near Shakespeare Street,E01033543,Newcastle upon Tyne 024G,Anti-social behaviour,,
,2015-12,Surrey Police,Northumbria Police,-1.611977,54.974045,On or near Shopping Area,E01033543,Newcastle upon Tyne 024G,Anti-social behaviour,,
,2015-12,Surrey Police,Northumbria Police,-1.611184,54.970394,On or near Nightclub,E01033543,Newcastle upon Tyne 024G,Anti-social behaviour,,
,2015-12,Surrey Police,Northumbria Police,-1.615322,54.972222,On or near Nun Street,E01033543,Newcastle upon Tyne 024G,Anti-social behaviour,,
,2015-12,Surrey Police,Northumbria Police,-1.609843,54.970228,On or near Dean Street,E01033543,Newcastle upon Tyne 024G,Anti-social behaviour,,
,2015-12,Surrey Police,Northumbria Police,-1.617134,54.972264,On or near Newgate Street,E01033543,Newcastle upon Tyne 024G,Anti-social behaviour,,
,2015-12,Surrey Police,Northumbria Police,-1.617258,54.970746,On or near Falconar'S Court,E01033543,Newcastle upon Tyne 024G,Anti-social behaviour,,
,2015-12,Surrey Police,Northumbria Police,-1.617297,54.971528,On or near Clayton Street,E01033543,Newcastle upon Tyne 024G,Anti-social behaviour,,
,2015-12,Surrey Police,Northumbria Police,-1.618842,54.973348,On or near St Andrew'S Street,E01033543,Newcastle upon Tyne 024G,Anti-social behaviour,,
,2015-12,Surrey Police,Northumbria Police,-1.615322,54.972222,On or near Nun Street,E01033543,Newcastle upon Tyne 024G,Anti-social behaviour,,
,2015-12,Surrey Police,Northumbria Police,-1.609843,54.970228,On or near Dean Street,E01033543,Newcastle upon Tyne 024G,Anti-social behaviour,,
,2015-12,Surrey Police,Northumbria Police,-1.609843,54.970228,On or near Dean Street,E01033543,Newcastle upon Tyne 024G,Anti-social behaviour,,
,2015-12,Surrey Police,Northumbria Police,-1.612329,54.971602,On or near High Bridge,E01033543,Newcastle upon Tyne 024G,Anti-social behaviour,,
,2015-12,Surrey Police,Northumbria Police,-1.617134,54.972264,On or near Newgate Street,E01033543,Newcastle upon Tyne 024G,Anti-social behaviour,,
,2015-12,Surrey Police,Northumbria Police,-1.615435,54.971836,On or near Nightclub,E01033543,Newcastle upon Tyne 024G,Anti-social behaviour,,
,2015-12,Surrey Police,Northumbria Police,-1.620211,54.972309,On or near Stowell Street,E01033543,Newcastle upon Tyne 024G,Anti-social behaviour,,
,2015-12,Surrey Police,Northumbria Police,-1.614472,54.971249,On or near Bigg Market,E01033543,Newcastle upon Tyne 024G,Anti-social behaviour,,
,2015-12,Surrey Police,Northumbria Police,-1.619988,54.972758,On or near Nightclub,E01033543,Newcastle upon Tyne 024G,Anti-social behaviour,,
,2015-12,Surrey Police,Northumbria Police,-1.615435,54.971836,On or near Nightclub,E01033543,Newcastle upon Tyne 024G,Anti-social behaviour,,
58d1cc5e2eb5acba13ad7777c3f7fd5a82ecb19be43971bb966ef61e6c376981,2015-12,Surrey Police,Northumbria Police,-1.611983,54.973470,On or near Hood Street,E01033543,Newcastle upon Tyne 024G,Bicycle theft,Investigation complete; no suspect identified,
be1f1138283b8955f099071e0cdc9e9a48bc13bda6d28c84b37b0450f1b44e9c,2015-12,Surrey Police,Northumbria Police,-1.617134,54.972264,On or near Newgate Street,E01033543,Newcastle upon Tyne 024G,Burglary,Local resolution,
9fc3c8ba36b52d6ca68fa247799670b770e950dd2ac15089faa8a43f9efe1a29,2015-12,Surrey Police,Northumbria Police,-1.611983,54.973470,On or near Hood Street,E01033543,Newcastle upon Tyne 024G,Burglary,Offender given community sentence,
793ef319a25f1128ff4d355fe4a34e31e9a90a0077d063371860f942946b8dd4,2015-12,Surrey Police,Northumbria Police,-1.610594,54.971695,On or near Market Lane,E01033543,Newcastle upon Tyne 024G,Burglary,Offender sent to prison,
1d375d7200fcc857261107f364a843c6071ccc6480e78d46bdafcf4b78c70c48,2015-12,Surrey Police,Northumbria Police,-1.614472,54.971249,On or near Bigg Market,E01033543,Newcastle upon Tyne 024G,Burglary,Offender given community sentence,
ee4c20f9d1866e003a3aa13791808814d7f0003404a665d089794172339dd2e7,2015-12,Surrey Police,Northumbria Police,-1.617134,54.972264,On or near Newgate Street,E01033543,Newcastle upon Tyne 024G,Burglary,Investigation complete; no suspect identified,
da24570daa2376ffc669f3680cfb88858303f23c6edd80ab7c7ad2bd4e891679,2015-12,Surrey Police,Northumbria Police,-1.615322,54.972222,On or near Nun Street,E01033543,Newcastle upon Tyne 024G,Burglary,Investigation complete; no suspect identified,
3503cf9fa60371c3c70089603b8242fc03c69a987b796863a5a8b247981126f9,2015-12,Surrey Police,Northumbria Police,-1.615322,54.972222,On or near Nun Street,E01033543,Newcastle upon Tyne 024G,Burglary,Investigation complete; no suspect identified,
b11ab54ec648673d724db98c2ef346cf3f198c059321e4b17b77eb7401739ffc,2015-12,Surrey Police,Northumbria Police,-1.620230,54.971959,On or near Parking Area,E01033543,Newcastle upon Tyne 024G,Criminal damage and arson,Investigation complete; no suspect identified,
8ec04a6c53701409729feaafb114ad0eb7e54b3f7e95dda011bce0053aacac9e,2015-12,Surrey Police,Northumbria Police,-1.611600,54.972624,On or near Shakespeare Street,E01033543,Newcastle upon Tyne 024G,Criminal damage and arson,Investigation complete; no suspect identified,
847f624a7ea393832668d9a259f9a1ea0f2976104d99c6f56ff98f081754a522,2015-12,Surrey Police,Northumbria Police,-1.620697,54.972131,On or near West Walls,E01033543,Newcastle upon Tyne 024G,Criminal damage and arson,Under investigation,
3ba4fa0fb66b8679c55f7956db970da06cf936e21827b15fec443ae8cf252a49,2015-12,Surrey Police,Northumbria Police,-1.611600,54.972624,On or near Shakespeare Street,E01033543,Newcastle upon Tyne 024G,Criminal damage and arson,Investigation complete; no suspect identified,
8f476df8fd5bdad78d3df3cde7d5e74e464cf4e8e6b775254acd9eb6fd16d211,2015-12,Surrey Police,Northumbria Police,-1.612959,54.972619,On or near Nightclub,E01033543,Newcastle upon Tyne 024G,Criminal damage and arson,Awaiting court outcome,
9fca54f062c092fa18ff90b4fac4b18afffe0f0be054e71ceaaa82b83dc19e68,2015-12,Surrey Police,Northumbria Police,-1.618842,54.973348,On or near St Andrew'S Street,E01033543,Newcastle upon Tyne 024G,Criminal damage and arson,Investigation complete; no suspect identified,
2dd49b520d71fbac4acfcc693d36956c8e10375903bacdb054ca8fcc83b3800a,2015-12,Surrey Police,Northumbria Police,-1.607747,54.968900,On or near Sandhill,E01033543,Newcastle upon Tyne 024G,Criminal damage and arson,Investigation complete; no suspect identified,
4a522ca15c4f81b03c73a97a5717da9baa0cdd18e24f246d298b15bed567172d,2015-12,Surrey Police,Northumbria Police,-1.617134,54.972264,On or near Newgate Street,E01033543,Newcastle upon Tyne 024G,Criminal damage and arson,Local resolution,
d0d0f11b8c53835fff07519cd2974e679df98670df99157f79853e4c4b80912d,2015-12,Surrey Police,Northumbria Police,-1.619988,54.972758,On or near Nightclub,E01033543,Newcastle upon Tyne 024G,Criminal damage and arson,Awaiting court outcome,
dac245c8c5e19d801d725effa208e17eb9536d2d030d613913d880d5b5c732b8,2015-12,Surrey Police,Northumbria Police,-1.612429,54.970874,On or near Cloth Market,E01033543,Newcastle upon Tyne 024G,Criminal damage and arson,Offender given a caution,
b71cc02680966ff5ba0d77d458567e68a05dff0ad85a005075bcf5ffa1f83a35,2015-12,Surrey Police,Northumbria Police,-1.618842,54.973348,On or near St Andrew'S Street,E01033543,Newcastle upon Tyne 024G,Criminal damage and arson,Investigation complete; no suspect identified,
5a338546e1911ab2367c39a87a0393fc868b5cf9493f8fc616f22817353a70bf,2015-12,Surrey Police,Northumbria Police,-1.609056,54.972418,On or near Parking Area,E01033543,Newcastle upon Tyne 024G,Criminal damage and arson,Investigation complete; no suspect identified,
07212960408859a1d3fe0df3e0808693b977bb5a05ce1e91f845a8aa45804be3,2015-12,Surrey Police,Northumbria Police,-1.617134,54.972264,On or near Newgate Street,E01033543,Newcastle upon Tyne 024G,Criminal damage and arson,Investigation complete; no suspect identified,
198184ba23683f7609916ac4ae3e8367afc11d5c2df28df510866e143e98c386,2015-12,Surrey Police,Northumbria Police,-1.614215,54.970395,On or near Pudding Chare,E01033543,Newcastle upon Tyne 024G,Criminal damage and arson,Offender ordered to pay compensation,
d8329633f94e3b2da3d011885b5fbe0b5b5f465b156232b4ef852929c18c2376,2015-12,Surrey Police,Northumbria Police,-1.617134,54.972264,On or near Newgate Street,E01033543,Newcastle upon Tyne 024G,Criminal damage and arson,Offender given a caution,
16cbd955b914fc2b45def34a3916ee7733e3034233bd4099b031517885e3ef2f,2015-12,Surrey Police,Northumbria Police,-1.610942,54.972828,On or near Pilgrim Street,E01033543,Newcastle upon Tyne 024G,Criminal damage and arson,Investigation complete; no suspect identified,
082e1dec11a1ba3c50e828faee64e7400940ec2d7449a1850e357ec592f4dd03,2015-12,Surrey Police,Northumbria Police,-1.609304,54.974198,On or near John Dobson Street,E01033543,Newcastle upon Tyne 024G,Criminal damage and arson,Investigation complete; no suspect identified,
63f30de2f7544ffdc89fca372aa533f0b80c11e54316dad31b24574f5c29329b,2015-12,Surrey Police,Northumbria Police,-1.615815,54.971325,On or near Shopping Area,E01033543,Newcastle upon Tyne 024G,Criminal damage and arson,Investigation complete; no suspect identified,
29cb789ca236391279da056dcd654437aea1986fd438a0f58ea755ffaacd3008,2015-12,Surrey Police,Northumbria Police,-1.611184,54.970394,On or near Nightclub,E01033543,Newcastle upon Tyne 024G,Criminal damage and arson,Investigation complete; no suspect identified,
c90f8df1d51ac35fce1a869361f20089ec77abbfaec3996fe3050167b1f40a9a,2015-12,Surrey Police,Northumbria Police,-1.617297,54.971528,On or near Clayton Street,E01033543,Newcastle upon Tyne 024G,Criminal damage and arson,Investigation complete; no suspect identified,
3d376e0c30758474142ee7b503e8e12ab42cf41fcb30077bebe2a7503eb2090c,2015-12,Surrey Police,Northumbria Police,-1.612959,54.972619,On or near Nightclub,E01033543,Newcastle upon Tyne 024G,Criminal damage and arson,Offender given a caution,
52a4969ad8bb010bddb92fd09dc4dc3d5d63c234c1a89add6f032c2fc1e19392,2015-12,Surrey Police,Northumbria Police,-1.612959,54.972619,On or near Nightclub,E01033543,Newcastle upon Tyne 024G,Criminal damage and arson,Investigation complete; no suspect identified,
2029e04bae080e79d437a155e90faad3e63c6836da10f1710263acb75259f9d5,2015-12,Surrey Police,Northumbria Police,-1.607747,54.968900,On or near Sandhill,E01033543,Newcastle upon Tyne 024G,Criminal damage and arson,Investigation complete; no suspect identified,
13d5824964700e2c2e62b90305b41dfb4087c511c40847b34930ff2d14703f4c,2015-12,Surrey Police,Northumbria Police,-1.608688,54.971689,On or near Nightclub,E01033543,Newcastle upon Tyne 024G,Criminal damage and arson,Investigation complete; no suspect identified,
eadb139efd28eddcd73ccb4c58ff6ceea084d532ab85413a2d859e91fbc9d419,2015-12,Surrey Police,Northumbria Police,-1.607747,54.968900,On or near Sandhill,E01033543,Newcastle upon Tyne 024G,Criminal damage and arson,Investigation complete; no suspect identified,
84a48e575ef1089ec0e2561213a02e693d8b017b3cea2a56efb476fb884f6069,2015-12,Surrey Police,Northumbria Police,-1.618360,54.971423,On or near Low Friar Street,E01033543,Newcastle upon Tyne 024G,Criminal damage and arson,Investigation complete; no suspect identified,
01fb99a8d740ec6c4ac17e5fcb5efdefa5b26f31bbe748a2d464cb8106ed6ccf,2015-12,Surrey Police,Northumbria Police,-1.617297,54.971528,On or near Clayton Street,E01033543,Newcastle upon Tyne 024G,Criminal damage and arson,Investigation complete; no suspect identified,
1dec0e2adcdcbf91f30574d5b16b7578ce52f919170d0bd17cf80705bd2cb3a7,2015-12,Surrey Police,Northumbria Police,-1.608599,54.972785,On or near Carliol Square,E01033543,Newcastle upon Tyne 024G,Drugs,Under investigation,
04d3b2898089469588663006627de7f9d9164c1ad7aa5ca803c1a6e40997d1b3,2015-12,Surrey Police,Northumbria Police,-1.609455,54.971583,On or near Pedestrian Subway,E01033543,Newcastle upon Tyne 024G,Drugs,Offender given a caution,
ef086886da2070a49d64e1f720522a750b89ff40f2599b7b67be8d3b6e1bafcd,2015-12,Surrey Police,Northumbria Police,-1.610594,54.971695,On or near Market Lane,E01033543,Newcastle upon Tyne 024G,Drugs,Offender given conditional discharge,
5e9af9df9689eca293ae8d068b07996d432c8162443bfdcb5541c785cf43152d,2015-12,Surrey Police,Northumbria Police,-1.617258,54.970746,On or near Falconar'S Court,E01033543,Newcastle upon Tyne 024G,Drugs,Offender given a drugs possession warning,
92ea0a7002eddd627af2b54455188fde98a7f1d93789d5e509c696193791ad21,2015-12,Surrey Police,Northumbria Police,-1.617134,54.972264,On or near Newgate Street,E01033543,Newcastle upon Tyne 024G,Drugs,Offender given conditional discharge,
96448332f4bc603995ede4ccdac25d30cb9695d6e4d8b618698a02f4bfc9fb68,2015-12,Surrey Police,Northumbria Police,-1.611184,54.970394,On or near Nightclub,E01033543,Newcastle upon Tyne 024G,Drugs,Offender given a caution,
9323e03d8bee8bebe8784469e5c4d2f17cf8ad337f64211b6d960a97077d5375,2015-12,Surrey Police,Northumbria Police,-1.617134,54.972264,On or near Newgate Street,E01033543,Newcastle upon Tyne 024G,Drugs,Offender given a caution,
576625508a8d55755065bf69102ab2d153c4a012253f4b5d93769e9436433298,2015-12,Surrey Police,Northumbria Police,-1.620211,54.972309,On or near Stowell Street,E01033543,Newcastle upon Tyne 024G,Drugs,Offender given a drugs possession warning,
f627657d619ca9f0c08acd532f7795513f8d1c67d588092da2c9fe1df6ba3add,2015-12,Surrey Police,Northumbria Police,-1.607203,54.973409,On or near Nightclub,E01033543,Newcastle upon Tyne 024G,Drugs,Offender given a drugs possession warning,
5c3c249959747c3cd1f39c91ec1f6493405ad602d1643faeb63d57b0f8fc467b,2015-12,Surrey Police,Northumbria Police,-1.619988,54.972758,On or near Nightclub,E01033543,Newcastle upon Tyne 024G,Drugs,Offender given a caution,
c92e578de9b492ac1d0f551b2bbf1a9d07ea223b1786f50273d690e9c46efa7c,2015-12,Surrey Police,Northumbria Police,-1.615435,54.971836,On or near Nightclub,E01033543,Newcastle upon Tyne 024G,Drugs,Offender given a caution,
35bb7a93388fb95be97c70b5ad678e38f1edd653d334fe9a9b4b635ef535fe4b,2015-12,Surrey Police,Northumbria Police,-1.617134,54.972264,On or near Newgate Street,E01033543,Newcastle upon Tyne 024G,Drugs,Offender given a caution,
bbcef79a47373500a7b6f962fbe559832b213a033213c56b848ae75874795035,2015-12,Surrey Police,Northumbria Police,-1.612931,54.970714,On or near Groat Market,E01033543,Newcastle upon Tyne 024G,Drugs,Under investigation,
46ae97bfc44e7c667daf4acc8ed304285b43fd3d675486ee1ac5160ad4dfd96e,2015-12,Surrey Police,Northumbria Police,-1.615322,54.972222,On or near Nun Street,E01033543,Newcastle upon Tyne 024G,Drugs,Offender given a caution,
dba22ba24d2e5f143db9d0c83d1e9cba318e3c935d6b591fbcc00e3fb602188e,2015-12,Surrey Police,Northumbria Police,-1.615435,54.971836,On or near Nightclub,E01033543,Newcastle upon Tyne 024G,Drugs,Offender given a caution,
37763c1bd842ff22d3c2024e00a2441d6b593e073537783ef11907a674747910,2015-12,Surrey Police,Northumbria Police,-1.615435,54.971836,On or near Nightclub,E01033543,Newcastle upon Tyne 024G,Drugs,Offender given a caution,
2fe6ac5d4bf932328a61fda8612c00a99bbb8cc8e5c1e33f5cc2a4f5b7715b85,2015-12,Surrey Police,Northumbria Police,-1.612429,54.970874,On or near Cloth Market,E01033543,Newcastle upon Tyne 024G,Other theft,Investigation complete; no suspect identified,
704b47f0d406f2ab0f47e27a3b3bccf80a9f32e5571f34db4449a6f2acd8ed86,2015-12,Surrey Police,Northumbria Police,-1.609455,54.971583,On or near Pedestrian Subway,E01033543,Newcastle upon Tyne 024G,Other theft,Under investigation,
8bcf5d5badc6c4347c25ec7693a2bddbfdf3b2beeab7d3b4fb5a0a3f80b6fa60,2015-12,Surrey Police,Northumbria Police,-1.612959,54.972619,On or near Nightclub,E01033543,Newcastle upon Tyne 024G,Other theft,Investigation complete; no suspect identified,
081b19a548cd86bf004b50093ac3800bf551b39b61c4a0408e0de9893c2c599c,2015-12,Surrey Police,Northumbria Police,-1.612931,54.970714,On or near Groat Market,E01033543,Newcastle upon Tyne 024G,Other theft,Investigation complete; no suspect identified,
1f59b25013044e831071d167a2884bc02199609a8e2dac7446be7f03e72b116e,2015-12,Surrey Police,Northumbria Police,-1.611977,54.974045,On or near Shopping Area,E01033543,Newcastle upon Tyne 024G,Other theft,Investigation complete; no suspect identified,
6408cdc7adf235bd8df5611de2dcda8b760a89cacc47e6e22b7fee4f841834ee,2015-12,Surrey Police,Northumbria Police,-1.611600,54.972624,On or near Shakespeare Street,E01033543,Newcastle upon Tyne 024G,Other theft,Under investigation,
f169014eb5e2b17667af5a6c473f3b495519924343333b841ae2a13e253d4025,2015-12,Surrey Police,Northumbria Police,-1.612959,54.972619,On or near Nightclub,E01033543,Newcastle upon Tyne 024G,Other theft,Investigation complete; no suspect identified,
502e5457f6caf64d3a971f86392776abcc5a645c34e9389fe1f5f1f06d312ad6,2015-12,Surrey Police,Northumbria Police,-1.609740,54.969527,On or near Side,E01033543,Newcastle upon Tyne 024G,Other theft,Investigation complete; no suspect identified,
7569761f1eb685c7c98bdc62d64e11b7f8b514e90df38360345f30163e841b39,2015-12,Surrey Police,Northumbria Police,-1.607560,54.975271,On or near Durant Road,E01033543,Newcastle upon Tyne 024G,Other theft,Investigation complete; no suspect identified,
12ed66a142917818081a49805417e3182b9fee7f87ba765e0adab7acc2238b41,2015-12,Surrey Police,Northumbria Police,-1.609740,54.969527,On or near Side,E01033543,Newcastle upon Tyne 024G,Other theft,Investigation complete; no suspect identified,
d619820880c3bccd0df0415a7eabd954b4e2202f62e567c1c175665bc505b7f0,2015-12,Surrey Police,Northumbria Police,-1.611983,54.973470,On or near Hood Street,E01033543,Newcastle upon Tyne 024G,Other theft,Investigation complete; no suspect identified,
cdd4e7d66606799ba38ab2f40f5a230c23e45f246123546d34e0dbdfd47a037a,2015-12,Surrey Police,Northumbria Police,-1.609740,54.969527,On or near Side,E01033543,Newcastle upon Tyne 024G,Other theft,Investigation complete; no suspect identified,
6c43bda64bd32ef6cffb66ec9bd5b3c56d7d36d60efea9486fedd3f34c12454e,2015-12,Surrey Police,Northumbria Police,-1.611983,54.973470,On or near Hood Street,E01033543,Newcastle upon Tyne 024G,Other theft,Investigation complete; no suspect identified,
252dd353aadf147fc8e4c2c9fe6aab561e63094d2577e045cbc62fb244377b17,2015-12,Surrey Police,Northumbria Police,-1.617134,54.972264,On or near Newgate Street,E01033543,Newcastle upon Tyne 024G,Other theft,Investigation complete; no suspect identified,
d14d2e75aa9a90e40ebdc1535a9a57dbd303b0cb05c609b7698d226de7a58500,2015-12,Surrey Police,Northumbria Police,-1.612931,54.970714,On or near Groat Market,E01033543,Newcastle upon Tyne 024G,Other theft,Investigation complete; no suspect identified,
1560efebd81085e44d5e77eefb8ba0c015e1fef14a3139275b5035307e3c0371,2015-12,Surrey Police,Northumbria Police,-1.618321,54.970578,On or near Fenkle Street,E01033543,Newcastle upon Tyne 024G,Other theft,Investigation complete; no suspect identified,
e5825c7bd62f39cb3e915e8100d10ca7c6df0e06636d04818bde12d3f53477f0,2015-12,Surrey Police,Northumbria Police,-1.611600,54.972624,On or near Shakespeare Street,E01033543,Newcastle upon Tyne 024G,Other theft,Investigation complete; no suspect identified,
b11e6246c1e006fb53bb80a25d886503b81a6f443c6ecea17b973ceda136fb4b,2015-12,Surrey Police,Northumbria Police,-1.619988,54.972758,On or near Nightclub,E01033543,Newcastle upon Tyne 024G,Other theft,Under investigation,
3a93f4c964e34169c0aee825fbfb31a65e39be05bea2ae435c8cf8cbb4714f8c,2015-12,Surrey Police,Northumbria Police,-1.617134,54.972264,On or near Newgate Street,E01033543,Newcastle upon Tyne 024G,Other theft,Investigation complete; no suspect identified,
8ecfebcccb2fc5e0c0913091ad74c38aa09b04d81f5f19d19a2fa3b54fe1e3b8,2015-12,Surrey Police,Northumbria Police,-1.612931,54.970714,On or near Groat Market,E01033543,Newcastle upon Tyne 024G,Other theft,Investigation complete; no suspect identified,
6aa712b72777994d6e076e3d8cfebd9fa0632f653d3f6bf96f483213f99850d8,2015-12,Surrey Police,Northumbria Police,-1.612931,54.970714,On or near Groat Market,E01033543,Newcastle upon Tyne 024G,Other theft,Offender given a caution,
716e76e4017f284e8ffa6bff38be2984b4446050017385857195018561ecc6a6,2015-12,Surrey Police,Northumbria Police,-1.609740,54.969527,On or near Side,E01033543,Newcastle upon Tyne 024G,Other theft,Investigation complete; no suspect identified,
e09fd98e41072106d85d9f1da457e938451802e14b385ec6ece8c05a17b5b66f,2015-12,Surrey Police,Northumbria Police,-1.617297,54.971528,On or near Clayton Street,E01033543,Newcastle upon Tyne 024G,Other theft,Investigation complete; no suspect identified,
7c99bfcd4fb0a0326980055c941555814b97c4110edc9f5c03a1463634dd3d87,2015-12,Surrey Police,Northumbria Police,-1.617258,54.970746,On or near Falconar'S Court,E01033543,Newcastle upon Tyne 024G,Other theft,Investigation complete; no suspect identified,
096e085a3002e5b04a78ec5fe8b84c94dfbaabf68dce873476f168324eee81fe,2015-12,Surrey Police,Northumbria Police,-1.612959,54.972619,On or near Nightclub,E01033543,Newcastle upon Tyne 024G,Other theft,Investigation complete; no suspect identified,
f21d692f51b9a32645a848339c10eae4c4cad3690cecd45ea969f0e3f15933b8,2015-12,Surrey Police,Northumbria Police,-1.615322,54.972222,On or near Nun Street,E01033543,Newcastle upon Tyne 024G,Other theft,Investigation complete; no suspect identified,
2e5e407fc60d428e23e0d1ca1d669af3f9f3f98bfe52e022954eba761f8a121d,2015-12,Surrey Police,Northumbria Police,-1.615322,54.972222,On or near Nun Street,E01033543,Newcastle upon Tyne 024G,Other theft,Investigation complete; no suspect identified,
3707c530c11399dc28cb134fb617c79b7409c87b4896fa794595d4e6e4d04cd9,2015-12,Surrey Police,Northumbria Police,-1.612931,54.970714,On or near Groat Market,E01033543,Newcastle upon Tyne 024G,Other theft,Under investigation,
57b2661a10f705615fa51bc0b68f90cd480302369a2149923b46e04be9cc7ee5,2015-12,Surrey Police,Northumbria Police,-1.608599,54.972785,On or near Carliol Square,E01033543,Newcastle upon Tyne 024G,Other theft,Investigation complete; no suspect identified,
a01226853fe046bdc3cf0bc8bdfedc12c5d8bb00db37e87bac99d919ac9694f7,2015-12,Surrey Police,Northumbria Police,-1.615435,54.971836,On or near Nightclub,E01033543,Newcastle upon Tyne 024G,Other theft,Under investigation,
34f699685d1d93780aae795199ca34f1a10d62cf5868531d82bdb2dc4bc63c4a,2015-12,Surrey Police,Northumbria Police,-1.612429,54.970874,On or near Cloth Market,E01033543,Newcastle upon Tyne 024G,Other theft,Investigation complete; no suspect identified,
dc20a2dab291ac2ad123f9adfcd77563cd1bac1e7c5e6e09c61d7746018219c2,2015-12,Surrey Police,Northumbria Police,-1.607747,54.968900,On or near Sandhill,E01033543,Newcastle upon Tyne 024G,Other theft,Under investigation,
563c56bc9073907462811665d352401f80811dccd46f1ddd6040138384ef186e,2015-12,Surrey Police,Northumbria Police,-1.615365,54.971045,On or near Grainger Street,E01033543,Newcastle upon Tyne 024G,Other theft,Investigation complete; no suspect identified,
cfc724992d5caa1b0fbb5a579b1cbd033291a232f33ed2479aeea20448eb0712,2015-12,Surrey Police,Northumbria Police,-1.618321,54.970578,On or near Fenkle Street,E01033543,Newcastle upon Tyne 024G,Other theft,Investigation complete; no suspect identified,
f42e31773ea097075d0afe633b2a513e2408bc37f5055e13daef3b0e2320d27e,2015-12,Surrey Police,Northumbria Police,-1.612429,54.970874,On or near Cloth Market,E01033543,Newcastle upon Tyne 024G,Other theft,Investigation complete; no suspect identified,
74c008a41711fc113da51b078c4d55ddfe844cf6d879fecef1ef143526cf2b12,2015-12,Surrey Police,Northumbria Police,-1.618321,54.970578,On or near Fenkle Street,E01033543,Newcastle upon Tyne 024G,Other theft,Investigation complete; no suspect identified,
1bbcc11cc2fc63dda33647b821c3445446909ce9ac47540fb543dd55873eb68e,2015-12,Surrey Police,Northumbria Police,-1.610594,54.971695,On or near Market Lane,E01033543,Newcastle upon Tyne 024G,Other theft,Investigation complete; no suspect identified,
390234b4c8d5066fd31b8ac77e701feee63dd97fbc1ac020c074e8f1b7e078e4,2015-12,Surrey Police,Northumbria Police,-1.617134,54.972264,On or near Newgate Street,E01033543,Newcastle upon Tyne 024G,Other theft,Investigation complete; no suspect identified,
3ff01163e110b51a836b5d1aa8ac905f398cb1f1e8f61032ee81e3477011faa8,2015-12,Surrey Police,Northumbria Police,-1.615435,54.971836,On or near Nightclub,E01033543,Newcastle upon Tyne 024G,Other theft,Investigation complete; no suspect identified,
8cf2d1974095f6053cf3911da7229f523c280be98154aa2ddecfd0d6b15bbbd6,2015-12,Surrey Police,Northumbria Police,-1.617134,54.972264,On or near Newgate Street,E01033543,Newcastle upon Tyne 024G,Other theft,Under investigation,
2bef1b0f336c8778440106e6169817a09ae1b57f5acbaab08fd10c8d1f86d8be,2015-12,Surrey Police,Northumbria Police,-1.617134,54.972264,On or near Newgate Street,E01033543,Newcastle upon Tyne 024G,Other theft,Investigation complete; no suspect identified,
3303c27c41977f4fdc8c7af65b70d56f793a8cf7f505873f7044b4c39b151f28,2015-12,Surrey Police,Northumbria Police,-1.617134,54.972264,On or near Newgate Street,E01033543,Newcastle upon Tyne 024G,Other theft,Under investigation,
1b4d1272abc59dc19be26445d7e3d7740bde0595f14acf752e36c9915c78468d,2015-12,Surrey Police,Northumbria Police,-1.617134,54.972264,On or near Newgate Street,E01033543,Newcastle upon Tyne 024G,Other theft,Investigation complete; no suspect identified,
4f691f42c9a651ebceaa2b1ccca16ed836f947554372c51476332ed432cfa254,2015-12,Surrey Police,Northumbria Police,-1.617134,54.972264,On or near Newgate Street,E01033543,Newcastle upon Tyne 024G,Other theft,Investigation complete; no suspect identified,
942480ef28feb3855cd5d81878b8164250350d35b9389f3c7625fa79073510ac,2015-12,Surrey Police,Northumbria Police,-1.617134,54.972264,On or near Newgate Street,E01033543,Newcastle upon Tyne 024G,Other theft,Investigation complete; no suspect identified,
997cafde5cf2134ddc7941de6d04e3f263b5cd46c87562031c202af9077f09c4,2015-12,Surrey Police,Northumbria Police,-1.609455,54.971583,On or near Pedestrian Subway,E01033543,Newcastle upon Tyne 024G,Other theft,Under investigation,
233f491d498f71c4eec640d77883d0fe2048668f2649b130d4d3ccad05f4b8ae,2015-12,Surrey Police,Northumbria Police,-1.612959,54.972619,On or near Nightclub,E01033543,Newcastle upon Tyne 024G,Other theft,Under investigation,
e34467374082c8082afdaf9a596be71ea6d0f09c4be7d520b1957e5533aec3ee,2015-12,Surrey Police,Northumbria Police,-1.617134,54.972264,On or near Newgate Street,E01033543,Newcastle upon Tyne 024G,Other theft,Investigation complete; no suspect identified,
dddd7e3fd9a821204816db080927db7e80f2989d573ffb8778b05183bb775de8,2015-12,Surrey Police,Northumbria Police,-1.617134,54.972264,On or near Newgate Street,E01033543,Newcastle upon Tyne 024G,Other theft,Investigation complete; no suspect identified,
87b7e140c7b539eabc7885a62fdf58032af4a5c5055191c132cd9210c77b75d6,2015-12,Surrey Police,Northumbria Police,-1.618842,54.973348,On or near St Andrew'S Street,E01033543,Newcastle upon Tyne 024G,Possession of weapons,Awaiting court outcome,
6b87aee5b439a595d7ecec61f904bc17914213ad73f8ec23ae76e2589aaeb6be,2015-12,Surrey Police,Northumbria Police,-1.612931,54.970714,On or near Groat Market,E01033543,Newcastle upon Tyne 024G,Possession of weapons,Offender given community sentence,
559b152eb0197dfb93b246f3a6fb9a53a3e1bd4c847ea2ca619ab6fca764553e,2015-12,Surrey Police,Northumbria Police,-1.612429,54.970874,On or near Cloth Market,E01033543,Newcastle upon Tyne 024G,Possession of weapons,Offender given suspended prison sentence,
d6d62b0898e01e152e88ceee2d42be0ed0580429dca9435dc4165f28f28fe325,2015-12,Surrey Police,Northumbria Police,-1.617297,54.971528,On or near Clayton Street,E01033543,Newcastle upon Tyne 024G,Public order,Under investigation,
64a2a463212f60715ec9a245772991999296a532c00713fdf4fefe845aa595f3,2015-12,Surrey Police,Northumbria Police,-1.618360,54.971423,On or near Low Friar Street,E01033543,Newcastle upon Tyne 024G,Public order,Investigation complete; no suspect identified,
24a488dcef1d9632a959ff93f7fd11edf796b1f7325d8f8ca20e6af36f10a97a,2015-12,Surrey Police,Northumbria Police,-1.618315,54.972879,On or near Supermarket,E01033543,Newcastle upon Tyne 024G,Public order,Awaiting court outcome,
8a878e0d2063fe20d98b71bc66289da48528b6ccea1c045477f4a589d1a41764,2015-12,Surrey Police,Northumbria Police,-1.607203,54.973409,On or near Nightclub,E01033543,Newcastle upon Tyne 024G,Public order,Under investigation,
84697035f42ce6c85bbac7b7a3d78b8c53fe07048ffb726a1fa448b6c9cad16a,2015-12,Surrey Police,Northumbria Police,-1.618360,54.971423,On or near Low Friar Street,E01033543,Newcastle upon Tyne 024G,Public order,Investigation complete; no suspect identified,
58b525424a7f585dea1c8021308e10e738b7b461f6be522114ad0d01ea241feb,2015-12,Surrey Police,Northumbria Police,-1.609843,54.970228,On or near Dean Street,E01033543,Newcastle upon Tyne 024G,Public order,Investigation complete; no suspect identified,
eb8621700225ca23c6f8291c6cf51703322fc1f15e60ad19112db17c2a1ffc27,2015-12,Surrey Police,Northumbria Police,-1.607747,54.968900,On or near Sandhill,E01033543,Newcastle upon Tyne 024G,Public order,Investigation complete; no suspect identified,
c32d660601b8a74b8827e73e2a134bd87463c9548f0eb11f506f52364ef23f26,2015-12,Surrey Police,Northumbria Police,-1.620211,54.972309,On or near Stowell Street,E01033543,Newcastle upon Tyne 024G,Public order,Awaiting court outcome,
c2994ae6bd7cc3c7226d3cb3fd260e7b57799f825923991e9b1ade83af5d56d6,2015-12,Surrey Police,Northumbria Police,-1.615815,54.971325,On or near Shopping Area,E01033543,Newcastle upon Tyne 024G,Public order,Investigation complete; no suspect identified,
7a4c2a6de5f1b98a5bcc67a3c984f6ed05dc73dde34306915433058cef308254,2015-12,Surrey Police,Northumbria Police,-1.620211,54.972309,On or near Stowell Street,E01033543,Newcastle upon Tyne 024G,Public order,Awaiting court outcome,
cb95f65c27b188d6df227c4a9d3b5e3216bbdb9127f9296252eb5c3ff087e4d6,2015-12,Surrey Police,Northumbria Police,-1.617134,54.972264,On or near Newgate Street,E01033543,Newcastle upon Tyne 024G,Public order,Awaiting court outcome,
89499fa537eb8a636dca9545492ca02db9c27706b2f3f8572c7322529fb29761,2015-12,Surrey Police,Northumbria Police,-1.618360,54.971423,On or near Low Friar Street,E01033543,Newcastle upon Tyne 024G,Public order,Investigation complete; no suspect identified,
bab7095985d4f669f32d66fb1d0fd5d48dc2d772a5bb89c78b982208eeb595fc,2015-12,Surrey Police,Northumbria Police,-1.611983,54.973470,On or near Hood Street,E01033543,Newcastle upon Tyne 024G,Public order,Investigation complete; no suspect identified,
0a80944a7b61ad640da85a040b183d8da5ec244068657cb3fd1c6bf9647d123e,2015-12,Surrey Police,Northumbria Police,-1.612959,54.972619,On or near Nightclub,E01033543,Newcastle upon Tyne 024G,Public order,Awaiting court outcome,
4b3a5f651a6d1403577513ce84413471bf13d9156c01587a0d2e9cb5aa2a0fb9,2015-12,Surrey Police,Northumbria Police,-1.617134,54.972264,On or near Newgate Street,E01033543,Newcastle upon Tyne 024G,Public order,Under investigation,
e120baf6d1853faa6ec5f8d8d72c1efcfa22701b5b4e7bf68d42232716017378,2015-12,Surrey Police,Northumbria Police,-1.612931,54.970714,On or near Groat Market,E01033543,Newcastle upon Tyne 024G,Public order,Offender given a caution,
4156a6e46264fda15423865b300849eb473e6d27d7ccf565e3539bde775ea8aa,2015-12,Surrey Police,Northumbria Police,-1.617134,54.972264,On or near Newgate Street,E01033543,Newcastle upon Tyne 024G,Public order,Court case unable to proceed,
1f2d460c7da4c766575d9b9da681a8efba6ee44b3aa9e928e4370f36c54f4ea6,2015-12,Surrey Police,Northumbria Police,-1.620211,54.972309,On or near Stowell Street,E01033543,Newcastle upon Tyne 024G,Robbery,Investigation complete; no suspect identified,
59a8aa7eb0f62a37e0c49fce380f776503dfc984cf07c064c9d7d96e247d6177,2015-12,Surrey Police,Northumbria Police,-1.614472,54.971249,On or near Bigg Market,E01033543,Newcastle upon Tyne 024G,Robbery,Awaiting court outcome,
15b42ecb11021d749136e7da12e527c3d987b2fd80cca0606047d6c3c7491f37,2015-12,Surrey Police,Northumbria Police,-1.609843,54.970228,On or near Dean Street,E01033543,Newcastle upon Tyne 024G,Robbery,Awaiting court outcome,
9bbd3029c40fdbfd4b60d69a7edf6927f8c0f2fc3ab73602fa68d22bb304b0fc,2015-12,Surrey Police,Northumbria Police,-1.617297,54.971528,On or near Clayton Street,E01033543,Newcastle upon Tyne 024G,Shoplifting,Offender given community sentence,
66b24625ea71e6f3914bd114cb5bf9b7e4787e9ddc0142e490f20427987e53d1,2015-12,Surrey Police,Northumbria Police,-1.611977,54.974045,On or near Shopping Area,E01033543,Newcastle upon Tyne 024G,Shoplifting,Offender sent to prison,
f8c13a294352e39d6a4d58e609bcbcd7686d64607c1f4dc8c68b767e0a836594,2015-12,Surrey Police,Northumbria Police,-1.617297,54.971528,On or near Clayton Street,E01033543,Newcastle upon Tyne 024G,Shoplifting,Under investigation,
72f515b1360984e4b6ecdfc56dfffb429bb7df7e0db4ee39ad3ef9048cc1b0b4,2015-12,Surrey Police,Northumbria Police,-1.617297,54.971528,On or near Clayton Street,E01033543,Newcastle upon Tyne 024G,Shoplifting,Awaiting court outcome,
570bcdb75a4550efc7f9ee7ab711a3a928acb060d0f308bb1b1edb35c1cb9d61,2015-12,Surrey Police,Northumbria Police,-1.615322,54.972222,On or near Nun Street,E01033543,Newcastle upon Tyne 024G,Shoplifting,Offender given community sentence,
cd7b902ab7b3623fdbf51c912698c358a686ee14f9dfc9f1ec35a6b0d58e85ee,2015-12,Surrey Police,Northumbria Police,-1.615322,54.972222,On or near Nun Street,E01033543,Newcastle upon Tyne 024G,Shoplifting,Offender given penalty notice,
d6297c98f039ca726eff2bd4f0e1e71a23bd833abfe1face1ebc697d60e0cd5a,2015-12,Surrey Police,Northumbria Police,-1.615322,54.972222,On or near Nun Street,E01033543,Newcastle upon Tyne 024G,Shoplifting,Under investigation,
d3675557e414121f1d3c7d6ae711789d0ec4c391913fc1c607c2b2180d64a567,2015-12,Surrey Police,Northumbria Police,-1.611977,54.974045,On or near Shopping Area,E01033543,Newcastle upon Tyne 024G,Shoplifting,Offender given absolute discharge,
fac2b0b2eba34a71540d970eb0a600e947e43a7160e2f9eca7d48e11760ed0d9,2015-12,Surrey Police,Northumbria Police,-1.617134,54.972264,On or near Newgate Street,E01033543,Newcastle upon Tyne 024G,Shoplifting,Offender given community sentence,
1a46ea4ba6ebda78423c36ac2478bf4a41e3b73186ae886c2b2f744ddf9be959,2015-12,Surrey Police,Northumbria Police,-1.615365,54.971045,On or near Grainger Street,E01033543,Newcastle upon Tyne 024G,Shoplifting,Investigation complete; no suspect identified,
301450c35d5ba2c8f549df04cf3ee89e629bdb4968c5df2a1db17ace99f38e79,2015-12,Surrey Police,Northumbria Police,-1.617134,54.972264,On or near Newgate Street,E01033543,Newcastle upon Tyne 024G,Shoplifting,Awaiting court outcome,
beadd36e986df9f54aafe73033bf6dd20beecef778eda7d9c4814d96b943b728,2015-12,Surrey Police,Northumbria Police,-1.615322,54.972222,On or near Nun Street,E01033543,Newcastle upon Tyne 024G,Shoplifting,Under investigation,
6a68be0492f62bd51387d59c128b1a782e83d9baee6afd3f23d5930b1e170b9f,2015-12,Surrey Police,Northumbria Police,-1.615322,54.972222,On or near Nun Street,E01033543,Newcastle upon Tyne 024G,Shoplifting,Offender given community sentence,
a3f1dceaa60f95f158fd7031a6a2ef37157d43462059cf8ddee9b69f025a5e8a,2015-12,Surrey Police,Northumbria Police,-1.615365,54.971045,On or near Grainger Street,E01033543,Newcastle upon Tyne 024G,Shoplifting,Under investigation,
ab75f4b98632e211f073cd49b687a48c243bcb8f5fac3644219a5a1638c40cab,2015-12,Surrey Police,Northumbria Police,-1.615322,54.972222,On or near Nun Street,E01033543,Newcastle upon Tyne 024G,Shoplifting,Investigation complete; no suspect identified,
77911ba5a42327d5a07222690f14b6353505ca72b60901f97eb581e270a855a0,2015-12,Surrey Police,Northumbria Police,-1.615365,54.971045,On or near Grainger Street,E01033543,Newcastle upon Tyne 024G,Shoplifting,Investigation complete; no suspect identified,
d3f7277e9f9796ed702f27fbe5fad4774a00123f5f170d3d12159fc37835d7ac,2015-12,Surrey Police,Northumbria Police,-1.615322,54.972222,On or near Nun Street,E01033543,Newcastle upon Tyne 024G,Shoplifting,Under investigation,
19e915bd6be110bace23e414839a0755cdeaaed226d56b61e3d7c22fdac805f0,2015-12,Surrey Police,Northumbria Police,-1.615322,54.972222,On or near Nun Street,E01033543,Newcastle upon Tyne 024G,Shoplifting,Offender given conditional discharge,
26f3656d5d5a504ccf20123e2a6ea275137ec07286464df58da25d5f73f77543,2015-12,Surrey Police,Northumbria Police,-1.617134,54.972264,On or near Newgate Street,E01033543,Newcastle upon Tyne 024G,Shoplifting,Offender given community sentence,
14d26f175b634eadb8ebd7892a9ba6418b9e96fa9b4eca27ee88f30a61c31585,2015-12,Surrey Police,Northumbria Police,-1.611977,54.974045,On or near Shopping Area,E01033543,Newcastle upon Tyne 024G,Shoplifting,Investigation complete; no suspect identified,
f01d392ac33153c3c44d907f9c72566f162163a436ff6b07d58aa3a91ce0d44e,2015-12,Surrey Police,Northumbria Police,-1.617297,54.971528,On or near Clayton Street,E01033543,Newcastle upon Tyne 024G,Shoplifting,Offender given absolute discharge,
0d65450563e29438a3b0a239caa9a4e8f19a0011d5b11ed19821c2e122d73fd8,2015-12,Surrey Police,Northumbria Police,-1.615322,54.972222,On or near Nun Street,E01033543,Newcastle upon Tyne 024G,Shoplifting,Under investigation,
1bc1694c1d7384689cf2c1a24dee810fce002fabfe052a35cf619d190cb12c32,2015-12,Surrey Police,Northumbria Police,-1.612959,54.972619,On or near Nightclub,E01033543,Newcastle upon Tyne 024G,Shoplifting,Investigation complete; no suspect identified,
eb44531bf5235d3e6d3f0b8e89df68c014188f5599ff71901329ab115ca75c99,2015-12,Surrey Police,Northumbria Police,-1.617134,54.972264,On or near Newgate Street,E01033543,Newcastle upon Tyne 024G,Shoplifting,Under investigation,
0cac86f60b525ea5c4d64db1faa9aa55a15903569fafd7db49815eeb1d283761,2015-12,Surrey Police,Northumbria Police,-1.615322,54.972222,On or near Nun Street,E01033543,Newcastle upon Tyne 024G,Shoplifting,Offender given conditional discharge,
0c9ae86cf2063076193193faea4946bb732db2981ef8cfbe4116f163c8d3bf03,2015-12,Surrey Police,Northumbria Police,-1.617134,54.972264,On or near Newgate Street,E01033543,Newcastle upon Tyne 024G,Shoplifting,Under investigation,
b88daf6409ffd93824ac9d7f2aa73f51bd398002d6ebeec9e5f830473c5f035d,2015-12,Surrey Police,Northumbria Police,-1.615322,54.972222,On or near Nun Street,E01033543,Newcastle upon Tyne 024G,Shoplifting,Offender given conditional discharge,
0341dc45fd032fda50a5905d7581435127f4ad121028c14e37bff6ac35b68aba,2015-12,Surrey Police,Northumbria Police,-1.615322,54.972222,On or near Nun Street,E01033543,Newcastle upon Tyne 024G,Shoplifting,Offender fined,
22f235ecfbda3581894d91064bf396743298baaedcbc7aada9cbc0495c825eb2,2015-12,Surrey Police,Northumbria Police,-1.615322,54.972222,On or near Nun Street,E01033543,Newcastle upon Tyne 024G,Shoplifting,Local resolution,
0247ff39203171e1d84397bc5d5bdb262f0ced0029466036b8bd31abb6d856ec,2015-12,Surrey Police,Northumbria Police,-1.617297,54.971528,On or near Clayton Street,E01033543,Newcastle upon Tyne 024G,Shoplifting,Under investigation,
3a18a53b7d3b76f9b882ad4ec1809fda0d8e027eac2e03c584e21758c3de0fc8,2015-12,Surrey Police,Northumbria Police,-1.615322,54.972222,On or near Nun Street,E01033543,Newcastle upon Tyne 024G,Shoplifting,Investigation complete; no suspect identified,
52fff1e046cf4502d1c2ceeac0cdfb3a0fbf539453fcfae6682567de2bb83bb4,2015-12,Surrey Police,Northumbria Police,-1.617134,54.972264,On or near Newgate Street,E01033543,Newcastle upon Tyne 024G,Shoplifting,Offender given conditional discharge,
35fddc543d6cfd3ec7f4c492427147898f092ee825d6219076c380578c532e0b,2015-12,Surrey Police,Northumbria Police,-1.617297,54.971528,On or near Clayton Street,E01033543,Newcastle upon Tyne 024G,Shoplifting,Under investigation,
da335d7cc41987b3fba57e7e32b369d6cb400dd77451f17c5f202b8c043c049d,2015-12,Surrey Police,Northumbria Police,-1.615322,54.972222,On or near Nun Street,E01033543,Newcastle upon Tyne 024G,Shoplifting,Offender given a caution,
0b8d9a6a0efd11afc03909d9613afd2a44cd5b0ceaafd81fe4a751dcc6960eca,2015-12,Surrey Police,Northumbria Police,-1.617297,54.971528,On or near Clayton Street,E01033543,Newcastle upon Tyne 024G,Shoplifting,Investigation complete; no suspect identified,
9f54a0b033f7a084a87778e0920c4f3adb81681edf78c686f72191e00c9170ee,2015-12,Surrey Police,Northumbria Police,-1.617297,54.971528,On or near Clayton Street,E01033543,Newcastle upon Tyne 024G,Shoplifting,Offender given a caution,
b49129af0b6d95b80382e868a462dca8bcb0f5ca079385a2b6563a5fb8defac1,2015-12,Surrey Police,Northumbria Police,-1.617297,54.971528,On or near Clayton Street,E01033543,Newcastle upon Tyne 024G,Shoplifting,Under investigation,
496d69a852df49e07d4412ee88d42f723a83ab3d356cda719187af92219316a5,2015-12,Surrey Police,Northumbria Police,-1.617134,54.972264,On or near Newgate Street,E01033543,Newcastle upon Tyne 024G,Shoplifting,Under investigation,
0277eab0b6ddb960c753068344ea62e1d5a07979bb9b2ce02d8acf41e0e0c5a6,2015-12,Surrey Police,Northumbria Police,-1.617134,54.972264,On or near Newgate Street,E01033543,Newcastle upon Tyne 024G,Shoplifting,Under investigation,
1c79b31f9ea0427385d3ccbfe1e53a2650b588750b1f28e1115f7a57b0590b51,2015-12,Surrey Police,Northumbria Police,-1.615815,54.971325,On or near Shopping Area,E01033543,Newcastle upon Tyne 024G,Shoplifting,Investigation complete; no suspect identified,
3da33902d3ee70e880d0676a66542ebcf5f79148639da0d3f20e56c4540397c4,2015-12,Surrey Police,Northumbria Police,-1.612329,54.971602,On or near High Bridge,E01033543,Newcastle upon Tyne 024G,Shoplifting,Investigation complete; no suspect identified,
e94217fd2e75415bd78153024a0858c7639ee371749779ec473d8f3b7e71b613,2015-12,Surrey Police,Northumbria Police,-1.617134,54.972264,On or near Newgate Street,E01033543,Newcastle upon Tyne 024G,Shoplifting,Under investigation,
59de9ea783ccf932c4c6207aed57e646de4e2e367bafc207dc44951da7239f97,2015-12,Surrey Police,Northumbria Police,-1.617134,54.972264,On or near Newgate Street,E01033543,Newcastle upon Tyne 024G,Shoplifting,Investigation complete; no suspect identified,
2c287cd8f9462eee653de1d2b20010ede1f1f1712f3d46fb986705cd1732eedb,2015-12,Surrey Police,Northumbria Police,-1.617134,54.972264,On or near Newgate Street,E01033543,Newcastle upon Tyne 024G,Shoplifting,Offender given conditional discharge,
fc75fdadcdf948711464e068abd6c90bd812b32b0a99494083d194596c952192,2015-12,Surrey Police,Northumbria Police,-1.615322,54.972222,On or near Nun Street,E01033543,Newcastle upon Tyne 024G,Shoplifting,Under investigation,
d309fbae366737caadb3c1ba234bad827a59701c4b0b1a4c214ae0d70317cbe8,2015-12,Surrey Police,Northumbria Police,-1.611977,54.974045,On or near Shopping Area,E01033543,Newcastle upon Tyne 024G,Shoplifting,Investigation complete; no suspect identified,
a94af448fc33cb03166dc20316869bea5b2f4a5eba7a1f9cad84a98ed2e09476,2015-12,Surrey Police,Northumbria Police,-1.615322,54.972222,On or near Nun Street,E01033543,Newcastle upon Tyne 024G,Shoplifting,Investigation complete; no suspect identified,
df0a605e2cad51bf2643fd0fc5b5667bd8212ae51086d0abd49fc4c2caa4945d,2015-12,Surrey Police,Northumbria Police,-1.617297,54.971528,On or near Clayton Street,E01033543,Newcastle upon Tyne 024G,Shoplifting,Under investigation,
7cbb44f6ece0a7a80007d993316e556c4ebf57ee444d1760f8c1f59e4a74736a,2015-12,Surrey Police,Northumbria Police,-1.615322,54.972222,On or near Nun Street,E01033543,Newcastle upon Tyne 024G,Shoplifting,Under investigation,
dcae7f2e736c5fd3131c89123ab453b6e94a397cc35fffe091f90578f53388d3,2015-12,Surrey Police,Northumbria Police,-1.615322,54.972222,On or near Nun Street,E01033543,Newcastle upon Tyne 024G,Shoplifting,Offender given conditional discharge,
68d349fd99e2309ce336bff7e7f617ea56a26a48878a8504fc2b121caee4a655,2015-12,Surrey Police,Northumbria Police,-1.615322,54.972222,On or near Nun Street,E01033543,Newcastle upon Tyne 024G,Shoplifting,Investigation complete; no suspect identified,
3718bb52831e37af0d86f7e2ce5d0818340d2e91cedf7c3884a95d9727dbb989,2015-12,Surrey Police,Northumbria Police,-1.611977,54.974045,On or near Shopping Area,E01033543,Newcastle upon Tyne 024G,Shoplifting,Offender given a caution,
994ab492f835adc5e75756c63411a831f414d887d929d7809dcc97a7db0510e8,2015-12,Surrey Police,Northumbria Police,-1.612429,54.970874,On or near Cloth Market,E01033543,Newcastle upon Tyne 024G,Shoplifting,Investigation complete; no suspect identified,
e86c0491e39f418753a58a475f14d313f78acf1970d7adb77efa66e40e70b493,2015-12,Surrey Police,Northumbria Police,-1.611977,54.974045,On or near Shopping Area,E01033543,Newcastle upon Tyne 024G,Shoplifting,Offender given conditional discharge,
478a562aab0028ac33eb116e00df2c086838eb2937e848ac2cb8b0a3b99ff968,2015-12,Surrey Police,Northumbria Police,-1.615322,54.972222,On or near Nun Street,E01033543,Newcastle upon Tyne 024G,Shoplifting,Investigation complete; no suspect identified,
3016ed938f45aefeed979cf3ffba7b016adc4a5c4303e4938dd6a9ed2066a2cd,2015-12,Surrey Police,Northumbria Police,-1.611977,54.974045,On or near Shopping Area,E01033543,Newcastle upon Tyne 024G,Shoplifting,Offender sent to prison,
e67fe68f3db5c04d3512e64dc9ece96bddd1850a16c9309df106afeada715805,2015-12,Surrey Police,Northumbria Police,-1.612959,54.972619,On or near Nightclub,E01033543,Newcastle upon Tyne 024G,Theft from the person,Investigation complete; no suspect identified,
0bf6a2e4f193e2b381b4323e20d0bf4d9f0d4b99a1a43fb2b5456c145d667a03,2015-12,Surrey Police,Northumbria Police,-1.611184,54.970394,On or near Nightclub,E01033543,Newcastle upon Tyne 024G,Theft from the person,Awaiting court outcome,
e1669de555d57c6657a195920152ffa98b98ed9608e71bf8e653098c43e79343,2015-12,Surrey Police,Northumbria Police,-1.618321,54.970578,On or near Fenkle Street,E01033543,Newcastle upon Tyne 024G,Theft from the person,Investigation complete; no suspect identified,
8802448e554529370b6de0beddc24d59fe923a8a414c66ca90dccab04e0048cf,2015-12,Surrey Police,Northumbria Police,-1.612959,54.972619,On or near Nightclub,E01033543,Newcastle upon Tyne 024G,Theft from the person,Investigation complete; no suspect identified,
7844b37c12bf767f72d83c8214709aa4be124318a6d036d166c421c4050491e0,2015-12,Surrey Police,Northumbria Police,-1.608599,54.972785,On or near Carliol Square,E01033543,Newcastle upon Tyne 024G,Theft from the person,Under investigation,
be0c43aa00911cf2095e697ab4ccc10a2aa114f80c70cf3d6f9a09bc2376dc21,2015-12,Surrey Police,Northumbria Police,-1.612429,54.970874,On or near Cloth Market,E01033543,Newcastle upon Tyne 024G,Theft from the person,Investigation complete; no suspect identified,
564b37eb0b882340ec4b61730e753cf5c4656bb882e8cb9fa4eed1dc881f38d8,2015-12,Surrey Police,Northumbria Police,-1.618360,54.971423,On or near Low Friar Street,E01033543,Newcastle upon Tyne 024G,Theft from the person,Investigation complete; no suspect identified,
2d7cddd273264cbc0518eabf5f6d7a31deafb32ba98d6a54296003bc111e3788,2015-12,Surrey Police,Northumbria Police,-1.617134,54.972264,On or near Newgate Street,E01033543,Newcastle upon Tyne 024G,Theft from the person,Investigation complete; no suspect identified,
928f665603233066728dcad16023a466915974187a28a4eb2c3753a3e4c9d29a,2015-12,Surrey Police,Northumbria Police,-1.620211,54.972309,On or near Stowell Street,E01033543,Newcastle upon Tyne 024G,Theft from the person,Awaiting court outcome,
9e53e54875202bfa19fab36d6c1ec3481db7c91a803170201d63b71502b8b0f5,2015-12,Surrey Police,Northumbria Police,-1.612931,54.970714,On or near Groat Market,E01033543,Newcastle upon Tyne 024G,Theft from the person,Investigation complete; no suspect identified,
2951498cedcf75cdf326a908eb4460931747504f03a9e3de1c53ea8662a2b6e6,2015-12,Surrey Police,Northumbria Police,-1.611537,54.971123,On or near Nightclub,E01033543,Newcastle upon Tyne 024G,Theft from the person,Under investigation,
d71d2163e598679910baf8ac8e1fbf7499be4f4b9fb567e9ca16fbbe95391a1a,2015-12,Surrey Police,Northumbria Police,-1.617134,54.972264,On or near Newgate Street,E01033543,Newcastle upon Tyne 024G,Theft from the person,Under investigation,
ec537f1e3119c0b4a839cbc96a9701b9ad46f8eb837a52660c86bfaebdd58070,2015-12,Surrey Police,Northumbria Police,-1.612931,54.970714,On or near Groat Market,E01033543,Newcastle upon Tyne 024G,Theft from the person,Investigation complete; no suspect identified,
55dbbf8302eaaa5db634d82298917cba89cc6c5be6007814d2a4f7215cdbdcf8,2015-12,Surrey Police,Northumbria Police,-1.612931,54.970714,On or near Groat Market,E01033543,Newcastle upon Tyne 024G,Theft from the person,Investigation complete; no suspect identified,
59e43273a949caef9b7bfe2902b4eec6b7e45d770a4b7f0954bead61d972ec53,2015-12,Surrey Police,Northumbria Police,-1.607747,54.968900,On or near Sandhill,E01033543,Newcastle upon Tyne 024G,Theft from the person,Awaiting court outcome,
6911dc55dc1d09e26c7d3f8b7f3db9983985583618ee951342e5e896ac4de32e,2015-12,Surrey Police,Northumbria Police,-1.611983,54.973470,On or near Hood Street,E01033543,Newcastle upon Tyne 024G,Vehicle crime,Investigation complete; no suspect identified,
bb3b53c88a2164e1aad4402990443db2fd4dad780adb3db46568a54726b821f2,2015-12,Surrey Police,Northumbria Police,-1.612429,54.970874,On or near Cloth Market,E01033543,Newcastle upon Tyne 024G,Violence and sexual offences,Under investigation,
bf0c1ca1a4852b003857ed61fe4deb85f535a50caaa2ec6e392244b103b74070,2015-12,Surrey Police,Northumbria Police,-1.618321,54.970578,On or near Fenkle Street,E01033543,Newcastle upon Tyne 024G,Violence and sexual offences,Investigation complete; no suspect identified,
4f2115a8b73e3d68316661e1ed0712b46e5d62835dc7aca6fd5d3b10224bad30,2015-12,Surrey Police,Northumbria Police,-1.611977,54.974045,On or near Shopping Area,E01033543,Newcastle upon Tyne 024G,Violence and sexual offences,Investigation complete; no suspect identified,
4a84659ba5616cf5423452f2049364734efe8d38bad4f8f6d6d057783f8caba0,2015-12,Surrey Police,Northumbria Police,-1.609843,54.970228,On or near Dean Street,E01033543,Newcastle upon Tyne 024G,Violence and sexual offences,Awaiting court outcome,
98bda3ecaad892bda5453e60385942463081a43438cf6dad7f0b70ac67544658,2015-12,Surrey Police,Northumbria Police,-1.609455,54.971583,On or near Pedestrian Subway,E01033543,Newcastle upon Tyne 024G,Violence and sexual offences,Local resolution,
5517676ad62dafaae144fb7bd3ee7a7819bb5b737366054e3d8c710349bf4c8f,2015-12,Surrey Police,Northumbria Police,-1.612931,54.970714,On or near Groat Market,E01033543,Newcastle upon Tyne 024G,Violence and sexual offences,Investigation complete; no suspect identified,
8b274156248821919ab54a5aec79af73f4169b5525d7721bf2324345270e0179,2015-12,Surrey Police,Northumbria Police,-1.618360,54.971423,On or near Low Friar Street,E01033543,Newcastle upon Tyne 024G,Violence and sexual offences,Investigation complete; no suspect identified,
35cde6c058fcc75d1a453bbea289d6fb9b58c2600e261354278654432ac30d9c,2015-12,Surrey Police,Northumbria Police,-1.618842,54.973348,On or near St Andrew'S Street,E01033543,Newcastle upon Tyne 024G,Violence and sexual offences,Investigation complete; no suspect identified,
b56f010dd95c519d324a4a501305b6a6fdf3790092b00ca4c64be919f3d97784,2015-12,Surrey Police,Northumbria Police,-1.609740,54.969527,On or near Side,E01033543,Newcastle upon Tyne 024G,Violence and sexual offences,Under investigation,
b43c7a0e942c91c45e81a838739a773f67a115a5ff205eba1afc65fba864339b,2015-12,Surrey Police,Northumbria Police,-1.617134,54.972264,On or near Newgate Street,E01033543,Newcastle upon Tyne 024G,Violence and sexual offences,Investigation complete; no suspect identified,
0ccb1954c0bfd8df6073e737d8bc20737ab519977e10a5975a67e3dd92ca208c,2015-12,Surrey Police,Northumbria Police,-1.612429,54.970874,On or near Cloth Market,E01033543,Newcastle upon Tyne 024G,Violence and sexual offences,Under investigation,
65e0e50e53616a04511fc8bb191f79536d394d09fd887432826e4776e28825e1,2015-12,Surrey Police,Northumbria Police,-1.612429,54.970874,On or near Cloth Market,E01033543,Newcastle upon Tyne 024G,Violence and sexual offences,Investigation complete; no suspect identified,
59e28a2e9eee92e4a82f51b297b15f94024ce24b03478ba501e8136127c8abd4,2015-12,Surrey Police,Northumbria Police,-1.620211,54.972309,On or near Stowell Street,E01033543,Newcastle upon Tyne 024G,Violence and sexual offences,Awaiting court outcome,
060b9a9e2529f4a72c3b2b25314b5370b0aa575068f0d840d8f68078c87b6906,2015-12,Surrey Police,Northumbria Police,-1.617258,54.970746,On or near Falconar'S Court,E01033543,Newcastle upon Tyne 024G,Violence and sexual offences,Investigation complete; no suspect identified,
f84d6b4156bec3fd8fe3ac52646e12b8c3c7c0c7f0c7923fee7fb86fc364b554,2015-12,Surrey Police,Northumbria Police,-1.614472,54.971249,On or near Bigg Market,E01033543,Newcastle upon Tyne 024G,Violence and sexual offences,Offender given a caution,
23ef69774ff4e059d6e388d8780b86b9e99ab17eee77dfbcb699060f2bee5a33,2015-12,Surrey Police,Northumbria Police,-1.606861,54.968457,On or near Quayside,E01033543,Newcastle upon Tyne 024G,Violence and sexual offences,Investigation complete; no suspect identified,
207b2a1d4b25f33225017cc1d831862d9e630e5f84a79862911fecb2cfa1caa3,2015-12,Surrey Police,Northumbria Police,-1.614472,54.971249,On or near Bigg Market,E01033543,Newcastle upon Tyne 024G,Violence and sexual offences,Under investigation,
6136a989c2ab8ad3bd3bdd12ad248b97631c1e85b5cc292b9a5e3eda149d3c55,2015-12,Surrey Police,Northumbria Police,-1.612959,54.972619,On or near Nightclub,E01033543,Newcastle upon Tyne 024G,Violence and sexual offences,Investigation complete; no suspect identified,
f070f7ab8c2aeab4ab62b3498aed9c3c9858d4270758b48c7b2d6d3617dce1cd,2015-12,Surrey Police,Northumbria Police,-1.612429,54.970874,On or near Cloth Market,E01033543,Newcastle upon Tyne 024G,Violence and sexual offences,Investigation complete; no suspect identified,
e46eead097bb98cc4ecb339d6fcbc15a1c1268674fb74bc611496ef73e27a106,2015-12,Surrey Police,Northumbria Police,-1.609740,54.969527,On or near Side,E01033543,Newcastle upon Tyne 024G,Violence and sexual offences,Awaiting court outcome,
716b282fdbb4e3afcaaeeab552b9131cb6646c9e94fcf67aa7f3b5bc18bae3b7,2015-12,Surrey Police,Northumbria Police,-1.609455,54.971583,On or near Pedestrian Subway,E01033543,Newcastle upon Tyne 024G,Violence and sexual offences,Under investigation,
8bf30ac69a3be4a39c7ddb93cb0484a8235810ba4c121f8f5d4eb59147c0621d,2015-12,Surrey Police,Northumbria Police,-1.617258,54.970746,On or near Falconar'S Court,E01033543,Newcastle upon Tyne 024G,Violence and sexual offences,Investigation complete; no suspect identified,
446c933ebab84aacc208249058c8b13a87f08381963c3994db671d421d0f45cc,2015-12,Surrey Police,Northumbria Police,-1.612425,54.968088,On or near Clavering Place,E01033543,Newcastle upon Tyne 024G,Violence and sexual offences,Offender given a caution,
ab0909a06174463fb202d4b4de7a0ce194604fe369cf079fedecf7a2800286a8,2015-12,Surrey Police,Northumbria Police,-1.612429,54.970874,On or near Cloth Market,E01033543,Newcastle upon Tyne 024G,Violence and sexual offences,Investigation complete; no suspect identified,
219830c52d81a211bff45a3c93cf45e26957cc2899b467795d5907c6f40aa079,2015-12,Surrey Police,Northumbria Police,-1.611983,54.973470,On or near Hood Street,E01033543,Newcastle upon Tyne 024G,Violence and sexual offences,Investigation complete; no suspect identified,
d6b8383afd69e6060dc12cba91b03b29006df9fff16625133615f9f774d02217,2015-12,Surrey Police,Northumbria Police,-1.615435,54.971836,On or near Nightclub,E01033543,Newcastle upon Tyne 024G,Violence and sexual offences,Investigation complete; no suspect identified,
f0c6047116759be4600cda707e8ce4f178e074cde43d9c1a5c72318b9626e116,2015-12,Surrey Police,Northumbria Police,-1.612429,54.970874,On or near Cloth Market,E01033543,Newcastle upon Tyne 024G,Violence and sexual offences,Investigation complete; no suspect identified,
9a22cbad4ae5fcf204487b7cbea509421f55e50f24f887b4aba89b5bbd6cb7d3,2015-12,Surrey Police,Northumbria Police,-1.612931,54.970714,On or near Groat Market,E01033543,Newcastle upon Tyne 024G,Violence and sexual offences,Offender given a caution,
6a1a534e7e15656388cc8e60d067426d4aa2bbf981e2e7a081ac7f250d19533a,2015-12,Surrey Police,Northumbria Police,-1.617134,54.972264,On or near Newgate Street,E01033543,Newcastle upon Tyne 024G,Violence and sexual offences,Under investigation,
1de238c936011ab7a0e1163eee896fa5597b14efcc8a7e6fa04d83c8728af89a,2015-12,Surrey Police,Northumbria Police,-1.617134,54.972264,On or near Newgate Street,E01033543,Newcastle upon Tyne 024G,Violence and sexual offences,Under investigation,
12904263e8f4130c41012e6a24483647ef7be874ac71500a9796a6ae9af6a809,2015-12,Surrey Police,Northumbria Police,-1.617258,54.970746,On or near Falconar'S Court,E01033543,Newcastle upon Tyne 024G,Violence and sexual offences,Under investigation,
ab935d78f99c9eee77339c0f3e555fc3b4dfdc9f71c7efa287d89c29d7f6c749,2015-12,Surrey Police,Northumbria Police,-1.618837,54.970526,On or near Clayton Street West,E01033543,Newcastle upon Tyne 024G,Violence and sexual offences,Investigation complete; no suspect identified,
9c187e20c895e75c06067a70f4b13b428a67497089b0b97236bb865cf8c4461d,2015-12,Surrey Police,Northumbria Police,-1.617134,54.972264,On or near Newgate Street,E01033543,Newcastle upon Tyne 024G,Violence and sexual offences,Under investigation,
ffe7388d9b0d88f39a021cf06b832b2513b7392d4dce8904702441dbfd47ee61,2015-12,Surrey Police,Northumbria Police,-1.612931,54.970714,On or near Groat Market,E01033543,Newcastle upon Tyne 024G,Violence and sexual offences,Offender given a caution,
ed97495e0694c70d30ab6104ae60fc7519504adb0e695e28b7a3c68e49e7bcf6,2015-12,Surrey Police,Northumbria Police,-1.609304,54.974198,On or near John Dobson Street,E01033543,Newcastle upon Tyne 024G,Violence and sexual offences,Investigation complete; no suspect identified,
5ca6120ef1d03a5d6448ffdb82a2df82ee31c7b9ee5e2a6ede932056cd3e9860,2015-12,Surrey Police,Northumbria Police,-1.617258,54.970746,On or near Falconar'S Court,E01033543,Newcastle upon Tyne 024G,Violence and sexual offences,Under investigation,
a824da6b957fb851aec980ba952da1eddffe08c19bb69d38f3cdd81a0f998f98,2015-12,Surrey Police,Northumbria Police,-1.615322,54.972222,On or near Nun Street,E01033543,Newcastle upon Tyne 024G,Violence and sexual offences,Investigation complete; no suspect identified,
7d8372b208ef56b8e804eb00e28a69154f378dc40a3f69749be9e7e548102d85,2015-12,Surrey Police,Northumbria Police,-1.612931,54.970714,On or near Groat Market,E01033543,Newcastle upon Tyne 024G,Violence and sexual offences,Investigation complete; no suspect identified,
06b78fb2aa3d93d8867c6ffac8cc657591d4f50329b658012447d2b1f5fd25c3,2015-12,Surrey Police,Northumbria Police,-1.612959,54.972619,On or near Nightclub,E01033543,Newcastle upon Tyne 024G,Violence and sexual offences,Investigation complete; no suspect identified,
712abc653fdd2663ff848e5d7d00dc811feab4d60d910e27341eb0a32528a3a1,2015-12,Surrey Police,Northumbria Police,-1.611977,54.974045,On or near Shopping Area,E01033543,Newcastle upon Tyne 024G,Violence and sexual offences,Under investigation,
64c434125434d4c3f569df5fc2cb725d3065bbf9982699f02455f5a4ee132365,2015-12,Surrey Police,Northumbria Police,-1.617134,54.972264,On or near Newgate Street,E01033543,Newcastle upon Tyne 024G,Violence and sexual offences,Offender ordered to pay compensation,
0425f79355503ec32527e8b8d81836028933dbcbbc1ad28319261539af08d32f,2015-12,Surrey Police,Northumbria Police,-1.612931,54.970714,On or near Groat Market,E01033543,Newcastle upon Tyne 024G,Violence and sexual offences,Under investigation,
b2708360aba3f325960e4cafd889d6895b9b00752f1ba33894b7c4660b8561f8,2015-12,Surrey Police,Northumbria Police,-1.612959,54.972619,On or near Nightclub,E01033543,Newcastle upon Tyne 024G,Violence and sexual offences,Investigation complete; no suspect identified,
87b453f46505621955147fdda8e5d473ee5feb0a8701218896878f393ad4ba03,2015-12,Surrey Police,Northumbria Police,-1.620211,54.972309,On or near Stowell Street,E01033543,Newcastle upon Tyne 024G,Violence and sexual offences,Awaiting court outcome,
b656db5bd842ffaed8a493b4343342ada6e56bb8f17b836e46e741226bfa884f,2015-12,Surrey Police,Northumbria Police,-1.618842,54.973348,On or near St Andrew'S Street,E01033543,Newcastle upon Tyne 024G,Violence and sexual offences,Offender sent to prison,
21c91f759785e495e689558203473d20fb7562ed244356d0ccc3c67ab050c2d3,2015-12,Surrey Police,Northumbria Police,-1.611184,54.970394,On or near Nightclub,E01033543,Newcastle upon Tyne 024G,Violence and sexual offences,Investigation complete; no suspect identified,
57496ad314918cc75be8aceab54b41af3ae2cf1692855a9c2ac348b0e0126e0c,2015-12,Surrey Police,Northumbria Police,-1.612329,54.971602,On or near High Bridge,E01033543,Newcastle upon Tyne 024G,Violence and sexual offences,Offender given a caution,
f5fac31e6674e8582f19a630bb001bb64720072853aee1abef52b45cc229f6b3,2015-12,Surrey Police,Northumbria Police,-1.617134,54.972264,On or near Newgate Street,E01033543,Newcastle upon Tyne 024G,Violence and sexual offences,Investigation complete; no suspect identified,
4112d4f9ce8cd6e9caa4e5bf17dfbc5c3b9e9d323b3f7a2f90a79ab3f260a42e,2015-12,Surrey Police,Northumbria Police,-1.611537,54.971123,On or near Nightclub,E01033543,Newcastle upon Tyne 024G,Violence and sexual offences,Offender given a caution,
412ac88d61ab5a072bed06bd855a4fb2e4a54b5ce4b254a000d0bcf5e92525d1,2015-12,Surrey Police,Northumbria Police,-1.611516,54.971617,On or near Grey Street,E01033543,Newcastle upon Tyne 024G,Violence and sexual offences,Under investigation,
2001d50e61c19a8a758c2ee69f113472cff54db839719f0dac039be06f4bab68,2015-12,Surrey Police,Northumbria Police,-1.617134,54.972264,On or near Newgate Street,E01033543,Newcastle upon Tyne 024G,Violence and sexual offences,Investigation complete; no suspect identified,
436ee354aa9989fee847e2d082be39043dbce97ff60eaf835d3e9fc3d3957762,2015-12,Surrey Police,Northumbria Police,-1.617134,54.972264,On or near Newgate Street,E01033543,Newcastle upon Tyne 024G,Violence and sexual offences,Investigation complete; no suspect identified,
adb2b51e5d9bff6f139bea0e852e0b6768fbb0989c825bbd61eb1c2dd46a8b91,2015-12,Surrey Police,Northumbria Police,-1.617134,54.972264,On or near Newgate Street,E01033543,Newcastle upon Tyne 024G,Violence and sexual offences,Awaiting court outcome,
313df50867f8fccc49a5dfa58f03be7ccd25d12660b8a9622e411574a20f3d13,2015-12,Surrey Police,Northumbria Police,-1.609455,54.971583,On or near Pedestrian Subway,E01033543,Newcastle upon Tyne 024G,Violence and sexual offences,Investigation complete; no suspect identified,
42c62e92f5844921daeaea2552e9d4c3d586aef4d9d4acdfc5ed919b9155fb1e,2015-12,Surrey Police,Northumbria Police,-1.617134,54.972264,On or near Newgate Street,E01033543,Newcastle upon Tyne 024G,Violence and sexual offences,Investigation complete; no suspect identified,
a5c4199bb16fe73fc04e9a1ad30392b62524e7a248766c54156b58c95c46d88a,2015-12,Surrey Police,Northumbria Police,-1.617134,54.972264,On or near Newgate Street,E01033543,Newcastle upon Tyne 024G,Violence and sexual offences,Investigation complete; no suspect identified,
bd3a85e46c74497a06351e6f9747b8002b481c41bcee234c2f5540105f479a50,2015-12,Surrey Police,Northumbria Police,-1.612959,54.972619,On or near Nightclub,E01033543,Newcastle upon Tyne 024G,Violence and sexual offences,Investigation complete; no suspect identified,
f52467b80df73185668cb71008de9a66d649ec0717370e6dbfa174a732d045a7,2015-12,Surrey Police,Northumbria Police,-1.611977,54.974045,On or near Shopping Area,E01033543,Newcastle upon Tyne 024G,Violence and sexual offences,Offender ordered to pay compensation,
0b8fa81886c9eabdf64073a74ad66e1dbb60e8dbaefc17948944097415666899,2015-12,Surrey Police,Northumbria Police,-1.615435,54.971836,On or near Nightclub,E01033543,Newcastle upon Tyne 024G,Violence and sexual offences,Investigation complete; no suspect identified,
d24336d189c4f897ab7e0190186657a5a18801ee73fc1256b9cf869b528ed018,2015-12,Surrey Police,Northumbria Police,-1.620211,54.972309,On or near Stowell Street,E01033543,Newcastle upon Tyne 024G,Violence and sexual offences,Awaiting court outcome,
0144c866f9eb4cb7ddae77535f092337ab9691ce3d07d1b0c07a779497b5bd15,2015-12,Surrey Police,Northumbria Police,-1.609455,54.971583,On or near Pedestrian Subway,E01033543,Newcastle upon Tyne 024G,Violence and sexual offences,Under investigation,
d8ca6c0e478a794969236e0a4db9f680fec2cc90267a2ff70ff55833da6ef704,2015-12,Surrey Police,Northumbria Police,-1.614472,54.971249,On or near Bigg Market,E01033543,Newcastle upon Tyne 024G,Violence and sexual offences,Investigation complete; no suspect identified,
18ee3ac2e5ecc3c87c66654b752c77795efbe3ee22533a92267f6548ce6b84d9,2015-12,Surrey Police,Northumbria Police,-1.617258,54.970746,On or near Falconar'S Court,E01033543,Newcastle upon Tyne 024G,Violence and sexual offences,Under investigation,
93f81429f89a4f79a1862fbfe25789c06280a27dac8e85e6587e1c096123d114,2015-12,Surrey Police,Northumbria Police,-1.614472,54.971249,On or near Bigg Market,E01033543,Newcastle upon Tyne 024G,Violence and sexual offences,Investigation complete; no suspect identified,
5c1f68653bd072a30340ae58827e21ec6ef4a6193641e52a92a5e68f2a8327be,2015-12,Surrey Police,Northumbria Police,-1.611184,54.970394,On or near Nightclub,E01033543,Newcastle upon Tyne 024G,Violence and sexual offences,Offender given a caution,
ab0e9e4198f843e603a4344e36baa9ac03c960416d011e4c5f5a99c16ad240f5,2015-12,Surrey Police,Northumbria Police,-1.612959,54.972619,On or near Nightclub,E01033543,Newcastle upon Tyne 024G,Violence and sexual offences,Offender given a caution,
f41d904383809e3074caa45a90af05fd8524fa3dfcf77961d43546864a71da1d,2015-12,Surrey Police,Northumbria Police,-1.614472,54.971249,On or near Bigg Market,E01033543,Newcastle upon Tyne 024G,Violence and sexual offences,Investigation complete; no suspect identified,
a096d8c325d78a85427bd15753e736a611ef20082ce396165919d85546abbe92,2015-12,Surrey Police,Northumbria Police,-1.609056,54.972418,On or near Parking Area,E01033543,Newcastle upon Tyne 024G,Violence and sexual offences,Offender given a caution,
91e0d1e1452f52b00b7599f1aafdb997e214fd1599c33c06a4d5cc744424ddcc,2015-12,Surrey Police,Northumbria Police,-1.609304,54.974198,On or near John Dobson Street,E01033543,Newcastle upon Tyne 024G,Violence and sexual offences,Under investigation,
a9a62efee309ed5f6e62866581a8178a771de33fc9cdc6a5e2c6e83d0f533724,2015-12,Surrey Police,Northumbria Police,-1.617258,54.970746,On or near Falconar'S Court,E01033543,Newcastle upon Tyne 024G,Violence and sexual offences,Investigation complete; no suspect identified,
e036cd38c3476091a9ed1ce86f03ff7100c46457c4d1787894a9ce08dc1bfe31,2015-12,Surrey Police,Northumbria Police,-1.612931,54.970714,On or near Groat Market,E01033543,Newcastle upon Tyne 024G,Violence and sexual offences,Investigation complete; no suspect identified,
cf16fe60cd7231012cac872f8167dcf06b19ac492a07f64b28379c3134ff57b6,2015-12,Surrey Police,Northumbria Police,-1.612959,54.972619,On or near Nightclub,E01033543,Newcastle upon Tyne 024G,Violence and sexual offences,Offender given a caution,
52c57024445ee519583bcf5edab59a90fb6377f7aeaf3e46e418f9cd8bdb8db5,2015-12,Surrey Police,Northumbria Police,-1.617258,54.970746,On or near Falconar'S Court,E01033543,Newcastle upon Tyne 024G,Violence and sexual offences,Investigation complete; no suspect identified,
d3ac865c2d805ec33a6d7728df3795a8e117f422927787ac647341e33ec77ff1,2015-12,Surrey Police,Northumbria Police,-1.612329,54.971602,On or near High Bridge,E01033543,Newcastle upon Tyne 024G,Violence and sexual offences,Under investigation,
7047db528adae2224bf96d6b4ababda4fffc2602bb52eb4ea9cd34f919ecb017,2015-12,Surrey Police,Northumbria Police,-1.618837,54.970526,On or near Clayton Street West,E01033543,Newcastle upon Tyne 024G,Violence and sexual offences,Under investigation,
0c703b00e76b9715a3d026659a4eaa48a8bf0f1bd6535482ad7b915a73fc24c5,2015-12,Surrey Police,Northumbria Police,-1.607560,54.975271,On or near Durant Road,E01033543,Newcastle upon Tyne 024G,Violence and sexual offences,Under investigation,
c5ea5ae365b8b98c14fb6d248e8c0cacdc960943fb4f0fbaa63841bbd91b2221,2015-12,Surrey Police,Northumbria Police,-1.612329,54.971602,On or near High Bridge,E01033543,Newcastle upon Tyne 024G,Violence and sexual offences,Offender given a caution,
475264095c42069f6dbd5b0a224bade24aef5589cc5f57503841f4ab0764a7f4,2015-12,Surrey Police,Northumbria Police,-1.609455,54.971583,On or near Pedestrian Subway,E01033543,Newcastle upon Tyne 024G,Violence and sexual offences,Investigation complete; no suspect identified,
cb389e55a7dd751d7aa4130b9beddf1ad949be437af1e5c05e13c7aeaedf35e9,2015-12,Surrey Police,Northumbria Police,-1.611983,54.973470,On or near Hood Street,E01033543,Newcastle upon Tyne 024G,Other crime,Under investigation,
,2015-12,Surrey Police,Northumbria Police,-1.614464,54.968814,On or near Pedestrian Subway,E01033545,Newcastle upon Tyne 024H,Anti-social behaviour,,
,2015-12,Surrey Police,Northumbria Police,-1.613189,54.969906,On or near Collingwood Street,E01033545,Newcastle upon Tyne 024H,Anti-social behaviour,,
,2015-12,Surrey Police,Northumbria Police,-1.613189,54.969906,On or near Collingwood Street,E01033545,Newcastle upon Tyne 024H,Anti-social behaviour,,
,2015-12,Surrey Police,Northumbria Police,-1.621585,54.965664,On or near Parking Area,E01033545,Newcastle upon Tyne 024H,Anti-social behaviour,,
,2015-12,Surrey Police,Northumbria Police,-1.623100,54.967421,On or near Churchill Street,E01033545,Newcastle upon Tyne 024H,Anti-social behaviour,,
,2015-12,Surrey Police,Northumbria Police,-1.617241,54.969164,On or near Neville Street,E01033545,Newcastle upon Tyne 024H,Anti-social behaviour,,
,2015-12,Surrey Police,Northumbria Police,-1.611738,54.969722,On or near St Nicholas' Street,E01033545,Newcastle upon Tyne 024H,Anti-social behaviour,,
,2015-12,Surrey Police,Northumbria Police,-1.620821,54.968906,On or near Forth Place,E01033545,Newcastle upon Tyne 024H,Anti-social behaviour,,
,2015-12,Surrey Police,Northumbria Police,-1.621934,54.968460,On or near Westmorland Road,E01033545,Newcastle upon Tyne 024H,Anti-social behaviour,,
,2015-12,Surrey Police,Northumbria Police,-1.620276,54.968706,On or near Scotswood Road,E01033545,Newcastle upon Tyne 024H,Anti-social behaviour,,
,2015-12,Surrey Police,Northumbria Police,-1.614464,54.968814,On or near Pedestrian Subway,E01033545,Newcastle upon Tyne 024H,Anti-social behaviour,,
,2015-12,Surrey Police,Northumbria Police,-1.614464,54.968814,On or near Pedestrian Subway,E01033545,Newcastle upon Tyne 024H,Anti-social behaviour,,
,2015-12,Surrey Police,Northumbria Police,-1.613189,54.969906,On or near Collingwood Street,E01033545,Newcastle upon Tyne 024H,Anti-social behaviour,,
,2015-12,Surrey Police,Northumbria Police,-1.613901,54.968929,On or near Parking Area,E01033545,Newcastle upon Tyne 024H,Anti-social behaviour,,
,2015-12,Surrey Police,Northumbria Police,-1.618661,54.969402,On or near Thomas Bewick Square,E01033545,Newcastle upon Tyne 024H,Anti-social behaviour,,
,2015-12,Surrey Police,Northumbria Police,-1.611738,54.969722,On or near St Nicholas' Street,E01033545,Newcastle upon Tyne 024H,Anti-social behaviour,,
,2015-12,Surrey Police,Northumbria Police,-1.611738,54.969722,On or near St Nicholas' Street,E01033545,Newcastle upon Tyne 024H,Anti-social behaviour,,
,2015-12,Surrey Police,Northumbria Police,-1.621934,54.968460,On or near Westmorland Road,E01033545,Newcastle upon Tyne 024H,Anti-social behaviour,,
,2015-12,Surrey Police,Northumbria Police,-1.611738,54.969722,On or near St Nicholas' Street,E01033545,Newcastle upon Tyne 024H,Anti-social behaviour,,
,2015-12,Surrey Police,Northumbria Police,-1.617241,54.969164,On or near Neville Street,E01033545,Newcastle upon Tyne 024H,Anti-social behaviour,,
,2015-12,Surrey Police,Northumbria Police,-1.614464,54.968814,On or near Pedestrian Subway,E01033545,Newcastle upon Tyne 024H,Anti-social behaviour,,
,2015-12,Surrey Police,Northumbria Police,-1.611738,54.969722,On or near St Nicholas' Street,E01033545,Newcastle upon Tyne 024H,Anti-social behaviour,,
,2015-12,Surrey Police,Northumbria Police,-1.623455,54.966182,On or near Scotswood Road,E01033545,Newcastle upon Tyne 024H,Anti-social behaviour,,
,2015-12,Surrey Police,Northumbria Police,-1.617415,54.965633,On or near Cookson'S Lane,E01033545,Newcastle upon Tyne 024H,Anti-social behaviour,,
,2015-12,Surrey Police,Northumbria Police,-1.610635,54.967427,On or near Parking Area,E01033545,Newcastle upon Tyne 024H,Anti-social behaviour,,
,2015-12,Surrey Police,Northumbria Police,-1.620304,54.967349,On or near Nightclub,E01033545,Newcastle upon Tyne 024H,Anti-social behaviour,,
,2015-12,Surrey Police,Northumbria Police,-1.609275,54.967503,On or near B1307,E01033545,Newcastle upon Tyne 024H,Anti-social behaviour,,
,2015-12,Surrey Police,Northumbria Police,-1.611738,54.969722,On or near St Nicholas' Street,E01033545,Newcastle upon Tyne 024H,Anti-social behaviour,,
,2015-12,Surrey Police,Northumbria Police,-1.609275,54.967503,On or near B1307,E01033545,Newcastle upon Tyne 024H,Anti-social behaviour,,
,2015-12,Surrey Police,Northumbria Police,-1.611738,54.969722,On or near St Nicholas' Street,E01033545,Newcastle upon Tyne 024H,Anti-social behaviour,,
,2015-12,Surrey Police,Northumbria Police,-1.622615,54.967464,On or near Bus/Coach Station,E01033545,Newcastle upon Tyne 024H,Anti-social behaviour,,
,2015-12,Surrey Police,Northumbria Police,-1.613189,54.969906,On or near Collingwood Street,E01033545,Newcastle upon Tyne 024H,Anti-social behaviour,,
,2015-12,Surrey Police,Northumbria Police,-1.618661,54.969402,On or near Thomas Bewick Square,E01033545,Newcastle upon Tyne 024H,Anti-social behaviour,,
,2015-12,Surrey Police,Northumbria Police,-1.621585,54.965664,On or near Parking Area,E01033545,Newcastle upon Tyne 024H,Anti-social behaviour,,
,2015-12,Surrey Police,Northumbria Police,-1.611738,54.969722,On or near St Nicholas' Street,E01033545,Newcastle upon Tyne 024H,Anti-social behaviour,,
,2015-12,Surrey Police,Northumbria Police,-1.613189,54.969906,On or near Collingwood Street,E01033545,Newcastle upon Tyne 024H,Anti-social behaviour,,
,2015-12,Surrey Police,Northumbria Police,-1.621585,54.965664,On or near Parking Area,E01033545,Newcastle upon Tyne 024H,Anti-social behaviour,,
,2015-12,Surrey Police,Northumbria Police,-1.621934,54.968460,On or near Westmorland Road,E01033545,Newcastle upon Tyne 024H,Anti-social behaviour,,
,2015-12,Surrey Police,Northumbria Police,-1.621934,54.968460,On or near Westmorland Road,E01033545,Newcastle upon Tyne 024H,Anti-social behaviour,,
,2015-12,Surrey Police,Northumbria Police,-1.613189,54.969906,On or near Collingwood Street,E01033545,Newcastle upon Tyne 024H,Anti-social behaviour,,
,2015-12,Surrey Police,Northumbria Police,-1.618661,54.969402,On or near Thomas Bewick Square,E01033545,Newcastle upon Tyne 024H,Anti-social behaviour,,
,2015-12,Surrey Police,Northumbria Police,-1.621934,54.968460,On or near Westmorland Road,E01033545,Newcastle upon Tyne 024H,Anti-social behaviour,,
,2015-12,Surrey Police,Northumbria Police,-1.621934,54.968460,On or near Westmorland Road,E01033545,Newcastle upon Tyne 024H,Anti-social behaviour,,
,2015-12,Surrey Police,Northumbria Police,-1.613189,54.969906,On or near Collingwood Street,E01033545,Newcastle upon Tyne 024H,Anti-social behaviour,,
,2015-12,Surrey Police,Northumbria Police,-1.613189,54.969906,On or near Collingwood Street,E01033545,Newcastle upon Tyne 024H,Anti-social behaviour,,
,2015-12,Surrey Police,Northumbria Police,-1.613901,54.968929,On or near Parking Area,E01033545,Newcastle upon Tyne 024H,Anti-social behaviour,,
,2015-12,Surrey Police,Northumbria Police,-1.617241,54.969164,On or near Neville Street,E01033545,Newcastle upon Tyne 024H,Anti-social behaviour,,
,2015-12,Surrey Police,Northumbria Police,-1.611738,54.969722,On or near St Nicholas' Street,E01033545,Newcastle upon Tyne 024H,Anti-social behaviour,,
,2015-12,Surrey Police,Northumbria Police,-1.621934,54.968460,On or near Westmorland Road,E01033545,Newcastle upon Tyne 024H,Anti-social behaviour,,
,2015-12,Surrey Police,Northumbria Police,-1.617241,54.969164,On or near Neville Street,E01033545,Newcastle upon Tyne 024H,Anti-social behaviour,,
,2015-12,Surrey Police,Northumbria Police,-1.619580,54.968021,On or near Police Station,E01033545,Newcastle upon Tyne 024H,Anti-social behaviour,,
,2015-12,Surrey Police,Northumbria Police,-1.620304,54.967349,On or near Nightclub,E01033545,Newcastle upon Tyne 024H,Anti-social behaviour,,
,2015-12,Surrey Police,Northumbria Police,-1.622481,54.970106,On or near Theatre/Concert Hall,E01033545,Newcastle upon Tyne 024H,Anti-social behaviour,,
,2015-12,Surrey Police,Northumbria Police,-1.622615,54.967464,On or near Bus/Coach Station,E01033545,Newcastle upon Tyne 024H,Anti-social behaviour,,
,2015-12,Surrey Police,Northumbria Police,-1.617415,54.965633,On or near Cookson'S Lane,E01033545,Newcastle upon Tyne 024H,Anti-social behaviour,,
,2015-12,Surrey Police,Northumbria Police,-1.618661,54.969402,On or near Thomas Bewick Square,E01033545,Newcastle upon Tyne 024H,Anti-social behaviour,,
,2015-12,Surrey Police,Northumbria Police,-1.617241,54.969164,On or near Neville Street,E01033545,Newcastle upon Tyne 024H,Anti-social behaviour,,
,2015-12,Surrey Police,Northumbria Police,-1.617241,54.969164,On or near Neville Street,E01033545,Newcastle upon Tyne 024H,Anti-social behaviour,,
,2015-12,Surrey Police,Northumbria Police,-1.617241,54.969164,On or near Neville Street,E01033545,Newcastle upon Tyne 024H,Anti-social behaviour,,
,2015-12,Surrey Police,Northumbria Police,-1.614464,54.968814,On or near Pedestrian Subway,E01033545,Newcastle upon Tyne 024H,Anti-social behaviour,,
,2015-12,Surrey Police,Northumbria Police,-1.617415,54.965633,On or near Cookson'S Lane,E01033545,Newcastle upon Tyne 024H,Anti-social behaviour,,
,2015-12,Surrey Police,Northumbria Police,-1.613189,54.969906,On or near Collingwood Street,E01033545,Newcastle upon Tyne 024H,Anti-social behaviour,,
,2015-12,Surrey Police,Northumbria Police,-1.621934,54.968460,On or near Westmorland Road,E01033545,Newcastle upon Tyne 024H,Anti-social behaviour,,
,2015-12,Surrey Police,Northumbria Police,-1.614464,54.968814,On or near Pedestrian Subway,E01033545,Newcastle upon Tyne 024H,Anti-social behaviour,,
,2015-12,Surrey Police,Northumbria Police,-1.613189,54.969906,On or near Collingwood Street,E01033545,Newcastle upon Tyne 024H,Anti-social behaviour,,
,2015-12,Surrey Police,Northumbria Police,-1.622615,54.967464,On or near Bus/Coach Station,E01033545,Newcastle upon Tyne 024H,Anti-social behaviour,,
,2015-12,Surrey Police,Northumbria Police,-1.617415,54.965633,On or near Cookson'S Lane,E01033545,Newcastle upon Tyne 024H,Anti-social behaviour,,
,2015-12,Surrey Police,Northumbria Police,-1.621934,54.968460,On or near Westmorland Road,E01033545,Newcastle upon Tyne 024H,Anti-social behaviour,,
,2015-12,Surrey Police,Northumbria Police,-1.622615,54.967464,On or near Bus/Coach Station,E01033545,Newcastle upon Tyne 024H,Anti-social behaviour,,
,2015-12,Surrey Police,Northumbria Police,-1.614464,54.968814,On or near Pedestrian Subway,E01033545,Newcastle upon Tyne 024H,Anti-social behaviour,,
,2015-12,Surrey Police,Northumbria Police,-1.621934,54.968460,On or near Westmorland Road,E01033545,Newcastle upon Tyne 024H,Anti-social behaviour,,
,2015-12,Surrey Police,Northumbria Police,-1.613189,54.969906,On or near Collingwood Street,E01033545,Newcastle upon Tyne 024H,Anti-social behaviour,,
,2015-12,Surrey Police,Northumbria Police,-1.623100,54.967421,On or near Churchill Street,E01033545,Newcastle upon Tyne 024H,Anti-social behaviour,,
,2015-12,Surrey Police,Northumbria Police,-1.613189,54.969906,On or near Collingwood Street,E01033545,Newcastle upon Tyne 024H,Anti-social behaviour,,
,2015-12,Surrey Police,Northumbria Police,-1.617241,54.969164,On or near Neville Street,E01033545,Newcastle upon Tyne 024H,Anti-social behaviour,,
,2015-12,Surrey Police,Northumbria Police,-1.613189,54.969906,On or near Collingwood Street,E01033545,Newcastle upon Tyne 024H,Anti-social behaviour,,
,2015-12,Surrey Police,Northumbria Police,-1.611738,54.969722,On or near St Nicholas' Street,E01033545,Newcastle upon Tyne 024H,Anti-social behaviour,,
,2015-12,Surrey Police,Northumbria Police,-1.620304,54.967349,On or near Nightclub,E01033545,Newcastle upon Tyne 024H,Anti-social behaviour,,
,2015-12,Surrey Police,Northumbria Police,-1.617241,54.969164,On or near Neville Street,E01033545,Newcastle upon Tyne 024H,Anti-social behaviour,,
,2015-12,Surrey Police,Northumbria Police,-1.613189,54.969906,On or near Collingwood Street,E01033545,Newcastle upon Tyne 024H,Anti-social behaviour,,
,2015-12,Surrey Police,Northumbria Police,-1.612631,54.967810,On or near Hanover Square,E01033545,Newcastle upon Tyne 024H,Anti-social behaviour,,
,2015-12,Surrey Police,Northumbria Police,-1.614464,54.968814,On or near Pedestrian Subway,E01033545,Newcastle upon Tyne 024H,Anti-social behaviour,,
,2015-12,Surrey Police,Northumbria Police,-1.613189,54.969906,On or near Collingwood Street,E01033545,Newcastle upon Tyne 024H,Anti-social behaviour,,
,2015-12,Surrey Police,Northumbria Police,-1.617241,54.969164,On or near Neville Street,E01033545,Newcastle upon Tyne 024H,Anti-social behaviour,,
,2015-12,Surrey Police,Northumbria Police,-1.614464,54.968814,On or near Pedestrian Subway,E01033545,Newcastle upon Tyne 024H,Anti-social behaviour,,
,2015-12,Surrey Police,Northumbria Police,-1.613189,54.969906,On or near Collingwood Street,E01033545,Newcastle upon Tyne 024H,Anti-social behaviour,,
,2015-12,Surrey Police,Northumbria Police,-1.617415,54.965633,On or near Cookson'S Lane,E01033545,Newcastle upon Tyne 024H,Anti-social behaviour,,
,2015-12,Surrey Police,Northumbria Police,-1.621934,54.968460,On or near Westmorland Road,E01033545,Newcastle upon Tyne 024H,Anti-social behaviour,,
,2015-12,Surrey Police,Northumbria Police,-1.614464,54.968814,On or near Pedestrian Subway,E01033545,Newcastle upon Tyne 024H,Anti-social behaviour,,
,2015-12,Surrey Police,Northumbria Police,-1.617462,54.968958,On or near Neville Street,E01033545,Newcastle upon Tyne 024H,Anti-social behaviour,,
,2015-12,Surrey Police,Northumbria Police,-1.621934,54.968460,On or near Westmorland Road,E01033545,Newcastle upon Tyne 024H,Anti-social behaviour,,
,2015-12,Surrey Police,Northumbria Police,-1.620304,54.967349,On or near Nightclub,E01033545,Newcastle upon Tyne 024H,Anti-social behaviour,,
,2015-12,Surrey Police,Northumbria Police,-1.613189,54.969906,On or near Collingwood Street,E01033545,Newcastle upon Tyne 024H,Anti-social behaviour,,
,2015-12,Surrey Police,Northumbria Police,-1.617415,54.965633,On or near Cookson'S Lane,E01033545,Newcastle upon Tyne 024H,Anti-social behaviour,,
,2015-12,Surrey Police,Northumbria Police,-1.613189,54.969906,On or near Collingwood Street,E01033545,Newcastle upon Tyne 024H,Anti-social behaviour,,
,2015-12,Surrey Police,Northumbria Police,-1.614464,54.968814,On or near Pedestrian Subway,E01033545,Newcastle upon Tyne 024H,Anti-social behaviour,,
,2015-12,Surrey Police,Northumbria Police,-1.620304,54.967349,On or near Nightclub,E01033545,Newcastle upon Tyne 024H,Anti-social behaviour,,
,2015-12,Surrey Police,Northumbria Police,-1.613189,54.969906,On or near Collingwood Street,E01033545,Newcastle upon Tyne 024H,Anti-social behaviour,,
,2015-12,Surrey Police,Northumbria Police,-1.623455,54.966182,On or near Scotswood Road,E01033545,Newcastle upon Tyne 024H,Anti-social behaviour,,
,2015-12,Surrey Police,Northumbria Police,-1.611738,54.969722,On or near St Nicholas' Street,E01033545,Newcastle upon Tyne 024H,Anti-social behaviour,,
,2015-12,Surrey Police,Northumbria Police,-1.611738,54.969722,On or near St Nicholas' Street,E01033545,Newcastle upon Tyne 024H,Anti-social behaviour,,
,2015-12,Surrey Police,Northumbria Police,-1.617462,54.968958,On or near Neville Street,E01033545,Newcastle upon Tyne 024H,Anti-social behaviour,,
,2015-12,Surrey Police,Northumbria Police,-1.621476,54.968971,On or near Sunderland Street,E01033545,Newcastle upon Tyne 024H,Anti-social behaviour,,
,2015-12,Surrey Police,Northumbria Police,-1.622615,54.967464,On or near Bus/Coach Station,E01033545,Newcastle upon Tyne 024H,Anti-social behaviour,,
,2015-12,Surrey Police,Northumbria Police,-1.613189,54.969906,On or near Collingwood Street,E01033545,Newcastle upon Tyne 024H,Anti-social behaviour,,
,2015-12,Surrey Police,Northumbria Police,-1.613189,54.969906,On or near Collingwood Street,E01033545,Newcastle upon Tyne 024H,Anti-social behaviour,,
,2015-12,Surrey Police,Northumbria Police,-1.613189,54.969906,On or near Collingwood Street,E01033545,Newcastle upon Tyne 024H,Anti-social behaviour,,
,2015-12,Surrey Police,Northumbria Police,-1.611738,54.969722,On or near St Nicholas' Street,E01033545,Newcastle upon Tyne 024H,Anti-social behaviour,,
,2015-12,Surrey Police,Northumbria Police,-1.611738,54.969722,On or near St Nicholas' Street,E01033545,Newcastle upon Tyne 024H,Anti-social behaviour,,
,2015-12,Surrey Police,Northumbria Police,-1.620821,54.968906,On or near Forth Place,E01033545,Newcastle upon Tyne 024H,Anti-social behaviour,,
,2015-12,Surrey Police,Northumbria Police,-1.611738,54.969722,On or near St Nicholas' Street,E01033545,Newcastle upon Tyne 024H,Anti-social behaviour,,
,2015-12,Surrey Police,Northumbria Police,-1.611738,54.969722,On or near St Nicholas' Street,E01033545,Newcastle upon Tyne 024H,Anti-social behaviour,,
,2015-12,Surrey Police,Northumbria Police,-1.623100,54.967421,On or near Churchill Street,E01033545,Newcastle upon Tyne 024H,Anti-social behaviour,,
,2015-12,Surrey Police,Northumbria Police,-1.617241,54.969164,On or near Neville Street,E01033545,Newcastle upon Tyne 024H,Anti-social behaviour,,
,2015-12,Surrey Police,Northumbria Police,-1.618661,54.969402,On or near Thomas Bewick Square,E01033545,Newcastle upon Tyne 024H,Anti-social behaviour,,
,2015-12,Surrey Police,Northumbria Police,-1.613189,54.969906,On or near Collingwood Street,E01033545,Newcastle upon Tyne 024H,Anti-social behaviour,,
,2015-12,Surrey Police,Northumbria Police,-1.617415,54.965633,On or near Cookson'S Lane,E01033545,Newcastle upon Tyne 024H,Anti-social behaviour,,
,2015-12,Surrey Police,Northumbria Police,-1.611738,54.969722,On or near St Nicholas' Street,E01033545,Newcastle upon Tyne 024H,Anti-social behaviour,,
,2015-12,Surrey Police,Northumbria Police,-1.613189,54.969906,On or near Collingwood Street,E01033545,Newcastle upon Tyne 024H,Anti-social behaviour,,
,2015-12,Surrey Police,Northumbria Police,-1.613189,54.969906,On or near Collingwood Street,E01033545,Newcastle upon Tyne 024H,Anti-social behaviour,,
,2015-12,Surrey Police,Northumbria Police,-1.619580,54.968021,On or near Police Station,E01033545,Newcastle upon Tyne 024H,Anti-social behaviour,,
,2015-12,Surrey Police,Northumbria Police,-1.621934,54.968460,On or near Westmorland Road,E01033545,Newcastle upon Tyne 024H,Anti-social behaviour,,
,2015-12,Surrey Police,Northumbria Police,-1.613901,54.968929,On or near Parking Area,E01033545,Newcastle upon Tyne 024H,Anti-social behaviour,,
,2015-12,Surrey Police,Northumbria Police,-1.610635,54.967427,On or near Parking Area,E01033545,Newcastle upon Tyne 024H,Anti-social behaviour,,
,2015-12,Surrey Police,Northumbria Police,-1.619580,54.968021,On or near Police Station,E01033545,Newcastle upon Tyne 024H,Anti-social behaviour,,
,2015-12,Surrey Police,Northumbria Police,-1.614464,54.968814,On or near Pedestrian Subway,E01033545,Newcastle upon Tyne 024H,Anti-social behaviour,,
,2015-12,Surrey Police,Northumbria Police,-1.613189,54.969906,On or near Collingwood Street,E01033545,Newcastle upon Tyne 024H,Anti-social behaviour,,
,2015-12,Surrey Police,Northumbria Police,-1.613189,54.969906,On or near Collingwood Street,E01033545,Newcastle upon Tyne 024H,Anti-social behaviour,,
,2015-12,Surrey Police,Northumbria Police,-1.621476,54.968971,On or near Sunderland Street,E01033545,Newcastle upon Tyne 024H,Anti-social behaviour,,
,2015-12,Surrey Police,Northumbria Police,-1.613189,54.969906,On or near Collingwood Street,E01033545,Newcastle upon Tyne 024H,Anti-social behaviour,,
,2015-12,Surrey Police,Northumbria Police,-1.621934,54.968460,On or near Westmorland Road,E01033545,Newcastle upon Tyne 024H,Anti-social behaviour,,
fc3409bfdda3e48d2aead42c429a59cf5a007b39bb5eb36969d8fb3868eaf015,2015-12,Surrey Police,Northumbria Police,-1.614464,54.968814,On or near Pedestrian Subway,E01033545,Newcastle upon Tyne 024H,Bicycle theft,Investigation complete; no suspect identified,
9e2f0a026d9e7ea3652fef1b1aec3e301a9f017ab24e02491d6de99f93e72797,2015-12,Surrey Police,Northumbria Police,-1.617415,54.965633,On or near Cookson'S Lane,E01033545,Newcastle upon Tyne 024H,Bicycle theft,Investigation complete; no suspect identified,
6dc5220034f3a9ee3249e9b1fba4706fcf57d8c066d4eca457bac044400126a0,2015-12,Surrey Police,Northumbria Police,-1.618892,54.969690,On or near Pink Lane,E01033545,Newcastle upon Tyne 024H,Burglary,Investigation complete; no suspect identified,
d375f81faffcbcb5ea8bb405ee81ac7793ec31acc561db5043b92c2ca03d2538,2015-12,Surrey Police,Northumbria Police,-1.619265,54.964920,On or near Pottery Lane,E01033545,Newcastle upon Tyne 024H,Burglary,Investigation complete; no suspect identified,
399a7979406644cea0908a3092a61800f7c3b0adcc91abf7f81728f8d8422c0e,2015-12,Surrey Police,Northumbria Police,-1.624266,54.967919,On or near Blandford Street,E01033545,Newcastle upon Tyne 024H,Burglary,Investigation complete; no suspect identified,
a0f9f1f8ddcfab4764d2db035d75e9d041817b6ef7d3b86078a08b053b503f08,2015-12,Surrey Police,Northumbria Police,-1.613189,54.969906,On or near Collingwood Street,E01033545,Newcastle upon Tyne 024H,Burglary,Under investigation,
393ac3b06f24ebf5addfd7d946f9da6c4e60bbedaa5be7585d297ba7041c5255,2015-12,Surrey Police,Northumbria Police,-1.617415,54.965633,On or near Cookson'S Lane,E01033545,Newcastle upon Tyne 024H,Burglary,Investigation complete; no suspect identified,
8c5bb7da075958b8b6cf0dced8d82414d17a62602a920ab65a12672ac1d9ba55,2015-12,Surrey Police,Northumbria Police,-1.613782,54.966619,On or near Hanover Street,E01033545,Newcastle upon Tyne 024H,Burglary,Awaiting court outcome,
5c64e71d553fa830d154e6094a6db4fbf518383053fe8416499e39d988e6086d,2015-12,Surrey Police,Northumbria Police,-1.622481,54.970106,On or near Theatre/Concert Hall,E01033545,Newcastle upon Tyne 024H,Criminal damage and arson,Awaiting court outcome,
7db1a8bfc5a2bddd1eec32ac9f93e4dcb68ec1429c5a7477b2652e7529345366,2015-12,Surrey Police,Northumbria Police,-1.617415,54.965633,On or near Cookson'S Lane,E01033545,Newcastle upon Tyne 024H,Criminal damage and arson,Awaiting court outcome,
487d51c1096a4297d6c88e5d7a71a0a7454a2a87407435afa0124d24a82b8fb6,2015-12,Surrey Police,Northumbria Police,-1.611738,54.969722,On or near St Nicholas' Street,E01033545,Newcastle upon Tyne 024H,Criminal damage and arson,Investigation complete; no suspect identified,
de3fc45193ca236147ba8c298bf13847967ff30dfb946006dcd546f9a81c8a7a,2015-12,Surrey Police,Northumbria Police,-1.619265,54.964920,On or near Pottery Lane,E01033545,Newcastle upon Tyne 024H,Criminal damage and arson,Under investigation,
7c532850b18760a516c3c56be12c51d23d6a34337f98a8c39bec3e34ff91499e,2015-12,Surrey Police,Northumbria Police,-1.624266,54.967919,On or near Blandford Street,E01033545,Newcastle upon Tyne 024H,Criminal damage and arson,Awaiting court outcome,
7518b5c9cd91721d494a8a62e2ac9abd4329c0459d3e103fff0693157c2c5751,2015-12,Surrey Police,Northumbria Police,-1.621934,54.968460,On or near Westmorland Road,E01033545,Newcastle upon Tyne 024H,Criminal damage and arson,Awaiting court outcome,
32990bc22df0bf01b31820d54ef697f6c94b68b1e61b5ae01e46efb96c4b76cd,2015-12,Surrey Police,Northumbria Police,-1.617415,54.965633,On or near Cookson'S Lane,E01033545,Newcastle upon Tyne 024H,Criminal damage and arson,Under investigation,
808a9bbe9b6e5989b086d8e4e4aaca8d93acc22bf0b3cc8260d3285601465d05,2015-12,Surrey Police,Northumbria Police,-1.621476,54.968971,On or near Sunderland Street,E01033545,Newcastle upon Tyne 024H,Criminal damage and arson,Investigation complete; no suspect identified,
c2a37f13ac9d8d55dddeaa8052cf7dce5fda6f65ae225c7e99a2d03662795809,2015-12,Surrey Police,Northumbria Police,-1.611738,54.969722,On or near St Nicholas' Street,E01033545,Newcastle upon Tyne 024H,Criminal damage and arson,Local resolution,
ee85ccd30d88866619637352d2e55eb5c1e58a358bbe3a3eeb381f7d3f2e9fca,2015-12,Surrey Police,Northumbria Police,-1.622684,54.965065,On or near Parking Area,E01033545,Newcastle upon Tyne 024H,Criminal damage and arson,Local resolution,
0a0b171aafbb7af045978be55ab251bc2d709f806bd4e38e48adf1d61497d1df,2015-12,Surrey Police,Northumbria Police,-1.624266,54.967919,On or near Blandford Street,E01033545,Newcastle upon Tyne 024H,Criminal damage and arson,Awaiting court outcome,
9a4bd2acbb24c260cd38869191843b5c5bed5227af1b47532c7f17224f9f0365,2015-12,Surrey Police,Northumbria Police,-1.617415,54.965633,On or near Cookson'S Lane,E01033545,Newcastle upon Tyne 024H,Criminal damage and arson,Awaiting court outcome,
2f6513de0a86cc9153c594245fc1ed5e4157b3f63bea33d8baaf32e53e37a578,2015-12,Surrey Police,Northumbria Police,-1.617415,54.965633,On or near Cookson'S Lane,E01033545,Newcastle upon Tyne 024H,Criminal damage and arson,Investigation complete; no suspect identified,
b73eee3f2db5054c360de5f507163a07541db0362de59a7ed5507c15cab62fec,2015-12,Surrey Police,Northumbria Police,-1.617415,54.965633,On or near Cookson'S Lane,E01033545,Newcastle upon Tyne 024H,Criminal damage and arson,Investigation complete; no suspect identified,
d12c999c74246e5ec985010eafd59039766bf41a5f7365abe17cb747b9e87ed0,2015-12,Surrey Police,Northumbria Police,-1.624266,54.967919,On or near Blandford Street,E01033545,Newcastle upon Tyne 024H,Criminal damage and arson,Awaiting court outcome,
1d0a9f77673ba4561e8b262828e965dd3a6d7f35209268f1be814d16235235dd,2015-12,Surrey Police,Northumbria Police,-1.620304,54.967349,On or near Nightclub,E01033545,Newcastle upon Tyne 024H,Criminal damage and arson,Investigation complete; no suspect identified,
c59955890dee6a3f23406057271f9e80cac0540e8592a26b9974237ed33db9c3,2015-12,Surrey Police,Northumbria Police,-1.624266,54.967919,On or near Blandford Street,E01033545,Newcastle upon Tyne 024H,Criminal damage and arson,Awaiting court outcome,
6a47305e2b77bb80b905cc0dc625641a8543461b874c6764084d37a7c304e1d8,2015-12,Surrey Police,Northumbria Police,-1.620821,54.968906,On or near Forth Place,E01033545,Newcastle upon Tyne 024H,Criminal damage and arson,Local resolution,
77985545857931f2ad28edf099c1232ecc86d0d9c9fab8f4e08786691f826894,2015-12,Surrey Police,Northumbria Police,-1.624266,54.967919,On or near Blandford Street,E01033545,Newcastle upon Tyne 024H,Criminal damage and arson,Awaiting court outcome,
60d017db343a04dd30e89bbdfde27e9fdd397cb77ea6edefb72308a78f3731a5,2015-12,Surrey Police,Northumbria Police,-1.619265,54.964920,On or near Pottery Lane,E01033545,Newcastle upon Tyne 024H,Criminal damage and arson,Investigation complete; no suspect identified,
fa7732eea5d37a44a3ac868d71a63548b26bceb2c2dc4803e369f247a9fe5117,2015-12,Surrey Police,Northumbria Police,-1.624266,54.967919,On or near Blandford Street,E01033545,Newcastle upon Tyne 024H,Criminal damage and arson,Awaiting court outcome,
8036562c2c12bede1b22f740d52940e85328dfd65019d77867e97b2493919683,2015-12,Surrey Police,Northumbria Police,-1.617415,54.965633,On or near Cookson'S Lane,E01033545,Newcastle upon Tyne 024H,Criminal damage and arson,Awaiting court outcome,
78f853166c194a2dbfe44c38b2601df0dcb26b704084f66876f9b7be4063d7f7,2015-12,Surrey Police,Northumbria Police,-1.621934,54.968460,On or near Westmorland Road,E01033545,Newcastle upon Tyne 024H,Criminal damage and arson,Investigation complete; no suspect identified,
589813d516a82b83d7a5e82cf39f9f4fb7b37adfdb6262c94179d12d6018f3b2,2015-12,Surrey Police,Northumbria Police,-1.611738,54.969722,On or near St Nicholas' Street,E01033545,Newcastle upon Tyne 024H,Criminal damage and arson,Awaiting court outcome,
0d09230be3a3f8bf389d4b8d64dfda29ee2afc7658c0c69bf636c5335c09d715,2015-12,Surrey Police,Northumbria Police,-1.623455,54.966182,On or near Scotswood Road,E01033545,Newcastle upon Tyne 024H,Criminal damage and arson,Under investigation,
4078b323c90dfcd770d9c9afcc8889a6a7b7dee6205c798ac0549cf933beca72,2015-12,Surrey Police,Northumbria Police,-1.620304,54.967349,On or near Nightclub,E01033545,Newcastle upon Tyne 024H,Criminal damage and arson,Offender given a caution,
a04b9e49945d1fd7ddb64f55f6e0317107012010fc83ffd614497c1271c73eb6,2015-12,Surrey Police,Northumbria Police,-1.613189,54.969906,On or near Collingwood Street,E01033545,Newcastle upon Tyne 024H,Drugs,Offender given a caution,
0c7af1c4067522689da52f4cc441c8f560b093701909885a660d5b1ce77dfe50,2015-12,Surrey Police,Northumbria Police,-1.617415,54.965633,On or near Cookson'S Lane,E01033545,Newcastle upon Tyne 024H,Drugs,Offender given a caution,
23195e604a4f8ff576d80fc411b99ad0e131bd3d53d4584def16d723f2b188df,2015-12,Surrey Police,Northumbria Police,-1.613189,54.969906,On or near Collingwood Street,E01033545,Newcastle upon Tyne 024H,Drugs,Under investigation,
a6c29358fc1e3f672d36cabbcc1245427936699b7f678a10821e08af9bb14b9e,2015-12,Surrey Police,Northumbria Police,-1.613189,54.969906,On or near Collingwood Street,E01033545,Newcastle upon Tyne 024H,Drugs,Offender given a caution,
698462ad0bd7ab28cc7dd1de2d093ccafb86ba50772281d6b4cf234e7f18d115,2015-12,Surrey Police,Northumbria Police,-1.617241,54.969164,On or near Neville Street,E01033545,Newcastle upon Tyne 024H,Drugs,Offender given community sentence,
b1161b4b57177dc984bb3f50bdeefac6c015ebde4ea892d75056ad6fbad1b3bb,2015-12,Surrey Police,Northumbria Police,-1.613189,54.969906,On or near Collingwood Street,E01033545,Newcastle upon Tyne 024H,Drugs,Offender given a caution,
7ddd0c73bb67e3cdfcb74c26cd3488973e48e1c0aa4d505de6fa5628fc8bc638,2015-12,Surrey Police,Northumbria Police,-1.611738,54.969722,On or near St Nicholas' Street,E01033545,Newcastle upon Tyne 024H,Drugs,Offender given a caution,
44a947bcd9d5e931bb6c5980fcc242068e684302eaaef7221fae7f6f2de5937d,2015-12,Surrey Police,Northumbria Police,-1.620821,54.968906,On or near Forth Place,E01033545,Newcastle upon Tyne 024H,Drugs,Offender given a caution,
33010311f40edebe8b8b894e7bb673291dddc457836574b1373d74bb51f9742b,2015-12,Surrey Police,Northumbria Police,-1.611738,54.969722,On or near St Nicholas' Street,E01033545,Newcastle upon Tyne 024H,Other theft,Awaiting court outcome,
c69f8af898f5d3cace8928ede3915dceb7955967a878cf8624b505b4eac33e37,2015-12,Surrey Police,Northumbria Police,-1.622615,54.967464,On or near Bus/Coach Station,E01033545,Newcastle upon Tyne 024H,Other theft,Under investigation,
0d8cf672fb7eb333327a3600188735585420a4018af332ec9c8e2ed65107c593,2015-12,Surrey Police,Northumbria Police,-1.623100,54.967421,On or near Churchill Street,E01033545,Newcastle upon Tyne 024H,Other theft,Under investigation,
0abac3ab8886711c66bd6cdc0046bb2c27b1214731cfb14eb751f35b9ddb6a64,2015-12,Surrey Police,Northumbria Police,-1.613189,54.969906,On or near Collingwood Street,E01033545,Newcastle upon Tyne 024H,Other theft,Investigation complete; no suspect identified,
d280c837fc1e0b09b77da46cbd8b120432036bbf49222cf0b09742e2786793e2,2015-12,Surrey Police,Northumbria Police,-1.613189,54.969906,On or near Collingwood Street,E01033545,Newcastle upon Tyne 024H,Other theft,Under investigation,
3636f4784cc30ef04b4ed121f311f1aaeaf8fa97db1fca0aa84acef60136cb54,2015-12,Surrey Police,Northumbria Police,-1.611738,54.969722,On or near St Nicholas' Street,E01033545,Newcastle upon Tyne 024H,Other theft,Investigation complete; no suspect identified,
a8c8812221a19566548aaaba3ca2173ada753cac8f6c15447faedf6f9cfd1fb8,2015-12,Surrey Police,Northumbria Police,-1.609275,54.967503,On or near B1307,E01033545,Newcastle upon Tyne 024H,Other theft,Investigation complete; no suspect identified,
60f518fdb1a8972b8305150e3a23040b8597c4f11e8dc9f820214e40d410b887,2015-12,Surrey Police,Northumbria Police,-1.617415,54.965633,On or near Cookson'S Lane,E01033545,Newcastle upon Tyne 024H,Other theft,Local resolution,
920485fc8c62d5fca1dd6175258a90ee16fce6a713a8ed60e751c723ff0a45f0,2015-12,Surrey Police,Northumbria Police,-1.613189,54.969906,On or near Collingwood Street,E01033545,Newcastle upon Tyne 024H,Other theft,Investigation complete; no suspect identified,
c042d2b6777e4f645ad2f3197061a82de978e17e332d9641bdaa5564f170ce0e,2015-12,Surrey Police,Northumbria Police,-1.613189,54.969906,On or near Collingwood Street,E01033545,Newcastle upon Tyne 024H,Other theft,Investigation complete; no suspect identified,
6d80f6d5a21a21934458556e548cd6af2be644e4bbb0e518e81396918cf8f380,2015-12,Surrey Police,Northumbria Police,-1.620304,54.967349,On or near Nightclub,E01033545,Newcastle upon Tyne 024H,Other theft,Investigation complete; no suspect identified,
8463ef5e379662628fd50d221bee6fc84eb5f99ac1531a2d3d6c7f0a042f0c1f,2015-12,Surrey Police,Northumbria Police,-1.614464,54.968814,On or near Pedestrian Subway,E01033545,Newcastle upon Tyne 024H,Other theft,Awaiting court outcome,
e7cb7763faa10de2cb9a5786aead7c3bab9b4b71d704ed3de6e785e60d74b864,2015-12,Surrey Police,Northumbria Police,-1.613189,54.969906,On or near Collingwood Street,E01033545,Newcastle upon Tyne 024H,Other theft,Investigation complete; no suspect identified,
f68a069b0a9c03b5df59ec2032355ea80192acdd1f5184087dba71bb527d343a,2015-12,Surrey Police,Northumbria Police,-1.613189,54.969906,On or near Collingwood Street,E01033545,Newcastle upon Tyne 024H,Other theft,Investigation complete; no suspect identified,
4e0144a884a203b9d01aa13af0ebde3d867896aff03c41403e0bde43eb0866f4,2015-12,Surrey Police,Northumbria Police,-1.613189,54.969906,On or near Collingwood Street,E01033545,Newcastle upon Tyne 024H,Other theft,Investigation complete; no suspect identified,
50a2ae14a9305defc5a6af173f17d8c0e4231c7a0517238405f2ae139755c218,2015-12,Surrey Police,Northumbria Police,-1.622615,54.967464,On or near Bus/Coach Station,E01033545,Newcastle upon Tyne 024H,Other theft,Investigation complete; no suspect identified,
b087fbc70e213b7d09bbfa35ba3f44d8949e343767e21a44171dee9414aea1d9,2015-12,Surrey Police,Northumbria Police,-1.611738,54.969722,On or near St Nicholas' Street,E01033545,Newcastle upon Tyne 024H,Other theft,Investigation complete; no suspect identified,
4509dece2d7cef3bc115040c55966891e07dbfd8e6ebfdf6df03e62104388011,2015-12,Surrey Police,Northumbria Police,-1.617415,54.965633,On or near Cookson'S Lane,E01033545,Newcastle upon Tyne 024H,Other theft,Investigation complete; no suspect identified,
efbaf4d8312be3d1bc77b55c581d7d5b90545b24a217c75c2ab6d52507d8f229,2015-12,Surrey Police,Northumbria Police,-1.613901,54.968929,On or near Parking Area,E01033545,Newcastle upon Tyne 024H,Other theft,Investigation complete; no suspect identified,
6860a44dae231b7997014ce22bd2c37b2cb452623f864f6b53230b651b4431a1,2015-12,Surrey Police,Northumbria Police,-1.620304,54.967349,On or near Nightclub,E01033545,Newcastle upon Tyne 024H,Other theft,Investigation complete; no suspect identified,
bed6765eb6fd596a5ec05d744c4002539fe7f65b6eec718ba1b5a81b9926a955,2015-12,Surrey Police,Northumbria Police,-1.613901,54.968929,On or near Parking Area,E01033545,Newcastle upon Tyne 024H,Other theft,Investigation complete; no suspect identified,
3b27bd83b1dc91a8c84bc3820135d0e59b7662a0e4355879d859bd632b415682,2015-12,Surrey Police,Northumbria Police,-1.620304,54.967349,On or near Nightclub,E01033545,Newcastle upon Tyne 024H,Other theft,Investigation complete; no suspect identified,
0ca183a0560ad9408615c04d6a61bdd5585e375f7a6c15da45f602ef74c85f91,2015-12,Surrey Police,Northumbria Police,-1.620821,54.968906,On or near Forth Place,E01033545,Newcastle upon Tyne 024H,Other theft,Investigation complete; no suspect identified,
2e3082fdc45972f9dfe9fa4f3062b2af8def94361fbbce39effa0c05c2918d5d,2015-12,Surrey Police,Northumbria Police,-1.622615,54.967464,On or near Bus/Coach Station,E01033545,Newcastle upon Tyne 024H,Other theft,Offender fined,
999b7aac85023fa4efd83fdbf8432b06bfd079152398b568bd6ab8ffa9eb4cbd,2015-12,Surrey Police,Northumbria Police,-1.613189,54.969906,On or near Collingwood Street,E01033545,Newcastle upon Tyne 024H,Other theft,Investigation complete; no suspect identified,
37f91f3ac54f5b08a2559d8d6ba4acc4065762aa622ccb54e924d330968fa6df,2015-12,Surrey Police,Northumbria Police,-1.613189,54.969906,On or near Collingwood Street,E01033545,Newcastle upon Tyne 024H,Other theft,Investigation complete; no suspect identified,
1fc626b7d2a6a6fb4c53681918d7958ccf8d3012f15ceb2800b7888332ef2f6a,2015-12,Surrey Police,Northumbria Police,-1.614464,54.968814,On or near Pedestrian Subway,E01033545,Newcastle upon Tyne 024H,Other theft,Investigation complete; no suspect identified,
ec071b7fab7f0a0bde45aaa973225e48dc3e67702d36fe156dadd096ab2a4963,2015-12,Surrey Police,Northumbria Police,-1.620304,54.967349,On or near Nightclub,E01033545,Newcastle upon Tyne 024H,Other theft,Investigation complete; no suspect identified,
dbd189fea429274ba372f305e2dfb3e80cebea4c86e7959d7263cfdc82c50134,2015-12,Surrey Police,Northumbria Police,-1.613189,54.969906,On or near Collingwood Street,E01033545,Newcastle upon Tyne 024H,Other theft,Investigation complete; no suspect identified,
ebb5480dfc75c2ebed7ea3db8d0c1e3daa9214f3c2333fea2fa05df61b508d4b,2015-12,Surrey Police,Northumbria Police,-1.620304,54.967349,On or near Nightclub,E01033545,Newcastle upon Tyne 024H,Other theft,Investigation complete; no suspect identified,
986eb60aa5098f3db281a6765c16b6a596b8638d686a01b15d9c819b463ff2af,2015-12,Surrey Police,Northumbria Police,-1.613189,54.969906,On or near Collingwood Street,E01033545,Newcastle upon Tyne 024H,Other theft,Investigation complete; no suspect identified,
360e2bb19a3b25b596154941d60cb654742a6cb74f750bfb17be7372fbba48e3,2015-12,Surrey Police,Northumbria Police,-1.620304,54.967349,On or near Nightclub,E01033545,Newcastle upon Tyne 024H,Other theft,Investigation complete; no suspect identified,
f72d3e394a684dbd10d885425ae65d00717b91f5eb4be07d36a9c72bbe393e13,2015-12,Surrey Police,Northumbria Police,-1.625779,54.968148,On or near Lord Street,E01033545,Newcastle upon Tyne 024H,Other theft,Investigation complete; no suspect identified,
4ecdcae55e2d7c6df8b8b5f254966b6bb1f36a6e7707283cb4ffe68b6556b96c,2015-12,Surrey Police,Northumbria Police,-1.613189,54.969906,On or near Collingwood Street,E01033545,Newcastle upon Tyne 024H,Other theft,Investigation complete; no suspect identified,
7cf3eb4be68fb403a06eca600692382334f03b7c0f493e3ddb52f377969701b8,2015-12,Surrey Police,Northumbria Police,-1.614464,54.968814,On or near Pedestrian Subway,E01033545,Newcastle upon Tyne 024H,Other theft,Investigation complete; no suspect identified,
4eb0b4c674a013206831d8bf39f36c49647d06e8e8ad4a9cf10aa661c732e673,2015-12,Surrey Police,Northumbria Police,-1.613901,54.968929,On or near Parking Area,E01033545,Newcastle upon Tyne 024H,Other theft,Investigation complete; no suspect identified,
db63d43cc761bd3fa287ea3362f8b3467b800f180304fa36834012da608ed301,2015-12,Surrey Police,Northumbria Police,-1.614464,54.968814,On or near Pedestrian Subway,E01033545,Newcastle upon Tyne 024H,Other theft,Investigation complete; no suspect identified,
852fb15d55ddf614a88a7a70bc8f6926ac1f69822528f45818f2fac8b8523d58,2015-12,Surrey Police,Northumbria Police,-1.611738,54.969722,On or near St Nicholas' Street,E01033545,Newcastle upon Tyne 024H,Other theft,Investigation complete; no suspect identified,
8300f6f53ecc4831af69eb8e4abb41254c980b2cf38b6757d3a00db54f56d3ad,2015-12,Surrey Police,Northumbria Police,-1.614464,54.968814,On or near Pedestrian Subway,E01033545,Newcastle upon Tyne 024H,Other theft,Under investigation,
d1985b659f36aa1a1932dcb4616111b9580996c6fe7e52c77cf539a901836425,2015-12,Surrey Police,Northumbria Police,-1.621934,54.968460,On or near Westmorland Road,E01033545,Newcastle upon Tyne 024H,Possession of weapons,Awaiting court outcome,
028e7dfa169147acb006ae37ebb5bd4c446c62918d24c96179482d1b7b658258,2015-12,Surrey Police,Northumbria Police,-1.620821,54.968906,On or near Forth Place,E01033545,Newcastle upon Tyne 024H,Possession of weapons,Awaiting court outcome,
0a9c38c1d4cca650798fa3e1f4156fd8a457b76b6dd21d351c12c8b7af750f64,2015-12,Surrey Police,Northumbria Police,-1.617462,54.968958,On or near Neville Street,E01033545,Newcastle upon Tyne 024H,Public order,Offender given a caution,
509a645494beea7976ba3dee427525b9df314f8a09a69e97e2d649790a633332,2015-12,Surrey Police,Northumbria Police,-1.620821,54.968906,On or near Forth Place,E01033545,Newcastle upon Tyne 024H,Public order,Under investigation,
702c1b4aba3a25d9f4bea68695de53715f2b37cc7a3ff48ac47ab74985e0e5e5,2015-12,Surrey Police,Northumbria Police,-1.624266,54.967919,On or near Blandford Street,E01033545,Newcastle upon Tyne 024H,Public order,Under investigation,
4b65c6059e80f4027fef850c6403517e37a785c2c76845de215c6e47c09cf353,2015-12,Surrey Police,Northumbria Police,-1.617462,54.968958,On or near Neville Street,E01033545,Newcastle upon Tyne 024H,Public order,Offender given a caution,
4b16487ea5b74af673e1ece1a1d82e6bd833c4b94e56cafb74fd10436323345a,2015-12,Surrey Police,Northumbria Police,-1.617241,54.969164,On or near Neville Street,E01033545,Newcastle upon Tyne 024H,Public order,Offender given community sentence,
b309193e1ad62044765e0eb3aebe04d3575261cf98f334d6e5b912cffad33c86,2015-12,Surrey Police,Northumbria Police,-1.617415,54.965633,On or near Cookson'S Lane,E01033545,Newcastle upon Tyne 024H,Public order,Awaiting court outcome,
be88391677219be2b3e9bbc7b57a7a686ed7904eb0b64e549f6dad7075a38183,2015-12,Surrey Police,Northumbria Police,-1.620821,54.968906,On or near Forth Place,E01033545,Newcastle upon Tyne 024H,Public order,Under investigation,
1388746372bd516ad5ded33c923b68d6a6e9e8cfcc292763c3abfc4b09ec1415,2015-12,Surrey Police,Northumbria Police,-1.613189,54.969906,On or near Collingwood Street,E01033545,Newcastle upon Tyne 024H,Robbery,Investigation complete; no suspect identified,
a881b93992600eec6bb3ef3eb4be55c14585cda84032c6004f2b11c30e7d2d6c,2015-12,Surrey Police,Northumbria Police,-1.613189,54.969906,On or near Collingwood Street,E01033545,Newcastle upon Tyne 024H,Robbery,Investigation complete; no suspect identified,
885322b8e057f1514d0773d804faaa44a5ad7de32394811ca05aeda89efa535f,2015-12,Surrey Police,Northumbria Police,-1.617462,54.968958,On or near Neville Street,E01033545,Newcastle upon Tyne 024H,Shoplifting,Offender given community sentence,
624df4d4359708d6d7f698f9c524672ebbebe537b6c064c85416ba1e248c6ff8,2015-12,Surrey Police,Northumbria Police,-1.613189,54.969906,On or near Collingwood Street,E01033545,Newcastle upon Tyne 024H,Theft from the person,Investigation complete; no suspect identified,
1fbf5d245ae9d98771f9116003ac9ea714502b12414f15fd19e0bff716cdd54e,2015-12,Surrey Police,Northumbria Police,-1.613189,54.969906,On or near Collingwood Street,E01033545,Newcastle upon Tyne 024H,Theft from the person,Investigation complete; no suspect identified,
d772c85ae7cc5b0518c0b9b1a0d3864629675aafc9373b56d42770c2b76f0a8b,2015-12,Surrey Police,Northumbria Police,-1.609275,54.967503,On or near B1307,E01033545,Newcastle upon Tyne 024H,Theft from the person,Investigation complete; no suspect identified,
aed24d80eaf4c03ada6652db62d8514f9e039e56324a35e34015e30742f1701f,2015-12,Surrey Police,Northumbria Police,-1.613189,54.969906,On or near Collingwood Street,E01033545,Newcastle upon Tyne 024H,Theft from the person,Investigation complete; no suspect identified,
94ba6d427938ae40850119a2c63e83402bcd25d858c333442734f905edb48831,2015-12,Surrey Police,Northumbria Police,-1.611738,54.969722,On or near St Nicholas' Street,E01033545,Newcastle upon Tyne 024H,Theft from the person,Investigation complete; no suspect identified,
040225da626fde35d4c6f53c6a0f1de50a3f2673438c3e6a71cbc1936d53a6cf,2015-12,Surrey Police,Northumbria Police,-1.614464,54.968814,On or near Pedestrian Subway,E01033545,Newcastle upon Tyne 024H,Theft from the person,Investigation complete; no suspect identified,
514820ffca0d90d2d676cf68b18f09ae764468854d82652b38e030120fc3070e,2015-12,Surrey Police,Northumbria Police,-1.620304,54.967349,On or near Nightclub,E01033545,Newcastle upon Tyne 024H,Theft from the person,Investigation complete; no suspect identified,
41ad3be75609825bdd2d240b53ce8b4b4dc2f91d7ec02da4e1a63ef354c0a6e3,2015-12,Surrey Police,Northumbria Police,-1.613189,54.969906,On or near Collingwood Street,E01033545,Newcastle upon Tyne 024H,Theft from the person,Investigation complete; no suspect identified,
e8c8898fb19758da39ec1e576e2346a7af3c22c2281e25055dfd78f073062067,2015-12,Surrey Police,Northumbria Police,-1.611738,54.969722,On or near St Nicholas' Street,E01033545,Newcastle upon Tyne 024H,Theft from the person,Investigation complete; no suspect identified,
4d45ceb99fd9f0eef192b8e292943addb340e6582a25e21bf662e2f84ff4c5b2,2015-12,Surrey Police,Northumbria Police,-1.620304,54.967349,On or near Nightclub,E01033545,Newcastle upon Tyne 024H,Theft from the person,Under investigation,
0f3babc11591176d7ad0639baf32b5b8ccf320c1db9cab1d59be699215659509,2015-12,Surrey Police,Northumbria Police,-1.620304,54.967349,On or near Nightclub,E01033545,Newcastle upon Tyne 024H,Theft from the person,Investigation complete; no suspect identified,
f877364d3ff3e6f15f3d6f447c536771aca66850cec99e59cc63462a77c69b1a,2015-12,Surrey Police,Northumbria Police,-1.611738,54.969722,On or near St Nicholas' Street,E01033545,Newcastle upon Tyne 024H,Theft from the person,Investigation complete; no suspect identified,
4eaa2d7897fffac3aeb7abcf2cbe86ad21546c90ce2113c0a34a3fe6c097fee5,2015-12,Surrey Police,Northumbria Police,-1.621934,54.968460,On or near Westmorland Road,E01033545,Newcastle upon Tyne 024H,Theft from the person,Investigation complete; no suspect identified,
da821eb8bb0b9720a5e0e2e7698f2a7643b85f405d1ed61231b64beb5a5c7b97,2015-12,Surrey Police,Northumbria Police,-1.620304,54.967349,On or near Nightclub,E01033545,Newcastle upon Tyne 024H,Theft from the person,Investigation complete; no suspect identified,
7179431576fd3576a9636a542d8f9692fe86eaddb5e3775043759bad34664aa9,2015-12,Surrey Police,Northumbria Police,-1.620304,54.967349,On or near Nightclub,E01033545,Newcastle upon Tyne 024H,Vehicle crime,Investigation complete; no suspect identified,
f748e230cdfb86be20e88ab588272dd1f11fd848875bc5be54ddd019282246a8,2015-12,Surrey Police,Northumbria Police,-1.615070,54.967495,On or near South Street,E01033545,Newcastle upon Tyne 024H,Vehicle crime,Investigation complete; no suspect identified,
4cf9adcd33e2a2183410ade155915dbf844ba9467274e21b72b9c3a8a95e1d9e,2015-12,Surrey Police,Northumbria Police,-1.611738,54.969722,On or near St Nicholas' Street,E01033545,Newcastle upon Tyne 024H,Violence and sexual offences,Investigation complete; no suspect identified,
7d770a8b384a12bb9a047525bdb1f0a2a534900cc5a06a862eaf0cab38ac0478,2015-12,Surrey Police,Northumbria Police,-1.622615,54.967464,On or near Bus/Coach Station,E01033545,Newcastle upon Tyne 024H,Violence and sexual offences,Investigation complete; no suspect identified,
54a68f6f86173198a684ed6003a8541aa85f06c5c1a6858d4638cd9d912fb97d,2015-12,Surrey Police,Northumbria Police,-1.609275,54.967503,On or near B1307,E01033545,Newcastle upon Tyne 024H,Violence and sexual offences,Investigation complete; no suspect identified,
df1a3c35de16caf50a1e4505ec71e79db7c68a02c68bcc4a37c197bd540e8949,2015-12,Surrey Police,Northumbria Police,-1.613189,54.969906,On or near Collingwood Street,E01033545,Newcastle upon Tyne 024H,Violence and sexual offences,Investigation complete; no suspect identified,
8080bd4f59d19c5c68e64efa6c1ec3aab33edf5942dd606dd08cf0f7d3c87423,2015-12,Surrey Police,Northumbria Police,-1.613189,54.969906,On or near Collingwood Street,E01033545,Newcastle upon Tyne 024H,Violence and sexual offences,Investigation complete; no suspect identified,
b7981742cc40aa6821c81262ccb449e281eede3936799695cd665adffe2efaf2,2015-12,Surrey Police,Northumbria Police,-1.622615,54.967464,On or near Bus/Coach Station,E01033545,Newcastle upon Tyne 024H,Violence and sexual offences,Investigation complete; no suspect identified,
ad70aa86a09d8da14a560586251c1f5f6814f41ddf2914d364550fe897bf0325,2015-12,Surrey Police,Northumbria Police,-1.613189,54.969906,On or near Collingwood Street,E01033545,Newcastle upon Tyne 024H,Violence and sexual offences,Offender fined,
ee6ec539c0fef85db27ca31c980ad2528d53a27cfe3915dfaf6a7c9d7bab3ccf,2015-12,Surrey Police,Northumbria Police,-1.620304,54.967349,On or near Nightclub,E01033545,Newcastle upon Tyne 024H,Violence and sexual offences,Investigation complete; no suspect identified,
7d23e7a8d4637f3ae24c2884dd13e66fd8dcb0573585ee460501e106bf0e818d,2015-12,Surrey Police,Northumbria Police,-1.622615,54.967464,On or near Bus/Coach Station,E01033545,Newcastle upon Tyne 024H,Violence and sexual offences,Offender given a caution,
ecce29bbf3701384a268ee6ad91048112d88fd3115a353ee9d8cc4ce1eeda686,2015-12,Surrey Police,Northumbria Police,-1.617241,54.969164,On or near Neville Street,E01033545,Newcastle upon Tyne 024H,Violence and sexual offences,Under investigation,
9b9776e29ba9dafa6fd27e75f2cab55e5a536392b6f99c7f7cabb7135395d44e,2015-12,Surrey Police,Northumbria Police,-1.618661,54.969402,On or near Thomas Bewick Square,E01033545,Newcastle upon Tyne 024H,Violence and sexual offences,Investigation complete; no suspect identified,
5d5cda2000cc92c289e04cf04b3ad8c3f3d453939a7123957ee82cbb6d851f65,2015-12,Surrey Police,Northumbria Police,-1.620304,54.967349,On or near Nightclub,E01033545,Newcastle upon Tyne 024H,Violence and sexual offences,Awaiting court outcome,
050596c535959575560f851254f06a76e23e71bec881d264ef1c2e33025eed2d,2015-12,Surrey Police,Northumbria Police,-1.617415,54.965633,On or near Cookson'S Lane,E01033545,Newcastle upon Tyne 024H,Violence and sexual offences,Offender given conditional discharge,
24749860326512f1e6d0a6099fc5af6a85e55b0eeabf491097f7b1e18ea5a483,2015-12,Surrey Police,Northumbria Police,-1.613189,54.969906,On or near Collingwood Street,E01033545,Newcastle upon Tyne 024H,Violence and sexual offences,Investigation complete; no suspect identified,
aa7b25d726e00723c2911c5b13e0bd14c09b9fa25534d487beeeceab46f5b258,2015-12,Surrey Police,Northumbria Police,-1.613189,54.969906,On or near Collingwood Street,E01033545,Newcastle upon Tyne 024H,Violence and sexual offences,Under investigation,
87415a14d1b03450e8efe921416473c252a8f58f24625cf41a2706cdd7e4d7dd,2015-12,Surrey Police,Northumbria Police,-1.617415,54.965633,On or near Cookson'S Lane,E01033545,Newcastle upon Tyne 024H,Violence and sexual offences,Under investigation,
af5244c6fce578beea8caba43fbee5d4bcabdbba9b8492a4cd605031de95a512,2015-12,Surrey Police,Northumbria Police,-1.613189,54.969906,On or near Collingwood Street,E01033545,Newcastle upon Tyne 024H,Violence and sexual offences,Investigation complete; no suspect identified,
0f0950f7013c2a5bfd10c098f43799e652182432520cc4f85148008640a19e1f,2015-12,Surrey Police,Northumbria Police,-1.618661,54.969402,On or near Thomas Bewick Square,E01033545,Newcastle upon Tyne 024H,Violence and sexual offences,Investigation complete; no suspect identified,
92acfa425f8a625796572371b3aafa5da29712bc9b1d481602b108de598f408d,2015-12,Surrey Police,Northumbria Police,-1.621934,54.968460,On or near Westmorland Road,E01033545,Newcastle upon Tyne 024H,Violence and sexual offences,Investigation complete; no suspect identified,
6b99a4c177d939617d527fd15572d4ac4f3b84fdd6b2eda7fe6c3ddafad7238a,2015-12,Surrey Police,Northumbria Police,-1.621934,54.968460,On or near Westmorland Road,E01033545,Newcastle upon Tyne 024H,Violence and sexual offences,Local resolution,
a5737f7939be399beada8bcc6afe3d19faa671802219f4ea3a60f7fac03e8847,2015-12,Surrey Police,Northumbria Police,-1.614464,54.968814,On or near Pedestrian Subway,E01033545,Newcastle upon Tyne 024H,Violence and sexual offences,Investigation complete; no suspect identified,
fd0d45dbccf987dc8b4074287c96296972249513b95e87b97d31f5ce1cf0fd17,2015-12,Surrey Police,Northumbria Police,-1.620821,54.968906,On or near Forth Place,E01033545,Newcastle upon Tyne 024H,Violence and sexual offences,Offender given a caution,
d87f120c0cec36825900fc09edd1ac9a1d36b0a6e50f7de315565e6e6ee71896,2015-12,Surrey Police,Northumbria Police,-1.613189,54.969906,On or near Collingwood Street,E01033545,Newcastle upon Tyne 024H,Violence and sexual offences,Investigation complete; no suspect identified,
b34c74f3b3ea8935eedff3f73524a882c05fc0ebaf7c0a83f47803e546ff5ccd,2015-12,Surrey Police,Northumbria Police,-1.613189,54.969906,On or near Collingwood Street,E01033545,Newcastle upon Tyne 024H,Violence and sexual offences,Under investigation,
7db6b98d743a9d39425f496932f661a3200ba2f3cab359b7db486172bbd8b0d8,2015-12,Surrey Police,Northumbria Police,-1.613189,54.969906,On or near Collingwood Street,E01033545,Newcastle upon Tyne 024H,Violence and sexual offences,Investigation complete; no suspect identified,
5f4595f431e4ed74b7caabbee7611b3440d70c24eb5d35e8a6043d237b2f42c8,2015-12,Surrey Police,Northumbria Police,-1.613189,54.969906,On or near Collingwood Street,E01033545,Newcastle upon Tyne 024H,Violence and sexual offences,Under investigation,
a9cd46482b3d6d7109e4672e9b4d2eb23d9415f08bd930afb22a519d7810a20b,2015-12,Surrey Police,Northumbria Police,-1.611738,54.969722,On or near St Nicholas' Street,E01033545,Newcastle upon Tyne 024H,Violence and sexual offences,Under investigation,
77d553dbc335c21c3f2a23135cde07b38bf5b4046b3d977ed89162893d3ec312,2015-12,Surrey Police,Northumbria Police,-1.611738,54.969722,On or near St Nicholas' Street,E01033545,Newcastle upon Tyne 024H,Violence and sexual offences,Under investigation,
1a1858f1d38b8eac782e9cf4335236319d5cde90d6207cc1dc03b6e4f6342c05,2015-12,Surrey Police,Northumbria Police,-1.622481,54.970106,On or near Theatre/Concert Hall,E01033545,Newcastle upon Tyne 024H,Violence and sexual offences,Awaiting court outcome,
e70083c6c472d249790b710238e531bfae27ca7c0d37f1cb98678b0120966b76,2015-12,Surrey Police,Northumbria Police,-1.611738,54.969722,On or near St Nicholas' Street,E01033545,Newcastle upon Tyne 024H,Violence and sexual offences,Investigation complete; no suspect identified,
d0b7742bb274a8ab99ea32d7173548aadc0b0ed8a353160b6e592df09ddaefbc,2015-12,Surrey Police,Northumbria Police,-1.613189,54.969906,On or near Collingwood Street,E01033545,Newcastle upon Tyne 024H,Violence and sexual offences,Offender given a caution,
1c6ecdafead500517d8623525c7c2c8aa8490b8fc15e8706b8c274e1c5fb798d,2015-12,Surrey Police,Northumbria Police,-1.620821,54.968906,On or near Forth Place,E01033545,Newcastle upon Tyne 024H,Violence and sexual offences,Awaiting court outcome,
eae06e9c8b1f997fb65edbd822e8f7ad3491a9507ae2f7b8b4ac72f9849ff06e,2015-12,Surrey Police,Northumbria Police,-1.613189,54.969906,On or near Collingwood Street,E01033545,Newcastle upon Tyne 024H,Violence and sexual offences,Investigation complete; no suspect identified,
79181f586ce1951c9e860129dcabf0882d9581844f3a2ba870bafe7c3e21ad3f,2015-12,Surrey Police,Northumbria Police,-1.611738,54.969722,On or near St Nicholas' Street,E01033545,Newcastle upon Tyne 024H,Violence and sexual offences,Investigation complete; no suspect identified,
30a658b856fd85df99724454189ebfae13f9e23be0ade3d02014792809106cb0,2015-12,Surrey Police,Northumbria Police,-1.613189,54.969906,On or near Collingwood Street,E01033545,Newcastle upon Tyne 024H,Violence and sexual offences,Investigation complete; no suspect identified,
ab0d910257fd513b2c32fa600f52bd57067d6e4d31331fd100a5004e2a240f19,2015-12,Surrey Police,Northumbria Police,-1.617415,54.965633,On or near Cookson'S Lane,E01033545,Newcastle upon Tyne 024H,Violence and sexual offences,Awaiting court outcome,
d6ec606de0f57df959d7e69e3dbedfd4113189fd342a4768e33a491c01230804,2015-12,Surrey Police,Northumbria Police,-1.621934,54.968460,On or near Westmorland Road,E01033545,Newcastle upon Tyne 024H,Violence and sexual offences,Investigation complete; no suspect identified,
d8c969961a97b24ed6248e3bc94f9b1cfad4b60c8a2672bf19ec91d9e0204dfa,2015-12,Surrey Police,Northumbria Police,-1.614464,54.968814,On or near Pedestrian Subway,E01033545,Newcastle upon Tyne 024H,Violence and sexual offences,Investigation complete; no suspect identified,
2b24203573372f77c302f19a90441bcb02cd52817f7dacaadce378f875525172,2015-12,Surrey Police,Northumbria Police,-1.622481,54.970106,On or near Theatre/Concert Hall,E01033545,Newcastle upon Tyne 024H,Violence and sexual offences,Awaiting court outcome,
914e218d5d18794d635cbe0e8641fdbb0b627c8b87e6322fe71bcf4986f4edc9,2015-12,Surrey Police,Northumbria Police,-1.621585,54.965664,On or near Parking Area,E01033545,Newcastle upon Tyne 024H,Violence and sexual offences,Investigation complete; no suspect identified,
af1dc73a23e8fb2104f8846fcbfa20535cb15e28ec3cfb227e90f9ec193d1004,2015-12,Surrey Police,Northumbria Police,-1.617415,54.965633,On or near Cookson'S Lane,E01033545,Newcastle upon Tyne 024H,Violence and sexual offences,Awaiting court outcome,
0b77209590f50617f5fd744326d37020e9515841a47e6a04a27633203f0d05d4,2015-12,Surrey Police,Northumbria Police,-1.611738,54.969722,On or near St Nicholas' Street,E01033545,Newcastle upon Tyne 024H,Violence and sexual offences,Investigation complete; no suspect identified,
ebf1f04d51b7b9fa0f079ff46f568748573ecbd54ebd15c782a9a50e603d0aa7,2015-12,Surrey Police,Northumbria Police,-1.621934,54.968460,On or near Westmorland Road,E01033545,Newcastle upon Tyne 024H,Violence and sexual offences,Offender given a caution,
32f653a14d94a11ae018f46bc60523b008e05b5aef8fce5b448632cb7da79145,2015-12,Surrey Police,Northumbria Police,-1.613189,54.969906,On or near Collingwood Street,E01033545,Newcastle upon Tyne 024H,Violence and sexual offences,Awaiting court outcome,
812936cdf039a93805f78044423da692ee51bd480a568af7dbfeae0d9eebb36d,2015-12,Surrey Police,Northumbria Police,-1.614464,54.968814,On or near Pedestrian Subway,E01033545,Newcastle upon Tyne 024H,Violence and sexual offences,Investigation complete; no suspect identified,
873631dfe49936305f1a9cc59ebe18663cc983a1c122e529f2e1770944fd01d6,2015-12,Surrey Police,Northumbria Police,-1.611738,54.969722,On or near St Nicholas' Street,E01033545,Newcastle upon Tyne 024H,Violence and sexual offences,Investigation complete; no suspect identified,
f14972b29c45960fae98b607df5ba3ca8b10b444e71c0860e836ef2208a14f58,2015-12,Surrey Police,Northumbria Police,-1.613189,54.969906,On or near Collingwood Street,E01033545,Newcastle upon Tyne 024H,Violence and sexual offences,Investigation complete; no suspect identified,
ce7f43961c73a66ed6e261229c7015cbaa61d863fc8383debe3bd672d006e570,2015-12,Surrey Police,Northumbria Police,-1.619265,54.964920,On or near Pottery Lane,E01033545,Newcastle upon Tyne 024H,Violence and sexual offences,Investigation complete; no suspect identified,
eaf7c8f3f91dd79431636bc914c65059ff7b1126c71b8dec89cc538250cf9a2c,2015-12,Surrey Police,Northumbria Police,-1.621934,54.968460,On or near Westmorland Road,E01033545,Newcastle upon Tyne 024H,Violence and sexual offences,Investigation complete; no suspect identified,
0dd4523c39894a12b3725a5f1863d3a3cd80a8622605fde37259012e3392935f,2015-12,Surrey Police,Northumbria Police,-1.611738,54.969722,On or near St Nicholas' Street,E01033545,Newcastle upon Tyne 024H,Violence and sexual offences,Investigation complete; no suspect identified,
97dae05e303fa8e867477d56431cef49a25b5cc9e721480806929cfaef8ecfff,2015-12,Surrey Police,Northumbria Police,-1.620304,54.967349,On or near Nightclub,E01033545,Newcastle upon Tyne 024H,Violence and sexual offences,Investigation complete; no suspect identified,
8582ed53ed72a5e0e90f2c548c2f91586f79a247df0e65699c55c58378fefa31,2015-12,Surrey Police,Northumbria Police,-1.620304,54.967349,On or near Nightclub,E01033545,Newcastle upon Tyne 024H,Violence and sexual offences,Investigation complete; no suspect identified,
67c39e13ce173a84135170b9882d28df357224ea90ce6bcc3f88e93baf66be15,2015-12,Surrey Police,Northumbria Police,-1.620821,54.968906,On or near Forth Place,E01033545,Newcastle upon Tyne 024H,Other crime,Investigation complete; no suspect identified,
11f1507ef406dd9f0edf2cb8af316bf904ce560e72e3230bf908af2466b1160f,2015-12,Surrey Police,Northumbria Police,-1.617415,54.965633,On or near Cookson'S Lane,E01033545,Newcastle upon Tyne 024H,Other crime,Awaiting court outcome,
,2015-12,Surrey Police,Northumbria Police,-1.626998,54.974838,On or near Spring Garden Lane,E01033554,Newcastle upon Tyne 024I,Anti-social behaviour,,
,2015-12,Surrey Police,Northumbria Police,-1.621161,54.969293,On or near Waterloo Street,E01033554,Newcastle upon Tyne 024I,Anti-social behaviour,,
,2015-12,Surrey Police,Northumbria Police,-1.619632,54.970753,On or near Cross Street,E01033554,Newcastle upon Tyne 024I,Anti-social behaviour,,
,2015-12,Surrey Police,Northumbria Police,-1.626074,54.971708,On or near Cross Villa Place No 3,E01033554,Newcastle upon Tyne 024I,Anti-social behaviour,,
,2015-12,Surrey Police,Northumbria Police,-1.620650,54.970433,On or near Theatre/Concert Hall,E01033554,Newcastle upon Tyne 024I,Anti-social behaviour,,
,2015-12,Surrey Police,Northumbria Police,-1.622412,54.970816,On or near Westgate Road,E01033554,Newcastle upon Tyne 024I,Anti-social behaviour,,
,2015-12,Surrey Police,Northumbria Police,-1.621824,54.971811,On or near Bath Lane,E01033554,Newcastle upon Tyne 024I,Anti-social behaviour,,
,2015-12,Surrey Police,Northumbria Police,-1.620650,54.970433,On or near Theatre/Concert Hall,E01033554,Newcastle upon Tyne 024I,Anti-social behaviour,,
,2015-12,Surrey Police,Northumbria Police,-1.621161,54.969293,On or near Waterloo Street,E01033554,Newcastle upon Tyne 024I,Anti-social behaviour,,
,2015-12,Surrey Police,Northumbria Police,-1.622214,54.971947,On or near Blenheim Street,E01033554,Newcastle upon Tyne 024I,Anti-social behaviour,,
,2015-12,Surrey Police,Northumbria Police,-1.624282,54.971235,On or near Cross Villa Place No 2,E01033554,Newcastle upon Tyne 024I,Anti-social behaviour,,
,2015-12,Surrey Police,Northumbria Police,-1.625505,54.970780,On or near Swinburne Place,E01033554,Newcastle upon Tyne 024I,Anti-social behaviour,,
,2015-12,Surrey Police,Northumbria Police,-1.621161,54.969293,On or near Waterloo Street,E01033554,Newcastle upon Tyne 024I,Anti-social behaviour,,
,2015-12,Surrey Police,Northumbria Police,-1.624282,54.971235,On or near Cross Villa Place No 2,E01033554,Newcastle upon Tyne 024I,Anti-social behaviour,,
,2015-12,Surrey Police,Northumbria Police,-1.621161,54.969293,On or near Waterloo Street,E01033554,Newcastle upon Tyne 024I,Anti-social behaviour,,
,2015-12,Surrey Police,Northumbria Police,-1.619999,54.971599,On or near Friars Street,E01033554,Newcastle upon Tyne 024I,Anti-social behaviour,,
,2015-12,Surrey Police,Northumbria Police,-1.619894,54.971140,On or near Charlotte Square,E01033554,Newcastle upon Tyne 024I,Anti-social behaviour,,
,2015-12,Surrey Police,Northumbria Police,-1.621824,54.971811,On or near Bath Lane,E01033554,Newcastle upon Tyne 024I,Anti-social behaviour,,
,2015-12,Surrey Police,Northumbria Police,-1.625505,54.970780,On or near Swinburne Place,E01033554,Newcastle upon Tyne 024I,Anti-social behaviour,,
,2015-12,Surrey Police,Northumbria Police,-1.620650,54.970433,On or near Theatre/Concert Hall,E01033554,Newcastle upon Tyne 024I,Anti-social behaviour,,
,2015-12,Surrey Police,Northumbria Police,-1.626074,54.971708,On or near Cross Villa Place No 3,E01033554,Newcastle upon Tyne 024I,Anti-social behaviour,,
,2015-12,Surrey Police,Northumbria Police,-1.624282,54.971235,On or near Cross Villa Place No 2,E01033554,Newcastle upon Tyne 024I,Anti-social behaviour,,
,2015-12,Surrey Police,Northumbria Police,-1.621161,54.969293,On or near Waterloo Street,E01033554,Newcastle upon Tyne 024I,Anti-social behaviour,,
,2015-12,Surrey Police,Northumbria Police,-1.626072,54.975383,On or near Petrol Station,E01033554,Newcastle upon Tyne 024I,Anti-social behaviour,,
,2015-12,Surrey Police,Northumbria Police,-1.626815,54.970982,On or near High Swinburne Place,E01033554,Newcastle upon Tyne 024I,Anti-social behaviour,,
,2015-12,Surrey Police,Northumbria Police,-1.624282,54.971235,On or near Cross Villa Place No 2,E01033554,Newcastle upon Tyne 024I,Anti-social behaviour,,
,2015-12,Surrey Police,Northumbria Police,-1.621161,54.969293,On or near Waterloo Street,E01033554,Newcastle upon Tyne 024I,Anti-social behaviour,,
,2015-12,Surrey Police,Northumbria Police,-1.626074,54.971708,On or near Cross Villa Place No 3,E01033554,Newcastle upon Tyne 024I,Anti-social behaviour,,
,2015-12,Surrey Police,Northumbria Police,-1.621435,54.969995,On or near Peel Street,E01033554,Newcastle upon Tyne 024I,Anti-social behaviour,,
,2015-12,Surrey Police,Northumbria Police,-1.625505,54.970780,On or near Swinburne Place,E01033554,Newcastle upon Tyne 024I,Anti-social behaviour,,
0d8a3b006d6811fabf7f0d4e2c4b28e7ab6fc190d58130eb4164fc829624d2c4,2015-12,Surrey Police,Northumbria Police,-1.621161,54.969293,On or near Waterloo Street,E01033554,Newcastle upon Tyne 024I,Bicycle theft,Investigation complete; no suspect identified,
28174cd1fc715c91d53ae58fb217a2f9e1f8a8bf770b25c8aa2817de3b55f48a,2015-12,Surrey Police,Northumbria Police,-1.622412,54.970816,On or near Westgate Road,E01033554,Newcastle upon Tyne 024I,Burglary,Under investigation,
5a80db8ff4134dc3cc20034e9d6ecc7e99f145a41badc1fb49a505b024afcc42,2015-12,Surrey Police,Northumbria Police,-1.621161,54.969293,On or near Waterloo Street,E01033554,Newcastle upon Tyne 024I,Burglary,Investigation complete; no suspect identified,
b53f04914695575f4489b3f148747ec7352babdf7b2e9129110743c10f489e43,2015-12,Surrey Police,Northumbria Police,-1.620650,54.970433,On or near Theatre/Concert Hall,E01033554,Newcastle upon Tyne 024I,Criminal damage and arson,Investigation complete; no suspect identified,
644d86e376200d42fc479e2b8d646730e5c9a6dfe69fd9e8e27d588c7597dba4,2015-12,Surrey Police,Northumbria Police,-1.627604,54.973545,On or near Colliery Lane,E01033554,Newcastle upon Tyne 024I,Criminal damage and arson,Investigation complete; no suspect identified,
71b140463306a5b9f8958e5fb7045e79f0e259da17e53941cb409704c578e35b,2015-12,Surrey Police,Northumbria Police,-1.620650,54.970433,On or near Theatre/Concert Hall,E01033554,Newcastle upon Tyne 024I,Criminal damage and arson,Offender given absolute discharge,
1df9415dee8812765acda57cced6fcbbcff2f3f75ba790bc9454bb2af40ca485,2015-12,Surrey Police,Northumbria Police,-1.621824,54.971811,On or near Bath Lane,E01033554,Newcastle upon Tyne 024I,Criminal damage and arson,Investigation complete; no suspect identified,
85fccb53620f85bd14f8b66a554de10dde63f9461e0d9a867c9487fd1321e4ad,2015-12,Surrey Police,Northumbria Police,-1.620650,54.970433,On or near Theatre/Concert Hall,E01033554,Newcastle upon Tyne 024I,Criminal damage and arson,Offender given conditional discharge,
056c0175997dc0c2d7df82d4237967a3ae55fa3d88d30d0c3250778724c9bdb1,2015-12,Surrey Police,Northumbria Police,-1.620650,54.970433,On or near Theatre/Concert Hall,E01033554,Newcastle upon Tyne 024I,Criminal damage and arson,Offender ordered to pay compensation,
1227e59d8033f35eaa03f8111aa3f56b0f627e54e4e7b756460202eedc5e33be,2015-12,Surrey Police,Northumbria Police,-1.625822,54.971976,On or near Corporation Street,E01033554,Newcastle upon Tyne 024I,Criminal damage and arson,Investigation complete; no suspect identified,
a463329ae26e8c78c0d5c7edf57219785d11c26b6f01f3a45e7adeb6201a6278,2015-12,Surrey Police,Northumbria Police,-1.620650,54.970433,On or near Theatre/Concert Hall,E01033554,Newcastle upon Tyne 024I,Criminal damage and arson,Awaiting court outcome,
028a9146ee9d63f1892bb6cda2577041beee4a2672f33f2f47a2c237da34ad9b,2015-12,Surrey Police,Northumbria Police,-1.620650,54.970433,On or near Theatre/Concert Hall,E01033554,Newcastle upon Tyne 024I,Criminal damage and arson,Investigation complete; no suspect identified,
4d86351021fd4bb4c08df5d8c3587861c5746669fe53104c4eaec92362de4dc8,2015-12,Surrey Police,Northumbria Police,-1.620650,54.970433,On or near Theatre/Concert Hall,E01033554,Newcastle upon Tyne 024I,Criminal damage and arson,Offender ordered to pay compensation,
6620424769b0911b8905250c63d413f27b9fc5c19399bf717021b4b4699c251a,2015-12,Surrey Police,Northumbria Police,-1.621161,54.969293,On or near Waterloo Street,E01033554,Newcastle upon Tyne 024I,Criminal damage and arson,Investigation complete; no suspect identified,
df4199483bcc64ad83d8b9e08b24550e5af488927b9bf8175ffa58dc95a4e807,2015-12,Surrey Police,Northumbria Police,-1.620650,54.970433,On or near Theatre/Concert Hall,E01033554,Newcastle upon Tyne 024I,Criminal damage and arson,Offender given conditional discharge,
8ae14bdb39fc3d4a3ca884e6dd6e242d46400d8546aa4a82ff9e1d0f4e38b1aa,2015-12,Surrey Police,Northumbria Police,-1.622412,54.970816,On or near Westgate Road,E01033554,Newcastle upon Tyne 024I,Criminal damage and arson,Investigation complete; no suspect identified,
78d9ddc71360156522151910cb4d9227830dcdfc88e2f410e72039b833d848fc,2015-12,Surrey Police,Northumbria Police,-1.620650,54.970433,On or near Theatre/Concert Hall,E01033554,Newcastle upon Tyne 024I,Drugs,Offender deprived of property,
235a7a403cb1aea718f4d27f6a90e696fa1332738584140aa64873d1ac6406d5,2015-12,Surrey Police,Northumbria Police,-1.621161,54.969293,On or near Waterloo Street,E01033554,Newcastle upon Tyne 024I,Drugs,Offender given community sentence,
22a5c6c2cdc839f0bf65fae669abf4c6769a2bf371ea0074454246a7c8289820,2015-12,Surrey Police,Northumbria Police,-1.625505,54.970780,On or near Swinburne Place,E01033554,Newcastle upon Tyne 024I,Other theft,Investigation complete; no suspect identified,
78dc65c505abe5f379055d58a6dbbc178a149587d2769c3f5c044c421241858a,2015-12,Surrey Police,Northumbria Police,-1.620650,54.970433,On or near Theatre/Concert Hall,E01033554,Newcastle upon Tyne 024I,Other theft,Investigation complete; no suspect identified,
8bc0373347bd0491c49af63911377ca289d1f918213f99ecbc4b96a90ee91e59,2015-12,Surrey Police,Northumbria Police,-1.626998,54.974838,On or near Spring Garden Lane,E01033554,Newcastle upon Tyne 024I,Other theft,Under investigation,
abdd6ca9a606f6c2c1f53590c97dfa85dbee97eed33fddcbdbb10e97a205254b,2015-12,Surrey Police,Northumbria Police,-1.622412,54.970816,On or near Westgate Road,E01033554,Newcastle upon Tyne 024I,Other theft,Under investigation,
acc41bda9f25e6ab5e9af267f9947fe91bfee651308d2f5ab88204297f60c578,2015-12,Surrey Police,Northumbria Police,-1.621161,54.969293,On or near Waterloo Street,E01033554,Newcastle upon Tyne 024I,Other theft,Investigation complete; no suspect identified,
04df2d87efd5ba0cfc1e490c07b0057351612f0263737765e2826ef393ecbab9,2015-12,Surrey Police,Northumbria Police,-1.626998,54.974838,On or near Spring Garden Lane,E01033554,Newcastle upon Tyne 024I,Other theft,Awaiting court outcome,
f2147e5f17d4bc96ec6059972950a7f1bb402444614bd876240ed0e0fdd8fd8a,2015-12,Surrey Police,Northumbria Police,-1.626072,54.975383,On or near Petrol Station,E01033554,Newcastle upon Tyne 024I,Other theft,Investigation complete; no suspect identified,
1885da3335f01f55ea4fcebe4152de58d5807b22ba0ead6a5196f92350863b15,2015-12,Surrey Police,Northumbria Police,-1.626072,54.975383,On or near Petrol Station,E01033554,Newcastle upon Tyne 024I,Other theft,Investigation complete; no suspect identified,
342a3126bffe27b413e2771e9d514dec237075db53c5216975b78d1a279ae90e,2015-12,Surrey Police,Northumbria Police,-1.621161,54.969293,On or near Waterloo Street,E01033554,Newcastle upon Tyne 024I,Other theft,Investigation complete; no suspect identified,
c098c4092efe05747cf7eee27195086eca2d11fd40effb111c448bb3fb77eb71,2015-12,Surrey Police,Northumbria Police,-1.621824,54.971811,On or near Bath Lane,E01033554,Newcastle upon Tyne 024I,Public order,Offender fined,
cb8a54271ce6ffc56c7b474c7e8e31b5bf79d8f73bc6b15b33b0ce231e3b6297,2015-12,Surrey Police,Northumbria Police,-1.621824,54.971811,On or near Bath Lane,E01033554,Newcastle upon Tyne 024I,Public order,Offender fined,
7ea155c8883a07b7dd16e8d83e0b8eed1a6d4bb84f44b1a7ed9b383cf55172ab,2015-12,Surrey Police,Northumbria Police,-1.626072,54.975383,On or near Petrol Station,E01033554,Newcastle upon Tyne 024I,Public order,Awaiting court outcome,
f14b9711149c706273dbb7961e78a434f262836c1c1c51c8a404ba13401e4582,2015-12,Surrey Police,Northumbria Police,-1.620650,54.970433,On or near Theatre/Concert Hall,E01033554,Newcastle upon Tyne 024I,Public order,Offender given absolute discharge,
72841495aea8b0aa77ea60bc685010d4c2b873420444f358b7f4154321b35016,2015-12,Surrey Police,Northumbria Police,-1.620650,54.970433,On or near Theatre/Concert Hall,E01033554,Newcastle upon Tyne 024I,Robbery,Under investigation,
40806bd5ba00018e1263106f6ce821eabf29442aaa1fa5750b10e90072cb4b8d,2015-12,Surrey Police,Northumbria Police,-1.620650,54.970433,On or near Theatre/Concert Hall,E01033554,Newcastle upon Tyne 024I,Theft from the person,Investigation complete; no suspect identified,
c2eabaeebfa951cec0cc6eb755ea77d1729878ef8e9e41c6a7c5d7ce3d6d88a8,2015-12,Surrey Police,Northumbria Police,-1.623665,54.970406,On or near Parking Area,E01033554,Newcastle upon Tyne 024I,Vehicle crime,Investigation complete; no suspect identified,
3582dff027aa622251ebe0ea35cb452aa8925f02e21e587c7c8c35dcdc9e4cd1,2015-12,Surrey Police,Northumbria Police,-1.622412,54.970816,On or near Westgate Road,E01033554,Newcastle upon Tyne 024I,Vehicle crime,Investigation complete; no suspect identified,
b6aabf839df559c10f3445c93064481901a62fc85b7db75f972ec9b06da63f2a,2015-12,Surrey Police,Northumbria Police,-1.621161,54.969293,On or near Waterloo Street,E01033554,Newcastle upon Tyne 024I,Violence and sexual offences,Under investigation,
119fcab7690a17d28302927ab3d8bd79ef81e9ac6f4807874897e03a54ae8695,2015-12,Surrey Police,Northumbria Police,-1.621161,54.969293,On or near Waterloo Street,E01033554,Newcastle upon Tyne 024I,Violence and sexual offences,Investigation complete; no suspect identified,
1484f6c85438554f60012766e1865d74277ed6a6bbf3658e1f72977ff239270a,2015-12,Surrey Police,Northumbria Police,-1.622412,54.970816,On or near Westgate Road,E01033554,Newcastle upon Tyne 024I,Violence and sexual offences,Investigation complete; no suspect identified,
58d67fa067bffdaa932771145ed58b1f4a24e589dde74e1b406eae50c5ec5339,2015-12,Surrey Police,Northumbria Police,-1.620650,54.970433,On or near Theatre/Concert Hall,E01033554,Newcastle upon Tyne 024I,Violence and sexual offences,Investigation complete; no suspect identified,
af130b8976e67fe217cafa4c5044fcbfc24083fd78921636b83dacf23602008e,2015-12,Surrey Police,Northumbria Police,-1.622412,54.970816,On or near Westgate Road,E01033554,Newcastle upon Tyne 024I,Violence and sexual offences,Under investigation,
77f0ccc738420634c40cd81f1444517631be99458cfbaacf3b2320a82628561d,2015-12,Surrey Police,Northumbria Police,-1.620650,54.970433,On or near Theatre/Concert Hall,E01033554,Newcastle upon Tyne 024I,Violence and sexual offences,Under investigation,
0344b65b6e35dadc8e1423a84f9335ab06efa36bfc5260763a8b70a4083c327c,2015-12,Surrey Police,Northumbria Police,-1.626998,54.974838,On or near Spring Garden Lane,E01033554,Newcastle upon Tyne 024I,Violence and sexual offences,Offender given a caution,
cd11e945c73297aa6f797952998887cc5a5eb808583c8772ef16d3df6cb71cbe,2015-12,Surrey Police,Northumbria Police,-1.619632,54.970753,On or near Cross Street,E01033554,Newcastle upon Tyne 024I,Violence and sexual offences,Investigation complete; no suspect identified,
e7160190b68eaaf289383c2b5b6241289f5f636fad966e72b293169906bf1bd3,2015-12,Surrey Police,Northumbria Police,-1.622412,54.970816,On or near Westgate Road,E01033554,Newcastle upon Tyne 024I,Violence and sexual offences,Under investigation,
a6cc59f894995a29fa64c78c00765cfe647532f715214a1604d3bdf1a9aa1f71,2015-12,Surrey Police,Northumbria Police,-1.621161,54.969293,On or near Waterloo Street,E01033554,Newcastle upon Tyne 024I,Violence and sexual offences,Under investigation,
0da9d7684604756b95fa561f4dce922182cf179e472a270b65b5a3f576c1052d,2015-12,Surrey Police,Northumbria Police,-1.622412,54.970816,On or near Westgate Road,E01033554,Newcastle upon Tyne 024I,Violence and sexual offences,Under investigation,
22f80f34c765cd63fc6ac12e1606d9ca6825dc31d132746a6510525d7b95bb93,2015-12,Surrey Police,Northumbria Police,-1.626072,54.975383,On or near Petrol Station,E01033554,Newcastle upon Tyne 024I,Violence and sexual offences,Awaiting court outcome,
0fab5b2eb7f107afcdbd17787c01f6a9bac49592b5121c02e182099fa7a66bc4,2015-12,Surrey Police,Northumbria Police,-1.620650,54.970433,On or near Theatre/Concert Hall,E01033554,Newcastle upon Tyne 024I,Violence and sexual offences,Under investigation,
dffdc556ffa0653e438407bdedb6dd27be3a6de7025cb3867e9a26aa8cc4120c,2015-12,Surrey Police,Northumbria Police,-1.619632,54.970753,On or near Cross Street,E01033554,Newcastle upon Tyne 024I,Violence and sexual offences,Investigation complete; no suspect identified,
3aaddb9119518cf3d787fe27e737612ca187cff0b72dffbc73beced8d0ef9b48,2015-12,Surrey Police,Northumbria Police,-1.626074,54.971708,On or near Cross Villa Place No 3,E01033554,Newcastle upon Tyne 024I,Violence and sexual offences,Investigation complete; no suspect identified,
bd1589bbf753063424321abdad6fc7dafd0f6e01feae47e64716a02bc47fd2ee,2015-12,Surrey Police,Northumbria Police,-1.621161,54.969293,On or near Waterloo Street,E01033554,Newcastle upon Tyne 024I,Violence and sexual offences,Investigation complete; no suspect identified,
335a5cb4c9df76672e2c906fca8bd27cd136bfecd64991e58ce3c20ef3b2dc3d,2015-12,Surrey Police,Northumbria Police,-1.620650,54.970433,On or near Theatre/Concert Hall,E01033554,Newcastle upon Tyne 024I,Violence and sexual offences,Investigation complete; no suspect identified,
cdead5228c0cc00dea4784db2bf8851b84c0e65041de6b4cf848f72dcfd73a5e,2015-12,Surrey Police,Northumbria Police,-1.625505,54.970780,On or near Swinburne Place,E01033554,Newcastle upon Tyne 024I,Violence and sexual offences,Investigation complete; no suspect identified,
9329cc1b113b2f2c9274844d2ea1d4abf1d72ef3fc641ff8447b1eccaa6e7100,2015-12,Surrey Police,Northumbria Police,-1.624282,54.971235,On or near Cross Villa Place No 2,E01033554,Newcastle upon Tyne 024I,Violence and sexual offences,Under investigation,
fdf97b6629b7d4c8e0619b7c93724f679df5d5bdf199b2cb36583dc44fcae14a,2015-12,Surrey Police,Northumbria Police,-1.619632,54.970753,On or near Cross Street,E01033554,Newcastle upon Tyne 024I,Violence and sexual offences,Investigation complete; no suspect identified,
6889d2cac4353231722e78004ec97346be1b8bee121a62eab77b36cd19090b54,2015-12,Surrey Police,Northumbria Police,-1.620650,54.970433,On or near Theatre/Concert Hall,E01033554,Newcastle upon Tyne 024I,Violence and sexual offences,Under investigation,
48c9dab928eeb0659449d1e2de74bc571672d5901ccea5bc107e3a75fbdc3d90,2015-12,Surrey Police,Northumbria Police,-1.626074,54.971708,On or near Cross Villa Place No 3,E01033554,Newcastle upon Tyne 024I,Other crime,Under investigation,
,2015-12,Surrey Police,Northumbria Police,-1.696980,54.979956,On or near Wood Grove,E01008415,Newcastle upon Tyne 025B,Anti-social behaviour,,
,2015-12,Surrey Police,Northumbria Police,-1.690366,54.978520,On or near Howdene Road,E01008415,Newcastle upon Tyne 025B,Anti-social behaviour,,
,2015-12,Surrey Police,Northumbria Police,-1.690366,54.978520,On or near Howdene Road,E01008415,Newcastle upon Tyne 025B,Anti-social behaviour,,
,2015-12,Surrey Police,Northumbria Police,-1.690825,54.977847,On or near Swinley Gardens,E01008415,Newcastle upon Tyne 025B,Anti-social behaviour,,
,2015-12,Surrey Police,Northumbria Police,-1.688931,54.980215,On or near Whickham View,E01008415,Newcastle upon Tyne 025B,Anti-social behaviour,,
,2015-12,Surrey Police,Northumbria Police,-1.690825,54.977847,On or near Swinley Gardens,E01008415,Newcastle upon Tyne 025B,Anti-social behaviour,,
,2015-12,Surrey Police,Northumbria Police,-1.688931,54.980215,On or near Whickham View,E01008415,Newcastle upon Tyne 025B,Anti-social behaviour,,
,2015-12,Surrey Police,Northumbria Police,-1.690366,54.978520,On or near Howdene Road,E01008415,Newcastle upon Tyne 025B,Anti-social behaviour,,
,2015-12,Surrey Police,Northumbria Police,-1.690825,54.977847,On or near Swinley Gardens,E01008415,Newcastle upon Tyne 025B,Anti-social behaviour,,
,2015-12,Surrey Police,Northumbria Police,-1.696980,54.979956,On or near Wood Grove,E01008415,Newcastle upon Tyne 025B,Anti-social behaviour,,
45e82ef4cf235ee8a39a672cb5852507ed06689e766205006152e3fa655ba1a0,2015-12,Surrey Police,Northumbria Police,-1.690825,54.977847,On or near Swinley Gardens,E01008415,Newcastle upon Tyne 025B,Burglary,Investigation complete; no suspect identified,
57cd5a8744068d3f856372201d1c9450e5a9b4d2e484e75f7cd4216d99d5487b,2015-12,Surrey Police,Northumbria Police,-1.691267,54.977237,On or near Dorset Road,E01008415,Newcastle upon Tyne 025B,Burglary,Investigation complete; no suspect identified,
22b4ea014702ff195e4b1a4accb6224912e5947b48fdf099068b8dfba3471302,2015-12,Surrey Police,Northumbria Police,-1.690825,54.977847,On or near Swinley Gardens,E01008415,Newcastle upon Tyne 025B,Criminal damage and arson,Investigation complete; no suspect identified,
864f3a484e671a691e1d2395a119d2a3d27b5113fb86a8b92de7c0fb39451419,2015-12,Surrey Police,Northumbria Police,-1.689883,54.978393,On or near Ravenburn Gardens,E01008415,Newcastle upon Tyne 025B,Criminal damage and arson,Investigation complete; no suspect identified,
14aaf7a77fd5e9f32e5983317410fb882919a089176c5158465912db185599c2,2015-12,Surrey Police,Northumbria Police,-1.690825,54.977847,On or near Swinley Gardens,E01008415,Newcastle upon Tyne 025B,Criminal damage and arson,Investigation complete; no suspect identified,
4fb2813df746ba3d7bd7099f0c8121b1a49955259b971c04829b5e74d98ba7ca,2015-12,Surrey Police,Northumbria Police,-1.688931,54.980215,On or near Whickham View,E01008415,Newcastle upon Tyne 025B,Drugs,Under investigation,
5cc782e7065bd743f89d848e133deedbf71bbd9a0e2b3456403e1edccafd75f8,2015-12,Surrey Police,Northumbria Police,-1.690366,54.978520,On or near Howdene Road,E01008415,Newcastle upon Tyne 025B,Other theft,Investigation complete; no suspect identified,
3700e8a284bd4c17985ea2cf3c454b2a55e2846b0322d33b68b5eb0936d6938e,2015-12,Surrey Police,Northumbria Police,-1.685863,54.977035,On or near Muscott Grove,E01008415,Newcastle upon Tyne 025B,Public order,Under investigation,
69d2224f52a1687d2903036b0b34f177fde25a3aa24276c65ef8e9730f26428c,2015-12,Surrey Police,Northumbria Police,-1.685863,54.977035,On or near Muscott Grove,E01008415,Newcastle upon Tyne 025B,Public order,Under investigation,
5e750fb9f5cf16e30d6ddf942ae3f73c2625971c2950342e9267cd384ff1ca97,2015-12,Surrey Police,Northumbria Police,-1.688931,54.980215,On or near Whickham View,E01008415,Newcastle upon Tyne 025B,Robbery,Investigation complete; no suspect identified,
1e7b25eb97a46e1635cf34fb62ed36c8810ff5f49caa228fd39ba02dba47a105,2015-12,Surrey Police,Northumbria Police,-1.687100,54.978673,On or near Thorntree Drive,E01008415,Newcastle upon Tyne 025B,Theft from the person,Investigation complete; no suspect identified,
eec1b18acae321623ad5309435723383428d9cc4682028c9ecaecb635e8dba1b,2015-12,Surrey Police,Northumbria Police,-1.687100,54.978673,On or near Thorntree Drive,E01008415,Newcastle upon Tyne 025B,Violence and sexual offences,Awaiting court outcome,
c4857bf628fee389cfa1779caa87b5a4367d50d4810ca71bff9a45951c64c170,2015-12,Surrey Police,Northumbria Police,-1.690825,54.977847,On or near Swinley Gardens,E01008415,Newcastle upon Tyne 025B,Violence and sexual offences,Under investigation,
25dcfd13e5770a92c01fa1e5555ee49a29c55aa9588974e86bf26a4baf8ac7bf,2015-12,Surrey Police,Northumbria Police,-1.688927,54.976692,On or near Yewcroft Avenue,E01008415,Newcastle upon Tyne 025B,Violence and sexual offences,Under investigation,
0759fe6e8c29722002fdea46b6705f08019c9cc068877f4feb999a590e1ea393,2015-12,Surrey Police,Northumbria Police,-1.684617,54.974551,On or near Sandmere Place,E01008415,Newcastle upon Tyne 025B,Violence and sexual offences,Investigation complete; no suspect identified,
42844bb7b6ea8b39ba3a815d433913523d74a8dedfed84c129fed43d932d958c,2015-12,Surrey Police,Northumbria Police,-1.688931,54.980215,On or near Whickham View,E01008415,Newcastle upon Tyne 025B,Violence and sexual offences,Investigation complete; no suspect identified,
ed7a82b3f26ff13a98935ce1f1ceb399831e34b590b5c2823c249a09b97b7bdc,2015-12,Surrey Police,Northumbria Police,-1.690366,54.978520,On or near Howdene Road,E01008415,Newcastle upon Tyne 025B,Violence and sexual offences,Awaiting court outcome,
6208c9c8a55b29925b41b97de47a2c5fcf4f49f0579ba987514846c22325128f,2015-12,Surrey Police,Northumbria Police,-1.688931,54.980215,On or near Whickham View,E01008415,Newcastle upon Tyne 025B,Violence and sexual offences,Investigation complete; no suspect identified,
,2015-12,Surrey Police,Northumbria Police,-1.684831,54.981076,On or near Baroness Drive,E01008416,Newcastle upon Tyne 025C,Anti-social behaviour,,
,2015-12,Surrey Police,Northumbria Police,-1.688286,54.982882,On or near Pauline Gardens,E01008416,Newcastle upon Tyne 025C,Anti-social behaviour,,
,2015-12,Surrey Police,Northumbria Police,-1.685663,54.982579,On or near Petrol Station,E01008416,Newcastle upon Tyne 025C,Anti-social behaviour,,
e07daad8181c047a41771c7738f2f58a325fc8c0658b628b7c9eb5746a97bfed,2015-12,Surrey Police,Northumbria Police,-1.688109,54.983511,On or near West Road,E01008416,Newcastle upon Tyne 025C,Other theft,Investigation complete; no suspect identified,
291290dfd79ebc2d31b4abcabe888894f62880ec0ebb64ceb9ce5fd73f24b4cc,2015-12,Surrey Police,Northumbria Police,-1.688516,54.983404,On or near Supermarket,E01008416,Newcastle upon Tyne 025C,Shoplifting,Investigation complete; no suspect identified,
,2015-12,Surrey Police,Northumbria Police,-1.681252,54.971370,On or near Ranmere Road,E01033547,Newcastle upon Tyne 025E,Anti-social behaviour,,
,2015-12,Surrey Police,Northumbria Police,-1.688583,54.970769,On or near Shafto Street,E01033547,Newcastle upon Tyne 025E,Anti-social behaviour,,
,2015-12,Surrey Police,Northumbria Police,-1.691184,54.973741,On or near Thorndale Road,E01033547,Newcastle upon Tyne 025E,Anti-social behaviour,,
,2015-12,Surrey Police,Northumbria Police,-1.673959,54.971117,On or near Delaval Road,E01033547,Newcastle upon Tyne 025E,Anti-social behaviour,,
,2015-12,Surrey Police,Northumbria Police,-1.690219,54.971259,On or near Ouston Street,E01033547,Newcastle upon Tyne 025E,Anti-social behaviour,,
c0754534931f54e7d5fb3e1f5756aaa8209cae0115179f6cea536a5ead093822,2015-12,Surrey Police,Northumbria Police,-1.690219,54.971259,On or near Ouston Street,E01033547,Newcastle upon Tyne 025E,Burglary,Investigation complete; no suspect identified,
acfe73ad9a74d6aca7aa6a60686738a6b112bf6f900e0a32015ce89e8c0ac585,2015-12,Surrey Police,Northumbria Police,-1.688583,54.970769,On or near Shafto Street,E01033547,Newcastle upon Tyne 025E,Criminal damage and arson,Offender given absolute discharge,
17f71165f32d40f92730de481d6719aecc63a693fb2e4374d5067c30e9250eb2,2015-12,Surrey Police,Northumbria Police,-1.690219,54.971259,On or near Ouston Street,E01033547,Newcastle upon Tyne 025E,Criminal damage and arson,Under investigation,
29480b3d96fb7dbb4f63a4fe9f337a8c86fd79177565c78af192f0862cf627ff,2015-12,Surrey Police,Northumbria Police,-1.691345,54.973185,On or near Bankside Road,E01033547,Newcastle upon Tyne 025E,Criminal damage and arson,Investigation complete; no suspect identified,
3c554e49074fa85f343230eae3664067dc1e4a19ad658b8ba2595d081ad7b5da,2015-12,Surrey Police,Northumbria Police,-1.682542,54.972200,On or near Darley Place,E01033547,Newcastle upon Tyne 025E,Criminal damage and arson,Awaiting court outcome,
c313c7783118f3bd61bbd6b7d77ef7beeb3ede6c2874771099466827bf970102,2015-12,Surrey Police,Northumbria Police,-1.691345,54.973185,On or near Bankside Road,E01033547,Newcastle upon Tyne 025E,Criminal damage and arson,Investigation complete; no suspect identified,
e5f29331047026887b7665ba5bf13ea06ee0dc9da3275abd0a7223f340503556,2015-12,Surrey Police,Northumbria Police,-1.689167,54.969971,On or near Whitfield Road,E01033547,Newcastle upon Tyne 025E,Drugs,Offender given absolute discharge,
4a4567cb5ecd9f4fd4dfb8d3e52dedb2279df31fedafa3e56ec2595a60c416df,2015-12,Surrey Police,Northumbria Police,-1.681539,54.974570,On or near Balfour Road,E01033547,Newcastle upon Tyne 025E,Other theft,Investigation complete; no suspect identified,
d981d847339d107c5ebf7283307df693b694e8821131ca4113434869db86f719,2015-12,Surrey Police,Northumbria Police,-1.681252,54.971370,On or near Ranmere Road,E01033547,Newcastle upon Tyne 025E,Other theft,Investigation complete; no suspect identified,
6be7882e7f8c21e753da5d791e2256bfd43c6394f70727db8e6caf2bba46a56b,2015-12,Surrey Police,Northumbria Police,-1.681539,54.974570,On or near Balfour Road,E01033547,Newcastle upon Tyne 025E,Other theft,Investigation complete; no suspect identified,
7217896738d732a7d28282c9e11d2092bfd1ef45bc4e33d76e6653e34dbcec93,2015-12,Surrey Police,Northumbria Police,-1.691184,54.973741,On or near Thorndale Road,E01033547,Newcastle upon Tyne 025E,Public order,Investigation complete; no suspect identified,
657a9f09528aff822d87f22d9316b688e01863670969a69c6ca89800917db5bd,2015-12,Surrey Police,Northumbria Police,-1.683096,54.973271,On or near Muswell Hill,E01033547,Newcastle upon Tyne 025E,Vehicle crime,Investigation complete; no suspect identified,
ab43f2884723aa2c9cada60ac2ba4acb14ae9ddac15d4cb0f21d710a7070099f,2015-12,Surrey Police,Northumbria Police,-1.690219,54.971259,On or near Ouston Street,E01033547,Newcastle upon Tyne 025E,Violence and sexual offences,Under investigation,
50bf29936f658969605b6a8fa5e4cddb860d89b4ca597f52078c98a0c90f95a6,2015-12,Surrey Police,Northumbria Police,-1.683096,54.973271,On or near Muswell Hill,E01033547,Newcastle upon Tyne 025E,Violence and sexual offences,Under investigation,
c125aa857a29843e7404c0b8cae80a9735173d8fc0dd54221124b48e93ff9113,2015-12,Surrey Police,Northumbria Police,-1.689393,54.971050,On or near Parmontley Street,E01033547,Newcastle upon Tyne 025E,Violence and sexual offences,Under investigation,
8f8e5fdcc84c353b65c6174abc1aeac180f0c5a0439e169b1d219d0ace6dd376,2015-12,Surrey Police,Northumbria Police,-1.678927,54.969010,On or near Whitehouse Road,E01033547,Newcastle upon Tyne 025E,Other crime,Under investigation,
,2015-12,Surrey Police,Northumbria Police,-1.566989,54.969274,On or near Relton Avenue,E01008301,Newcastle upon Tyne 026A,Anti-social behaviour,,
,2015-12,Surrey Police,Northumbria Police,-1.566448,54.967313,On or near Chatsworth Gardens,E01008301,Newcastle upon Tyne 026A,Anti-social behaviour,,
,2015-12,Surrey Police,Northumbria Police,-1.566989,54.969274,On or near Relton Avenue,E01008301,Newcastle upon Tyne 026A,Anti-social behaviour,,
,2015-12,Surrey Police,Northumbria Police,-1.566916,54.970271,On or near Norbury Grove,E01008301,Newcastle upon Tyne 026A,Anti-social behaviour,,
,2015-12,Surrey Police,Northumbria Police,-1.566610,54.968221,On or near Irthing Avenue,E01008301,Newcastle upon Tyne 026A,Anti-social behaviour,,
,2015-12,Surrey Police,Northumbria Police,-1.566448,54.967313,On or near Chatsworth Gardens,E01008301,Newcastle upon Tyne 026A,Anti-social behaviour,,
,2015-12,Surrey Police,Northumbria Police,-1.569795,54.968421,On or near Sports/Recreation Area,E01008301,Newcastle upon Tyne 026A,Anti-social behaviour,,
,2015-12,Surrey Police,Northumbria Police,-1.578052,54.968918,On or near Walker Road,E01008301,Newcastle upon Tyne 026A,Anti-social behaviour,,
,2015-12,Surrey Police,Northumbria Police,-1.566989,54.969274,On or near Relton Avenue,E01008301,Newcastle upon Tyne 026A,Anti-social behaviour,,
0adb25f9433e55d9088b2f65877bb2e42d2ebcf2fe2ebdbf48e4e44b657549f0,2015-12,Surrey Police,Northumbria Police,-1.565404,54.967058,On or near Staines Road,E01008301,Newcastle upon Tyne 026A,Criminal damage and arson,Awaiting court outcome,
1959430397b6de30cfe3ccf7f5283d29c28c9b640a7172bdf6c3786a058e16d4,2015-12,Surrey Police,Northumbria Police,-1.572595,54.969510,On or near Janet Street,E01008301,Newcastle upon Tyne 026A,Criminal damage and arson,Investigation complete; no suspect identified,
cbbedff8d4e335de2ad09fd13c58f9f8489108a929b6bb81c5347cee78606bcb,2015-12,Surrey Police,Northumbria Police,-1.566916,54.970271,On or near Norbury Grove,E01008301,Newcastle upon Tyne 026A,Criminal damage and arson,Investigation complete; no suspect identified,
bbfadf88b631d54fc3cfa3e0d1fcd045022ed443327c0e8834769f70788b286f,2015-12,Surrey Police,Northumbria Police,-1.566610,54.968221,On or near Irthing Avenue,E01008301,Newcastle upon Tyne 026A,Criminal damage and arson,Investigation complete; no suspect identified,
51b0588d96aef7e24a7707c0242b7828f8118d706e8a12c64f9961dda2224903,2015-12,Surrey Police,Northumbria Police,-1.566822,54.968869,On or near Birds Nest Road,E01008301,Newcastle upon Tyne 026A,Criminal damage and arson,Investigation complete; no suspect identified,
60b034ba314a52b036432ba595b85dc4ffbc84296096ae113b2ed3ab87bc6a42,2015-12,Surrey Police,Northumbria Police,-1.578993,54.967133,On or near St Lawrence Road,E01008301,Newcastle upon Tyne 026A,Drugs,Offender fined,
5f6ee525659aa82b75df703c09f2906ab142a2b17b23a655a659db99184e0b69,2015-12,Surrey Police,Northumbria Police,-1.573368,54.968713,On or near Till Street,E01008301,Newcastle upon Tyne 026A,Drugs,Awaiting court outcome,
e2cb19376ba0233e421684804657ab993ffe80dc6ad4338466667b6d677c3361,2015-12,Surrey Police,Northumbria Police,-1.565386,54.967354,On or near Staines Road,E01008301,Newcastle upon Tyne 026A,Violence and sexual offences,Investigation complete; no suspect identified,
4adca37e6b1ee7c9f6393f28c928f00b428c5fd155b1d74ea7f8d9de6d18edd5,2015-12,Surrey Police,Northumbria Police,-1.566448,54.967313,On or near Chatsworth Gardens,E01008301,Newcastle upon Tyne 026A,Violence and sexual offences,Investigation complete; no suspect identified,
,2015-12,Surrey Police,Northumbria Police,-1.572293,54.974415,On or near Chirton Wynd,E01008302,Newcastle upon Tyne 026B,Anti-social behaviour,,
,2015-12,Surrey Police,Northumbria Police,-1.568239,54.973628,On or near Welbeck Road,E01008302,Newcastle upon Tyne 026B,Anti-social behaviour,,
,2015-12,Surrey Police,Northumbria Police,-1.569740,54.975008,On or near Harriet Street,E01008302,Newcastle upon Tyne 026B,Anti-social behaviour,,
,2015-12,Surrey Police,Northumbria Police,-1.574560,54.972743,On or near Clydesdale Road,E01008302,Newcastle upon Tyne 026B,Anti-social behaviour,,
,2015-12,Surrey Police,Northumbria Police,-1.572293,54.974415,On or near Chirton Wynd,E01008302,Newcastle upon Tyne 026B,Anti-social behaviour,,
,2015-12,Surrey Police,Northumbria Police,-1.572293,54.974415,On or near Chirton Wynd,E01008302,Newcastle upon Tyne 026B,Anti-social behaviour,,
,2015-12,Surrey Police,Northumbria Police,-1.570620,54.974481,On or near Bothal Street,E01008302,Newcastle upon Tyne 026B,Anti-social behaviour,,
,2015-12,Surrey Police,Northumbria Police,-1.566779,54.971394,On or near Dunstanburgh Close,E01008302,Newcastle upon Tyne 026B,Anti-social behaviour,,
,2015-12,Surrey Police,Northumbria Police,-1.568747,54.974358,On or near Dunmorlie Street,E01008302,Newcastle upon Tyne 026B,Anti-social behaviour,,
,2015-12,Surrey Police,Northumbria Police,-1.568239,54.973628,On or near Welbeck Road,E01008302,Newcastle upon Tyne 026B,Anti-social behaviour,,
,2015-12,Surrey Police,Northumbria Police,-1.572293,54.974415,On or near Chirton Wynd,E01008302,Newcastle upon Tyne 026B,Anti-social behaviour,,
,2015-12,Surrey Police,Northumbria Police,-1.570620,54.974481,On or near Bothal Street,E01008302,Newcastle upon Tyne 026B,Anti-social behaviour,,
,2015-12,Surrey Police,Northumbria Police,-1.570620,54.974481,On or near Bothal Street,E01008302,Newcastle upon Tyne 026B,Anti-social behaviour,,
,2015-12,Surrey Police,Northumbria Police,-1.570620,54.974481,On or near Bothal Street,E01008302,Newcastle upon Tyne 026B,Anti-social behaviour,,
,2015-12,Surrey Police,Northumbria Police,-1.571537,54.976380,On or near Grace Street,E01008302,Newcastle upon Tyne 026B,Anti-social behaviour,,
,2015-12,Surrey Police,Northumbria Police,-1.568747,54.974358,On or near Dunmorlie Street,E01008302,Newcastle upon Tyne 026B,Anti-social behaviour,,
,2015-12,Surrey Police,Northumbria Police,-1.569740,54.975008,On or near Harriet Street,E01008302,Newcastle upon Tyne 026B,Anti-social behaviour,,
5b7ed01b01f41d710213853f1d90c722df0b40ea48a1798bf025ee6851faf5d7,2015-12,Surrey Police,Northumbria Police,-1.568815,54.975319,On or near Scarborough Court,E01008302,Newcastle upon Tyne 026B,Burglary,Investigation complete; no suspect identified,
0befa349023457495b6528d8defa1304a2b58e0f188fdf6cf03e67b3d15ad645,2015-12,Surrey Police,Northumbria Police,-1.570620,54.974481,On or near Bothal Street,E01008302,Newcastle upon Tyne 026B,Burglary,Under investigation,
ce4308589c59c48badd61506241e15d4bd4be24112a5fc939ff2247de6bf52da,2015-12,Surrey Police,Northumbria Police,-1.571537,54.976380,On or near Grace Street,E01008302,Newcastle upon Tyne 026B,Criminal damage and arson,Investigation complete; no suspect identified,
4c94692429a61bbf8c755f71cf98040ac70475c855fb27b7c20f05e9ecc21702,2015-12,Surrey Police,Northumbria Police,-1.569740,54.975008,On or near Harriet Street,E01008302,Newcastle upon Tyne 026B,Criminal damage and arson,Investigation complete; no suspect identified,
fe3e5a6c76f71b908a58caa8b335fd5a9f6bdb8f3fdcb0feb667e431c329265c,2015-12,Surrey Police,Northumbria Police,-1.571537,54.976380,On or near Grace Street,E01008302,Newcastle upon Tyne 026B,Criminal damage and arson,Investigation complete; no suspect identified,
dc2c5d15d8f71fbb5d7fac5e31035879e6dbaf5a6203b9e9915e66f32d0b4491,2015-12,Surrey Police,Northumbria Police,-1.574571,54.971718,On or near Commercial Road,E01008302,Newcastle upon Tyne 026B,Criminal damage and arson,Investigation complete; no suspect identified,
d692634fd65b973dd752c46fb5bc9b2474de87f1638e6ea20ccfd5af4c9c6890,2015-12,Surrey Police,Northumbria Police,-1.568815,54.975319,On or near Scarborough Court,E01008302,Newcastle upon Tyne 026B,Criminal damage and arson,Awaiting court outcome,
27c4641357878a785859375b29b665c6abc35428513c8d4d76de736f4a9c752f,2015-12,Surrey Police,Northumbria Police,-1.566303,54.972048,On or near Bywell Street,E01008302,Newcastle upon Tyne 026B,Criminal damage and arson,Investigation complete; no suspect identified,
ea2089f48bcf8c0d4c505af23b1208fcad17adde505fa1bc23ef0e7794efa62e,2015-12,Surrey Police,Northumbria Police,-1.570620,54.974481,On or near Bothal Street,E01008302,Newcastle upon Tyne 026B,Criminal damage and arson,Investigation complete; no suspect identified,
fef7b79db67798e645fa2b6b5ab4a089e8e15dbe71c29d7ce11f9186236566d4,2015-12,Surrey Police,Northumbria Police,-1.568239,54.973628,On or near Welbeck Road,E01008302,Newcastle upon Tyne 026B,Drugs,Under investigation,
4923a74ff95d0dea64dec224f6e32943e2dd9530b67dc81efd2fe9e454ccb4be,2015-12,Surrey Police,Northumbria Police,-1.566597,54.970872,On or near Clapham Avenue,E01008302,Newcastle upon Tyne 026B,Other theft,Awaiting court outcome,
f140e33a5ddb8d2b881404ba325d87671aad46c50c312fcd65802412a4a1973b,2015-12,Surrey Police,Northumbria Police,-1.569607,54.974280,On or near Gillies Street,E01008302,Newcastle upon Tyne 026B,Other theft,Under investigation,
779c8f5e515d93119de526eb8db3e318369f57a36390c886de3b81bf351be9f3,2015-12,Surrey Police,Northumbria Police,-1.574560,54.972743,On or near Clydesdale Road,E01008302,Newcastle upon Tyne 026B,Public order,Investigation complete; no suspect identified,
9aa99f7f308ed217d36aff905862dbbf373fe721b5112075df234eb47463c285,2015-12,Surrey Police,Northumbria Police,-1.565702,54.972765,On or near Flodden Street,E01008302,Newcastle upon Tyne 026B,Public order,Awaiting court outcome,
62a840b2ae4be681c0a0e6152c25af8a2fe3ca671fae6b66f206d6a3bf1f3781,2015-12,Surrey Police,Northumbria Police,-1.571537,54.976380,On or near Grace Street,E01008302,Newcastle upon Tyne 026B,Vehicle crime,Investigation complete; no suspect identified,
b80fcdd68723261cd3751b0d32991df8c171eecbcd629f0ddedddb3e77853dc6,2015-12,Surrey Police,Northumbria Police,-1.568815,54.975319,On or near Scarborough Court,E01008302,Newcastle upon Tyne 026B,Violence and sexual offences,Under investigation,
0049aed6ca35195bcb7dc4b8bc134cc452f2c234f383029ac103b4ed0be71241,2015-12,Surrey Police,Northumbria Police,-1.568743,54.970377,On or near Allendale Road,E01008302,Newcastle upon Tyne 026B,Violence and sexual offences,Awaiting court outcome,
827de51d5e175efb78389ee367aa8ea3183431e8f7f7eeb59a47502b28b2c697,2015-12,Surrey Police,Northumbria Police,-1.570620,54.974481,On or near Bothal Street,E01008302,Newcastle upon Tyne 026B,Violence and sexual offences,Under investigation,
780979586186e8a6ebc19fbf60896b486b05c5a100dd60c16ece18eb6f222f68,2015-12,Surrey Police,Northumbria Police,-1.566779,54.971394,On or near Dunstanburgh Close,E01008302,Newcastle upon Tyne 026B,Violence and sexual offences,Investigation complete; no suspect identified,
4367ef227f052bd87440584293775941c82d808767e27f7b6ac0e3016144ad03,2015-12,Surrey Police,Northumbria Police,-1.566779,54.971394,On or near Dunstanburgh Close,E01008302,Newcastle upon Tyne 026B,Violence and sexual offences,Awaiting court outcome,
,2015-12,Surrey Police,Northumbria Police,-1.583289,54.974543,On or near Dalton Street,E01008304,Newcastle upon Tyne 026C,Anti-social behaviour,,
,2015-12,Surrey Police,Northumbria Police,-1.587741,54.976176,On or near Shields Road West,E01008304,Newcastle upon Tyne 026C,Anti-social behaviour,,
,2015-12,Surrey Police,Northumbria Police,-1.580911,54.974957,On or near Brinkburn Close,E01008304,Newcastle upon Tyne 026C,Anti-social behaviour,,
,2015-12,Surrey Police,Northumbria Police,-1.583289,54.974543,On or near Dalton Street,E01008304,Newcastle upon Tyne 026C,Anti-social behaviour,,
,2015-12,Surrey Police,Northumbria Police,-1.586985,54.976757,On or near Petrol Station,E01008304,Newcastle upon Tyne 026C,Anti-social behaviour,,
,2015-12,Surrey Police,Northumbria Police,-1.587741,54.976176,On or near Shields Road West,E01008304,Newcastle upon Tyne 026C,Anti-social behaviour,,
,2015-12,Surrey Police,Northumbria Police,-1.587741,54.976176,On or near Shields Road West,E01008304,Newcastle upon Tyne 026C,Anti-social behaviour,,
,2015-12,Surrey Police,Northumbria Police,-1.587741,54.976176,On or near Shields Road West,E01008304,Newcastle upon Tyne 026C,Anti-social behaviour,,
,2015-12,Surrey Police,Northumbria Police,-1.587741,54.976176,On or near Shields Road West,E01008304,Newcastle upon Tyne 026C,Anti-social behaviour,,
,2015-12,Surrey Police,Northumbria Police,-1.587741,54.976176,On or near Shields Road West,E01008304,Newcastle upon Tyne 026C,Anti-social behaviour,,
,2015-12,Surrey Police,Northumbria Police,-1.584710,54.977693,On or near Heaton Park Road,E01008304,Newcastle upon Tyne 026C,Anti-social behaviour,,
,2015-12,Surrey Police,Northumbria Police,-1.585991,54.976188,On or near Parking Area,E01008304,Newcastle upon Tyne 026C,Anti-social behaviour,,
,2015-12,Surrey Police,Northumbria Police,-1.586930,54.976047,On or near Petrol Station,E01008304,Newcastle upon Tyne 026C,Anti-social behaviour,,
,2015-12,Surrey Police,Northumbria Police,-1.585991,54.976188,On or near Parking Area,E01008304,Newcastle upon Tyne 026C,Anti-social behaviour,,
,2015-12,Surrey Police,Northumbria Police,-1.582540,54.979007,On or near Langhorn Close,E01008304,Newcastle upon Tyne 026C,Anti-social behaviour,,
,2015-12,Surrey Police,Northumbria Police,-1.580911,54.974957,On or near Brinkburn Close,E01008304,Newcastle upon Tyne 026C,Anti-social behaviour,,
,2015-12,Surrey Police,Northumbria Police,-1.587253,54.976516,On or near Robson Street,E01008304,Newcastle upon Tyne 026C,Anti-social behaviour,,
,2015-12,Surrey Police,Northumbria Police,-1.587741,54.976176,On or near Shields Road West,E01008304,Newcastle upon Tyne 026C,Anti-social behaviour,,
,2015-12,Surrey Police,Northumbria Police,-1.585991,54.976188,On or near Parking Area,E01008304,Newcastle upon Tyne 026C,Anti-social behaviour,,
,2015-12,Surrey Police,Northumbria Police,-1.584904,54.977092,On or near Roger Street,E01008304,Newcastle upon Tyne 026C,Anti-social behaviour,,
,2015-12,Surrey Police,Northumbria Police,-1.587741,54.976176,On or near Shields Road West,E01008304,Newcastle upon Tyne 026C,Anti-social behaviour,,
,2015-12,Surrey Police,Northumbria Police,-1.584710,54.977693,On or near Heaton Park Road,E01008304,Newcastle upon Tyne 026C,Anti-social behaviour,,
,2015-12,Surrey Police,Northumbria Police,-1.580911,54.974957,On or near Brinkburn Close,E01008304,Newcastle upon Tyne 026C,Anti-social behaviour,,
,2015-12,Surrey Police,Northumbria Police,-1.587253,54.976516,On or near Robson Street,E01008304,Newcastle upon Tyne 026C,Anti-social behaviour,,
,2015-12,Surrey Police,Northumbria Police,-1.587253,54.976516,On or near Robson Street,E01008304,Newcastle upon Tyne 026C,Anti-social behaviour,,
,2015-12,Surrey Police,Northumbria Police,-1.580911,54.974957,On or near Brinkburn Close,E01008304,Newcastle upon Tyne 026C,Anti-social behaviour,,
,2015-12,Surrey Police,Northumbria Police,-1.584919,54.971017,On or near St Lawrence Square,E01008304,Newcastle upon Tyne 026C,Anti-social behaviour,,
,2015-12,Surrey Police,Northumbria Police,-1.580911,54.974957,On or near Brinkburn Close,E01008304,Newcastle upon Tyne 026C,Anti-social behaviour,,
,2015-12,Surrey Police,Northumbria Police,-1.583289,54.974543,On or near Dalton Street,E01008304,Newcastle upon Tyne 026C,Anti-social behaviour,,
,2015-12,Surrey Police,Northumbria Police,-1.584710,54.977693,On or near Heaton Park Road,E01008304,Newcastle upon Tyne 026C,Anti-social behaviour,,
,2015-12,Surrey Police,Northumbria Police,-1.587741,54.976176,On or near Shields Road West,E01008304,Newcastle upon Tyne 026C,Anti-social behaviour,,
,2015-12,Surrey Police,Northumbria Police,-1.584710,54.977693,On or near Heaton Park Road,E01008304,Newcastle upon Tyne 026C,Anti-social behaviour,,
,2015-12,Surrey Police,Northumbria Police,-1.580911,54.974957,On or near Brinkburn Close,E01008304,Newcastle upon Tyne 026C,Anti-social behaviour,,
42b03be8867be65051a543aa524de6e6170d241505a274072a3c62715823c2b0,2015-12,Surrey Police,Northumbria Police,-1.580911,54.974957,On or near Brinkburn Close,E01008304,Newcastle upon Tyne 026C,Burglary,Investigation complete; no suspect identified,
8b7775bc6647813cc7bbd29f748b340886d91ab9f470e5bc5c57529a70ae175d,2015-12,Surrey Police,Northumbria Police,-1.580489,54.973473,On or near Brinkburn Street,E01008304,Newcastle upon Tyne 026C,Burglary,Investigation complete; no suspect identified,
cf46a37bae036f04753979423ddd7cc763f86668afcd07c7d471273c6d1f8593,2015-12,Surrey Police,Northumbria Police,-1.587741,54.976176,On or near Shields Road West,E01008304,Newcastle upon Tyne 026C,Criminal damage and arson,Awaiting court outcome,
6ff2f9e0cc4e0233a0d3d9a713a67fd9850a4eff5f3e6910d850b362090e508e,2015-12,Surrey Police,Northumbria Police,-1.589901,54.974233,On or near Shopping Area,E01008304,Newcastle upon Tyne 026C,Criminal damage and arson,Investigation complete; no suspect identified,
a9a0cb99b13e52d7b517fb51e65d8662d4cff5f29b946afebf0a112f408bc422,2015-12,Surrey Police,Northumbria Police,-1.580808,54.975775,On or near A193,E01008304,Newcastle upon Tyne 026C,Criminal damage and arson,Under investigation,
0b27715d0b69c2a571509b8741c5d0cd739d366c40f1dd86e08149d080f4bed7,2015-12,Surrey Police,Northumbria Police,-1.583399,54.976035,On or near Police Station,E01008304,Newcastle upon Tyne 026C,Criminal damage and arson,Awaiting court outcome,
72a0275956e50dc39d4ff00c43697352b1b7cc63b927d896b06ca6fc89fb918a,2015-12,Surrey Police,Northumbria Police,-1.583399,54.976035,On or near Police Station,E01008304,Newcastle upon Tyne 026C,Criminal damage and arson,Under investigation,
895dccd3234a4709e419b62292dc0b32b5b4dfc818fa4b764ddf1bd62e3d05b9,2015-12,Surrey Police,Northumbria Police,-1.586451,54.973970,On or near Albion Row,E01008304,Newcastle upon Tyne 026C,Other theft,Investigation complete; no suspect identified,
49e39e152d4f285163b7efc89fbba05c095bbbd105b856303beae1d690da3b1d,2015-12,Surrey Police,Northumbria Police,-1.582394,54.973498,On or near Gordon Square,E01008304,Newcastle upon Tyne 026C,Other theft,Investigation complete; no suspect identified,
527682653ec87b0e96a9e122ecd1d1d254cdd5ac4429011ac153fd6ac9848996,2015-12,Surrey Police,Northumbria Police,-1.586985,54.976757,On or near Petrol Station,E01008304,Newcastle upon Tyne 026C,Other theft,Investigation complete; no suspect identified,
12ba115e806791b107958ecb9542d0fbb6eb7b7e8610cda09f6a93d45c189aa1,2015-12,Surrey Police,Northumbria Police,-1.585991,54.976188,On or near Parking Area,E01008304,Newcastle upon Tyne 026C,Public order,Investigation complete; no suspect identified,
829cf4e819574a9ad6c8faeaebee6f5207c50bf7b62c110ccd5fd2bc01e07f46,2015-12,Surrey Police,Northumbria Police,-1.587741,54.976176,On or near Shields Road West,E01008304,Newcastle upon Tyne 026C,Public order,Awaiting court outcome,
4246de310a62966c331eeaf8c09e51564ba6fe1022e0ae58dedc8531c80f18e2,2015-12,Surrey Police,Northumbria Police,-1.585991,54.976188,On or near Parking Area,E01008304,Newcastle upon Tyne 026C,Public order,Under investigation,
964a011cc581e6b1447288ae6b5198486f4b7801a37aad0719a3fef9f8a6107e,2015-12,Surrey Police,Northumbria Police,-1.587741,54.976176,On or near Shields Road West,E01008304,Newcastle upon Tyne 026C,Public order,Court case unable to proceed,
d64993e88b3272f651173a055d0542c8548dacf4418c9b1f179323732c22f011,2015-12,Surrey Police,Northumbria Police,-1.586985,54.976757,On or near Petrol Station,E01008304,Newcastle upon Tyne 026C,Shoplifting,Under investigation,
79609c79d3e9088f1b333a7aa0d143d7708269cb048832715634d1a04e530d9b,2015-12,Surrey Police,Northumbria Police,-1.586985,54.976757,On or near Petrol Station,E01008304,Newcastle upon Tyne 026C,Shoplifting,Offender given conditional discharge,
25b4bf5c7872eb7c8202acd0b2d5bea0f1d3e261f97f8e6f9cd2e5ff3e2b001c,2015-12,Surrey Police,Northumbria Police,-1.585991,54.976188,On or near Parking Area,E01008304,Newcastle upon Tyne 026C,Shoplifting,Investigation complete; no suspect identified,
a30d5c26d0447d8b50fccd252e648073d8458e7238c75a86cd4e4cca6794a303,2015-12,Surrey Police,Northumbria Police,-1.584226,54.976182,On or near Clifford Street,E01008304,Newcastle upon Tyne 026C,Shoplifting,Offender given suspended prison sentence,
1701cfae996ebedc0cc2297052f51d8156986059333d7b3e8ffe04f1bc9a9105,2015-12,Surrey Police,Northumbria Police,-1.584226,54.976182,On or near Clifford Street,E01008304,Newcastle upon Tyne 026C,Shoplifting,Offender given conditional discharge,
f5b6dbaf3e581772384941ec24dbbe2f4dfbc0e014644a64f048145af9aa2e4a,2015-12,Surrey Police,Northumbria Police,-1.586930,54.976047,On or near Petrol Station,E01008304,Newcastle upon Tyne 026C,Shoplifting,Investigation complete; no suspect identified,
3f0ff3f9e8677a750329a12a059418f350916347ae9ee3427ae96c3c5a869a3d,2015-12,Surrey Police,Northumbria Police,-1.586985,54.976757,On or near Petrol Station,E01008304,Newcastle upon Tyne 026C,Shoplifting,Offender given conditional discharge,
ddc9d569efc9f08ab922b26603c2687f52bada16836b91106bbfef205043a3f6,2015-12,Surrey Police,Northumbria Police,-1.586985,54.976757,On or near Petrol Station,E01008304,Newcastle upon Tyne 026C,Shoplifting,Local resolution,
511916ccf773ab2b3069531c7831ba40ee726015260a5850296c27b0ea793c3a,2015-12,Surrey Police,Northumbria Police,-1.586985,54.976757,On or near Petrol Station,E01008304,Newcastle upon Tyne 026C,Shoplifting,Offender given a caution,
5aa40445f3fb6535b324602b38f4c0cd8d9f49823a36673ed48ba8e96102069e,2015-12,Surrey Police,Northumbria Police,-1.584226,54.976182,On or near Clifford Street,E01008304,Newcastle upon Tyne 026C,Shoplifting,Offender given a caution,
6d1a79ba5e82101e7229a1010ddcbf805a5130bc91c7f3424caafeac09bb3511,2015-12,Surrey Police,Northumbria Police,-1.586985,54.976757,On or near Petrol Station,E01008304,Newcastle upon Tyne 026C,Shoplifting,Under investigation,
9284000b4b7ec104d0a29a120cb0c9f06d2827426aa5d81ec06bce66248f9730,2015-12,Surrey Police,Northumbria Police,-1.585991,54.976188,On or near Parking Area,E01008304,Newcastle upon Tyne 026C,Theft from the person,Investigation complete; no suspect identified,
9507d1c9b9c1240e66162a41730e14fd156d04a57cdd6cecdff9694ca32069cb,2015-12,Surrey Police,Northumbria Police,-1.587741,54.976176,On or near Shields Road West,E01008304,Newcastle upon Tyne 026C,Violence and sexual offences,Offender sent to prison,
6b9c6b2c3700c58d52ca91d031251c0fee7f8c99129a7e61b82795d5ff3a774c,2015-12,Surrey Police,Northumbria Police,-1.586930,54.976047,On or near Petrol Station,E01008304,Newcastle upon Tyne 026C,Violence and sexual offences,Investigation complete; no suspect identified,
90472fb55c2487dafb4d5b7c2e88088f2533302d87aaa4123ddeccee9a7b8ba6,2015-12,Surrey Police,Northumbria Police,-1.585991,54.976188,On or near Parking Area,E01008304,Newcastle upon Tyne 026C,Violence and sexual offences,Under investigation,
b5c531a9abc90d9b6b4ccafa50da46624918ba03fb3908dc743005f3b8c74d55,2015-12,Surrey Police,Northumbria Police,-1.580489,54.973473,On or near Brinkburn Street,E01008304,Newcastle upon Tyne 026C,Violence and sexual offences,Investigation complete; no suspect identified,
53775850e134633f89f09ce21b7cdede55d969ec83f1985fb3e85518039ac1e5,2015-12,Surrey Police,Northumbria Police,-1.585991,54.976188,On or near Parking Area,E01008304,Newcastle upon Tyne 026C,Violence and sexual offences,Investigation complete; no suspect identified,
,2015-12,Surrey Police,Northumbria Police,-1.584950,54.969525,On or near Quayside,E01008305,Newcastle upon Tyne 026D,Anti-social behaviour,,
,2015-12,Surrey Police,Northumbria Police,-1.576639,54.971123,On or near Parking Area,E01008305,Newcastle upon Tyne 026D,Anti-social behaviour,,
,2015-12,Surrey Police,Northumbria Police,-1.573651,54.970070,On or near Kirk Street,E01008305,Newcastle upon Tyne 026D,Anti-social behaviour,,
,2015-12,Surrey Police,Northumbria Police,-1.577875,54.973958,On or near Raby Way,E01008305,Newcastle upon Tyne 026D,Anti-social behaviour,,
,2015-12,Surrey Police,Northumbria Police,-1.573578,54.971050,On or near St Peter'S Road,E01008305,Newcastle upon Tyne 026D,Anti-social behaviour,,
,2015-12,Surrey Police,Northumbria Police,-1.576639,54.971123,On or near Parking Area,E01008305,Newcastle upon Tyne 026D,Anti-social behaviour,,
,2015-12,Surrey Police,Northumbria Police,-1.574220,54.975347,On or near Spires Lane,E01008305,Newcastle upon Tyne 026D,Anti-social behaviour,,
,2015-12,Surrey Police,Northumbria Police,-1.578251,54.973789,On or near Mason Street,E01008305,Newcastle upon Tyne 026D,Anti-social behaviour,,
,2015-12,Surrey Police,Northumbria Police,-1.575290,54.974641,On or near Michaelgate,E01008305,Newcastle upon Tyne 026D,Anti-social behaviour,,
,2015-12,Surrey Police,Northumbria Police,-1.576639,54.971123,On or near Parking Area,E01008305,Newcastle upon Tyne 026D,Anti-social behaviour,,
,2015-12,Surrey Police,Northumbria Police,-1.576639,54.971123,On or near Parking Area,E01008305,Newcastle upon Tyne 026D,Anti-social behaviour,,
,2015-12,Surrey Police,Northumbria Police,-1.577875,54.973958,On or near Raby Way,E01008305,Newcastle upon Tyne 026D,Anti-social behaviour,,
,2015-12,Surrey Police,Northumbria Police,-1.588015,54.972232,On or near Back Maling Street,E01008305,Newcastle upon Tyne 026D,Anti-social behaviour,,
,2015-12,Surrey Police,Northumbria Police,-1.577875,54.973958,On or near Raby Way,E01008305,Newcastle upon Tyne 026D,Anti-social behaviour,,
,2015-12,Surrey Police,Northumbria Police,-1.576639,54.971123,On or near Parking Area,E01008305,Newcastle upon Tyne 026D,Anti-social behaviour,,
,2015-12,Surrey Police,Northumbria Police,-1.575290,54.974641,On or near Michaelgate,E01008305,Newcastle upon Tyne 026D,Anti-social behaviour,,
,2015-12,Surrey Police,Northumbria Police,-1.575831,54.975200,On or near Jane Street,E01008305,Newcastle upon Tyne 026D,Anti-social behaviour,,
,2015-12,Surrey Police,Northumbria Police,-1.576639,54.971123,On or near Parking Area,E01008305,Newcastle upon Tyne 026D,Anti-social behaviour,,
,2015-12,Surrey Police,Northumbria Police,-1.578973,54.973495,On or near Priory Place,E01008305,Newcastle upon Tyne 026D,Anti-social behaviour,,
,2015-12,Surrey Police,Northumbria Police,-1.574520,54.973533,On or near Avondale Road,E01008305,Newcastle upon Tyne 026D,Anti-social behaviour,,
,2015-12,Surrey Police,Northumbria Police,-1.576639,54.971123,On or near Parking Area,E01008305,Newcastle upon Tyne 026D,Anti-social behaviour,,
,2015-12,Surrey Police,Northumbria Police,-1.576639,54.971123,On or near Parking Area,E01008305,Newcastle upon Tyne 026D,Anti-social behaviour,,
,2015-12,Surrey Police,Northumbria Police,-1.573578,54.971050,On or near St Peter'S Road,E01008305,Newcastle upon Tyne 026D,Anti-social behaviour,,
,2015-12,Surrey Police,Northumbria Police,-1.573578,54.971050,On or near St Peter'S Road,E01008305,Newcastle upon Tyne 026D,Anti-social behaviour,,
,2015-12,Surrey Police,Northumbria Police,-1.577875,54.973958,On or near Raby Way,E01008305,Newcastle upon Tyne 026D,Anti-social behaviour,,
b92701306f0cf1103da84e979054925235a06689e8bea58df236de73bda5dc2e,2015-12,Surrey Police,Northumbria Police,-1.581552,54.970332,On or near Conference/Exhibition Centre,E01008305,Newcastle upon Tyne 026D,Burglary,Investigation complete; no suspect identified,
0787a67859b84cc0ede6f25ee1ba84fbc69adc59c78c17e729d2d7916cb5ffad,2015-12,Surrey Police,Northumbria Police,-1.581552,54.970332,On or near Conference/Exhibition Centre,E01008305,Newcastle upon Tyne 026D,Burglary,Investigation complete; no suspect identified,
b234f777db1996f7fe2320cb452c1e7594f903c0a67176e56730ffdb549d4268,2015-12,Surrey Police,Northumbria Police,-1.588015,54.972232,On or near Back Maling Street,E01008305,Newcastle upon Tyne 026D,Burglary,Investigation complete; no suspect identified,
8ba8fbbe9ca0967a54ec23fcedfc3d24da71fa29bf27f722bde3b088495a8cf1,2015-12,Surrey Police,Northumbria Police,-1.573651,54.970070,On or near Kirk Street,E01008305,Newcastle upon Tyne 026D,Burglary,Investigation complete; no suspect identified,
72b37577f9773bc567e389756dd73b21fe987fe12eb33f3144da7283137d8179,2015-12,Surrey Police,Northumbria Police,-1.577875,54.973958,On or near Raby Way,E01008305,Newcastle upon Tyne 026D,Criminal damage and arson,Investigation complete; no suspect identified,
07d06e4e8f38714bf2ba3b916fc2189baafbbfda826af42ff3d04207e65f5e07,2015-12,Surrey Police,Northumbria Police,-1.578352,54.973097,On or near Raby Street,E01008305,Newcastle upon Tyne 026D,Criminal damage and arson,Investigation complete; no suspect identified,
4a7e88b7bb62cf8df0b8216ff66bdbc784a42ac9f15664dbd63110a4a560d710,2015-12,Surrey Police,Northumbria Police,-1.574520,54.973533,On or near Avondale Road,E01008305,Newcastle upon Tyne 026D,Criminal damage and arson,Investigation complete; no suspect identified,
34e96f543a4556478695b41d4804719ce3ace68d22943b728d2ecd5c6abe546a,2015-12,Surrey Police,Northumbria Police,-1.578973,54.973495,On or near Priory Place,E01008305,Newcastle upon Tyne 026D,Criminal damage and arson,Awaiting court outcome,
f414cfc3b0378124b719acc6141a82581e8805819a75890ff8bc6880afe090fb,2015-12,Surrey Police,Northumbria Police,-1.574520,54.973533,On or near Avondale Road,E01008305,Newcastle upon Tyne 026D,Criminal damage and arson,Investigation complete; no suspect identified,
9d590386d9eec3b4c2700b30cfe23817e6cdf6192dc20c673f91ee0436a68937,2015-12,Surrey Police,Northumbria Police,-1.578973,54.973495,On or near Priory Place,E01008305,Newcastle upon Tyne 026D,Criminal damage and arson,Investigation complete; no suspect identified,
f7cd9fa45da50fc9497b0b41ee3058e5c2d6dfd8dab858783c4d606c667957d3,2015-12,Surrey Police,Northumbria Police,-1.575831,54.975200,On or near Jane Street,E01008305,Newcastle upon Tyne 026D,Criminal damage and arson,Investigation complete; no suspect identified,
6a95813aeb1a2a5fe37dfa1637ff68daa90ea13e3dd634c2e5a1fcb476fb0e97,2015-12,Surrey Police,Northumbria Police,-1.573578,54.971050,On or near St Peter'S Road,E01008305,Newcastle upon Tyne 026D,Criminal damage and arson,Investigation complete; no suspect identified,
46464b9ef4b2e10804a4ae5a17c756960dcc7e1ffba9a47af10447980944976d,2015-12,Surrey Police,Northumbria Police,-1.576639,54.971123,On or near Parking Area,E01008305,Newcastle upon Tyne 026D,Criminal damage and arson,Investigation complete; no suspect identified,
8cd7bcc58389e39e94661c0314dc8f8880c2f4dab716a79bb3c81eb198be8ab4,2015-12,Surrey Police,Northumbria Police,-1.576639,54.971123,On or near Parking Area,E01008305,Newcastle upon Tyne 026D,Drugs,Offender given absolute discharge,
50822a184266f179fc37eddc94b4a16b43c6a6abd0e4a6bd8fd08dd9f69f35af,2015-12,Surrey Police,Northumbria Police,-1.578352,54.973097,On or near Raby Street,E01008305,Newcastle upon Tyne 026D,Other theft,Under investigation,
5690eb355bf136d799620f0fbca509f02e0b9054c9b6c48027123cb1f7aa50c8,2015-12,Surrey Police,Northumbria Police,-1.581552,54.970332,On or near Conference/Exhibition Centre,E01008305,Newcastle upon Tyne 026D,Other theft,Investigation complete; no suspect identified,
2d5da77cec40c87e8cf5683780314353d02d3dd3177594777cb58e6d8f0e6d6a,2015-12,Surrey Police,Northumbria Police,-1.576639,54.971123,On or near Parking Area,E01008305,Newcastle upon Tyne 026D,Other theft,Investigation complete; no suspect identified,
68125a6425a192153a360f5289bc0ae8bdc3dc5e83fa9f583a9580fa02e8b63a,2015-12,Surrey Police,Northumbria Police,-1.578251,54.973789,On or near Mason Street,E01008305,Newcastle upon Tyne 026D,Other theft,Awaiting court outcome,
1996cc4ca0c3285b02129c57ecd973171afa0ff42a10291f4b957f89cdd8ef28,2015-12,Surrey Police,Northumbria Police,-1.578352,54.973097,On or near Raby Street,E01008305,Newcastle upon Tyne 026D,Other theft,Awaiting court outcome,
8e5abb1402790d4a50a38c54e4af590f4ffca9cc7792e7e3ee1d69ea1e9a22d8,2015-12,Surrey Police,Northumbria Police,-1.576639,54.971123,On or near Parking Area,E01008305,Newcastle upon Tyne 026D,Possession of weapons,Investigation complete; no suspect identified,
750c06ce443003e47933b0cbca8d98357ce5f3fd1fa0d9b83e836c55e3529492,2015-12,Surrey Police,Northumbria Police,-1.573578,54.971050,On or near St Peter'S Road,E01008305,Newcastle upon Tyne 026D,Public order,Under investigation,
0c422839b7616ba1473b1316369cf867497e55281af4dd0ec8b0221d3dc24c69,2015-12,Surrey Police,Northumbria Police,-1.576430,54.970197,On or near Garmondsway,E01008305,Newcastle upon Tyne 026D,Public order,Investigation complete; no suspect identified,
aba1f1d74706114e482789279586f2314c74f1d50f55c38266f71e72c16a18df,2015-12,Surrey Police,Northumbria Police,-1.577875,54.973958,On or near Raby Way,E01008305,Newcastle upon Tyne 026D,Violence and sexual offences,Offender given community sentence,
d02b2fd0e93b1396db30425074a62eb76d6f6bddcaa06a5e860e4f3528acaffd,2015-12,Surrey Police,Northumbria Police,-1.576639,54.971123,On or near Parking Area,E01008305,Newcastle upon Tyne 026D,Violence and sexual offences,Awaiting court outcome,
23a9ddac4c56bd15b1cc64b63d5532c52347c0c9dd41b4aa6857fe75a717a228,2015-12,Surrey Police,Northumbria Police,-1.576639,54.971123,On or near Parking Area,E01008305,Newcastle upon Tyne 026D,Violence and sexual offences,Under investigation,
d3044d0538a754b97899166f9d3ce91169a301550d8e6b08e0d618d139faabbe,2015-12,Surrey Police,Northumbria Police,-1.576639,54.971123,On or near Parking Area,E01008305,Newcastle upon Tyne 026D,Violence and sexual offences,Awaiting court outcome,
f2b65b834bed81ff292f6ef7f3ba97e25176679bdc3675b532656a16d88465dd,2015-12,Surrey Police,Northumbria Police,-1.577875,54.973958,On or near Raby Way,E01008305,Newcastle upon Tyne 026D,Violence and sexual offences,Offender given a caution,
591e692a9c9b7fe5c45fc1d144a7bce508ed4a61c21b8cfcd084dedc8080536a,2015-12,Surrey Police,Northumbria Police,-1.576639,54.971123,On or near Parking Area,E01008305,Newcastle upon Tyne 026D,Violence and sexual offences,Under investigation,
c743edc6cfb300ee39090975684651f72d8b7bc0617fc2da15f2a89176f440d3,2015-12,Surrey Police,Northumbria Police,-1.576430,54.970197,On or near Garmondsway,E01008305,Newcastle upon Tyne 026D,Violence and sexual offences,Offender given a caution,
,2015-12,Surrey Police,Northumbria Police,-1.560917,54.977529,On or near Roman Avenue,E01008391,Newcastle upon Tyne 026E,Anti-social behaviour,,
,2015-12,Surrey Police,Northumbria Police,-1.560917,54.977529,On or near Roman Avenue,E01008391,Newcastle upon Tyne 026E,Anti-social behaviour,,
,2015-12,Surrey Police,Northumbria Police,-1.559718,54.975718,On or near Hurst Terrace,E01008391,Newcastle upon Tyne 026E,Anti-social behaviour,,
,2015-12,Surrey Police,Northumbria Police,-1.557208,54.976653,On or near Finsbury Avenue,E01008391,Newcastle upon Tyne 026E,Anti-social behaviour,,
,2015-12,Surrey Police,Northumbria Police,-1.561299,54.975418,On or near Alfred Street,E01008391,Newcastle upon Tyne 026E,Anti-social behaviour,,
1d388dbeaeb63de5530b34274476264a17f6335d877e1810dbc39e55956cc0e9,2015-12,Surrey Police,Northumbria Police,-1.558884,54.976281,On or near Marske Terrace,E01008391,Newcastle upon Tyne 026E,Burglary,Investigation complete; no suspect identified,
b5a8c43f38a9a0635f4c25befcf8a5907b093f67af8f06fbe0fc81e3d5a10fc7,2015-12,Surrey Police,Northumbria Police,-1.556955,54.979761,On or near Baret Road,E01008391,Newcastle upon Tyne 026E,Burglary,Investigation complete; no suspect identified,
09fac4442cab3742bed57e2bed98986706f3f2072eff6950fed552bf2c68303e,2015-12,Surrey Police,Northumbria Police,-1.560917,54.977529,On or near Roman Avenue,E01008391,Newcastle upon Tyne 026E,Criminal damage and arson,Investigation complete; no suspect identified,
c8e01bcb67df7c2f0981658c569f443a362a95921780eb54c87c2b8816896a8d,2015-12,Surrey Police,Northumbria Police,-1.560917,54.977529,On or near Roman Avenue,E01008391,Newcastle upon Tyne 026E,Criminal damage and arson,Investigation complete; no suspect identified,
7cbadf6e2dfbb19d45de65243d3cc6c77d0d532f0e8919a5db43ec8b8380b8e3,2015-12,Surrey Police,Northumbria Police,-1.558884,54.976281,On or near Marske Terrace,E01008391,Newcastle upon Tyne 026E,Criminal damage and arson,Under investigation,
ed580395d7307be8b0c545f146290eb746d5c399669860326f8ad610e0d5ef34,2015-12,Surrey Police,Northumbria Police,-1.556955,54.979761,On or near Baret Road,E01008391,Newcastle upon Tyne 026E,Vehicle crime,Investigation complete; no suspect identified,
3629e96fde93f7c1d8972155a90d65d119f42601a0b6c7ffdf8b83c13300af3c,2015-12,Surrey Police,Northumbria Police,-1.556955,54.979761,On or near Baret Road,E01008391,Newcastle upon Tyne 026E,Vehicle crime,Investigation complete; no suspect identified,
91babf81a734c283b5b7091175b27301d76b63bda6546af88094f518a023f114,2015-12,Surrey Police,Northumbria Police,-1.557208,54.976653,On or near Finsbury Avenue,E01008391,Newcastle upon Tyne 026E,Violence and sexual offences,Investigation complete; no suspect identified,
,2015-12,Surrey Police,Northumbria Police,-1.566025,54.976181,On or near Blount Street,E01008392,Newcastle upon Tyne 026F,Anti-social behaviour,,
,2015-12,Surrey Police,Northumbria Police,-1.572702,54.977023,On or near Union Road,E01008392,Newcastle upon Tyne 026F,Anti-social behaviour,,
,2015-12,Surrey Police,Northumbria Police,-1.563067,54.983863,On or near Bus/Coach Station,E01008392,Newcastle upon Tyne 026F,Anti-social behaviour,,
,2015-12,Surrey Police,Northumbria Police,-1.558128,54.981122,On or near Thorne Terrace,E01008392,Newcastle upon Tyne 026F,Anti-social behaviour,,
,2015-12,Surrey Police,Northumbria Police,-1.560679,54.983585,On or near Walpole Street,E01008392,Newcastle upon Tyne 026F,Anti-social behaviour,,
,2015-12,Surrey Police,Northumbria Police,-1.575475,54.977823,On or near Glendale Terrace,E01008392,Newcastle upon Tyne 026F,Anti-social behaviour,,
,2015-12,Surrey Police,Northumbria Police,-1.575475,54.977823,On or near Glendale Terrace,E01008392,Newcastle upon Tyne 026F,Anti-social behaviour,,
,2015-12,Surrey Police,Northumbria Police,-1.559585,54.980759,On or near Moorland Crescent,E01008392,Newcastle upon Tyne 026F,Anti-social behaviour,,
,2015-12,Surrey Police,Northumbria Police,-1.574085,54.979211,On or near Millers Road,E01008392,Newcastle upon Tyne 026F,Anti-social behaviour,,
,2015-12,Surrey Police,Northumbria Police,-1.561917,54.980381,On or near Wall Terrace,E01008392,Newcastle upon Tyne 026F,Anti-social behaviour,,
,2015-12,Surrey Police,Northumbria Police,-1.562045,54.984416,On or near Supermarket,E01008392,Newcastle upon Tyne 026F,Anti-social behaviour,,
,2015-12,Surrey Police,Northumbria Police,-1.573280,54.978534,On or near Shopping Area,E01008392,Newcastle upon Tyne 026F,Anti-social behaviour,,
,2015-12,Surrey Police,Northumbria Police,-1.575475,54.977823,On or near Glendale Terrace,E01008392,Newcastle upon Tyne 026F,Anti-social behaviour,,
,2015-12,Surrey Police,Northumbria Police,-1.566025,54.976181,On or near Blount Street,E01008392,Newcastle upon Tyne 026F,Anti-social behaviour,,
,2015-12,Surrey Police,Northumbria Police,-1.575475,54.977823,On or near Glendale Terrace,E01008392,Newcastle upon Tyne 026F,Anti-social behaviour,,
,2015-12,Surrey Police,Northumbria Police,-1.566025,54.976181,On or near Blount Street,E01008392,Newcastle upon Tyne 026F,Anti-social behaviour,,
,2015-12,Surrey Police,Northumbria Police,-1.568190,54.976755,On or near Tunstall Avenue,E01008392,Newcastle upon Tyne 026F,Anti-social behaviour,,
0c7a2d9f2c45f5dda62dd2bfcaac85fd321f186ce02d7a9c9aef3872498d0779,2015-12,Surrey Police,Northumbria Police,-1.559262,54.983139,On or near Sutton Street,E01008392,Newcastle upon Tyne 026F,Burglary,Investigation complete; no suspect identified,
025ab5481a11644b3a89fb7b76d90e42c413bcbd2f91639696a4ed9f37d93385,2015-12,Surrey Police,Northumbria Police,-1.565816,54.976684,On or near Grace Street,E01008392,Newcastle upon Tyne 026F,Burglary,Investigation complete; no suspect identified,
2b797089b6a71e8caa5d194720160b0c99e2798ac2ccd3a75e491b95798d28a2,2015-12,Surrey Police,Northumbria Police,-1.568190,54.976755,On or near Tunstall Avenue,E01008392,Newcastle upon Tyne 026F,Criminal damage and arson,Local resolution,
9abb1606cb136a68b12bee1ee1eddd3454ce984adfb5315207fc83f780f47d51,2015-12,Surrey Police,Northumbria Police,-1.568617,54.977736,On or near Tunstall Avenue,E01008392,Newcastle upon Tyne 026F,Criminal damage and arson,Investigation complete; no suspect identified,
9298eed937d00289052102549eb65320070a33449433ae075b2144ce980b0044,2015-12,Surrey Police,Northumbria Police,-1.559262,54.983139,On or near Sutton Street,E01008392,Newcastle upon Tyne 026F,Criminal damage and arson,Investigation complete; no suspect identified,
0e926f45089b49a70c9832ab8bb6de84098009a3b8760d7f6284647d25fc4f0f,2015-12,Surrey Police,Northumbria Police,-1.572702,54.977023,On or near Union Road,E01008392,Newcastle upon Tyne 026F,Criminal damage and arson,Investigation complete; no suspect identified,
b24b4bc055e5440a0dc1b2ff6cd8e6d01e71aa1f23310beb2943ce4c41f256a4,2015-12,Surrey Police,Northumbria Police,-1.561917,54.980381,On or near Wall Terrace,E01008392,Newcastle upon Tyne 026F,Criminal damage and arson,Investigation complete; no suspect identified,
a1bb5cc9a4bb3574a83810dc5497e921afa56b7d047f9066d8698500649e6d1f,2015-12,Surrey Police,Northumbria Police,-1.574085,54.979211,On or near Millers Road,E01008392,Newcastle upon Tyne 026F,Drugs,Offender given conditional discharge,
a87faf60bbf5c94d340c2fce955c410554ecb28b6b583b048629bd5c4143bd28,2015-12,Surrey Police,Northumbria Police,-1.572702,54.977023,On or near Union Road,E01008392,Newcastle upon Tyne 026F,Drugs,Under investigation,
59bd305cfb9c1cb81ed410e04b6beb1f67766beaf8d664693f7f406e6fa7bd48,2015-12,Surrey Police,Northumbria Police,-1.575475,54.977823,On or near Glendale Terrace,E01008392,Newcastle upon Tyne 026F,Drugs,Offender given a drugs possession warning,
ec3c622b36d3f32d4642bab01a0684aedb8976a02e6f9e433d3751b95a19a816,2015-12,Surrey Police,Northumbria Police,-1.575475,54.977823,On or near Glendale Terrace,E01008392,Newcastle upon Tyne 026F,Other theft,Investigation complete; no suspect identified,
984a9bc8ea47de69cbde8fa3172957f1b022523c156e24e17eac08b8bb603a99,2015-12,Surrey Police,Northumbria Police,-1.575475,54.977823,On or near Glendale Terrace,E01008392,Newcastle upon Tyne 026F,Other theft,Investigation complete; no suspect identified,
c28aea186fcddbb3a0f462a5e1a1bb58c862fe760af7dc4925f0bf8a5620bd1a,2015-12,Surrey Police,Northumbria Police,-1.575475,54.977823,On or near Glendale Terrace,E01008392,Newcastle upon Tyne 026F,Other theft,Investigation complete; no suspect identified,
3729c5255158811743a452c663756d14e073db6e21a5d16bef5ab0340624bfba,2015-12,Surrey Police,Northumbria Police,-1.564273,54.976310,On or near Scarborough Road,E01008392,Newcastle upon Tyne 026F,Other theft,Investigation complete; no suspect identified,
755342f9d94d871c006f202950eca96d5a58ecc1bba5d7203dcef0ae121cdb3a,2015-12,Surrey Police,Northumbria Police,-1.572702,54.977023,On or near Union Road,E01008392,Newcastle upon Tyne 026F,Other theft,Investigation complete; no suspect identified,
340b9b88cbe0a8d20180d0b782f89fd6afd18ca629c45909f7e94369685cdf8b,2015-12,Surrey Police,Northumbria Police,-1.574085,54.979211,On or near Millers Road,E01008392,Newcastle upon Tyne 026F,Other theft,Investigation complete; no suspect identified,
73d8f69fa1c86dd6a7628387fdaaaa3fd05491f6e7e6abf33cb1373aaa8a4567,2015-12,Surrey Police,Northumbria Police,-1.575475,54.977823,On or near Glendale Terrace,E01008392,Newcastle upon Tyne 026F,Other theft,Under investigation,
fcfbb38f807ce7adbceafea7ad9400527e2290be5afe659708ac581f02bc19e5,2015-12,Surrey Police,Northumbria Police,-1.575475,54.977823,On or near Glendale Terrace,E01008392,Newcastle upon Tyne 026F,Public order,Investigation complete; no suspect identified,
e4f2346eee4537a99f51ee052103e4fd2f17f7fa3859596c0711c519afbdbbf1,2015-12,Surrey Police,Northumbria Police,-1.575475,54.977823,On or near Glendale Terrace,E01008392,Newcastle upon Tyne 026F,Public order,Investigation complete; no suspect identified,
b53401f6799391c3727991ff1eb3d0ea8099e66a52b9424a2c15127ddb12aa21,2015-12,Surrey Police,Northumbria Police,-1.574085,54.979211,On or near Millers Road,E01008392,Newcastle upon Tyne 026F,Public order,Awaiting court outcome,
f3114a166c3f4f729764a234520461724fd4ffd075d67fcbb563d7a683828b2d,2015-12,Surrey Police,Northumbria Police,-1.574085,54.979211,On or near Millers Road,E01008392,Newcastle upon Tyne 026F,Shoplifting,Offender given conditional discharge,
f68a507ef581d8e636fe57b1cc621a06ba0a0d6163de637e9916e23a23e0722b,2015-12,Surrey Police,Northumbria Police,-1.574085,54.979211,On or near Millers Road,E01008392,Newcastle upon Tyne 026F,Shoplifting,Offender given conditional discharge,
b94cabc26ff39a39da42f849a1836a31e55c5e313513031a488ea8d4f8903528,2015-12,Surrey Police,Northumbria Police,-1.574085,54.979211,On or near Millers Road,E01008392,Newcastle upon Tyne 026F,Shoplifting,Offender given conditional discharge,
f23e4dc1941b787fd1b5edeca84f1ef446dbe69bb9abf78d47fbd36277a0450b,2015-12,Surrey Police,Northumbria Police,-1.570022,54.979296,On or near A193,E01008392,Newcastle upon Tyne 026F,Shoplifting,Investigation complete; no suspect identified,
78e9e91cd5963fdee61fc9dc6761aeafac86b38af4652134bf0c0f545d17da16,2015-12,Surrey Police,Northumbria Police,-1.574085,54.979211,On or near Millers Road,E01008392,Newcastle upon Tyne 026F,Shoplifting,Awaiting court outcome,
d23879477e9f78c234bcef9c98dfc94bc03218525e502cfc655bbb573dd4b23e,2015-12,Surrey Police,Northumbria Police,-1.573280,54.978534,On or near Shopping Area,E01008392,Newcastle upon Tyne 026F,Shoplifting,Offender given conditional discharge,
7517884b1f6572dc40489e1b2d8d9e6b0d5f1ff7176b1fcc8febcb0f2cc3e7e7,2015-12,Surrey Police,Northumbria Police,-1.572702,54.977023,On or near Union Road,E01008392,Newcastle upon Tyne 026F,Shoplifting,Offender given penalty notice,
4495a97dbf28c8ff18145699d0b4d1c275fc1be61934817095d9977f7309dc80,2015-12,Surrey Police,Northumbria Police,-1.570022,54.979296,On or near A193,E01008392,Newcastle upon Tyne 026F,Shoplifting,Awaiting court outcome,
fdf419f0b0339a935ed353e175b1da8d37f323f45ae3f1a31a438c90b89ce015,2015-12,Surrey Police,Northumbria Police,-1.574085,54.979211,On or near Millers Road,E01008392,Newcastle upon Tyne 026F,Shoplifting,Offender given conditional discharge,
cee56eaba23ff80d7ace8131279a914aa96b4fd70031d20b3730e0ddea514029,2015-12,Surrey Police,Northumbria Police,-1.570022,54.979296,On or near A193,E01008392,Newcastle upon Tyne 026F,Shoplifting,Offender otherwise dealt with,
ca0fee8ba9c5fcdd9f88c38c0663502aa3c40cd0750ba1f93523014fed032183,2015-12,Surrey Police,Northumbria Police,-1.572702,54.977023,On or near Union Road,E01008392,Newcastle upon Tyne 026F,Shoplifting,Investigation complete; no suspect identified,
227df627397960338510debf2e7508e53d428ed8549cb0a3f9db19f7f0dd25e3,2015-12,Surrey Police,Northumbria Police,-1.570022,54.979296,On or near A193,E01008392,Newcastle upon Tyne 026F,Shoplifting,Investigation complete; no suspect identified,
5f0f7206f3a31569beca581c875d2c9f43ca6b9d7dd732f75bc23a3ca3f069d5,2015-12,Surrey Police,Northumbria Police,-1.572702,54.977023,On or near Union Road,E01008392,Newcastle upon Tyne 026F,Shoplifting,Under investigation,
dc87d0417b2ff9f48e44b6d3287c086179af61a48374b5b618d26b347c1e586f,2015-12,Surrey Police,Northumbria Police,-1.572702,54.977023,On or near Union Road,E01008392,Newcastle upon Tyne 026F,Shoplifting,Investigation complete; no suspect identified,
b719ecce3470f3007d0b081933b0abe52d2456aa08ec6b3b10321d16896078c1,2015-12,Surrey Police,Northumbria Police,-1.572702,54.977023,On or near Union Road,E01008392,Newcastle upon Tyne 026F,Shoplifting,Under investigation,
b8a736a8f71168a0469f68a7f78db5cfeb583ac71b091ac59f8bbb741306054d,2015-12,Surrey Police,Northumbria Police,-1.574085,54.979211,On or near Millers Road,E01008392,Newcastle upon Tyne 026F,Shoplifting,Under investigation,
539537919dee2a050a2bebdac8547d5bea30b7cdec931c66570227618884d8d4,2015-12,Surrey Police,Northumbria Police,-1.574085,54.979211,On or near Millers Road,E01008392,Newcastle upon Tyne 026F,Shoplifting,Offender given conditional discharge,
62e8c83f2466da831c8065baa548f0b971171485ea5392e9b3177c0c753975cd,2015-12,Surrey Police,Northumbria Police,-1.563067,54.983863,On or near Bus/Coach Station,E01008392,Newcastle upon Tyne 026F,Vehicle crime,Awaiting court outcome,
aef0c02bb1c31f9b280f7173d94ae843763e721a740a7c89b4aadee1a798885f,2015-12,Surrey Police,Northumbria Police,-1.566025,54.976181,On or near Blount Street,E01008392,Newcastle upon Tyne 026F,Violence and sexual offences,Investigation complete; no suspect identified,
1942d4d19a45f992cf2f208a4ccead9659798a40e747676738a06f9a61a324f6,2015-12,Surrey Police,Northumbria Police,-1.575475,54.977823,On or near Glendale Terrace,E01008392,Newcastle upon Tyne 026F,Violence and sexual offences,Investigation complete; no suspect identified,
176fd55f70320cda5b58f03529b45beec32fbd08f891fe6c54aed39fdf8b5767,2015-12,Surrey Police,Northumbria Police,-1.575475,54.977823,On or near Glendale Terrace,E01008392,Newcastle upon Tyne 026F,Violence and sexual offences,Awaiting court outcome,
2ee58965d3ad59f9e525c9b51bca6710ab3bb633f3495b84905c8d21166cf601,2015-12,Surrey Police,Northumbria Police,-1.566025,54.976181,On or near Blount Street,E01008392,Newcastle upon Tyne 026F,Violence and sexual offences,Investigation complete; no suspect identified,
c491375edc92108bb00b5289b9935e76f6af4a4f4b97b88c199e5bff3298f6e2,2015-12,Surrey Police,Northumbria Police,-1.573280,54.978534,On or near Shopping Area,E01008392,Newcastle upon Tyne 026F,Violence and sexual offences,Investigation complete; no suspect identified,
ca4e1b62e9f5887f7f46b9109eeb4ab74273b2e12e82bcf428f5492094d6796e,2015-12,Surrey Police,Northumbria Police,-1.561917,54.980381,On or near Wall Terrace,E01008392,Newcastle upon Tyne 026F,Violence and sexual offences,Investigation complete; no suspect identified,
b9c526fc5a927a503076a9f715a08b4ad176832ac8476e24cb261c15523f28ae,2015-12,Surrey Police,Northumbria Police,-1.575475,54.977823,On or near Glendale Terrace,E01008392,Newcastle upon Tyne 026F,Violence and sexual offences,Investigation complete; no suspect identified,
99ae4ef0cd02dd3caa5f6ee6d3bf557ab5a3f841f8576a3d070890c52643db89,2015-12,Surrey Police,Northumbria Police,-1.575475,54.977823,On or near Glendale Terrace,E01008392,Newcastle upon Tyne 026F,Violence and sexual offences,Offender given a caution,
17c5a2034d16a750c8dbf91010dbf32d98739af471945f37a1f43ba5213f87bc,2015-12,Surrey Police,Northumbria Police,-1.564273,54.976310,On or near Scarborough Road,E01008392,Newcastle upon Tyne 026F,Violence and sexual offences,Awaiting court outcome,
bd8b0acc89117f8b2d9a3c41da072b8e5a6f80d5753eaeade9b127fdbc4d2d37,2015-12,Surrey Police,Northumbria Police,-1.570022,54.979296,On or near A193,E01008392,Newcastle upon Tyne 026F,Violence and sexual offences,Awaiting court outcome,
,2015-12,Surrey Police,Northumbria Police,-1.554814,54.975530,On or near Spinney Terrace,E01008432,Newcastle upon Tyne 026G,Anti-social behaviour,,
,2015-12,Surrey Police,Northumbria Police,-1.553438,54.979901,On or near Kentmere Avenue,E01008432,Newcastle upon Tyne 026G,Anti-social behaviour,,
,2015-12,Surrey Police,Northumbria Police,-1.553438,54.979901,On or near Kentmere Avenue,E01008432,Newcastle upon Tyne 026G,Anti-social behaviour,,
81d6a61050136f80c163eebf746f6a5546f45941752928c4d190c014a5cd7010,2015-12,Surrey Police,Northumbria Police,-1.554814,54.975530,On or near Spinney Terrace,E01008432,Newcastle upon Tyne 026G,Public order,Under investigation,
b64d228dac8a8a82a5f1de1a89868706a0339267f1e5a5e1f66dda7486c38332,2015-12,Surrey Police,Northumbria Police,-1.552867,54.982109,On or near Keebledale Avenue,E01008432,Newcastle upon Tyne 026G,Violence and sexual offences,Under investigation,
,2015-12,Surrey Police,Northumbria Police,-1.674352,54.974668,On or near Benwell Village,E01008288,Newcastle upon Tyne 027A,Anti-social behaviour,,
,2015-12,Surrey Police,Northumbria Police,-1.673703,54.973750,On or near Benwell Lane,E01008288,Newcastle upon Tyne 027A,Anti-social behaviour,,
,2015-12,Surrey Police,Northumbria Police,-1.669199,54.974358,On or near Rushie Avenue,E01008288,Newcastle upon Tyne 027A,Anti-social behaviour,,
12c411db1d80a522aeb8d3be5114252ea11c16b1edda1497ddd69fa252a047e7,2015-12,Surrey Police,Northumbria Police,-1.673703,54.973750,On or near Benwell Lane,E01008288,Newcastle upon Tyne 027A,Burglary,Investigation complete; no suspect identified,
d6e42b74667d4190ed3ae654b3c7e9a3ffce3958ac3a574a92f5a30107d778ce,2015-12,Surrey Police,Northumbria Police,-1.672034,54.971526,On or near Milford Road,E01008288,Newcastle upon Tyne 027A,Criminal damage and arson,Investigation complete; no suspect identified,
002ed14aa19320961f06177ccbe3baafce4b59d7b3e6fe3d7362d4633471a5ba,2015-12,Surrey Police,Northumbria Police,-1.681231,54.975908,On or near Tanfield Road,E01008288,Newcastle upon Tyne 027A,Drugs,Under investigation,
da155d0a0dcc9aafb304c62137c4ef5d89651683531f826351aa46f09185d738,2015-12,Surrey Police,Northumbria Police,-1.669199,54.974358,On or near Rushie Avenue,E01008288,Newcastle upon Tyne 027A,Other theft,Investigation complete; no suspect identified,
98a281fe8ce335d3eb7c907ef8a50a2e1c1443971124b9a8fac75a1284ea3680,2015-12,Surrey Police,Northumbria Police,-1.680563,54.975520,On or near Sunniside Gardens,E01008288,Newcastle upon Tyne 027A,Vehicle crime,Investigation complete; no suspect identified,
6245f3d900db50c4fc2e405b57afd0058957161b90b92656e6bfee6dcc38f5ce,2015-12,Surrey Police,Northumbria Police,-1.676468,54.977630,On or near Gretna Road,E01008288,Newcastle upon Tyne 027A,Vehicle crime,Investigation complete; no suspect identified,
,2015-12,Surrey Police,Northumbria Police,-1.668186,54.972162,On or near Prince Philip Close,E01008289,Newcastle upon Tyne 027B,Anti-social behaviour,,
,2015-12,Surrey Police,Northumbria Police,-1.671618,54.978444,On or near Westacres Crescent,E01008289,Newcastle upon Tyne 027B,Anti-social behaviour,,
,2015-12,Surrey Police,Northumbria Police,-1.668186,54.972162,On or near Prince Philip Close,E01008289,Newcastle upon Tyne 027B,Anti-social behaviour,,
,2015-12,Surrey Police,Northumbria Police,-1.667997,54.974166,On or near Dorcas Avenue,E01008289,Newcastle upon Tyne 027B,Anti-social behaviour,,
,2015-12,Surrey Police,Northumbria Police,-1.668186,54.972162,On or near Prince Philip Close,E01008289,Newcastle upon Tyne 027B,Anti-social behaviour,,
ea7ad93c6f6fab1c4e3512c9659cb63ad18b4e8632e091a35f0e28768ad815a2,2015-12,Surrey Police,Northumbria Police,-1.669722,54.977288,On or near Pease Avenue,E01008289,Newcastle upon Tyne 027B,Criminal damage and arson,Awaiting court outcome,
74d8a0ca239e930c3f36eefc9ae4390690a5099c13f8c1dd41c572da83c531cf,2015-12,Surrey Police,Northumbria Police,-1.671618,54.978444,On or near Westacres Crescent,E01008289,Newcastle upon Tyne 027B,Violence and sexual offences,Under investigation,
7b9550819dab0a66fad1c83dc7ede1253fb65ad356bcf9e6aa1a16596c0ff950,2015-12,Surrey Police,Northumbria Police,-1.668283,54.975496,On or near Bertram Crescent,E01008289,Newcastle upon Tyne 027B,Violence and sexual offences,Offender given a caution,
0d3839b6acf4338cfb05efcf935d408e3deff1f2d7c59b76af25a2145fbecd5c,2015-12,Surrey Police,Northumbria Police,-1.668929,54.976756,On or near Aubone Avenue,E01008289,Newcastle upon Tyne 027B,Violence and sexual offences,Under investigation,
,2015-12,Surrey Police,Northumbria Police,-1.662787,54.969568,On or near Provost Gardens,E01008290,Newcastle upon Tyne 027C,Anti-social behaviour,,
,2015-12,Surrey Police,Northumbria Police,-1.664758,54.967336,On or near Egerton Street,E01008290,Newcastle upon Tyne 027C,Anti-social behaviour,,
,2015-12,Surrey Police,Northumbria Police,-1.664427,54.967731,On or near Bilbrough Gardens,E01008290,Newcastle upon Tyne 027C,Anti-social behaviour,,
,2015-12,Surrey Police,Northumbria Police,-1.664427,54.967731,On or near Bilbrough Gardens,E01008290,Newcastle upon Tyne 027C,Anti-social behaviour,,
01ae79cc4f4d1f0aa24542ca85e9534709c035cec70deab79fab1fb00075a05b,2015-12,Surrey Police,Northumbria Police,-1.662814,54.970099,On or near St James' Crescent,E01008290,Newcastle upon Tyne 027C,Burglary,Investigation complete; no suspect identified,
aabfc44f52ddb281f9214c01eefa1b7b44ae416598cfd8ce8229f0a045d2c1fd,2015-12,Surrey Police,Northumbria Police,-1.664758,54.967336,On or near Egerton Street,E01008290,Newcastle upon Tyne 027C,Criminal damage and arson,Investigation complete; no suspect identified,
16aa8da2329d820178160b0aeb9cab7d95b9ae53a306e595ed58013179a23ee8,2015-12,Surrey Police,Northumbria Police,-1.672910,54.969389,On or near Forest Road,E01008290,Newcastle upon Tyne 027C,Criminal damage and arson,Investigation complete; no suspect identified,
801197646fa5ecdcfa244e40815a53167b1059037a832211cf886bcb2061f43e,2015-12,Surrey Police,Northumbria Police,-1.664379,54.971532,On or near Benwell Grange Close,E01008290,Newcastle upon Tyne 027C,Other theft,Investigation complete; no suspect identified,
ff39a7096d8b7b708997f77d3e2f83d4b1f0e76b189fff2ecbf9ee35dc80d820,2015-12,Surrey Police,Northumbria Police,-1.672910,54.969389,On or near Forest Road,E01008290,Newcastle upon Tyne 027C,Possession of weapons,Investigation complete; no suspect identified,
0738cba9df50981929f9825cc6740aa5c560f33d89f69a192100d83afa014177,2015-12,Surrey Police,Northumbria Police,-1.672910,54.969389,On or near Forest Road,E01008290,Newcastle upon Tyne 027C,Public order,Offender given a caution,
09ceb617ff0ac472d9ae9f8436c973d15f9d9acea4f943c8c64c3cc56ce34e77,2015-12,Surrey Police,Northumbria Police,-1.672650,54.968813,On or near Woodland Crescent,E01008290,Newcastle upon Tyne 027C,Vehicle crime,Investigation complete; no suspect identified,
68ce2d7e25f5c93e793a11f7916702acf6f2ef05afc4727bdc1b82f06a12ee65,2015-12,Surrey Police,Northumbria Police,-1.672650,54.968813,On or near Woodland Crescent,E01008290,Newcastle upon Tyne 027C,Vehicle crime,Investigation complete; no suspect identified,
bd0452d12318b551b873e4b4d6361415dc8a98501bfce836956784f92d2a4d8e,2015-12,Surrey Police,Northumbria Police,-1.667062,54.970200,On or near Benwell Grange Terrace,E01008290,Newcastle upon Tyne 027C,Vehicle crime,Investigation complete; no suspect identified,
3c78ac275eaeaffb23b5c8f9dbff107c683fea789097abe201e73aa882878bc3,2015-12,Surrey Police,Northumbria Police,-1.672650,54.968813,On or near Woodland Crescent,E01008290,Newcastle upon Tyne 027C,Vehicle crime,Investigation complete; no suspect identified,
494d8925b214c7e022bd8351ce636f76789e562471c3ba92309b1687ba9fd4ff,2015-12,Surrey Police,Northumbria Police,-1.672650,54.968813,On or near Woodland Crescent,E01008290,Newcastle upon Tyne 027C,Vehicle crime,Investigation complete; no suspect identified,
3d71529dd22c541f5cea7e4e1ec859185739ceacb5f1cda52cc5eb0a41ee1a3a,2015-12,Surrey Police,Northumbria Police,-1.672650,54.968813,On or near Woodland Crescent,E01008290,Newcastle upon Tyne 027C,Vehicle crime,Investigation complete; no suspect identified,
4797fae825d45f853eff39082c77687de77fb1fca9610cc5f790a8bcc5ec8119,2015-12,Surrey Police,Northumbria Police,-1.664013,54.968628,On or near Macdonald Road,E01008290,Newcastle upon Tyne 027C,Violence and sexual offences,Awaiting court outcome,
ddcbc0159a26027d8228e3cad3301a575bbfc8261dd4742163af57006a5fc741,2015-12,Surrey Police,Northumbria Police,-1.672650,54.968813,On or near Woodland Crescent,E01008290,Newcastle upon Tyne 027C,Violence and sexual offences,Investigation complete; no suspect identified,
19f4a600e38763ffb1919f32373c556032178d20e90d872c779ee25760f50542,2015-12,Surrey Police,Northumbria Police,-1.664427,54.967731,On or near Bilbrough Gardens,E01008290,Newcastle upon Tyne 027C,Violence and sexual offences,Under investigation,
,2015-12,Surrey Police,Northumbria Police,-1.660963,54.969087,On or near Joan Street,E01008291,Newcastle upon Tyne 027D,Anti-social behaviour,,
,2015-12,Surrey Police,Northumbria Police,-1.660282,54.970280,On or near Atkinson Terrace,E01008291,Newcastle upon Tyne 027D,Anti-social behaviour,,
,2015-12,Surrey Police,Northumbria Police,-1.653226,54.967879,On or near St John'S Road,E01008291,Newcastle upon Tyne 027D,Anti-social behaviour,,
,2015-12,Surrey Police,Northumbria Police,-1.660282,54.970280,On or near Atkinson Terrace,E01008291,Newcastle upon Tyne 027D,Anti-social behaviour,,
,2015-12,Surrey Police,Northumbria Police,-1.660282,54.970280,On or near Atkinson Terrace,E01008291,Newcastle upon Tyne 027D,Anti-social behaviour,,
,2015-12,Surrey Police,Northumbria Police,-1.656971,54.968276,On or near Maryhill Close,E01008291,Newcastle upon Tyne 027D,Anti-social behaviour,,
,2015-12,Surrey Police,Northumbria Police,-1.660282,54.970280,On or near Atkinson Terrace,E01008291,Newcastle upon Tyne 027D,Anti-social behaviour,,
,2015-12,Surrey Police,Northumbria Police,-1.660282,54.970280,On or near Atkinson Terrace,E01008291,Newcastle upon Tyne 027D,Anti-social behaviour,,
,2015-12,Surrey Police,Northumbria Police,-1.658991,54.969612,On or near Ethel Street,E01008291,Newcastle upon Tyne 027D,Anti-social behaviour,,
,2015-12,Surrey Police,Northumbria Police,-1.660282,54.970280,On or near Atkinson Terrace,E01008291,Newcastle upon Tyne 027D,Anti-social behaviour,,
,2015-12,Surrey Police,Northumbria Police,-1.660963,54.969087,On or near Joan Street,E01008291,Newcastle upon Tyne 027D,Anti-social behaviour,,
,2015-12,Surrey Police,Northumbria Police,-1.659928,54.969587,On or near Gerald Street,E01008291,Newcastle upon Tyne 027D,Anti-social behaviour,,
,2015-12,Surrey Police,Northumbria Police,-1.656039,54.969495,On or near Lawson Terrace,E01008291,Newcastle upon Tyne 027D,Anti-social behaviour,,
,2015-12,Surrey Police,Northumbria Police,-1.658424,54.966474,On or near Buddle Road,E01008291,Newcastle upon Tyne 027D,Anti-social behaviour,,
,2015-12,Surrey Police,Northumbria Police,-1.660090,54.967027,On or near Iveagh Close,E01008291,Newcastle upon Tyne 027D,Anti-social behaviour,,
,2015-12,Surrey Police,Northumbria Police,-1.658134,54.969367,On or near Clara Street,E01008291,Newcastle upon Tyne 027D,Anti-social behaviour,,
,2015-12,Surrey Police,Northumbria Police,-1.660282,54.970280,On or near Atkinson Terrace,E01008291,Newcastle upon Tyne 027D,Anti-social behaviour,,
,2015-12,Surrey Police,Northumbria Police,-1.656806,54.967476,On or near Keith Close,E01008291,Newcastle upon Tyne 027D,Anti-social behaviour,,
61cc1690e1e2657bde7eaaef2ffcf357c7ff02cc6bc203ab13831bf482379ef8,2015-12,Surrey Police,Northumbria Police,-1.656806,54.967476,On or near Keith Close,E01008291,Newcastle upon Tyne 027D,Burglary,Investigation complete; no suspect identified,
1dad93f551a2724b1206320cda4b24a86eff2ca06dbe7b2a724b791822c12fb6,2015-12,Surrey Police,Northumbria Police,-1.654653,54.967218,On or near Teindland Close,E01008291,Newcastle upon Tyne 027D,Burglary,Investigation complete; no suspect identified,
94de362143b531082775c01ac1cb737e26cf99267d7fdfe98666422a5177f3e2,2015-12,Surrey Police,Northumbria Police,-1.656039,54.969495,On or near Lawson Terrace,E01008291,Newcastle upon Tyne 027D,Criminal damage and arson,Awaiting court outcome,
dc4717e361a73168f7b697e4c95c7d9e531069c414bb1dfb3a07042a151168e2,2015-12,Surrey Police,Northumbria Police,-1.660282,54.970280,On or near Atkinson Terrace,E01008291,Newcastle upon Tyne 027D,Criminal damage and arson,Investigation complete; no suspect identified,
ea656ec7fc61cef60c650ea7290c34b309bfe87865981f8a9e84ab148cdeda88,2015-12,Surrey Police,Northumbria Police,-1.660282,54.970280,On or near Atkinson Terrace,E01008291,Newcastle upon Tyne 027D,Criminal damage and arson,Offender given a caution,
ce4d78167525dce16649438a9405df3858801bdda2e2ea1b5801220148ee9838,2015-12,Surrey Police,Northumbria Police,-1.660282,54.970280,On or near Atkinson Terrace,E01008291,Newcastle upon Tyne 027D,Criminal damage and arson,Investigation complete; no suspect identified,
820fc707e8ce584634279597e721741a8b739e407b4f1f1274ceec2351767069,2015-12,Surrey Police,Northumbria Police,-1.658134,54.969367,On or near Clara Street,E01008291,Newcastle upon Tyne 027D,Other theft,Investigation complete; no suspect identified,
82a9e38359139c7f69a7709f393f0ad182cde48cd542b0a6b44c9f8f0d9681f7,2015-12,Surrey Police,Northumbria Police,-1.655693,54.969800,On or near Adelaide Terrace,E01008291,Newcastle upon Tyne 027D,Other theft,Investigation complete; no suspect identified,
cbdf050d96e6f4cd43a729c3a6be9f8d480aa41f08593455a203d074ab559bda,2015-12,Surrey Police,Northumbria Police,-1.660090,54.967027,On or near Iveagh Close,E01008291,Newcastle upon Tyne 027D,Vehicle crime,Investigation complete; no suspect identified,
edd8f175e6746d6895bce84286f56b9969d0c65fe2ab38f6ef00b6af176d36f8,2015-12,Surrey Police,Northumbria Police,-1.660963,54.969087,On or near Joan Street,E01008291,Newcastle upon Tyne 027D,Vehicle crime,Investigation complete; no suspect identified,
5382424bb68093ff17557c3a00e20d83b543117bad0497f6604c9ee90a8b3640,2015-12,Surrey Police,Northumbria Police,-1.657844,54.966634,On or near Merton Court,E01008291,Newcastle upon Tyne 027D,Vehicle crime,Investigation complete; no suspect identified,
f8087415b897e7bee071c04e1a56c311806d9471cb8ad99fb3719437da81afdd,2015-12,Surrey Police,Northumbria Police,-1.653954,54.964996,On or near Amelia Close,E01008291,Newcastle upon Tyne 027D,Violence and sexual offences,Awaiting court outcome,
26ce8f8d6065e0c232f35ded0412fbe33aa65208f41667d47a71213d0a1e9594,2015-12,Surrey Police,Northumbria Police,-1.649358,54.968982,On or near Elswick Road,E01008291,Newcastle upon Tyne 027D,Violence and sexual offences,Investigation complete; no suspect identified,
c54318b34d8ef4dad12921e7c3d6df02a07fc8b22fc354007cd203942c51bd20,2015-12,Surrey Police,Northumbria Police,-1.660282,54.970280,On or near Atkinson Terrace,E01008291,Newcastle upon Tyne 027D,Violence and sexual offences,Investigation complete; no suspect identified,
6c5e32b8266716ce6c82663fb5addb92e20de2f84695c6855a5a074d77f4e9f8,2015-12,Surrey Police,Northumbria Police,-1.659928,54.969587,On or near Gerald Street,E01008291,Newcastle upon Tyne 027D,Violence and sexual offences,Under investigation,
30ab61138847e0b03dfbd1f0fceefd3f1de5492e19a14538f58e4ef70576ff72,2015-12,Surrey Police,Northumbria Police,-1.660963,54.969087,On or near Joan Street,E01008291,Newcastle upon Tyne 027D,Violence and sexual offences,Investigation complete; no suspect identified,
4e3dbd72513a5c986a3416bdb4791ae550ec84eeeab6d59517490714440b1ecc,2015-12,Surrey Police,Northumbria Police,-1.660282,54.970280,On or near Atkinson Terrace,E01008291,Newcastle upon Tyne 027D,Violence and sexual offences,Offender given community sentence,
,2015-12,Surrey Police,Northumbria Police,-1.681084,54.978676,On or near Bexley Avenue,E01008292,Newcastle upon Tyne 027E,Anti-social behaviour,,
f6f77772b15747a7fe66dbf0359c797120fde03346540ad12593e2ab086ae1df,2015-12,Surrey Police,Northumbria Police,-1.678296,54.979639,On or near Coldstream Road,E01008292,Newcastle upon Tyne 027E,Vehicle crime,Investigation complete; no suspect identified,
,2015-12,Surrey Police,Northumbria Police,-1.561666,54.974746,On or near Emily Street,E01008388,Newcastle upon Tyne 028A,Anti-social behaviour,,
,2015-12,Surrey Police,Northumbria Police,-1.565086,54.974857,On or near Canterbury Street,E01008388,Newcastle upon Tyne 028A,Anti-social behaviour,,
,2015-12,Surrey Police,Northumbria Police,-1.565086,54.974857,On or near Canterbury Street,E01008388,Newcastle upon Tyne 028A,Anti-social behaviour,,
,2015-12,Surrey Police,Northumbria Police,-1.567970,54.975469,On or near Morton Street,E01008388,Newcastle upon Tyne 028A,Anti-social behaviour,,
,2015-12,Surrey Police,Northumbria Police,-1.561666,54.974746,On or near Emily Street,E01008388,Newcastle upon Tyne 028A,Anti-social behaviour,,
,2015-12,Surrey Police,Northumbria Police,-1.565086,54.974857,On or near Canterbury Street,E01008388,Newcastle upon Tyne 028A,Anti-social behaviour,,
,2015-12,Surrey Police,Northumbria Police,-1.564305,54.974827,On or near Cresswell Street,E01008388,Newcastle upon Tyne 028A,Anti-social behaviour,,
,2015-12,Surrey Police,Northumbria Police,-1.567970,54.975469,On or near Morton Street,E01008388,Newcastle upon Tyne 028A,Anti-social behaviour,,
,2015-12,Surrey Police,Northumbria Police,-1.562122,54.973031,On or near Leicester Street,E01008388,Newcastle upon Tyne 028A,Anti-social behaviour,,
a7a981d64ade960f7672f820b1edd8fe9eb45f6aef9484d65952a32228785d38,2015-12,Surrey Police,Northumbria Police,-1.567970,54.975469,On or near Morton Street,E01008388,Newcastle upon Tyne 028A,Burglary,Investigation complete; no suspect identified,
4b7750e24bdfd0723e845a35db6aeb6dade70394b5f078d1bf46943e59d2bf4e,2015-12,Surrey Police,Northumbria Police,-1.565086,54.974857,On or near Canterbury Street,E01008388,Newcastle upon Tyne 028A,Criminal damage and arson,Investigation complete; no suspect identified,
81355561f98ed160e2b5432699be14e2b91a65bdb72537cc62dcb69098c87e73,2015-12,Surrey Police,Northumbria Police,-1.567970,54.975469,On or near Morton Street,E01008388,Newcastle upon Tyne 028A,Criminal damage and arson,Investigation complete; no suspect identified,
c55f7224ff2e999a65e6034e93bbc4f231b42c516d2270a0fe84f91d58eef072,2015-12,Surrey Police,Northumbria Police,-1.563565,54.975373,On or near Cullercoats Street,E01008388,Newcastle upon Tyne 028A,Criminal damage and arson,Investigation complete; no suspect identified,
8871a8b104eca483b072af9724b5d3b54c38b101fd94987639aa176e15df1732,2015-12,Surrey Police,Northumbria Police,-1.567970,54.975469,On or near Morton Street,E01008388,Newcastle upon Tyne 028A,Criminal damage and arson,Investigation complete; no suspect identified,
3bc94d845049266b002ff6c935ae0148c38b6e8978778d714a20bfba8f2c9a8f,2015-12,Surrey Police,Northumbria Police,-1.562565,54.973949,On or near Welbeck Road,E01008388,Newcastle upon Tyne 028A,Criminal damage and arson,Under investigation,
bd6a96a9473fffb89793ff611cfbab8ad8a3fac29931625b1ab8b951134000f7,2015-12,Surrey Police,Northumbria Police,-1.562565,54.973949,On or near Welbeck Road,E01008388,Newcastle upon Tyne 028A,Criminal damage and arson,Investigation complete; no suspect identified,
70200b7b9a3cafee531f8d41d6f91a4871641b97a53d361d41dcf982df191c91,2015-12,Surrey Police,Northumbria Police,-1.564305,54.974827,On or near Cresswell Street,E01008388,Newcastle upon Tyne 028A,Criminal damage and arson,Investigation complete; no suspect identified,
2696d68abc5967dcecc4ad509b08033deb371d274653ac9e0947d00a04fd60c4,2015-12,Surrey Police,Northumbria Police,-1.564592,54.972842,On or near Newbold Street,E01008388,Newcastle upon Tyne 028A,Drugs,Under investigation,
2c46548b5e0c2d1b20ae4bf376f3cf7b8e1c34029c991dd11da47d9732328331,2015-12,Surrey Police,Northumbria Police,-1.567970,54.975469,On or near Morton Street,E01008388,Newcastle upon Tyne 028A,Other theft,Investigation complete; no suspect identified,
f15897e944ef22798c814509a9519a73c107a2da48db287d7bb972bb96bd873c,2015-12,Surrey Police,Northumbria Police,-1.567970,54.975469,On or near Morton Street,E01008388,Newcastle upon Tyne 028A,Public order,Investigation complete; no suspect identified,
d29bd64b404c24eac29c711446cebc41d2c38a71e73c0b3f7c02982ce8635029,2015-12,Surrey Police,Northumbria Police,-1.565086,54.974857,On or near Canterbury Street,E01008388,Newcastle upon Tyne 028A,Violence and sexual offences,Under investigation,
08f975714a80bcf548b5f2e11c43dc6e715250c7f24353fc071a0d8cd5f1da93,2015-12,Surrey Police,Northumbria Police,-1.564305,54.974827,On or near Cresswell Street,E01008388,Newcastle upon Tyne 028A,Violence and sexual offences,Under investigation,
56d79751cd3e2f1da442b0a55884d42adb5f97f39e3950cdf6550030fc30e0a7,2015-12,Surrey Police,Northumbria Police,-1.565086,54.974857,On or near Canterbury Street,E01008388,Newcastle upon Tyne 028A,Violence and sexual offences,Under investigation,
df46f69db45b979e83de2cbc46a675dae4991bcf00713d96bc48b594c278db71,2015-12,Surrey Police,Northumbria Police,-1.567970,54.975469,On or near Morton Street,E01008388,Newcastle upon Tyne 028A,Violence and sexual offences,Under investigation,
428d74d7ba169b5b78397da97b54caeaf7073ea3a5ceefe39972de59cbcc6769,2015-12,Surrey Police,Northumbria Police,-1.562565,54.973949,On or near Welbeck Road,E01008388,Newcastle upon Tyne 028A,Violence and sexual offences,Investigation complete; no suspect identified,
8647edeb357be5f2d4250eafd6936f9fbd7d3a32088ac7f70a7ab6dcf484905b,2015-12,Surrey Police,Northumbria Police,-1.560499,54.972845,On or near Adelphi Place,E01008388,Newcastle upon Tyne 028A,Violence and sexual offences,Investigation complete; no suspect identified,
eb225559f9a416de0a8ef17ff8a1cac6b1d7bb860b56c7d05a2f070f406b5da0,2015-12,Surrey Police,Northumbria Police,-1.562565,54.973949,On or near Welbeck Road,E01008388,Newcastle upon Tyne 028A,Violence and sexual offences,Awaiting court outcome,
,2015-12,Surrey Police,Northumbria Police,-1.560959,54.967914,On or near Springwell Avenue,E01008389,Newcastle upon Tyne 028B,Anti-social behaviour,,
,2015-12,Surrey Police,Northumbria Police,-1.562097,54.969571,On or near Monkchester Road,E01008389,Newcastle upon Tyne 028B,Anti-social behaviour,,
,2015-12,Surrey Police,Northumbria Police,-1.562097,54.969571,On or near Monkchester Road,E01008389,Newcastle upon Tyne 028B,Anti-social behaviour,,
7f72843ef28fabd3b70cdb259de0e47333803ed2661ff491a42ec756354917d7,2015-12,Surrey Police,Northumbria Police,-1.560945,54.970636,On or near Sports/Recreation Area,E01008389,Newcastle upon Tyne 028B,Criminal damage and arson,Investigation complete; no suspect identified,
2a5bee51cf200f93702539d5249249bfc2ec1d645e9531ec1e3df2a050e8844b,2015-12,Surrey Police,Northumbria Police,-1.563916,54.970395,On or near Norbury Grove,E01008389,Newcastle upon Tyne 028B,Criminal damage and arson,Investigation complete; no suspect identified,
00bb810051b4dbbf050ed2b31d430d21931f2a0c88b0ba0093a61f7924536c40,2015-12,Surrey Police,Northumbria Police,-1.558490,54.968057,On or near Lichfield Avenue,E01008389,Newcastle upon Tyne 028B,Other theft,Under investigation,
b040712097c062b735f83fecf853047724c03b1b28526eee33735dd0e6172725,2015-12,Surrey Police,Northumbria Police,-1.560959,54.967914,On or near Springwell Avenue,E01008389,Newcastle upon Tyne 028B,Other theft,Under investigation,
b9ad17406cad1b13b5ffa0a39bf5d33a7a0e6a935038204563ca7e13af1c7d69,2015-12,Surrey Police,Northumbria Police,-1.558490,54.968057,On or near Lichfield Avenue,E01008389,Newcastle upon Tyne 028B,Vehicle crime,Investigation complete; no suspect identified,
b267a8d674e6c55d0cbbf5efb7a1706c95d37ef3460ce46734a8452413888cfb,2015-12,Surrey Police,Northumbria Police,-1.557740,54.969466,On or near St Anthony'S Road,E01008389,Newcastle upon Tyne 028B,Violence and sexual offences,Investigation complete; no suspect identified,
de919ac9743e1a85859b3365fec40695faac73cc8b74219ed805cc367cfef7b9,2015-12,Surrey Police,Northumbria Police,-1.559367,54.970685,On or near Sports/Recreation Area,E01008389,Newcastle upon Tyne 028B,Violence and sexual offences,Awaiting court outcome,
f35b377a0a285df1edbb86e10f86fccc3eec49581a588cfa186e7ff03c76bdc9,2015-12,Surrey Police,Northumbria Police,-1.564873,54.968566,On or near Kingston Avenue,E01008389,Newcastle upon Tyne 028B,Violence and sexual offences,Under investigation,
6e6b4e4404b36c0609b63b0e36c4cf4ec8e783a8e11b7e1274f01a1953288ab4,2015-12,Surrey Police,Northumbria Police,-1.563526,54.968911,On or near Wilton Avenue,E01008389,Newcastle upon Tyne 028B,Other crime,Awaiting court outcome,
,2015-12,Surrey Police,Northumbria Police,-1.558027,54.973223,On or near Belford Terrace,E01008426,Newcastle upon Tyne 028C,Anti-social behaviour,,
,2015-12,Surrey Police,Northumbria Police,-1.555752,54.972693,On or near Grasmere Avenue,E01008426,Newcastle upon Tyne 028C,Anti-social behaviour,,
,2015-12,Surrey Police,Northumbria Police,-1.552718,54.970130,On or near Mindrum Terrace,E01008426,Newcastle upon Tyne 028C,Anti-social behaviour,,
,2015-12,Surrey Police,Northumbria Police,-1.555752,54.972693,On or near Grasmere Avenue,E01008426,Newcastle upon Tyne 028C,Anti-social behaviour,,
397624de91808cea9187151d05d9f115c9622d1d0927b8609036756a6f4a3595,2015-12,Surrey Police,Northumbria Police,-1.554213,54.973416,On or near Christie Terrace,E01008426,Newcastle upon Tyne 028C,Bicycle theft,Investigation complete; no suspect identified,
bd0b91334e102149a59cb0c5e407069cdd8d77a4932e647886010b02fb924950,2015-12,Surrey Police,Northumbria Police,-1.555302,54.973824,On or near Parson'S Avenue,E01008426,Newcastle upon Tyne 028C,Criminal damage and arson,Investigation complete; no suspect identified,
dca55331f49e105bb798653645859621ef9ea4659d96b99a30ab8f641cb98213,2015-12,Surrey Police,Northumbria Police,-1.557960,54.973636,On or near Lowthian Crescent,E01008426,Newcastle upon Tyne 028C,Other theft,Under investigation,
efc0d31bde094a9b657010c89a9f9612ca093a4f69221df2aa43ee90dca70f7b,2015-12,Surrey Police,Northumbria Police,-1.555302,54.973824,On or near Parson'S Avenue,E01008426,Newcastle upon Tyne 028C,Violence and sexual offences,Investigation complete; no suspect identified,
17c261687a7fa78f65ce6f30af62c45258cd6b89731f9ac4b42ab894defc6d2f,2015-12,Surrey Police,Northumbria Police,-1.555752,54.972693,On or near Grasmere Avenue,E01008426,Newcastle upon Tyne 028C,Violence and sexual offences,Investigation complete; no suspect identified,
3925ab92726bd854be004bd5aa801ab692ab8f9f0dd3ec6812571f1476a7a950,2015-12,Surrey Police,Northumbria Police,-1.554213,54.973416,On or near Christie Terrace,E01008426,Newcastle upon Tyne 028C,Violence and sexual offences,Under investigation,
870a8470c0d91b771702aca0951c94bd8cbca4a8983ffd836e9bd4e22b0c2da7,2015-12,Surrey Police,Northumbria Police,-1.557960,54.973636,On or near Lowthian Crescent,E01008426,Newcastle upon Tyne 028C,Violence and sexual offences,Investigation complete; no suspect identified,
d94bf01d24f13e9ac3f743d0a815322368a9f4387416552382155710eaa6d49f,2015-12,Surrey Police,Northumbria Police,-1.558027,54.973223,On or near Belford Terrace,E01008426,Newcastle upon Tyne 028C,Violence and sexual offences,Awaiting court outcome,
aed7684fc6b9919de5e6e193eb69848a4b884ba728166c23ee0aef8b3540d910,2015-12,Surrey Police,Northumbria Police,-1.558073,54.970464,On or near St Anthony'S Road,E01008426,Newcastle upon Tyne 028C,Violence and sexual offences,Under investigation,
,2015-12,Surrey Police,Northumbria Police,-1.546817,54.974017,On or near Duncan Street,E01008429,Newcastle upon Tyne 028D,Anti-social behaviour,,
,2015-12,Surrey Police,Northumbria Police,-1.546817,54.974017,On or near Duncan Street,E01008429,Newcastle upon Tyne 028D,Anti-social behaviour,,
,2015-12,Surrey Police,Northumbria Police,-1.544466,54.976021,On or near Lightbourne Road,E01008429,Newcastle upon Tyne 028D,Anti-social behaviour,,
,2015-12,Surrey Police,Northumbria Police,-1.546817,54.974017,On or near Duncan Street,E01008429,Newcastle upon Tyne 028D,Anti-social behaviour,,
,2015-12,Surrey Police,Northumbria Police,-1.546817,54.974017,On or near Duncan Street,E01008429,Newcastle upon Tyne 028D,Anti-social behaviour,,
,2015-12,Surrey Police,Northumbria Police,-1.546817,54.974017,On or near Duncan Street,E01008429,Newcastle upon Tyne 028D,Anti-social behaviour,,
,2015-12,Surrey Police,Northumbria Police,-1.551964,54.974764,On or near Byker Street,E01008429,Newcastle upon Tyne 028D,Anti-social behaviour,,
,2015-12,Surrey Police,Northumbria Police,-1.546817,54.974017,On or near Duncan Street,E01008429,Newcastle upon Tyne 028D,Anti-social behaviour,,
,2015-12,Surrey Police,Northumbria Police,-1.546817,54.974017,On or near Duncan Street,E01008429,Newcastle upon Tyne 028D,Anti-social behaviour,,
981059b85cda445c96ed02e32b4270fe5d1601fc4cf7872a96c82e24bab6e831,2015-12,Surrey Police,Northumbria Police,-1.544352,54.975060,On or near Iona Place,E01008429,Newcastle upon Tyne 028D,Burglary,Investigation complete; no suspect identified,
ee5cb64758b18a4f7754b7fbd668cfb0c2fb20b742c365357e6b449af7fa5e45,2015-12,Surrey Police,Northumbria Police,-1.542448,54.974954,On or near Winslow Place,E01008429,Newcastle upon Tyne 028D,Burglary,Investigation complete; no suspect identified,
03fa8a964945f45749a5e69d539a140e02ec2c464ed6d4e622317ded2a4b3ad1,2015-12,Surrey Police,Northumbria Police,-1.542448,54.974954,On or near Winslow Place,E01008429,Newcastle upon Tyne 028D,Burglary,Investigation complete; no suspect identified,
05eaf8a97431ec0e733375a62a1a0ad462c835c9c7f8cdb5a33357502b08dc49,2015-12,Surrey Police,Northumbria Police,-1.548435,54.974580,On or near Ingram Terrace,E01008429,Newcastle upon Tyne 028D,Criminal damage and arson,Investigation complete; no suspect identified,
30d187f39fa83b80573db4778ea56be871e1751df729843216c530bf4e2f4c58,2015-12,Surrey Police,Northumbria Police,-1.550583,54.975289,On or near Philipson Street,E01008429,Newcastle upon Tyne 028D,Criminal damage and arson,Investigation complete; no suspect identified,
a0a07cedefb8f633fd6261281e0676cfd05caa1781e15f27bc9046b30ddf3981,2015-12,Surrey Police,Northumbria Police,-1.542448,54.974954,On or near Winslow Place,E01008429,Newcastle upon Tyne 028D,Criminal damage and arson,Investigation complete; no suspect identified,
e5a54f291a61bfed79e9a6508ee19a1f996954a5edc760c6ad1b294e3f6241d1,2015-12,Surrey Police,Northumbria Police,-1.546817,54.974017,On or near Duncan Street,E01008429,Newcastle upon Tyne 028D,Criminal damage and arson,Investigation complete; no suspect identified,
8e5acef54a969e366ae57bd1e25d755b3d0690f692a67473524b1f0af2633d11,2015-12,Surrey Police,Northumbria Police,-1.547876,54.975738,On or near Westbourne Avenue,E01008429,Newcastle upon Tyne 028D,Criminal damage and arson,Investigation complete; no suspect identified,
9c839e7dde7b82785655f9bba36603c5e20dbce9c68d1853e81ea5fc49994e9a,2015-12,Surrey Police,Northumbria Police,-1.546817,54.974017,On or near Duncan Street,E01008429,Newcastle upon Tyne 028D,Criminal damage and arson,Under investigation,
3866fe15b53c78df0460854ea56ca10558ee7e0d764a539fecea8d9109f8d4bd,2015-12,Surrey Police,Northumbria Police,-1.550583,54.975289,On or near Philipson Street,E01008429,Newcastle upon Tyne 028D,Criminal damage and arson,Investigation complete; no suspect identified,
a20955aecae9bd04c0e322d15fcd7f094285e726a364e5d64d99746bd0ceb004,2015-12,Surrey Police,Northumbria Police,-1.542448,54.974954,On or near Winslow Place,E01008429,Newcastle upon Tyne 028D,Other theft,Investigation complete; no suspect identified,
69cea070b147b88a3efc41881259acc160a124fb55645b8dc1d6680ae05b898e,2015-12,Surrey Police,Northumbria Police,-1.546817,54.974017,On or near Duncan Street,E01008429,Newcastle upon Tyne 028D,Possession of weapons,Awaiting court outcome,
dc3aa818d37aeccbab767d83570b8a80c74ad8d1079fd20749cd56f18304a2cb,2015-12,Surrey Police,Northumbria Police,-1.544466,54.976021,On or near Lightbourne Road,E01008429,Newcastle upon Tyne 028D,Public order,Under investigation,
44a91fbc4ebd88a42b92a6ce4fee78f5fd7bb1c8fe8af3141b31c90681fa2ae3,2015-12,Surrey Police,Northumbria Police,-1.540712,54.975064,On or near Bath Street,E01008429,Newcastle upon Tyne 028D,Shoplifting,Under investigation,
843bbcf5a5c14bd7f14092a6cc872eb5bae8182e68b815f46f2dd1234613fd40,2015-12,Surrey Police,Northumbria Police,-1.547876,54.975738,On or near Westbourne Avenue,E01008429,Newcastle upon Tyne 028D,Vehicle crime,Investigation complete; no suspect identified,
8bbdb6c09a103b6d2b6040d174817967154a2b198bf7545f25a327947f677767,2015-12,Surrey Police,Northumbria Police,-1.547876,54.975738,On or near Westbourne Avenue,E01008429,Newcastle upon Tyne 028D,Vehicle crime,Investigation complete; no suspect identified,
eea9b9b840a8207d9e856b2f86e48788b1280a6ae7732b513d998ebcba7ca984,2015-12,Surrey Police,Northumbria Police,-1.547876,54.975738,On or near Westbourne Avenue,E01008429,Newcastle upon Tyne 028D,Vehicle crime,Investigation complete; no suspect identified,
2ecd65cc5a6de3f3cd9c62f2a40648a16b17c96f2d2f66ed2b17f7517c1d83ad,2015-12,Surrey Police,Northumbria Police,-1.550583,54.975289,On or near Philipson Street,E01008429,Newcastle upon Tyne 028D,Violence and sexual offences,Investigation complete; no suspect identified,
04d97416c7a59cb95d85fc16d91067be351014bf4551e66dfbd22c1bfd52049c,2015-12,Surrey Police,Northumbria Police,-1.546817,54.974017,On or near Duncan Street,E01008429,Newcastle upon Tyne 028D,Violence and sexual offences,Under investigation,
a353f78f4e0de7c787d7aefdb455b0396ec3b42a53fe9ac990fcc64b0a5a07f5,2015-12,Surrey Police,Northumbria Police,-1.546817,54.974017,On or near Duncan Street,E01008429,Newcastle upon Tyne 028D,Violence and sexual offences,Awaiting court outcome,
955787b19bde1f85e93106406ee3637d776d5d676f60c9c6611e05ae60b88c93,2015-12,Surrey Police,Northumbria Police,-1.546817,54.974017,On or near Duncan Street,E01008429,Newcastle upon Tyne 028D,Violence and sexual offences,Awaiting court outcome,
d579450cb85e17407f72a645da521e9b56c963246f3072229d271ed34f665e9a,2015-12,Surrey Police,Northumbria Police,-1.546817,54.974017,On or near Duncan Street,E01008429,Newcastle upon Tyne 028D,Violence and sexual offences,Offender given a caution,
6590bc54f9e0a2f6aa13301db13c576df7c844dbf1d3892f2eab9c1b2f4d56f1,2015-12,Surrey Police,Northumbria Police,-1.550583,54.975289,On or near Philipson Street,E01008429,Newcastle upon Tyne 028D,Violence and sexual offences,Investigation complete; no suspect identified,
327b8bb5853dbf92894250c846455fef2a8496a61ecd4cdb05ce610633d0a2f8,2015-12,Surrey Police,Northumbria Police,-1.551964,54.974764,On or near Byker Street,E01008429,Newcastle upon Tyne 028D,Violence and sexual offences,Investigation complete; no suspect identified,
f74b61ec1a39410cbb2acfc9df3c82fda6e071df85399cd7e0d5af5a1620c704,2015-12,Surrey Police,Northumbria Police,-1.546817,54.974017,On or near Duncan Street,E01008429,Newcastle upon Tyne 028D,Violence and sexual offences,Awaiting court outcome,
,2015-12,Surrey Police,Northumbria Police,-1.641060,54.972930,On or near Supermarket,E01008331,Newcastle upon Tyne 029A,Anti-social behaviour,,
,2015-12,Surrey Police,Northumbria Police,-1.642950,54.971201,On or near Tweed Street,E01008331,Newcastle upon Tyne 029A,Anti-social behaviour,,
,2015-12,Surrey Police,Northumbria Police,-1.637935,54.969524,On or near Sovereign Place,E01008331,Newcastle upon Tyne 029A,Anti-social behaviour,,
,2015-12,Surrey Police,Northumbria Police,-1.641060,54.972930,On or near Supermarket,E01008331,Newcastle upon Tyne 029A,Anti-social behaviour,,
,2015-12,Surrey Police,Northumbria Police,-1.637935,54.969524,On or near Sovereign Place,E01008331,Newcastle upon Tyne 029A,Anti-social behaviour,,
,2015-12,Surrey Police,Northumbria Police,-1.642950,54.971201,On or near Tweed Street,E01008331,Newcastle upon Tyne 029A,Anti-social behaviour,,
,2015-12,Surrey Police,Northumbria Police,-1.642950,54.971201,On or near Tweed Street,E01008331,Newcastle upon Tyne 029A,Anti-social behaviour,,
,2015-12,Surrey Police,Northumbria Police,-1.641060,54.972930,On or near Supermarket,E01008331,Newcastle upon Tyne 029A,Anti-social behaviour,,
,2015-12,Surrey Police,Northumbria Police,-1.638768,54.970703,On or near Britannia Place,E01008331,Newcastle upon Tyne 029A,Anti-social behaviour,,
,2015-12,Surrey Police,Northumbria Police,-1.641060,54.972930,On or near Supermarket,E01008331,Newcastle upon Tyne 029A,Anti-social behaviour,,
52262883bed067d9f2cbfc075a1197d85bf66a762e213e8257abc9688df8919c,2015-12,Surrey Police,Northumbria Police,-1.641060,54.972930,On or near Supermarket,E01008331,Newcastle upon Tyne 029A,Bicycle theft,Investigation complete; no suspect identified,
312e8814d25cf581991c96c99ef1ca8d93238be70c28a3226d0e781d728bf2b3,2015-12,Surrey Police,Northumbria Police,-1.637935,54.969524,On or near Sovereign Place,E01008331,Newcastle upon Tyne 029A,Criminal damage and arson,Investigation complete; no suspect identified,
70d587e78e03d0f09ef8505e71499f1c8afb050ea7c51e9aae54b66a2a585174,2015-12,Surrey Police,Northumbria Police,-1.638768,54.970703,On or near Britannia Place,E01008331,Newcastle upon Tyne 029A,Criminal damage and arson,Investigation complete; no suspect identified,
5a0bb72395ce9ff77d6a51a6b436febd57c5947d682d246b3ac34725b62be744,2015-12,Surrey Police,Northumbria Police,-1.637175,54.972352,On or near Gloucester Road,E01008331,Newcastle upon Tyne 029A,Criminal damage and arson,Under investigation,
3d6ced20240087bba72f690ab176e52b7b719a123e6d85efaaacfc2f87029540,2015-12,Surrey Police,Northumbria Police,-1.637935,54.969524,On or near Sovereign Place,E01008331,Newcastle upon Tyne 029A,Criminal damage and arson,Investigation complete; no suspect identified,
006719513ca2dab5d5f01bf11de4b4093f96ed296fc167548fd9d9a077d2aef7,2015-12,Surrey Police,Northumbria Police,-1.638768,54.970703,On or near Britannia Place,E01008331,Newcastle upon Tyne 029A,Criminal damage and arson,Investigation complete; no suspect identified,
5654e061c06bc2171752fa21b60daee6c160154b30876efa6be958fe8975771f,2015-12,Surrey Police,Northumbria Police,-1.641060,54.972930,On or near Supermarket,E01008331,Newcastle upon Tyne 029A,Other theft,Investigation complete; no suspect identified,
291dbbb6d3ada303e6658a3ab02491b2ee972a4526786efab92ddb35bfce954a,2015-12,Surrey Police,Northumbria Police,-1.639030,54.971118,On or near Sceptre Street,E01008331,Newcastle upon Tyne 029A,Other theft,Investigation complete; no suspect identified,
8d2a11bd2b4860eed4361c50da1d59d4a848f304fbd477d7ff2be5f75a592e02,2015-12,Surrey Police,Northumbria Police,-1.642950,54.971201,On or near Tweed Street,E01008331,Newcastle upon Tyne 029A,Possession of weapons,Offender sent to prison,
e8cc2dc0e97d59f8e3bfd3c140350b58be4473e13e12d8ae720d37caf241b2f0,2015-12,Surrey Police,Northumbria Police,-1.642950,54.971201,On or near Tweed Street,E01008331,Newcastle upon Tyne 029A,Public order,Investigation complete; no suspect identified,
1d3f04b2f5db32f49a5e5fd03ae31586ce8e819bf72244bead3bb30cb65579ff,2015-12,Surrey Police,Northumbria Police,-1.642950,54.971201,On or near Tweed Street,E01008331,Newcastle upon Tyne 029A,Public order,Offender sent to prison,
9f3bc74268e4524df58fbdbabc66d2b6bea7edcc3d2d79a60cdcea984b654a3f,2015-12,Surrey Police,Northumbria Police,-1.641060,54.972930,On or near Supermarket,E01008331,Newcastle upon Tyne 029A,Shoplifting,Offender given absolute discharge,
5205b269cb6372d3b483e75cf45ed3b4141cd22353e89a8f1cb3de86583e36ac,2015-12,Surrey Police,Northumbria Police,-1.641060,54.972930,On or near Supermarket,E01008331,Newcastle upon Tyne 029A,Shoplifting,Under investigation,
5295b47dd1e413b35c5c59a830fb4eb4944f5722c155daea049c3072e69c5fce,2015-12,Surrey Police,Northumbria Police,-1.641060,54.972930,On or near Supermarket,E01008331,Newcastle upon Tyne 029A,Shoplifting,Awaiting court outcome,
0c292fe189ce9697de33e43211edfd6142399ed456e79c37c7c082afa38ba75d,2015-12,Surrey Police,Northumbria Police,-1.641060,54.972930,On or near Supermarket,E01008331,Newcastle upon Tyne 029A,Shoplifting,Awaiting court outcome,
823ea2c50ada6e892a7cddb80763ffce800e705fa408ab043a6fd15cd2e8c60c,2015-12,Surrey Police,Northumbria Police,-1.641060,54.972930,On or near Supermarket,E01008331,Newcastle upon Tyne 029A,Shoplifting,Investigation complete; no suspect identified,
2748cccc49856767fe1029a3116acda1382b8a6e9e537a85d598803d83931255,2015-12,Surrey Police,Northumbria Police,-1.641060,54.972930,On or near Supermarket,E01008331,Newcastle upon Tyne 029A,Shoplifting,Under investigation,
538a7c52313792244d7ee3151786b810f32279a9d9fd06e5593935c87d53420e,2015-12,Surrey Police,Northumbria Police,-1.641060,54.972930,On or near Supermarket,E01008331,Newcastle upon Tyne 029A,Shoplifting,Investigation complete; no suspect identified,
05d290d7b2852344c2e6a2d1152806779a749498cdfdb9896d4facef8271587e,2015-12,Surrey Police,Northumbria Police,-1.637175,54.972352,On or near Gloucester Road,E01008331,Newcastle upon Tyne 029A,Shoplifting,Investigation complete; no suspect identified,
bc28cc102fdf642bc23188122633495330a7cdd00c0d8f962940f45cd35247fd,2015-12,Surrey Police,Northumbria Police,-1.641060,54.972930,On or near Supermarket,E01008331,Newcastle upon Tyne 029A,Shoplifting,Investigation complete; no suspect identified,
2372fc96f07a2a0670d595233367ab062b21e65fda7aef454c76323848f7257c,2015-12,Surrey Police,Northumbria Police,-1.641060,54.972930,On or near Supermarket,E01008331,Newcastle upon Tyne 029A,Shoplifting,Under investigation,
72e3a4de246c1db10ba9fa812812f09de14db14b07d81c9b6dbf16e60718efa6,2015-12,Surrey Police,Northumbria Police,-1.641060,54.972930,On or near Supermarket,E01008331,Newcastle upon Tyne 029A,Shoplifting,Under investigation,
8601689e60864d045f9e47306c4411bb4efee30c4a449279e79de9466fbf1ac8,2015-12,Surrey Police,Northumbria Police,-1.637935,54.969524,On or near Sovereign Place,E01008331,Newcastle upon Tyne 029A,Vehicle crime,Offender given suspended prison sentence,
3bba2e788bc7fac113323947ab352c5190d0e15f4e0fc61fc97adaafa3aefeb9,2015-12,Surrey Police,Northumbria Police,-1.642293,54.973032,On or near Lynnwood Terrace,E01008331,Newcastle upon Tyne 029A,Violence and sexual offences,Under investigation,
c83edeb5f5f09833826738bdb6c41524f6eb69d4d7adfc3144b0e93af15fa210,2015-12,Surrey Police,Northumbria Police,-1.640005,54.972127,On or near Hartington Street,E01008331,Newcastle upon Tyne 029A,Violence and sexual offences,Investigation complete; no suspect identified,
f888ee6ddc51d4be1430d6835085dc0b06610cc6039fb0c8a243ddfa7db64c85,2015-12,Surrey Police,Northumbria Police,-1.642551,54.970445,On or near Hull Street,E01008331,Newcastle upon Tyne 029A,Violence and sexual offences,Under investigation,
6573a956df9e32206b300a0d5dd36e8f40f9c6ff4e64548cff0902747d1fedec,2015-12,Surrey Police,Northumbria Police,-1.642551,54.970445,On or near Hull Street,E01008331,Newcastle upon Tyne 029A,Violence and sexual offences,Investigation complete; no suspect identified,
494372d6ff51e76a5bf16fa64cfd533828a4edfd6846cd966dd2127a8a538339,2015-12,Surrey Police,Northumbria Police,-1.640113,54.970573,On or near Sceptre Place,E01008331,Newcastle upon Tyne 029A,Violence and sexual offences,Awaiting court outcome,
84de1c42a5ea5dcd1b7e16ace6ace0196ec9f98023194022530944ed8f7379d3,2015-12,Surrey Police,Northumbria Police,-1.637935,54.969524,On or near Sovereign Place,E01008331,Newcastle upon Tyne 029A,Violence and sexual offences,Investigation complete; no suspect identified,
755498386f5864651dbe48e7ba6df00ecb3a7a309d619f7de5a2ff248d6773c2,2015-12,Surrey Police,Northumbria Police,-1.640113,54.970573,On or near Sceptre Place,E01008331,Newcastle upon Tyne 029A,Violence and sexual offences,Awaiting court outcome,
,2015-12,Surrey Police,Northumbria Police,-1.657815,54.970138,On or near Adelaide Terrace,E01008332,Newcastle upon Tyne 029B,Anti-social behaviour,,
,2015-12,Surrey Police,Northumbria Police,-1.656937,54.970486,On or near Cochrane Street,E01008332,Newcastle upon Tyne 029B,Anti-social behaviour,,
,2015-12,Surrey Police,Northumbria Police,-1.656937,54.970486,On or near Cochrane Street,E01008332,Newcastle upon Tyne 029B,Anti-social behaviour,,
,2015-12,Surrey Police,Northumbria Police,-1.657815,54.970138,On or near Adelaide Terrace,E01008332,Newcastle upon Tyne 029B,Anti-social behaviour,,
,2015-12,Surrey Police,Northumbria Police,-1.656937,54.970486,On or near Cochrane Street,E01008332,Newcastle upon Tyne 029B,Anti-social behaviour,,
,2015-12,Surrey Police,Northumbria Police,-1.654458,54.973616,On or near Hampstead Road,E01008332,Newcastle upon Tyne 029B,Anti-social behaviour,,
,2015-12,Surrey Police,Northumbria Police,-1.657815,54.970138,On or near Adelaide Terrace,E01008332,Newcastle upon Tyne 029B,Anti-social behaviour,,
,2015-12,Surrey Police,Northumbria Police,-1.654458,54.973616,On or near Hampstead Road,E01008332,Newcastle upon Tyne 029B,Anti-social behaviour,,
,2015-12,Surrey Police,Northumbria Police,-1.658704,54.972136,On or near Dolphin Street,E01008332,Newcastle upon Tyne 029B,Anti-social behaviour,,
,2015-12,Surrey Police,Northumbria Police,-1.657815,54.970138,On or near Adelaide Terrace,E01008332,Newcastle upon Tyne 029B,Anti-social behaviour,,
,2015-12,Surrey Police,Northumbria Police,-1.653139,54.972534,On or near Fairholm Road,E01008332,Newcastle upon Tyne 029B,Anti-social behaviour,,
,2015-12,Surrey Police,Northumbria Police,-1.656937,54.970486,On or near Cochrane Street,E01008332,Newcastle upon Tyne 029B,Anti-social behaviour,,
,2015-12,Surrey Police,Northumbria Police,-1.653139,54.972534,On or near Fairholm Road,E01008332,Newcastle upon Tyne 029B,Anti-social behaviour,,
,2015-12,Surrey Police,Northumbria Police,-1.658704,54.972136,On or near Dolphin Street,E01008332,Newcastle upon Tyne 029B,Anti-social behaviour,,
,2015-12,Surrey Police,Northumbria Police,-1.656937,54.970486,On or near Cochrane Street,E01008332,Newcastle upon Tyne 029B,Anti-social behaviour,,
,2015-12,Surrey Police,Northumbria Police,-1.654454,54.970435,On or near Beech Street,E01008332,Newcastle upon Tyne 029B,Anti-social behaviour,,
03f53cc77dd212dfdb9c59c37bba12eba8c7127fdef1e528881a431d6e91dccc,2015-12,Surrey Police,Northumbria Police,-1.657427,54.971611,On or near Bond Court,E01008332,Newcastle upon Tyne 029B,Bicycle theft,Investigation complete; no suspect identified,
ee0a279af71387bc83b1f289fdeccc651064d267b005c0e5584ee0952bc9c8b1,2015-12,Surrey Police,Northumbria Police,-1.656937,54.970486,On or near Cochrane Street,E01008332,Newcastle upon Tyne 029B,Criminal damage and arson,Investigation complete; no suspect identified,
e8cce553a20978f0858d5aae99ac46c008a335aa9f5a8119175c2e40a0a2445d,2015-12,Surrey Police,Northumbria Police,-1.656102,54.973180,On or near Wellfield Road,E01008332,Newcastle upon Tyne 029B,Criminal damage and arson,Investigation complete; no suspect identified,
c9fb8fb9348e980c3ec6d6f7e89a488494f8bd52c2d51b4a4401fd83c7b97a5e,2015-12,Surrey Police,Northumbria Police,-1.657815,54.970138,On or near Adelaide Terrace,E01008332,Newcastle upon Tyne 029B,Criminal damage and arson,Investigation complete; no suspect identified,
d58c4d4eccc7521322645720a46ba30d13556dc179f791933bf69cb621e9efa1,2015-12,Surrey Police,Northumbria Police,-1.655661,54.971687,On or near Barnesbury Road,E01008332,Newcastle upon Tyne 029B,Drugs,Under investigation,
d5375c72148622b8fd3e35d9cd9535098bc6cefc84121aef91959e2f96b8071b,2015-12,Surrey Police,Northumbria Police,-1.653139,54.972534,On or near Fairholm Road,E01008332,Newcastle upon Tyne 029B,Other theft,Investigation complete; no suspect identified,
a4f1e3c8199519217d72371c526cb0670bebd15152caa8165b3b20e90cd19159,2015-12,Surrey Police,Northumbria Police,-1.655539,54.971426,On or near Gill Street,E01008332,Newcastle upon Tyne 029B,Other theft,Investigation complete; no suspect identified,
eae6fc33fd38cac95a5e88aa1c0c52d2dcbdf4d36436740d733f06c309bedf49,2015-12,Surrey Police,Northumbria Police,-1.655539,54.971426,On or near Gill Street,E01008332,Newcastle upon Tyne 029B,Other theft,Under investigation,
e56144a19847e7c302c42ab7997edea9b3101d7c4b9ebd3b1aa2cb141a8525ad,2015-12,Surrey Police,Northumbria Police,-1.657815,54.970138,On or near Adelaide Terrace,E01008332,Newcastle upon Tyne 029B,Other theft,Under investigation,
8036bfefcc4bd97c3546a705572e74cbc09c201baf4d9f8ae72a671c9273a43d,2015-12,Surrey Police,Northumbria Police,-1.655752,54.970249,On or near Supermarket,E01008332,Newcastle upon Tyne 029B,Shoplifting,Investigation complete; no suspect identified,
de835d5dee3afafe027363d5e03694c994cc46e894d98c95f20425f5aee61054,2015-12,Surrey Police,Northumbria Police,-1.657815,54.970138,On or near Adelaide Terrace,E01008332,Newcastle upon Tyne 029B,Shoplifting,Investigation complete; no suspect identified,
6ac13d8d1135d8a29c9886a916cef4fec464b699a3eb3313f40df4ecfd3a4489,2015-12,Surrey Police,Northumbria Police,-1.657427,54.971611,On or near Bond Court,E01008332,Newcastle upon Tyne 029B,Vehicle crime,Investigation complete; no suspect identified,
d5862f6d0f8608393cebe701d73d4b4e920628aedb721429201902d649d826dc,2015-12,Surrey Police,Northumbria Police,-1.654458,54.973616,On or near Hampstead Road,E01008332,Newcastle upon Tyne 029B,Vehicle crime,Investigation complete; no suspect identified,
01a20032ecc29c2efd69be200afb8385eb70742b70aed7307231e8a0482fd226,2015-12,Surrey Police,Northumbria Police,-1.657815,54.970138,On or near Adelaide Terrace,E01008332,Newcastle upon Tyne 029B,Violence and sexual offences,Under investigation,
7139ea28e2e1df61bc6a887280c0a02b99369d443956d014f666708ba1878f17,2015-12,Surrey Police,Northumbria Police,-1.656937,54.970486,On or near Cochrane Street,E01008332,Newcastle upon Tyne 029B,Violence and sexual offences,Under investigation,
aeddd67defee607e1cb2f1afb1849fb40a495b6e675a6a79ca35e06a9f54063f,2015-12,Surrey Police,Northumbria Police,-1.658322,54.974813,On or near Colston Street,E01008332,Newcastle upon Tyne 029B,Violence and sexual offences,Under investigation,
4daac88f86e843bf063c5646c1f7e186395c8579aee05298fc16b3c57c362832,2015-12,Surrey Police,Northumbria Police,-1.656699,54.974593,On or near Strathmore Crescent,E01008332,Newcastle upon Tyne 029B,Violence and sexual offences,Under investigation,
096f4bfe6abc464961e4a4bd7173f8c6b7fc1f3c7a1f7548281f833d7663c468,2015-12,Surrey Police,Northumbria Police,-1.658322,54.974813,On or near Colston Street,E01008332,Newcastle upon Tyne 029B,Violence and sexual offences,Offender given a caution,
60146b638fa88020b2060d59435f91aa5744f4b4b85d9eb0a21c0d1e1d196e03,2015-12,Surrey Police,Northumbria Police,-1.655661,54.971687,On or near Barnesbury Road,E01008332,Newcastle upon Tyne 029B,Violence and sexual offences,Investigation complete; no suspect identified,
952be7c2b101c8466ef137815bbfcdfc29e07d028133066f47aa45ee672abc99,2015-12,Surrey Police,Northumbria Police,-1.656159,54.973809,On or near Farndale Road,E01008332,Newcastle upon Tyne 029B,Violence and sexual offences,Under investigation,
bde80513aed7329be75ff7cd13a180edbee3f7e0f38fa8d4cffa7afbb359f32b,2015-12,Surrey Police,Northumbria Police,-1.655661,54.971687,On or near Barnesbury Road,E01008332,Newcastle upon Tyne 029B,Violence and sexual offences,Investigation complete; no suspect identified,
3cc471d716ae8b6b85e6ca5e7121c59da1a022961c443ce779cfd134df0e6898,2015-12,Surrey Police,Northumbria Police,-1.654458,54.973616,On or near Hampstead Road,E01008332,Newcastle upon Tyne 029B,Other crime,Under investigation,
5d1711f6eab6aa99d76643bd49cd73be09c2b7a0352d755ddfb992a67b5066f9,2015-12,Surrey Police,Northumbria Police,-1.657685,54.974326,On or near Canning Street,E01008332,Newcastle upon Tyne 029B,Other crime,Investigation complete; no suspect identified,
,2015-12,Surrey Police,Northumbria Police,-1.645188,54.974254,On or near Westgate Road,E01008333,Newcastle upon Tyne 029C,Anti-social behaviour,,
,2015-12,Surrey Police,Northumbria Police,-1.644416,54.973209,On or near Lynnwood Avenue,E01008333,Newcastle upon Tyne 029C,Anti-social behaviour,,
,2015-12,Surrey Police,Northumbria Police,-1.649759,54.973225,On or near Western Avenue,E01008333,Newcastle upon Tyne 029C,Anti-social behaviour,,
,2015-12,Surrey Police,Northumbria Police,-1.643107,54.969332,On or near Bentinck Street,E01008333,Newcastle upon Tyne 029C,Anti-social behaviour,,
,2015-12,Surrey Police,Northumbria Police,-1.645188,54.974254,On or near Westgate Road,E01008333,Newcastle upon Tyne 029C,Anti-social behaviour,,
,2015-12,Surrey Police,Northumbria Police,-1.643107,54.969332,On or near Bentinck Street,E01008333,Newcastle upon Tyne 029C,Anti-social behaviour,,
,2015-12,Surrey Police,Northumbria Police,-1.650478,54.974961,On or near Petrol Station,E01008333,Newcastle upon Tyne 029C,Anti-social behaviour,,
,2015-12,Surrey Police,Northumbria Police,-1.646261,54.969458,On or near St. Michaels Close,E01008333,Newcastle upon Tyne 029C,Anti-social behaviour,,
,2015-12,Surrey Police,Northumbria Police,-1.645188,54.974254,On or near Westgate Road,E01008333,Newcastle upon Tyne 029C,Anti-social behaviour,,
,2015-12,Surrey Police,Northumbria Police,-1.650153,54.974646,On or near Keldane Gardens,E01008333,Newcastle upon Tyne 029C,Anti-social behaviour,,
bcfcda061b2961e862b5d1fbbe305884021c0c9a0226a61c98be49490087f322,2015-12,Surrey Police,Northumbria Police,-1.643711,54.969945,On or near Durham Street,E01008333,Newcastle upon Tyne 029C,Burglary,Investigation complete; no suspect identified,
e9c0e7b5d0a1d9769dca37ec17a6f4e5df04f7c5d09e225f88fb2266debd7ed5,2015-12,Surrey Police,Northumbria Police,-1.644951,54.971045,On or near Mcewan Gardens,E01008333,Newcastle upon Tyne 029C,Criminal damage and arson,Investigation complete; no suspect identified,
da53c6edc4534b4e103a103c89534c445088c580ee492153e4f41bcb18d81f1d,2015-12,Surrey Police,Northumbria Police,-1.643107,54.969332,On or near Bentinck Street,E01008333,Newcastle upon Tyne 029C,Criminal damage and arson,Awaiting court outcome,
2ccbf183aefba89115319d2b27a4a37a8fee5ddfdc4082c928feca3183fe5531,2015-12,Surrey Police,Northumbria Police,-1.647647,54.971718,On or near Grainger Park Road,E01008333,Newcastle upon Tyne 029C,Criminal damage and arson,Awaiting court outcome,
1bd918bcea1329a4ef05ddfe4be61fe499322b6344271b42f0e84aaf53588847,2015-12,Surrey Police,Northumbria Police,-1.643107,54.969332,On or near Bentinck Street,E01008333,Newcastle upon Tyne 029C,Drugs,Awaiting court outcome,
036becdc251514b612ec45310f5cff03c3892e58de1439455523307ac4c1cb76,2015-12,Surrey Police,Northumbria Police,-1.650478,54.974961,On or near Petrol Station,E01008333,Newcastle upon Tyne 029C,Other theft,Investigation complete; no suspect identified,
1ad645a2280b7ade1c583fb381ae2b093ab5825c1ae1362dcc3f3157a59524d3,2015-12,Surrey Police,Northumbria Police,-1.644416,54.973209,On or near Lynnwood Avenue,E01008333,Newcastle upon Tyne 029C,Other theft,Investigation complete; no suspect identified,
1a2b0080e9ae78738b1ed226bd19e145a1c6d9ea4ac2bd5cac439d81b3b86986,2015-12,Surrey Police,Northumbria Police,-1.645786,54.972018,On or near Dunholme Road,E01008333,Newcastle upon Tyne 029C,Other theft,Investigation complete; no suspect identified,
6fbc018cb16f519826351c9cdea6b746a6525340299b411488457769f0d1fa0c,2015-12,Surrey Police,Northumbria Police,-1.650478,54.974961,On or near Petrol Station,E01008333,Newcastle upon Tyne 029C,Other theft,Investigation complete; no suspect identified,
464b6638ce4d6be6773ee4e0fa55580ea75c443020be01e2bde41667d22c9f46,2015-12,Surrey Police,Northumbria Police,-1.646261,54.969458,On or near St. Michaels Close,E01008333,Newcastle upon Tyne 029C,Other theft,Investigation complete; no suspect identified,
a4f4544f0d0b8c441d3d43cc4f8021e8faaa1c79d89a4b60d33406ef77658209,2015-12,Surrey Police,Northumbria Police,-1.645188,54.974254,On or near Westgate Road,E01008333,Newcastle upon Tyne 029C,Possession of weapons,Under investigation,
2c4b0760228d5030f737aca4e9684b1065148b4c4922b5cfd0bef46586522014,2015-12,Surrey Police,Northumbria Police,-1.643107,54.969332,On or near Bentinck Street,E01008333,Newcastle upon Tyne 029C,Possession of weapons,Awaiting court outcome,
f608e972a94d37b99b7b79cd84b297167aec7e46c9f39a968fa35ead2dc2ad18,2015-12,Surrey Police,Northumbria Police,-1.640732,54.969406,On or near Malvern Street,E01008333,Newcastle upon Tyne 029C,Public order,Awaiting court outcome,
bf6525a090a6183e94c6d1d78f898b52230527ab9ec82a3e1e70f306c5584e53,2015-12,Surrey Police,Northumbria Police,-1.645786,54.972018,On or near Dunholme Road,E01008333,Newcastle upon Tyne 029C,Vehicle crime,Investigation complete; no suspect identified,
69a923f867482bcfd3bb6622060bd3c9a290c05bc1e077ef440bfa98cb9e3179,2015-12,Surrey Police,Northumbria Police,-1.646261,54.969458,On or near St. Michaels Close,E01008333,Newcastle upon Tyne 029C,Vehicle crime,Investigation complete; no suspect identified,
b4862ba98df0e3fcfea759b5912a499720d47521982a67eb720fc8cf776de519,2015-12,Surrey Police,Northumbria Police,-1.643107,54.969332,On or near Bentinck Street,E01008333,Newcastle upon Tyne 029C,Violence and sexual offences,Under investigation,
a013301c4151755ab2542c9dde15e445b9c196fb591cba758679c17980718c28,2015-12,Surrey Police,Northumbria Police,-1.646261,54.969458,On or near St. Michaels Close,E01008333,Newcastle upon Tyne 029C,Violence and sexual offences,Awaiting court outcome,
cb90ca121f8b94e0553562b11ae2deda1c09ece7575f6ea9e745606f80dabd56,2015-12,Surrey Police,Northumbria Police,-1.640732,54.969406,On or near Malvern Street,E01008333,Newcastle upon Tyne 029C,Violence and sexual offences,Under investigation,
c73f4cfe9cf310584e4bc0017fdd682035dcb4f33f40a12be862d340afdd93d5,2015-12,Surrey Police,Northumbria Police,-1.643107,54.969332,On or near Bentinck Street,E01008333,Newcastle upon Tyne 029C,Violence and sexual offences,Under investigation,
c95e956eab43516346af075ecbb590b5c36dbe39b310c254d007cf5daf0f22d7,2015-12,Surrey Police,Northumbria Police,-1.643107,54.969332,On or near Bentinck Street,E01008333,Newcastle upon Tyne 029C,Other crime,Under investigation,
4c783a26a9a82045aa9e2d1a58ab1f6a6b9c2bb69d3b9bad13e2f0b4dcc9ec82,2015-12,Surrey Police,Northumbria Police,-1.644951,54.971045,On or near Mcewan Gardens,E01008333,Newcastle upon Tyne 029C,Other crime,Awaiting court outcome,
,2015-12,Surrey Police,Northumbria Police,-1.659676,54.971689,On or near Nichol Street,E01008334,Newcastle upon Tyne 029D,Anti-social behaviour,,
,2015-12,Surrey Police,Northumbria Police,-1.659676,54.971689,On or near Nichol Street,E01008334,Newcastle upon Tyne 029D,Anti-social behaviour,,
,2015-12,Surrey Police,Northumbria Police,-1.656873,54.976148,On or near West Road,E01008334,Newcastle upon Tyne 029D,Anti-social behaviour,,
,2015-12,Surrey Police,Northumbria Police,-1.661964,54.974616,On or near Heyburn Gardens,E01008334,Newcastle upon Tyne 029D,Anti-social behaviour,,
,2015-12,Surrey Police,Northumbria Police,-1.656873,54.976148,On or near West Road,E01008334,Newcastle upon Tyne 029D,Anti-social behaviour,,
,2015-12,Surrey Police,Northumbria Police,-1.659676,54.971689,On or near Nichol Street,E01008334,Newcastle upon Tyne 029D,Anti-social behaviour,,
,2015-12,Surrey Police,Northumbria Police,-1.659628,54.973684,On or near Condercum Road,E01008334,Newcastle upon Tyne 029D,Anti-social behaviour,,
,2015-12,Surrey Police,Northumbria Police,-1.663083,54.971573,On or near Benwell Lane,E01008334,Newcastle upon Tyne 029D,Anti-social behaviour,,
,2015-12,Surrey Police,Northumbria Police,-1.656873,54.976148,On or near West Road,E01008334,Newcastle upon Tyne 029D,Anti-social behaviour,,
,2015-12,Surrey Police,Northumbria Police,-1.659676,54.971689,On or near Nichol Street,E01008334,Newcastle upon Tyne 029D,Anti-social behaviour,,
,2015-12,Surrey Police,Northumbria Police,-1.663083,54.971573,On or near Benwell Lane,E01008334,Newcastle upon Tyne 029D,Anti-social behaviour,,
,2015-12,Surrey Police,Northumbria Police,-1.659676,54.971689,On or near Nichol Street,E01008334,Newcastle upon Tyne 029D,Anti-social behaviour,,
,2015-12,Surrey Police,Northumbria Police,-1.656873,54.976148,On or near West Road,E01008334,Newcastle upon Tyne 029D,Anti-social behaviour,,
,2015-12,Surrey Police,Northumbria Police,-1.656873,54.976148,On or near West Road,E01008334,Newcastle upon Tyne 029D,Anti-social behaviour,,
,2015-12,Surrey Police,Northumbria Police,-1.656873,54.976148,On or near West Road,E01008334,Newcastle upon Tyne 029D,Anti-social behaviour,,
,2015-12,Surrey Police,Northumbria Police,-1.659676,54.971689,On or near Nichol Street,E01008334,Newcastle upon Tyne 029D,Anti-social behaviour,,
,2015-12,Surrey Police,Northumbria Police,-1.659676,54.971689,On or near Nichol Street,E01008334,Newcastle upon Tyne 029D,Anti-social behaviour,,
,2015-12,Surrey Police,Northumbria Police,-1.659676,54.971689,On or near Nichol Street,E01008334,Newcastle upon Tyne 029D,Anti-social behaviour,,
,2015-12,Surrey Police,Northumbria Police,-1.659676,54.971689,On or near Nichol Street,E01008334,Newcastle upon Tyne 029D,Anti-social behaviour,,
,2015-12,Surrey Police,Northumbria Police,-1.659676,54.971689,On or near Nichol Street,E01008334,Newcastle upon Tyne 029D,Anti-social behaviour,,
b333483b57cdc98b993432c5c28fd962fd6010371fd425feb1a964c2d7ccc9e6,2015-12,Surrey Police,Northumbria Police,-1.656873,54.976148,On or near West Road,E01008334,Newcastle upon Tyne 029D,Bicycle theft,Offender fined,
c2a8a0676fabadff5e06fd6d082c6785d4982120f57a0a504a6c4c948a2ab3f9,2015-12,Surrey Police,Northumbria Police,-1.655340,54.974562,On or near Parking Area,E01008334,Newcastle upon Tyne 029D,Burglary,Under investigation,
ebae2fd31e585f336fbd45b80b40476caf05dbf21e0ee7cbaa400f5d2a073f1a,2015-12,Surrey Police,Northumbria Police,-1.656873,54.976148,On or near West Road,E01008334,Newcastle upon Tyne 029D,Burglary,Investigation complete; no suspect identified,
fe86598f10d884b1b2a3ecb1d955954206af013d71936f783668c897d7fac17a,2015-12,Surrey Police,Northumbria Police,-1.659676,54.971689,On or near Nichol Street,E01008334,Newcastle upon Tyne 029D,Criminal damage and arson,Investigation complete; no suspect identified,
c28c03dcbb2de6d9ea99f8c4cd72ecbfddddb45645e6aa64bbef86ce478eaf6c,2015-12,Surrey Police,Northumbria Police,-1.659676,54.971689,On or near Nichol Street,E01008334,Newcastle upon Tyne 029D,Criminal damage and arson,Investigation complete; no suspect identified,
715cd87e04590ece305f891dffd518d9e706b6d339618f1ea93a0008c10c703d,2015-12,Surrey Police,Northumbria Police,-1.660731,54.976230,On or near Springhill Gardens,E01008334,Newcastle upon Tyne 029D,Other theft,Investigation complete; no suspect identified,
b9a16076c2ee67c6c2f7d2c45263afcc7879e9d1dd9a4bc4c63217c2e2bf9192,2015-12,Surrey Police,Northumbria Police,-1.655340,54.974562,On or near Parking Area,E01008334,Newcastle upon Tyne 029D,Other theft,Investigation complete; no suspect identified,
9b68cf78461086a8b9a76ad035d43ee6b4c6634366dc584e7df1bcee54d9e445,2015-12,Surrey Police,Northumbria Police,-1.665446,54.974752,On or near Bertram Crescent,E01008334,Newcastle upon Tyne 029D,Other theft,Investigation complete; no suspect identified,
b6a360071cce1902d2716bc42abc096a4e279d5316bb4819d17c02e3a2e9036e,2015-12,Surrey Police,Northumbria Police,-1.659676,54.971689,On or near Nichol Street,E01008334,Newcastle upon Tyne 029D,Public order,Awaiting court outcome,
8f24584591cdf23732ab927fb3ce08292057249e93caa7a53a6b0c3b592c983b,2015-12,Surrey Police,Northumbria Police,-1.659676,54.971689,On or near Nichol Street,E01008334,Newcastle upon Tyne 029D,Public order,Investigation complete; no suspect identified,
787cda00a77aae7b613480958cf77179722d2ea502518ef519189d0512c1886f,2015-12,Surrey Police,Northumbria Police,-1.656873,54.976148,On or near West Road,E01008334,Newcastle upon Tyne 029D,Public order,Offender sent to prison,
a4dea5e9a2e2a6aba27c1710bd048202a6d383dbba7ac1f2ab4756fd10edf358,2015-12,Surrey Police,Northumbria Police,-1.663083,54.971573,On or near Benwell Lane,E01008334,Newcastle upon Tyne 029D,Shoplifting,Under investigation,
95e690836a5fbc41a7988fd6aa8c4c1df0b2ed17ba3581dccd273cd7a3863bfe,2015-12,Surrey Police,Northumbria Police,-1.659965,54.976273,On or near Petrol Station,E01008334,Newcastle upon Tyne 029D,Shoplifting,Investigation complete; no suspect identified,
3a89cfaae9622487fb21cfac993859749dd280b0a2b27cd829639a9f581016c0,2015-12,Surrey Police,Northumbria Police,-1.656873,54.976148,On or near West Road,E01008334,Newcastle upon Tyne 029D,Shoplifting,Under investigation,
fe343c8138bd6f4bc5133366d02a8c39582e5781cc006dcc0dbf85d6aff1b157,2015-12,Surrey Police,Northumbria Police,-1.659965,54.976273,On or near Petrol Station,E01008334,Newcastle upon Tyne 029D,Shoplifting,Investigation complete; no suspect identified,
a458b7e966d976208f879ea26ea17a9d25565a5a952ce8eda005ce2165663817,2015-12,Surrey Police,Northumbria Police,-1.659965,54.976273,On or near Petrol Station,E01008334,Newcastle upon Tyne 029D,Shoplifting,Offender given a caution,
da9bcfa3d1567fcf8e5a72bb9acd0ec9351008af1d59f4cf1d68e97c03bcb489,2015-12,Surrey Police,Northumbria Police,-1.656873,54.976148,On or near West Road,E01008334,Newcastle upon Tyne 029D,Vehicle crime,Investigation complete; no suspect identified,
b3fcde8b800a0cfb4d7cec9ab6d9eb2aad9ccf02e4809aff6dac78fa7d5e1ed5,2015-12,Surrey Police,Northumbria Police,-1.659676,54.971689,On or near Nichol Street,E01008334,Newcastle upon Tyne 029D,Violence and sexual offences,Awaiting court outcome,
33a1ec93b52139e92de153e4637b26df68bd9eeb9f022b8b31014900e223f82a,2015-12,Surrey Police,Northumbria Police,-1.660731,54.976230,On or near Springhill Gardens,E01008334,Newcastle upon Tyne 029D,Violence and sexual offences,Under investigation,
1d465a9ae4e54dcd4d8e3696e7e683cd139d17c1c5a928b22e31ffd19c71907f,2015-12,Surrey Police,Northumbria Police,-1.655340,54.974562,On or near Parking Area,E01008334,Newcastle upon Tyne 029D,Violence and sexual offences,Under investigation,
aa07052aeac5a34e1877397369615425c391fb8a89811ac24082ee8ce0f6aec8,2015-12,Surrey Police,Northumbria Police,-1.659628,54.973684,On or near Condercum Road,E01008334,Newcastle upon Tyne 029D,Violence and sexual offences,Investigation complete; no suspect identified,
224dcfed58de963b7a7d4872caa2aa5079c64dfbb5edc0cad8ce01186d5b5d1a,2015-12,Surrey Police,Northumbria Police,-1.665489,54.975210,On or near Lismore Place,E01008334,Newcastle upon Tyne 029D,Violence and sexual offences,Offender given absolute discharge,
1eeee4b8bcd819329dffc90931a69cc8d274d55c597566ff1d1bbfba89c2cd5f,2015-12,Surrey Police,Northumbria Police,-1.659628,54.973684,On or near Condercum Road,E01008334,Newcastle upon Tyne 029D,Violence and sexual offences,Awaiting court outcome,
1359fe439bc7fd9aa3e4d8aa850d46c3a06667cf8b637857f33132be14e2dda4,2015-12,Surrey Police,Northumbria Police,-1.656873,54.976148,On or near West Road,E01008334,Newcastle upon Tyne 029D,Violence and sexual offences,Investigation complete; no suspect identified,
2bd7a0460334578d5667aed54282c01f219d062d1151483b736ed61e6e4d1851,2015-12,Surrey Police,Northumbria Police,-1.663533,54.975645,On or near Westholme Gardens,E01008334,Newcastle upon Tyne 029D,Violence and sexual offences,Awaiting court outcome,
506bc4d5c8bb7830fe0604eb790dec0975a49cb4e236bfb0007896b8fa5e2c2e,2015-12,Surrey Police,Northumbria Police,-1.656873,54.976148,On or near West Road,E01008334,Newcastle upon Tyne 029D,Violence and sexual offences,Investigation complete; no suspect identified,
,2015-12,Surrey Police,Northumbria Police,-1.650819,54.969921,On or near Dipton Avenue,E01008335,Newcastle upon Tyne 029E,Anti-social behaviour,,
,2015-12,Surrey Police,Northumbria Police,-1.653647,54.973434,On or near Ladykirk Road,E01008335,Newcastle upon Tyne 029E,Anti-social behaviour,,
,2015-12,Surrey Police,Northumbria Police,-1.650819,54.969921,On or near Dipton Avenue,E01008335,Newcastle upon Tyne 029E,Anti-social behaviour,,
,2015-12,Surrey Police,Northumbria Police,-1.650819,54.969921,On or near Dipton Avenue,E01008335,Newcastle upon Tyne 029E,Anti-social behaviour,,
,2015-12,Surrey Police,Northumbria Police,-1.650819,54.969921,On or near Dipton Avenue,E01008335,Newcastle upon Tyne 029E,Anti-social behaviour,,
,2015-12,Surrey Police,Northumbria Police,-1.651266,54.972375,On or near Cliftonville Avenue,E01008335,Newcastle upon Tyne 029E,Anti-social behaviour,,
e68432089cf5fe9d6a0e8733fb90ad98a07a4d7d6a951dd3e605b0710d0642a3,2015-12,Surrey Police,Northumbria Police,-1.649898,54.969774,On or near Eastgate Gardens,E01008335,Newcastle upon Tyne 029E,Burglary,Investigation complete; no suspect identified,
5b531812eadf2eb1b71cbc4bb04a9064be275367694a33592ca2273f694bfd4d,2015-12,Surrey Police,Northumbria Police,-1.649898,54.969774,On or near Eastgate Gardens,E01008335,Newcastle upon Tyne 029E,Burglary,Investigation complete; no suspect identified,
9794936d529e3479e332fb964012e53716af5b32ce08372df715b979bdb4d207,2015-12,Surrey Police,Northumbria Police,-1.653647,54.973434,On or near Ladykirk Road,E01008335,Newcastle upon Tyne 029E,Burglary,Investigation complete; no suspect identified,
daa5c4aef873b0723eecfee9b2602de4d6f218583b843320fd43fd90e2a3207f,2015-12,Surrey Police,Northumbria Police,-1.653647,54.973434,On or near Ladykirk Road,E01008335,Newcastle upon Tyne 029E,Criminal damage and arson,Awaiting court outcome,
541b72f5b5496aae1c4df60b21ad298a25f2129a1af6c7fb843b674e82f26960,2015-12,Surrey Police,Northumbria Police,-1.653647,54.973434,On or near Ladykirk Road,E01008335,Newcastle upon Tyne 029E,Criminal damage and arson,Investigation complete; no suspect identified,
cc207d8dd7bfc4d42628f6cc0ada3ed1303becb657c231d4dd77568bc5efe198,2015-12,Surrey Police,Northumbria Police,-1.652141,54.974130,On or near Normount Avenue,E01008335,Newcastle upon Tyne 029E,Criminal damage and arson,Investigation complete; no suspect identified,
afe6cf72c196bee81c131386710f7aafebb357a2cf40861e028249fdd4c763fc,2015-12,Surrey Police,Northumbria Police,-1.653647,54.973434,On or near Ladykirk Road,E01008335,Newcastle upon Tyne 029E,Criminal damage and arson,Investigation complete; no suspect identified,
11e2060cab1e2d019cc984a332c1de8c3a5b84374d78fafdd4c82aa208718307,2015-12,Surrey Police,Northumbria Police,-1.652215,54.974625,On or near Benwell Grove,E01008335,Newcastle upon Tyne 029E,Other theft,Under investigation,
482539b0de511f042958bcdc3d803457554e3bf72d502168b9e56cdc310d7da2,2015-12,Surrey Police,Northumbria Police,-1.652329,54.972226,On or near Normount Road,E01008335,Newcastle upon Tyne 029E,Vehicle crime,Investigation complete; no suspect identified,
e083b392429d44d326bbc23607cdcb8f99f2e9cc8dabebb7e580aa87c2d6ecad,2015-12,Surrey Police,Northumbria Police,-1.649533,54.970420,On or near Clifton Road,E01008335,Newcastle upon Tyne 029E,Violence and sexual offences,Under investigation,
0f6ae5720b65a071e08c6156dd3141107ae55b7bacb690aed8b367c12bf8234c,2015-12,Surrey Police,Northumbria Police,-1.653647,54.973434,On or near Ladykirk Road,E01008335,Newcastle upon Tyne 029E,Violence and sexual offences,Investigation complete; no suspect identified,
722acf8dce25cd7954c052badc444296b44f775399ff217977d5cbb7d2b46f56,2015-12,Surrey Police,Northumbria Police,-1.653647,54.973434,On or near Ladykirk Road,E01008335,Newcastle upon Tyne 029E,Other crime,Under investigation,
,2015-12,Surrey Police,Northumbria Police,-1.646224,54.968407,On or near Centenary Court,E01008437,Newcastle upon Tyne 029F,Anti-social behaviour,,
,2015-12,Surrey Police,Northumbria Police,-1.639485,54.965646,On or near Clumber Street North,E01008437,Newcastle upon Tyne 029F,Anti-social behaviour,,
,2015-12,Surrey Police,Northumbria Police,-1.651236,54.965025,On or near Amelia Close,E01008437,Newcastle upon Tyne 029F,Anti-social behaviour,,
,2015-12,Surrey Police,Northumbria Police,-1.651339,54.965744,On or near Joseph Close,E01008437,Newcastle upon Tyne 029F,Anti-social behaviour,,
,2015-12,Surrey Police,Northumbria Police,-1.651236,54.965025,On or near Amelia Close,E01008437,Newcastle upon Tyne 029F,Anti-social behaviour,,
,2015-12,Surrey Police,Northumbria Police,-1.651339,54.965744,On or near Joseph Close,E01008437,Newcastle upon Tyne 029F,Anti-social behaviour,,
,2015-12,Surrey Police,Northumbria Police,-1.651339,54.965744,On or near Joseph Close,E01008437,Newcastle upon Tyne 029F,Anti-social behaviour,,
,2015-12,Surrey Police,Northumbria Police,-1.639485,54.965646,On or near Clumber Street North,E01008437,Newcastle upon Tyne 029F,Anti-social behaviour,,
,2015-12,Surrey Police,Northumbria Police,-1.640722,54.961759,On or near Albany Court,E01008437,Newcastle upon Tyne 029F,Anti-social behaviour,,
,2015-12,Surrey Police,Northumbria Police,-1.651339,54.965744,On or near Joseph Close,E01008437,Newcastle upon Tyne 029F,Anti-social behaviour,,
,2015-12,Surrey Police,Northumbria Police,-1.641791,54.967981,On or near Sports/Recreation Area,E01008437,Newcastle upon Tyne 029F,Anti-social behaviour,,
,2015-12,Surrey Police,Northumbria Police,-1.651339,54.965744,On or near Joseph Close,E01008437,Newcastle upon Tyne 029F,Anti-social behaviour,,
,2015-12,Surrey Police,Northumbria Police,-1.641791,54.967981,On or near Sports/Recreation Area,E01008437,Newcastle upon Tyne 029F,Anti-social behaviour,,
d46f0dd8576ee57be27a8a92f918be9a5e36fe327ffe45be874454862683803f,2015-12,Surrey Police,Northumbria Police,-1.646926,54.968427,On or near Woodbine Close,E01008437,Newcastle upon Tyne 029F,Burglary,Under investigation,
d352da88e080c4c01786e4966b685c6a6c85c83a181997ba9a85a7ab6b50070f,2015-12,Surrey Police,Northumbria Police,-1.649563,54.965209,On or near Edgeware Walk,E01008437,Newcastle upon Tyne 029F,Burglary,Investigation complete; no suspect identified,
d886c9cf166bc4d897f6b3478de09df532388020cfa46bcac8796538cc859007,2015-12,Surrey Police,Northumbria Police,-1.646526,54.967815,On or near Chesterfield Road,E01008437,Newcastle upon Tyne 029F,Burglary,Investigation complete; no suspect identified,
639e452e7120d44aefccdd371ab11c408db9fcfed19d79cb99dac0de980b69fb,2015-12,Surrey Police,Northumbria Police,-1.641791,54.967981,On or near Sports/Recreation Area,E01008437,Newcastle upon Tyne 029F,Criminal damage and arson,Under investigation,
9d66d9afd2e3a8493ff02eb37216a3af17983fcff21554bce758aa3a8298d7ff,2015-12,Surrey Police,Northumbria Police,-1.646526,54.967815,On or near Chesterfield Road,E01008437,Newcastle upon Tyne 029F,Criminal damage and arson,Investigation complete; no suspect identified,
b6f48ad86a6aac2296b3dc575136b0e9516b7a9b136e27bbbbaca0d2d5d46ae5,2015-12,Surrey Police,Northumbria Police,-1.637015,54.965918,On or near Shopping Area,E01008437,Newcastle upon Tyne 029F,Criminal damage and arson,Under investigation,
5623f121a64b1e4d2e75e9eae6da75e32875abb6c5fcfdb4533e385f2fdae145,2015-12,Surrey Police,Northumbria Police,-1.633084,54.961862,On or near Water Street,E01008437,Newcastle upon Tyne 029F,Criminal damage and arson,Under investigation,
86034e64ec9f3d18e7fe65b71b0088970829b572d9da200a32af09140de3adfd,2015-12,Surrey Police,Northumbria Police,-1.640722,54.961759,On or near Albany Court,E01008437,Newcastle upon Tyne 029F,Criminal damage and arson,Under investigation,
83d51575a63e57d09da6dc562dac7e8a01ddfd5289e548e68e4b74ea2724fe0c,2015-12,Surrey Police,Northumbria Police,-1.646526,54.967815,On or near Chesterfield Road,E01008437,Newcastle upon Tyne 029F,Criminal damage and arson,Investigation complete; no suspect identified,
0cd2c005d10c6df3513116b0889f8b15ca253c1895a9c72c744c12bd34f4124f,2015-12,Surrey Police,Northumbria Police,-1.640722,54.961759,On or near Albany Court,E01008437,Newcastle upon Tyne 029F,Drugs,Investigation complete; no suspect identified,
b49d57cdf294070742854d34df75276772cd4b37fb865dd9da7626bfa879f8af,2015-12,Surrey Police,Northumbria Police,-1.647923,54.965240,On or near Goldfinch Close,E01008437,Newcastle upon Tyne 029F,Other theft,Investigation complete; no suspect identified,
78097661acf8899fda5d4fd45a085e4ade9572e9fedaf6844d16bef3f0657aec,2015-12,Surrey Police,Northumbria Police,-1.639485,54.965646,On or near Clumber Street North,E01008437,Newcastle upon Tyne 029F,Other theft,Under investigation,
4cdc8cabcf7e6fa7f430461f9a8e40f816f6a275ea1215e0f7451b59aefd6c40,2015-12,Surrey Police,Northumbria Police,-1.641791,54.967981,On or near Sports/Recreation Area,E01008437,Newcastle upon Tyne 029F,Public order,Defendant found not guilty,
80b8459384e5d631690da41b75a660735335c7f745648516fe810bb868ceebc9,2015-12,Surrey Police,Northumbria Police,-1.641791,54.967981,On or near Sports/Recreation Area,E01008437,Newcastle upon Tyne 029F,Public order,Court case unable to proceed,
84a9b60d2a5aee5a3356a3801b4c019185ed643ac3aff1973733e3f599812e1c,2015-12,Surrey Police,Northumbria Police,-1.637015,54.965918,On or near Shopping Area,E01008437,Newcastle upon Tyne 029F,Shoplifting,Investigation complete; no suspect identified,
31de0c6168d29494c719844a802edbde854a68a10fd544a2418715dced3b3df4,2015-12,Surrey Police,Northumbria Police,-1.635865,54.961780,On or near Invincible Drive,E01008437,Newcastle upon Tyne 029F,Vehicle crime,Offender given a caution,
69cfba23d1b750e9e6014b116eb349c881b08d2425e334d4b615ba078498f760,2015-12,Surrey Police,Northumbria Police,-1.649197,54.965944,On or near St John'S Road,E01008437,Newcastle upon Tyne 029F,Violence and sexual offences,Investigation complete; no suspect identified,
06b9dac2e2c2bc4e20a1ec064a3ecba2f62df955c84cabf9f5467628cbda7c82,2015-12,Surrey Police,Northumbria Police,-1.640722,54.961759,On or near Albany Court,E01008437,Newcastle upon Tyne 029F,Violence and sexual offences,Under investigation,
6ae9283afdc1e8b8e0a519ccebd7bf2b93968cd13c0228ac46c891db49a7964c,2015-12,Surrey Police,Northumbria Police,-1.646830,54.966971,On or near James Street,E01008437,Newcastle upon Tyne 029F,Violence and sexual offences,Under investigation,
d8d83737d31cde172a6c40be82dc97c7b4adc4c4a2acc2beaed61a82a3bb484d,2015-12,Surrey Police,Northumbria Police,-1.643852,54.968103,On or near Marie Curie Drive,E01008437,Newcastle upon Tyne 029F,Other crime,Under investigation,
,2015-12,Surrey Police,Northumbria Police,-1.630574,54.966581,On or near Mather Road,E01008438,Newcastle upon Tyne 029G,Anti-social behaviour,,
,2015-12,Surrey Police,Northumbria Police,-1.635054,54.966801,On or near Westmorland Road,E01008438,Newcastle upon Tyne 029G,Anti-social behaviour,,
,2015-12,Surrey Police,Northumbria Police,-1.631841,54.964608,On or near Essex Close,E01008438,Newcastle upon Tyne 029G,Anti-social behaviour,,
,2015-12,Surrey Police,Northumbria Police,-1.620889,54.963271,On or near Shot Factory Lane,E01008438,Newcastle upon Tyne 029G,Anti-social behaviour,,
fd0d149ab48e55676923613bf112c811ad60baeabaa975fa139ec77df968d7e9,2015-12,Surrey Police,Northumbria Police,-1.623169,54.963314,On or near Arena Way,E01008438,Newcastle upon Tyne 029G,Criminal damage and arson,Offender given a caution,
cd1c1cfe97bdff45f2387a8b6c6cd8f66c8b01bde0d913f1eb50d53cf971265f,2015-12,Surrey Police,Northumbria Police,-1.623169,54.963314,On or near Arena Way,E01008438,Newcastle upon Tyne 029G,Drugs,Under investigation,
df5c1d165e8381818b7d2a29292afd6a6a13997e253a6c35b61c5c617b641af7,2015-12,Surrey Police,Northumbria Police,-1.623169,54.963314,On or near Arena Way,E01008438,Newcastle upon Tyne 029G,Drugs,Investigation complete; no suspect identified,
db91518a2e1c027b4cd4c9e7a5a4446e32f8c5218e2f75b7d6c043255cc0e303,2015-12,Surrey Police,Northumbria Police,-1.625507,54.967186,On or near George Street,E01008438,Newcastle upon Tyne 029G,Public order,Investigation complete; no suspect identified,
06eb7bfbba538531c7503e4ea06382a8f583439bb81dc91da95e6d041305b846,2015-12,Surrey Police,Northumbria Police,-1.638866,54.968493,On or near Elswick Road,E01008438,Newcastle upon Tyne 029G,Public order,Investigation complete; no suspect identified,
4118b215e46decb3125577597f3ba292df69606f9fa81b6faaa94783456887fc,2015-12,Surrey Police,Northumbria Police,-1.627123,54.966427,On or near Further/Higher Educational Building,E01008438,Newcastle upon Tyne 029G,Public order,Offender given a caution,
ad1d2512c9b6a2ced17b0b28926014d82a9f12c3e8a2c1c3a6b8d12be2a026be,2015-12,Surrey Police,Northumbria Police,-1.627569,54.963804,On or near Railway Street,E01008438,Newcastle upon Tyne 029G,Vehicle crime,Investigation complete; no suspect identified,
8032af6e7f173b356d38e4f37dc33e50830f0aa133b5e9e06958b9c3265f3a73,2015-12,Surrey Police,Northumbria Police,-1.634070,54.965064,On or near Mulberry Place,E01008438,Newcastle upon Tyne 029G,Vehicle crime,Investigation complete; no suspect identified,
60d6742201daccbd0deffcbd30aeb2e7ad7715b72e6ba49f8ef81a6006b99725,2015-12,Surrey Police,Northumbria Police,-1.627123,54.966427,On or near Further/Higher Educational Building,E01008438,Newcastle upon Tyne 029G,Vehicle crime,Investigation complete; no suspect identified,
93e146040961b548843d3c659bdb2c7e871144cf4dbd355bb9d6c91b7433a382,2015-12,Surrey Police,Northumbria Police,-1.638311,54.967710,On or near Kenilworth Road,E01008438,Newcastle upon Tyne 029G,Vehicle crime,Under investigation,
dba29b721fab727c7ae9f0dd80c405c7237aca9fe9026143e43a6e988531ac10,2015-12,Surrey Police,Northumbria Police,-1.629134,54.965184,On or near Ivy Close,E01008438,Newcastle upon Tyne 029G,Violence and sexual offences,Under investigation,
04a3e3675acafb1c59fb92bbf6c46e01d396d2c1226ad51e3e2ee0ecc6836c85,2015-12,Surrey Police,Northumbria Police,-1.633814,54.964075,On or near Hornbeam Place,E01008438,Newcastle upon Tyne 029G,Violence and sexual offences,Investigation complete; no suspect identified,
296bd1929bc49db9ccbab04fd936ef402fa6e4bafc246345e9c226279175f264,2015-12,Surrey Police,Northumbria Police,-1.623169,54.963314,On or near Arena Way,E01008438,Newcastle upon Tyne 029G,Violence and sexual offences,Awaiting court outcome,
0c6516b1232e989c29592e72e939a4337518bb5f1a7b5b8d32ef93a67cc71142,2015-12,Surrey Police,Northumbria Police,-1.638143,54.968958,On or near Elswick Road,E01008438,Newcastle upon Tyne 029G,Violence and sexual offences,Investigation complete; no suspect identified,
a2721eb592c076fb640dc63bb4c7fa3a9e88a5544b937045869e77313c4dbc2a,2015-12,Surrey Police,Northumbria Police,-1.623169,54.963314,On or near Arena Way,E01008438,Newcastle upon Tyne 029G,Violence and sexual offences,Awaiting court outcome,
cbcd260875178e31ad221885ca608f6178f01c5fa87e6318bd48f40f0de89702,2015-12,Surrey Police,Northumbria Police,-1.623169,54.963314,On or near Arena Way,E01008438,Newcastle upon Tyne 029G,Violence and sexual offences,Investigation complete; no suspect identified,
,2015-12,Surrey Police,Northumbria Police,-1.559528,54.964512,On or near Burstow Avenue,E01008390,Newcastle upon Tyne 030A,Anti-social behaviour,,
,2015-12,Surrey Police,Northumbria Police,-1.557054,54.963631,On or near Holywell Avenue,E01008390,Newcastle upon Tyne 030A,Anti-social behaviour,,
,2015-12,Surrey Police,Northumbria Police,-1.559528,54.964512,On or near Burstow Avenue,E01008390,Newcastle upon Tyne 030A,Anti-social behaviour,,
,2015-12,Surrey Police,Northumbria Police,-1.564504,54.965087,On or near The Oval,E01008390,Newcastle upon Tyne 030A,Anti-social behaviour,,
03c29c918d3605438285aa34fca3017d80a2c7989eae08c11abecf112e4f4082,2015-12,Surrey Police,Northumbria Police,-1.558806,54.966306,On or near Sandy Crescent,E01008390,Newcastle upon Tyne 030A,Criminal damage and arson,Investigation complete; no suspect identified,
0439babf57c6f9d72eba47bd149f8b4e4c0e5f23e187dffb29b93bbfe0f74fe7,2015-12,Surrey Police,Northumbria Police,-1.559423,54.966937,On or near Wigmore Avenue,E01008390,Newcastle upon Tyne 030A,Drugs,Awaiting court outcome,
5ea1436ab33076a418b72d2747ddadbd533d00c7b358eb83f394d6c7ffef16d7,2015-12,Surrey Police,Northumbria Police,-1.559423,54.966937,On or near Wigmore Avenue,E01008390,Newcastle upon Tyne 030A,Drugs,Offender given a drugs possession warning,
be39be2255d748a7ec8a1c79bcc6068e914048826cb14c0192f31d2f04b7ab25,2015-12,Surrey Police,Northumbria Police,-1.558806,54.966306,On or near Sandy Crescent,E01008390,Newcastle upon Tyne 030A,Possession of weapons,Under investigation,
89cbf747f9448a2913c89c275d37d585f112ce47bdda4239bb69eff64a052672,2015-12,Surrey Police,Northumbria Police,-1.559423,54.966937,On or near Wigmore Avenue,E01008390,Newcastle upon Tyne 030A,Public order,Awaiting court outcome,
81d3a8187bb5fb11e983267d2a6e60d57cd8d1740fdbafd02d59c73bec4a5ed1,2015-12,Surrey Police,Northumbria Police,-1.564504,54.965087,On or near The Oval,E01008390,Newcastle upon Tyne 030A,Vehicle crime,Investigation complete; no suspect identified,
c725ffa634f482b19a9695bcc5576352f12a0637f2befc466e80ea5df8b0205b,2015-12,Surrey Police,Northumbria Police,-1.558806,54.966306,On or near Sandy Crescent,E01008390,Newcastle upon Tyne 030A,Violence and sexual offences,Under investigation,
bd6af46ad5f7e821698571f988e9ac018a4d394d227b7998cd4bbd6b807a4ddb,2015-12,Surrey Police,Northumbria Police,-1.558834,54.963673,On or near Oxted Place,E01008390,Newcastle upon Tyne 030A,Violence and sexual offences,Under investigation,
2b7b46037b01f90b84dd84924964628469e4c8cddf63816c87f9ee770facb438,2015-12,Surrey Police,Northumbria Police,-1.558834,54.963673,On or near Oxted Place,E01008390,Newcastle upon Tyne 030A,Violence and sexual offences,Under investigation,
,2015-12,Surrey Police,Northumbria Police,-1.542692,54.969913,On or near Beverley Terrace,E01008425,Newcastle upon Tyne 030B,Anti-social behaviour,,
,2015-12,Surrey Police,Northumbria Police,-1.545522,54.966931,On or near Dovercourt Road,E01008425,Newcastle upon Tyne 030B,Anti-social behaviour,,
,2015-12,Surrey Police,Northumbria Police,-1.541971,54.971519,On or near Rhodes Street,E01008425,Newcastle upon Tyne 030B,Anti-social behaviour,,
,2015-12,Surrey Police,Northumbria Police,-1.542661,54.967145,On or near Church Street,E01008425,Newcastle upon Tyne 030B,Anti-social behaviour,,
,2015-12,Surrey Police,Northumbria Police,-1.544015,54.970331,On or near Pedestrian Subway,E01008425,Newcastle upon Tyne 030B,Anti-social behaviour,,
,2015-12,Surrey Police,Northumbria Police,-1.545782,54.974328,On or near Berry Close,E01008425,Newcastle upon Tyne 030B,Anti-social behaviour,,
,2015-12,Surrey Police,Northumbria Police,-1.543998,54.971904,On or near Parade Close,E01008425,Newcastle upon Tyne 030B,Anti-social behaviour,,
,2015-12,Surrey Police,Northumbria Police,-1.543998,54.971904,On or near Parade Close,E01008425,Newcastle upon Tyne 030B,Anti-social behaviour,,
eb1c263218d46dcbd89e4e3745ea4e8e6fca01efd7dc45c37871af17ef4421bb,2015-12,Surrey Police,Northumbria Police,-1.540348,54.970021,On or near Malaya Drive,E01008425,Newcastle upon Tyne 030B,Burglary,Investigation complete; no suspect identified,
3fff95b5ae912f2ad9eaa060089ebc5e0fc582451c2083b90b21ea9c20d44e27,2015-12,Surrey Police,Northumbria Police,-1.545522,54.966931,On or near Dovercourt Road,E01008425,Newcastle upon Tyne 030B,Burglary,Investigation complete; no suspect identified,
5d2c91c4feb285327e36e4a0a81df5d4ee8a3b1d99785cbd6d4030980c6a15f0,2015-12,Surrey Police,Northumbria Police,-1.540348,54.970021,On or near Malaya Drive,E01008425,Newcastle upon Tyne 030B,Burglary,Awaiting court outcome,
563b31623cc570b9a4831699f66e0eeaed623773f701a482ee716b2e7c8080d3,2015-12,Surrey Police,Northumbria Police,-1.541291,54.969512,On or near Lysander Drive,E01008425,Newcastle upon Tyne 030B,Burglary,Investigation complete; no suspect identified,
ff7d1a9441f0f5568f326c67958be5416e94349f6bccb7cee65ec3e350c555d0,2015-12,Surrey Police,Northumbria Police,-1.544834,54.968385,On or near Back Walker Road,E01008425,Newcastle upon Tyne 030B,Burglary,Investigation complete; no suspect identified,
af335d1a7e84f5279533796ff878607e35c87deb4a123956c88cc781d004d35b,2015-12,Surrey Police,Northumbria Police,-1.545522,54.966931,On or near Dovercourt Road,E01008425,Newcastle upon Tyne 030B,Criminal damage and arson,Awaiting court outcome,
1489d78c5800beb0b9de79da025ed54850df45f812eaf92315c32b076f6ecbc4,2015-12,Surrey Police,Northumbria Police,-1.545697,54.968037,On or near Walker Park Close,E01008425,Newcastle upon Tyne 030B,Criminal damage and arson,Investigation complete; no suspect identified,
bba2da664d499cb21b3f5fe587c2353a4199162f5989283c5ea41ed0bb7bc2db,2015-12,Surrey Police,Northumbria Police,-1.544139,54.969074,On or near Halling Close,E01008425,Newcastle upon Tyne 030B,Criminal damage and arson,Under investigation,
c2034b0d8cb15dd8f7c4fe59675e75d58a2820f20b12f3c3b572bbf8781d4d20,2015-12,Surrey Police,Northumbria Police,-1.543984,54.974456,On or near Pedestrian Subway,E01008425,Newcastle upon Tyne 030B,Criminal damage and arson,Under investigation,
f855d2b7e6728a43ab7f29f8a125cf8b1d3fad420a04d9386ef8c898afc4762f,2015-12,Surrey Police,Northumbria Police,-1.545083,54.971216,On or near Airey Terrace,E01008425,Newcastle upon Tyne 030B,Criminal damage and arson,Investigation complete; no suspect identified,
be4200d7cc8909d99585172437371d9ee46a49d4f7670e4b29f12a8d4f501183,2015-12,Surrey Police,Northumbria Police,-1.544097,54.972794,On or near Whitworth Place,E01008425,Newcastle upon Tyne 030B,Criminal damage and arson,Investigation complete; no suspect identified,
5355245eda7ed3a309bd075411edcc1433a84c306ae413e3ecac35475910cce1,2015-12,Surrey Police,Northumbria Police,-1.545522,54.966931,On or near Dovercourt Road,E01008425,Newcastle upon Tyne 030B,Criminal damage and arson,Investigation complete; no suspect identified,
0e5b22d34ec603a7e465a8ae98e6866ce37658597771ee09e6365aee5a6fbc11,2015-12,Surrey Police,Northumbria Police,-1.545522,54.966931,On or near Dovercourt Road,E01008425,Newcastle upon Tyne 030B,Criminal damage and arson,Under investigation,
17373a20cab890657f7511e60d6970106221084839cc1d2790731ab49055a542,2015-12,Surrey Police,Northumbria Police,-1.545697,54.968037,On or near Walker Park Close,E01008425,Newcastle upon Tyne 030B,Drugs,Offender given a caution,
23d1ae2011e4b977e7e68766f8e726e18c949403575fa3441629d812315fac83,2015-12,Surrey Police,Northumbria Police,-1.545522,54.966931,On or near Dovercourt Road,E01008425,Newcastle upon Tyne 030B,Other theft,Under investigation,
b9e8ec95acb07f130e2b0f2c3c648bfc7a1dca4a53dbdbf761e1afc0203e4484,2015-12,Surrey Police,Northumbria Police,-1.543637,54.970627,On or near Lamb Street,E01008425,Newcastle upon Tyne 030B,Other theft,Under investigation,
b55af253afc60feb78948214a90826c41e6ccc79252abe6b77c870b7d06932df,2015-12,Surrey Police,Northumbria Police,-1.540433,54.969437,On or near Cicero Court,E01008425,Newcastle upon Tyne 030B,Public order,Offender given a caution,
2813032322580ca4ee9d223121f0384c04b48484e6d9892c2c0a0fcdc43e054f,2015-12,Surrey Police,Northumbria Police,-1.542686,54.970479,On or near Proctor Street,E01008425,Newcastle upon Tyne 030B,Public order,Investigation complete; no suspect identified,
604d0d9b9acc738d37723d7e317aece0ad475de0f2f39b67d55aee55cbd7e7b7,2015-12,Surrey Police,Northumbria Police,-1.545782,54.974328,On or near Berry Close,E01008425,Newcastle upon Tyne 030B,Shoplifting,Under investigation,
0fb0760878eef7d3571e7b477599abb0a64c76058cc3f0cd54de01970e042764,2015-12,Surrey Police,Northumbria Police,-1.545782,54.974328,On or near Berry Close,E01008425,Newcastle upon Tyne 030B,Shoplifting,Under investigation,
118a2252034a6d63ea6cb337bdbc6e936c70aecd4b34c6f6b763df01e79c206b,2015-12,Surrey Police,Northumbria Police,-1.544605,54.969273,On or near Rochester Street,E01008425,Newcastle upon Tyne 030B,Vehicle crime,Awaiting court outcome,
64b65578a5cb2821536cd89460d901be2e65747cd3e74d0959d395fe932ab78a,2015-12,Surrey Police,Northumbria Police,-1.542776,54.968089,On or near Caledonia Street,E01008425,Newcastle upon Tyne 030B,Vehicle crime,Awaiting court outcome,
bec6b2356f69e26ae61e3fc99ba34ca725d0a69bffeb4eca34352c3713329eae,2015-12,Surrey Police,Northumbria Police,-1.541291,54.969512,On or near Lysander Drive,E01008425,Newcastle upon Tyne 030B,Vehicle crime,Investigation complete; no suspect identified,
e78c6b407a811e85748ce6e32a47a2b41eade187667670ce7da1b61a347c9c6a,2015-12,Surrey Police,Northumbria Police,-1.545522,54.966931,On or near Dovercourt Road,E01008425,Newcastle upon Tyne 030B,Violence and sexual offences,Awaiting court outcome,
60ae6182c3c8e4bb0842dad9e218b95b02816bfe043ba52c46d5e40db299d7ff,2015-12,Surrey Police,Northumbria Police,-1.538523,54.973905,On or near Pedestrian Subway,E01008425,Newcastle upon Tyne 030B,Violence and sexual offences,Offender given a caution,
48aa621331093a54e9c54c5f204b4190bc44e15ff08e457d63331aad8ebe17d1,2015-12,Surrey Police,Northumbria Police,-1.545522,54.966931,On or near Dovercourt Road,E01008425,Newcastle upon Tyne 030B,Violence and sexual offences,Under investigation,
a23964f080f1921b73315f9b23aa18d169f6f5fcc217a2bad1142f08421f49cd,2015-12,Surrey Police,Northumbria Police,-1.545522,54.966931,On or near Dovercourt Road,E01008425,Newcastle upon Tyne 030B,Violence and sexual offences,Awaiting court outcome,
4aba258456e22c7ba680ddb18f7f0ea9ce9522b969dad8edfe751d3d115a791d,2015-12,Surrey Police,Northumbria Police,-1.543637,54.970627,On or near Lamb Street,E01008425,Newcastle upon Tyne 030B,Violence and sexual offences,Awaiting court outcome,
132784ab2b1394dec683a1c1422e1cb97cb03ff286bde3d1650195bc25545f4d,2015-12,Surrey Police,Northumbria Police,-1.544097,54.972794,On or near Whitworth Place,E01008425,Newcastle upon Tyne 030B,Violence and sexual offences,Awaiting court outcome,
,2015-12,Surrey Police,Northumbria Police,-1.552625,54.967245,On or near Chalfont Road,E01008427,Newcastle upon Tyne 030C,Anti-social behaviour,,
,2015-12,Surrey Police,Northumbria Police,-1.549480,54.963612,On or near Windhill Road,E01008427,Newcastle upon Tyne 030C,Anti-social behaviour,,
,2015-12,Surrey Police,Northumbria Police,-1.552625,54.967245,On or near Chalfont Road,E01008427,Newcastle upon Tyne 030C,Anti-social behaviour,,
,2015-12,Surrey Police,Northumbria Police,-1.548662,54.964094,On or near Merton Road,E01008427,Newcastle upon Tyne 030C,Anti-social behaviour,,
,2015-12,Surrey Police,Northumbria Police,-1.546945,54.965400,On or near Greenford Road,E01008427,Newcastle upon Tyne 030C,Anti-social behaviour,,
,2015-12,Surrey Police,Northumbria Police,-1.555202,54.964514,On or near Enslin Street,E01008427,Newcastle upon Tyne 030C,Anti-social behaviour,,
,2015-12,Surrey Police,Northumbria Police,-1.546945,54.965400,On or near Greenford Road,E01008427,Newcastle upon Tyne 030C,Anti-social behaviour,,
,2015-12,Surrey Police,Northumbria Police,-1.555202,54.964514,On or near Enslin Street,E01008427,Newcastle upon Tyne 030C,Anti-social behaviour,,
,2015-12,Surrey Police,Northumbria Police,-1.550717,54.960471,On or near Parking Area,E01008427,Newcastle upon Tyne 030C,Anti-social behaviour,,
8bc6cd825bc585a07c5bd8d794362e4617b6ac117b183d08153c749a4c3c129c,2015-12,Surrey Police,Northumbria Police,-1.555202,54.964514,On or near Enslin Street,E01008427,Newcastle upon Tyne 030C,Burglary,Investigation complete; no suspect identified,
add35896fd76fb73d4154e29ede865344fd121e339a574ec5545764dd0b5a8db,2015-12,Surrey Police,Northumbria Police,-1.548304,54.965351,On or near Burwood Close,E01008427,Newcastle upon Tyne 030C,Burglary,Investigation complete; no suspect identified,
08f8532ed11d9fb27580baa6015563c0c64aafd95de54db6aff17f228f4bd546,2015-12,Surrey Police,Northumbria Police,-1.547862,54.965799,On or near Millbank Road,E01008427,Newcastle upon Tyne 030C,Burglary,Investigation complete; no suspect identified,
b615dac3b437613d27e681a3fbb4b098fc68ef50d3860cb94bff406606173f4f,2015-12,Surrey Police,Northumbria Police,-1.546945,54.965400,On or near Greenford Road,E01008427,Newcastle upon Tyne 030C,Criminal damage and arson,Investigation complete; no suspect identified,
219f3edccff343dcaad8a0446648a35cedd486cfb4d7ba0be7293ce012d589e6,2015-12,Surrey Police,Northumbria Police,-1.549855,54.964961,On or near Burwood Road,E01008427,Newcastle upon Tyne 030C,Criminal damage and arson,Investigation complete; no suspect identified,
4b19cf33207b3a81f0bd8969ff30620e457a1ae9c41c54b4532eb932dc56d722,2015-12,Surrey Police,Northumbria Police,-1.550653,54.963455,On or near Oldfield Road,E01008427,Newcastle upon Tyne 030C,Criminal damage and arson,Investigation complete; no suspect identified,
33f9ba38132037b418c1237aff5858c2163fb142e3bdbf59376bf0c598acce21,2015-12,Surrey Police,Northumbria Police,-1.555202,54.964514,On or near Enslin Street,E01008427,Newcastle upon Tyne 030C,Criminal damage and arson,Investigation complete; no suspect identified,
50569e8b5dfb06355ceb107778e6417094c903b374f4560f4428ce37d1595e3f,2015-12,Surrey Police,Northumbria Police,-1.550717,54.960471,On or near Parking Area,E01008427,Newcastle upon Tyne 030C,Other theft,Investigation complete; no suspect identified,
29590500a45d08cbb5f63c4717d0908a9c5ba93bdc293113b06d7af2695b2f4f,2015-12,Surrey Police,Northumbria Police,-1.546945,54.965400,On or near Greenford Road,E01008427,Newcastle upon Tyne 030C,Other theft,Investigation complete; no suspect identified,
f7ff0432ed9676cc569a949c16f8f700284b60a21802d5488df7bf886380b14c,2015-12,Surrey Police,Northumbria Police,-1.546945,54.965400,On or near Greenford Road,E01008427,Newcastle upon Tyne 030C,Vehicle crime,Investigation complete; no suspect identified,
c10de337ade821f669f7df7c0f1b1d92e12125f49249b602971db8a64106e52e,2015-12,Surrey Police,Northumbria Police,-1.549855,54.964961,On or near Burwood Road,E01008427,Newcastle upon Tyne 030C,Violence and sexual offences,Offender given a caution,
1f496dd5d5c11c3149f858250ad5fcc4c656ed7178cf6eb820357b91e5167a9d,2015-12,Surrey Police,Northumbria Police,-1.549855,54.964961,On or near Burwood Road,E01008427,Newcastle upon Tyne 030C,Violence and sexual offences,Under investigation,
16e039d0772856124b0f2948b6b8a4a08cb87a262656316673a39b39dbecbd91,2015-12,Surrey Police,Northumbria Police,-1.555202,54.964514,On or near Enslin Street,E01008427,Newcastle upon Tyne 030C,Violence and sexual offences,Investigation complete; no suspect identified,
,2015-12,Surrey Police,Northumbria Police,-1.550102,54.969420,On or near Wharrier Street,E01008428,Newcastle upon Tyne 030D,Anti-social behaviour,,
,2015-12,Surrey Police,Northumbria Police,-1.549423,54.967260,On or near Ryton Terrace,E01008428,Newcastle upon Tyne 030D,Anti-social behaviour,,
,2015-12,Surrey Police,Northumbria Police,-1.550102,54.969420,On or near Wharrier Street,E01008428,Newcastle upon Tyne 030D,Anti-social behaviour,,
,2015-12,Surrey Police,Northumbria Police,-1.550102,54.969420,On or near Wharrier Street,E01008428,Newcastle upon Tyne 030D,Anti-social behaviour,,
6ff72e30dff8e1d5b130ed5df272524d189657192d40be68f0413f41e6025cbb,2015-12,Surrey Police,Northumbria Police,-1.549423,54.967260,On or near Ryton Terrace,E01008428,Newcastle upon Tyne 030D,Criminal damage and arson,Investigation complete; no suspect identified,
8c5cc3d85cde8452d643831bfe50cb9ebb9c4c4e87438b1a5138e34e868bebde,2015-12,Surrey Police,Northumbria Police,-1.553529,54.964687,On or near Mafeking Street,E01008428,Newcastle upon Tyne 030D,Vehicle crime,Investigation complete; no suspect identified,
70c188490fed3ba50dfe76c310fdfc5a86c67b0d863ff4606feab236cc9c2732,2015-12,Surrey Police,Northumbria Police,-1.547459,54.968286,On or near Crossfield Terrace,E01008428,Newcastle upon Tyne 030D,Violence and sexual offences,Under investigation,
5810fee2dc403717b29e2ba994cee7222776370e6f145e38fdde31b6447ae15f,2015-12,Surrey Police,Northumbria Police,-1.552095,54.968582,On or near Lowfield Terrace,E01008428,Newcastle upon Tyne 030D,Violence and sexual offences,Under investigation,
,2015-12,Surrey Police,Northumbria Police,-1.695936,54.998241,On or near Beaumont Terrace,E01008441,Newcastle upon Tyne 031A,Anti-social behaviour,,
,2015-12,Surrey Police,Northumbria Police,-1.690277,54.996294,On or near Berkshire Close,E01008441,Newcastle upon Tyne 031A,Anti-social behaviour,,
,2015-12,Surrey Police,Northumbria Police,-1.697374,55.000374,On or near Chipchase Crescent,E01008441,Newcastle upon Tyne 031A,Anti-social behaviour,,
,2015-12,Surrey Police,Northumbria Police,-1.697374,55.000374,On or near Chipchase Crescent,E01008441,Newcastle upon Tyne 031A,Anti-social behaviour,,
,2015-12,Surrey Police,Northumbria Police,-1.701009,55.001282,On or near Whorlton Place,E01008441,Newcastle upon Tyne 031A,Anti-social behaviour,,
,2015-12,Surrey Police,Northumbria Police,-1.694432,55.000780,On or near Newbiggin Lane,E01008441,Newcastle upon Tyne 031A,Anti-social behaviour,,
,2015-12,Surrey Police,Northumbria Police,-1.698603,55.001096,On or near Westward Court,E01008441,Newcastle upon Tyne 031A,Anti-social behaviour,,
51904909e4ae0392a2dcc2a986291716030920bfeb2901a86548d200d2c5455b,2015-12,Surrey Police,Northumbria Police,-1.690277,54.996294,On or near Berkshire Close,E01008441,Newcastle upon Tyne 031A,Other theft,Investigation complete; no suspect identified,
f255af1973951abff02c34c393fb83201987be25f9f24ad0642216dd5c58b3bd,2015-12,Surrey Police,Northumbria Police,-1.713813,55.001133,On or near Kearton Avenue,E01008442,Newcastle upon Tyne 031B,Public order,Investigation complete; no suspect identified,
,2015-12,Surrey Police,Northumbria Police,-1.701075,54.998784,On or near Counden Road,E01008444,Newcastle upon Tyne 031C,Anti-social behaviour,,
2f1c7f178381a9f6acde4aff1eeac7a7f2535ba7ccb67307fd7fe9d2503eae06,2015-12,Surrey Police,Northumbria Police,-1.703700,55.003148,On or near Stamfordham Road,E01008444,Newcastle upon Tyne 031C,Drugs,Offender given a caution,
6ef794611db5561273386533fd82fa81acee70196702c5e239871eafea337bca,2015-12,Surrey Police,Northumbria Police,-1.713100,55.002461,On or near Kelso Close,E01008444,Newcastle upon Tyne 031C,Other theft,Investigation complete; no suspect identified,
3a5f5421e4e5526dd209f77caed0cfadcf19e18eb91ed54f61e4be8839a3d5e0,2015-12,Surrey Police,Northumbria Police,-1.707152,55.003597,On or near West Meadows,E01008444,Newcastle upon Tyne 031C,Other theft,Investigation complete; no suspect identified,
f1aac63106f67e091c7ebd25d27e1e4ebdd50cb63429b1ac2c7c8072cdb18a18,2015-12,Surrey Police,Northumbria Police,-1.703700,55.003148,On or near Stamfordham Road,E01008444,Newcastle upon Tyne 031C,Violence and sexual offences,Under investigation,
5e75ccde3373b4958fcdc911ff9a2d5485f262b93b38037f859edbb3673b939d,2015-12,Surrey Police,Northumbria Police,-1.706233,54.998850,On or near Hillhead Road,E01008444,Newcastle upon Tyne 031C,Violence and sexual offences,Offender given a caution,
,2015-12,Surrey Police,Northumbria Police,-1.693823,54.998622,On or near Wheatfield Road,E01008445,Newcastle upon Tyne 031D,Anti-social behaviour,,
,2015-12,Surrey Police,Northumbria Police,-1.688927,54.999059,On or near Supermarket,E01008445,Newcastle upon Tyne 031D,Anti-social behaviour,,
,2015-12,Surrey Police,Northumbria Police,-1.685354,54.996102,On or near Greenfield Avenue,E01008445,Newcastle upon Tyne 031D,Anti-social behaviour,,
,2015-12,Surrey Police,Northumbria Police,-1.684482,54.995749,On or near Glantlees,E01008445,Newcastle upon Tyne 031D,Anti-social behaviour,,
,2015-12,Surrey Police,Northumbria Police,-1.689185,54.999940,On or near Buxton Gardens,E01008445,Newcastle upon Tyne 031D,Anti-social behaviour,,
,2015-12,Surrey Police,Northumbria Police,-1.687098,54.998955,On or near Petrol Station,E01008445,Newcastle upon Tyne 031D,Anti-social behaviour,,
,2015-12,Surrey Police,Northumbria Police,-1.690744,54.998515,On or near Highfield Close,E01008445,Newcastle upon Tyne 031D,Anti-social behaviour,,
,2015-12,Surrey Police,Northumbria Police,-1.683502,54.995163,On or near West Denton Way,E01008445,Newcastle upon Tyne 031D,Anti-social behaviour,,
,2015-12,Surrey Police,Northumbria Police,-1.683502,54.995163,On or near West Denton Way,E01008445,Newcastle upon Tyne 031D,Anti-social behaviour,,
,2015-12,Surrey Police,Northumbria Police,-1.683502,54.995163,On or near West Denton Way,E01008445,Newcastle upon Tyne 031D,Anti-social behaviour,,
,2015-12,Surrey Police,Northumbria Police,-1.688927,54.999059,On or near Supermarket,E01008445,Newcastle upon Tyne 031D,Anti-social behaviour,,
,2015-12,Surrey Police,Northumbria Police,-1.683502,54.995163,On or near West Denton Way,E01008445,Newcastle upon Tyne 031D,Anti-social behaviour,,
,2015-12,Surrey Police,Northumbria Police,-1.680662,54.996494,On or near Wellfield Lane,E01008445,Newcastle upon Tyne 031D,Anti-social behaviour,,
591f535d12e27fe63ef32f620b40fab3907428711360d28871990d3267752de1,2015-12,Surrey Police,Northumbria Police,-1.684482,54.995749,On or near Glantlees,E01008445,Newcastle upon Tyne 031D,Burglary,Investigation complete; no suspect identified,
687b91d73e9296eebd6721d7555293c20b040c6a30f7f40ae6497f94a8771609,2015-12,Surrey Police,Northumbria Police,-1.683231,54.997831,On or near Garthfield Corner,E01008445,Newcastle upon Tyne 031D,Criminal damage and arson,Investigation complete; no suspect identified,
1a34374f1c94f6e530c889be2d25dc381c419145576301fb92da08fe0b7e6e5a,2015-12,Surrey Police,Northumbria Police,-1.688927,54.999059,On or near Supermarket,E01008445,Newcastle upon Tyne 031D,Criminal damage and arson,Investigation complete; no suspect identified,
3405ab66fe0a68a7c3c9d35c0834dd2872cc7515895e3d885ef4c821039e9a1e,2015-12,Surrey Police,Northumbria Police,-1.687098,54.998955,On or near Petrol Station,E01008445,Newcastle upon Tyne 031D,Other theft,Investigation complete; no suspect identified,
1cf2e68a38f218093678e0798dc034306a40bc9947bd27b43e3bf56d2d52be78,2015-12,Surrey Police,Northumbria Police,-1.693405,55.000068,On or near Rapperton Court,E01008445,Newcastle upon Tyne 031D,Public order,Investigation complete; no suspect identified,
bbebc462d9f63b7c8cf7914b56140f73c53ff368c819d7246502c9f71cc4bade,2015-12,Surrey Police,Northumbria Police,-1.681598,54.994690,On or near A1,E01008445,Newcastle upon Tyne 031D,Public order,Investigation complete; no suspect identified,
4e364b52bffde8fd78277cc38093a8a6dd928a842e77dc12e61e05bf9db1fefa,2015-12,Surrey Police,Northumbria Police,-1.687098,54.998955,On or near Petrol Station,E01008445,Newcastle upon Tyne 031D,Shoplifting,Under investigation,
615ef50944d8d5ab62c3d66989be806129f78fed22efe66a89b2234fefb1a9cc,2015-12,Surrey Police,Northumbria Police,-1.688927,54.999059,On or near Supermarket,E01008445,Newcastle upon Tyne 031D,Shoplifting,Offender given community sentence,
ea8ddeb269090843c2f143267313b0f03d42517b7597210dbfc75d7c48064463,2015-12,Surrey Police,Northumbria Police,-1.683502,54.995163,On or near West Denton Way,E01008445,Newcastle upon Tyne 031D,Shoplifting,Investigation complete; no suspect identified,
2ea68647694345180f4979a436a95fb58955e5b1c5dd9dcca1a15c498f73f5c8,2015-12,Surrey Police,Northumbria Police,-1.687098,54.998955,On or near Petrol Station,E01008445,Newcastle upon Tyne 031D,Shoplifting,Under investigation,
ad8bb2fbbdd84408a244a9dacff0a030ae14f57001c48350ec25c6c06e50c2f0,2015-12,Surrey Police,Northumbria Police,-1.687098,54.998955,On or near Petrol Station,E01008445,Newcastle upon Tyne 031D,Shoplifting,Awaiting court outcome,
4b30b55939d22ac4b7201a922ae256e06ec2a3f9c4fdd693055ab3159777f4f5,2015-12,Surrey Police,Northumbria Police,-1.683502,54.995163,On or near West Denton Way,E01008445,Newcastle upon Tyne 031D,Vehicle crime,Investigation complete; no suspect identified,
60e8ac9f68b7679dcabc7fe9a2a371942e635d690d5d58efda5383633f97480a,2015-12,Surrey Police,Northumbria Police,-1.685339,54.998079,On or near Windsor Crescent,E01008445,Newcastle upon Tyne 031D,Violence and sexual offences,Investigation complete; no suspect identified,
afc477cf614f5ee152ada5c9bb9486360af941461f2b6022ded7844b8509f6ae,2015-12,Surrey Police,Northumbria Police,-1.685339,54.998079,On or near Windsor Crescent,E01008445,Newcastle upon Tyne 031D,Violence and sexual offences,Offender given penalty notice,
297bd8b39be5e153cc29c7c4373f0a05fc489d4649242bd044df6972eb796258,2015-12,Surrey Police,Northumbria Police,-1.685339,54.998079,On or near Windsor Crescent,E01008445,Newcastle upon Tyne 031D,Violence and sexual offences,Under investigation,
878601bf357ad4e907a80456f5521b3e4bff683bd398fdea17f30f6cdda32d92,2015-12,Surrey Police,Northumbria Police,-1.710953,54.996714,On or near Highgrove,E01008446,Newcastle upon Tyne 031E,Vehicle crime,Investigation complete; no suspect identified,
7a1b6d4d4ed5e9ec8d10bc9238df9ee867aa233362919dac2519709d7b50ea18,2015-12,Surrey Police,Northumbria Police,-1.700999,54.996366,On or near Langdon Road,E01008446,Newcastle upon Tyne 031E,Violence and sexual offences,Investigation complete; no suspect identified,
,2015-12,Surrey Police,Northumbria Police,-1.714450,54.995149,On or near Elston Close,E01008447,Newcastle upon Tyne 031F,Anti-social behaviour,,
3d3e97656eb5db2aea301d295295e1d89b8227f31687123129c6c404857f93fe,2015-12,Surrey Police,Northumbria Police,-1.714827,54.994818,On or near Petrol Station,E01008447,Newcastle upon Tyne 031F,Violence and sexual offences,Offender fined,
,2015-12,Surrey Police,Northumbria Police,-1.477154,55.052395,On or near Huntly Road,E01008548,North Tyneside 001B,Anti-social behaviour,,
,2015-12,Surrey Police,Northumbria Police,-1.475377,55.053052,On or near Beaconsfield Close,E01008548,North Tyneside 001B,Anti-social behaviour,,
,2015-12,Surrey Police,Northumbria Police,-1.477154,55.052395,On or near Huntly Road,E01008548,North Tyneside 001B,Anti-social behaviour,,
076eeb790cb4a0b4391de4653e5eff10fcdb0c14bf496374bb79e0079e2d4b58,2015-12,Surrey Police,Northumbria Police,-1.476031,55.047322,On or near Marwood Court,E01008548,North Tyneside 001B,Criminal damage and arson,Investigation complete; no suspect identified,
fcd701fe3c503c5b0d98babd469692975c86071d375402b027d714b5a9c2920d,2015-12,Surrey Police,Northumbria Police,-1.476031,55.047322,On or near Marwood Court,E01008548,North Tyneside 001B,Other theft,Investigation complete; no suspect identified,
58c8a1123b42fc141fefdf5f3d1c30dc97c64dfb9734168fdac168e8183968eb,2015-12,Surrey Police,Northumbria Police,-1.476942,55.049428,On or near Hertford Close,E01008548,North Tyneside 001B,Violence and sexual offences,Investigation complete; no suspect identified,
490092838959deb79932f433240562c3975cd40fda8f0112e399fd4ef0b84102,2015-12,Surrey Police,Northumbria Police,-1.459951,55.055923,On or near St Kitt'S Close,E01008549,North Tyneside 001C,Public order,Investigation complete; no suspect identified,
980615ac64c3442f246eeecdfcd3b912d3bca33762f0af1a0a00983d09c1c5c0,2015-12,Surrey Police,Northumbria Police,-1.461834,55.054449,On or near Claremont Crescent,E01008549,North Tyneside 001C,Public order,Investigation complete; no suspect identified,
9694460374f836952da598085751625e093928d8c2ddfde4017c789d075e1758,2015-12,Surrey Police,Northumbria Police,-1.461071,55.062281,On or near Gerrard Road,E01008551,North Tyneside 001D,Burglary,Investigation complete; no suspect identified,
f5fb37da33f354e9682902a7f0714dff247614435a9320384c93490a2787593d,2015-12,Surrey Police,Northumbria Police,-1.461071,55.062281,On or near Gerrard Road,E01008551,North Tyneside 001D,Criminal damage and arson,Investigation complete; no suspect identified,
bc13dfcf723b1f3c2ea8cb4143fc2e0bb5294fe9bb8736098056c5d80d68c42f,2015-12,Surrey Police,Northumbria Police,-1.454016,55.067597,On or near Park/Open Space,E01008551,North Tyneside 001D,Other theft,Investigation complete; no suspect identified,
367b292aa52b556ab99d61166f28c985c26258c24f50827d5c6de270273eb030,2015-12,Surrey Police,Northumbria Police,-1.461071,55.062281,On or near Gerrard Road,E01008551,North Tyneside 001D,Violence and sexual offences,Investigation complete; no suspect identified,
6e65eb0e8acd04eb7b22c4c106316b93ff2340d32b1729c40425f5f70e89e2c1,2015-12,Surrey Police,Northumbria Police,-1.577200,55.045585,On or near Kirkwood,E01008478,North Tyneside 002A,Burglary,Awaiting court outcome,
a9bbfb037ab8b023d40dfbe5cb2afbb5744fdbffc2aafc374180e6af68d4453b,2015-12,Surrey Police,Northumbria Police,-1.587133,55.056753,On or near Craig Crescent,E01008478,North Tyneside 002A,Criminal damage and arson,Investigation complete; no suspect identified,
aeaf19ba508910d46de885e5de091e0960c217d00cc634dc6630a9ff8e10bc53,2015-12,Surrey Police,Northumbria Police,-1.578027,55.054781,On or near Burradon Road,E01008478,North Tyneside 002A,Other theft,Investigation complete; no suspect identified,
3e62b7b7ec89b5fd60b5fa9ef4fcccad10a6c65f88da27c1f47bb2bc8de5fce1,2015-12,Surrey Police,Northumbria Police,-1.582745,55.055723,On or near Bowman Drive,E01008478,North Tyneside 002A,Public order,Under investigation,
2bc0d84e2e2aa1347dcdc765179c36c622d410e2efdcd92a2c7178cadf3d54bc,2015-12,Surrey Police,Northumbria Police,-1.587133,55.056753,On or near Craig Crescent,E01008478,North Tyneside 002A,Violence and sexual offences,Under investigation,
f19b714c4af83612d59b040a38568ce3b631bc67f03ce414ef6d5a9ef7d5183a,2015-12,Surrey Police,Northumbria Police,-1.582745,55.055723,On or near Bowman Drive,E01008478,North Tyneside 002A,Violence and sexual offences,Awaiting court outcome,
7096f78fc3ed28aee0b0e60afe421876a32b39da5cbba0d04b04ed82cfb1e76f,2015-12,Surrey Police,Northumbria Police,-1.578027,55.054781,On or near Burradon Road,E01008478,North Tyneside 002A,Violence and sexual offences,Under investigation,
31795f05118cb08933a0fd00f19a4050f00d8ef7c379ad584517378a95186c97,2015-12,Surrey Police,Northumbria Police,-1.575751,55.055348,On or near A190,E01008478,North Tyneside 002A,Violence and sexual offences,Court case unable to proceed,
30b0bd17f8b529465c2f0b473e041cabb5caef5db143d9c8e7e34c58cc67dee2,2015-12,Surrey Police,Northumbria Police,-1.582745,55.055723,On or near Bowman Drive,E01008478,North Tyneside 002A,Violence and sexual offences,Under investigation,
0f9b4d57c642c443531824fd421a4fb48ec5614f04f0179d14921e8b561e9fba,2015-12,Surrey Police,Northumbria Police,-1.587697,55.055164,On or near Wright Drive,E01008478,North Tyneside 002A,Violence and sexual offences,Under investigation,
ca998f4b39aa26c74e9974599f216671b182ec23f173732416348aae540f8669,2015-12,Surrey Police,Northumbria Police,-1.582745,55.055723,On or near Bowman Drive,E01008478,North Tyneside 002A,Violence and sexual offences,Under investigation,
b2433f384f8afa9251791b49df9fdf072077a5e88f2316cf8bd015be30123824,2015-12,Surrey Police,Northumbria Police,-1.582745,55.055723,On or near Bowman Drive,E01008478,North Tyneside 002A,Other crime,Investigation complete; no suspect identified,
,2015-12,Surrey Police,Northumbria Police,-1.581373,55.059627,On or near The Wynding,E01008480,North Tyneside 002B,Anti-social behaviour,,
,2015-12,Surrey Police,Northumbria Police,-1.583095,55.056703,On or near Fern Drive,E01008480,North Tyneside 002B,Anti-social behaviour,,
,2015-12,Surrey Police,Northumbria Police,-1.581373,55.059627,On or near The Wynding,E01008480,North Tyneside 002B,Anti-social behaviour,,
,2015-12,Surrey Police,Northumbria Police,-1.581373,55.059627,On or near The Wynding,E01008480,North Tyneside 002B,Anti-social behaviour,,
,2015-12,Surrey Police,Northumbria Police,-1.581373,55.059627,On or near The Wynding,E01008480,North Tyneside 002B,Anti-social behaviour,,
,2015-12,Surrey Police,Northumbria Police,-1.579683,55.061059,On or near Queens Road,E01008480,North Tyneside 002B,Anti-social behaviour,,
,2015-12,Surrey Police,Northumbria Police,-1.581373,55.059627,On or near The Wynding,E01008480,North Tyneside 002B,Anti-social behaviour,,
,2015-12,Surrey Police,Northumbria Police,-1.581373,55.059627,On or near The Wynding,E01008480,North Tyneside 002B,Anti-social behaviour,,
a3031e89d2e7911ca48bdae7ff0edc096f941027df7ad43da82c881f2045647d,2015-12,Surrey Police,Northumbria Police,-1.579683,55.061059,On or near Queens Road,E01008480,North Tyneside 002B,Burglary,Investigation complete; no suspect identified,
c031d338d52285b77bcfd7a637b0eb731d13c39f3b744f93efdb98675d30183f,2015-12,Surrey Police,Northumbria Police,-1.579931,55.062785,On or near Orange Grove,E01008480,North Tyneside 002B,Criminal damage and arson,Under investigation,
a13b2469d879da609e430ca834f50bb003248eee24f366e3448cb3dbaaf565d8,2015-12,Surrey Police,Northumbria Police,-1.578399,55.058143,On or near Front Street,E01008480,North Tyneside 002B,Criminal damage and arson,Offender given a caution,
48995c5549d252b564eec511e353b0c1bd31258961676557abd23ccebb0e12ad,2015-12,Surrey Police,Northumbria Police,-1.580614,55.061916,On or near Barras Avenue,E01008480,North Tyneside 002B,Other theft,Investigation complete; no suspect identified,
baa08203aa5a0551d96c114dd5a6776e2e3b1f5e0296b9f78892f33bcf1f73ff,2015-12,Surrey Police,Northumbria Police,-1.579536,55.058686,On or near Burnside Avenue,E01008480,North Tyneside 002B,Other theft,Investigation complete; no suspect identified,
6bddb4e99e168dad10be8d7e17f0698d36ed85959e1e6d9d4b77c9c76eb9dd33,2015-12,Surrey Police,Northumbria Police,-1.577876,55.057243,On or near Seaton Croft,E01008480,North Tyneside 002B,Violence and sexual offences,Investigation complete; no suspect identified,
44eb94b31758606dc3540b2d65430533aa6a87f9be381a50f61bbf009084efaa,2015-12,Surrey Police,Northumbria Police,-1.581823,55.058550,On or near Wardle Drive,E01008480,North Tyneside 002B,Violence and sexual offences,Awaiting court outcome,
91a0c1729db98e8b1b8d8746dcabf463d7391c0b933099db5e20e7cfef410fb9,2015-12,Surrey Police,Northumbria Police,-1.581823,55.058550,On or near Wardle Drive,E01008480,North Tyneside 002B,Violence and sexual offences,Awaiting court outcome,
,2015-12,Surrey Police,Northumbria Police,-1.594328,55.055816,On or near Parking Area,E01008578,North Tyneside 002D,Anti-social behaviour,,
,2015-12,Surrey Police,Northumbria Police,-1.594328,55.055816,On or near Parking Area,E01008578,North Tyneside 002D,Anti-social behaviour,,
,2015-12,Surrey Police,Northumbria Police,-1.593892,55.054026,On or near Sports/Recreation Area,E01008578,North Tyneside 002D,Anti-social behaviour,,
,2015-12,Surrey Police,Northumbria Police,-1.593429,55.051868,On or near Weetslade Crescent,E01008578,North Tyneside 002D,Anti-social behaviour,,
,2015-12,Surrey Police,Northumbria Police,-1.592700,55.057374,On or near East View Terrace,E01008578,North Tyneside 002D,Anti-social behaviour,,
,2015-12,Surrey Police,Northumbria Police,-1.593892,55.054026,On or near Sports/Recreation Area,E01008578,North Tyneside 002D,Anti-social behaviour,,
,2015-12,Surrey Police,Northumbria Police,-1.592700,55.057374,On or near East View Terrace,E01008578,North Tyneside 002D,Anti-social behaviour,,
fc0a971bc804f8461a9027289e2fd2ccac331e57f8a6524ddab8f0f8827dea6e,2015-12,Surrey Police,Northumbria Police,-1.590317,55.050024,On or near Ethel Street,E01008578,North Tyneside 002D,Burglary,Investigation complete; no suspect identified,
a121b9543468f8bfd7d9b5f49a34bf5c9f519886f9d634436064ec29fabf5d82,2015-12,Surrey Police,Northumbria Police,-1.587487,55.060340,On or near Cloverhill Close,E01008578,North Tyneside 002D,Criminal damage and arson,Offender fined,
b12840dea478f56be87cddad8df752fd9d99239362dfa5494d3217b368dd9e48,2015-12,Surrey Police,Northumbria Police,-1.592700,55.057374,On or near East View Terrace,E01008578,North Tyneside 002D,Other theft,Investigation complete; no suspect identified,
,2015-12,Surrey Police,Northumbria Police,-1.601912,55.056605,On or near Green Crescent,E01008583,North Tyneside 002E,Anti-social behaviour,,
,2015-12,Surrey Police,Northumbria Police,-1.597832,55.056034,On or near Wansbeck Road,E01008583,North Tyneside 002E,Anti-social behaviour,,
,2015-12,Surrey Police,Northumbria Police,-1.601912,55.056605,On or near Green Crescent,E01008583,North Tyneside 002E,Anti-social behaviour,,
109101f5dd19cbbc1ccd6f4f241dfc045e9314edf7a7c609c9affb29ad8ff08a,2015-12,Surrey Police,Northumbria Police,-1.598603,55.055695,On or near Alderwood Park,E01008583,North Tyneside 002E,Burglary,Under investigation,
b5a6550c78845bb6978e8b56dd234380fc72b35b7abaded258886f251a3612aa,2015-12,Surrey Police,Northumbria Police,-1.601912,55.056605,On or near Green Crescent,E01008583,North Tyneside 002E,Criminal damage and arson,Under investigation,
5e6d2b1cd7ba9361cbf8cba346fe17b236da4f08ebf6867b5ee377e2d609d1e0,2015-12,Surrey Police,Northumbria Police,-1.596546,55.056263,On or near Station Road,E01008583,North Tyneside 002E,Possession of weapons,Investigation complete; no suspect identified,
7242388ede42bb52f6f71337656bb6dd6de869a5bb4a8019c3906138c9b6cf9d,2015-12,Surrey Police,Northumbria Police,-1.601912,55.056605,On or near Green Crescent,E01008583,North Tyneside 002E,Violence and sexual offences,Under investigation,
,2015-12,Surrey Police,Northumbria Police,-1.461091,55.045657,On or near Parking Area,E01008520,North Tyneside 003A,Anti-social behaviour,,
,2015-12,Surrey Police,Northumbria Police,-1.461091,55.045657,On or near Parking Area,E01008520,North Tyneside 003A,Anti-social behaviour,,
f77046ca216a974ed21daafca0a6e8e21fd58b8a81ed82e782c491d4fb7aad2f,2015-12,Surrey Police,Northumbria Police,-1.461091,55.045657,On or near Parking Area,E01008520,North Tyneside 003A,Criminal damage and arson,Investigation complete; no suspect identified,
8762f2cdd62016ffa66c0dd86b9c4d972a0aaecb295b50ac318ba5f4cb7641b9,2015-12,Surrey Police,Northumbria Police,-1.460763,55.046761,On or near Sports/Recreation Area,E01008523,North Tyneside 003B,Public order,Under investigation,
,2015-12,Surrey Police,Northumbria Police,-1.456385,55.051091,On or near Richmond Terrace,E01008546,North Tyneside 003C,Anti-social behaviour,,
,2015-12,Surrey Police,Northumbria Police,-1.448133,55.047926,On or near Promenade,E01008546,North Tyneside 003C,Anti-social behaviour,,
0d15413fdad743efa14442d0f04cf4af73dba8335337e4d355f95a90c780affa,2015-12,Surrey Police,Northumbria Police,-1.462246,55.051710,On or near Rothley Way,E01008546,North Tyneside 003C,Other theft,Investigation complete; no suspect identified,
cfcf7c84f234428ae8c1d83ee5e50e6fc09471067f7bd5a203a62e83f619e4c0,2015-12,Surrey Police,Northumbria Police,-1.451581,55.053298,On or near Parking Area,E01008546,North Tyneside 003C,Public order,Offender given a caution,
ee671ebc1205bab42985f9f808871dae93246f1b389db93829409df85b7abef7,2015-12,Surrey Police,Northumbria Police,-1.450310,55.047810,On or near Clovelly Gardens,E01008550,North Tyneside 003D,Violence and sexual offences,Under investigation,
852ea706c13e59947cc542af13eb5e6b3fe119fe1a3bdf2e2e11c579180bf50e,2015-12,Surrey Police,Northumbria Police,-1.452319,55.050821,On or near Glendale Avenue,E01008550,North Tyneside 003D,Violence and sexual offences,Investigation complete; no suspect identified,
,2015-12,Surrey Police,Northumbria Police,-1.623523,55.047471,On or near B1318,E01008577,North Tyneside 004A,Anti-social behaviour,,
,2015-12,Surrey Police,Northumbria Police,-1.624533,55.048256,On or near Supermarket,E01008577,North Tyneside 004A,Anti-social behaviour,,
,2015-12,Surrey Police,Northumbria Police,-1.624533,55.048256,On or near Supermarket,E01008577,North Tyneside 004A,Anti-social behaviour,,
,2015-12,Surrey Police,Northumbria Police,-1.624588,55.052363,On or near Gray Avenue,E01008577,North Tyneside 004A,Anti-social behaviour,,
,2015-12,Surrey Police,Northumbria Police,-1.624588,55.052363,On or near Gray Avenue,E01008577,North Tyneside 004A,Anti-social behaviour,,
,2015-12,Surrey Police,Northumbria Police,-1.621977,55.050351,On or near Taylor Avenue,E01008577,North Tyneside 004A,Anti-social behaviour,,
,2015-12,Surrey Police,Northumbria Police,-1.624533,55.048256,On or near Supermarket,E01008577,North Tyneside 004A,Anti-social behaviour,,
,2015-12,Surrey Police,Northumbria Police,-1.623523,55.047471,On or near B1318,E01008577,North Tyneside 004A,Anti-social behaviour,,
,2015-12,Surrey Police,Northumbria Police,-1.624533,55.048256,On or near Supermarket,E01008577,North Tyneside 004A,Anti-social behaviour,,
43af2eb78e03adf277195dd3ff2484843d023d2cd7a3b95633599a02fe7a9383,2015-12,Surrey Police,Northumbria Police,-1.622855,55.051882,On or near Morpeth Avenue,E01008577,North Tyneside 004A,Criminal damage and arson,Investigation complete; no suspect identified,
a06cbd6ee32311fb0cadab4d2dbf1d3d733a84b58fc402b5799bdce9a8e503c4,2015-12,Surrey Police,Northumbria Police,-1.623523,55.047471,On or near B1318,E01008577,North Tyneside 004A,Criminal damage and arson,Offender given a caution,
2812c03eb57c21ca2eb612f20431b2895705030fff89f970bcb37beb584b61b8,2015-12,Surrey Police,Northumbria Police,-1.623523,55.047471,On or near B1318,E01008577,North Tyneside 004A,Criminal damage and arson,Investigation complete; no suspect identified,
212e3c7b50e00322887b7c0d63ea189f780929f81e4a4a40359771df5e8336a0,2015-12,Surrey Police,Northumbria Police,-1.624264,55.051904,On or near Alnwick Terrace,E01008577,North Tyneside 004A,Criminal damage and arson,Investigation complete; no suspect identified,
3095c72727754c51cee97568d29a56bcc5bf253cfeaa30b92749d2aff5d75e8c,2015-12,Surrey Police,Northumbria Police,-1.624588,55.052363,On or near Gray Avenue,E01008577,North Tyneside 004A,Criminal damage and arson,Investigation complete; no suspect identified,
880d9a2fe52a9864a446b260c28fc0316173a169c210c21d67964734da2d3c05,2015-12,Surrey Police,Northumbria Police,-1.624264,55.051904,On or near Alnwick Terrace,E01008577,North Tyneside 004A,Criminal damage and arson,Investigation complete; no suspect identified,
970f93869dd71033cf5dee9aaddbc64afe54fbb186975cae66adfe2e1925c59c,2015-12,Surrey Police,Northumbria Police,-1.623749,55.050069,On or near Warkworth Drive,E01008577,North Tyneside 004A,Criminal damage and arson,Investigation complete; no suspect identified,
8f9b69d6740af34b424802a8e3f215f0b0dfb390cb7b8bacbc97a990ee21cf5c,2015-12,Surrey Police,Northumbria Police,-1.624588,55.052363,On or near Gray Avenue,E01008577,North Tyneside 004A,Criminal damage and arson,Investigation complete; no suspect identified,
587873685688fbe31bf06c15571075a01b49e8c7f58707e4020956b620a59ba1,2015-12,Surrey Police,Northumbria Police,-1.623523,55.047471,On or near B1318,E01008577,North Tyneside 004A,Drugs,Under investigation,
171c52772be057e2c1976d830fc053ffbebeeec6e97169e4a41630ac9f69ecff,2015-12,Surrey Police,Northumbria Police,-1.623523,55.047471,On or near B1318,E01008577,North Tyneside 004A,Public order,Under investigation,
a90c22b9f92b2750cbbd09d2e374993fa536d8aeff2e77553ddc15746c4d3f42,2015-12,Surrey Police,Northumbria Police,-1.621977,55.050351,On or near Taylor Avenue,E01008577,North Tyneside 004A,Violence and sexual offences,Under investigation,
985c1a1f1a2936a4513f99b5a61fb58b6f92f06a0150effa5b89d87d33393800,2015-12,Surrey Police,Northumbria Police,-1.623523,55.047471,On or near B1318,E01008577,North Tyneside 004A,Violence and sexual offences,Investigation complete; no suspect identified,
dc1e05b39b9f2ab2202ad9663104c7cb36be7232099402dc5069a59cdc0cc882,2015-12,Surrey Police,Northumbria Police,-1.624533,55.048256,On or near Supermarket,E01008577,North Tyneside 004A,Violence and sexual offences,Under investigation,
2d80dca9b913a24f46797d8386603b782004becda974600d2a53f8ee95ae18b1,2015-12,Surrey Police,Northumbria Police,-1.624533,55.048256,On or near Supermarket,E01008577,North Tyneside 004A,Violence and sexual offences,Local resolution,
,2015-12,Surrey Police,Northumbria Police,-1.628966,55.051199,On or near Rayleigh Drive,E01008579,North Tyneside 004B,Anti-social behaviour,,
,2015-12,Surrey Police,Northumbria Police,-1.625964,55.049213,On or near Halton Drive,E01008579,North Tyneside 004B,Anti-social behaviour,,
,2015-12,Surrey Police,Northumbria Police,-1.623388,55.045153,On or near Harrow Gardens,E01008579,North Tyneside 004B,Anti-social behaviour,,
,2015-12,Surrey Police,Northumbria Police,-1.624420,55.046935,On or near Widdrington Gardens,E01008579,North Tyneside 004B,Anti-social behaviour,,
bb54d13c172c21b72d91cf16545f51687d8ad93e46e220067a0f5bbd604a0986,2015-12,Surrey Police,Northumbria Police,-1.628966,55.051199,On or near Rayleigh Drive,E01008579,North Tyneside 004B,Burglary,Investigation complete; no suspect identified,
e9c8dc073a1897e710c2c9b95e26ae3cf05d8700a7d65a288f4f779451645313,2015-12,Surrey Police,Northumbria Police,-1.625964,55.049213,On or near Halton Drive,E01008579,North Tyneside 004B,Criminal damage and arson,Investigation complete; no suspect identified,
07f5dbd2f1795b057aa79448372d3e5e0ab27f98296574f1479a01440f40585c,2015-12,Surrey Police,Northumbria Police,-1.629452,55.049404,On or near Boulmer Gardens,E01008579,North Tyneside 004B,Criminal damage and arson,Investigation complete; no suspect identified,
4c98f236afbd1c6ac89091daac10fefde66b082ff29cca6a223a8dafb29ac998,2015-12,Surrey Police,Northumbria Police,-1.630580,55.049344,On or near Ewesley Gardens,E01008579,North Tyneside 004B,Criminal damage and arson,Investigation complete; no suspect identified,
a7a0279e199f25904517db3560edb41c25fa2068e0ddb517cf99f7a66875f233,2015-12,Surrey Police,Northumbria Police,-1.630580,55.049344,On or near Ewesley Gardens,E01008579,North Tyneside 004B,Criminal damage and arson,Investigation complete; no suspect identified,
d6d137d143c176a80c73ba6ddcbb5d7248f7f475ebb5e0cf72e8329c60434bc8,2015-12,Surrey Police,Northumbria Police,-1.625964,55.049213,On or near Halton Drive,E01008579,North Tyneside 004B,Violence and sexual offences,Investigation complete; no suspect identified,
a5ad4cdaeb12220ed91e146e5b6f8564dd2e31c60081b3f3b546921d4fecdbde,2015-12,Surrey Police,Northumbria Police,-1.625964,55.049213,On or near Halton Drive,E01008579,North Tyneside 004B,Violence and sexual offences,Under investigation,
02c834c5df78ad3610f2bc2b20229b8aa278f3e8995893280b4faf82de9e22c3,2015-12,Surrey Police,Northumbria Police,-1.628966,55.051199,On or near Rayleigh Drive,E01008579,North Tyneside 004B,Violence and sexual offences,Investigation complete; no suspect identified,
ca56135436dc9f5429556220d4f323069418286a68212aed702024e87cafe58a,2015-12,Surrey Police,Northumbria Police,-1.630580,55.049344,On or near Ewesley Gardens,E01008579,North Tyneside 004B,Violence and sexual offences,Court case unable to proceed,
5907b72eb7da3a231228ee02a9ca753886609979210f2e1301a7538e985cdc44,2015-12,Surrey Police,Northumbria Police,-1.634814,55.041566,On or near Ferguson Crescent,E01008580,North Tyneside 004C,Shoplifting,Investigation complete; no suspect identified,
95cc7cfbf4cef5492eb6b15c68dcf838883a642efaa8e9d3884b5aa676a193eb,2015-12,Surrey Police,Northumbria Police,-1.638729,55.044714,On or near Sandford Mews,E01008580,North Tyneside 004C,Violence and sexual offences,Under investigation,
27fb802a28f31fb88a2840bbbe667796cde6819089e2fb386349243efc2c5012,2015-12,Surrey Police,Northumbria Police,-1.626883,55.044606,On or near Norwich Avenue,E01008581,North Tyneside 004D,Other theft,Investigation complete; no suspect identified,
,2015-12,Surrey Police,Northumbria Police,-1.625267,55.056750,On or near Brigside Cottages,E01008582,North Tyneside 004E,Anti-social behaviour,,
,2015-12,Surrey Police,Northumbria Police,-1.620598,55.057221,On or near Nearlane Close,E01008582,North Tyneside 004E,Anti-social behaviour,,
,2015-12,Surrey Police,Northumbria Police,-1.626908,55.058714,On or near Peel Court,E01008582,North Tyneside 004E,Anti-social behaviour,,
2f3eff8e5944d21a7ff92e4cac0dba853ce36287767f6af6af882cafd0319920,2015-12,Surrey Police,Northumbria Police,-1.623199,55.056906,On or near Patience Avenue,E01008582,North Tyneside 004E,Criminal damage and arson,Investigation complete; no suspect identified,
ad1ccbd7925c6a409d06b3e71b4dc8d2c2f77eff771cf5c9ddb7c787a25dc953,2015-12,Surrey Police,Northumbria Police,-1.620619,55.056619,On or near Rookwood Drive,E01008582,North Tyneside 004E,Drugs,Offender given a caution,
5078acfcd0f3daf869f79741f747c6b939f40e4a9e5a6f670cb143fb3af73513,2015-12,Surrey Police,Northumbria Police,-1.623199,55.056906,On or near Patience Avenue,E01008582,North Tyneside 004E,Vehicle crime,Investigation complete; no suspect identified,
0cd18f4a8f2daed0abb75aa6a1a84219f8ac3df0631b59def459047e980683c9,2015-12,Surrey Police,Northumbria Police,-1.620619,55.056619,On or near Rookwood Drive,E01008582,North Tyneside 004E,Violence and sexual offences,Investigation complete; no suspect identified,
369cd08e020115ebc598edd065e877eebc07713cb33ce259000204d298cb2fa1,2015-12,Surrey Police,Northumbria Police,-1.623199,55.056906,On or near Patience Avenue,E01008582,North Tyneside 004E,Violence and sexual offences,Under investigation,
90bb073a965212b3e357a00d1199f4c548037c6c4f45a216057e794bbb25fead,2015-12,Surrey Police,Northumbria Police,-1.620619,55.056619,On or near Rookwood Drive,E01008582,North Tyneside 004E,Violence and sexual offences,Investigation complete; no suspect identified,
0ed1239afb3df9001be2815caa4198e6a8f4c89f2510a2744f0a67d28cd485fb,2015-12,Surrey Police,Northumbria Police,-1.625267,55.056750,On or near Brigside Cottages,E01008582,North Tyneside 004E,Violence and sexual offences,Under investigation,
be443b88a625ba4c2365ed9d4b1e7a84fb549b55f2be1f46cde3fa3e974b7bfc,2015-12,Surrey Police,Northumbria Police,-1.628190,55.060650,On or near Thorntree Avenue,E01008582,North Tyneside 004E,Violence and sexual offences,Awaiting court outcome,
2835a30391cc6779e484040d2cadea08855082b3526620b3c315933abdaf8bff,2015-12,Surrey Police,Northumbria Police,-1.620598,55.057221,On or near Nearlane Close,E01008582,North Tyneside 004E,Violence and sexual offences,Under investigation,
8cf092da134053f42bce907157de179dd98678d09d2151419e5c4c0dce8181b2,2015-12,Surrey Police,Northumbria Police,-1.628756,55.058666,On or near Brenkley Court,E01008582,North Tyneside 004E,Violence and sexual offences,Awaiting court outcome,
,2015-12,Surrey Police,Northumbria Police,-1.464273,55.045285,On or near Langdale,E01008517,North Tyneside 005A,Anti-social behaviour,,
f3583a1c6397fbf509ed3a04d2ef42ff7811b99625ae0a501be9edf75829b753,2015-12,Surrey Police,Northumbria Police,-1.467217,55.041613,On or near Pykerley Road,E01008517,North Tyneside 005A,Other theft,Under investigation,
308342829f38639ec07a0f7c4baa2d80e8656ea335223546ed0497022026fa05,2015-12,Surrey Police,Northumbria Police,-1.472193,55.044007,On or near Valehead,E01008519,North Tyneside 005B,Violence and sexual offences,Under investigation,
7e1d57f803b52a72b0212f92dec8821974c8f33eddac2eb63109fd5e0bfa8687,2015-12,Surrey Police,Northumbria Police,-1.479011,55.041979,On or near Turnberry,E01008521,North Tyneside 005C,Criminal damage and arson,Investigation complete; no suspect identified,
f1fa3c7d608ab9455491013f29509067548d42025752467dc103285c5d401bab,2015-12,Surrey Police,Northumbria Police,-1.468771,55.038852,On or near Crawford Place,E01008522,North Tyneside 005D,Criminal damage and arson,Investigation complete; no suspect identified,
0def5f384f0ba75110f974c0a4289d13d8fd5029b510ce7d687b67c5f5c9c8fb,2015-12,Surrey Police,Northumbria Police,-1.475713,55.038100,On or near Green Square,E01008522,North Tyneside 005D,Violence and sexual offences,Investigation complete; no suspect identified,
b90bdb9fd38b9c5ade2551f7cbd6071af62744eb7928c226fbc31b7c93f46208,2015-12,Surrey Police,Northumbria Police,-1.475713,55.038100,On or near Green Square,E01008522,North Tyneside 005D,Violence and sexual offences,Investigation complete; no suspect identified,
,2015-12,Surrey Police,Northumbria Police,-1.440177,55.042642,On or near Percy Road,E01008584,North Tyneside 006A,Anti-social behaviour,,
,2015-12,Surrey Police,Northumbria Police,-1.447454,55.044886,On or near Park Avenue,E01008584,North Tyneside 006A,Anti-social behaviour,,
,2015-12,Surrey Police,Northumbria Police,-1.442528,55.043489,On or near South Parade,E01008584,North Tyneside 006A,Anti-social behaviour,,
,2015-12,Surrey Police,Northumbria Police,-1.444391,55.044611,On or near Ocean View,E01008584,North Tyneside 006A,Anti-social behaviour,,
,2015-12,Surrey Police,Northumbria Police,-1.439268,55.043860,On or near Promenade,E01008584,North Tyneside 006A,Anti-social behaviour,,
,2015-12,Surrey Police,Northumbria Police,-1.446171,55.042598,On or near Supermarket,E01008584,North Tyneside 006A,Anti-social behaviour,,
,2015-12,Surrey Police,Northumbria Police,-1.444391,55.044611,On or near Ocean View,E01008584,North Tyneside 006A,Anti-social behaviour,,
,2015-12,Surrey Police,Northumbria Police,-1.442528,55.043489,On or near South Parade,E01008584,North Tyneside 006A,Anti-social behaviour,,
,2015-12,Surrey Police,Northumbria Police,-1.446047,55.041438,On or near Police Station,E01008584,North Tyneside 006A,Anti-social behaviour,,
,2015-12,Surrey Police,Northumbria Police,-1.442528,55.043489,On or near South Parade,E01008584,North Tyneside 006A,Anti-social behaviour,,
,2015-12,Surrey Police,Northumbria Police,-1.440177,55.042642,On or near Percy Road,E01008584,North Tyneside 006A,Anti-social behaviour,,
,2015-12,Surrey Police,Northumbria Police,-1.442528,55.043489,On or near South Parade,E01008584,North Tyneside 006A,Anti-social behaviour,,
,2015-12,Surrey Police,Northumbria Police,-1.442528,55.043489,On or near South Parade,E01008584,North Tyneside 006A,Anti-social behaviour,,
,2015-12,Surrey Police,Northumbria Police,-1.444391,55.044611,On or near Ocean View,E01008584,North Tyneside 006A,Anti-social behaviour,,
,2015-12,Surrey Police,Northumbria Police,-1.446047,55.041438,On or near Police Station,E01008584,North Tyneside 006A,Anti-social behaviour,,
,2015-12,Surrey Police,Northumbria Police,-1.442528,55.043489,On or near South Parade,E01008584,North Tyneside 006A,Anti-social behaviour,,
,2015-12,Surrey Police,Northumbria Police,-1.442528,55.043489,On or near South Parade,E01008584,North Tyneside 006A,Anti-social behaviour,,
,2015-12,Surrey Police,Northumbria Police,-1.442528,55.043489,On or near South Parade,E01008584,North Tyneside 006A,Anti-social behaviour,,
,2015-12,Surrey Police,Northumbria Police,-1.440177,55.042642,On or near Percy Road,E01008584,North Tyneside 006A,Anti-social behaviour,,
,2015-12,Surrey Police,Northumbria Police,-1.440177,55.042642,On or near Percy Road,E01008584,North Tyneside 006A,Anti-social behaviour,,
,2015-12,Surrey Police,Northumbria Police,-1.442528,55.043489,On or near South Parade,E01008584,North Tyneside 006A,Anti-social behaviour,,
,2015-12,Surrey Police,Northumbria Police,-1.442528,55.043489,On or near South Parade,E01008584,North Tyneside 006A,Anti-social behaviour,,
aa355e7909cdb71a6087cd676a6a0afe08bcb219e99c861528a721e11dae88f2,2015-12,Surrey Police,Northumbria Police,-1.443777,55.043746,On or near North Parade,E01008584,North Tyneside 006A,Burglary,Investigation complete; no suspect identified,
350f0bf665c698e5fe796edb6db7815a2743e71ea256b2738f2cd4bf0b00e9f9,2015-12,Surrey Police,Northumbria Police,-1.442528,55.043489,On or near South Parade,E01008584,North Tyneside 006A,Criminal damage and arson,Investigation complete; no suspect identified,
a68ec2944e6ccf6309b919774f746bf3996c2f1eeed93be68fdb60d4d430be16,2015-12,Surrey Police,Northumbria Police,-1.442528,55.043489,On or near South Parade,E01008584,North Tyneside 006A,Criminal damage and arson,Investigation complete; no suspect identified,
5ee561880c1d736466c87bc6df9628c95c37e2bf848d7a68abde5f1b12f1ec24,2015-12,Surrey Police,Northumbria Police,-1.441020,55.042826,On or near Esplanade Place,E01008584,North Tyneside 006A,Criminal damage and arson,Investigation complete; no suspect identified,
fc66f8373d2ca651d605ee6f1e3c0ca42df04ce1081584227abe58007aad1c35,2015-12,Surrey Police,Northumbria Police,-1.440177,55.042642,On or near Percy Road,E01008584,North Tyneside 006A,Criminal damage and arson,Investigation complete; no suspect identified,
7a1688986305a1e18aadc92aacf6008fe7faf31fd4c6402d7007a81bd42725e1,2015-12,Surrey Police,Northumbria Police,-1.447454,55.044886,On or near Park Avenue,E01008584,North Tyneside 006A,Criminal damage and arson,Investigation complete; no suspect identified,
aa87a0068ba26827e26651fee7b341b58ba95cb4d090e2532f482f4d2732e2d6,2015-12,Surrey Police,Northumbria Police,-1.445079,55.045801,On or near Charles Avenue,E01008584,North Tyneside 006A,Criminal damage and arson,Under investigation,
54c4f985bbe6765b5729bd6928663c77a20068a16cef0f74559a00f1391ac749,2015-12,Surrey Police,Northumbria Police,-1.446247,55.042796,On or near Further/Higher Educational Building,E01008584,North Tyneside 006A,Criminal damage and arson,Investigation complete; no suspect identified,
a73ea8bda619d43b6302e87253fbad58d62805cd831960d1da8cd56582edafe7,2015-12,Surrey Police,Northumbria Police,-1.444202,55.045842,On or near Nightclub,E01008584,North Tyneside 006A,Drugs,Offender given a drugs possession warning,
76b6fcc1f7bcd315afbd019ea2d27e97db4a1393848bd5d1e7c39a37c8259e2f,2015-12,Surrey Police,Northumbria Police,-1.444202,55.045842,On or near Nightclub,E01008584,North Tyneside 006A,Drugs,Offender fined,
6a1f6f93e8ff5c81ea21775cfe9ba7c06eec67545c7ddcde08a6954017d42a17,2015-12,Surrey Police,Northumbria Police,-1.445541,55.042891,On or near York Road,E01008584,North Tyneside 006A,Drugs,Court case unable to proceed,
6fad6803f26b2d6f9d25930dddb7af1991fb73078ef37c59e06f8c92c5dc5fb0,2015-12,Surrey Police,Northumbria Police,-1.444391,55.044611,On or near Ocean View,E01008584,North Tyneside 006A,Drugs,Offender given a drugs possession warning,
f236cdbdc42623059c6f9e1d5db15903900da9437ef981819e6fedf93ee6381f,2015-12,Surrey Police,Northumbria Police,-1.444391,55.044611,On or near Ocean View,E01008584,North Tyneside 006A,Drugs,Under investigation,
16aa837626f4ab83c7b47271a8b8c0e6b2507b608f279d942bdaccfd0815403f,2015-12,Surrey Police,Northumbria Police,-1.442528,55.043489,On or near South Parade,E01008584,North Tyneside 006A,Drugs,Offender given a caution,
863f21a879a28e7700febb78c88eee13c1f8ad60c16a05ea65eb7d3d2cec7e1e,2015-12,Surrey Police,Northumbria Police,-1.442528,55.043489,On or near South Parade,E01008584,North Tyneside 006A,Drugs,Under investigation,
3fde38c222a021872a7bd5d9f91525edeca980ded240eeef2a6ef3dd384c0b4a,2015-12,Surrey Police,Northumbria Police,-1.442528,55.043489,On or near South Parade,E01008584,North Tyneside 006A,Other theft,Investigation complete; no suspect identified,
12ebc2ad84f6b254e8e4a00f354614bded810bd7651b8cd4b06a1253ddd3a380,2015-12,Surrey Police,Northumbria Police,-1.444391,55.044611,On or near Ocean View,E01008584,North Tyneside 006A,Other theft,Investigation complete; no suspect identified,
0a2289849bc5457d11f03196024e8740c2a0d7f873ecedeb24f5625afda2de7f,2015-12,Surrey Police,Northumbria Police,-1.448708,55.045898,On or near Park Road,E01008584,North Tyneside 006A,Other theft,Under investigation,
2aa8628474dce1757f3e29254622fb7ddf995a136e2c456e0ae1006c9ccef049,2015-12,Surrey Police,Northumbria Police,-1.442528,55.043489,On or near South Parade,E01008584,North Tyneside 006A,Other theft,Investigation complete; no suspect identified,
471eba28b86678853dc5c165c6a2d0a35ced77eb5b011159f80e6046812ade89,2015-12,Surrey Police,Northumbria Police,-1.439268,55.043860,On or near Promenade,E01008584,North Tyneside 006A,Public order,Offender fined,
ce4273c9738cce935b5aa225416d6931d075ba731624dacc0cb97630d7814369,2015-12,Surrey Police,Northumbria Police,-1.446171,55.042598,On or near Supermarket,E01008584,North Tyneside 006A,Shoplifting,Investigation complete; no suspect identified,
ebc71dd1de00f21d264264140bfe2229d11891aceef61479255ead2508135c72,2015-12,Surrey Police,Northumbria Police,-1.445541,55.042891,On or near York Road,E01008584,North Tyneside 006A,Shoplifting,Offender fined,
5dc7264e9a05fb09a7448a68a3c28a7ef5307f6f20a061eb965fbc86bfd0665b,2015-12,Surrey Police,Northumbria Police,-1.446171,55.042598,On or near Supermarket,E01008584,North Tyneside 006A,Shoplifting,Offender given community sentence,
fd1f2ca3ff148cf98f809106a92787da0944f6fb3840ad783cc316bf26ea68ea,2015-12,Surrey Police,Northumbria Police,-1.445541,55.042891,On or near York Road,E01008584,North Tyneside 006A,Shoplifting,Under investigation,
316ee84de4a35c7df44a7ed0a0b5fc18416b040500c2217dd9190c2c2fc3038d,2015-12,Surrey Police,Northumbria Police,-1.442528,55.043489,On or near South Parade,E01008584,North Tyneside 006A,Violence and sexual offences,Investigation complete; no suspect identified,
437c5b42b921560e2db8f024ac42e1a5f41acef008cf176a9ded31d827a3f637,2015-12,Surrey Police,Northumbria Police,-1.445541,55.042891,On or near York Road,E01008584,North Tyneside 006A,Violence and sexual offences,Under investigation,
50f06309c91eec3405fa3c4f46ae35c684ff3080bf489e073fa59a2f2b03e0e3,2015-12,Surrey Police,Northumbria Police,-1.442528,55.043489,On or near South Parade,E01008584,North Tyneside 006A,Violence and sexual offences,Under investigation,
02a4f121fc5db918f08001900cc8fb566440cd4f12edcd571a083db05f29ab4f,2015-12,Surrey Police,Northumbria Police,-1.442528,55.043489,On or near South Parade,E01008584,North Tyneside 006A,Violence and sexual offences,Under investigation,
0c301c8335b944e5ac6d2db8bec81825c24f077a701c654857346eaff490aee2,2015-12,Surrey Police,Northumbria Police,-1.442528,55.043489,On or near South Parade,E01008584,North Tyneside 006A,Violence and sexual offences,Investigation complete; no suspect identified,
d6e63fe0e9bc25d6a417501401088f5f2a02c49c9af52dc57fdcf2fe30e3c536,2015-12,Surrey Police,Northumbria Police,-1.446247,55.042796,On or near Further/Higher Educational Building,E01008584,North Tyneside 006A,Violence and sexual offences,Investigation complete; no suspect identified,
397b458dd5fe6e6c4ca6851d0384c7fc60297530979d51769463f4d75a6e689f,2015-12,Surrey Police,Northumbria Police,-1.443777,55.043746,On or near North Parade,E01008584,North Tyneside 006A,Violence and sexual offences,Awaiting court outcome,
0d68a2e2b03036dcbc94d33b801180203662fab7c86e4422412dfc0bf260a52d,2015-12,Surrey Police,Northumbria Police,-1.446247,55.042796,On or near Further/Higher Educational Building,E01008584,North Tyneside 006A,Violence and sexual offences,Offender given community sentence,
3ccfedd4a34075be5904d2f72dcdbeb4174ff0c444489036360ec131a587e15b,2015-12,Surrey Police,Northumbria Police,-1.443777,55.043746,On or near North Parade,E01008584,North Tyneside 006A,Violence and sexual offences,Investigation complete; no suspect identified,
f2cf4522faf006710f9782504fe7e4348471c7c8db2513b7b743314de23c9f88,2015-12,Surrey Police,Northumbria Police,-1.442528,55.043489,On or near South Parade,E01008584,North Tyneside 006A,Violence and sexual offences,Investigation complete; no suspect identified,
efa27805c9a46a03f0c9c48d3ca62c739d39a3c360e4daad61916c5d7f242289,2015-12,Surrey Police,Northumbria Police,-1.442528,55.043489,On or near South Parade,E01008584,North Tyneside 006A,Violence and sexual offences,Investigation complete; no suspect identified,
ed84c38cd583b155c21456bbbfe3661c3763036d7c0d18cc27583cfa1b701834,2015-12,Surrey Police,Northumbria Police,-1.442528,55.043489,On or near South Parade,E01008584,North Tyneside 006A,Violence and sexual offences,Investigation complete; no suspect identified,
d92c8e1e2d83dc00ed7b66acea595316524e2f05d39c02222a470bcd6f324705,2015-12,Surrey Police,Northumbria Police,-1.444202,55.045842,On or near Nightclub,E01008584,North Tyneside 006A,Violence and sexual offences,Investigation complete; no suspect identified,
2f97ed2cfe245879789bb41593e1468497d54e870ad6dfa8c031c0890c2735f3,2015-12,Surrey Police,Northumbria Police,-1.440177,55.042642,On or near Percy Road,E01008584,North Tyneside 006A,Violence and sexual offences,Investigation complete; no suspect identified,
7db648e822a7e9fa231939863a946b54ac54bff3dbab2023bac0bf33ef399509,2015-12,Surrey Police,Northumbria Police,-1.444202,55.045842,On or near Nightclub,E01008584,North Tyneside 006A,Violence and sexual offences,Awaiting court outcome,
0dbc5ea1b47dfb8673a30979e160a23ca0a5567d348c023f0a0bff5242ae3110,2015-12,Surrey Police,Northumbria Police,-1.443777,55.043746,On or near North Parade,E01008584,North Tyneside 006A,Violence and sexual offences,Under investigation,
,2015-12,Surrey Police,Northumbria Police,-1.450628,55.039401,On or near Hillheads Road,E01008585,North Tyneside 006B,Anti-social behaviour,,
,2015-12,Surrey Police,Northumbria Police,-1.451123,55.037516,On or near Hotspur Avenue,E01008585,North Tyneside 006B,Anti-social behaviour,,
,2015-12,Surrey Police,Northumbria Police,-1.445442,55.044410,On or near Oxford Street,E01008585,North Tyneside 006B,Anti-social behaviour,,
1dc7fa5d9ec60a248923d450f935c7b3f6fb69a6a0f78453f8635a6aa14fa04a,2015-12,Surrey Police,Northumbria Police,-1.449203,55.041767,On or near Supermarket,E01008585,North Tyneside 006B,Burglary,Investigation complete; no suspect identified,
1123b8602f99186b96246425991d1fd8cd2ec8cae29cc32936cdfda53c25a4a5,2015-12,Surrey Police,Northumbria Police,-1.447441,55.042433,On or near Supermarket,E01008585,North Tyneside 006B,Other theft,Offender given conditional discharge,
9fcf03f86bb235c5b0b8c5ead020db6801004cbc4c85d1461c5f320dfafc8b75,2015-12,Surrey Police,Northumbria Police,-1.449203,55.041767,On or near Supermarket,E01008585,North Tyneside 006B,Other theft,Investigation complete; no suspect identified,
8368f7e83b66aa76137b755280d46c161ee3198cd90770e4997d317380eb6aa4,2015-12,Surrey Police,Northumbria Police,-1.454681,55.041692,On or near Norham Road,E01008585,North Tyneside 006B,Public order,Awaiting court outcome,
84be2802366a04e9de6b928409bd3dcc778fd50ee3b9a751249bfbded0143bea,2015-12,Surrey Police,Northumbria Police,-1.449203,55.041767,On or near Supermarket,E01008585,North Tyneside 006B,Theft from the person,Investigation complete; no suspect identified,
7416d63d38f657d938ad661d01b0a0980fc59771a9785daa6a52d4849fecf6b1,2015-12,Surrey Police,Northumbria Police,-1.445442,55.044410,On or near Oxford Street,E01008585,North Tyneside 006B,Violence and sexual offences,Under investigation,
7de4a17d5f13604ddd575a67ef42b020b12e74abf4b982005c734c620d34046b,2015-12,Surrey Police,Northumbria Police,-1.452279,55.037710,On or near Hillheads Court,E01008585,North Tyneside 006B,Violence and sexual offences,Investigation complete; no suspect identified,
bbe5044ced9c235b8cc3c05bffe34859b7faaaf2675264ef011dc0e3b66b0cf1,2015-12,Surrey Police,Northumbria Police,-1.450628,55.039401,On or near Hillheads Road,E01008585,North Tyneside 006B,Violence and sexual offences,Under investigation,
a7fad9aa76fdb1b5c35b8863ba85167aaee22afbf3f53c7ac5ecb853a204cb76,2015-12,Surrey Police,Northumbria Police,-1.454681,55.041692,On or near Norham Road,E01008585,North Tyneside 006B,Violence and sexual offences,Offender given community sentence,
,2015-12,Surrey Police,Northumbria Police,-1.432764,55.037926,On or near Promontory Terrace,E01008587,North Tyneside 006C,Anti-social behaviour,,
,2015-12,Surrey Police,Northumbria Police,-1.436565,55.037998,On or near Marden Crescent,E01008587,North Tyneside 006C,Anti-social behaviour,,
,2015-12,Surrey Police,Northumbria Police,-1.436565,55.037998,On or near Marden Crescent,E01008587,North Tyneside 006C,Anti-social behaviour,,
ef0189b4be43a2ce34ad3b6493f6e86380a92e026459a96f77df3cdfa7899460,2015-12,Surrey Police,Northumbria Police,-1.438325,55.041915,On or near Helena Avenue,E01008587,North Tyneside 006C,Other theft,Under investigation,
07bc4c9620a20a98f2b497287e7f233cb77e0b4b0b9f7b91ae16929cf8661e4b,2015-12,Surrey Police,Northumbria Police,-1.433606,55.040302,On or near Windsor Terrace,E01008587,North Tyneside 006C,Other theft,Investigation complete; no suspect identified,
4865800c2c5ab5c64c5bb518c84bffe09cce55f818e55ce1b3aedfdcbbc3f190,2015-12,Surrey Police,Northumbria Police,-1.438325,55.041915,On or near Helena Avenue,E01008587,North Tyneside 006C,Other theft,Under investigation,
f591371ad2b4b7bc164aecd5dd81c19074ec79913764254905fe86c01d6d2a92,2015-12,Surrey Police,Northumbria Police,-1.438325,55.041915,On or near Helena Avenue,E01008587,North Tyneside 006C,Other theft,Under investigation,
8e10a022573ce7c9e5db81ab23c724a6567e07092dab570366ada3e60cbf9c8d,2015-12,Surrey Police,Northumbria Police,-1.438325,55.041915,On or near Helena Avenue,E01008587,North Tyneside 006C,Other theft,Under investigation,
deda479545310a5ce91abb4e2da3f1322c89e52b8b19e087ef56a7825c9f8569,2015-12,Surrey Police,Northumbria Police,-1.436565,55.037998,On or near Marden Crescent,E01008587,North Tyneside 006C,Public order,Investigation complete; no suspect identified,
d336957e00784b1bb2464803d37dafa54d7a94036eabbfbfe8cac990b237e3d8,2015-12,Surrey Police,Northumbria Police,-1.435294,55.039331,On or near Grafton Road,E01008587,North Tyneside 006C,Public order,Investigation complete; no suspect identified,
681b71e09cf247bd0e1edfcbdd4af7ed55a555c6d80866b400e382098abf9a06,2015-12,Surrey Police,Northumbria Police,-1.435879,55.041122,On or near Rockcliffe Street,E01008587,North Tyneside 006C,Violence and sexual offences,Under investigation,
b7f91f4d1c9b8d7d3aaab939aecd525614838c1b810ca770f2f7c146833b4fbb,2015-12,Surrey Police,Northumbria Police,-1.435511,55.040608,On or near Romney Close,E01008587,North Tyneside 006C,Violence and sexual offences,Under investigation,
ca7003d486aeed4a743fa3a6c6427a17e08eb819d96e77c0621c9b60ab2c1d7b,2015-12,Surrey Police,Northumbria Police,-1.435879,55.041122,On or near Rockcliffe Street,E01008587,North Tyneside 006C,Violence and sexual offences,Investigation complete; no suspect identified,
,2015-12,Surrey Police,Northumbria Police,-1.442392,55.040945,On or near Station Road,E01008588,North Tyneside 006D,Anti-social behaviour,,
,2015-12,Surrey Police,Northumbria Police,-1.443865,55.041877,On or near Victoria Mews,E01008588,North Tyneside 006D,Anti-social behaviour,,
,2015-12,Surrey Police,Northumbria Police,-1.438066,55.039164,On or near Alma Place,E01008588,North Tyneside 006D,Anti-social behaviour,,
,2015-12,Surrey Police,Northumbria Police,-1.442950,55.040202,On or near Station Square,E01008588,North Tyneside 006D,Anti-social behaviour,,
,2015-12,Surrey Police,Northumbria Police,-1.438066,55.039164,On or near Alma Place,E01008588,North Tyneside 006D,Anti-social behaviour,,
,2015-12,Surrey Police,Northumbria Police,-1.438066,55.039164,On or near Alma Place,E01008588,North Tyneside 006D,Anti-social behaviour,,
,2015-12,Surrey Police,Northumbria Police,-1.443865,55.041877,On or near Victoria Mews,E01008588,North Tyneside 006D,Anti-social behaviour,,
,2015-12,Surrey Police,Northumbria Police,-1.442392,55.040945,On or near Station Road,E01008588,North Tyneside 006D,Anti-social behaviour,,
,2015-12,Surrey Police,Northumbria Police,-1.442392,55.040945,On or near Station Road,E01008588,North Tyneside 006D,Anti-social behaviour,,
,2015-12,Surrey Police,Northumbria Police,-1.443865,55.041877,On or near Victoria Mews,E01008588,North Tyneside 006D,Anti-social behaviour,,
,2015-12,Surrey Police,Northumbria Police,-1.442950,55.040202,On or near Station Square,E01008588,North Tyneside 006D,Anti-social behaviour,,
,2015-12,Surrey Police,Northumbria Police,-1.443865,55.041877,On or near Victoria Mews,E01008588,North Tyneside 006D,Anti-social behaviour,,
,2015-12,Surrey Police,Northumbria Police,-1.443865,55.041877,On or near Victoria Mews,E01008588,North Tyneside 006D,Anti-social behaviour,,
,2015-12,Surrey Police,Northumbria Police,-1.443203,55.041083,On or near Trewit Road,E01008588,North Tyneside 006D,Anti-social behaviour,,
f52d83d46535d6584a216fc4f8c25ebabaf8bdd48534975c8ab765fbbff3f9e6,2015-12,Surrey Police,Northumbria Police,-1.442392,55.040945,On or near Station Road,E01008588,North Tyneside 006D,Burglary,Under investigation,
87a1d8bb97c7f929d1787071366be57f0d87660bb76f7f5d8e907bcb3c482db3,2015-12,Surrey Police,Northumbria Police,-1.444077,55.041258,On or near Victoria Terrace,E01008588,North Tyneside 006D,Criminal damage and arson,Investigation complete; no suspect identified,
3048c03e023bfa95041e1ed3933cf9d8365d4c360d1018870bad63e8b44aaa2c,2015-12,Surrey Police,Northumbria Police,-1.443865,55.041877,On or near Victoria Mews,E01008588,North Tyneside 006D,Criminal damage and arson,Investigation complete; no suspect identified,
61c3d4adb1cc402fc2c00c57dc128b6d9afe7d3ed362c16d0975189f4473fb4d,2015-12,Surrey Police,Northumbria Police,-1.442392,55.040945,On or near Station Road,E01008588,North Tyneside 006D,Criminal damage and arson,Awaiting court outcome,
cd72f2bd7c00b754fb9c459dbf41dd52cd0d744bf2f3f06197564166b6818290,2015-12,Surrey Police,Northumbria Police,-1.442950,55.040202,On or near Station Square,E01008588,North Tyneside 006D,Criminal damage and arson,Investigation complete; no suspect identified,
b10cb1331ac067803f4d0d03a1530fbe4d68e67c369410ddcecb6b40cdcb0187,2015-12,Surrey Police,Northumbria Police,-1.443865,55.041877,On or near Victoria Mews,E01008588,North Tyneside 006D,Criminal damage and arson,Investigation complete; no suspect identified,
5c0baaf49de6eedba656b69f56940b37cef116390d4d5d5ab1a86724326c942f,2015-12,Surrey Police,Northumbria Police,-1.443865,55.041877,On or near Victoria Mews,E01008588,North Tyneside 006D,Drugs,Offender given a caution,
dd26f98539e7d308f86d2a50329b0968f41ed92eedfdd45e02019d9f4d152c13,2015-12,Surrey Police,Northumbria Police,-1.443865,55.041877,On or near Victoria Mews,E01008588,North Tyneside 006D,Other theft,Under investigation,
a9fde6b87b593638b4151bdfa028ae2dfc173835c6f98b1abea7c74f8a315a9a,2015-12,Surrey Police,Northumbria Police,-1.443865,55.041877,On or near Victoria Mews,E01008588,North Tyneside 006D,Public order,Under investigation,
6d883eb9be85dcba276d7009ced8b132c5ab7354399dcdd916e6c022c3e46b51,2015-12,Surrey Police,Northumbria Police,-1.443865,55.041877,On or near Victoria Mews,E01008588,North Tyneside 006D,Shoplifting,Investigation complete; no suspect identified,
fb55550a26bed01ed32fba6d4e4ef6ac5a36c2b6896576199d80f81bde7f6492,2015-12,Surrey Police,Northumbria Police,-1.442392,55.040945,On or near Station Road,E01008588,North Tyneside 006D,Theft from the person,Under investigation,
7a62af13d7af7d02e19d02d79203ef4a70fb0ef2ad02b9cecaadc1c0fbe7e535,2015-12,Surrey Police,Northumbria Police,-1.442392,55.040945,On or near Station Road,E01008588,North Tyneside 006D,Vehicle crime,Investigation complete; no suspect identified,
6572a42758843bf50b0defb68134ff92389c1323ebedcb1d0b9123b1182ec176,2015-12,Surrey Police,Northumbria Police,-1.442950,55.040202,On or near Station Square,E01008588,North Tyneside 006D,Violence and sexual offences,Investigation complete; no suspect identified,
cd2314e3e38953426e0b0dd412f807e1e58a34697dd13a8c5d0ea1b4da623474,2015-12,Surrey Police,Northumbria Police,-1.443203,55.041083,On or near Trewit Road,E01008588,North Tyneside 006D,Violence and sexual offences,Awaiting court outcome,
34659aa83f91612e8b13e462a8b633be64c2a0b272051a51874b5664dc4c6d3d,2015-12,Surrey Police,Northumbria Police,-1.443865,55.041877,On or near Victoria Mews,E01008588,North Tyneside 006D,Violence and sexual offences,Investigation complete; no suspect identified,
8acbb133e606cba5cba28575f7f28bc076ab07f1b2a97e31ebc5d2d07e373ae4,2015-12,Surrey Police,Northumbria Police,-1.443865,55.041877,On or near Victoria Mews,E01008588,North Tyneside 006D,Violence and sexual offences,Offender given a caution,
7f842d40eb5117ebec9b264b5b938ad59462ae4a0a4596146934aa22418fb8ca,2015-12,Surrey Police,Northumbria Police,-1.442392,55.040945,On or near Station Road,E01008588,North Tyneside 006D,Violence and sexual offences,Investigation complete; no suspect identified,
88cef44ac1d5247c59d876dc3165f45c05027b555b25be1cb921216658de8038,2015-12,Surrey Police,Northumbria Police,-1.442392,55.040945,On or near Station Road,E01008588,North Tyneside 006D,Violence and sexual offences,Awaiting court outcome,
2e8336f4499fd1df1f3006da396caf24b6538e8d971a978b95ad2aff3da3ff5d,2015-12,Surrey Police,Northumbria Police,-1.443865,55.041877,On or near Victoria Mews,E01008588,North Tyneside 006D,Other crime,Investigation complete; no suspect identified,
,2015-12,Surrey Police,Northumbria Police,-1.446775,55.041944,On or near Whitley Road,E01008589,North Tyneside 006E,Anti-social behaviour,,
,2015-12,Surrey Police,Northumbria Police,-1.446775,55.041944,On or near Whitley Road,E01008589,North Tyneside 006E,Anti-social behaviour,,
,2015-12,Surrey Police,Northumbria Police,-1.446775,55.041944,On or near Whitley Road,E01008589,North Tyneside 006E,Anti-social behaviour,,
5a371a89726ddd24d92518b4898c13d222d8f7646a5bfe824a5d61f7af3c14a0,2015-12,Surrey Police,Northumbria Police,-1.444452,55.040181,On or near Parking Area,E01008589,North Tyneside 006E,Criminal damage and arson,Under investigation,
ca550ae1a1866a215a44b255793f8d8b6d9eb5261f7902af321eaeb35fa21bf6,2015-12,Surrey Police,Northumbria Police,-1.444452,55.040181,On or near Parking Area,E01008589,North Tyneside 006E,Criminal damage and arson,Investigation complete; no suspect identified,
360e579a32409e5d616d6baca36eed96e2b71ec6dd530e384879b316a55f3735,2015-12,Surrey Police,Northumbria Police,-1.446775,55.041944,On or near Whitley Road,E01008589,North Tyneside 006E,Drugs,Offender given a caution,
05873224e8fadc361bc226b03ab189142727f114908bd0f911397da215c47ef7,2015-12,Surrey Police,Northumbria Police,-1.446775,55.041944,On or near Whitley Road,E01008589,North Tyneside 006E,Other theft,Investigation complete; no suspect identified,
675b330f4e54a0d53a02579053bd3c42628d78237eb0e1e79e6c3ce52e8a0c1e,2015-12,Surrey Police,Northumbria Police,-1.447306,55.040913,On or near Marden Road,E01008589,North Tyneside 006E,Public order,Investigation complete; no suspect identified,
ae0f45b54f8d51cfe59a1faf5780f20c2cc602f4cac919132081896877110ff9,2015-12,Surrey Police,Northumbria Police,-1.446775,55.041944,On or near Whitley Road,E01008589,North Tyneside 006E,Public order,Local resolution,
4d276724e75e6c1b543adaff834c66304f17466a1b6658aece503097f2dc83ae,2015-12,Surrey Police,Northumbria Police,-1.446501,55.038007,On or near St Paul'S Gardens,E01008589,North Tyneside 006E,Violence and sexual offences,Under investigation,
,2015-12,Surrey Police,Northumbria Police,-1.481981,55.039844,On or near Braemar Gardens,E01008518,North Tyneside 007A,Anti-social behaviour,,
,2015-12,Surrey Police,Northumbria Police,-1.480204,55.044114,On or near Supermarket,E01008518,North Tyneside 007A,Anti-social behaviour,,
6c2007203f0cfcf559809613d5c0e0b5959260b4db7e6850dc0cd47bf89b6a4a,2015-12,Surrey Police,Northumbria Police,-1.481981,55.039844,On or near Braemar Gardens,E01008518,North Tyneside 007A,Other theft,Investigation complete; no suspect identified,
b12a8eb07c6f5814526b413ba901837dbe97c18937603acbfe872e6a98ed1ca0,2015-12,Surrey Police,Northumbria Police,-1.480204,55.044114,On or near Supermarket,E01008518,North Tyneside 007A,Other crime,Offender given a caution,
,2015-12,Surrey Police,Northumbria Police,-1.498632,55.044694,On or near Garden Terrace,E01008564,North Tyneside 007B,Anti-social behaviour,,
ca1a3e8ece7a6595be3681bffa6fc8dc43d3ab02159f006d410c83eddf4be791,2015-12,Surrey Police,Northumbria Police,-1.488169,55.044138,On or near Hesleyside Road,E01008564,North Tyneside 007B,Other theft,Investigation complete; no suspect identified,
,2015-12,Surrey Police,Northumbria Police,-1.528499,55.044130,On or near St John'S Court,E01008565,North Tyneside 007C,Anti-social behaviour,,
,2015-12,Surrey Police,Northumbria Police,-1.540414,55.040869,On or near Killingworth Lane,E01008565,North Tyneside 007C,Anti-social behaviour,,
,2015-12,Surrey Police,Northumbria Police,-1.525510,55.042753,On or near Shrewsbury Drive,E01008565,North Tyneside 007C,Anti-social behaviour,,
,2015-12,Surrey Police,Northumbria Police,-1.525510,55.042753,On or near Shrewsbury Drive,E01008565,North Tyneside 007C,Anti-social behaviour,,
,2015-12,Surrey Police,Northumbria Police,-1.535551,55.043250,On or near Harlebury,E01008565,North Tyneside 007C,Anti-social behaviour,,
,2015-12,Surrey Police,Northumbria Police,-1.526038,55.040445,On or near Eccleston Close,E01008565,North Tyneside 007C,Anti-social behaviour,,
,2015-12,Surrey Police,Northumbria Police,-1.526038,55.040445,On or near Eccleston Close,E01008565,North Tyneside 007C,Anti-social behaviour,,
,2015-12,Surrey Police,Northumbria Police,-1.525510,55.042753,On or near Shrewsbury Drive,E01008565,North Tyneside 007C,Anti-social behaviour,,
,2015-12,Surrey Police,Northumbria Police,-1.528499,55.044130,On or near St John'S Court,E01008565,North Tyneside 007C,Anti-social behaviour,,
b2035c6494f35913088d4395e96da3ba05b8a66fe85325d4c15438c7002d7d14,2015-12,Surrey Police,Northumbria Police,-1.507161,55.039616,On or near Earlsmeadow,E01008565,North Tyneside 007C,Burglary,Investigation complete; no suspect identified,
d76b8c872f0f23e6a579a53b1a64de1b07d7fc72af3352276328a2e8ec44bacc,2015-12,Surrey Police,Northumbria Police,-1.525510,55.042753,On or near Shrewsbury Drive,E01008565,North Tyneside 007C,Criminal damage and arson,Under investigation,
eb5bc2c0a7a0d2543bb3873deed0cb04bfb2cc4a4a72b48d4cd23fc058eb4436,2015-12,Surrey Police,Northumbria Police,-1.525510,55.042753,On or near Shrewsbury Drive,E01008565,North Tyneside 007C,Criminal damage and arson,Investigation complete; no suspect identified,
5d00eceaf1f180d2f4f947c0db07f8fb122ccb2f722fedfe44ba42daff680307,2015-12,Surrey Police,Northumbria Police,-1.535551,55.043250,On or near Harlebury,E01008565,North Tyneside 007C,Criminal damage and arson,Investigation complete; no suspect identified,
3d06f9b9b79a7aa211cddca4c7ec616992d71a1a6d75df43b4c14f4fdd6fec79,2015-12,Surrey Police,Northumbria Police,-1.538465,55.041616,On or near Castle Square,E01008565,North Tyneside 007C,Other theft,Investigation complete; no suspect identified,
816e1230502a79a848e0a59bdeffa24f2f6de643dad3a6ffcbe2dee492b1fe61,2015-12,Surrey Police,Northumbria Police,-1.510032,55.039007,On or near Dukesfield,E01008565,North Tyneside 007C,Other theft,Offender given conditional discharge,
efc12d4ae02337ab7d55c76070ecbef8c7d0f9399522149d79d6366f54dd1a20,2015-12,Surrey Police,Northumbria Police,-1.528000,55.042637,On or near Rushbury Court,E01008565,North Tyneside 007C,Other theft,Investigation complete; no suspect identified,
d47ebf54a33eca79912c918258c01de952b19f7e1c9e3bfcde1f34cc4464a2c7,2015-12,Surrey Police,Northumbria Police,-1.507161,55.039616,On or near Earlsmeadow,E01008565,North Tyneside 007C,Other theft,Investigation complete; no suspect identified,
b0da9bfc442675c01d8bfba5ba58ba497c970a45576d209e6b86f6780dc1ccd9,2015-12,Surrey Police,Northumbria Police,-1.538465,55.041616,On or near Castle Square,E01008565,North Tyneside 007C,Possession of weapons,Offender given suspended prison sentence,
9ee512724c754785302ec167816381fae05d39a109b3ac398562f252f155fc5e,2015-12,Surrey Police,Northumbria Police,-1.528000,55.042637,On or near Rushbury Court,E01008565,North Tyneside 007C,Public order,Under investigation,
d8044bb5de58cb7540ee3ff7f34e6b879df498dadab26495ebe1599200b8a7cd,2015-12,Surrey Police,Northumbria Police,-1.508348,55.038497,On or near Petrol Station,E01008565,North Tyneside 007C,Shoplifting,Investigation complete; no suspect identified,
4ebd91bf4293d93bd73afbb5796e39bf802caa0c8027b2bc1108d6cc4fa2c96c,2015-12,Surrey Police,Northumbria Police,-1.510861,55.039011,On or near Hastings Drive,E01008565,North Tyneside 007C,Violence and sexual offences,Under investigation,
2e2c7c222ee89a04c944510a1059e76837860198ecbfe6f66baacfa3a1cb746d,2015-12,Surrey Police,Northumbria Police,-1.524532,55.043450,On or near Stretton Way,E01008565,North Tyneside 007C,Violence and sexual offences,Awaiting court outcome,
fb7cca46026fb0f7b856da0f1cfafea57d1098573347888977ef7a069edb1873,2015-12,Surrey Police,Northumbria Police,-1.526986,55.043693,On or near Ashbourne Close,E01008565,North Tyneside 007C,Violence and sexual offences,Under investigation,
a5c06364174cbbf03691d1eb05b35031be8631b0a055e87034234ca0cc5153d6,2015-12,Surrey Police,Northumbria Police,-1.540159,55.042602,On or near Killingworth Lane,E01008565,North Tyneside 007C,Violence and sexual offences,Under investigation,
ea3efb9a5ba429af52460b21ab38614f1e789bc46e1a0bee1f9a5fb47675fe86,2015-12,Surrey Police,Northumbria Police,-1.524532,55.043450,On or near Stretton Way,E01008565,North Tyneside 007C,Violence and sexual offences,Awaiting court outcome,
aab8bf359a609c9b7da506354aab6c8ab338bb631654e18c6ef133ca7d42489e,2015-12,Surrey Police,Northumbria Police,-1.524532,55.043450,On or near Stretton Way,E01008565,North Tyneside 007C,Violence and sexual offences,Awaiting court outcome,
91632094cc73fea327ac1d97654fbc3dd29d46f038ad6131d5c19a16210be9b6,2015-12,Surrey Police,Northumbria Police,-1.508348,55.038497,On or near Petrol Station,E01008565,North Tyneside 007C,Violence and sexual offences,Investigation complete; no suspect identified,
0f56c9a5bb6b1eacbfd9b36a7cddd668f01f9a568fa8dec9a353d77fb0891b9f,2015-12,Surrey Police,Northumbria Police,-1.538465,55.041616,On or near Castle Square,E01008565,North Tyneside 007C,Violence and sexual offences,Awaiting court outcome,
db90f14f4a3df39f046b1884294a8cd9b89a880a5528d22afd1ff010ecf806ca,2015-12,Surrey Police,Northumbria Police,-1.510032,55.039007,On or near Dukesfield,E01008565,North Tyneside 007C,Other crime,Under investigation,
,2015-12,Surrey Police,Northumbria Police,-1.509079,55.036298,On or near Ford Crescent,E01008567,North Tyneside 007D,Anti-social behaviour,,
,2015-12,Surrey Police,Northumbria Police,-1.509079,55.036298,On or near Ford Crescent,E01008567,North Tyneside 007D,Anti-social behaviour,,
,2015-12,Surrey Police,Northumbria Police,-1.509079,55.036298,On or near Ford Crescent,E01008567,North Tyneside 007D,Anti-social behaviour,,
096e7f0c9dfbf74c416121d0110f890c8af1745dd45d8400484cdb56d8c06c8a,2015-12,Surrey Police,Northumbria Police,-1.502979,55.038682,On or near South Street,E01008567,North Tyneside 007D,Criminal damage and arson,Investigation complete; no suspect identified,
6694dbd72d9e248597bb7de1ba83ab19106eb87e31c72d719577a2ec1054a88a,2015-12,Surrey Police,Northumbria Police,-1.509079,55.036298,On or near Ford Crescent,E01008567,North Tyneside 007D,Criminal damage and arson,Investigation complete; no suspect identified,
cbe8096338e9f13a6514d4f59a9bd44f4bcaf714dcbc0098d384e1ccbc3a159a,2015-12,Surrey Police,Northumbria Police,-1.509079,55.036298,On or near Ford Crescent,E01008567,North Tyneside 007D,Drugs,Under investigation,
1ebe694a757e71e603a5e08a2b33f7edf09a753ca64c0eee05f5a48a86df20ec,2015-12,Surrey Police,Northumbria Police,-1.509284,55.037477,On or near Harrow Street,E01008567,North Tyneside 007D,Public order,Under investigation,
e37395b647ed5803b32ead941a4639bfcc27e5c6ca506fe41990185e86df1201,2015-12,Surrey Police,Northumbria Police,-1.502979,55.038682,On or near South Street,E01008567,North Tyneside 007D,Violence and sexual offences,Under investigation,
07e3f57d2623244a79a5ced8f6b48127d77bc2cc6d5b61a228f5c53288f38142,2015-12,Surrey Police,Northumbria Police,-1.500551,55.037639,On or near Seaton Road,E01008567,North Tyneside 007D,Violence and sexual offences,Awaiting court outcome,
d8b0fa907370d686885854ef5327f1b2a56fecb7daa75050a5d5b71242a15ed6,2015-12,Surrey Police,Northumbria Police,-1.502164,55.037528,On or near Grange Avenue,E01008567,North Tyneside 007D,Violence and sexual offences,Investigation complete; no suspect identified,
41971e2429e47c1ad83e0c98a5e44ae4661f82ea97c7bc5b25c2a2062c4a8bfa,2015-12,Surrey Police,Northumbria Police,-1.509079,55.036298,On or near Ford Crescent,E01008567,North Tyneside 007D,Violence and sexual offences,Under investigation,
1bc5160eb3d1b4a858c96a2addb227b49e300cb01fd1c4fa82982388f01ffa50,2015-12,Surrey Police,Northumbria Police,-1.509079,55.036298,On or near Ford Crescent,E01008567,North Tyneside 007D,Violence and sexual offences,Under investigation,
00fc560d98fae12549cd5dd1750fd7f8984bd2e2a048f157a1e248d7c860a65c,2015-12,Surrey Police,Northumbria Police,-1.502164,55.037528,On or near Grange Avenue,E01008567,North Tyneside 007D,Violence and sexual offences,Awaiting court outcome,
85f24e8b9e57911dc7ba0982a9df1443cde56948dd323462090eb57193d9da11,2015-12,Surrey Police,Northumbria Police,-1.569294,55.040067,On or near Glencoe,E01008475,North Tyneside 008A,Burglary,Investigation complete; no suspect identified,
590792a4a47c2428535ad323cf95938f6d893ed8a81436d1a0cfab66f85e940a,2015-12,Surrey Police,Northumbria Police,-1.569376,55.041181,On or near Marston,E01008475,North Tyneside 008A,Violence and sexual offences,Investigation complete; no suspect identified,
,2015-12,Surrey Police,Northumbria Police,-1.578252,55.042300,On or near Allanville,E01008476,North Tyneside 008B,Anti-social behaviour,,
,2015-12,Surrey Police,Northumbria Police,-1.580480,55.046225,On or near Shillaw Place,E01008476,North Tyneside 008B,Anti-social behaviour,,
,2015-12,Surrey Police,Northumbria Police,-1.578133,55.041760,On or near Reed Avenue,E01008476,North Tyneside 008B,Anti-social behaviour,,
fbca04519ddcafc48e95be5c56614f6c22950c196b714d0b90b27baa140131ae,2015-12,Surrey Police,Northumbria Police,-1.578252,55.042300,On or near Allanville,E01008476,North Tyneside 008B,Criminal damage and arson,Offender given a caution,
7ab2c2f68581746c481d7ddd7ecb5d5b842c4be82054120b0898afc138b7346f,2015-12,Surrey Police,Northumbria Police,-1.580430,55.045030,On or near Attlee Close,E01008476,North Tyneside 008B,Other theft,Investigation complete; no suspect identified,
e0f36bc1a0fffd64ec61ea536dd1062b34534b7e773db68a5433bdef7e1e5636,2015-12,Surrey Police,Northumbria Police,-1.578252,55.042300,On or near Allanville,E01008476,North Tyneside 008B,Robbery,Under investigation,
e7974cb60f5cfc2829d82801bd41ef40431b1a57cde45b02a0ccab6292ecb570,2015-12,Surrey Police,Northumbria Police,-1.580480,55.046225,On or near Shillaw Place,E01008476,North Tyneside 008B,Violence and sexual offences,Investigation complete; no suspect identified,
ea719137addbb3b2316ada78c53ab72c85316ad7c915c34bb73887ede29933ef,2015-12,Surrey Police,Northumbria Police,-1.585987,55.041841,On or near Mylord Crescent,E01008476,North Tyneside 008B,Violence and sexual offences,Offender given a caution,
cf3791400559551e34ebd53d3f664fcf34d217228c456fb0a1c874dafdc67365,2015-12,Surrey Police,Northumbria Police,-1.576619,55.041306,On or near Cowans Avenue,E01008476,North Tyneside 008B,Violence and sexual offences,Under investigation,
56bc355be7d9a06a82adb302f91c4b5d88060898402bc0f3782e8b472978b75e,2015-12,Surrey Police,Northumbria Police,-1.585987,55.041841,On or near Mylord Crescent,E01008476,North Tyneside 008B,Violence and sexual offences,Investigation complete; no suspect identified,
b0be3507e2b6a2d5a4698f6d62c6ebc66b4b3aea0de238a3e989cd9fe494f4dc,2015-12,Surrey Police,Northumbria Police,-1.578252,55.042300,On or near Allanville,E01008476,North Tyneside 008B,Violence and sexual offences,Under investigation,
511952dcc9b16bfa409300ef17d4e1cd35b7eef221ea04fec8fbc44d8acd5398,2015-12,Surrey Police,Northumbria Police,-1.577656,55.042406,On or near Hall Drive,E01008476,North Tyneside 008B,Violence and sexual offences,Investigation complete; no suspect identified,
,2015-12,Surrey Police,Northumbria Police,-1.577757,55.038820,On or near Redwood Close,E01008477,North Tyneside 008C,Anti-social behaviour,,
,2015-12,Surrey Police,Northumbria Police,-1.578405,55.035192,On or near Coniston Close,E01008477,North Tyneside 008C,Anti-social behaviour,,
c9530ce880dc98c128df5702339a12573482b1c4cc5ed3555d1d19576e1a5ca7,2015-12,Surrey Police,Northumbria Police,-1.578991,55.037486,On or near Swallow Court,E01008477,North Tyneside 008C,Criminal damage and arson,Under investigation,
12dfeae1efc6fb6ad7b4cbfd655a5a8c6d218ec838f3288e8fd0db59640ce8b9,2015-12,Surrey Police,Northumbria Police,-1.577517,55.037759,On or near Mallard Court,E01008477,North Tyneside 008C,Criminal damage and arson,Investigation complete; no suspect identified,
6d139adf25cfd1eee9d29fd9d55a5dec48fe56671c56afb41de5b9d0d96fe585,2015-12,Surrey Police,Northumbria Police,-1.577309,55.036770,On or near Angus Close,E01008477,North Tyneside 008C,Other theft,Investigation complete; no suspect identified,
b1b45a881316dfbd716c8dcef3e076a617876a4ddef1890cb1a3c3c932692caa,2015-12,Surrey Police,Northumbria Police,-1.578991,55.037486,On or near Swallow Court,E01008477,North Tyneside 008C,Possession of weapons,Investigation complete; no suspect identified,
ffe6111688934a6cdfd704ee714f0cd1f8d953ab74b514c45a666beb2706f734,2015-12,Surrey Police,Northumbria Police,-1.577517,55.037759,On or near Mallard Court,E01008477,North Tyneside 008C,Vehicle crime,Awaiting court outcome,
1b24fe793a5e9a48af411ce7d0661a6ceade71ba82f65192f494b979203f87b1,2015-12,Surrey Police,Northumbria Police,-1.576781,55.034845,On or near Windermere Drive,E01008477,North Tyneside 008C,Violence and sexual offences,Offender given a caution,
f0a393e8bd5be4298eab099ae0a502e9030e3f3cfa85e70c34d1a79fad5799b3,2015-12,Surrey Police,Northumbria Police,-1.579666,55.038746,On or near Chestnut Close,E01008477,North Tyneside 008C,Violence and sexual offences,Under investigation,
ef1830292a73ede5b2ad9f476ee8f6d0efd054d92d49f68874970512011c6872,2015-12,Surrey Police,Northumbria Police,-1.575471,55.038938,On or near Cypress Gardens,E01008477,North Tyneside 008C,Violence and sexual offences,Investigation complete; no suspect identified,
,2015-12,Surrey Police,Northumbria Police,-1.572766,55.034319,On or near Bolam Road,E01008479,North Tyneside 008D,Anti-social behaviour,,
410c4ebe8d0a6ff20640ec9d0d8e85ed76294b0315b3cc159abbb34401b28241,2015-12,Surrey Police,Northumbria Police,-1.572197,55.030462,On or near Southgate,E01008479,North Tyneside 008D,Burglary,Investigation complete; no suspect identified,
fd7485584ddf01d9da01c9823a67371cf192fd7bfdc41bb59072cfb6e936d019,2015-12,Surrey Police,Northumbria Police,-1.572766,55.034319,On or near Bolam Road,E01008479,North Tyneside 008D,Other theft,Investigation complete; no suspect identified,
ec6b8f7b26861eda6f105c891c40b1d187f604708e11dff43d69b5d3d704121d,2015-12,Surrey Police,Northumbria Police,-1.566925,55.036266,On or near Shopping Area,E01008479,North Tyneside 008D,Shoplifting,Under investigation,
56589a869cda74b7057c546db07c9ef9ff1d1542ca87a19b489b3337d7848beb,2015-12,Surrey Police,Northumbria Police,-1.566925,55.036266,On or near Shopping Area,E01008479,North Tyneside 008D,Shoplifting,Offender given a caution,
4366bfcfc6b403d72923d9d1f1c268f96bd7b2ad18591d244ed135c1b556aa78,2015-12,Surrey Police,Northumbria Police,-1.566925,55.036266,On or near Shopping Area,E01008479,North Tyneside 008D,Shoplifting,Offender fined,
9ea0b7d3081f0ac39d8eb6292a21d7682d20d156baf1a107bdd59dbeb93c8301,2015-12,Surrey Police,Northumbria Police,-1.570096,55.033833,On or near Broomlee Road,E01008479,North Tyneside 008D,Vehicle crime,Investigation complete; no suspect identified,
8f3781f62884f3003561458991fd55075dbc07582d9ce97f0942174fdd963552,2015-12,Surrey Police,Northumbria Police,-1.570096,55.033833,On or near Broomlee Road,E01008479,North Tyneside 008D,Vehicle crime,Investigation complete; no suspect identified,
4214c3dc3bf17afbbc2a912f378187cf2972adf07dfe40c173b8a31c28c8f4e3,2015-12,Surrey Police,Northumbria Police,-1.570096,55.033833,On or near Broomlee Road,E01008479,North Tyneside 008D,Vehicle crime,Investigation complete; no suspect identified,
,2015-12,Surrey Police,Northumbria Police,-1.490266,55.025716,On or near Warenton Place,E01008552,North Tyneside 009A,Anti-social behaviour,,
3916c295e596ae91749dad156bb5d774821b32582287e5165595ab581da998c0,2015-12,Surrey Police,Northumbria Police,-1.489468,55.025677,On or near Adderstone Gardens,E01008552,North Tyneside 009A,Criminal damage and arson,Awaiting court outcome,
5fb644b47f3520fed1e946b7ebd5de730b8c52889ea88421761369e80f7300b9,2015-12,Surrey Police,Northumbria Police,-1.499097,55.026256,On or near New York Road,E01008552,North Tyneside 009A,Drugs,Offender given absolute discharge,
8d74c6d23e0f0affecd659f00a4f4f7c19d874f4f21b7282c1b80d9416e12239,2015-12,Surrey Police,Northumbria Police,-1.499097,55.026256,On or near New York Road,E01008552,North Tyneside 009A,Vehicle crime,Investigation complete; no suspect identified,
7474bbbfc2a15a9d8861d44beee43cfe88369aafc8ecc2ff41353a24fde8ed16,2015-12,Surrey Police,Northumbria Police,-1.489468,55.025677,On or near Adderstone Gardens,E01008552,North Tyneside 009A,Violence and sexual offences,Awaiting court outcome,
,2015-12,Surrey Police,Northumbria Police,-1.458077,55.041681,On or near Kensington Close,E01008553,North Tyneside 009B,Anti-social behaviour,,
,2015-12,Surrey Police,Northumbria Police,-1.465179,55.038351,On or near Closefield Grove,E01008553,North Tyneside 009B,Anti-social behaviour,,
,2015-12,Surrey Police,Northumbria Police,-1.465855,55.040448,On or near Front Street,E01008553,North Tyneside 009B,Anti-social behaviour,,
,2015-12,Surrey Police,Northumbria Police,-1.471355,55.037551,On or near A192,E01008553,North Tyneside 009B,Anti-social behaviour,,
,2015-12,Surrey Police,Northumbria Police,-1.458077,55.041681,On or near Kensington Close,E01008553,North Tyneside 009B,Anti-social behaviour,,
19d783bb58b54f2797db7c7c47d3867f572d01796d8d99727d97f5288e705dc8,2015-12,Surrey Police,Northumbria Police,-1.458077,55.041681,On or near Kensington Close,E01008553,North Tyneside 009B,Bicycle theft,Awaiting court outcome,
dbdbef93be74889655afc112f2a783c1005b26fe82a62f149e7588310abb2852,2015-12,Surrey Police,Northumbria Police,-1.458077,55.041681,On or near Kensington Close,E01008553,North Tyneside 009B,Bicycle theft,Investigation complete; no suspect identified,
9c6f831af75ab98445270f9e6ae99853f2c0e57851489785abcb7a051dcd443c,2015-12,Surrey Police,Northumbria Police,-1.458819,55.041217,On or near St Ronan'S Road,E01008553,North Tyneside 009B,Criminal damage and arson,Investigation complete; no suspect identified,
0e5c619984842619af37909f3fea196e515286e2d21a18d1c39e4d7f2653d4fd,2015-12,Surrey Police,Northumbria Police,-1.468167,55.038418,On or near Paignton Avenue,E01008553,North Tyneside 009B,Criminal damage and arson,Investigation complete; no suspect identified,
461c64fe16a67920fd0af38376a314024fe4978ca62a905db0ea34d68db3b586,2015-12,Surrey Police,Northumbria Police,-1.461119,55.041263,On or near Coronation Crescent,E01008553,North Tyneside 009B,Shoplifting,Under investigation,
d74b0e3986f734c976c7c0bfda7918dfa37e5b576f3a39d0aedb2d11502deb7b,2015-12,Surrey Police,Northumbria Police,-1.465179,55.038351,On or near Closefield Grove,E01008553,North Tyneside 009B,Violence and sexual offences,Under investigation,
c9a03e501200c1af738dedd215d21fb7f53637814203df0070185c2496e385c1,2015-12,Surrey Police,Northumbria Police,-1.465855,55.040448,On or near Front Street,E01008553,North Tyneside 009B,Violence and sexual offences,Under investigation,
,2015-12,Surrey Police,Northumbria Police,-1.455165,55.038343,On or near Dowling Avenue,E01008554,North Tyneside 009C,Anti-social behaviour,,
,2015-12,Surrey Police,Northumbria Police,-1.458864,55.039033,On or near The Grove,E01008554,North Tyneside 009C,Anti-social behaviour,,
9271a80a853c969facf86f7a16c8cd87fbffc874904cbec48a1cd7e5d269c6ae,2015-12,Surrey Police,Northumbria Police,-1.453899,55.039353,On or near Kingsley Avenue,E01008554,North Tyneside 009C,Burglary,Under investigation,
726d6dbcd6dfe4c5c113fd9bf125729922daaadf4184b2e15495c0b0ed89929c,2015-12,Surrey Police,Northumbria Police,-1.453899,55.039353,On or near Kingsley Avenue,E01008554,North Tyneside 009C,Burglary,Under investigation,
80e3976e88be586504e3920a625d8d481f6e6f00d22de6189e1e053afcbeae34,2015-12,Surrey Police,Northumbria Police,-1.453899,55.039353,On or near Kingsley Avenue,E01008554,North Tyneside 009C,Criminal damage and arson,Investigation complete; no suspect identified,
,2015-12,Surrey Police,Northumbria Police,-1.463165,55.034532,On or near Elmtree Gardens,E01008555,North Tyneside 009D,Anti-social behaviour,,
,2015-12,Surrey Police,Northumbria Police,-1.456800,55.033138,On or near Cotswold Drive,E01008555,North Tyneside 009D,Anti-social behaviour,,
e333d1961b5e48f21f50f53abe1d1d0946c89859a4ccb1019dda046441089f73,2015-12,Surrey Police,Northumbria Police,-1.455333,55.035198,On or near Sports/Recreation Area,E01008555,North Tyneside 009D,Criminal damage and arson,Investigation complete; no suspect identified,
96d8b61349674f2a743c6dbd1d7bf5ed76fdf2c14c42995118d27dcf754b2e65,2015-12,Surrey Police,Northumbria Police,-1.456800,55.033138,On or near Cotswold Drive,E01008555,North Tyneside 009D,Criminal damage and arson,Investigation complete; no suspect identified,
e787fa1beeb412c56f0810079c17e772b57f77f1122913147ec157a1d90f278e,2015-12,Surrey Police,Northumbria Police,-1.455333,55.035198,On or near Sports/Recreation Area,E01008555,North Tyneside 009D,Violence and sexual offences,Under investigation,
232d555117473c3162f8c0b71d5caa6c845e0c4d88f1065e3a9eb482f7b95981,2015-12,Surrey Police,Northumbria Police,-1.455855,55.034715,On or near Parking Area,E01008555,North Tyneside 009D,Violence and sexual offences,Under investigation,
,2015-12,Surrey Police,Northumbria Police,-1.448293,55.047649,On or near Elmwood Grove,E01008586,North Tyneside 009E,Anti-social behaviour,,
,2015-12,Surrey Police,Northumbria Police,-1.451056,55.043581,On or near Park View,E01008586,North Tyneside 009E,Anti-social behaviour,,
6d13785f8f004f88fdc1c8c140ecb6c7c2f18bd3145437a801c829e552a3c7f5,2015-12,Surrey Police,Northumbria Police,-1.453929,55.044061,On or near Beech Grove,E01008586,North Tyneside 009E,Burglary,Investigation complete; no suspect identified,
211ccfda47f57dff90719d67cf21e75fb2b291acf201064c473531e58fd11c8b,2015-12,Surrey Police,Northumbria Police,-1.453929,55.044061,On or near Beech Grove,E01008586,North Tyneside 009E,Criminal damage and arson,Investigation complete; no suspect identified,
73bab2c32c67fc9e8ada2dde2ae3cf20e72cb325cd811202f1f792ba8a1343a3,2015-12,Surrey Police,Northumbria Police,-1.451056,55.043581,On or near Park View,E01008586,North Tyneside 009E,Violence and sexual offences,Under investigation,
de4e8673228c6d4676a54fa71e9a74132f7715fff163b60c9b585771643cc346,2015-12,Surrey Police,Northumbria Police,-1.456888,55.042790,On or near Osborne Gardens,E01008586,North Tyneside 009E,Other crime,Investigation complete; no suspect identified,
bcf34f8e662e88a9c252eca0dbff1a4fefe677a839ed8c7784ff43f3cc3f7e8c,2015-12,Surrey Police,Northumbria Police,-1.452693,55.044056,On or near Countess Avenue,E01008586,North Tyneside 009E,Other crime,Under investigation,
,2015-12,Surrey Police,Northumbria Police,-1.440369,55.028849,On or near Grange Close,E01008495,North Tyneside 010A,Anti-social behaviour,,
,2015-12,Surrey Police,Northumbria Police,-1.440245,55.032191,On or near The Broadway,E01008495,North Tyneside 010A,Anti-social behaviour,,
,2015-12,Surrey Police,Northumbria Police,-1.440369,55.028849,On or near Grange Close,E01008495,North Tyneside 010A,Anti-social behaviour,,
23f9d86f89dfcce45ce45712c6913d07ba23f5a55966593399c9882ec8abf433,2015-12,Surrey Police,Northumbria Police,-1.440369,55.028849,On or near Grange Close,E01008495,North Tyneside 010A,Criminal damage and arson,Awaiting court outcome,
4868c803e191d25dce2fcf16a70027681116f2c6ee5bc22e82fc50072c29598f,2015-12,Surrey Police,Northumbria Police,-1.438027,55.030815,On or near Seacrest Avenue,E01008495,North Tyneside 010A,Criminal damage and arson,Investigation complete; no suspect identified,
47e03f2f5cc4a4c5588555b5190e1c263491c7da8519451c43aa993978287cbe,2015-12,Surrey Police,Northumbria Police,-1.439778,55.029736,On or near Silloth Place,E01008495,North Tyneside 010A,Other theft,Investigation complete; no suspect identified,
e793ec3df3cd1023f475e80ff5c02df50eb5f63019287e933ca6daffae313ed2,2015-12,Surrey Police,Northumbria Police,-1.440369,55.028849,On or near Grange Close,E01008495,North Tyneside 010A,Violence and sexual offences,Awaiting court outcome,
d6a894609afd0878a77c8eb56b80038b42702df54c900d92171181c49f9961d7,2015-12,Surrey Police,Northumbria Police,-1.440369,55.028849,On or near Grange Close,E01008495,North Tyneside 010A,Violence and sexual offences,Under investigation,
,2015-12,Surrey Police,Northumbria Police,-1.432546,55.035598,On or near Pedestrian Subway,E01008496,North Tyneside 010B,Anti-social behaviour,,
,2015-12,Surrey Police,Northumbria Police,-1.435660,55.034498,On or near Marden Terrace,E01008496,North Tyneside 010B,Anti-social behaviour,,
,2015-12,Surrey Police,Northumbria Police,-1.434450,55.035939,On or near Parking Area,E01008496,North Tyneside 010B,Anti-social behaviour,,
c90af1e727ca5885f8883398a22f422624c0712cca6612a617457115a4fe7e43,2015-12,Surrey Police,Northumbria Police,-1.434588,55.033954,On or near Marden Avenue,E01008496,North Tyneside 010B,Criminal damage and arson,Awaiting court outcome,
00656d5746574b22353439820dbfde56063a3d2feb1d66d61c3e9f2f9ea36f6b,2015-12,Surrey Police,Northumbria Police,-1.430800,55.030746,On or near Grand Parade,E01008496,North Tyneside 010B,Criminal damage and arson,Awaiting court outcome,
0bf6ce0ad15f1d4e9fc507a2fee6546c81cf492941b3422beecd1f9b44b22e26,2015-12,Surrey Police,Northumbria Police,-1.434450,55.035939,On or near Parking Area,E01008496,North Tyneside 010B,Public order,Awaiting court outcome,
b4c7bf28bb3b1f0cf173bed301c0cfedfb71425d00feab1a829478fd0eefc200,2015-12,Surrey Police,Northumbria Police,-1.435660,55.034498,On or near Marden Terrace,E01008496,North Tyneside 010B,Shoplifting,Investigation complete; no suspect identified,
1b6bfca7cfc3502f7c180a3d3d34baaea4cc5fe68cbc13c65ce3bcda2b12ffb8,2015-12,Surrey Police,Northumbria Police,-1.431927,55.032926,On or near Beverley Terrace,E01008496,North Tyneside 010B,Violence and sexual offences,Under investigation,
,2015-12,Surrey Police,Northumbria Police,-1.438431,55.033252,On or near Mast Lane,E01008497,North Tyneside 010C,Anti-social behaviour,,
,2015-12,Surrey Police,Northumbria Police,-1.445539,55.030571,On or near Sedbergh Road,E01008498,North Tyneside 010D,Anti-social behaviour,,
,2015-12,Surrey Police,Northumbria Police,-1.452191,55.031545,On or near Melrose Avenue,E01008498,North Tyneside 010D,Anti-social behaviour,,
97549e490371654adddc2e46eef680e92dfaa80a8c73cea7e0e5f0b83e13e4da,2015-12,Surrey Police,Northumbria Police,-1.455287,55.031622,On or near Barrington Avenue,E01008498,North Tyneside 010D,Public order,Under investigation,
8c3bd2d1c8b766bd19ed9b3731a1b21958ecb397f9b89fef68b07ea589fbfdf0,2015-12,Surrey Police,Northumbria Police,-1.501601,55.031191,On or near Angerton Avenue,E01008568,North Tyneside 011B,Shoplifting,Awaiting court outcome,
17bd12affaf79d92e8ec2914ca669f91f3436a6d069abf444d77090c3bb80e6f,2015-12,Surrey Police,Northumbria Police,-1.505168,55.034989,On or near Beadnell Gardens,E01008568,North Tyneside 011B,Shoplifting,Investigation complete; no suspect identified,
,2015-12,Surrey Police,Northumbria Police,-1.506260,55.031453,On or near Kirkley Road,E01008569,North Tyneside 011C,Anti-social behaviour,,
,2015-12,Surrey Police,Northumbria Police,-1.506138,55.034966,On or near Belford Avenue,E01008569,North Tyneside 011C,Anti-social behaviour,,
,2015-12,Surrey Police,Northumbria Police,-1.508340,55.034067,On or near Felton Close,E01008569,North Tyneside 011C,Anti-social behaviour,,
7ea854811b02719cd2d72bd7558bf21ab1259a34ddd5ab0f48c4fd481de7f7b9,2015-12,Surrey Police,Northumbria Police,-1.508340,55.034067,On or near Felton Close,E01008569,North Tyneside 011C,Criminal damage and arson,Investigation complete; no suspect identified,
b4212488b15cf14dd196787a68555304836a540a13aa39d47a0d5ad33f6fd639,2015-12,Surrey Police,Northumbria Police,-1.506138,55.034966,On or near Belford Avenue,E01008569,North Tyneside 011C,Criminal damage and arson,Investigation complete; no suspect identified,
2e153f00ce4e4db6e9f1846c447f75d08653b4c2830ecb9b7f15df9397497565,2015-12,Surrey Police,Northumbria Police,-1.507321,55.034243,On or near Craster Avenue,E01008569,North Tyneside 011C,Criminal damage and arson,Investigation complete; no suspect identified,
a2778ba108dbae9af3ec00a9dc1182989a899fbe682347cda6cbe293fceb9119,2015-12,Surrey Police,Northumbria Police,-1.509801,55.033543,On or near Stanton Road,E01008569,North Tyneside 011C,Other theft,Investigation complete; no suspect identified,
c3581068e2a73d243d4280d3d264c812427ff00c2e5978a27bf18302e84c0afb,2015-12,Surrey Police,Northumbria Police,-1.506403,55.028730,On or near Brunswick Square,E01008569,North Tyneside 011C,Possession of weapons,Under investigation,
a252bf38f3a8cb69ada6daddcb3500b9f1aa096aa74398a493263d1a8b63e1a0,2015-12,Surrey Police,Northumbria Police,-1.505033,55.033263,On or near Beal Road,E01008569,North Tyneside 011C,Public order,Under investigation,
851d2b7a5870a764df0076bcc6e5b2ad0fe2bb62a6a1dd2c0694f5bcae435907,2015-12,Surrey Police,Northumbria Police,-1.506403,55.028730,On or near Brunswick Square,E01008569,North Tyneside 011C,Shoplifting,Investigation complete; no suspect identified,
6572ba907541dcaca88d4a5e6f5d43c92991dbaf5bd357bc3182ddc1a105dbb9,2015-12,Surrey Police,Northumbria Police,-1.507445,55.027899,On or near New York Road,E01008569,North Tyneside 011C,Vehicle crime,Investigation complete; no suspect identified,
772bc01e251fcb8c5f37f2bb49b052fb5672c0794adca1d1af613b83c13f895d,2015-12,Surrey Police,Northumbria Police,-1.506403,55.028730,On or near Brunswick Square,E01008569,North Tyneside 011C,Violence and sexual offences,Investigation complete; no suspect identified,
e8b7d53b244ff353276d85a2097104d656e8b3d0f7b2c1dac3c9f7ee8db50277,2015-12,Surrey Police,Northumbria Police,-1.507422,55.032329,On or near Brenkley Avenue,E01008569,North Tyneside 011C,Violence and sexual offences,Under investigation,
e412ac1f6d8dfc33486996eb601b5a5d2b60b48d65bf53ba3c672f1c1b2c88d4,2015-12,Surrey Police,Northumbria Police,-1.505033,55.033263,On or near Beal Road,E01008569,North Tyneside 011C,Violence and sexual offences,Under investigation,
11af2911593dba4bd939b7ec4313c680606ca4b2fb1d0e2fa8a8efc6077fb462,2015-12,Surrey Police,Northumbria Police,-1.507422,55.032329,On or near Brenkley Avenue,E01008569,North Tyneside 011C,Violence and sexual offences,Under investigation,
514614d6ef12d2bbb77a624590894eee82b798d9ef65485dfd1d301c72e408d7,2015-12,Surrey Police,Northumbria Police,-1.506403,55.028730,On or near Brunswick Square,E01008569,North Tyneside 011C,Violence and sexual offences,Investigation complete; no suspect identified,
,2015-12,Surrey Police,Northumbria Police,-1.510789,55.020499,On or near Silver Fox Way,E01008570,North Tyneside 011D,Anti-social behaviour,,
,2015-12,Surrey Police,Northumbria Police,-1.515566,55.027797,On or near Benton Road,E01008570,North Tyneside 011D,Anti-social behaviour,,
,2015-12,Surrey Police,Northumbria Police,-1.512352,55.023219,On or near Quicksilver Way,E01008570,North Tyneside 011D,Anti-social behaviour,,
957441be5d8c38fa9ff864cad4e41ff44c487ba82fc48a83804dac09b51a3e49,2015-12,Surrey Police,Northumbria Police,-1.517086,55.027542,On or near West Street,E01008570,North Tyneside 011D,Criminal damage and arson,Investigation complete; no suspect identified,
bce6abefbac3cc93d95eeeb7ad7df40a266292c81ec3398159d9d383f7a8d255,2015-12,Surrey Police,Northumbria Police,-1.512352,55.023219,On or near Quicksilver Way,E01008570,North Tyneside 011D,Drugs,Offender given conditional discharge,
0475db58c86fdd9a4ec3e21a5bd26d8b5ab9ca5cae7bb42fc58d754e913e0377,2015-12,Surrey Police,Northumbria Police,-1.517086,55.027542,On or near West Street,E01008570,North Tyneside 011D,Vehicle crime,Investigation complete; no suspect identified,
a9e1500fb760d40a0efa8672e0073f558f70c6f7189c68d039ca14205cff3e6c,2015-12,Surrey Police,Northumbria Police,-1.512352,55.023219,On or near Quicksilver Way,E01008570,North Tyneside 011D,Violence and sexual offences,Under investigation,
b05b0e5b64305e97ca41c8b3f93b76ed1f5d40463b3bed7aa77ec025e60ee894,2015-12,Surrey Police,Northumbria Police,-1.510789,55.020499,On or near Silver Fox Way,E01008570,North Tyneside 011D,Violence and sexual offences,Investigation complete; no suspect identified,
369c013c5e7f30495da9a18916645020aae09736089d6a608b9ceafb735005b9,2015-12,Surrey Police,Northumbria Police,-1.512352,55.023219,On or near Quicksilver Way,E01008570,North Tyneside 011D,Violence and sexual offences,Investigation complete; no suspect identified,
5ccc3a2a2d6b95b0c2c45d8445080b19a7e31c403328a2d5fdb5798aacc14b0c,2015-12,Surrey Police,Northumbria Police,-1.512352,55.023219,On or near Quicksilver Way,E01008570,North Tyneside 011D,Violence and sexual offences,Investigation complete; no suspect identified,
7ba61ae0fea91d5eee16980e04cf8453a6cac97a43ae2550baadfea8fb1cd9e3,2015-12,Surrey Police,Northumbria Police,-1.517086,55.027542,On or near West Street,E01008570,North Tyneside 011D,Violence and sexual offences,Investigation complete; no suspect identified,
228c7c8787218ccdc9c8e28b721c11c15b504e961aab5157a03380d51b2ea272,2015-12,Surrey Police,Northumbria Police,-1.517086,55.027542,On or near West Street,E01008570,North Tyneside 011D,Other crime,Under investigation,
,2015-12,Surrey Police,Northumbria Police,-1.522093,55.035371,On or near Meadow Vale,E01032647,North Tyneside 011E,Anti-social behaviour,,
,2015-12,Surrey Police,Northumbria Police,-1.519591,55.033887,On or near Blackworth Court,E01032647,North Tyneside 011E,Anti-social behaviour,,
4a9e838bab7df5d99f1bcbae65846d5db797e203e19c509524107fedf6adc6b9,2015-12,Surrey Police,Northumbria Police,-1.522093,55.035371,On or near Meadow Vale,E01032647,North Tyneside 011E,Burglary,Investigation complete; no suspect identified,
66c253f6209f3a29feb3d2062b3be966228c0dac4941d2af0f2f5a9247fee81c,2015-12,Surrey Police,Northumbria Police,-1.519591,55.033887,On or near Blackworth Court,E01032647,North Tyneside 011E,Other theft,Awaiting court outcome,
ca385abc12c609df59e07ba7097424338c95ffefca6b22d805f0458db6a0fbe1,2015-12,Surrey Police,Northumbria Police,-1.522093,55.035371,On or near Meadow Vale,E01032647,North Tyneside 011E,Vehicle crime,Investigation complete; no suspect identified,
,2015-12,Surrey Police,Northumbria Police,-1.515929,55.032722,On or near Heathfield,E01032648,North Tyneside 011F,Anti-social behaviour,,
,2015-12,Surrey Police,Northumbria Police,-1.515929,55.032722,On or near Heathfield,E01032648,North Tyneside 011F,Anti-social behaviour,,
,2015-12,Surrey Police,Northumbria Police,-1.515929,55.032722,On or near Heathfield,E01032648,North Tyneside 011F,Anti-social behaviour,,
,2015-12,Surrey Police,Northumbria Police,-1.515929,55.032722,On or near Heathfield,E01032648,North Tyneside 011F,Anti-social behaviour,,
,2015-12,Surrey Police,Northumbria Police,-1.515929,55.032722,On or near Heathfield,E01032648,North Tyneside 011F,Anti-social behaviour,,
c81146ccd7dd079d290940f8dee108670683df3e19a6c8a3e4776e82405da82e,2015-12,Surrey Police,Northumbria Police,-1.519333,55.037139,On or near Haydon Gardens,E01032648,North Tyneside 011F,Criminal damage and arson,Investigation complete; no suspect identified,
05899b0df82ef572c9c1bc2c0bceea0f69b43da97fa8b9b1433af35df3766b4d,2015-12,Surrey Police,Northumbria Police,-1.512729,55.034660,On or near Emmerson Place,E01032648,North Tyneside 011F,Criminal damage and arson,Investigation complete; no suspect identified,
e9307ceada18769d25339e4a4ae7e18c2788936b34c23655c8a70decd7828e54,2015-12,Surrey Police,Northumbria Police,-1.512729,55.034660,On or near Emmerson Place,E01032648,North Tyneside 011F,Other theft,Investigation complete; no suspect identified,
434e0e28e69259e80235211599f3094be42db5de870eb84ddfbb1b2f6bb4ead6,2015-12,Surrey Police,Northumbria Police,-1.519721,55.036152,On or near Havelock Road,E01032648,North Tyneside 011F,Other theft,Investigation complete; no suspect identified,
aa52fecd37441d074f13bcb21a09d5d2c883be35605f7b3d8e45c0bee3083cd4,2015-12,Surrey Police,Northumbria Police,-1.515929,55.032722,On or near Heathfield,E01032648,North Tyneside 011F,Public order,Investigation complete; no suspect identified,
4fe61fd8e29b10e42352a724ee1351bffec0281fde1b6fbab3952b9b23586f7c,2015-12,Surrey Police,Northumbria Police,-1.519721,55.036152,On or near Havelock Road,E01032648,North Tyneside 011F,Vehicle crime,Local resolution,
62a01e8a1ef7f1ba4a0350328d0619dea7edba7a9f97045bf6d3fca1ccfdba17,2015-12,Surrey Police,Northumbria Police,-1.510544,55.036808,On or near Abbey Court,E01032648,North Tyneside 011F,Violence and sexual offences,Investigation complete; no suspect identified,
a1075574cec09aac5f5178cae4ee336b8a528971bb78bbf97c228a15f7c26dc1,2015-12,Surrey Police,Northumbria Police,-1.518557,55.037954,On or near Hartside Crescent,E01032648,North Tyneside 011F,Violence and sexual offences,Offender given a caution,
f26c87ee6bd74d985657bc18f98489dfa94ae2b4d35b3bf1475b52313c7a94e5,2015-12,Surrey Police,Northumbria Police,-1.512729,55.034660,On or near Emmerson Place,E01032648,North Tyneside 011F,Violence and sexual offences,Defendant found not guilty,
0ed0d2842f832f4ca4160a37764d47505bdd194f279667f6310b77353f576892,2015-12,Surrey Police,Northumbria Police,-1.519743,55.035559,On or near Harle Road,E01032648,North Tyneside 011F,Other crime,Offender given community sentence,
,2015-12,Surrey Police,Northumbria Police,-1.561313,55.025732,On or near Granville Avenue,E01008500,North Tyneside 012A,Anti-social behaviour,,
,2015-12,Surrey Police,Northumbria Police,-1.561347,55.024052,On or near Forest Hall Road,E01008500,North Tyneside 012A,Anti-social behaviour,,
,2015-12,Surrey Police,Northumbria Police,-1.557699,55.025818,On or near Errington Terrace,E01008500,North Tyneside 012A,Anti-social behaviour,,
,2015-12,Surrey Police,Northumbria Police,-1.561313,55.025732,On or near Granville Avenue,E01008500,North Tyneside 012A,Anti-social behaviour,,
,2015-12,Surrey Police,Northumbria Police,-1.552920,55.026502,On or near Palmers Green,E01008500,North Tyneside 012A,Anti-social behaviour,,
,2015-12,Surrey Police,Northumbria Police,-1.557919,55.027176,On or near Nicholson Terrace,E01008500,North Tyneside 012A,Anti-social behaviour,,
,2015-12,Surrey Police,Northumbria Police,-1.557919,55.027176,On or near Nicholson Terrace,E01008500,North Tyneside 012A,Anti-social behaviour,,
202f05d4e8959f6b1c68536883542d14a79783723e05bc784f988621de7f3b15,2015-12,Surrey Police,Northumbria Police,-1.555840,55.025587,On or near The Wynd,E01008500,North Tyneside 012A,Criminal damage and arson,Investigation complete; no suspect identified,
fe9d28629046598ba9ba994e3a558a4f92252215a9c629e0e6f5c10550281513,2015-12,Surrey Police,Northumbria Police,-1.555840,55.025587,On or near The Wynd,E01008500,North Tyneside 012A,Criminal damage and arson,Investigation complete; no suspect identified,
bd8ac72fac6b5d2ca64210ee1a4331e51d785abadd7f90f262af1e5400f26508,2015-12,Surrey Police,Northumbria Police,-1.564204,55.024530,On or near Lansdowne Road,E01008500,North Tyneside 012A,Public order,Awaiting court outcome,
abf276f17fefee8612314d04b1a18d34a013d9248789a1562bcaec82dfecfcd6,2015-12,Surrey Police,Northumbria Police,-1.552920,55.026502,On or near Palmers Green,E01008500,North Tyneside 012A,Violence and sexual offences,Investigation complete; no suspect identified,
8eb203d5d5e77a975837dd84e02c94e8dd31a7043c42c203e4a29e42203ac6b1,2015-12,Surrey Police,Northumbria Police,-1.563082,55.024220,On or near Oswin Court,E01008500,North Tyneside 012A,Violence and sexual offences,Offender given a caution,
,2015-12,Surrey Police,Northumbria Police,-1.563452,55.036209,On or near Stratford Close,E01008505,North Tyneside 012B,Anti-social behaviour,,
,2015-12,Surrey Police,Northumbria Police,-1.563452,55.036209,On or near Stratford Close,E01008505,North Tyneside 012B,Anti-social behaviour,,
,2015-12,Surrey Police,Northumbria Police,-1.563452,55.036209,On or near Stratford Close,E01008505,North Tyneside 012B,Anti-social behaviour,,
,2015-12,Surrey Police,Northumbria Police,-1.563452,55.036209,On or near Stratford Close,E01008505,North Tyneside 012B,Anti-social behaviour,,
,2015-12,Surrey Police,Northumbria Police,-1.563452,55.036209,On or near Stratford Close,E01008505,North Tyneside 012B,Anti-social behaviour,,
,2015-12,Surrey Police,Northumbria Police,-1.563452,55.036209,On or near Stratford Close,E01008505,North Tyneside 012B,Anti-social behaviour,,
,2015-12,Surrey Police,Northumbria Police,-1.559162,55.032177,On or near Stoneycroft West,E01008505,North Tyneside 012B,Anti-social behaviour,,
,2015-12,Surrey Police,Northumbria Police,-1.563452,55.036209,On or near Stratford Close,E01008505,North Tyneside 012B,Anti-social behaviour,,
,2015-12,Surrey Police,Northumbria Police,-1.563452,55.036209,On or near Stratford Close,E01008505,North Tyneside 012B,Anti-social behaviour,,
,2015-12,Surrey Police,Northumbria Police,-1.563452,55.036209,On or near Stratford Close,E01008505,North Tyneside 012B,Anti-social behaviour,,
,2015-12,Surrey Police,Northumbria Police,-1.563452,55.036209,On or near Stratford Close,E01008505,North Tyneside 012B,Anti-social behaviour,,
,2015-12,Surrey Police,Northumbria Police,-1.563452,55.036209,On or near Stratford Close,E01008505,North Tyneside 012B,Anti-social behaviour,,
898a584b25b559452ed065c5efcb32017ce80f5bd1990a90dff02f4911cbbba2,2015-12,Surrey Police,Northumbria Police,-1.563452,55.036209,On or near Stratford Close,E01008505,North Tyneside 012B,Criminal damage and arson,Investigation complete; no suspect identified,
2bd404ae80804506601eb713472fb5f8276223404d6f66c7dbc226283ad01be4,2015-12,Surrey Police,Northumbria Police,-1.563452,55.036209,On or near Stratford Close,E01008505,North Tyneside 012B,Criminal damage and arson,Awaiting court outcome,
f50c1c6786e25bee51ba6c5136ec01edf6a0b10d5d5b941e5aabbe3f9ef86ae2,2015-12,Surrey Police,Northumbria Police,-1.563452,55.036209,On or near Stratford Close,E01008505,North Tyneside 012B,Criminal damage and arson,Investigation complete; no suspect identified,
08ec3a69c7d2517f6148085c189ff4fa425a7a0d716421306461366372987ac7,2015-12,Surrey Police,Northumbria Police,-1.563973,55.034297,On or near Garth Thirty Three,E01008505,North Tyneside 012B,Drugs,Offender given community sentence,
bc9cc03480728a4eb340f8f76a181829f555e09cbc42758165cc7f90edf72157,2015-12,Surrey Police,Northumbria Police,-1.565153,55.027930,On or near Leybourne Avenue,E01008505,North Tyneside 012B,Drugs,Under investigation,
0e559f504704137a109ac0c0c22df1e9bdf5eeb3a2bfdb59729d2b4b6e69b26d,2015-12,Surrey Police,Northumbria Police,-1.559922,55.032799,On or near Castles Green,E01008505,North Tyneside 012B,Other theft,Investigation complete; no suspect identified,
07f6a4c93287d4c8b4df33781d534f43f28d1e7611de20e885d3dfac7e5e4952,2015-12,Surrey Police,Northumbria Police,-1.566098,55.034565,On or near White Swan Close,E01008505,North Tyneside 012B,Possession of weapons,Under investigation,
b2242694fecfa9ad9f139230ec486843dff35271da8903b76c2f1e3f145b38b0,2015-12,Surrey Police,Northumbria Police,-1.563452,55.036209,On or near Stratford Close,E01008505,North Tyneside 012B,Public order,Investigation complete; no suspect identified,
df4b354b0695164a660f139775e404c05684e50a7f2fffa0f76d65a0d79f7b5d,2015-12,Surrey Police,Northumbria Police,-1.563973,55.034297,On or near Garth Thirty Three,E01008505,North Tyneside 012B,Violence and sexual offences,Awaiting court outcome,
7f67fec66cb7ac1590eefb03d4f49d3209fb64f341ad16eff6db518e837a665a,2015-12,Surrey Police,Northumbria Police,-1.565153,55.027930,On or near Leybourne Avenue,E01008505,North Tyneside 012B,Violence and sexual offences,Under investigation,
d50b8462af6a1c2d725f892828be658377f2afa089bd413a7c22f5313f41ca7b,2015-12,Surrey Police,Northumbria Police,-1.569743,55.031738,On or near Park/Open Space,E01008505,North Tyneside 012B,Violence and sexual offences,Investigation complete; no suspect identified,
9bb792e071e592869e9ca18f1c3c1180afed76dfe08604e71c06ff9a8b600504,2015-12,Surrey Police,Northumbria Police,-1.560152,55.027507,On or near Clousden Grange,E01008505,North Tyneside 012B,Violence and sexual offences,Awaiting court outcome,
bd79d007fc23689a1da7f4aa26d5b799634f31a9b899582d0c1048f5026161d8,2015-12,Surrey Police,Northumbria Police,-1.564648,55.035557,On or near Citadel East,E01008505,North Tyneside 012B,Violence and sexual offences,Awaiting court outcome,
,2015-12,Surrey Police,Northumbria Police,-1.561292,55.036309,On or near Garth Twenty,E01008506,North Tyneside 012C,Anti-social behaviour,,
,2015-12,Surrey Police,Northumbria Police,-1.556048,55.036452,On or near Garth Twenty Four,E01008506,North Tyneside 012C,Anti-social behaviour,,
,2015-12,Surrey Police,Northumbria Police,-1.552965,55.035155,On or near Garth Twenty Seven,E01008506,North Tyneside 012C,Anti-social behaviour,,
,2015-12,Surrey Police,Northumbria Police,-1.551911,55.035628,On or near Bus/Coach Station,E01008506,North Tyneside 012C,Anti-social behaviour,,
,2015-12,Surrey Police,Northumbria Police,-1.552204,55.036060,On or near Garth Twenty Five,E01008506,North Tyneside 012C,Anti-social behaviour,,
8683c6eef56ad9423c93ca3257cb820c7930d2c058ae55193b22fc5e2a45eeeb,2015-12,Surrey Police,Northumbria Police,-1.551911,55.035628,On or near Bus/Coach Station,E01008506,North Tyneside 012C,Criminal damage and arson,Local resolution,
b3491b4194681c9b07a0dc2769d8d216fa75e26162a4c00ff25a53d6317162fd,2015-12,Surrey Police,Northumbria Police,-1.551911,55.035628,On or near Bus/Coach Station,E01008506,North Tyneside 012C,Criminal damage and arson,Investigation complete; no suspect identified,
84eae0b75cfdbfcb71e3c78f12f8a8850325e3d04b5f1a3fb2bc260ed54d00e3,2015-12,Surrey Police,Northumbria Police,-1.561292,55.036309,On or near Garth Twenty,E01008506,North Tyneside 012C,Violence and sexual offences,Under investigation,
1dba827f5d23c64d0cfd25d7082ed083de5432b202042dd000658e971f398cf5,2015-12,Surrey Police,Northumbria Police,-1.561292,55.036309,On or near Garth Twenty,E01008506,North Tyneside 012C,Violence and sexual offences,Investigation complete; no suspect identified,
951a9b3ab60396a96e625418d4df95244c02996af984805cb81f4b99c5d15549,2015-12,Surrey Police,Northumbria Police,-1.555685,55.033952,On or near Goodwood,E01008507,North Tyneside 012D,Other theft,Investigation complete; no suspect identified,
,2015-12,Surrey Police,Northumbria Police,-1.446082,55.027545,On or near Rothley Gardens,E01008493,North Tyneside 013A,Anti-social behaviour,,
,2015-12,Surrey Police,Northumbria Police,-1.445805,55.026034,On or near Bavington Gardens,E01008493,North Tyneside 013A,Anti-social behaviour,,
,2015-12,Surrey Police,Northumbria Police,-1.444866,55.028330,On or near Hartington Road,E01008493,North Tyneside 013A,Anti-social behaviour,,
c47180e3416bc03b4c08075ddd4970803e7d5be7069d186ec1eb073763c8559b,2015-12,Surrey Police,Northumbria Police,-1.436337,55.025227,On or near Petrol Station,E01008493,North Tyneside 013A,Shoplifting,Investigation complete; no suspect identified,
2eea1bd10ad9a534336a9ea510efb1a3e5899d1476d1c4d3b529fa4b80c23aa1,2015-12,Surrey Police,Northumbria Police,-1.446434,55.026972,On or near Wallington Avenue,E01008493,North Tyneside 013A,Violence and sexual offences,Investigation complete; no suspect identified,
857cda20bd59d45fe1b66125106b746890331d9cc459d845039f4ebd077415d1,2015-12,Surrey Police,Northumbria Police,-1.445805,55.026034,On or near Bavington Gardens,E01008493,North Tyneside 013A,Violence and sexual offences,Under investigation,
825d6b68727aa4711f527ac678290ee5e6a1560475994a223a4679acc6159794,2015-12,Surrey Police,Northumbria Police,-1.445805,55.026034,On or near Bavington Gardens,E01008493,North Tyneside 013A,Violence and sexual offences,Under investigation,
,2015-12,Surrey Police,Northumbria Police,-1.446880,55.028618,On or near Shap Road,E01008494,North Tyneside 013B,Anti-social behaviour,,
,2015-12,Surrey Police,Northumbria Police,-1.453466,55.022906,On or near Preston Road North,E01008494,North Tyneside 013B,Anti-social behaviour,,
2219ebf31bca672e4d496c8f3a6396eac47ea21385d85f853393cc4e28eb0d85,2015-12,Surrey Police,Northumbria Police,-1.452174,55.024751,On or near Cambo Place,E01008494,North Tyneside 013B,Criminal damage and arson,Investigation complete; no suspect identified,
6643cc71abb1fa80ef8c9e01ce1b0e33dac9f869329e31b778a7b810bef41f32,2015-12,Surrey Police,Northumbria Police,-1.453466,55.022906,On or near Preston Road North,E01008494,North Tyneside 013B,Other theft,Investigation complete; no suspect identified,
e0c0f1a764f44f81e5dee6f0a916a480a838fab465fca4764bffde0b67188f1f,2015-12,Surrey Police,Northumbria Police,-1.446880,55.028618,On or near Shap Road,E01008494,North Tyneside 013B,Violence and sexual offences,Under investigation,
38c7b58b7829d891a948fe3ac43d53b2589f69bed2cefaaa29502939cad0374b,2015-12,Surrey Police,Northumbria Police,-1.453466,55.022906,On or near Preston Road North,E01008494,North Tyneside 013B,Violence and sexual offences,Under investigation,
bbaa88dede2c57fb863d3504335ea8fbfd77c38628cf42ea78a87a701c8a0084,2015-12,Surrey Police,Northumbria Police,-1.452174,55.024751,On or near Cambo Place,E01008494,North Tyneside 013B,Violence and sexual offences,Under investigation,
,2015-12,Surrey Police,Northumbria Police,-1.460373,55.024563,On or near Colwell Road,E01008556,North Tyneside 013C,Anti-social behaviour,,
55882dcf506a1138810d6d0d41789ad156ce6cc28482cf5e07b50f6189339685,2015-12,Surrey Police,Northumbria Police,-1.460897,55.028645,On or near Purbeck Close,E01008556,North Tyneside 013C,Burglary,Investigation complete; no suspect identified,
13e5ccdc388b00783ac062c73d322af1756819621eb2b3922267c526648f4533,2015-12,Surrey Police,Northumbria Police,-1.463435,55.033042,On or near Pinetree Gardens,E01008556,North Tyneside 013C,Other theft,Investigation complete; no suspect identified,
08a5977ba40bdc941ecab15237aa55fd6cb6a5837d6a39cb4a53337c4a4bf18a,2015-12,Surrey Police,Northumbria Police,-1.458317,55.025084,On or near Ashford Close,E01008556,North Tyneside 013C,Other theft,Under investigation,
10466db15ebf62f758ed91cafafba9d37b318a51a2be764bd455ff75ca7cc9e1,2015-12,Surrey Police,Northumbria Police,-1.461707,55.028864,On or near Quantock Close,E01008556,North Tyneside 013C,Other theft,Investigation complete; no suspect identified,
d2d84a04f4c93669cd2b9adf8525224c2c9798e6cd0e0f55163fadf8ea2daefd,2015-12,Surrey Police,Northumbria Police,-1.466348,55.025722,On or near Hospital,E01008556,North Tyneside 013C,Other theft,Investigation complete; no suspect identified,
e9e0c1d3e3397763427373dd24d5b0a844196f3461ffd7657650792c38e0e64d,2015-12,Surrey Police,Northumbria Police,-1.466348,55.025722,On or near Hospital,E01008556,North Tyneside 013C,Shoplifting,Under investigation,
967753bf79a507fcf03d6c39e83d60bd4bd68f76c8f81ca5460ece8b108a9e42,2015-12,Surrey Police,Northumbria Police,-1.458317,55.025084,On or near Ashford Close,E01008556,North Tyneside 013C,Vehicle crime,Investigation complete; no suspect identified,
,2015-12,Surrey Police,Northumbria Police,-1.456954,55.024018,On or near Supermarket,E01008557,North Tyneside 013D,Anti-social behaviour,,
03bd29b40deebd7b174ef8359d51e04ac5d2183ec7ae07afe8febe521798731e,2015-12,Surrey Police,Northumbria Police,-1.456954,55.024018,On or near Supermarket,E01008557,North Tyneside 013D,Other theft,Investigation complete; no suspect identified,
9a480b402aeac20cdec51e7f56c28ea11ac7beef1dfaa1be1ecb92113e12f6d6,2015-12,Surrey Police,Northumbria Police,-1.456954,55.024018,On or near Supermarket,E01008557,North Tyneside 013D,Shoplifting,Offender given suspended prison sentence,
8b1b97781e6de0d84dcc91f73ac3681b9daae8145278b2f417f66f747c4f3d94,2015-12,Surrey Police,Northumbria Police,-1.463388,55.020182,On or near Beach Road,E01008557,North Tyneside 013D,Violence and sexual offences,Under investigation,
,2015-12,Surrey Police,Northumbria Police,-1.564246,55.022148,On or near Percy Gardens,E01008470,North Tyneside 014A,Anti-social behaviour,,
,2015-12,Surrey Police,Northumbria Police,-1.566519,55.018805,On or near Clifton Terrace,E01008470,North Tyneside 014A,Anti-social behaviour,,
,2015-12,Surrey Police,Northumbria Police,-1.566489,55.021527,On or near Station Road North,E01008470,North Tyneside 014A,Anti-social behaviour,,
,2015-12,Surrey Police,Northumbria Police,-1.567642,55.021990,On or near West View,E01008470,North Tyneside 014A,Anti-social behaviour,,
,2015-12,Surrey Police,Northumbria Police,-1.568278,55.019566,On or near Cambridge Avenue,E01008470,North Tyneside 014A,Anti-social behaviour,,
cd8bfac348f1910fab20e9f58693a15a5785f6d091fb2d741ea3e018e13cb834,2015-12,Surrey Police,Northumbria Police,-1.566519,55.018805,On or near Clifton Terrace,E01008470,North Tyneside 014A,Criminal damage and arson,Investigation complete; no suspect identified,
29b520849183f1a062cdccfd5526b882eaf1aea033629935ed1484cc777fa2d1,2015-12,Surrey Police,Northumbria Police,-1.564246,55.022148,On or near Percy Gardens,E01008470,North Tyneside 014A,Criminal damage and arson,Investigation complete; no suspect identified,
2a664df23e929861719c7e09e86782ccd42b8d8bdb398c5895b83d59dc081dca,2015-12,Surrey Police,Northumbria Police,-1.567987,55.020409,On or near Station Road,E01008470,North Tyneside 014A,Public order,Under investigation,
96369932de5515828141a8bea1e751e5925fee73a04497e66c93a2d0f050e5c1,2015-12,Surrey Police,Northumbria Police,-1.568069,55.018594,On or near Connaught Gardens,E01008470,North Tyneside 014A,Public order,Under investigation,
cc313c5deb8b2cc7ad30810a3a4e89a5d5f5c021bfa0de74698f5ee4dcd00ff8,2015-12,Surrey Police,Northumbria Police,-1.566489,55.021527,On or near Station Road North,E01008470,North Tyneside 014A,Shoplifting,Investigation complete; no suspect identified,
99a717039097a3b4cd10bd2dc37eccd81137800f2c0c26ba3c9cb43154af02fd,2015-12,Surrey Police,Northumbria Police,-1.566489,55.021527,On or near Station Road North,E01008470,North Tyneside 014A,Shoplifting,Under investigation,
3503d0db68bd75cb8e2e7b51805b64f60911e85f8336e544f3c442366900483f,2015-12,Surrey Police,Northumbria Police,-1.567987,55.020409,On or near Station Road,E01008470,North Tyneside 014A,Violence and sexual offences,Investigation complete; no suspect identified,
,2015-12,Surrey Police,Northumbria Police,-1.575083,55.026788,On or near Kings Road,E01008499,North Tyneside 014B,Anti-social behaviour,,
6f40099992ea18182f982863fb6d4f47327d70d9ef4990ca12001c021764de3c,2015-12,Surrey Police,Northumbria Police,-1.568015,55.023636,On or near Wilson Terrace,E01008499,North Tyneside 014B,Burglary,Investigation complete; no suspect identified,
d3bdf0c42e905b6ec8f737b181a2b3bebef7fe714ac785314a44576dfa194e0d,2015-12,Surrey Police,Northumbria Police,-1.569438,55.026579,On or near Myrtle Crescent,E01008499,North Tyneside 014B,Other theft,Investigation complete; no suspect identified,
756f0c09b42120ae5819284ad15a5f74bbf994b280af3c67fa73764330ad3d99,2015-12,Surrey Police,Northumbria Police,-1.573057,55.026107,On or near Balliol Avenue,E01008499,North Tyneside 014B,Other theft,Investigation complete; no suspect identified,
,2015-12,Surrey Police,Northumbria Police,-1.554219,55.020791,On or near Mead Way,E01008502,North Tyneside 014C,Anti-social behaviour,,
73ac7570a686f2df1863b3f5fb0408c7c2134c67756bf7139f2c15045bf8b691,2015-12,Surrey Police,Northumbria Police,-1.553366,55.021597,On or near Rocket Way,E01008502,North Tyneside 014C,Bicycle theft,Investigation complete; no suspect identified,
cf8f27eaf758acdc18ebae9d5ec389729c75054915f95a67f26374ec7eb0594e,2015-12,Surrey Police,Northumbria Police,-1.554556,55.021439,On or near Lilac Avenue,E01008502,North Tyneside 014C,Criminal damage and arson,Offender given a caution,
339b84a964dc0112e159fac5b507c685caba753c70bae2096c68936c2fd5b9c1,2015-12,Surrey Police,Northumbria Police,-1.555255,55.020462,On or near Mead Crescent,E01008502,North Tyneside 014C,Vehicle crime,Investigation complete; no suspect identified,
2da9dd38ad700d6c9b9f8588d1d045ae905ac94103b16ec2c1b08fa57588436e,2015-12,Surrey Police,Northumbria Police,-1.560234,55.022862,On or near Crescent Way North,E01008502,North Tyneside 014C,Violence and sexual offences,Offender given a caution,
1a16da9d300407b03753ce33f7b503a580586812c4144b5b3a924b2159ba8b1a,2015-12,Surrey Police,Northumbria Police,-1.581180,55.028615,On or near Armstrong Drive,E01008516,North Tyneside 014D,Drugs,Awaiting court outcome,
6b7a6384c182f2588d0fade817cc703dc4f0544ffafcfe0c4bfe5b5542df9b94,2015-12,Surrey Police,Northumbria Police,-1.581180,55.028615,On or near Armstrong Drive,E01008516,North Tyneside 014D,Drugs,Investigation complete; no suspect identified,
,2015-12,Surrey Police,Northumbria Police,-1.494297,55.023585,On or near Petrol Station,E01008488,North Tyneside 015A,Anti-social behaviour,,
,2015-12,Surrey Police,Northumbria Police,-1.485330,55.020250,On or near Phoenix Chase,E01008488,North Tyneside 015A,Anti-social behaviour,,
,2015-12,Surrey Police,Northumbria Police,-1.485330,55.020250,On or near Phoenix Chase,E01008488,North Tyneside 015A,Anti-social behaviour,,
,2015-12,Surrey Police,Northumbria Police,-1.489254,55.021587,On or near Dereham Way,E01008488,North Tyneside 015A,Anti-social behaviour,,
,2015-12,Surrey Police,Northumbria Police,-1.485522,55.021113,On or near Pedestrian Subway,E01008488,North Tyneside 015A,Anti-social behaviour,,
,2015-12,Surrey Police,Northumbria Police,-1.487544,55.020798,On or near Chilham Court,E01008488,North Tyneside 015A,Anti-social behaviour,,
,2015-12,Surrey Police,Northumbria Police,-1.485522,55.021113,On or near Pedestrian Subway,E01008488,North Tyneside 015A,Anti-social behaviour,,
,2015-12,Surrey Police,Northumbria Police,-1.489254,55.021587,On or near Dereham Way,E01008488,North Tyneside 015A,Anti-social behaviour,,
d109545ecc9ee6430d72f26623c061f531844ae21be673c845142d34255e0076,2015-12,Surrey Police,Northumbria Police,-1.504726,55.013716,On or near A19,E01008488,North Tyneside 015A,Criminal damage and arson,Investigation complete; no suspect identified,
518baef1c22bc240ae0fdf0020af81962e02ece71d940a6a40b85facff0da5fa,2015-12,Surrey Police,Northumbria Police,-1.486634,55.022241,On or near Farleigh Court,E01008488,North Tyneside 015A,Criminal damage and arson,Investigation complete; no suspect identified,
3c731918f940df25af01990e0d4f3fe62bdd24ec1741467f6a24bc09027832ac,2015-12,Surrey Police,Northumbria Police,-1.486866,55.023707,On or near A191,E01008488,North Tyneside 015A,Drugs,Under investigation,
eb77afbeff81503c6ca8b7f6ea32ad9b0c60655956fa79b454c215adcc78f552,2015-12,Surrey Police,Northumbria Police,-1.495656,55.020006,On or near New York Way,E01008488,North Tyneside 015A,Other theft,Investigation complete; no suspect identified,
7c9f5edbe208c74743a481c56f59c62d46b7b0c57c9d2df86c41a91fa5fd8cc3,2015-12,Surrey Police,Northumbria Police,-1.489254,55.021587,On or near Dereham Way,E01008488,North Tyneside 015A,Other theft,Investigation complete; no suspect identified,
d9cfa4181f905eed37c6cb2ad46d2c9b3cf7ba450a8eb7031357025df619e0c9,2015-12,Surrey Police,Northumbria Police,-1.486331,55.020218,On or near Ambassadors Way,E01008488,North Tyneside 015A,Vehicle crime,Under investigation,
8e4211a0a42f397aa129c1872c291456ff269b94f28b578e21755d48d7d7866d,2015-12,Surrey Police,Northumbria Police,-1.486331,55.020218,On or near Ambassadors Way,E01008488,North Tyneside 015A,Violence and sexual offences,Investigation complete; no suspect identified,
7d250678a03e78bbaefea4145cf6bb3438c9f3c80806392355987abcb00a635a,2015-12,Surrey Police,Northumbria Police,-1.489390,55.024491,On or near Locksley Close,E01008488,North Tyneside 015A,Violence and sexual offences,Under investigation,
d87bfb90b3c4a4aa728a1987511cfb31063ed9028b0cc9b2394a9176db122fca,2015-12,Surrey Police,Northumbria Police,-1.486866,55.023707,On or near A191,E01008488,North Tyneside 015A,Violence and sexual offences,Under investigation,
100ad41cc09b99c0ecefae55b493e8fb8f2543cf5649a1fe392101abc26d1e97,2015-12,Surrey Police,Northumbria Police,-1.504726,55.013716,On or near A19,E01008488,North Tyneside 015A,Violence and sexual offences,Offender given a caution,
9b9549d14859fc4969eb66606cb6f4bdeb066a8ba131e4ca19a0641d6ec56f88,2015-12,Surrey Police,Northumbria Police,-1.506650,55.021336,On or near The Silverlink North,E01008488,North Tyneside 015A,Violence and sexual offences,Under investigation,
,2015-12,Surrey Police,Northumbria Police,-1.475398,55.020297,On or near St Aidan'S Close,E01008489,North Tyneside 015B,Anti-social behaviour,,
cccfbea95f97b29d5aff4e97e683ad2a33a764d23eb0d7f7466c74263c903089,2015-12,Surrey Police,Northumbria Police,-1.475821,55.023813,On or near Taunton Avenue,E01008489,North Tyneside 015B,Burglary,Under investigation,
2d74fb795af3c39e799e1cdda169ff920e3645de5677d4630c4287f71fd03f7b,2015-12,Surrey Police,Northumbria Police,-1.477555,55.021610,On or near Tamar Close,E01008489,North Tyneside 015B,Criminal damage and arson,Investigation complete; no suspect identified,
31b37e41ff453b077cc0f3025e08580d300b39f46b648d592a36e1d35ecb9127,2015-12,Surrey Police,Northumbria Police,-1.477555,55.021610,On or near Tamar Close,E01008489,North Tyneside 015B,Criminal damage and arson,Investigation complete; no suspect identified,
ca2f7d511e1c4bd379a84ab27d35262e614f08eb1a052aa8e7fe15ca317c22ed,2015-12,Surrey Police,Northumbria Police,-1.471423,55.022859,On or near Truro Grove,E01008489,North Tyneside 015B,Drugs,Offender given conditional discharge,
fddcdb2b376c26d67d660b816100a8f15b758098d70c1f866da401ee290cbcd5,2015-12,Surrey Police,Northumbria Police,-1.477555,55.021610,On or near Tamar Close,E01008489,North Tyneside 015B,Other theft,Investigation complete; no suspect identified,
237f603830c0856689e10ad94cc882902b3d196aafa54f7196828161591f7fb1,2015-12,Surrey Police,Northumbria Police,-1.469232,55.021717,On or near Malvern Road,E01008489,North Tyneside 015B,Violence and sexual offences,Under investigation,
1d4a4fd74fc3248b77d85d72b5c0a7291898965897f1c9feb1e18b13d773ee73,2015-12,Surrey Police,Northumbria Police,-1.469232,55.021717,On or near Malvern Road,E01008489,North Tyneside 015B,Violence and sexual offences,Under investigation,
84a5174ab7fcb586a8e0934c708c9a67a0b1a44878ae3c8435083741d174884f,2015-12,Surrey Police,Northumbria Police,-1.472318,55.023798,On or near Bude Grove,E01008489,North Tyneside 015B,Violence and sexual offences,Under investigation,
f1b707742b4f2f387050f930219844b9c7eea0f461e92b25ac8d726e24750707,2015-12,Surrey Police,Northumbria Police,-1.472318,55.023798,On or near Bude Grove,E01008489,North Tyneside 015B,Violence and sexual offences,Investigation complete; no suspect identified,
,2015-12,Surrey Police,Northumbria Police,-1.480283,55.019887,On or near Embleton Crescent,E01008490,North Tyneside 015C,Anti-social behaviour,,
,2015-12,Surrey Police,Northumbria Police,-1.482741,55.023312,On or near Stirling Drive,E01008490,North Tyneside 015C,Anti-social behaviour,,
f72601efd6161780d6359d9ce180d723b74e8b235d63a2395093437b9fb28a5b,2015-12,Surrey Police,Northumbria Police,-1.479811,55.018869,On or near Moorhouses Road,E01008490,North Tyneside 015C,Bicycle theft,Investigation complete; no suspect identified,
34576184d756cee2e7cddee456ba9a4c9bb7e2c5753dad2d2022de1d15bc2125,2015-12,Surrey Police,Northumbria Police,-1.479882,55.021880,On or near Selkirk Way,E01008490,North Tyneside 015C,Criminal damage and arson,Investigation complete; no suspect identified,
,2015-12,Surrey Police,Northumbria Police,-1.483756,55.016128,On or near Darras Drive,E01008491,North Tyneside 015D,Anti-social behaviour,,
,2015-12,Surrey Police,Northumbria Police,-1.483685,55.019272,On or near Adelphi Close,E01008491,North Tyneside 015D,Anti-social behaviour,,
,2015-12,Surrey Police,Northumbria Police,-1.485714,55.018364,On or near Aldwych Drive,E01008491,North Tyneside 015D,Anti-social behaviour,,
,2015-12,Surrey Police,Northumbria Police,-1.485714,55.018364,On or near Aldwych Drive,E01008491,North Tyneside 015D,Anti-social behaviour,,
,2015-12,Surrey Police,Northumbria Police,-1.485714,55.018364,On or near Aldwych Drive,E01008491,North Tyneside 015D,Anti-social behaviour,,
,2015-12,Surrey Police,Northumbria Police,-1.480193,55.015915,On or near Kenton Road,E01008491,North Tyneside 015D,Anti-social behaviour,,
,2015-12,Surrey Police,Northumbria Police,-1.494547,55.011149,On or near Shopping Area,E01008491,North Tyneside 015D,Anti-social behaviour,,
,2015-12,Surrey Police,Northumbria Police,-1.484607,55.019312,On or near Lyric Close,E01008491,North Tyneside 015D,Anti-social behaviour,,
,2015-12,Surrey Police,Northumbria Police,-1.484607,55.019312,On or near Lyric Close,E01008491,North Tyneside 015D,Anti-social behaviour,,
,2015-12,Surrey Police,Northumbria Police,-1.484607,55.019312,On or near Lyric Close,E01008491,North Tyneside 015D,Anti-social behaviour,,
797405d94289fcbdbfaab4c34d0860caf8b109309b7c9ffb91aa13f94a736862,2015-12,Surrey Police,Northumbria Police,-1.491505,55.019242,On or near Elm Road,E01008491,North Tyneside 015D,Burglary,Investigation complete; no suspect identified,
4a2f7f580b717a557281a77c00b55be37040f9a7951a5ad0c2486cffdaf6b951,2015-12,Surrey Police,Northumbria Police,-1.481469,55.012793,On or near Coast Road,E01008491,North Tyneside 015D,Criminal damage and arson,Investigation complete; no suspect identified,
d856f2994946677ce0596951d80e2739e84c65e9a9216926976d21c297603afb,2015-12,Surrey Police,Northumbria Police,-1.481469,55.012793,On or near Coast Road,E01008491,North Tyneside 015D,Criminal damage and arson,Investigation complete; no suspect identified,
316185fcccb7174767cb6a7c9835065d28eb5d428fa63fd33d3d9fcf42dddcb5,2015-12,Surrey Police,Northumbria Police,-1.481469,55.012793,On or near Coast Road,E01008491,North Tyneside 015D,Criminal damage and arson,Investigation complete; no suspect identified,
b08548ee1890977efc68e6a0eeab7f3d3bbd921f778dab044c95ec7f86d1e242,2015-12,Surrey Police,Northumbria Police,-1.483756,55.016128,On or near Darras Drive,E01008491,North Tyneside 015D,Criminal damage and arson,Investigation complete; no suspect identified,
b770569320737a009f9882e91ce6d08ee2a8c32b5ed4bfdad74ab057b4c89a1d,2015-12,Surrey Police,Northumbria Police,-1.494547,55.011149,On or near Shopping Area,E01008491,North Tyneside 015D,Criminal damage and arson,Investigation complete; no suspect identified,
1966d226b475435848edabcd07da76d5eb91dd8c5b60f5e02df54807ddde0a07,2015-12,Surrey Police,Northumbria Police,-1.484607,55.019312,On or near Lyric Close,E01008491,North Tyneside 015D,Drugs,Under investigation,
c979f818eca02cd640f33636c0734546c2563587add50551e06e0a042d995bb3,2015-12,Surrey Police,Northumbria Police,-1.492900,55.017739,On or near Alder Road,E01008491,North Tyneside 015D,Other theft,Investigation complete; no suspect identified,
4aad774e9892207e47ec288405c6282e7038d83992acc3b16e591d6d9a81905c,2015-12,Surrey Police,Northumbria Police,-1.494547,55.011149,On or near Shopping Area,E01008491,North Tyneside 015D,Shoplifting,Investigation complete; no suspect identified,
f68b1564bfc5178d7eee1a0019f8473b8a479c6faf1cf29afa15b5a1428cda81,2015-12,Surrey Police,Northumbria Police,-1.494547,55.011149,On or near Shopping Area,E01008491,North Tyneside 015D,Shoplifting,Offender fined,
91668f274be6a97dcfdb78aa10fe283992c9cee5bd511dddec1e4aafb4633a74,2015-12,Surrey Police,Northumbria Police,-1.498222,55.013663,On or near Shopping Area,E01008491,North Tyneside 015D,Vehicle crime,Investigation complete; no suspect identified,
bb1a04aa780c3c2a67e0e6357f11867d04ebd8898b285f838625f81e0240e5a3,2015-12,Surrey Police,Northumbria Police,-1.479901,55.014332,On or near Prestwick Avenue,E01008491,North Tyneside 015D,Vehicle crime,Investigation complete; no suspect identified,
5cec70fb4ec06a64784e1cb500faebde3efcbb42d45c9aac43284df2130371bd,2015-12,Surrey Police,Northumbria Police,-1.481796,55.015355,On or near Ponteland Close,E01008491,North Tyneside 015D,Violence and sexual offences,Under investigation,
145c26d79c7fd26134dac55b52132bc29b9d72a67f6c215be8f51946ee6fb584,2015-12,Surrey Police,Northumbria Police,-1.483348,55.018678,On or near Garrick Close,E01008491,North Tyneside 015D,Violence and sexual offences,Under investigation,
7fee4914b0e7a4c4131e12425eb20f87b4503f3fcdac23276c5c17f06b9d7341,2015-12,Surrey Police,Northumbria Police,-1.483685,55.019272,On or near Adelphi Close,E01008491,North Tyneside 015D,Violence and sexual offences,Offender given a caution,
41f723bd176955bc031f5c6a9c7a6ce5790630588dbb75cd88def6f7f8025e8b,2015-12,Surrey Police,Northumbria Police,-1.481469,55.012793,On or near Coast Road,E01008491,North Tyneside 015D,Violence and sexual offences,Investigation complete; no suspect identified,
afdd116ba435bd0eaf9d446870a60464000b88f7b0fd9a3f5cf7fc17d7e5645b,2015-12,Surrey Police,Northumbria Police,-1.483685,55.019272,On or near Adelphi Close,E01008491,North Tyneside 015D,Violence and sexual offences,Under investigation,
d0587bb5c08890eab5a3605ebc985d4dcdf58b34a2f619aba4e7761f9e0188aa,2015-12,Surrey Police,Northumbria Police,-1.483490,55.017366,On or near Moor Park Court,E01008491,North Tyneside 015D,Violence and sexual offences,Under investigation,
c66d993a0b093a5f8ba4696051e4076793c327cb9cf9cbdb3a344936e62f27fd,2015-12,Surrey Police,Northumbria Police,-1.495052,55.010765,On or near Mallard Way,E01008491,North Tyneside 015D,Other crime,Investigation complete; no suspect identified,
,2015-12,Surrey Police,Northumbria Police,-1.430044,55.016769,On or near Back Shipley Road,E01008558,North Tyneside 016A,Anti-social behaviour,,
,2015-12,Surrey Police,Northumbria Police,-1.430044,55.016769,On or near Back Shipley Road,E01008558,North Tyneside 016A,Anti-social behaviour,,
,2015-12,Surrey Police,Northumbria Police,-1.430044,55.016769,On or near Back Shipley Road,E01008558,North Tyneside 016A,Anti-social behaviour,,
,2015-12,Surrey Police,Northumbria Police,-1.430044,55.016769,On or near Back Shipley Road,E01008558,North Tyneside 016A,Anti-social behaviour,,
,2015-12,Surrey Police,Northumbria Police,-1.425297,55.016270,On or near Tynemouth Place,E01008558,North Tyneside 016A,Anti-social behaviour,,
6bd216a865dd7e902fb5567c2455bc5370ac03ef1e666510bfc85ebe871f4884,2015-12,Surrey Police,Northumbria Police,-1.430044,55.016769,On or near Back Shipley Road,E01008558,North Tyneside 016A,Other theft,Investigation complete; no suspect identified,
5562dfa2c0eabf25db5ef7b19e9208927e1192c153d4e35a005c8304508544b4,2015-12,Surrey Police,Northumbria Police,-1.420389,55.017136,On or near Pier Road,E01008558,North Tyneside 016A,Other theft,Investigation complete; no suspect identified,
e4dbbad917fe9f1220975ff9fd9632007268952e4f8088fb1ee1b3e61bfe8ae7,2015-12,Surrey Police,Northumbria Police,-1.422451,55.016266,On or near Sports/Recreation Area,E01008558,North Tyneside 016A,Shoplifting,Investigation complete; no suspect identified,
4e66d8c27e02bd7f79371a7a46ba1270ec6a091eea8638dc7ae673afe8f14d9c,2015-12,Surrey Police,Northumbria Police,-1.430044,55.016769,On or near Back Shipley Road,E01008558,North Tyneside 016A,Shoplifting,Investigation complete; no suspect identified,
47b64ed0c21623a601298436efc9b2ad44f7fecdb698f9eb5d89154ba2b87387,2015-12,Surrey Police,Northumbria Police,-1.433026,55.014886,On or near Hazeldene Court,E01008558,North Tyneside 016A,Violence and sexual offences,Investigation complete; no suspect identified,
93c85e083f793924dd6306d7c2cf4fc24b4402fb0c9137011a734f6f3596f722,2015-12,Surrey Police,Northumbria Police,-1.422451,55.016266,On or near Sports/Recreation Area,E01008558,North Tyneside 016A,Violence and sexual offences,Under investigation,
ac3d9b1b80c83727d5339e0c593558eddb9b8c0e01d4254aa714411d8d97ae72,2015-12,Surrey Police,Northumbria Police,-1.434622,55.018192,On or near King Edward Road,E01008558,North Tyneside 016A,Violence and sexual offences,Investigation complete; no suspect identified,
43e9eef8142cee7a1d4d64d12390f040a13b3ed0af5afa05155cca77d96cc970,2015-12,Surrey Police,Northumbria Police,-1.429274,55.014806,On or near Rodney Close,E01008558,North Tyneside 016A,Violence and sexual offences,Investigation complete; no suspect identified,
,2015-12,Surrey Police,Northumbria Police,-1.424594,55.017318,On or near Supermarket,E01008560,North Tyneside 016B,Anti-social behaviour,,
1c27cc1b498f6575207ff1298b095c366bb04e1e51fce7e8670494715d2a43d2,2015-12,Surrey Police,Northumbria Police,-1.424313,55.018377,On or near Theatre/Concert Hall,E01008560,North Tyneside 016B,Criminal damage and arson,Investigation complete; no suspect identified,
8777a1100f9195bf1c5615a0038a9211408ee485682d1b7dff8824f3c3c7927d,2015-12,Surrey Police,Northumbria Police,-1.424588,55.022099,On or near Warkworth Terrace,E01008560,North Tyneside 016B,Criminal damage and arson,Investigation complete; no suspect identified,
c2b60b799ee6f09d6c599869acac84e6537e9533c606f6bab847639ebf8ae3e0,2015-12,Surrey Police,Northumbria Police,-1.424594,55.017318,On or near Supermarket,E01008560,North Tyneside 016B,Drugs,Offender given a caution,
5fcba57f069dd62e26fe1621fd4a2822b7ac3f7a2020247f0afdd39343c09596,2015-12,Surrey Police,Northumbria Police,-1.424594,55.017318,On or near Supermarket,E01008560,North Tyneside 016B,Other theft,Local resolution,
ffd37be574e338c463caa3b507a7562679beb81a523ff87a144a25fb680cf5d8,2015-12,Surrey Police,Northumbria Police,-1.422487,55.018063,On or near Middle Street,E01008560,North Tyneside 016B,Public order,Investigation complete; no suspect identified,
40d9ea7e741a14d30e7cc42fd5cc3b958761f4b0e5f4bf382b7989288037ec97,2015-12,Surrey Police,Northumbria Police,-1.424594,55.017318,On or near Supermarket,E01008560,North Tyneside 016B,Public order,Investigation complete; no suspect identified,
fb4c8041629af1d30c1c90793fbbd684a12291c13a13ea57d09e2acd706c157f,2015-12,Surrey Police,Northumbria Police,-1.424313,55.018377,On or near Theatre/Concert Hall,E01008560,North Tyneside 016B,Public order,Investigation complete; no suspect identified,
30925b8d6f7c604d2936992fb146de09e0d5fcc45decb6829a59955fce19980c,2015-12,Surrey Police,Northumbria Police,-1.423939,55.017189,On or near The Arcade,E01008560,North Tyneside 016B,Theft from the person,Investigation complete; no suspect identified,
6a0ecc1309d84dc71446e3d31cce7489ef841a553b1813c8598a4ed0f7fea237,2015-12,Surrey Police,Northumbria Police,-1.424594,55.017318,On or near Supermarket,E01008560,North Tyneside 016B,Vehicle crime,Offender given a caution,
3b3a53500ecba99fe4fab945cd810e70f39a5808ccd9ded30f92667a220170ac,2015-12,Surrey Police,Northumbria Police,-1.424546,55.019555,On or near Latimer Street,E01008560,North Tyneside 016B,Violence and sexual offences,Investigation complete; no suspect identified,
18de2049a662c3b4e0133342bd74806f390c030e8e0cf04508de6c19fb31d70c,2015-12,Surrey Police,Northumbria Police,-1.424553,55.017992,On or near Stephenson Street,E01008560,North Tyneside 016B,Violence and sexual offences,Under investigation,
,2015-12,Surrey Police,Northumbria Police,-1.441192,55.010179,On or near Pearson Place,E01008561,North Tyneside 016C,Anti-social behaviour,,
,2015-12,Surrey Police,Northumbria Police,-1.439538,55.009920,On or near Charlotte Street,E01008561,North Tyneside 016C,Anti-social behaviour,,
,2015-12,Surrey Police,Northumbria Police,-1.441286,55.011303,On or near Upper Queen Street,E01008561,North Tyneside 016C,Anti-social behaviour,,
,2015-12,Surrey Police,Northumbria Police,-1.441192,55.010179,On or near Pearson Place,E01008561,North Tyneside 016C,Anti-social behaviour,,
,2015-12,Surrey Police,Northumbria Police,-1.441286,55.011303,On or near Upper Queen Street,E01008561,North Tyneside 016C,Anti-social behaviour,,
,2015-12,Surrey Police,Northumbria Police,-1.441192,55.010179,On or near Pearson Place,E01008561,North Tyneside 016C,Anti-social behaviour,,
,2015-12,Surrey Police,Northumbria Police,-1.435930,55.010757,On or near Walker Place,E01008561,North Tyneside 016C,Anti-social behaviour,,
,2015-12,Surrey Police,Northumbria Police,-1.440516,55.010428,On or near Queen Street,E01008561,North Tyneside 016C,Anti-social behaviour,,
364190ed9b5806aef7336d2c7d4d9be50fff5679abb2eb6af205c8bdfb0fdff7,2015-12,Surrey Police,Northumbria Police,-1.437486,55.011304,On or near Hudson Street,E01008561,North Tyneside 016C,Criminal damage and arson,Offender given conditional discharge,
f8aa8a22f840fcf088f037b7ba6ce10b3bb2c0b526e33a432b22a9d9c213ba97,2015-12,Surrey Police,Northumbria Police,-1.438637,55.009539,On or near Dockwray Square,E01008561,North Tyneside 016C,Other theft,Under investigation,
2cdeb5efcfa12167410c4f2c44404a21bf08085c4016c9daac4cedf167fccaf0,2015-12,Surrey Police,Northumbria Police,-1.433307,55.010493,On or near Clifford Street,E01008561,North Tyneside 016C,Possession of weapons,Offender given suspended prison sentence,
67089e0eb6604961950a30c5326799ed8b83a8113d191fd3e8451239a08a66d9,2015-12,Surrey Police,Northumbria Police,-1.441192,55.010179,On or near Pearson Place,E01008561,North Tyneside 016C,Public order,Investigation complete; no suspect identified,
da604bd8af3d8766e2fe28f7debfce3e9b8b6b401eee0e41321623d38aefe1b7,2015-12,Surrey Police,Northumbria Police,-1.443122,55.011994,On or near North Church Street,E01008561,North Tyneside 016C,Public order,Awaiting court outcome,
02c48bfd630497d3ce0896b60dcec12c3e27b4cc592b615bea50873feb3e897a,2015-12,Surrey Police,Northumbria Police,-1.441192,55.010179,On or near Pearson Place,E01008561,North Tyneside 016C,Violence and sexual offences,Investigation complete; no suspect identified,
1f59f4eb4d620692218aadaf1371ef352cb15ed6e4d4783712a29aa74aef12b9,2015-12,Surrey Police,Northumbria Police,-1.441192,55.010179,On or near Pearson Place,E01008561,North Tyneside 016C,Violence and sexual offences,Under investigation,
a4bf597fb63931df05e5a97987e0d9794e8850ac58578afe10573485bc7037ad,2015-12,Surrey Police,Northumbria Police,-1.443122,55.011994,On or near North Church Street,E01008561,North Tyneside 016C,Violence and sexual offences,Investigation complete; no suspect identified,
2f9cad8023f9dfb7b1064daa67ae4b038c85f1eed864d318013695a1b9f9fd85,2015-12,Surrey Police,Northumbria Police,-1.441286,55.011303,On or near Upper Queen Street,E01008561,North Tyneside 016C,Violence and sexual offences,Under investigation,
2f826de13b0bb8ab74f8e0e64dbfb6a58d6434e7db311b07aa8bde60b7f65411,2015-12,Surrey Police,Northumbria Police,-1.437486,55.011304,On or near Hudson Street,E01008561,North Tyneside 016C,Other crime,Investigation complete; no suspect identified,
,2015-12,Surrey Police,Northumbria Police,-1.433045,55.027988,On or near Links Road,E01008562,North Tyneside 016D,Anti-social behaviour,,
,2015-12,Surrey Police,Northumbria Police,-1.431659,55.027515,On or near Parking Area,E01008562,North Tyneside 016D,Anti-social behaviour,,
,2015-12,Surrey Police,Northumbria Police,-1.452117,55.019701,On or near Popplewell Terrace,E01008525,North Tyneside 017A,Anti-social behaviour,,
,2015-12,Surrey Police,Northumbria Police,-1.455322,55.019805,On or near Walton Park,E01008525,North Tyneside 017A,Anti-social behaviour,,
,2015-12,Surrey Police,Northumbria Police,-1.454185,55.017167,On or near Ingleside Road,E01008525,North Tyneside 017A,Anti-social behaviour,,
be5bbf4507af54ea33d2b6bb12d406e08b28acf1a7b3719be9f95bdd57f4d2b5,2015-12,Surrey Police,Northumbria Police,-1.453760,55.015071,On or near Osborne Gardens,E01008525,North Tyneside 017A,Criminal damage and arson,Investigation complete; no suspect identified,
267f7f1d7b5fc6e2f1d59740183dcc3f4176dbf0b6b8649014101d3eac279fde,2015-12,Surrey Police,Northumbria Police,-1.453760,55.015071,On or near Osborne Gardens,E01008525,North Tyneside 017A,Criminal damage and arson,Investigation complete; no suspect identified,
ba1666d37c642edec783ec08fb1ec8f5ecc5944be031ed04b26806622789ba40,2015-12,Surrey Police,Northumbria Police,-1.452025,55.018478,On or near Woodlands,E01008525,North Tyneside 017A,Public order,Investigation complete; no suspect identified,
,2015-12,Surrey Police,Northumbria Police,-1.448876,55.015417,On or near Lindisfarne Terrace,E01008527,North Tyneside 017B,Anti-social behaviour,,
,2015-12,Surrey Police,Northumbria Police,-1.446054,55.014812,On or near Trevor Terrace,E01008527,North Tyneside 017B,Anti-social behaviour,,
11053eb44ea1fae41befc21e3fae0ad3882158ee6be6ae13f90c8c2e40633d2f,2015-12,Surrey Police,Northumbria Police,-1.448876,55.015417,On or near Lindisfarne Terrace,E01008527,North Tyneside 017B,Burglary,Under investigation,
8b6efe1a57e92fef481d4994b7402ab8ed676241f5bf5fda232b0977b76801c9,2015-12,Surrey Police,Northumbria Police,-1.448876,55.015417,On or near Lindisfarne Terrace,E01008527,North Tyneside 017B,Criminal damage and arson,Investigation complete; no suspect identified,
a580ce6f52dca1b144d9286782120bc3bc79cd2f0b9bc27276ff272735a50d43,2015-12,Surrey Police,Northumbria Police,-1.448876,55.015417,On or near Lindisfarne Terrace,E01008527,North Tyneside 017B,Vehicle crime,Investigation complete; no suspect identified,
605b51b5803b809d747a64bfc4a0942d4bced5f085aafda3b5a9f18e8d72351a,2015-12,Surrey Police,Northumbria Police,-1.448876,55.015417,On or near Lindisfarne Terrace,E01008527,North Tyneside 017B,Violence and sexual offences,Under investigation,
3351a3d7aedb6ae2b18818ab98a55a12860c683ab1c6c7061efd0bbad1a06dd7,2015-12,Surrey Police,Northumbria Police,-1.439803,55.014459,On or near Jackson Street,E01008559,North Tyneside 017C,Burglary,Investigation complete; no suspect identified,
1cb7ae88ded312d01ba2fdfd6edca96a437072c27f7dddf7e023377dd6e11ba1,2015-12,Surrey Police,Northumbria Police,-1.439565,55.013623,On or near Coburg Street,E01008559,North Tyneside 017C,Criminal damage and arson,Under investigation,
8a805dadda55e51da5d5fac449ee44eb8227b97e2c555043763633c813a9e5c2,2015-12,Surrey Police,Northumbria Police,-1.438043,55.015125,On or near Washington Terrace,E01008559,North Tyneside 017C,Criminal damage and arson,Investigation complete; no suspect identified,
00b84f81c47b50f7b4e0400447397509680cd7a2bcafc709c080d5c78f0f7249,2015-12,Surrey Police,Northumbria Police,-1.439565,55.013623,On or near Coburg Street,E01008559,North Tyneside 017C,Criminal damage and arson,Investigation complete; no suspect identified,
d15b145fb824a1c564d6131ee3ec8e636c05fbdd5b2c06366246c4be507f43aa,2015-12,Surrey Police,Northumbria Police,-1.439565,55.013623,On or near Coburg Street,E01008559,North Tyneside 017C,Other theft,Under investigation,
1fc01b0793ce81bad37d40e1cbac7f26ced098afd760a87bd860dc71dbb7ae8c,2015-12,Surrey Police,Northumbria Police,-1.438043,55.015125,On or near Washington Terrace,E01008559,North Tyneside 017C,Public order,Investigation complete; no suspect identified,
6873246de53ead7fd097f172688ca9d0c6689007c61983b846812d75512c819c,2015-12,Surrey Police,Northumbria Police,-1.445134,55.015760,On or near Blanchland Terrace,E01008559,North Tyneside 017C,Violence and sexual offences,Under investigation,
7d9cabcff36237cf862c39cf4d24ba4a972a3c9c77ed1757818231d0f7d360ad,2015-12,Surrey Police,Northumbria Police,-1.437196,55.016388,On or near Park Avenue,E01008559,North Tyneside 017C,Violence and sexual offences,Under investigation,
ce797c58e5c6b02e9d48dc500a526dbe5f6505b1192670d3c78098d15383c317,2015-12,Surrey Police,Northumbria Police,-1.439565,55.013623,On or near Coburg Street,E01008559,North Tyneside 017C,Violence and sexual offences,Under investigation,
218aebc439991fe88274d7ae1fbdf31ffdcbcdfa719c1ee4675dd28f806ecb09,2015-12,Surrey Police,Northumbria Police,-1.439565,55.013623,On or near Coburg Street,E01008559,North Tyneside 017C,Other crime,Offender given suspended prison sentence,
,2015-12,Surrey Police,Northumbria Police,-1.430153,55.019007,On or near Birtley Avenue,E01008563,North Tyneside 017D,Anti-social behaviour,,
dea0d1aa2e744cf539c336227d666cba75e5e8b8e70b030736c7a1e20b39cbed,2015-12,Surrey Police,Northumbria Police,-1.577526,55.008716,On or near Manor Walk,E01008469,North Tyneside 018A,Criminal damage and arson,Investigation complete; no suspect identified,
3a280a191eedb08bce89d259ed2a6a5785d94d6f4eb8e2eca4b06dcd50878af9,2015-12,Surrey Police,Northumbria Police,-1.575068,55.008968,On or near Hoylake Avenue,E01008469,North Tyneside 018A,Vehicle crime,Investigation complete; no suspect identified,
1a3d1d4d51eb9755af5a794faf9a89296011dcf5de1b9fdf2db0f389ca424e80,2015-12,Surrey Police,Northumbria Police,-1.578428,55.009150,On or near A188,E01008469,North Tyneside 018A,Violence and sexual offences,Investigation complete; no suspect identified,
5a1b167f9a73cb612a43b94ab5ecd3575c5c1673a83f01fa55ff0102deeac4c8,2015-12,Surrey Police,Northumbria Police,-1.573663,55.010221,On or near Front Street,E01008469,North Tyneside 018A,Violence and sexual offences,Investigation complete; no suspect identified,
903e8d9a604310d34e5a1bef26b495364be2d015bdf67a0fd5a08e346de42f42,2015-12,Surrey Police,Northumbria Police,-1.562693,55.018261,On or near Croft Avenue,E01008472,North Tyneside 018B,Criminal damage and arson,Investigation complete; no suspect identified,
5672b9b9f09189440b8023d15b9f8bbc4590685364461b73a5d65c458686ce52,2015-12,Surrey Police,Northumbria Police,-1.562693,55.018261,On or near Croft Avenue,E01008472,North Tyneside 018B,Criminal damage and arson,Investigation complete; no suspect identified,
12e2c5fbfe9aae3bf255391cac4a9afd71686ddb96682e5b0f590fe108ff1cbe,2015-12,Surrey Police,Northumbria Police,-1.564886,55.016516,On or near Lyndhurst Road,E01008472,North Tyneside 018B,Vehicle crime,Investigation complete; no suspect identified,
,2015-12,Surrey Police,Northumbria Police,-1.567610,55.016194,On or near Station Road,E01008473,North Tyneside 018C,Anti-social behaviour,,
,2015-12,Surrey Police,Northumbria Police,-1.565651,55.013742,On or near The Grove,E01008473,North Tyneside 018C,Anti-social behaviour,,
,2015-12,Surrey Police,Northumbria Police,-1.567610,55.016194,On or near Station Road,E01008473,North Tyneside 018C,Anti-social behaviour,,
5797b6bbe3532b69782da31d92b386a95d94ca4ecfa5c2b0c8b5dcea82f07fb0,2015-12,Surrey Police,Northumbria Police,-1.565187,55.013193,On or near Thornhill Road,E01008473,North Tyneside 018C,Criminal damage and arson,Awaiting court outcome,
6005fe795d3f6a80ced0f4578e18f1ad5a58bb293e3f9a410ce6b8beaae63324,2015-12,Surrey Police,Northumbria Police,-1.567610,55.016194,On or near Station Road,E01008473,North Tyneside 018C,Criminal damage and arson,Investigation complete; no suspect identified,
d19638abf66585d6964894b613fa866270bbe2687ee8f646bbf4fb4822e14fb5,2015-12,Surrey Police,Northumbria Police,-1.567078,55.013370,On or near Station Approach,E01008473,North Tyneside 018C,Drugs,Offender fined,
,2015-12,Surrey Police,Northumbria Police,-1.528420,55.028206,On or near Holystone Drive,E01008501,North Tyneside 018D,Anti-social behaviour,,
,2015-12,Surrey Police,Northumbria Police,-1.534486,55.024411,On or near Wesley Drive,E01008501,North Tyneside 018D,Anti-social behaviour,,
,2015-12,Surrey Police,Northumbria Police,-1.534486,55.024411,On or near Wesley Drive,E01008501,North Tyneside 018D,Anti-social behaviour,,
,2015-12,Surrey Police,Northumbria Police,-1.525944,55.028538,On or near Petrol Station,E01008501,North Tyneside 018D,Anti-social behaviour,,
fad9a40ec7c97198b5229bb92d4fa2c9f9d1851068c7903637158dde11f3364c,2015-12,Surrey Police,Northumbria Police,-1.534486,55.024411,On or near Wesley Drive,E01008501,North Tyneside 018D,Criminal damage and arson,Under investigation,
02b6495be688c71d0e3952b842a531dc9028f84de37c7149fbf2fba447e31f38,2015-12,Surrey Police,Northumbria Police,-1.534486,55.024411,On or near Wesley Drive,E01008501,North Tyneside 018D,Criminal damage and arson,Investigation complete; no suspect identified,
dc8e014b8ebd48b98274b07254683bdec964b6248b6504b70bc85864af1bf504,2015-12,Surrey Police,Northumbria Police,-1.525944,55.028538,On or near Petrol Station,E01008501,North Tyneside 018D,Drugs,Offender given a drugs possession warning,
f3d041ae8b7e1fcb186c64f2ac1046ccb3818c796c70d3d7b197db72e544a246,2015-12,Surrey Police,Northumbria Police,-1.536580,55.020537,On or near Supermarket,E01008501,North Tyneside 018D,Drugs,Offender given a caution,
f092f253f3c74d535fc917bf380cfccdadc610365638c147f3d1e727265e2860,2015-12,Surrey Police,Northumbria Police,-1.525944,55.028538,On or near Petrol Station,E01008501,North Tyneside 018D,Other theft,Investigation complete; no suspect identified,
a15fa0d4552afad97a83ac97d9e8de6d3b77e5b092761cb8cc96579b89e79654,2015-12,Surrey Police,Northumbria Police,-1.534486,55.024411,On or near Wesley Drive,E01008501,North Tyneside 018D,Public order,Investigation complete; no suspect identified,
f6e134c32d30fd44af876a9d38e69b47d5078870a42e7d99565e83d4bbe738ac,2015-12,Surrey Police,Northumbria Police,-1.536580,55.020537,On or near Supermarket,E01008501,North Tyneside 018D,Shoplifting,Offender given a caution,
90ba52ae5a6c218da8c4a9ba4935f8fcbc9848521f370d913e2973b429e0b23f,2015-12,Surrey Police,Northumbria Police,-1.535004,55.025635,On or near Wesley Way,E01008501,North Tyneside 018D,Shoplifting,Investigation complete; no suspect identified,
64c21cfc44188a4304e635791ab7e102743b68f9f659783b659496643576bfdc,2015-12,Surrey Police,Northumbria Police,-1.536580,55.020537,On or near Supermarket,E01008501,North Tyneside 018D,Shoplifting,Investigation complete; no suspect identified,
bd6223bb022873e097bc28fd76b128c942238fb8dea09950073778268e637e1c,2015-12,Surrey Police,Northumbria Police,-1.536580,55.020537,On or near Supermarket,E01008501,North Tyneside 018D,Theft from the person,Investigation complete; no suspect identified,
da064a8aaf775eef58510a5172e6ee6abf8524a02ba5423eecaddf97cbf41eea,2015-12,Surrey Police,Northumbria Police,-1.538470,55.020706,On or near Petrol Station,E01008501,North Tyneside 018D,Vehicle crime,Investigation complete; no suspect identified,
936adee8bba07b0b8e67115f148ce75a88faef041d4aa0628a3356abacaa839e,2015-12,Surrey Police,Northumbria Police,-1.535004,55.025635,On or near Wesley Way,E01008501,North Tyneside 018D,Vehicle crime,Investigation complete; no suspect identified,
06ce90c7ba3bb9d38eeac7908485f3680993421863e75559da17f8909c81dd18,2015-12,Surrey Police,Northumbria Police,-1.534486,55.024411,On or near Wesley Drive,E01008501,North Tyneside 018D,Violence and sexual offences,Under investigation,
115867a9c35849e7c6593c0f81585746e78b90b240485b9f43a3604210a30dab,2015-12,Surrey Police,Northumbria Police,-1.534486,55.024411,On or near Wesley Drive,E01008501,North Tyneside 018D,Violence and sexual offences,Under investigation,
2fe60fd2421c645059ff84607b52cdf17d38a5e81f49abaa2e4374e09fa0c1af,2015-12,Surrey Police,Northumbria Police,-1.535004,55.025635,On or near Wesley Way,E01008501,North Tyneside 018D,Violence and sexual offences,Under investigation,
634f7b12e18bb1b343ea3f65a1ccb8c0a20f9853066b8ff0b928f43277752bf2,2015-12,Surrey Police,Northumbria Police,-1.525944,55.028538,On or near Petrol Station,E01008501,North Tyneside 018D,Other crime,Awaiting court outcome,
,2015-12,Surrey Police,Northumbria Police,-1.552540,55.021333,On or near Otterburn Close,E01008503,North Tyneside 018E,Anti-social behaviour,,
,2015-12,Surrey Police,Northumbria Police,-1.541969,55.023900,On or near Roseberry Grange,E01008503,North Tyneside 018E,Anti-social behaviour,,
,2015-12,Surrey Police,Northumbria Police,-1.541969,55.023900,On or near Roseberry Grange,E01008503,North Tyneside 018E,Anti-social behaviour,,
,2015-12,Surrey Police,Northumbria Police,-1.547535,55.024109,On or near Sports/Recreation Area,E01008503,North Tyneside 018E,Anti-social behaviour,,
,2015-12,Surrey Police,Northumbria Police,-1.543405,55.025532,On or near Sports/Recreation Area,E01008503,North Tyneside 018E,Anti-social behaviour,,
bdc1519d6fec23aaec765fc2af8567d5dfbb86972e83680a73be5df62aeafbf1,2015-12,Surrey Police,Northumbria Police,-1.544691,55.023847,On or near Elizabeth Court,E01008503,North Tyneside 018E,Burglary,Investigation complete; no suspect identified,
8c37cee6b070966d64f0d6b02bb456128dc8a3be59fcf63d18df073d269c4a74,2015-12,Surrey Police,Northumbria Police,-1.547909,55.025593,On or near Laurel Place,E01008503,North Tyneside 018E,Criminal damage and arson,Under investigation,
dea9ca58ba7f646ce8792dbe4ef40ebf65ed25f97e7172e48fe6eb6625e42b0d,2015-12,Surrey Police,Northumbria Police,-1.541969,55.023900,On or near Roseberry Grange,E01008503,North Tyneside 018E,Criminal damage and arson,Investigation complete; no suspect identified,
2794fc1335e82f8ef45f0b608f08b1345f86c0128eb5bf090a73ed8b2d2647e9,2015-12,Surrey Police,Northumbria Police,-1.547350,55.025214,On or near Laurel Avenue,E01008503,North Tyneside 018E,Criminal damage and arson,Investigation complete; no suspect identified,
b2cc7c4236f9592e6f681dd3d08b6d887c6c602f665cce3ad8a4c5ff126e5fa1,2015-12,Surrey Police,Northumbria Police,-1.547350,55.025214,On or near Laurel Avenue,E01008503,North Tyneside 018E,Criminal damage and arson,Investigation complete; no suspect identified,
1c5ae7a3ecd02fc1a4c2976886bcab6cc8e27026da678ff5767a91320607ab59,2015-12,Surrey Police,Northumbria Police,-1.547909,55.025593,On or near Laurel Place,E01008503,North Tyneside 018E,Drugs,Offender given a caution,
aad5b209572097d686ec869f59996b594c18a1934f85318cb063875d77f02bc9,2015-12,Surrey Police,Northumbria Police,-1.547310,55.019112,On or near Bellingham Drive,E01008503,North Tyneside 018E,Other theft,Investigation complete; no suspect identified,
4551b41b24fd9c9c008bb75ca5f1756d4a69506866b718002fa3fb21e519f1e3,2015-12,Surrey Police,Northumbria Police,-1.542866,55.019293,On or near Humshaugh Close,E01008503,North Tyneside 018E,Robbery,Investigation complete; no suspect identified,
5e4ad5648678394c2409630132f7b897d1dd91e324d7221bee2c6f7ccc21bfd2,2015-12,Surrey Police,Northumbria Police,-1.542866,55.019293,On or near Humshaugh Close,E01008503,North Tyneside 018E,Violence and sexual offences,Local resolution,
2c07cd6bbdc88c1567fc1b3e1e4f9abd11b27d77a523117a5df5c38370f8ed06,2015-12,Surrey Police,Northumbria Police,-1.541969,55.023900,On or near Roseberry Grange,E01008503,North Tyneside 018E,Violence and sexual offences,Under investigation,
,2015-12,Surrey Police,Northumbria Police,-1.573491,55.017643,On or near Tenbury Crescent,E01008471,North Tyneside 019A,Anti-social behaviour,,
ebbd2507cec93761dba98d6e5e60604acfc3471b16de4aec0429c678bb7c7522,2015-12,Surrey Police,Northumbria Police,-1.576169,55.017266,On or near Basingstoke Place,E01008471,North Tyneside 019A,Criminal damage and arson,Investigation complete; no suspect identified,
a9c27a4c24a33ac0c0af6db4c89afa6d3e74c7a82b2604a89d12c2f46871970d,2015-12,Surrey Police,Northumbria Police,-1.569493,55.022958,On or near Charles Avenue,E01008471,North Tyneside 019A,Criminal damage and arson,Investigation complete; no suspect identified,
41e180fe14a661964dac1d78f70eb827f4e8cc8d7bebf977ebe36cbae24d139a,2015-12,Surrey Police,Northumbria Police,-1.576304,55.016287,On or near Tetford Place,E01008471,North Tyneside 019A,Violence and sexual offences,Under investigation,
,2015-12,Surrey Police,Northumbria Police,-1.576815,55.012317,On or near Staithes Avenue,E01008474,North Tyneside 019B,Anti-social behaviour,,
,2015-12,Surrey Police,Northumbria Police,-1.582767,55.014449,On or near Benton Lane,E01008474,North Tyneside 019B,Anti-social behaviour,,
8555df6998ccd51a2d36b466704a2887f43b29d40fe99836c926fc80ee20a9a2,2015-12,Surrey Police,Northumbria Police,-1.575198,55.015933,On or near Hailsham Avenue,E01008474,North Tyneside 019B,Criminal damage and arson,Investigation complete; no suspect identified,
ba27f29faba090fe51ea3ea75ef9ab069a79db3737b1b2ece09c589a1d7e7c05,2015-12,Surrey Police,Northumbria Police,-1.577487,55.015384,On or near Ringwood Green,E01008474,North Tyneside 019B,Criminal damage and arson,Investigation complete; no suspect identified,
14ea8891110d0b3087a0ae783139fef7554a5f50e165754aa3f31c2bd4e126cf,2015-12,Surrey Police,Northumbria Police,-1.574560,55.015571,On or near Deerbolt Place,E01008474,North Tyneside 019B,Criminal damage and arson,Under investigation,
7da7ab206433d5790957f735ed8ab63979f68fb88797217f0da734bacd5c5d9f,2015-12,Surrey Police,Northumbria Police,-1.580934,55.014748,On or near Meadow Close,E01008474,North Tyneside 019B,Violence and sexual offences,Awaiting court outcome,
42a9f71025523b409e7d87ab6b81d8b4fcd3e44d5b604ef0e7c616f093a89021,2015-12,Surrey Police,Northumbria Police,-1.576815,55.012317,On or near Staithes Avenue,E01008474,North Tyneside 019B,Violence and sexual offences,Awaiting court outcome,
,2015-12,Surrey Police,Northumbria Police,-1.598315,55.015625,On or near Kingsbridge,E01008513,North Tyneside 019C,Anti-social behaviour,,
,2015-12,Surrey Police,Northumbria Police,-1.593629,55.018170,On or near Gosforth Park Avenue,E01008513,North Tyneside 019C,Anti-social behaviour,,
39a02e6e7b9a6f8c1517676aa979bca6e4edcebd9d6af636f65e4ce03564c518,2015-12,Surrey Police,Northumbria Police,-1.599446,55.011971,On or near Fairfield,E01008513,North Tyneside 019C,Criminal damage and arson,Investigation complete; no suspect identified,
ed06a87475fc8afd7db91dcbff98614128c47067751cc71f259584a34f60e5a8,2015-12,Surrey Police,Northumbria Police,-1.589411,55.013043,On or near Greyfriars Lane,E01008513,North Tyneside 019C,Other theft,Under investigation,
1bd36056ee034a3190c27d3e00affac0c85900188f2b442b957c82dbf0b82aa4,2015-12,Surrey Police,Northumbria Police,-1.594012,55.020454,On or near Gosforth Park Way,E01008513,North Tyneside 019C,Other theft,Investigation complete; no suspect identified,
193a4e8957b0c38514056ee2a891b405c567ef7f7023f804869c5c431f52d1c4,2015-12,Surrey Police,Northumbria Police,-1.598777,55.013200,On or near Byland Road,E01008513,North Tyneside 019C,Violence and sexual offences,Investigation complete; no suspect identified,
05a1fc70057537b4846da3967dcac78c2c17a758dbde33c0ce9e66fed57bb1f2,2015-12,Surrey Police,Northumbria Police,-1.598777,55.013200,On or near Byland Road,E01008513,North Tyneside 019C,Violence and sexual offences,Investigation complete; no suspect identified,
be5d0e9903c0979c8b47d8635bd7cd3b8caf93457a0258af95f74a642c61cdea,2015-12,Surrey Police,Northumbria Police,-1.598315,55.015625,On or near Kingsbridge,E01008513,North Tyneside 019C,Violence and sexual offences,Under investigation,
,2015-12,Surrey Police,Northumbria Police,-1.582646,55.012490,On or near Oxford Close,E01008514,North Tyneside 019D,Anti-social behaviour,,
,2015-12,Surrey Police,Northumbria Police,-1.589112,55.016349,On or near Stonechat Place,E01008514,North Tyneside 019D,Anti-social behaviour,,
,2015-12,Surrey Police,Northumbria Police,-1.589112,55.016349,On or near Stonechat Place,E01008514,North Tyneside 019D,Anti-social behaviour,,
,2015-12,Surrey Police,Northumbria Police,-1.589112,55.016349,On or near Stonechat Place,E01008514,North Tyneside 019D,Anti-social behaviour,,
6f4ede01a658dc03d1b9ba53957e50df08458996df9a81cf26330c72e786735f,2015-12,Surrey Police,Northumbria Police,-1.583101,55.019851,On or near Balliol Business Park East,E01008514,North Tyneside 019D,Bicycle theft,Investigation complete; no suspect identified,
c59eda62931bb608c2469d17c0eb28c48eeb3421719c134cb8986c613524d29b,2015-12,Surrey Police,Northumbria Police,-1.583101,55.019851,On or near Balliol Business Park East,E01008514,North Tyneside 019D,Bicycle theft,Investigation complete; no suspect identified,
caa2f906e79efebd26a99349cb86b1554c58a369a9aeae05b740a0c39064692c,2015-12,Surrey Police,Northumbria Police,-1.589364,55.014597,On or near Bishop Rock Drive,E01008514,North Tyneside 019D,Other theft,Under investigation,
7744551aa3bbcf82b07c30c4eade29fc42227f358cc4685ec42da8d59153c6f4,2015-12,Surrey Police,Northumbria Police,-1.590902,55.015600,On or near Curlew Close,E01008514,North Tyneside 019D,Other theft,Investigation complete; no suspect identified,
f9b7363ba45a7a2b1cf483e9ad5d947f2e9375afa8752a92acca53b304361c58,2015-12,Surrey Police,Northumbria Police,-1.584769,55.018922,On or near Benton Lane,E01008514,North Tyneside 019D,Violence and sexual offences,Under investigation,
51cd44b2b487167946a05f3a7a1fc998fe1c18c07b52228d706ba88c755c89bb,2015-12,Surrey Police,Northumbria Police,-1.584871,55.013621,On or near Weldon Road,E01008514,North Tyneside 019D,Violence and sexual offences,Investigation complete; no suspect identified,
204e06ab0fcb2d2336ba15be0afa3f3b43326570ca1cfb84348f92af35db4acb,2015-12,Surrey Police,Northumbria Police,-1.581465,55.026819,On or near Grampian Place,E01008514,North Tyneside 019D,Violence and sexual offences,Under investigation,
,2015-12,Surrey Police,Northumbria Police,-1.590079,55.010484,On or near Kingsbury Court,E01032649,North Tyneside 019F,Anti-social behaviour,,
5806534030376e37c06c96cdc8967bac26a248ef627e3835585f6aead335650d,2015-12,Surrey Police,Northumbria Police,-1.591407,55.012079,On or near West Farm Avenue,E01032649,North Tyneside 019F,Burglary,Investigation complete; no suspect identified,
169345feb75fd3e0c97a3b3dd68783b882390d66a202670ce95e8d6d46d2cb40,2015-12,Surrey Police,Northumbria Police,-1.587037,55.012783,On or near Charnwood Avenue,E01032649,North Tyneside 019F,Criminal damage and arson,Investigation complete; no suspect identified,
a0a9224e75bfbdd092aa0bc1ef52556e9680bb952f16f66679e3de17d1f929b9,2015-12,Surrey Police,Northumbria Police,-1.588216,55.013740,On or near Beaumaris Court,E01032649,North Tyneside 019F,Criminal damage and arson,Investigation complete; no suspect identified,
fedb9f1b8bdda52f9c0c974ed6b9b44ed18cd6c83644f7b8b207149229f67dd6,2015-12,Surrey Police,Northumbria Police,-1.587037,55.012783,On or near Charnwood Avenue,E01032649,North Tyneside 019F,Other theft,Investigation complete; no suspect identified,
ecdfd82a55c8bb70b62aaab81bc58b095d5ab66082b5006ce688b9468009532d,2015-12,Surrey Police,Northumbria Police,-1.587037,55.012783,On or near Charnwood Avenue,E01032649,North Tyneside 019F,Violence and sexual offences,Under investigation,
c422c632debc0326000ff6cd4ad63ece748ebafd633e06d7d0ff292ac285e439,2015-12,Surrey Police,Northumbria Police,-1.591407,55.012079,On or near West Farm Avenue,E01032649,North Tyneside 019F,Violence and sexual offences,Offender given a caution,
,2015-12,Surrey Police,Northumbria Police,-1.585442,55.011295,On or near Lutterworth Close,E01032650,North Tyneside 019G,Anti-social behaviour,,
c71422fdfc571947df77719841261238980449d16adc949c6098e29518d139ba,2015-12,Surrey Police,Northumbria Police,-1.585625,55.010173,On or near Lutterworth Road,E01032650,North Tyneside 019G,Criminal damage and arson,Offender given a caution,
70613f4e8e21b97d073b246d318fe8860226d3804f7db996c4b5433f7b5895f4,2015-12,Surrey Police,Northumbria Police,-1.587216,55.010627,On or near Langdale Close,E01032650,North Tyneside 019G,Public order,Investigation complete; no suspect identified,
cc7d8bf4d2e2316c1f355e911341cc4ea17cfacc714f72b392865bfad2e51d8c,2015-12,Surrey Police,Northumbria Police,-1.585625,55.010173,On or near Lutterworth Road,E01032650,North Tyneside 019G,Violence and sexual offences,Under investigation,
da4d62f2db2f76bf2d597954730d9106a688dc15ec639d6a1b9152d37bcf27e5,2015-12,Surrey Police,Northumbria Police,-1.587216,55.010627,On or near Langdale Close,E01032650,North Tyneside 019G,Violence and sexual offences,Under investigation,
,2015-12,Surrey Police,Northumbria Police,-1.463512,55.010882,On or near Billy Mill Avenue,E01008486,North Tyneside 020A,Anti-social behaviour,,
912f8f88fca0984070da40a63ead94c3e8148f56eebe96253f429da9b30b3421,2015-12,Surrey Police,Northumbria Police,-1.466978,55.011221,On or near Heaton Terrace,E01008486,North Tyneside 020A,Bicycle theft,Investigation complete; no suspect identified,
af3c5b4a24f23f5b8952d47d897063b491df34c7fce5fb08f3dd2a47402fc6d5,2015-12,Surrey Police,Northumbria Police,-1.468302,55.010463,On or near Balkwell Green,E01008486,North Tyneside 020A,Criminal damage and arson,Investigation complete; no suspect identified,
2ad57d5b56f0c86cda0769e79854549e7c82ccb2249ce92304acda7fd1bcb0bb,2015-12,Surrey Police,Northumbria Police,-1.468302,55.010463,On or near Balkwell Green,E01008486,North Tyneside 020A,Criminal damage and arson,Investigation complete; no suspect identified,
56745ccf57ad3aa0cc4b9963db48b77fc77c7f3d6d38379c7f43c025189634c9,2015-12,Surrey Police,Northumbria Police,-1.466978,55.011221,On or near Heaton Terrace,E01008486,North Tyneside 020A,Other theft,Under investigation,
572ac7caac4fd7069d04c8da09152071007844151332c55d07b85e40659cde86,2015-12,Surrey Police,Northumbria Police,-1.472802,55.014292,On or near Coast Road,E01008486,North Tyneside 020A,Other theft,Investigation complete; no suspect identified,
54fa911f4dc7b982ea5be6f91fb14b1b01ce82a944174e030b0b326455485f43,2015-12,Surrey Police,Northumbria Police,-1.463512,55.010882,On or near Billy Mill Avenue,E01008486,North Tyneside 020A,Other theft,Investigation complete; no suspect identified,
ca0ec976eb67b61709947b941afeffb4122b4a21f93da6e8984bd48d79f2a4ae,2015-12,Surrey Police,Northumbria Police,-1.463512,55.010882,On or near Billy Mill Avenue,E01008486,North Tyneside 020A,Public order,Awaiting court outcome,
,2015-12,Surrey Police,Northumbria Police,-1.470053,55.018800,On or near Morwick Road,E01008487,North Tyneside 020B,Anti-social behaviour,,
,2015-12,Surrey Police,Northumbria Police,-1.470053,55.018800,On or near Morwick Road,E01008487,North Tyneside 020B,Anti-social behaviour,,
,2015-12,Surrey Police,Northumbria Police,-1.470723,55.018983,On or near Weldon Place,E01008487,North Tyneside 020B,Anti-social behaviour,,
,2015-12,Surrey Police,Northumbria Police,-1.470053,55.018800,On or near Morwick Road,E01008487,North Tyneside 020B,Anti-social behaviour,,
,2015-12,Surrey Police,Northumbria Police,-1.470723,55.018983,On or near Weldon Place,E01008487,North Tyneside 020B,Anti-social behaviour,,
,2015-12,Surrey Police,Northumbria Police,-1.470723,55.018983,On or near Weldon Place,E01008487,North Tyneside 020B,Anti-social behaviour,,
,2015-12,Surrey Police,Northumbria Police,-1.472828,55.019504,On or near Acton Drive,E01008487,North Tyneside 020B,Anti-social behaviour,,
,2015-12,Surrey Police,Northumbria Police,-1.470053,55.018800,On or near Morwick Road,E01008487,North Tyneside 020B,Anti-social behaviour,,
,2015-12,Surrey Police,Northumbria Police,-1.470889,55.017034,On or near Sheringham Avenue,E01008487,North Tyneside 020B,Anti-social behaviour,,
,2015-12,Surrey Police,Northumbria Police,-1.472828,55.019504,On or near Acton Drive,E01008487,North Tyneside 020B,Anti-social behaviour,,
,2015-12,Surrey Police,Northumbria Police,-1.470723,55.018983,On or near Weldon Place,E01008487,North Tyneside 020B,Anti-social behaviour,,
,2015-12,Surrey Police,Northumbria Police,-1.470723,55.018983,On or near Weldon Place,E01008487,North Tyneside 020B,Anti-social behaviour,,
6882ef108327f0d8a96aef38a90ecedf2ebfa0b537eab92a5e85cd95e93cd694,2015-12,Surrey Police,Northumbria Police,-1.476901,55.018956,On or near Billy Mill Lane,E01008487,North Tyneside 020B,Bicycle theft,Investigation complete; no suspect identified,
dc52a9b0330850efe307b908446fbf961ae9307b6d91bbff9d9c54812b3e88c5,2015-12,Surrey Police,Northumbria Police,-1.474815,55.018219,On or near Thropton Place,E01008487,North Tyneside 020B,Burglary,Investigation complete; no suspect identified,
5fbca6641975a3bc62fd461eefd2dc67cf140028215ec730d38b4dbab6ba9836,2015-12,Surrey Police,Northumbria Police,-1.472383,55.019970,On or near Alwinton Avenue,E01008487,North Tyneside 020B,Burglary,Investigation complete; no suspect identified,
8cbac306f92b29c5c424f6fa26ac84b2bff5b7ad70342c0c6f623d221531e9b1,2015-12,Surrey Police,Northumbria Police,-1.470723,55.018983,On or near Weldon Place,E01008487,North Tyneside 020B,Burglary,Investigation complete; no suspect identified,
6183933c3f8506a04ddf0e674c607ac7605b1d7df20c61b6b44ef850bdd09792,2015-12,Surrey Police,Northumbria Police,-1.470723,55.018983,On or near Weldon Place,E01008487,North Tyneside 020B,Burglary,Investigation complete; no suspect identified,
350ab13ab3342bfa0a5c5981befdf49350f0fb54efb5a2754ded8756bafcfede,2015-12,Surrey Police,Northumbria Police,-1.472065,55.016850,On or near Lynn Road,E01008487,North Tyneside 020B,Criminal damage and arson,Investigation complete; no suspect identified,
d9233032fb84c2201f948ba15e20db340f36465ebb0daeac7720e40e7d570d7d,2015-12,Surrey Police,Northumbria Police,-1.470723,55.018983,On or near Weldon Place,E01008487,North Tyneside 020B,Criminal damage and arson,Investigation complete; no suspect identified,
4cf037ea8368d39f816088af51d04fd617dcd00669f7233a6e291660bd5fd713,2015-12,Surrey Police,Northumbria Police,-1.470053,55.018800,On or near Morwick Road,E01008487,North Tyneside 020B,Criminal damage and arson,Investigation complete; no suspect identified,
ad81ef811a8daf4294638040932ab6249be1b6bc1299c825d62d45fef3d6b40b,2015-12,Surrey Police,Northumbria Police,-1.470889,55.017034,On or near Sheringham Avenue,E01008487,North Tyneside 020B,Criminal damage and arson,Under investigation,
b704fc3e4aae937cbb8cddcacadb685a882c19b1c35cd416a2c8b5aac67930be,2015-12,Surrey Police,Northumbria Police,-1.476901,55.018956,On or near Billy Mill Lane,E01008487,North Tyneside 020B,Criminal damage and arson,Investigation complete; no suspect identified,
749c336f37f2d701262a02807b6419faa2766feb791e23e41e283393b056e9f7,2015-12,Surrey Police,Northumbria Police,-1.470053,55.018800,On or near Morwick Road,E01008487,North Tyneside 020B,Criminal damage and arson,Investigation complete; no suspect identified,
ae0be4a2577b0c61d7e13224df69b0135670f51a3a581188073382ae2e0feadf,2015-12,Surrey Police,Northumbria Police,-1.471506,55.017719,On or near Whitton Gardens,E01008487,North Tyneside 020B,Other theft,Investigation complete; no suspect identified,
31016c5070ed01c40eb12a070805dc78522609d9e0f1214216ab103f3e07ddd3,2015-12,Surrey Police,Northumbria Police,-1.470053,55.018800,On or near Morwick Road,E01008487,North Tyneside 020B,Other theft,Investigation complete; no suspect identified,
b1b43d3e41cd66af29efbe46ec7d4f74c5ea93ed8e1a1038fb9f04598d8dfce3,2015-12,Surrey Police,Northumbria Police,-1.470053,55.018800,On or near Morwick Road,E01008487,North Tyneside 020B,Public order,Investigation complete; no suspect identified,
097ab94122e494efd88889d2b1b77816d8ff11174b2dc848010faa0b03f5e5f0,2015-12,Surrey Police,Northumbria Police,-1.471358,55.018267,On or near Netherton Grove,E01008487,North Tyneside 020B,Public order,Awaiting court outcome,
5f5c20d3fa06593cae006fa3f169760d3f2c06216aeb5a209ef494863540beaa,2015-12,Surrey Police,Northumbria Police,-1.476901,55.018956,On or near Billy Mill Lane,E01008487,North Tyneside 020B,Shoplifting,Under investigation,
718899547d703556ba7e39f947407dd08e8179bb80a48ebd0f773c3190a7fa86,2015-12,Surrey Police,Northumbria Police,-1.471506,55.017719,On or near Whitton Gardens,E01008487,North Tyneside 020B,Violence and sexual offences,Under investigation,
325778ea7fedb9b33bef6267d01f32ffa3843657cfb2bb8361faf53406366867,2015-12,Surrey Police,Northumbria Police,-1.470723,55.018983,On or near Weldon Place,E01008487,North Tyneside 020B,Violence and sexual offences,Under investigation,
0dce0f27cce9612e49f5b1399395576d623a2d9d8fdd6a443437c74d23f65e19,2015-12,Surrey Police,Northumbria Police,-1.470723,55.018983,On or near Weldon Place,E01008487,North Tyneside 020B,Violence and sexual offences,Under investigation,
ad8219f5b79c9594c2f3347acaa81ac1a59eb8d427dfc199035b437b9c280f10,2015-12,Surrey Police,Northumbria Police,-1.456145,55.015648,On or near Cresswell Avenue,E01008526,North Tyneside 020C,Criminal damage and arson,Investigation complete; no suspect identified,
238735c57094d755a101a1d499c1511dd9a80fc518c78499853ab3c4bb756a03,2015-12,Surrey Police,Northumbria Police,-1.468171,55.015602,On or near Supermarket,E01008526,North Tyneside 020C,Shoplifting,Investigation complete; no suspect identified,
,2015-12,Surrey Police,Northumbria Police,-1.460650,55.008578,On or near A193,E01008530,North Tyneside 020D,Anti-social behaviour,,
,2015-12,Surrey Police,Northumbria Police,-1.460650,55.008578,On or near A193,E01008530,North Tyneside 020D,Anti-social behaviour,,
,2015-12,Surrey Police,Northumbria Police,-1.457780,55.011503,On or near Hawkey'S Lane,E01008530,North Tyneside 020D,Anti-social behaviour,,
,2015-12,Surrey Police,Northumbria Police,-1.460650,55.008578,On or near A193,E01008530,North Tyneside 020D,Anti-social behaviour,,
a34f7d706b91b2d53045074fb1ed641716e42c829f61ef85f676b53b2cae53f3,2015-12,Surrey Police,Northumbria Police,-1.460650,55.008578,On or near A193,E01008530,North Tyneside 020D,Criminal damage and arson,Investigation complete; no suspect identified,
d624ca9b54fa66a9d9964345e4a8dac1db2de76d91f6ea321432f77184e0f1c2,2015-12,Surrey Police,Northumbria Police,-1.458631,55.008740,On or near The Nook,E01008530,North Tyneside 020D,Criminal damage and arson,Investigation complete; no suspect identified,
43ab0998d72706e13a37fc863efc78a6f57ab78994aec0c3c54d02c725daff66,2015-12,Surrey Police,Northumbria Police,-1.458631,55.008740,On or near The Nook,E01008530,North Tyneside 020D,Criminal damage and arson,Under investigation,
edb1a84f40f7a0a6b3d41ce56179aa54075331c2391407cd76a092bb66ae70fc,2015-12,Surrey Police,Northumbria Police,-1.460650,55.008578,On or near A193,E01008530,North Tyneside 020D,Criminal damage and arson,Investigation complete; no suspect identified,
5b0fd4accc8d470419305c70ca8a024b34a77e6f6e66de1d9bc9e8fe7b5a19c2,2015-12,Surrey Police,Northumbria Police,-1.460650,55.008578,On or near A193,E01008530,North Tyneside 020D,Other theft,Under investigation,
f7445ef5ecd506db5502d22c98f8c6a2a99a895a2f678faf4cd039d353bf3e7e,2015-12,Surrey Police,Northumbria Police,-1.458631,55.008740,On or near The Nook,E01008530,North Tyneside 020D,Violence and sexual offences,Awaiting court outcome,
da51f43797286243afc9d08f144fdd26b211bd7fbaed132a3f48f05ff7b8b130,2015-12,Surrey Police,Northumbria Police,-1.458631,55.008740,On or near The Nook,E01008530,North Tyneside 020D,Violence and sexual offences,Awaiting court outcome,
,2015-12,Surrey Police,Northumbria Police,-1.511841,55.008578,On or near Broxburn Close,E01008461,North Tyneside 021A,Anti-social behaviour,,
604bc6d40cbbabef61a616c5c9993f2cbe3756bc858c37efc9ce6f615ba60f7c,2015-12,Surrey Police,Northumbria Police,-1.510936,55.009725,On or near Brighton Close,E01008461,North Tyneside 021A,Bicycle theft,Investigation complete; no suspect identified,
6aaa842a27e0d7c373b76d43bc1f2a176b676fc55bb2be7339da1efb0bb5d723,2015-12,Surrey Police,Northumbria Police,-1.507556,55.007429,On or near Coast Road,E01008461,North Tyneside 021A,Possession of weapons,Awaiting court outcome,
02021b7e3bc77400e9179ab9013264bd546fbe6eaa575bde035d537d12f35de5,2015-12,Surrey Police,Northumbria Police,-1.511841,55.008578,On or near Broxburn Close,E01008461,North Tyneside 021A,Vehicle crime,Investigation complete; no suspect identified,
2f64b1e5432e9d17286549dd435ebb266ca3fbd10a4639686ba1de9993136e81,2015-12,Surrey Police,Northumbria Police,-1.507556,55.007429,On or near Coast Road,E01008461,North Tyneside 021A,Violence and sexual offences,Under investigation,
33a37c7e08ebf3d2e233013f5f03dfdd3caa3e1a35bdeb97109a7d30f8d90b72,2015-12,Surrey Police,Northumbria Police,-1.507556,55.007429,On or near Coast Road,E01008461,North Tyneside 021A,Violence and sexual offences,Investigation complete; no suspect identified,
5173e449a0cc0842e66e769ee0cdb12df5216abb2dc8de9a81bcc42a8ff05b8a,2015-12,Surrey Police,Northumbria Police,-1.517566,55.016194,On or near Lancaster Drive,E01008466,North Tyneside 021B,Violence and sexual offences,Under investigation,
,2015-12,Surrey Police,Northumbria Police,-1.516518,55.013683,On or near Valeria Close,E01008467,North Tyneside 021C,Anti-social behaviour,,
,2015-12,Surrey Police,Northumbria Police,-1.512839,55.013947,On or near Augusta Court,E01008467,North Tyneside 021C,Anti-social behaviour,,
,2015-12,Surrey Police,Northumbria Police,-1.516518,55.013683,On or near Valeria Close,E01008467,North Tyneside 021C,Anti-social behaviour,,
,2015-12,Surrey Police,Northumbria Police,-1.512839,55.013947,On or near Augusta Court,E01008467,North Tyneside 021C,Anti-social behaviour,,
,2015-12,Surrey Police,Northumbria Police,-1.517939,55.012529,On or near Cambo Close,E01008467,North Tyneside 021C,Anti-social behaviour,,
707ef4908d9e3cc84bb389697c8309f035bd6885121ee1ee9b9d7ae9ff41236b,2015-12,Surrey Police,Northumbria Police,-1.509129,55.013015,On or near Bellshill Close,E01008467,North Tyneside 021C,Burglary,Investigation complete; no suspect identified,
6a62b31fd4c9f1a17725b4bf15c6d7dd807493f273d9b81fbe37e17f536da476,2015-12,Surrey Police,Northumbria Police,-1.509129,55.013015,On or near Bellshill Close,E01008467,North Tyneside 021C,Criminal damage and arson,Investigation complete; no suspect identified,
c4307dc58d6a2d0279edaa2f93d1dcb8cbbde2e00401c18f74d600e93083ee01,2015-12,Surrey Police,Northumbria Police,-1.513752,55.017374,On or near Chelford Close,E01008467,North Tyneside 021C,Criminal damage and arson,Investigation complete; no suspect identified,
72db654c7e354044ee1c61ca1f2371a7649e63a2dc9ee735b54ec605ac6c44d6,2015-12,Surrey Police,Northumbria Police,-1.513357,55.012538,On or near Catton Place,E01008467,North Tyneside 021C,Criminal damage and arson,Investigation complete; no suspect identified,
0ad3ca0325238344e40321b190e3241c96c497e6ee674858ab3616a865d7502b,2015-12,Surrey Police,Northumbria Police,-1.511182,55.016519,On or near Camerton Place,E01008467,North Tyneside 021C,Violence and sexual offences,Awaiting court outcome,
,2015-12,Surrey Police,Northumbria Police,-1.503952,55.010586,On or near Middle Engine Lane,E01008468,North Tyneside 021D,Anti-social behaviour,,
5c31976f762628b76d01b0d89bfe0fd1ef169b00e4c16caaf9a43a139418d690,2015-12,Surrey Police,Northumbria Police,-1.507066,55.010356,On or near Bewick Park,E01008468,North Tyneside 021D,Criminal damage and arson,Investigation complete; no suspect identified,
ad0e0b1e3c6abab4ec6946cf9b4d929c2f35a2c7dd4aeb3c5d1f9512cb2a3b67,2015-12,Surrey Police,Northumbria Police,-1.507528,55.013503,On or near Blackhill Avenue,E01008468,North Tyneside 021D,Criminal damage and arson,Investigation complete; no suspect identified,
f0a41aadd5f181d3d11084ca25c5deb93fd53ed5844d67ae5af4a64e65490c37,2015-12,Surrey Police,Northumbria Police,-1.503952,55.010586,On or near Middle Engine Lane,E01008468,North Tyneside 021D,Drugs,Under investigation,
597b4ed93affb553f316b182d89c630280c4437c173a322a4892052d507b9984,2015-12,Surrey Police,Northumbria Police,-1.503952,55.010586,On or near Middle Engine Lane,E01008468,North Tyneside 021D,Other theft,Offender given community sentence,
9a91c53dd41cb3e3cd8ff05be50f9e554e82192780e9b974dfb55815db0a5c33,2015-12,Surrey Police,Northumbria Police,-1.503952,55.010586,On or near Middle Engine Lane,E01008468,North Tyneside 021D,Public order,Under investigation,
65726dac4dbd4599820c8709a8d94bf5fc14cde330db3f2b88d40b1cd93156a7,2015-12,Surrey Police,Northumbria Police,-1.503952,55.010586,On or near Middle Engine Lane,E01008468,North Tyneside 021D,Public order,Offender given penalty notice,
406be71ec0071c320a8b6e439ba460a7bc1a149dff22c05cf217c852d7b0869f,2015-12,Surrey Police,Northumbria Police,-1.503952,55.010586,On or near Middle Engine Lane,E01008468,North Tyneside 021D,Shoplifting,Under investigation,
cf440bbdcb6a65953af768fd0e0b254fa039e564ee2b3906ea75824bd6aa2199,2015-12,Surrey Police,Northumbria Police,-1.503952,55.010586,On or near Middle Engine Lane,E01008468,North Tyneside 021D,Shoplifting,Offender given community sentence,
3e0a2f412ec7afa1c9345ec2a812c7b270ab20e36aefb94449f0bda09e200fa8,2015-12,Surrey Police,Northumbria Police,-1.503952,55.010586,On or near Middle Engine Lane,E01008468,North Tyneside 021D,Violence and sexual offences,Awaiting court outcome,
de54a1cc165087fdaa6554d4b872d7055e7e61187d0e6435d6c2b84e6aadb866,2015-12,Surrey Police,Northumbria Police,-1.507066,55.010356,On or near Bewick Park,E01008468,North Tyneside 021D,Violence and sexual offences,Investigation complete; no suspect identified,
8fb131164f80c3f37b27dce2efe3d1f4d42d7e86127cb77563d0027149751f09,2015-12,Surrey Police,Northumbria Police,-1.503952,55.010586,On or near Middle Engine Lane,E01008468,North Tyneside 021D,Violence and sexual offences,Awaiting court outcome,
d7bb6b6fa8bc42c98ac4032a2a1c3ff3a49428be1cd88b2a7610682a6997ebff,2015-12,Surrey Police,Northumbria Police,-1.503952,55.010586,On or near Middle Engine Lane,E01008468,North Tyneside 021D,Violence and sexual offences,Offender fined,
ab01beaa297510d4ad7a310914215800f51df010e8494710deee2ec1123452a4,2015-12,Surrey Police,Northumbria Police,-1.503952,55.010586,On or near Middle Engine Lane,E01008468,North Tyneside 021D,Other crime,Court case unable to proceed,
,2015-12,Surrey Police,Northumbria Police,-1.453875,55.008934,On or near South Preston Grove,E01008483,North Tyneside 022A,Anti-social behaviour,,
,2015-12,Surrey Police,Northumbria Police,-1.453521,55.006201,On or near Stormont Street,E01008483,North Tyneside 022A,Anti-social behaviour,,
,2015-12,Surrey Police,Northumbria Police,-1.454323,55.008154,On or near Hopper Street,E01008483,North Tyneside 022A,Anti-social behaviour,,
7a8f7a4eb67d8b03d9d45117a629c6591cc8a9af73bd2b18875a0405907267c4,2015-12,Surrey Police,Northumbria Police,-1.454767,55.005388,On or near Victoria Crescent,E01008483,North Tyneside 022A,Criminal damage and arson,Under investigation,
09501f9394643b8bd0d7ca41ed6b6721d01a8ba16b7b64b40a7391970b0d0ef6,2015-12,Surrey Police,Northumbria Police,-1.453521,55.006201,On or near Stormont Street,E01008483,North Tyneside 022A,Criminal damage and arson,Investigation complete; no suspect identified,
b7c9814e50fb23c10059c05337d539929a3c578a917fb3dbb7007ca2b97b01f8,2015-12,Surrey Police,Northumbria Police,-1.453521,55.006201,On or near Stormont Street,E01008483,North Tyneside 022A,Criminal damage and arson,Investigation complete; no suspect identified,
66c138d42180ddae3ce716152277066b5d0332681083b8e906e0947022b28fe9,2015-12,Surrey Police,Northumbria Police,-1.453521,55.006201,On or near Stormont Street,E01008483,North Tyneside 022A,Criminal damage and arson,Investigation complete; no suspect identified,
8c39a41e71ab27d0ff31602d68b227b605a0d48592db13446f974f3853e65085,2015-12,Surrey Police,Northumbria Police,-1.453875,55.008934,On or near South Preston Grove,E01008483,North Tyneside 022A,Violence and sexual offences,Offender given community sentence,
80f4c23fe6669cc4e17f66f3884e7484c2e2600a96fedef96427aaa107ba7c52,2015-12,Surrey Police,Northumbria Police,-1.453875,55.008934,On or near South Preston Grove,E01008483,North Tyneside 022A,Violence and sexual offences,Under investigation,
,2015-12,Surrey Police,Northumbria Police,-1.445442,55.008150,On or near Shopping Area,E01008524,North Tyneside 022B,Anti-social behaviour,,
,2015-12,Surrey Police,Northumbria Police,-1.445033,55.010583,On or near Northumberland Square,E01008524,North Tyneside 022B,Anti-social behaviour,,
,2015-12,Surrey Police,Northumbria Police,-1.447484,55.008618,On or near Supermarket,E01008524,North Tyneside 022B,Anti-social behaviour,,
,2015-12,Surrey Police,Northumbria Police,-1.447150,55.010135,On or near Northumberland Place,E01008524,North Tyneside 022B,Anti-social behaviour,,
,2015-12,Surrey Police,Northumbria Police,-1.445033,55.010583,On or near Northumberland Square,E01008524,North Tyneside 022B,Anti-social behaviour,,
,2015-12,Surrey Police,Northumbria Police,-1.447150,55.010135,On or near Northumberland Place,E01008524,North Tyneside 022B,Anti-social behaviour,,
,2015-12,Surrey Police,Northumbria Police,-1.447484,55.008618,On or near Supermarket,E01008524,North Tyneside 022B,Anti-social behaviour,,
,2015-12,Surrey Police,Northumbria Police,-1.447484,55.008618,On or near Supermarket,E01008524,North Tyneside 022B,Anti-social behaviour,,
,2015-12,Surrey Police,Northumbria Police,-1.445304,55.005669,On or near Laet Street,E01008524,North Tyneside 022B,Anti-social behaviour,,
,2015-12,Surrey Police,Northumbria Police,-1.445304,55.005669,On or near Laet Street,E01008524,North Tyneside 022B,Anti-social behaviour,,
,2015-12,Surrey Police,Northumbria Police,-1.447191,55.010620,On or near Upper Camden Street,E01008524,North Tyneside 022B,Anti-social behaviour,,
,2015-12,Surrey Police,Northumbria Police,-1.443898,55.005573,On or near Clive Street,E01008524,North Tyneside 022B,Anti-social behaviour,,
,2015-12,Surrey Police,Northumbria Police,-1.447484,55.008618,On or near Supermarket,E01008524,North Tyneside 022B,Anti-social behaviour,,
,2015-12,Surrey Police,Northumbria Police,-1.445804,55.009113,On or near Shopping Area,E01008524,North Tyneside 022B,Anti-social behaviour,,
,2015-12,Surrey Police,Northumbria Police,-1.445033,55.010583,On or near Northumberland Square,E01008524,North Tyneside 022B,Anti-social behaviour,,
,2015-12,Surrey Police,Northumbria Police,-1.449929,55.009312,On or near Sidney Street,E01008524,North Tyneside 022B,Anti-social behaviour,,
,2015-12,Surrey Police,Northumbria Police,-1.447755,55.007109,On or near Stanley Street,E01008524,North Tyneside 022B,Anti-social behaviour,,
,2015-12,Surrey Police,Northumbria Police,-1.446793,55.006521,On or near Gardner Place,E01008524,North Tyneside 022B,Anti-social behaviour,,
,2015-12,Surrey Police,Northumbria Police,-1.448092,55.007605,On or near William Street,E01008524,North Tyneside 022B,Anti-social behaviour,,
,2015-12,Surrey Police,Northumbria Police,-1.448990,55.009370,On or near Nile Street,E01008524,North Tyneside 022B,Anti-social behaviour,,
,2015-12,Surrey Police,Northumbria Police,-1.445804,55.009113,On or near Shopping Area,E01008524,North Tyneside 022B,Anti-social behaviour,,
fa0721541a4aed083eb9de5adfc467d4e4d12bf2007c21e4aaa3aa2065c7bb5e,2015-12,Surrey Police,Northumbria Police,-1.448737,55.009558,On or near West Percy Street,E01008524,North Tyneside 022B,Bicycle theft,Investigation complete; no suspect identified,
a64a6146f9e07c23e03a2058bd116a8ca3a429ad608c00117935dbabf3805318,2015-12,Surrey Police,Northumbria Police,-1.443897,55.007909,On or near Camden Street,E01008524,North Tyneside 022B,Bicycle theft,Investigation complete; no suspect identified,
2ddd65c33aff7d4c0d95967b13efe68ece4c7b565990a7e92cd015c9d356a096,2015-12,Surrey Police,Northumbria Police,-1.443654,55.007432,On or near Union Street,E01008524,North Tyneside 022B,Bicycle theft,Investigation complete; no suspect identified,
49ad6797520d5c3bc5b2522be6169d40d5cb0bd5f91129c9d7babc0a3abc9521,2015-12,Surrey Police,Northumbria Police,-1.446908,55.007294,On or near Rudyerd Street,E01008524,North Tyneside 022B,Burglary,Investigation complete; no suspect identified,
27361611714d743dfcb36f8ee6472b9edb2da34eb2e16a7056c3c90d5e411ec1,2015-12,Surrey Police,Northumbria Police,-1.445804,55.009113,On or near Shopping Area,E01008524,North Tyneside 022B,Burglary,Investigation complete; no suspect identified,
37fdb0cfc492a182eef1c2d84d6ceeedc151dc37ae7eb002dd76b13ef9e94e0c,2015-12,Surrey Police,Northumbria Police,-1.447484,55.008618,On or near Supermarket,E01008524,North Tyneside 022B,Burglary,Investigation complete; no suspect identified,
a87e64cfe0331f1a0b3873d7956cd18dd16f106846b0bd969db13f5a6b4b99b2,2015-12,Surrey Police,Northumbria Police,-1.444251,55.011748,On or near Tynemouth Road,E01008524,North Tyneside 022B,Burglary,Investigation complete; no suspect identified,
78357b053493df8ef2a8622b51e537c6184ffe88adcfaac26a9d6af9bc406396,2015-12,Surrey Police,Northumbria Police,-1.445442,55.008150,On or near Shopping Area,E01008524,North Tyneside 022B,Burglary,Awaiting court outcome,
9d3b582fc9f9b000eb8d6ae8505ddd651c0b78d1da54ad4da84f0b44d2333889,2015-12,Surrey Police,Northumbria Police,-1.447755,55.007109,On or near Stanley Street,E01008524,North Tyneside 022B,Burglary,Investigation complete; no suspect identified,
c368ac479e77c6f591017f6e6be2814ce76b0e3bcef24c5f0f09e864b8a6a758,2015-12,Surrey Police,Northumbria Police,-1.446233,55.005179,On or near Borough Road,E01008524,North Tyneside 022B,Criminal damage and arson,Offender given a caution,
8304ffaec590fba18475e6545546bb2516060a5e29489c47cf8107581bbd10e5,2015-12,Surrey Police,Northumbria Police,-1.445442,55.008150,On or near Shopping Area,E01008524,North Tyneside 022B,Drugs,Under investigation,
8ff370dc9a1e81d219ec2e96698b0b96df383b7486e0065eef52990fff2cebe5,2015-12,Surrey Police,Northumbria Police,-1.448887,55.010026,On or near Bedford Street,E01008524,North Tyneside 022B,Other theft,Investigation complete; no suspect identified,
8676379e5342b376d402f24dcc19c68fff14cb143f8a98dacea522b6fe98c07c,2015-12,Surrey Police,Northumbria Police,-1.445804,55.009113,On or near Shopping Area,E01008524,North Tyneside 022B,Other theft,Investigation complete; no suspect identified,
6cac301e21a3e1755f1575dd2d544c3dbd9b391ce01445add65c55722fa1f60a,2015-12,Surrey Police,Northumbria Police,-1.447484,55.008618,On or near Supermarket,E01008524,North Tyneside 022B,Other theft,Investigation complete; no suspect identified,
f990a94a01ca704143086c84e67c6fb1f113cb17359225a51b70ac79395f5b6e,2015-12,Surrey Police,Northumbria Police,-1.443897,55.007909,On or near Camden Street,E01008524,North Tyneside 022B,Other theft,Investigation complete; no suspect identified,
d553d5e51158770237d0bb563d293614e9853c193872e675b1496c5bac41da0e,2015-12,Surrey Police,Northumbria Police,-1.443897,55.007909,On or near Camden Street,E01008524,North Tyneside 022B,Other theft,Investigation complete; no suspect identified,
deb2a78174db20e4dab62e4e61dba2b2f29d3698bdcbde89bbeb26bde5505734,2015-12,Surrey Police,Northumbria Police,-1.447150,55.010135,On or near Northumberland Place,E01008524,North Tyneside 022B,Other theft,Investigation complete; no suspect identified,
8cbd1693f9aca41e91e64a3c1d94dffe835aacb44b9c0cc1c2c773389805c8e3,2015-12,Surrey Police,Northumbria Police,-1.443897,55.007909,On or near Camden Street,E01008524,North Tyneside 022B,Other theft,Investigation complete; no suspect identified,
d4e99974d5330f2e33651ac12ad9e373fd902a3b2636c80d96b40f597d3ae335,2015-12,Surrey Police,Northumbria Police,-1.447484,55.008618,On or near Supermarket,E01008524,North Tyneside 022B,Other theft,Investigation complete; no suspect identified,
f305746bbbc2a9863801f7e3bba15f1dacc0e979d8a0f1dc23d269edb84d7d7e,2015-12,Surrey Police,Northumbria Police,-1.445804,55.009113,On or near Shopping Area,E01008524,North Tyneside 022B,Other theft,Investigation complete; no suspect identified,
a511526d1e4fdf8357e7e9ff9546b94c0ff2891cf41eb658bf498d591d89c9be,2015-12,Surrey Police,Northumbria Police,-1.449929,55.009312,On or near Sidney Street,E01008524,North Tyneside 022B,Other theft,Under investigation,
fd6bb83b00a17d70e2254578cf284459231b5607f84a4df65fe8f91d5789522c,2015-12,Surrey Police,Northumbria Police,-1.448092,55.007605,On or near William Street,E01008524,North Tyneside 022B,Public order,Investigation complete; no suspect identified,
14df70e46b0a694df4f78815c9683893cdce765220194bda936377a5f31f1ebc,2015-12,Surrey Police,Northumbria Police,-1.443898,55.005573,On or near Clive Street,E01008524,North Tyneside 022B,Public order,Under investigation,
d88fcca24f7e8d8aa33dcdae0d63ea0d3d245a70355266f445d7c56c10628437,2015-12,Surrey Police,Northumbria Police,-1.445804,55.009113,On or near Shopping Area,E01008524,North Tyneside 022B,Public order,Investigation complete; no suspect identified,
0693c5b0e03ab84b4213730c64b7ad5bd4eb324ac329be6b0ae5c47915757c1e,2015-12,Surrey Police,Northumbria Police,-1.448887,55.010026,On or near Bedford Street,E01008524,North Tyneside 022B,Public order,Investigation complete; no suspect identified,
6b21e8b1fc7fec20a4b36376480c771634cf2410cb28d7c455b7e3bd64d61cde,2015-12,Surrey Police,Northumbria Police,-1.448092,55.007605,On or near William Street,E01008524,North Tyneside 022B,Public order,Under investigation,
4d6f98a0f35f0dda5e845c75d9712f63bc0ce47a49b496ecdfe5743b85db6813,2015-12,Surrey Police,Northumbria Police,-1.445804,55.009113,On or near Shopping Area,E01008524,North Tyneside 022B,Public order,Offender given penalty notice,
1fc30e73d59200e792caccb6db38582c562e27e2f3419927496ea7f3bf32819c,2015-12,Surrey Police,Northumbria Police,-1.443897,55.007909,On or near Camden Street,E01008524,North Tyneside 022B,Public order,Investigation complete; no suspect identified,
f329e18cd9487309e69cb98dc3599628f82c56deb1bfac0e9dcd830dba318a6e,2015-12,Surrey Police,Northumbria Police,-1.445442,55.008150,On or near Shopping Area,E01008524,North Tyneside 022B,Robbery,Investigation complete; no suspect identified,
d2e9373819813fa6bfa858ed1a232edd155d3f96e5e196b774a1f2a6603212da,2015-12,Surrey Police,Northumbria Police,-1.449929,55.009312,On or near Sidney Street,E01008524,North Tyneside 022B,Shoplifting,Offender given suspended prison sentence,
4260ecd05cf14aebf3b5986ace8f390ba8861cf71131d0952dd99d073b7034a2,2015-12,Surrey Police,Northumbria Police,-1.443897,55.007909,On or near Camden Street,E01008524,North Tyneside 022B,Shoplifting,Investigation complete; no suspect identified,
69e60ad1689f46ebdba42f26d73607f3390483a5abbcb4e24880001423f05f08,2015-12,Surrey Police,Northumbria Police,-1.445442,55.008150,On or near Shopping Area,E01008524,North Tyneside 022B,Shoplifting,Offender given suspended prison sentence,
bddddfa08d97275d91cc35c98f2e16e842a28207f5ae2721560b9316244d75a3,2015-12,Surrey Police,Northumbria Police,-1.447484,55.008618,On or near Supermarket,E01008524,North Tyneside 022B,Shoplifting,Offender given community sentence,
c47fba59c40f4549331fd2b34442714aca618964c962cacb2b49e801abe6c5b7,2015-12,Surrey Police,Northumbria Police,-1.443897,55.007909,On or near Camden Street,E01008524,North Tyneside 022B,Shoplifting,Investigation complete; no suspect identified,
bdbcd77ef4eaaa3440bdaf4848a0b3ba55e655371f1652300460b32cf6dc9990,2015-12,Surrey Police,Northumbria Police,-1.445442,55.008150,On or near Shopping Area,E01008524,North Tyneside 022B,Shoplifting,Offender fined,
1a556bff61a86c17e45403cdc9cae95e273e7159ac2e50bdb991ed14a23b66b0,2015-12,Surrey Police,Northumbria Police,-1.447484,55.008618,On or near Supermarket,E01008524,North Tyneside 022B,Shoplifting,Suspect charged as part of another case,
9b87622de3b7129a3f718b33d7556a7e63ccfc0b89a21f5e78d66be665695ab2,2015-12,Surrey Police,Northumbria Police,-1.445442,55.008150,On or near Shopping Area,E01008524,North Tyneside 022B,Shoplifting,Offender given suspended prison sentence,
beb9ea585f9c1a72aba51fefd33f166eb107f84abbd89785356de9a9cbfd37c3,2015-12,Surrey Police,Northumbria Police,-1.449929,55.009312,On or near Sidney Street,E01008524,North Tyneside 022B,Shoplifting,Investigation complete; no suspect identified,
af11f2275cc6e16a8548f4aadaee287e3b4a209923ccca74a289b059662a35b5,2015-12,Surrey Police,Northumbria Police,-1.448737,55.009558,On or near West Percy Street,E01008524,North Tyneside 022B,Shoplifting,Offender given conditional discharge,
690bb9dc83faec2daa0da46c5c5e050a93d8176ce018fc7fe87367e59930a2b4,2015-12,Surrey Police,Northumbria Police,-1.445442,55.008150,On or near Shopping Area,E01008524,North Tyneside 022B,Shoplifting,Under investigation,
5cf768f2000155cb28a971318330249545ca9d56672ef168f0924bb4959fb160,2015-12,Surrey Police,Northumbria Police,-1.447484,55.008618,On or near Supermarket,E01008524,North Tyneside 022B,Shoplifting,Offender ordered to pay compensation,
b6c0bd5611259e660cca2510eeb67685c88d081f32956b7749dab04e2f679bb5,2015-12,Surrey Police,Northumbria Police,-1.445442,55.008150,On or near Shopping Area,E01008524,North Tyneside 022B,Shoplifting,Offender given conditional discharge,
930347e484b081fd55efe7af7c298fbe5f468cb2a0fab5dc03c3640ea0518a82,2015-12,Surrey Police,Northumbria Police,-1.445442,55.008150,On or near Shopping Area,E01008524,North Tyneside 022B,Shoplifting,Offender given absolute discharge,
dad642a1a3f4a4d9e94a9c8f215ccd2fe7a1d3721c56f3e1cccdc26ee60a1340,2015-12,Surrey Police,Northumbria Police,-1.447484,55.008618,On or near Supermarket,E01008524,North Tyneside 022B,Shoplifting,Investigation complete; no suspect identified,
7b67cf2cdd3c864e2a28ccef231e7ab2c4b20794d4fc66e13f18153186832bb3,2015-12,Surrey Police,Northumbria Police,-1.445442,55.008150,On or near Shopping Area,E01008524,North Tyneside 022B,Shoplifting,Under investigation,
14de59df8b62ca2fc67d9e0827d5c9720f2920332d04ff4973fb98c7a5aae0f8,2015-12,Surrey Police,Northumbria Police,-1.445442,55.008150,On or near Shopping Area,E01008524,North Tyneside 022B,Shoplifting,Investigation complete; no suspect identified,
8607f9ee240101aa51b13e7c6046cc77ab01755bc24fe263106c194da1d7260e,2015-12,Surrey Police,Northumbria Police,-1.445442,55.008150,On or near Shopping Area,E01008524,North Tyneside 022B,Shoplifting,Offender given conditional discharge,
7dcca6f122a1319d339955c390e73596d3362870ab37490645bacf6363f5072e,2015-12,Surrey Police,Northumbria Police,-1.445442,55.008150,On or near Shopping Area,E01008524,North Tyneside 022B,Shoplifting,Under investigation,
f8c35c41a3d90cafce3bf6c251b6f72d3bc1765b67b4154659d99d0e54f0e565,2015-12,Surrey Police,Northumbria Police,-1.445442,55.008150,On or near Shopping Area,E01008524,North Tyneside 022B,Shoplifting,Investigation complete; no suspect identified,
cfd8ef83c9d5a37773f09126c662b1fbdf3cad6b2f21760ee9bcc94116e3778f,2015-12,Surrey Police,Northumbria Police,-1.443897,55.007909,On or near Camden Street,E01008524,North Tyneside 022B,Shoplifting,Offender given penalty notice,
efca9f3e72b3bf66054e54df4a14fe1644c22f8f4a03e5a807fe7779c5d619a1,2015-12,Surrey Police,Northumbria Police,-1.445442,55.008150,On or near Shopping Area,E01008524,North Tyneside 022B,Shoplifting,Offender given absolute discharge,
922423d96c1b1a336a4fdb59412504d9eb1a6cbcafa531955edb9a58082187df,2015-12,Surrey Police,Northumbria Police,-1.445442,55.008150,On or near Shopping Area,E01008524,North Tyneside 022B,Shoplifting,Offender given conditional discharge,
35dbf9f0abcb98ccb553a33b0cc64f3b9743dedd8a3af66000ef12d2f67e24c0,2015-12,Surrey Police,Northumbria Police,-1.445442,55.008150,On or near Shopping Area,E01008524,North Tyneside 022B,Shoplifting,Investigation complete; no suspect identified,
384c525141541fd09106538ea9c1e8404ff7faaa6191b2c262efd5d49fc3f9df,2015-12,Surrey Police,Northumbria Police,-1.447484,55.008618,On or near Supermarket,E01008524,North Tyneside 022B,Shoplifting,Under investigation,
2b4cb4eeded46c44b5fa633f6b782315776fc3803a0941065d0584babdb9490b,2015-12,Surrey Police,Northumbria Police,-1.445442,55.008150,On or near Shopping Area,E01008524,North Tyneside 022B,Shoplifting,Under investigation,
1e07f8d17fa8bb81126b2fe1003d4f6f4e60b310490643c4bb9064864618ca00,2015-12,Surrey Police,Northumbria Police,-1.445442,55.008150,On or near Shopping Area,E01008524,North Tyneside 022B,Shoplifting,Offender given community sentence,
1d54ab2647226af78eded722899397e15678247da094841b81d01f4ecb5d19fa,2015-12,Surrey Police,Northumbria Police,-1.443897,55.007909,On or near Camden Street,E01008524,North Tyneside 022B,Shoplifting,Investigation complete; no suspect identified,
1775b90cfc24103c886413e827f12de908a93381f2e3cfea68f8d0d54ac4534f,2015-12,Surrey Police,Northumbria Police,-1.447484,55.008618,On or near Supermarket,E01008524,North Tyneside 022B,Shoplifting,Under investigation,
2340a546e7ee39148a178d37731be8ee25ad0d69acf714c6a1d1c5835e0432c7,2015-12,Surrey Police,Northumbria Police,-1.440180,55.007650,On or near Bell Street,E01008524,North Tyneside 022B,Vehicle crime,Investigation complete; no suspect identified,
6f61de89fd856fb589ee3d182320d53e37f5d5076797c64d3ae35350779079c7,2015-12,Surrey Police,Northumbria Police,-1.448092,55.007605,On or near William Street,E01008524,North Tyneside 022B,Violence and sexual offences,Under investigation,
c9fadf51ef08f604d8257fc96615908e84c216cc2e7a65f7fa15f191e866e4b3,2015-12,Surrey Police,Northumbria Police,-1.448990,55.009370,On or near Nile Street,E01008524,North Tyneside 022B,Violence and sexual offences,Awaiting court outcome,
e0c22ddaca193523e6ac10394aa65230ee2376b433d31d57229bf30d38251ac8,2015-12,Surrey Police,Northumbria Police,-1.447191,55.010620,On or near Upper Camden Street,E01008524,North Tyneside 022B,Violence and sexual offences,Awaiting court outcome,
d18e160f7d5a391b97e9b578f54482f3eff43b3509912748ae06946422c7ae62,2015-12,Surrey Police,Northumbria Police,-1.447484,55.008618,On or near Supermarket,E01008524,North Tyneside 022B,Violence and sexual offences,Investigation complete; no suspect identified,
367c106ffb7a0977126f91cb6141506f8a57b48a247e09da7cba6f2d8b01cbd7,2015-12,Surrey Police,Northumbria Police,-1.448887,55.010026,On or near Bedford Street,E01008524,North Tyneside 022B,Violence and sexual offences,Under investigation,
7061a18ec96a31046b8b5931f57da0b182aa1c201140031d554e5c18b755b990,2015-12,Surrey Police,Northumbria Police,-1.445442,55.008150,On or near Shopping Area,E01008524,North Tyneside 022B,Violence and sexual offences,Under investigation,
76306933f1b29694d0f3fda8f2977b2d17429fd404c515393504844f4d2136e1,2015-12,Surrey Police,Northumbria Police,-1.443897,55.007909,On or near Camden Street,E01008524,North Tyneside 022B,Violence and sexual offences,Investigation complete; no suspect identified,
2ca8107bbb0610f14fce0fa18634e6c6a6e6203a388f34f44437d9f5bf802e85,2015-12,Surrey Police,Northumbria Police,-1.448887,55.010026,On or near Bedford Street,E01008524,North Tyneside 022B,Violence and sexual offences,Under investigation,
91733b6112f926e89a014bed700849adec9f30fc6a4bc4b9a74e6cf474af2b54,2015-12,Surrey Police,Northumbria Police,-1.445442,55.008150,On or near Shopping Area,E01008524,North Tyneside 022B,Violence and sexual offences,Investigation complete; no suspect identified,
77dd6797e9959e5f7da942d74dc0ecb68232a122a9428f78c59d7b91a7e84544,2015-12,Surrey Police,Northumbria Police,-1.448990,55.009370,On or near Nile Street,E01008524,North Tyneside 022B,Violence and sexual offences,Awaiting court outcome,
91e88605227a3913be253151971d7132efeb28c4cad0d521e4e4016279fd7e4e,2015-12,Surrey Police,Northumbria Police,-1.443897,55.007909,On or near Camden Street,E01008524,North Tyneside 022B,Violence and sexual offences,Investigation complete; no suspect identified,
0bec879d2d49e45f9e8e802f685eeb0df50e199d6e304d4f479d3243f2543611,2015-12,Surrey Police,Northumbria Police,-1.449034,55.007322,On or near Borough Road,E01008524,North Tyneside 022B,Violence and sexual offences,Awaiting court outcome,
2019c4c1807ba43c14b108b4a78d56539d4e43eeb8eac5367fac82c38ea50258,2015-12,Surrey Police,Northumbria Police,-1.448092,55.007605,On or near William Street,E01008524,North Tyneside 022B,Violence and sexual offences,Investigation complete; no suspect identified,
ef64e4a85ff7f9f78d5e9915f8879fda26b5ae108a8bce10ba5fe69149c62064,2015-12,Surrey Police,Northumbria Police,-1.445804,55.009113,On or near Shopping Area,E01008524,North Tyneside 022B,Other crime,Investigation complete; no suspect identified,
,2015-12,Surrey Police,Northumbria Police,-1.449628,55.014199,On or near Preston Road,E01008528,North Tyneside 022C,Anti-social behaviour,,
,2015-12,Surrey Police,Northumbria Police,-1.453045,55.013567,On or near Cleveland Crescent,E01008528,North Tyneside 022C,Anti-social behaviour,,
1e1ac0c0745118f706b287e178bce4e7040439de22278a05299c66b64a8de51b,2015-12,Surrey Police,Northumbria Police,-1.451068,55.014115,On or near Camp Terrace,E01008528,North Tyneside 022C,Criminal damage and arson,Investigation complete; no suspect identified,
c7477bd2c3a6c5bf39ea1e86e9cafce1d2517ad2708864aa67a319f4b6a0b1b3,2015-12,Surrey Police,Northumbria Police,-1.453656,55.014639,On or near Queen Alexandra Road,E01008528,North Tyneside 022C,Drugs,Awaiting court outcome,
8f507a3494f8305a3ba54490cb91c65f0d53d13dcca37876af87742533decced,2015-12,Surrey Police,Northumbria Police,-1.451068,55.014115,On or near Camp Terrace,E01008528,North Tyneside 022C,Other theft,Investigation complete; no suspect identified,
d3829f22529856e867dfca69a83dfbb3353b523734108dc70a585fd427c46217,2015-12,Surrey Police,Northumbria Police,-1.449628,55.014199,On or near Preston Road,E01008528,North Tyneside 022C,Shoplifting,Under investigation,
10d655b74bd831ce0f4a1b395715981c94554bd012d6ca245022eddb889504ac,2015-12,Surrey Police,Northumbria Police,-1.457507,55.013183,On or near Supermarket,E01008528,North Tyneside 022C,Shoplifting,Under investigation,
45ef0df101ccbb8c7d44d938c216a114d859caa56af90a32bce709f7162fe47d,2015-12,Surrey Police,Northumbria Police,-1.455341,55.013838,On or near Cleveland Avenue,E01008528,North Tyneside 022C,Vehicle crime,Investigation complete; no suspect identified,
f9f9e1a00ec8e891f33421338c5390b2a5935b9094b904811323adba469a8094,2015-12,Surrey Police,Northumbria Police,-1.455341,55.013838,On or near Cleveland Avenue,E01008528,North Tyneside 022C,Vehicle crime,Investigation complete; no suspect identified,
,2015-12,Surrey Police,Northumbria Police,-1.454607,55.011408,On or near The Chase,E01008529,North Tyneside 022D,Anti-social behaviour,,
,2015-12,Surrey Police,Northumbria Police,-1.447886,55.013508,On or near Haswell Gardens,E01008529,North Tyneside 022D,Anti-social behaviour,,
790d6b8fb91af6d3e6bca497df66ee08993c4a643c67307003cbf83cf947fb13,2015-12,Surrey Police,Northumbria Police,-1.443661,55.013722,On or near Kensington Gardens,E01008529,North Tyneside 022D,Burglary,Under investigation,
,2015-12,Surrey Police,Northumbria Police,-1.467484,55.008482,On or near The Quadrant,E01008481,North Tyneside 023A,Anti-social behaviour,,
,2015-12,Surrey Police,Northumbria Police,-1.484586,55.008717,On or near Barmouth Road,E01008481,North Tyneside 023A,Anti-social behaviour,,
,2015-12,Surrey Police,Northumbria Police,-1.475764,55.009012,On or near Craster Road,E01008481,North Tyneside 023A,Anti-social behaviour,,
,2015-12,Surrey Police,Northumbria Police,-1.478787,55.007426,On or near Norham Road,E01008481,North Tyneside 023A,Anti-social behaviour,,
93ff61b597d04a0fdcc7c4232954806a886d1443b65681f66156a02d32eaa525,2015-12,Surrey Police,Northumbria Police,-1.476192,55.008547,On or near Stannington Road,E01008481,North Tyneside 023A,Criminal damage and arson,Investigation complete; no suspect identified,
673e46214f18bc8928b438fbfa93be5047132ce05e10a2196823c45d1cae2584,2015-12,Surrey Police,Northumbria Police,-1.491850,55.004336,On or near A19,E01008481,North Tyneside 023A,Criminal damage and arson,Under investigation,
c1fc6822795aaa081bf8afac90cabba4d44373d143d2ccfddd05bd08e206d665,2015-12,Surrey Police,Northumbria Police,-1.469486,55.009614,On or near Central Avenue,E01008481,North Tyneside 023A,Criminal damage and arson,Investigation complete; no suspect identified,
43936abdc8839d37205e05af31451e9fa6a5d7132f41d3e686079990fa8924c6,2015-12,Surrey Police,Northumbria Police,-1.476192,55.008547,On or near Stannington Road,E01008481,North Tyneside 023A,Criminal damage and arson,Awaiting court outcome,
b1b1af1bc8faa0229c1472f2220a6b399ef5e36e904bbf701fdde88651859bf6,2015-12,Surrey Police,Northumbria Police,-1.476192,55.008547,On or near Stannington Road,E01008481,North Tyneside 023A,Criminal damage and arson,Investigation complete; no suspect identified,
181314e06bfb154b43cecba8105e0803f38a31c4a41440ab26a2da71bf1062fd,2015-12,Surrey Police,Northumbria Police,-1.477220,55.007662,On or near Plessey Gardens,E01008481,North Tyneside 023A,Other theft,Investigation complete; no suspect identified,
33d0a037866b699304166642f1572ade1b6643b834d895712021cca243b7a275,2015-12,Surrey Police,Northumbria Police,-1.469486,55.009614,On or near Central Avenue,E01008481,North Tyneside 023A,Other theft,Investigation complete; no suspect identified,
b17d74bd7285c3543620e095ca30e281dcf2762865ac4a68705c70aca907eb63,2015-12,Surrey Police,Northumbria Police,-1.484586,55.008717,On or near Barmouth Road,E01008481,North Tyneside 023A,Public order,Investigation complete; no suspect identified,
6f70d5c876c5faacffd4d575ccaa3d7e9ec067926b5fa472d4b3eeb6924bd0b3,2015-12,Surrey Police,Northumbria Police,-1.480339,55.009490,On or near Sidmouth Road,E01008481,North Tyneside 023A,Public order,Investigation complete; no suspect identified,
3a4a6402ca75a2781e12d3c5b390c24dc9902c74b70ae07ac435ce83bfd97dfb,2015-12,Surrey Police,Northumbria Police,-1.484586,55.008717,On or near Barmouth Road,E01008481,North Tyneside 023A,Shoplifting,Investigation complete; no suspect identified,
203203782395da487477bfba204b1373e58c05d5a187282d97567155c353b8b4,2015-12,Surrey Police,Northumbria Police,-1.488810,55.006120,On or near Malmo Close,E01008481,North Tyneside 023A,Shoplifting,Under investigation,
0e11c4f5d191dea38386aebe8827e361b759da3135d9ad66962351fd852c2a0d,2015-12,Surrey Police,Northumbria Police,-1.484586,55.008717,On or near Barmouth Road,E01008481,North Tyneside 023A,Shoplifting,Investigation complete; no suspect identified,
cbbf71f412d687c255eee5f2f72e372445bc1cb9019f9ec5ebaedcb203f7318c,2015-12,Surrey Police,Northumbria Police,-1.484586,55.008717,On or near Barmouth Road,E01008481,North Tyneside 023A,Shoplifting,Offender given a caution,
02378481f9ba68790c9f0f427052f4100a6e4a321dbd0bddb6e730a7b398292a,2015-12,Surrey Police,Northumbria Police,-1.475764,55.009012,On or near Craster Road,E01008481,North Tyneside 023A,Vehicle crime,Investigation complete; no suspect identified,
7a5cbe4de96ef79c3109026a91eaf80076a1fcd44f45e08ff9d1a075f1063583,2015-12,Surrey Police,Northumbria Police,-1.478787,55.007426,On or near Norham Road,E01008481,North Tyneside 023A,Vehicle crime,Investigation complete; no suspect identified,
0518984ca01e4a8d8d470ae77729b1316ecdba08675ce66354bc7555b7f53a5e,2015-12,Surrey Police,Northumbria Police,-1.491850,55.004336,On or near A19,E01008481,North Tyneside 023A,Violence and sexual offences,Under investigation,
7f8465e76ccb1150559ca1b1b7429340a5fdad1d2f954335c099097c25a4900e,2015-12,Surrey Police,Northumbria Police,-1.476192,55.008547,On or near Stannington Road,E01008481,North Tyneside 023A,Violence and sexual offences,Awaiting court outcome,
8cfb61f75acc02925ecc98a06e905f344596cf5ae07fa837d1ca9d8e631d41ea,2015-12,Surrey Police,Northumbria Police,-1.467484,55.008482,On or near The Quadrant,E01008481,North Tyneside 023A,Violence and sexual offences,Under investigation,
8497eb245c788840db617d571fe34cc082dcc82cd29cd37a0ed779011df5dcb0,2015-12,Surrey Police,Northumbria Police,-1.484586,55.008717,On or near Barmouth Road,E01008481,North Tyneside 023A,Violence and sexual offences,Under investigation,
bed83b72f2991feaee056153b6b3f407bbe49c5690bd7554b98eb1eb42cf3ca0,2015-12,Surrey Police,Northumbria Police,-1.469486,55.009614,On or near Central Avenue,E01008481,North Tyneside 023A,Violence and sexual offences,Under investigation,
d417773edd7619880f1e1da201b1196005652d4c2675096fa1b394d9547a7089,2015-12,Surrey Police,Northumbria Police,-1.476192,55.008547,On or near Stannington Road,E01008481,North Tyneside 023A,Other crime,Under investigation,
,2015-12,Surrey Police,Northumbria Police,-1.466071,55.004162,On or near Avon Avenue,E01008482,North Tyneside 023B,Anti-social behaviour,,
,2015-12,Surrey Police,Northumbria Police,-1.466071,55.004162,On or near Avon Avenue,E01008482,North Tyneside 023B,Anti-social behaviour,,
,2015-12,Surrey Police,Northumbria Police,-1.466536,55.005674,On or near Bawtry Grove,E01008482,North Tyneside 023B,Anti-social behaviour,,
6bcffefc78d2c6dabf8556da39437881b174ab6312bb746b37be7d1666893488,2015-12,Surrey Police,Northumbria Police,-1.463046,55.009424,On or near Chirton Lane,E01008482,North Tyneside 023B,Burglary,Investigation complete; no suspect identified,
a60201eac49a7e0faea5bdaa563794d3253308c63288f3b568c00dcc7c89ea7e,2015-12,Surrey Police,Northumbria Police,-1.466071,55.004162,On or near Avon Avenue,E01008482,North Tyneside 023B,Burglary,Investigation complete; no suspect identified,
04f5ced920fccfb0b661e8d254abfa81fa790930efd434607f2fc8f0b80c312a,2015-12,Surrey Police,Northumbria Police,-1.466071,55.004162,On or near Avon Avenue,E01008482,North Tyneside 023B,Criminal damage and arson,Investigation complete; no suspect identified,
9aacdd8d24d8ba067b4ebe933a1240cb3a720681407f91c1e2af06eff4217485,2015-12,Surrey Police,Northumbria Police,-1.466536,55.005674,On or near Bawtry Grove,E01008482,North Tyneside 023B,Criminal damage and arson,Awaiting court outcome,
630a3fe0a0571fad2ddf333eec5955785d83bd1fab57b8ff11ce3e92ac2fe38b,2015-12,Surrey Police,Northumbria Police,-1.466536,55.005674,On or near Bawtry Grove,E01008482,North Tyneside 023B,Criminal damage and arson,Awaiting court outcome,
f71dd13fc1add2a4ed24974fccfc3820febff9c33a35309390038736fe0e637e,2015-12,Surrey Police,Northumbria Police,-1.465118,55.007636,On or near Burt Avenue,E01008482,North Tyneside 023B,Criminal damage and arson,Investigation complete; no suspect identified,
6a5f048bf162879a7e15f8351066ecf4470390cb48bffc31b67814753cee5211,2015-12,Surrey Police,Northumbria Police,-1.466071,55.004162,On or near Avon Avenue,E01008482,North Tyneside 023B,Possession of weapons,Awaiting court outcome,
b9f424868c42fba6021a53ba2440651f2f5333d5a0076d3b2fb02676924ae223,2015-12,Surrey Police,Northumbria Police,-1.459657,55.005626,On or near West Percy Road,E01008482,North Tyneside 023B,Public order,Under investigation,
47e4086474011d8eefe1c104ff0f9bb8cd90a05b62564e43da940f3583bee864,2015-12,Surrey Police,Northumbria Police,-1.460975,55.007663,On or near Lilburn Street,E01008482,North Tyneside 023B,Shoplifting,Investigation complete; no suspect identified,
daca5a0f64e33fa0e25f73d8dda407abcd5dfd02c6f25947bd8bce06140bfca6,2015-12,Surrey Police,Northumbria Police,-1.460975,55.007663,On or near Lilburn Street,E01008482,North Tyneside 023B,Shoplifting,Investigation complete; no suspect identified,
8a10bf64719f4c8dfd9c0680579517b1fb907fe4592c6b976b2bbb2963966c16,2015-12,Surrey Police,Northumbria Police,-1.460975,55.007663,On or near Lilburn Street,E01008482,North Tyneside 023B,Shoplifting,Offender sent to prison,
08d811d994f105ec2f9470b68457ea5c07216d660b250c33729b38f5e6fb6340,2015-12,Surrey Police,Northumbria Police,-1.469837,55.006722,On or near Brampton Place,E01008482,North Tyneside 023B,Vehicle crime,Investigation complete; no suspect identified,
375498a883161491b6aee472a2b8d4a6f9d8c915d4350140eeb18567626cc6de,2015-12,Surrey Police,Northumbria Police,-1.469288,55.004482,On or near Amble Close,E01008482,North Tyneside 023B,Violence and sexual offences,Under investigation,
1cb58891eb95caab44eb2c4861ac0a793738459f5e07a6a48f934b77d3449d05,2015-12,Surrey Police,Northumbria Police,-1.464016,55.009383,On or near Eustace Avenue,E01008482,North Tyneside 023B,Violence and sexual offences,Offender given a caution,
,2015-12,Surrey Police,Northumbria Police,-1.475518,55.003898,On or near Elsdon Terrace,E01008484,North Tyneside 023C,Anti-social behaviour,,
,2015-12,Surrey Police,Northumbria Police,-1.470543,55.002978,On or near Weyhill Avenue,E01008484,North Tyneside 023C,Anti-social behaviour,,
,2015-12,Surrey Police,Northumbria Police,-1.470543,55.002978,On or near Weyhill Avenue,E01008484,North Tyneside 023C,Anti-social behaviour,,
,2015-12,Surrey Police,Northumbria Police,-1.475766,55.002884,On or near Mindrum Terrace,E01008484,North Tyneside 023C,Anti-social behaviour,,
,2015-12,Surrey Police,Northumbria Police,-1.475766,55.002884,On or near Mindrum Terrace,E01008484,North Tyneside 023C,Anti-social behaviour,,
,2015-12,Surrey Police,Northumbria Police,-1.475766,55.002884,On or near Mindrum Terrace,E01008484,North Tyneside 023C,Anti-social behaviour,,
,2015-12,Surrey Police,Northumbria Police,-1.472120,55.003110,On or near Wantage Avenue,E01008484,North Tyneside 023C,Anti-social behaviour,,
6757146663318f0597ff5e0f5a45fb9cdb2407125862e020616c8f17efc6c3bf,2015-12,Surrey Police,Northumbria Police,-1.474779,55.004191,On or near Beadnell Avenue,E01008484,North Tyneside 023C,Criminal damage and arson,Investigation complete; no suspect identified,
276a753f9738beb5d45f753f72b461b4292fffa7fb2623dd59e264bcbc1fab9c,2015-12,Surrey Police,Northumbria Police,-1.477069,55.003608,On or near Berwick Terrace,E01008484,North Tyneside 023C,Other theft,Investigation complete; no suspect identified,
9141d69e17ad7e7ed213e1155880bded3ccd72ad40e2e6d2b13440a683710d9c,2015-12,Surrey Police,Northumbria Police,-1.473944,55.002346,On or near Brackley Grove,E01008484,North Tyneside 023C,Robbery,Investigation complete; no suspect identified,
11fc6bdb59e23ac935a0049f49e0af299c46bb4f14e6a8cadda130b54992932b,2015-12,Surrey Police,Northumbria Police,-1.475766,55.002884,On or near Mindrum Terrace,E01008484,North Tyneside 023C,Theft from the person,Investigation complete; no suspect identified,
4e6de2d34df2ab9eae85f181e52ce3e5a3c28b73fbd0371b51a57aecf271d995,2015-12,Surrey Police,Northumbria Police,-1.472120,55.003110,On or near Wantage Avenue,E01008484,North Tyneside 023C,Vehicle crime,Investigation complete; no suspect identified,
bdb93bfb2b169d088f138770221be3031ece9880206c7852e84bea946395969a,2015-12,Surrey Police,Northumbria Police,-1.470543,55.002978,On or near Weyhill Avenue,E01008484,North Tyneside 023C,Violence and sexual offences,Under investigation,
dd66779347ef23d96cba01df13679c1da8b667c8cf228a7987fd9db265406357,2015-12,Surrey Police,Northumbria Police,-1.472120,55.003110,On or near Wantage Avenue,E01008484,North Tyneside 023C,Violence and sexual offences,Awaiting court outcome,
82e7c6b35b438b503040a4dec59adc1cc60602a1f001999a0bedd94afaf8994d,2015-12,Surrey Police,Northumbria Police,-1.475766,55.002884,On or near Mindrum Terrace,E01008484,North Tyneside 023C,Violence and sexual offences,Under investigation,
87feafd3f85dc411bea1274e4e821e2242ec8a506d7d30c284f2fdb03ee5d722,2015-12,Surrey Police,Northumbria Police,-1.470543,55.002978,On or near Weyhill Avenue,E01008484,North Tyneside 023C,Violence and sexual offences,Under investigation,
4319a1c7a4830031a546ffc5c7ec79e5eeea4ce3899fa5fdbcb5dbab8b67f56c,2015-12,Surrey Police,Northumbria Police,-1.472120,55.003110,On or near Wantage Avenue,E01008484,North Tyneside 023C,Violence and sexual offences,Awaiting court outcome,
b96629370144c8ecb6d9346fb3b818cfc1bb7877c7851251eb6c25e56b6261e0,2015-12,Surrey Police,Northumbria Police,-1.475766,55.002884,On or near Mindrum Terrace,E01008484,North Tyneside 023C,Violence and sexual offences,Investigation complete; no suspect identified,
bd4b6cef73a32f96d3c1b447445ef81dc9c73151bcbe9808991d3d83c58cd173,2015-12,Surrey Police,Northumbria Police,-1.472549,55.004972,On or near Alnmouth Avenue,E01008484,North Tyneside 023C,Violence and sexual offences,Investigation complete; no suspect identified,
,2015-12,Surrey Police,Northumbria Police,-1.461762,55.003775,On or near Malton Crescent,E01008485,North Tyneside 023D,Anti-social behaviour,,
,2015-12,Surrey Police,Northumbria Police,-1.465906,55.003640,On or near Padstow Road,E01008485,North Tyneside 023D,Anti-social behaviour,,
,2015-12,Surrey Police,Northumbria Police,-1.463508,55.002947,On or near Avon Avenue,E01008485,North Tyneside 023D,Anti-social behaviour,,
,2015-12,Surrey Police,Northumbria Police,-1.465906,55.003640,On or near Padstow Road,E01008485,North Tyneside 023D,Anti-social behaviour,,
,2015-12,Surrey Police,Northumbria Police,-1.465906,55.003640,On or near Padstow Road,E01008485,North Tyneside 023D,Anti-social behaviour,,
,2015-12,Surrey Police,Northumbria Police,-1.465906,55.003640,On or near Padstow Road,E01008485,North Tyneside 023D,Anti-social behaviour,,
,2015-12,Surrey Police,Northumbria Police,-1.461762,55.003775,On or near Malton Crescent,E01008485,North Tyneside 023D,Anti-social behaviour,,
,2015-12,Surrey Police,Northumbria Police,-1.465906,55.003640,On or near Padstow Road,E01008485,North Tyneside 023D,Anti-social behaviour,,
,2015-12,Surrey Police,Northumbria Police,-1.462582,55.006717,On or near Newlyn Crescent,E01008485,North Tyneside 023D,Anti-social behaviour,,
,2015-12,Surrey Police,Northumbria Police,-1.464017,55.005816,On or near Richmond Grove,E01008485,North Tyneside 023D,Anti-social behaviour,,
1212fa368390d09582f32637e6fbcd860281a532a7b6db80f9ccc36786c9e5a6,2015-12,Surrey Police,Northumbria Police,-1.465906,55.003640,On or near Padstow Road,E01008485,North Tyneside 023D,Criminal damage and arson,Investigation complete; no suspect identified,
623cfbf46c29d08dfdd4b66cdf6a50a85452c6f18d2fbedaf0195bb8d2beec11,2015-12,Surrey Police,Northumbria Police,-1.465906,55.003640,On or near Padstow Road,E01008485,North Tyneside 023D,Criminal damage and arson,Investigation complete; no suspect identified,
f2017f81750c9e4b4cad95f37f859834bf7356c1cfbd23ac1477067ecc4b0f09,2015-12,Surrey Police,Northumbria Police,-1.463716,55.004934,On or near Didcot Avenue,E01008485,North Tyneside 023D,Criminal damage and arson,Investigation complete; no suspect identified,
50287deaa6c78f94dec4d291543669527b65fe0e13dbd44870d7c1c4af1f3826,2015-12,Surrey Police,Northumbria Police,-1.461762,55.003775,On or near Malton Crescent,E01008485,North Tyneside 023D,Criminal damage and arson,Investigation complete; no suspect identified,
7d591ab88845328ff6d954bb14fabbc1694ebe0da2d503f5429b3396a556bd76,2015-12,Surrey Police,Northumbria Police,-1.455715,55.007001,On or near Collingwood View,E01008485,North Tyneside 023D,Robbery,Investigation complete; no suspect identified,
66747f916f7434f530d7018b408539e4fa7426bd9796cf804867521caeb1307d,2015-12,Surrey Police,Northumbria Police,-1.461762,55.003775,On or near Malton Crescent,E01008485,North Tyneside 023D,Violence and sexual offences,Awaiting court outcome,
1147efa64cc9b2ef3d21cfa2e1d6adb3de34fd95e6983a33c850578b8bf4e6c6,2015-12,Surrey Police,Northumbria Police,-1.463716,55.004934,On or near Didcot Avenue,E01008485,North Tyneside 023D,Violence and sexual offences,Under investigation,
671b6bd05fe5d11dc3b155953754b6d747dd29c6ab195568c1ff616bd46117fd,2015-12,Surrey Police,Northumbria Police,-1.455715,55.007001,On or near Collingwood View,E01008485,North Tyneside 023D,Violence and sexual offences,Investigation complete; no suspect identified,
059f410530456297a649d3a8badb70e802478348b7a34b5981aa297bb082853f,2015-12,Surrey Police,Northumbria Police,-1.463716,55.004934,On or near Didcot Avenue,E01008485,North Tyneside 023D,Violence and sexual offences,Investigation complete; no suspect identified,
98291cb31f4614076a4f61ebd0244cc09a98e2e71eb13ffb9136682c351c4926,2015-12,Surrey Police,Northumbria Police,-1.461762,55.003775,On or near Malton Crescent,E01008485,North Tyneside 023D,Violence and sexual offences,Awaiting court outcome,
5ac15c349b58614fe71a5d0d8565f5cbdf8d32fe8fe2b7774cdeca9253a84659,2015-12,Surrey Police,Northumbria Police,-1.461762,55.003775,On or near Malton Crescent,E01008485,North Tyneside 023D,Violence and sexual offences,Under investigation,
,2015-12,Surrey Police,Northumbria Police,-1.474400,55.010489,On or near Balkwell Avenue,E01008492,North Tyneside 023E,Anti-social behaviour,,
,2015-12,Surrey Police,Northumbria Police,-1.474400,55.010489,On or near Balkwell Avenue,E01008492,North Tyneside 023E,Anti-social behaviour,,
,2015-12,Surrey Police,Northumbria Police,-1.474400,55.010489,On or near Balkwell Avenue,E01008492,North Tyneside 023E,Anti-social behaviour,,
,2015-12,Surrey Police,Northumbria Police,-1.474400,55.010489,On or near Balkwell Avenue,E01008492,North Tyneside 023E,Anti-social behaviour,,
893bc7ae35085ca80eaf3612a2ba4f71eae298b7e01884be1801c81887d2b04d,2015-12,Surrey Police,Northumbria Police,-1.474400,55.010489,On or near Balkwell Avenue,E01008492,North Tyneside 023E,Burglary,Under investigation,
a07283ea18dc4dc53cbefc74fd84fa2d06b3f09001af3155e4e73c4505af7d45,2015-12,Surrey Police,Northumbria Police,-1.478116,55.012114,On or near Humshaugh Road,E01008492,North Tyneside 023E,Criminal damage and arson,Investigation complete; no suspect identified,
9d31eabf0a6d117e9556b3bbd2f9be0ccc3c6c987aab86993326ef03ec0d8612,2015-12,Surrey Police,Northumbria Police,-1.474400,55.010489,On or near Balkwell Avenue,E01008492,North Tyneside 023E,Criminal damage and arson,Investigation complete; no suspect identified,
4ccaa41af62f0c4773b8ad5813bf492415c2fe3b8ee2d6d49f57d4bbb58beae7,2015-12,Surrey Police,Northumbria Police,-1.480187,55.010334,On or near Simonburn Avenue,E01008492,North Tyneside 023E,Criminal damage and arson,Investigation complete; no suspect identified,
22206129c13e7291e447d0af755955640f86008500486106771a1993728b6691,2015-12,Surrey Police,Northumbria Police,-1.473250,55.013557,On or near Juliet Avenue,E01008492,North Tyneside 023E,Criminal damage and arson,Investigation complete; no suspect identified,
7d3645a4a4cc7c598481de783f13d2b97699adec3235bde3426edb085483d00f,2015-12,Surrey Police,Northumbria Police,-1.476911,55.010994,On or near Redesdale Grove,E01008492,North Tyneside 023E,Other theft,Under investigation,
61b3331b41923a2f69fca0ee4bfd05f1e91c1e41a3094ec122cdd3ae067550f1,2015-12,Surrey Police,Northumbria Police,-1.477292,55.011715,On or near Redesdale Road,E01008492,North Tyneside 023E,Other theft,Investigation complete; no suspect identified,
fbbec6d3e6657dee3573f6a6349c428447265a37a423c1540c753cb71afa34f9,2015-12,Surrey Police,Northumbria Police,-1.480187,55.010334,On or near Simonburn Avenue,E01008492,North Tyneside 023E,Other theft,Investigation complete; no suspect identified,
af6b3199dc6fbd60cf0a54f688532aa8e45d1eb44cccff46fe23e4ed5096a421,2015-12,Surrey Police,Northumbria Police,-1.474400,55.010489,On or near Balkwell Avenue,E01008492,North Tyneside 023E,Other theft,Investigation complete; no suspect identified,
27cc90c88ee99f907fcec5debb24c1bf1e80b1d3108cab2cf3b4097dae0906b9,2015-12,Surrey Police,Northumbria Police,-1.474400,55.010489,On or near Balkwell Avenue,E01008492,North Tyneside 023E,Other theft,Investigation complete; no suspect identified,
b2d25a5b3d0e21bb124dc38e9eb25225ec32bdca2dd4c9fdbbe6b896f22c90d4,2015-12,Surrey Police,Northumbria Police,-1.479212,55.008353,On or near Verne Road,E01008492,North Tyneside 023E,Possession of weapons,Offender given community sentence,
2393e6121eb6d7492f74b7b7f7a8beb4ba1abd4f54c8f6986418aa093bc352cf,2015-12,Surrey Police,Northumbria Police,-1.476911,55.010994,On or near Redesdale Grove,E01008492,North Tyneside 023E,Possession of weapons,Awaiting court outcome,
7fb930195f968b11564ffe00945ea3f9a196f6866af29f4f456536a652ee9668,2015-12,Surrey Police,Northumbria Police,-1.472753,55.010850,On or near Glendower Avenue,E01008492,North Tyneside 023E,Public order,Under investigation,
8c7e8a4dbc2082d830d7fa7f5cfff4185c0c9ed935ab124ffc26562910e9ac3a,2015-12,Surrey Police,Northumbria Police,-1.474708,55.012018,On or near Bardolph Road,E01008492,North Tyneside 023E,Vehicle crime,Investigation complete; no suspect identified,
e71f7549f926cecba6519bc2ef563edb15fa19e04ebda6688c73ce435a0ca20f,2015-12,Surrey Police,Northumbria Police,-1.474400,55.010489,On or near Balkwell Avenue,E01008492,North Tyneside 023E,Vehicle crime,Investigation complete; no suspect identified,
c42968e9ee35ad9cd794405af05837853eea242edd87d576be71ac572010083a,2015-12,Surrey Police,Northumbria Police,-1.473171,55.012407,On or near Falstaff Road,E01008492,North Tyneside 023E,Violence and sexual offences,Investigation complete; no suspect identified,
b7faddc83b0393b66dced949c003cab3ea27bb645f6a8cbb3deac5805b7590c1,2015-12,Surrey Police,Northumbria Police,-1.478919,55.011713,On or near Fawdon Place,E01008492,North Tyneside 023E,Violence and sexual offences,Investigation complete; no suspect identified,
9b079f7a3058de62a87e0ec263b5cedc5c5d7b27fc4864e5907b1ffc2b256957,2015-12,Surrey Police,Northumbria Police,-1.477292,55.011715,On or near Redesdale Road,E01008492,North Tyneside 023E,Violence and sexual offences,Investigation complete; no suspect identified,
7efee77dddedebffc36d4ead2a617939441c0e5f638dd575ba4412cffa4a6f80,2015-12,Surrey Police,Northumbria Police,-1.476911,55.010994,On or near Redesdale Grove,E01008492,North Tyneside 023E,Violence and sexual offences,Under investigation,
,2015-12,Surrey Police,Northumbria Police,-1.516600,55.008130,On or near Tree Top Mews,E01008462,North Tyneside 024A,Anti-social behaviour,,
,2015-12,Surrey Police,Northumbria Police,-1.515714,55.006392,On or near Belmont Close,E01008462,North Tyneside 024A,Anti-social behaviour,,
,2015-12,Surrey Police,Northumbria Police,-1.520121,55.007838,On or near Bexley Gardens,E01008462,North Tyneside 024A,Anti-social behaviour,,
,2015-12,Surrey Police,Northumbria Police,-1.522720,55.004964,On or near Bellingham Close,E01008462,North Tyneside 024A,Anti-social behaviour,,
208eca8daefacbc598d3f2c01c803805764c4e4b059756283a8787e997b9074a,2015-12,Surrey Police,Northumbria Police,-1.516600,55.008130,On or near Tree Top Mews,E01008462,North Tyneside 024A,Criminal damage and arson,Under investigation,
aed40d80a833773c46d41ed06326051d948bcbe7b0e57f760ccb50f325c8ab54,2015-12,Surrey Police,Northumbria Police,-1.520121,55.007838,On or near Bexley Gardens,E01008462,North Tyneside 024A,Criminal damage and arson,Under investigation,
1dd684d9f2ea02b7a224c6984674c1bd6ec15cfb6df25d49a4d74acf4e6a4505,2015-12,Surrey Police,Northumbria Police,-1.522720,55.004964,On or near Bellingham Close,E01008462,North Tyneside 024A,Criminal damage and arson,Investigation complete; no suspect identified,
e47e878d1517f181fa38138026db88f3bd17ef3794d03e85c39a026f595f7a22,2015-12,Surrey Police,Northumbria Police,-1.520121,55.007838,On or near Bexley Gardens,E01008462,North Tyneside 024A,Criminal damage and arson,Investigation complete; no suspect identified,
18b2d21d394da571407ab43cfcc33a034fbdb3aa54c24afd4f02cc4d97db7a9f,2015-12,Surrey Police,Northumbria Police,-1.520915,55.008156,On or near Banbury Gardens,E01008462,North Tyneside 024A,Violence and sexual offences,Offender fined,
,2015-12,Surrey Police,Northumbria Police,-1.525804,55.005937,On or near Belper Close,E01008463,North Tyneside 024B,Anti-social behaviour,,
,2015-12,Surrey Police,Northumbria Police,-1.519137,55.007771,On or near Bromley Gardens,E01008463,North Tyneside 024B,Anti-social behaviour,,
5d981c7e25debfd4bf9bc2189ae6964ef220df990efc26a51c19aeb5f31fb0d1,2015-12,Surrey Police,Northumbria Police,-1.514170,55.008641,On or near Barr Close,E01008463,North Tyneside 024B,Bicycle theft,Investigation complete; no suspect identified,
df7d994e1c6ad35953e60cb4f99a4916287f3b87b603d4e7c192239e7777e19b,2015-12,Surrey Police,Northumbria Police,-1.514170,55.008641,On or near Barr Close,E01008463,North Tyneside 024B,Bicycle theft,Investigation complete; no suspect identified,
64bcb3e260fd88a20a8fadaeef7f36493d42c92eab7536d76d90ed50322c039d,2015-12,Surrey Police,Northumbria Police,-1.525804,55.005937,On or near Belper Close,E01008463,North Tyneside 024B,Criminal damage and arson,Investigation complete; no suspect identified,
b037bbaa8f8eb3987e741bde1bf93e9df7e26f16fe6da0136b2c74d44a0776d5,2015-12,Surrey Police,Northumbria Police,-1.524808,55.008216,On or near Barnstaple Close,E01008463,North Tyneside 024B,Criminal damage and arson,Investigation complete; no suspect identified,
08a358e8e6992a00dab48cc79bfedbb94da59a556e68e1933b6e2d66f535a86e,2015-12,Surrey Police,Northumbria Police,-1.518533,55.011247,On or near Ascot Close,E01008463,North Tyneside 024B,Criminal damage and arson,Offender sent to prison,
1794efc6c3fa24fa1a6ceedbff5cdfdef2c46822093fad36049cbf667923a631,2015-12,Surrey Police,Northumbria Police,-1.514486,55.009658,On or near Bodmin Close,E01008463,North Tyneside 024B,Criminal damage and arson,Under investigation,
0a61c46f66b83657b8a4a9268d6684176c3ec92741f58649c1970dadbda0276e,2015-12,Surrey Police,Northumbria Police,-1.524808,55.008216,On or near Barnstaple Close,E01008463,North Tyneside 024B,Other theft,Investigation complete; no suspect identified,
b33c91e856761db8c8deb5719bd08594c09f6820406a4850ee1aa40f7fba0203,2015-12,Surrey Police,Northumbria Police,-1.518533,55.011247,On or near Ascot Close,E01008463,North Tyneside 024B,Public order,Investigation complete; no suspect identified,
5ab19e1c767a4675d49e16541eebc1d8d725540b530a03cbf33608febb81c54c,2015-12,Surrey Police,Northumbria Police,-1.523496,55.008058,On or near Barwell Close,E01008463,North Tyneside 024B,Public order,Under investigation,
7724bac88aff3145224a9f94dfb68ecdf66cb15bd57108f1329870ecee6dff5e,2015-12,Surrey Police,Northumbria Police,-1.525615,55.007392,On or near Beamish Close,E01008463,North Tyneside 024B,Violence and sexual offences,Investigation complete; no suspect identified,
a39fbbef9298a31ab12e9b92a9c4d30eb28150e308eaf377aab81385b42c805e,2015-12,Surrey Police,Northumbria Police,-1.519461,55.008168,On or near Buxton Close,E01008463,North Tyneside 024B,Violence and sexual offences,Under investigation,
,2015-12,Surrey Police,Northumbria Police,-1.534633,55.003599,On or near Allendale Avenue,E01008464,North Tyneside 024C,Anti-social behaviour,,
,2015-12,Surrey Police,Northumbria Police,-1.526506,55.006075,On or near Belsay Close,E01008464,North Tyneside 024C,Anti-social behaviour,,
950b3a6dd8a49a25f5b900c1abee36ca1e4f1bc388d5e75067f7b4efdc9c60df,2015-12,Surrey Police,Northumbria Police,-1.537075,55.004687,On or near Rose Gardens,E01008464,North Tyneside 024C,Public order,Under investigation,
fe808122fac06d47568d6e9d3a980142745acb0d72a1fde7c3cb21e6539813ff,2015-12,Surrey Police,Northumbria Police,-1.534378,55.005404,On or near Rae Avenue,E01008464,North Tyneside 024C,Public order,Awaiting court outcome,
1d6959d8c2fc4c4a0c9d5c69c4365f862286cf09cbf65690e85a3f90744b14cb,2015-12,Surrey Police,Northumbria Police,-1.537946,55.002399,On or near Hollings Crescent,E01008464,North Tyneside 024C,Violence and sexual offences,Investigation complete; no suspect identified,
,2015-12,Surrey Police,Northumbria Police,-1.531091,55.004331,On or near Ridsdale Close,E01008465,North Tyneside 024D,Anti-social behaviour,,
2f15de6de1214a52eec0dc078ff1af26d930895714888f33ab9819d26d0836c7,2015-12,Surrey Police,Northumbria Police,-1.538548,55.001727,On or near Collingwood Avenue,E01008465,North Tyneside 024D,Criminal damage and arson,Investigation complete; no suspect identified,
3258231c79e3f116896796481ff6365ce198d7ae8aea8d80813de546a2698888,2015-12,Surrey Police,Northumbria Police,-1.533133,55.002209,On or near Petrol Station,E01008465,North Tyneside 024D,Other theft,Under investigation,
c9cca3703355ba55e5553c0798a18ea1567e61cd3ef94b0ac1c2135e19a060b1,2015-12,Surrey Police,Northumbria Police,-1.538457,55.001421,On or near Malton Gardens,E01008465,North Tyneside 024D,Vehicle crime,Investigation complete; no suspect identified,
296c1154e37f5c5a1d8d292e7c769154ce0ae4c533c87ceff92d5c3baf6b7cab,2015-12,Surrey Police,Northumbria Police,-1.538457,55.001421,On or near Malton Gardens,E01008465,North Tyneside 024D,Vehicle crime,Investigation complete; no suspect identified,
bb5637d1dffa84a65c86e560a78252be66cb263915b52d2bef21fd121c690bbd,2015-12,Surrey Police,Northumbria Police,-1.538457,55.001421,On or near Malton Gardens,E01008465,North Tyneside 024D,Vehicle crime,Investigation complete; no suspect identified,
a1b757a93ad47c66e145585e593e4d9ecb996f939c3096808ebd73424c0620bd,2015-12,Surrey Police,Northumbria Police,-1.538548,55.001727,On or near Collingwood Avenue,E01008465,North Tyneside 024D,Violence and sexual offences,Under investigation,
,2015-12,Surrey Police,Northumbria Police,-1.555092,55.005536,On or near Rosedale,E01008531,North Tyneside 025A,Anti-social behaviour,,
,2015-12,Surrey Police,Northumbria Police,-1.548022,55.004413,On or near Brooksmead,E01008532,North Tyneside 025B,Anti-social behaviour,,
,2015-12,Surrey Police,Northumbria Police,-1.548022,55.004413,On or near Brooksmead,E01008532,North Tyneside 025B,Anti-social behaviour,,
68adf0b058a8168d116754dbe0715a93eef036cfc2f8d09a7165ba7afdafb437,2015-12,Surrey Police,Northumbria Police,-1.548022,55.004413,On or near Brooksmead,E01008532,North Tyneside 025B,Criminal damage and arson,Investigation complete; no suspect identified,
78c1b406211487ab1661e7cbad881d93f63d03fc0727d6956b9a5646bef6edf9,2015-12,Surrey Police,Northumbria Police,-1.548022,55.004413,On or near Brooksmead,E01008532,North Tyneside 025B,Criminal damage and arson,Investigation complete; no suspect identified,
5cf68b62f54139cf060415f6ff1fabcadfdbe86adf504497dcae354b69a7a06a,2015-12,Surrey Police,Northumbria Police,-1.548022,55.004413,On or near Brooksmead,E01008532,North Tyneside 025B,Criminal damage and arson,Investigation complete; no suspect identified,
0f78231f00966e2982a7b6dd173ac4b9623885a18b2ab221a84b9be9c9315803,2015-12,Surrey Police,Northumbria Police,-1.549078,55.002261,On or near Cross Avenue,E01008532,North Tyneside 025B,Criminal damage and arson,Investigation complete; no suspect identified,
4f9f50830b8a48433480ae5efbdcebe48d67712c617914b47636a23f6ccc31a6,2015-12,Surrey Police,Northumbria Police,-1.544751,55.003377,On or near Sherwood View,E01008532,North Tyneside 025B,Other theft,Investigation complete; no suspect identified,
2e5be65bce5afd27e71d2703b2f88d4ae5dd470e44fadfb9d60279feca9bac85,2015-12,Surrey Police,Northumbria Police,-1.544570,55.004122,On or near Conway Gardens,E01008532,North Tyneside 025B,Other theft,Under investigation,
38c5868f91e5b13e7101440bb4da72566402afbb58d2f3b8e0fb878a6ad5021c,2015-12,Surrey Police,Northumbria Police,-1.548148,55.002994,On or near Bigges Gardens,E01008532,North Tyneside 025B,Public order,Investigation complete; no suspect identified,
78af9511c0c18cd11b2ffd085d60ae45eccbf5ee870e41f9058e92710f67eb00,2015-12,Surrey Police,Northumbria Police,-1.550722,55.000649,On or near Springfield Gardens,E01008532,North Tyneside 025B,Vehicle crime,Investigation complete; no suspect identified,
9e0c4cfd0a6666ddd27d25ca39b97f2345d0d7717baf7e3e01205df3e48373d7,2015-12,Surrey Police,Northumbria Police,-1.549843,55.002362,On or near Westburn Gardens,E01008532,North Tyneside 025B,Vehicle crime,Investigation complete; no suspect identified,
4948ddc65476141cb07d34d180be48b38548068849bae2eb18fd625069b3e05b,2015-12,Surrey Police,Northumbria Police,-1.545807,55.006733,On or near Exeter Road,E01008532,North Tyneside 025B,Violence and sexual offences,Under investigation,
c50c9da9824e4907a981d48af8efbebad8c74a84cc44e4b8e5fe5a3fd545f2fb,2015-12,Surrey Police,Northumbria Police,-1.550722,55.000649,On or near Springfield Gardens,E01008532,North Tyneside 025B,Violence and sexual offences,Under investigation,
,2015-12,Surrey Police,Northumbria Police,-1.555237,54.999524,On or near Windsor Park,E01008534,North Tyneside 025C,Anti-social behaviour,,
e2be97c4522d20a58c17d749f92d7ae14f2978abe6730c6c219c1a95c3ad5146,2015-12,Surrey Police,Northumbria Police,-1.553437,54.999752,On or near Worthing Close,E01008534,North Tyneside 025C,Burglary,Investigation complete; no suspect identified,
3a78c55ae83bdd62162ebf1a77306e1f8d310e3b3ba921382c7bc77c9129d66f,2015-12,Surrey Police,Northumbria Police,-1.548122,54.999678,On or near Wiltshire Gardens,E01008534,North Tyneside 025C,Criminal damage and arson,Investigation complete; no suspect identified,
f8a41008e5e2dd5d3bc649a8fbf4d7f63a1dec01134ccb8c93d931b88d1f8ea3,2015-12,Surrey Police,Northumbria Police,-1.548122,54.999678,On or near Wiltshire Gardens,E01008534,North Tyneside 025C,Criminal damage and arson,Investigation complete; no suspect identified,
c93fd4a0941a8516201f58c58345a7c7baca3de06d1a8e9d30e69dfb994913eb,2015-12,Surrey Police,Northumbria Police,-1.548122,54.999678,On or near Wiltshire Gardens,E01008534,North Tyneside 025C,Drugs,Investigation complete; no suspect identified,
b820dbc26d5be2ab1c1b8a1a15597201a58923a3c72694e57d01426a0fcea016,2015-12,Surrey Police,Northumbria Police,-1.552810,55.001277,On or near Worsley Close,E01008534,North Tyneside 025C,Other theft,Investigation complete; no suspect identified,
4411df5a044bdb6892274182312d73b3eb71d8c4cc10ce3821259191ad6665de,2015-12,Surrey Police,Northumbria Police,-1.551460,54.998935,On or near Waltham Close,E01008534,North Tyneside 025C,Vehicle crime,Investigation complete; no suspect identified,
,2015-12,Surrey Police,Northumbria Police,-1.495202,55.005104,On or near Kendal Gardens,E01008508,North Tyneside 026A,Anti-social behaviour,,
,2015-12,Surrey Police,Northumbria Police,-1.495591,55.002707,On or near Kelso Gardens,E01008508,North Tyneside 026A,Anti-social behaviour,,
,2015-12,Surrey Police,Northumbria Police,-1.495202,55.005104,On or near Kendal Gardens,E01008508,North Tyneside 026A,Anti-social behaviour,,
6339ba72d0a5b4cf7f8ba20c1ce1cf276775db6f3253bc69bebe7f5c3af64b11,2015-12,Surrey Police,Northumbria Police,-1.494723,55.002155,On or near Monmouth Gardens,E01008508,North Tyneside 026A,Criminal damage and arson,Investigation complete; no suspect identified,
199dbbe9b2728da993e432428336624d20cb629e725d3b18dcda744d09a79860,2015-12,Surrey Police,Northumbria Police,-1.499273,55.002039,On or near Windsor Close,E01008508,North Tyneside 026A,Other theft,Investigation complete; no suspect identified,
504b242990999f078dafc8d7cd6cbf494c788c7694a963b04b703737fdb7708d,2015-12,Surrey Police,Northumbria Police,-1.491787,55.001882,On or near Ridley Avenue,E01008508,North Tyneside 026A,Violence and sexual offences,Investigation complete; no suspect identified,
d9d3539a7bf1b82f314292bb0583137fd03dbd53351685c73f4838371ea18080,2015-12,Surrey Police,Northumbria Police,-1.491787,55.001882,On or near Ridley Avenue,E01008508,North Tyneside 026A,Violence and sexual offences,Awaiting court outcome,
,2015-12,Surrey Police,Northumbria Police,-1.504162,55.003676,On or near Purley Close,E01008509,North Tyneside 026B,Anti-social behaviour,,
,2015-12,Surrey Police,Northumbria Police,-1.504162,55.003676,On or near Purley Close,E01008509,North Tyneside 026B,Anti-social behaviour,,
,2015-12,Surrey Police,Northumbria Police,-1.509128,55.002888,On or near Octavia Court,E01008509,North Tyneside 026B,Anti-social behaviour,,
8b4ee845f2608181fe1562159a01a3cc8e836e60e813768faa683d62a224bc87,2015-12,Surrey Police,Northumbria Police,-1.500786,55.003636,On or near Sandown Court,E01008509,North Tyneside 026B,Criminal damage and arson,Investigation complete; no suspect identified,
0a45b690a65f7eb743feb20d2ef87987dbfaeb7c71a62d6686bf23380bb647cb,2015-12,Surrey Police,Northumbria Police,-1.502567,55.003697,On or near Perth Close,E01008509,North Tyneside 026B,Criminal damage and arson,Investigation complete; no suspect identified,
a5398c67b5b9187be192c5aa79e6035c5881b0235aee620f672252af9d91be13,2015-12,Surrey Police,Northumbria Police,-1.503229,55.003295,On or near Perth Gardens,E01008509,North Tyneside 026B,Other theft,Investigation complete; no suspect identified,
4fa2ef466738cd50ea825e44af11cc9a05ca00613bb3c19ac640ad3e1a673e82,2015-12,Surrey Police,Northumbria Police,-1.500767,55.003878,On or near Sandown Gardens,E01008509,North Tyneside 026B,Violence and sexual offences,Investigation complete; no suspect identified,
0e6d780a486fb0c44057af002d71649a3d6c2631e8075a8bde3a3388f0af3215,2015-12,Surrey Police,Northumbria Police,-1.506363,55.001367,On or near Simonside Avenue,E01008509,North Tyneside 026B,Violence and sexual offences,Under investigation,
9ec5ef85611a8e668db71f7bf076cc389bc3427cff7527e4a9cb664fcac5334b,2015-12,Surrey Police,Northumbria Police,-1.507187,55.003024,On or near Engine Inn Road,E01008509,North Tyneside 026B,Violence and sexual offences,Under investigation,
,2015-12,Surrey Police,Northumbria Police,-1.496431,55.000562,On or near Denbigh Avenue,E01008510,North Tyneside 026C,Anti-social behaviour,,
,2015-12,Surrey Police,Northumbria Police,-1.494801,54.999648,On or near Caroline Gardens,E01008510,North Tyneside 026C,Anti-social behaviour,,
,2015-12,Surrey Police,Northumbria Police,-1.494801,54.999648,On or near Caroline Gardens,E01008510,North Tyneside 026C,Anti-social behaviour,,
,2015-12,Surrey Police,Northumbria Police,-1.496431,55.000562,On or near Denbigh Avenue,E01008510,North Tyneside 026C,Anti-social behaviour,,
,2015-12,Surrey Police,Northumbria Police,-1.488778,54.998778,On or near Tynemouth Road,E01008510,North Tyneside 026C,Anti-social behaviour,,
,2015-12,Surrey Police,Northumbria Police,-1.497119,54.999262,On or near Grosvenor Gardens,E01008510,North Tyneside 026C,Anti-social behaviour,,
,2015-12,Surrey Police,Northumbria Police,-1.494801,54.999648,On or near Caroline Gardens,E01008510,North Tyneside 026C,Anti-social behaviour,,
,2015-12,Surrey Police,Northumbria Police,-1.496431,55.000562,On or near Denbigh Avenue,E01008510,North Tyneside 026C,Anti-social behaviour,,
,2015-12,Surrey Police,Northumbria Police,-1.499117,54.998309,On or near Coldstream Gardens,E01008510,North Tyneside 026C,Anti-social behaviour,,
,2015-12,Surrey Police,Northumbria Police,-1.494801,54.999648,On or near Caroline Gardens,E01008510,North Tyneside 026C,Anti-social behaviour,,
2ab582d42ee669dd941611f3ddde3659c0dd676d36a872d88bec7c828a57a33d,2015-12,Surrey Police,Northumbria Police,-1.496618,54.998128,On or near Edwin Grove,E01008510,North Tyneside 026C,Criminal damage and arson,Awaiting court outcome,
d5896d4b315574357988d02f3dd6f1f2a4ab41ea0a21fdbf11572b4b4cd7ac77,2015-12,Surrey Police,Northumbria Police,-1.498568,55.000922,On or near Amberley Close,E01008510,North Tyneside 026C,Criminal damage and arson,Under investigation,
c418d452767c5314270dc0aa707500e56298c68d57432c147a4102c3fb084eb0,2015-12,Surrey Police,Northumbria Police,-1.494409,54.998523,On or near Supermarket,E01008510,North Tyneside 026C,Shoplifting,Investigation complete; no suspect identified,
4edef21614b7e36cf2f145c94778c3d15fcd5c8fa2d708b37e49ed74ebd2c214,2015-12,Surrey Police,Northumbria Police,-1.494409,54.998523,On or near Supermarket,E01008510,North Tyneside 026C,Shoplifting,Offender fined,
afc2bd3fbe5e872f8cde93e2f5826a47213cbf17a306be1c42edf9420785bd85,2015-12,Surrey Police,Northumbria Police,-1.494409,54.998523,On or near Supermarket,E01008510,North Tyneside 026C,Shoplifting,Offender sent to prison,
03d2136baef87cfc32e85869d5dace69ecf936c2c454eb9dc879b72ea5811e9c,2015-12,Surrey Police,Northumbria Police,-1.491940,54.999672,On or near St Julien Gardens,E01008510,North Tyneside 026C,Violence and sexual offences,Under investigation,
694e45cf9a7b0319139f8bc7eb93ae29c10f6fcabc614fb168f28369d943a3b6,2015-12,Surrey Police,Northumbria Police,-1.496618,54.998128,On or near Edwin Grove,E01008510,North Tyneside 026C,Violence and sexual offences,Awaiting court outcome,
,2015-12,Surrey Police,Northumbria Police,-1.499929,55.004657,On or near Derwent Gardens,E01008512,North Tyneside 026D,Anti-social behaviour,,
,2015-12,Surrey Police,Northumbria Police,-1.502066,55.006283,On or near Matfen Gardens,E01008512,North Tyneside 026D,Anti-social behaviour,,
,2015-12,Surrey Police,Northumbria Police,-1.505410,55.006467,On or near Beal Gardens,E01008512,North Tyneside 026D,Anti-social behaviour,,
e2885ea13b01e947dedf6f8492e66a61784922c30b1e4503f1e1cc4ec3ac6e61,2015-12,Surrey Police,Northumbria Police,-1.499929,55.004657,On or near Derwent Gardens,E01008512,North Tyneside 026D,Criminal damage and arson,Investigation complete; no suspect identified,
400d0a1793b50ec9a097e7e330c93d109b2cadcc863c75c08f109bf570b86780,2015-12,Surrey Police,Northumbria Police,-1.500985,55.007752,On or near Tiverton Close,E01008512,North Tyneside 026D,Drugs,Offender given a drugs possession warning,
62ce3a186dd7e83ef0c7acedc4b15c6359310f96ccfdbcca9b9b9e212f80df42,2015-12,Surrey Police,Northumbria Police,-1.499929,55.004657,On or near Derwent Gardens,E01008512,North Tyneside 026D,Other theft,Awaiting court outcome,
1f0dec9876bfd961854291d1609edd5bb9f47c198896556dc6796169683315e9,2015-12,Surrey Police,Northumbria Police,-1.497677,55.005950,On or near Langdale Gardens,E01008512,North Tyneside 026D,Violence and sexual offences,Under investigation,
d710e6bc3e4cf7c7fde63b9cbcf6769940879de861eefe32a190dfe63a3e3c6b,2015-12,Surrey Police,Northumbria Police,-1.498137,55.004155,On or near Appleby Gardens,E01008512,North Tyneside 026D,Violence and sexual offences,Offender given conditional discharge,
4f8b25ecab5bb7567d95d8cff0ed06c551a011016e5b09999f2633a429aeb72e,2015-12,Surrey Police,Northumbria Police,-1.496306,55.004282,On or near Brampton Gardens,E01008512,North Tyneside 026D,Violence and sexual offences,Under investigation,
2e7d1ab8d7d9098e8842f85c27d915a35655e639f1fe222767c48fcaf1673044,2015-12,Surrey Police,Northumbria Police,-1.498137,55.004155,On or near Appleby Gardens,E01008512,North Tyneside 026D,Violence and sexual offences,Under investigation,
e9f836d3e288929d1a3c3143c7b96617c1b08fc30ddd9c617a4e337fc2fab74b,2015-12,Surrey Police,Northumbria Police,-1.498137,55.004155,On or near Appleby Gardens,E01008512,North Tyneside 026D,Violence and sexual offences,Under investigation,
9c9c1377019bc7d3b7c8423c9d63da269610553e8431cbeec7652729144ff569,2015-12,Surrey Police,Northumbria Police,-1.505410,55.006467,On or near Beal Gardens,E01008512,North Tyneside 026D,Violence and sexual offences,Under investigation,
,2015-12,Surrey Police,Northumbria Police,-1.452119,54.993209,On or near Ferry Terminal,E01008539,North Tyneside 027A,Anti-social behaviour,,
ec45a65dc5a05a6686d4f57761c2426af4a45118bd79e336cc718069c5a03396,2015-12,Surrey Police,Northumbria Police,-1.452119,54.993209,On or near Ferry Terminal,E01008539,North Tyneside 027A,Drugs,Under investigation,
1d4d980064084c493034ac167f7212c698c065d9e9be2eb3947febb1499ca0e7,2015-12,Surrey Police,Northumbria Police,-1.452119,54.993209,On or near Ferry Terminal,E01008539,North Tyneside 027A,Violence and sexual offences,Investigation complete; no suspect identified,
,2015-12,Surrey Police,Northumbria Police,-1.477301,54.996591,On or near St Stephen'S Way,E01008540,North Tyneside 027B,Anti-social behaviour,,
,2015-12,Surrey Police,Northumbria Police,-1.476504,55.000236,On or near Kilburn Gardens,E01008540,North Tyneside 027B,Anti-social behaviour,,
,2015-12,Surrey Police,Northumbria Police,-1.476576,54.998286,On or near Percy Court,E01008540,North Tyneside 027B,Anti-social behaviour,,
a65522a061b4d0711eb5e886c2ebd981b3985889cc85b14aeed4b4d720932cc1,2015-12,Surrey Police,Northumbria Police,-1.476576,54.998286,On or near Percy Court,E01008540,North Tyneside 027B,Criminal damage and arson,Under investigation,
317cf1d1909784a3487b8c46dcb3ff29ef08fd960ca1f15ac8e06ed92aaf049f,2015-12,Surrey Police,Northumbria Police,-1.476504,55.000236,On or near Kilburn Gardens,E01008540,North Tyneside 027B,Criminal damage and arson,Investigation complete; no suspect identified,
d21ce37067dae9c7f9ec03cde86d5d32670e42be8f7dece669b860e10bf4b22c,2015-12,Surrey Police,Northumbria Police,-1.476504,55.000236,On or near Kilburn Gardens,E01008540,North Tyneside 027B,Criminal damage and arson,Investigation complete; no suspect identified,
6832bc964b2ee1afb9d6f291a69649508fe9118b6e76dd2eee97d0427abb7473,2015-12,Surrey Police,Northumbria Police,-1.475420,54.997041,On or near St Luke'S Road,E01008540,North Tyneside 027B,Criminal damage and arson,Investigation complete; no suspect identified,
81059b0bfe33bf260e505cc453078fa907b2c255f81dd065bf99f286744290bb,2015-12,Surrey Police,Northumbria Police,-1.477301,54.996591,On or near St Stephen'S Way,E01008540,North Tyneside 027B,Criminal damage and arson,Investigation complete; no suspect identified,
e3f35b3152592533c0efb3db54efb3972a98ca912f745cccc27e428c0548fa52,2015-12,Surrey Police,Northumbria Police,-1.475420,54.997041,On or near St Luke'S Road,E01008540,North Tyneside 027B,Criminal damage and arson,Awaiting court outcome,
a8472946adf0f19368e54ca6cb65fa3498fb6688dfd77c0f4bd5c1d9760b3641,2015-12,Surrey Police,Northumbria Police,-1.476504,55.000236,On or near Kilburn Gardens,E01008540,North Tyneside 027B,Drugs,Offender sent to prison,
7aafce075608c7d3980d857394fd0250c2faa9dca402a74e78eaf558dd695f6b,2015-12,Surrey Police,Northumbria Police,-1.481631,54.991766,On or near Barrasford Street,E01008540,North Tyneside 027B,Other theft,Under investigation,
e8237e17edc36e7e5d2dc4c94b251c3866586ae4e23e31ab48f27244e89a9b8f,2015-12,Surrey Police,Northumbria Police,-1.477301,54.996591,On or near St Stephen'S Way,E01008540,North Tyneside 027B,Other theft,Under investigation,
f1ddd0244cdbcfbc501057a4f0b6072e7030eddc11a34f36f490118abfeeccd8,2015-12,Surrey Police,Northumbria Police,-1.475420,54.997041,On or near St Luke'S Road,E01008540,North Tyneside 027B,Other theft,Under investigation,
4557d9564c783750566409ac050767b081cda997c4e11acffb41dcf634cc8dcd,2015-12,Surrey Police,Northumbria Police,-1.475420,54.997041,On or near St Luke'S Road,E01008540,North Tyneside 027B,Other theft,Under investigation,
221a881e6515899e88b1b90fe633663a8c1b47705050b1e92947aee437a4cea2,2015-12,Surrey Police,Northumbria Police,-1.476504,55.000236,On or near Kilburn Gardens,E01008540,North Tyneside 027B,Other theft,Investigation complete; no suspect identified,
ec94a17b546fd9558bb58e4649cb6f5853a26e17c109aaf654d905d04590c25c,2015-12,Surrey Police,Northumbria Police,-1.481631,54.991766,On or near Barrasford Street,E01008540,North Tyneside 027B,Other theft,Investigation complete; no suspect identified,
fceb49676f89c9e887cb4fa3e9237dbef5df3201c6ae731f1e87e40aa9d1da58,2015-12,Surrey Police,Northumbria Police,-1.476084,54.997628,On or near St John'S Street,E01008540,North Tyneside 027B,Other theft,Investigation complete; no suspect identified,
9ceb39a47145720b08cc12489e4a39e5e88e2cf5ab26d4034c5eb51382932898,2015-12,Surrey Police,Northumbria Police,-1.476504,55.000236,On or near Kilburn Gardens,E01008540,North Tyneside 027B,Public order,Investigation complete; no suspect identified,
1ee6cfe53d43955b935bf25a1e41cea0d0c3e602eb49c6f9b92e6c01a6dfb157,2015-12,Surrey Police,Northumbria Police,-1.482888,54.991223,On or near Meldon Street,E01008540,North Tyneside 027B,Public order,Investigation complete; no suspect identified,
687b33ab42aaff310efaedf543489475b2af4c702a4fe73fe1789de8e0ce02dc,2015-12,Surrey Police,Northumbria Police,-1.476084,54.997628,On or near St John'S Street,E01008540,North Tyneside 027B,Robbery,Investigation complete; no suspect identified,
98514253b3d0286fe25ce8cd49bc0b1b0f4deae2e9fbe63a611c7d4ba1d2a455,2015-12,Surrey Police,Northumbria Police,-1.482888,54.991223,On or near Meldon Street,E01008540,North Tyneside 027B,Shoplifting,Under investigation,
2b2825745a52e202e7045e95fa4b75658c0dd78623e2b24532b6696be266cd7d,2015-12,Surrey Police,Northumbria Police,-1.476084,54.997628,On or near St John'S Street,E01008540,North Tyneside 027B,Violence and sexual offences,Under investigation,
219bc82fbc90272bb765cc07fdca6897b31e81b7b359769ab07c48469ee8f70a,2015-12,Surrey Police,Northumbria Police,-1.477301,54.996591,On or near St Stephen'S Way,E01008540,North Tyneside 027B,Violence and sexual offences,Under investigation,
8eef12bc6a202d107daa7a71d391b18e9bd9431d017a87e3cf6eeb589c5f89e1,2015-12,Surrey Police,Northumbria Police,-1.474432,54.998492,On or near Burdon Street,E01008540,North Tyneside 027B,Violence and sexual offences,Offender given a caution,
5a005b02012e8af4bf8e7e4318a2fbe73c82ce24fa66dd44fe3e0ecbb4c97498,2015-12,Surrey Police,Northumbria Police,-1.476504,55.000236,On or near Kilburn Gardens,E01008540,North Tyneside 027B,Violence and sexual offences,Investigation complete; no suspect identified,
49f852a1c12880ea12c2b568634c25a14a6ed5018431c6b681e2dc8978706985,2015-12,Surrey Police,Northumbria Police,-1.481631,54.991766,On or near Barrasford Street,E01008540,North Tyneside 027B,Violence and sexual offences,Under investigation,
921f5ba44ada56ea7c8e53958754fdc8ac9e23c390def3456f78a1e9538fa3c7,2015-12,Surrey Police,Northumbria Police,-1.475420,54.997041,On or near St Luke'S Road,E01008540,North Tyneside 027B,Violence and sexual offences,Awaiting court outcome,
06ff84340951fd0465b8cd72e50441a0d3cc49bd84cb4327d4ff1a732c6cf3d2,2015-12,Surrey Police,Northumbria Police,-1.476576,54.998286,On or near Percy Court,E01008540,North Tyneside 027B,Violence and sexual offences,Under investigation,
62f092776d6eed0eef37bddf2f842a6cd0a2b6c839079214832af0efc26363bc,2015-12,Surrey Police,Northumbria Police,-1.476576,54.998286,On or near Percy Court,E01008540,North Tyneside 027B,Other crime,Offender given suspended prison sentence,
,2015-12,Surrey Police,Northumbria Police,-1.473645,54.998858,On or near Percy Crescent,E01008541,North Tyneside 027C,Anti-social behaviour,,
,2015-12,Surrey Police,Northumbria Police,-1.472225,55.002275,On or near Waterville Road,E01008541,North Tyneside 027C,Anti-social behaviour,,
,2015-12,Surrey Police,Northumbria Police,-1.465045,55.000195,On or near Clifton Gardens,E01008541,North Tyneside 027C,Anti-social behaviour,,
,2015-12,Surrey Police,Northumbria Police,-1.462716,54.996689,On or near Rotary Way,E01008541,North Tyneside 027C,Anti-social behaviour,,
33bf0ca67e3d32d08b48c44baa7a634e744d703e77c9ef76c200e3b4a1676597,2015-12,Surrey Police,Northumbria Police,-1.473810,54.998238,On or near Cockburn Terrace,E01008541,North Tyneside 027C,Drugs,Offender given a drugs possession warning,
21172ea3ebb44d473b2887b15e15e1fca3301bd2338a11c1dbc6abf1e5101597,2015-12,Surrey Police,Northumbria Police,-1.470459,54.998637,On or near St John'S Green,E01008541,North Tyneside 027C,Other theft,Investigation complete; no suspect identified,
0ca46f12f60553ac70c29b64072ae0e8758978c7bccf323439d245bad1b92b5d,2015-12,Surrey Police,Northumbria Police,-1.465503,55.002237,On or near Ripley Avenue,E01008541,North Tyneside 027C,Possession of weapons,Awaiting court outcome,
b3079483ba7117da43f2a8b0cc1959d712f374779c63869829824d975de82ecd,2015-12,Surrey Police,Northumbria Police,-1.472225,55.002275,On or near Waterville Road,E01008541,North Tyneside 027C,Public order,Under investigation,
e245ded911d81f578fe3d25daca745f8266c7bd14ffb34741907e67b6170e5c9,2015-12,Surrey Police,Northumbria Police,-1.465106,55.001552,On or near Pedestrian Subway,E01008541,North Tyneside 027C,Public order,Investigation complete; no suspect identified,
c3b8103c25d187f17e87197ecd6ca231c4cdae19e5771eee4d63bb52f31a30cf,2015-12,Surrey Police,Northumbria Police,-1.473645,54.998858,On or near Percy Crescent,E01008541,North Tyneside 027C,Public order,Under investigation,
378748980c90ccc5ca668d210571f371e645501ea2ea9875df74ea8b15a5d22e,2015-12,Surrey Police,Northumbria Police,-1.464360,54.995321,On or near Shopping Area,E01008541,North Tyneside 027C,Shoplifting,Offender fined,
d7ece60a63e32c9065c89b84d0a645981b12216edd05e8a428a75f3c3ee98a99,2015-12,Surrey Police,Northumbria Police,-1.471508,54.997312,On or near St John'S Terrace,E01008541,North Tyneside 027C,Vehicle crime,Investigation complete; no suspect identified,
eda285a648018cd353738a522840b79606fc78a554c161111fe71fc6ba544fc2,2015-12,Surrey Police,Northumbria Police,-1.465106,55.001552,On or near Pedestrian Subway,E01008541,North Tyneside 027C,Violence and sexual offences,Investigation complete; no suspect identified,
89e92295011dea3e644e2b9c21b72427b22141dd08b31bd31645eaf274a58dcf,2015-12,Surrey Police,Northumbria Police,-1.473645,54.998858,On or near Percy Crescent,E01008541,North Tyneside 027C,Violence and sexual offences,Investigation complete; no suspect identified,
1664bc645dd2835c2295b5689f3da5137a83f67d237a8dd02225dd6a3af92f13,2015-12,Surrey Police,Northumbria Police,-1.471508,54.997312,On or near St John'S Terrace,E01008541,North Tyneside 027C,Violence and sexual offences,Under investigation,
daa3afa1d468aace13afbc349a0fd77cdae5896ce4283c672c744829bf7ad660,2015-12,Surrey Police,Northumbria Police,-1.465503,55.002237,On or near Ripley Avenue,E01008541,North Tyneside 027C,Violence and sexual offences,Awaiting court outcome,
,2015-12,Surrey Police,Northumbria Police,-1.449227,55.006936,On or near William Street West,E01008544,North Tyneside 027D,Anti-social behaviour,,
,2015-12,Surrey Police,Northumbria Police,-1.452740,55.003852,On or near Upper Elsdon Street,E01008544,North Tyneside 027D,Anti-social behaviour,,
,2015-12,Surrey Police,Northumbria Police,-1.452895,55.005119,On or near Henry Street,E01008544,North Tyneside 027D,Anti-social behaviour,,
,2015-12,Surrey Police,Northumbria Police,-1.452560,55.003258,On or near Penman Street,E01008544,North Tyneside 027D,Anti-social behaviour,,
,2015-12,Surrey Police,Northumbria Police,-1.449575,55.005491,On or near Prudhoe Street Back,E01008544,North Tyneside 027D,Anti-social behaviour,,
,2015-12,Surrey Police,Northumbria Police,-1.448230,55.006671,On or near Borough Road,E01008544,North Tyneside 027D,Anti-social behaviour,,
,2015-12,Surrey Police,Northumbria Police,-1.451877,55.005250,On or near Vicarage Street,E01008544,North Tyneside 027D,Anti-social behaviour,,
,2015-12,Surrey Police,Northumbria Police,-1.451877,55.005250,On or near Vicarage Street,E01008544,North Tyneside 027D,Anti-social behaviour,,
,2015-12,Surrey Police,Northumbria Police,-1.452116,55.003768,On or near Seymour Street,E01008544,North Tyneside 027D,Anti-social behaviour,,
,2015-12,Surrey Police,Northumbria Police,-1.452560,55.003258,On or near Penman Street,E01008544,North Tyneside 027D,Anti-social behaviour,,
30b6b8963030604dd5416ec6be89a087c8dd751cfa91d10a82a25444d252c029,2015-12,Surrey Police,Northumbria Police,-1.447569,55.004673,On or near Addison Street,E01008544,North Tyneside 027D,Burglary,Under investigation,
81e27dcd8fe7a27c6809c1cf01f98db98325acc449083650cca74f16493ef44c,2015-12,Surrey Police,Northumbria Police,-1.450916,55.005722,On or near Coach Lane,E01008544,North Tyneside 027D,Criminal damage and arson,Investigation complete; no suspect identified,
7f6e9fefdda9276bda8e22326b9c6c095a4fcc19ec07d58ccd9b05d7351fcc7e,2015-12,Surrey Police,Northumbria Police,-1.450019,55.007299,On or near Waterville Terrace,E01008544,North Tyneside 027D,Criminal damage and arson,Investigation complete; no suspect identified,
3582584774699428e727c5b07d98ecfabad61a34edff7c01910551b8ac4f0a29,2015-12,Surrey Police,Northumbria Police,-1.449322,55.005696,On or near Spencer Street,E01008544,North Tyneside 027D,Other theft,Under investigation,
0a006817fd30ad6d8bfae90562bf4f7aa30969e7c0583ca50dfbd7fc00ad39e2,2015-12,Surrey Police,Northumbria Police,-1.450019,55.007299,On or near Waterville Terrace,E01008544,North Tyneside 027D,Other theft,Investigation complete; no suspect identified,
aa2851311eed81fdf899dfd76fdc5e203b17b4223b3c982853a4c4bc4c3ebb65,2015-12,Surrey Police,Northumbria Police,-1.452560,55.003258,On or near Penman Street,E01008544,North Tyneside 027D,Violence and sexual offences,Awaiting court outcome,
1086fcf13347f0ed65ce21e27fe242f2d37aa0a84b3872019f66e93efd3c43c7,2015-12,Surrey Police,Northumbria Police,-1.452116,55.003768,On or near Seymour Street,E01008544,North Tyneside 027D,Violence and sexual offences,Under investigation,
b7b7db10dc68b60e87b92e056c2938c3da9b5f8e443e6ed59f0295fa727f1f11,2015-12,Surrey Police,Northumbria Police,-1.447569,55.004673,On or near Addison Street,E01008544,North Tyneside 027D,Violence and sexual offences,Investigation complete; no suspect identified,
7717fe992d1613d7cdd0910b723ab9916ca00e2233d67077d568cf44f0b69d05,2015-12,Surrey Police,Northumbria Police,-1.448746,55.005550,On or near Prudhoe Street,E01008544,North Tyneside 027D,Violence and sexual offences,Under investigation,
57b580d9641dc5f346636b6eb39dd645942fa74a604fbcb85ff891af6b451a25,2015-12,Surrey Police,Northumbria Police,-1.449536,55.006057,On or near Stanley Street West,E01008544,North Tyneside 027D,Violence and sexual offences,Under investigation,
cb5d4a580d658128689d04a108fac569efbfe06310ed9ec7f367fb3a7e504080,2015-12,Surrey Police,Northumbria Police,-1.452116,55.003768,On or near Seymour Street,E01008544,North Tyneside 027D,Violence and sexual offences,Under investigation,
69d15fded8cbbbbb7bd0a141e9b342e2982ffc3393829897f1ac3ed9131c8880,2015-12,Surrey Police,Northumbria Police,-1.449536,55.006057,On or near Stanley Street West,E01008544,North Tyneside 027D,Other crime,Investigation complete; no suspect identified,
,2015-12,Surrey Police,Northumbria Police,-1.450084,55.004828,On or near Coach Lane,E01008545,North Tyneside 027E,Anti-social behaviour,,
,2015-12,Surrey Police,Northumbria Police,-1.458105,55.000137,On or near Pedestrian Subway,E01008545,North Tyneside 027E,Anti-social behaviour,,
,2015-12,Surrey Police,Northumbria Police,-1.459245,55.002578,On or near Epsom Close,E01008545,North Tyneside 027E,Anti-social behaviour,,
,2015-12,Surrey Police,Northumbria Police,-1.458105,55.000137,On or near Pedestrian Subway,E01008545,North Tyneside 027E,Anti-social behaviour,,
,2015-12,Surrey Police,Northumbria Police,-1.458105,55.000137,On or near Pedestrian Subway,E01008545,North Tyneside 027E,Anti-social behaviour,,
,2015-12,Surrey Police,Northumbria Police,-1.458105,55.000137,On or near Pedestrian Subway,E01008545,North Tyneside 027E,Anti-social behaviour,,
,2015-12,Surrey Police,Northumbria Police,-1.457710,55.002769,On or near Minton Court,E01008545,North Tyneside 027E,Anti-social behaviour,,
,2015-12,Surrey Police,Northumbria Police,-1.458105,55.000137,On or near Pedestrian Subway,E01008545,North Tyneside 027E,Anti-social behaviour,,
,2015-12,Surrey Police,Northumbria Police,-1.462350,55.003068,On or near Waterville Road,E01008545,North Tyneside 027E,Anti-social behaviour,,
,2015-12,Surrey Police,Northumbria Police,-1.453301,55.000538,On or near Locomotion Way,E01008545,North Tyneside 027E,Anti-social behaviour,,
40c79ef03102a9c12f0aa1639e80b8681e68cb840623bceb4f254d2255e45880,2015-12,Surrey Police,Northumbria Police,-1.459245,55.002578,On or near Epsom Close,E01008545,North Tyneside 027E,Burglary,Investigation complete; no suspect identified,
0dec080c076b326f50bc89057d0c81087868a7a125b66f465dc67929d1a73816,2015-12,Surrey Police,Northumbria Police,-1.457710,55.002769,On or near Minton Court,E01008545,North Tyneside 027E,Burglary,Investigation complete; no suspect identified,
790d2c4bd35f4b373667a162c391e7e271404b80c5c2790295ee7a65efc49299,2015-12,Surrey Police,Northumbria Police,-1.450084,55.004828,On or near Coach Lane,E01008545,North Tyneside 027E,Burglary,Investigation complete; no suspect identified,
17fe2269fdf560362d96636239c123646c16ddad0cfd9a9eee8c2881ed55d7be,2015-12,Surrey Police,Northumbria Police,-1.459245,55.002578,On or near Epsom Close,E01008545,North Tyneside 027E,Burglary,Investigation complete; no suspect identified,
c25fd4e81347b70516422678a6df4784faebee8e3a9dc2e504767aaa27634b2d,2015-12,Surrey Police,Northumbria Police,-1.450084,55.004828,On or near Coach Lane,E01008545,North Tyneside 027E,Burglary,Investigation complete; no suspect identified,
31268d5dfd310306e016d28badf1dcd89d6f947be9f61f21e1f863b3d1a73b6f,2015-12,Surrey Police,Northumbria Police,-1.450084,55.004828,On or near Coach Lane,E01008545,North Tyneside 027E,Criminal damage and arson,Investigation complete; no suspect identified,
23e8107dc41e4d4afea2551e47cfc7d470b896aa53c2ea19fa1ff25940e29b5c,2015-12,Surrey Police,Northumbria Police,-1.449882,55.003641,On or near Thrift Street,E01008545,North Tyneside 027E,Criminal damage and arson,Investigation complete; no suspect identified,
de6ba49b4decb25e397662abb95bab8f1b8802dc1dd8477febfdb7a5845b78ac,2015-12,Surrey Police,Northumbria Police,-1.450084,55.004828,On or near Coach Lane,E01008545,North Tyneside 027E,Criminal damage and arson,Investigation complete; no suspect identified,
64e18753fb6029ec13e14938e228c5692f05df582c308cd5853f45c3f717974b,2015-12,Surrey Police,Northumbria Police,-1.458105,55.000137,On or near Pedestrian Subway,E01008545,North Tyneside 027E,Other theft,Local resolution,
58e19d2eea57710334306e51bb5f6985bb33df6eeed56c0b39d57b0f4ae5808b,2015-12,Surrey Police,Northumbria Police,-1.459245,55.002578,On or near Epsom Close,E01008545,North Tyneside 027E,Possession of weapons,Under investigation,
a9c20fdef76b6bf632cfdbbdabfe1c50441e074dde211559e372e9e1cb3efc6c,2015-12,Surrey Police,Northumbria Police,-1.457245,54.997878,On or near Hedley Road,E01008545,North Tyneside 027E,Public order,Under investigation,
3738f88edceefd8d0f62e6e2f921a1b20e5770ae70cd827c3d0464fe7512ea3d,2015-12,Surrey Police,Northumbria Police,-1.457245,54.997878,On or near Hedley Road,E01008545,North Tyneside 027E,Violence and sexual offences,Under investigation,
7f5be9c8af64c430c0e7e8eee8c3b42cb661832edfc80b0339d201fa3ebd836b,2015-12,Surrey Police,Northumbria Police,-1.457710,55.002769,On or near Minton Court,E01008545,North Tyneside 027E,Violence and sexual offences,Investigation complete; no suspect identified,
b54c9c246456ec0b17d07ec0defe0d98fc0221566ade623015dfc10972c593a3,2015-12,Surrey Police,Northumbria Police,-1.457245,54.997878,On or near Hedley Road,E01008545,North Tyneside 027E,Violence and sexual offences,Under investigation,
87c83b451912c8c59d79e7eebe7f159e90f6630e23fe6a1ec00a526057603aac,2015-12,Surrey Police,Northumbria Police,-1.462350,55.003068,On or near Waterville Road,E01008545,North Tyneside 027E,Violence and sexual offences,Investigation complete; no suspect identified,
5db8a8bc5f5f4fef4413cfce5f628a1aac68e06ddab571a731159d0f895f3f39,2015-12,Surrey Police,Northumbria Police,-1.453301,55.000538,On or near Locomotion Way,E01008545,North Tyneside 027E,Violence and sexual offences,Under investigation,
f4f847fb16db153354b01fc0ae588c080bbd21bb6aada0005240979e547b7dce,2015-12,Surrey Police,Northumbria Police,-1.458105,55.000137,On or near Pedestrian Subway,E01008545,North Tyneside 027E,Violence and sexual offences,Investigation complete; no suspect identified,
72c05aeb6f79ba4219e179b9a6770c78c9391e41a2bba7e30095c3e2ce2d54dd,2015-12,Surrey Police,Northumbria Police,-1.457245,54.997878,On or near Hedley Road,E01008545,North Tyneside 027E,Violence and sexual offences,Under investigation,
,2015-12,Surrey Police,Northumbria Police,-1.504952,54.996652,On or near Stanley Street,E01008511,North Tyneside 028A,Anti-social behaviour,,
,2015-12,Surrey Police,Northumbria Police,-1.502742,54.998423,On or near Gilsland Avenue,E01008511,North Tyneside 028A,Anti-social behaviour,,
,2015-12,Surrey Police,Northumbria Police,-1.504952,54.996652,On or near Stanley Street,E01008511,North Tyneside 028A,Anti-social behaviour,,
2144dd4869fbbb6816e96cc4c20ec963f347d22c8102337b8321594391b0cfca,2015-12,Surrey Police,Northumbria Police,-1.501479,54.998130,On or near Murray Road,E01008511,North Tyneside 028A,Criminal damage and arson,Investigation complete; no suspect identified,
41aa850fe8c4b9e8dcc04cdce17eecbfd423779a965a7d9e9953b3925b51825d,2015-12,Surrey Police,Northumbria Police,-1.502742,54.998423,On or near Gilsland Avenue,E01008511,North Tyneside 028A,Drugs,Offender given a caution,
06933b5d86af7b24e614bd3c8323bc5bf6aa7caa8837dcbb6ab1fa95ea6de27e,2015-12,Surrey Police,Northumbria Police,-1.505524,54.997176,On or near Merlin Crescent,E01008511,North Tyneside 028A,Violence and sexual offences,Under investigation,
19ae34f3d026e88870a64b596bc0fc482eafff403b5ccb1599179326758cfbf9,2015-12,Surrey Police,Northumbria Police,-1.502742,54.998423,On or near Gilsland Avenue,E01008511,North Tyneside 028A,Violence and sexual offences,Investigation complete; no suspect identified,
761af9e6b90b676f4d93b9dcc61ad32189b0bc1b418e2f6e04be394f19f97eb3,2015-12,Surrey Police,Northumbria Police,-1.503021,54.999871,On or near Greenside Avenue,E01008511,North Tyneside 028A,Violence and sexual offences,Under investigation,
65d2c575a5de3ebe196d2447029d4cd88f286c254134bc105b561d4739d9bcc4,2015-12,Surrey Police,Northumbria Police,-1.505524,54.997176,On or near Merlin Crescent,E01008511,North Tyneside 028A,Violence and sexual offences,Investigation complete; no suspect identified,
,2015-12,Surrey Police,Northumbria Police,-1.491992,54.991872,On or near Westmorland Avenue,E01008542,North Tyneside 028B,Anti-social behaviour,,
e200e8650ed36fe04878a847fef80d26d3bd9ff37166cee73c87f3ce91934b97,2015-12,Surrey Police,Northumbria Police,-1.490463,54.997833,On or near Brunton Avenue,E01008542,North Tyneside 028B,Criminal damage and arson,Investigation complete; no suspect identified,
1f37d422b7221a91be76efa3e62d88f93e39181a72d1c91545d62e9e1c5d088e,2015-12,Surrey Police,Northumbria Police,-1.492303,54.996960,On or near Bolam Gardens,E01008542,North Tyneside 028B,Criminal damage and arson,Investigation complete; no suspect identified,
4eaec8017fce94247744c210c3357b8dfcab98185c06ccf0f8e3a8de14192679,2015-12,Surrey Police,Northumbria Police,-1.492303,54.996960,On or near Bolam Gardens,E01008542,North Tyneside 028B,Criminal damage and arson,Investigation complete; no suspect identified,
ff69b8a3e2b370ebaf73b3ed1669a48aad99a5e6772b6dec4048c580b1f8aa20,2015-12,Surrey Police,Northumbria Police,-1.491133,54.991797,On or near Gladstone Street,E01008542,North Tyneside 028B,Drugs,Investigation complete; no suspect identified,
22558fd98c87c01613678e49506eedc0b60aade442b7fecf4ab0038d243dbc2c,2015-12,Surrey Police,Northumbria Police,-1.496649,54.996897,On or near Hazelwood Terrace,E01008542,North Tyneside 028B,Public order,Under investigation,
dd87225937135440458535657eca2932a2743847f81e1f76df22a99a1f4cf3d5,2015-12,Surrey Police,Northumbria Police,-1.493184,54.992722,On or near Auburn Close,E01008542,North Tyneside 028B,Public order,Under investigation,
8bbb607507250e6454f2bd52ceef9147995cf215ef08b7a1d08a7648f2253717,2015-12,Surrey Police,Northumbria Police,-1.491387,54.997675,On or near Woodman Street,E01008542,North Tyneside 028B,Violence and sexual offences,Under investigation,
aaaf67f5dff2c914f82f935f03a1d92b2f46a0dc71dea7e30236fa3a9ff51ed1,2015-12,Surrey Police,Northumbria Police,-1.492759,54.991741,On or near Clavering Street,E01008542,North Tyneside 028B,Violence and sexual offences,Awaiting court outcome,
04aa5863cd81ad6b42813e7f7c08fd7a25a09eb5398609e5a8b53daf7d70defe,2015-12,Surrey Police,Northumbria Police,-1.488513,54.998732,On or near Firtrees Avenue,E01008542,North Tyneside 028B,Violence and sexual offences,Under investigation,
65f7b16450f52344e52f63c3710f0cd390b9ea1d9bc31e6c7d221246ae73be31,2015-12,Surrey Police,Northumbria Police,-1.493675,54.997235,On or near Stead Street,E01008542,North Tyneside 028B,Violence and sexual offences,Under investigation,
d627ca2bba576810081ed4cc6928429aae19ac60a7c72fcbc6670d8794236f06,2015-12,Surrey Police,Northumbria Police,-1.490463,54.997833,On or near Brunton Avenue,E01008542,North Tyneside 028B,Violence and sexual offences,Investigation complete; no suspect identified,
c32cdf7921b4cf84de8568b55ba8db3e0428f6c5e6cabfc87610994e8c3eea41,2015-12,Surrey Police,Northumbria Police,-1.492759,54.991741,On or near Clavering Street,E01008542,North Tyneside 028B,Violence and sexual offences,Awaiting court outcome,
,2015-12,Surrey Police,Northumbria Police,-1.501589,54.993053,On or near Marina Veiw,E01008543,North Tyneside 028C,Anti-social behaviour,,
,2015-12,Surrey Police,Northumbria Police,-1.497981,54.994135,On or near Dilston Grange,E01008543,North Tyneside 028C,Anti-social behaviour,,
,2015-12,Surrey Police,Northumbria Police,-1.499428,54.993386,On or near Sandhoe Walk,E01008543,North Tyneside 028C,Anti-social behaviour,,
,2015-12,Surrey Police,Northumbria Police,-1.497981,54.994135,On or near Dilston Grange,E01008543,North Tyneside 028C,Anti-social behaviour,,
,2015-12,Surrey Police,Northumbria Police,-1.505847,54.995021,On or near Bamburgh Drive,E01008543,North Tyneside 028C,Anti-social behaviour,,
,2015-12,Surrey Police,Northumbria Police,-1.493704,54.991178,On or near Addison Court,E01008543,North Tyneside 028C,Anti-social behaviour,,
,2015-12,Surrey Police,Northumbria Police,-1.499012,54.995379,On or near Martin Road,E01008543,North Tyneside 028C,Anti-social behaviour,,
,2015-12,Surrey Police,Northumbria Police,-1.497981,54.994135,On or near Dilston Grange,E01008543,North Tyneside 028C,Anti-social behaviour,,
,2015-12,Surrey Police,Northumbria Police,-1.501589,54.993053,On or near Marina Veiw,E01008543,North Tyneside 028C,Anti-social behaviour,,
,2015-12,Surrey Police,Northumbria Police,-1.497981,54.994135,On or near Dilston Grange,E01008543,North Tyneside 028C,Anti-social behaviour,,
,2015-12,Surrey Police,Northumbria Police,-1.493704,54.991178,On or near Addison Court,E01008543,North Tyneside 028C,Anti-social behaviour,,
,2015-12,Surrey Police,Northumbria Police,-1.487803,54.990669,On or near Parking Area,E01008543,North Tyneside 028C,Anti-social behaviour,,
5f645b11eef9b70ab589106621c524085aabd71b0a23d63aa06d755c83a3ace1,2015-12,Surrey Police,Northumbria Police,-1.505384,54.994533,On or near Helmsley Drive,E01008543,North Tyneside 028C,Burglary,Investigation complete; no suspect identified,
40555842dc16b72d6d0019c3aa09f375318b1da0e8a1f56ec367536cad3e4d4b,2015-12,Surrey Police,Northumbria Police,-1.503253,54.996259,On or near Churchill Street,E01008543,North Tyneside 028C,Burglary,Investigation complete; no suspect identified,
d1fda06ed62301fd7a36ee934256f3acd6b856b4eacab4d1d9d51d3d11db1a20,2015-12,Surrey Police,Northumbria Police,-1.497981,54.994135,On or near Dilston Grange,E01008543,North Tyneside 028C,Burglary,Investigation complete; no suspect identified,
4f784c86cda75715cd91c97b26bbe674b7e7159eb93821b2e19469758a0d1df7,2015-12,Surrey Police,Northumbria Police,-1.505847,54.995021,On or near Bamburgh Drive,E01008543,North Tyneside 028C,Criminal damage and arson,Awaiting court outcome,
78ea00fdca3d772aa663f33539445f46afbfd9110eac3c84a3e73e0fc5d1824e,2015-12,Surrey Police,Northumbria Police,-1.493704,54.991178,On or near Addison Court,E01008543,North Tyneside 028C,Criminal damage and arson,Awaiting court outcome,
b46fbbec5d5a26ab7997b8adf67950b56094526180fad8813ecbaf7704db2121,2015-12,Surrey Police,Northumbria Police,-1.501064,54.993806,On or near Headlam View,E01008543,North Tyneside 028C,Drugs,Offender given a caution,
8a5f3b961a515499dfdadd08987353fba6bbbb225f99cb8f8be1c5431e92dd47,2015-12,Surrey Police,Northumbria Police,-1.498109,54.991367,On or near Petrol Station,E01008543,North Tyneside 028C,Other theft,Investigation complete; no suspect identified,
06b175a03de3c7f1bb420d9f34d8badb48f76adab280794a2bb4fd577b228e7a,2015-12,Surrey Police,Northumbria Police,-1.498109,54.991367,On or near Petrol Station,E01008543,North Tyneside 028C,Other theft,Investigation complete; no suspect identified,
a8016a21edeb47c4132dc60fc274d4cbf90e0d80f6e73bb178f1be9c7c4bc1d8,2015-12,Surrey Police,Northumbria Police,-1.497483,54.991401,On or near Douglas Street,E01008543,North Tyneside 028C,Other theft,Investigation complete; no suspect identified,
3c470639de0318a8f717fb02921f653e6341a8843c487e613b7b2f2e82bb405a,2015-12,Surrey Police,Northumbria Police,-1.504240,54.994789,On or near Ravensworth Street,E01008543,North Tyneside 028C,Public order,Investigation complete; no suspect identified,
313e09c961cc09cf0fdd913514e3d3c03f171b91f771bedb3a03a8b27dc2de55,2015-12,Surrey Police,Northumbria Police,-1.493704,54.991178,On or near Addison Court,E01008543,North Tyneside 028C,Public order,Under investigation,
f9db8a111cc07fb7f23d9cb48f674d6bbdb40bff03970fd0476ee8d3ef8ae506,2015-12,Surrey Police,Northumbria Police,-1.497981,54.994135,On or near Dilston Grange,E01008543,North Tyneside 028C,Public order,Offender fined,
07bcfb76ba946ee1b1c94c150347699959cc6569404be7c963abd11bb4be5b80,2015-12,Surrey Police,Northumbria Police,-1.501158,54.992485,On or near Quay View,E01008543,North Tyneside 028C,Vehicle crime,Investigation complete; no suspect identified,
6f972860bca01fb03dbfbe7088c56d5b6e9e5d222b72e627a2634eff1d24bcf7,2015-12,Surrey Police,Northumbria Police,-1.496754,54.990975,On or near Carlyle Court,E01008543,North Tyneside 028C,Violence and sexual offences,Investigation complete; no suspect identified,
139d592b5afcfa5dcc04612e0dc059734ec1b2bbcc1efa3d7a2ab330ba77245b,2015-12,Surrey Police,Northumbria Police,-1.487803,54.990669,On or near Parking Area,E01008543,North Tyneside 028C,Violence and sexual offences,Awaiting court outcome,
91d24facb90089abd7daa2189321217f9ba3a4a981666c8704536516efdcfe67,2015-12,Surrey Police,Northumbria Police,-1.501399,54.995748,On or near Kent Avenue,E01008543,North Tyneside 028C,Violence and sexual offences,Under investigation,
f35903b65c439380f172c60a26ae45c0e57809ae7fc47964232be83621722426,2015-12,Surrey Police,Northumbria Police,-1.487803,54.990669,On or near Parking Area,E01008543,North Tyneside 028C,Violence and sexual offences,Awaiting court outcome,
dc9895c09c26f902e9da42b110834f85c6e0d4a8bdffc22ab4f989aecc174406,2015-12,Surrey Police,Northumbria Police,-1.495831,54.991070,On or near Smeaton Court,E01008543,North Tyneside 028C,Violence and sexual offences,Awaiting court outcome,
f4e7ad9616cf9913e0f88c632236efc943e739ad397ab8fc256c16009b2963b4,2015-12,Surrey Police,Northumbria Police,-1.499012,54.995379,On or near Martin Road,E01008543,North Tyneside 028C,Violence and sexual offences,Under investigation,
1e05df47f7975b1aadf5880ee62bcf1380290040241a8759ea85a28d1dab6b6b,2015-12,Surrey Police,Northumbria Police,-1.505847,54.995021,On or near Bamburgh Drive,E01008543,North Tyneside 028C,Violence and sexual offences,Under investigation,
,2015-12,Surrey Police,Northumbria Police,-1.511853,54.997300,On or near Ashbrooke Gardens,E01008571,North Tyneside 028D,Anti-social behaviour,,
,2015-12,Surrey Police,Northumbria Police,-1.509941,54.996430,On or near Priors Way,E01008571,North Tyneside 028D,Anti-social behaviour,,
,2015-12,Surrey Police,Northumbria Police,-1.509826,54.993024,On or near Viaduct Street,E01008571,North Tyneside 028D,Anti-social behaviour,,
,2015-12,Surrey Police,Northumbria Police,-1.510752,54.997871,On or near Shafto Street,E01008571,North Tyneside 028D,Anti-social behaviour,,
,2015-12,Surrey Police,Northumbria Police,-1.511853,54.997300,On or near Ashbrooke Gardens,E01008571,North Tyneside 028D,Anti-social behaviour,,
,2015-12,Surrey Police,Northumbria Police,-1.511904,55.002135,On or near Whitby Gardens,E01008571,North Tyneside 028D,Anti-social behaviour,,
,2015-12,Surrey Police,Northumbria Police,-1.513017,54.992839,On or near South Terrace,E01008571,North Tyneside 028D,Anti-social behaviour,,
,2015-12,Surrey Police,Northumbria Police,-1.509826,54.993024,On or near Viaduct Street,E01008571,North Tyneside 028D,Anti-social behaviour,,
,2015-12,Surrey Police,Northumbria Police,-1.517654,54.994547,On or near Church Bank,E01008571,North Tyneside 028D,Anti-social behaviour,,
,2015-12,Surrey Police,Northumbria Police,-1.517654,54.994547,On or near Church Bank,E01008571,North Tyneside 028D,Anti-social behaviour,,
08724b4839d412cbd31c8b91ed20b0d82b5b1a089a1c97b29d8bc4e934f21b74,2015-12,Surrey Police,Northumbria Police,-1.511956,54.993940,On or near Roland Road,E01008571,North Tyneside 028D,Burglary,Investigation complete; no suspect identified,
212ba90563588f3dbf7e40d413c6bf64f65805d92ca7647c6fda417a019646d8,2015-12,Surrey Police,Northumbria Police,-1.511853,54.997300,On or near Ashbrooke Gardens,E01008571,North Tyneside 028D,Criminal damage and arson,Awaiting court outcome,
1d9c43dcf00e406d96759f71346ad11e61acbf1b00d81cc52c4fc577a73b176b,2015-12,Surrey Police,Northumbria Police,-1.508034,54.996431,On or near Angle Terrace,E01008571,North Tyneside 028D,Criminal damage and arson,Under investigation,
140f63802bfadf0965dd167904fb84b3f62d4eba40acaa76d0870ddc2afc29cd,2015-12,Surrey Police,Northumbria Police,-1.508942,54.992508,On or near Ford Terrace,E01008571,North Tyneside 028D,Public order,Under investigation,
5a63bcd5f8ae7439c833040ee495e8a7ffa20542492b97cb09b48cfd48fb599c,2015-12,Surrey Police,Northumbria Police,-1.514873,54.993152,On or near North Terrace,E01008571,North Tyneside 028D,Vehicle crime,Investigation complete; no suspect identified,
1c0d49b28a326eaa87e25e4fd47749e32ae383198232f16bc0576ea0ea16401a,2015-12,Surrey Police,Northumbria Police,-1.509463,54.992025,On or near Point Pleasant Terrace,E01008571,North Tyneside 028D,Violence and sexual offences,Under investigation,
b927e335a3e3e3eb5db42671fd7004306d5190465a0c520c6e2af461e8b750f7,2015-12,Surrey Police,Northumbria Police,-1.510219,54.996701,On or near Willington Terrace,E01008571,North Tyneside 028D,Violence and sexual offences,Under investigation,
1401ab6b82c5f30e4a0334dcfb7d7b6122c8516c04c4638d41b0ae4f599fef3d,2015-12,Surrey Police,Northumbria Police,-1.517654,54.994547,On or near Church Bank,E01008571,North Tyneside 028D,Other crime,Under investigation,
,2015-12,Surrey Police,Northumbria Police,-1.526906,54.990683,On or near Holly Avenue,E01008572,North Tyneside 029A,Anti-social behaviour,,
,2015-12,Surrey Police,Northumbria Police,-1.524424,54.991716,On or near Myrtle Grove,E01008572,North Tyneside 029A,Anti-social behaviour,,
,2015-12,Surrey Police,Northumbria Police,-1.524645,54.994152,On or near Boyd Road,E01008572,North Tyneside 029A,Anti-social behaviour,,
,2015-12,Surrey Police,Northumbria Police,-1.524645,54.994152,On or near Boyd Road,E01008572,North Tyneside 029A,Anti-social behaviour,,
,2015-12,Surrey Police,Northumbria Police,-1.525984,54.994606,On or near Alnwick Street,E01008572,North Tyneside 029A,Anti-social behaviour,,
,2015-12,Surrey Police,Northumbria Police,-1.525984,54.994606,On or near Alnwick Street,E01008572,North Tyneside 029A,Anti-social behaviour,,
2f871f71dffa7231bab25403d9ff4229847ebc2c18c47b05a36b67a3b0a6d0a2,2015-12,Surrey Police,Northumbria Police,-1.522796,54.991934,On or near Willow Grove,E01008572,North Tyneside 029A,Burglary,Under investigation,
d448691268833642e7b5b0c946b2781f3250a2f1ef6631947f00ef2e059359f5,2015-12,Surrey Police,Northumbria Police,-1.523273,54.993877,On or near Dene Crescent,E01008572,North Tyneside 029A,Criminal damage and arson,Local resolution,
a044da2a2938eddaa3bfa6a63dc3e489b2f42d39b0477a06c7538dfe4069b8c1,2015-12,Surrey Police,Northumbria Police,-1.522796,54.991934,On or near Willow Grove,E01008572,North Tyneside 029A,Criminal damage and arson,Under investigation,
db64fd3ee491d857138244c5a0e28a54536459829e5a2de1f3f8a0aaf0dd88ab,2015-12,Surrey Police,Northumbria Police,-1.525191,54.992986,On or near Westmoreland Street,E01008572,North Tyneside 029A,Criminal damage and arson,Offender given community sentence,
f6e8445c6c70db7ba8487211076c935e77b8ccd5663bc3cd3909fff742d7ce7a,2015-12,Surrey Police,Northumbria Police,-1.523594,54.991829,On or near Ash Grove,E01008572,North Tyneside 029A,Drugs,Local resolution,
9c3af42c0389964651ddec559b0bc5004fff0f991a453071784fa938b5273c01,2015-12,Surrey Police,Northumbria Police,-1.526906,54.990683,On or near Holly Avenue,E01008572,North Tyneside 029A,Other theft,Under investigation,
02cd346edd0dd829eb392eb8b55c0165acfee2a624c2b2df586874780887bcd1,2015-12,Surrey Police,Northumbria Police,-1.524645,54.994152,On or near Boyd Road,E01008572,North Tyneside 029A,Other theft,Investigation complete; no suspect identified,
51038579279a057528cc55bc1b71e6addb06d959bc83b76995a0d1d544e5c460,2015-12,Surrey Police,Northumbria Police,-1.522061,54.992021,On or near Oak Grove,E01008572,North Tyneside 029A,Other theft,Under investigation,
0d9af90b7e31df2e8d81df843b601a713b3b8d20e6ac73c51552080109dd3335,2015-12,Surrey Police,Northumbria Police,-1.518604,54.992196,On or near Limekiln Road,E01008572,North Tyneside 029A,Other theft,Investigation complete; no suspect identified,
f043ff968319caf6092bf42a3e040c8a65a0e4eea628e600ebf35cd2a518583c,2015-12,Surrey Police,Northumbria Police,-1.522796,54.991934,On or near Willow Grove,E01008572,North Tyneside 029A,Shoplifting,Under investigation,
8757a9061b0b43e093d0d80a578527e570e564556c4a82b89fe3f7415ed8a8c2,2015-12,Surrey Police,Northumbria Police,-1.525191,54.992986,On or near Westmoreland Street,E01008572,North Tyneside 029A,Violence and sexual offences,Investigation complete; no suspect identified,
5f44ddf64ee69306ad2cb2e1ffedb1e35137bd6db8b36facee1a6ac0eb91beb0,2015-12,Surrey Police,Northumbria Police,-1.528889,54.990834,On or near Vine Street,E01008572,North Tyneside 029A,Violence and sexual offences,Investigation complete; no suspect identified,
e93b2490a25210c88e25261cb8c6d1f2aaf7e03e285bf54c454cf535a0cf0738,2015-12,Surrey Police,Northumbria Police,-1.526906,54.990683,On or near Holly Avenue,E01008572,North Tyneside 029A,Violence and sexual offences,Investigation complete; no suspect identified,
646220ad8cbf05408d7942667f376392b588d8b5adfc65d55e128f1df21a23ce,2015-12,Surrey Police,Northumbria Police,-1.526906,54.990683,On or near Holly Avenue,E01008572,North Tyneside 029A,Violence and sexual offences,Under investigation,
4413ce75be20ceca766970aaf156dee8dfb3c08463321271ebb502ca0e16b2cc,2015-12,Surrey Police,Northumbria Police,-1.525191,54.992986,On or near Westmoreland Street,E01008572,North Tyneside 029A,Violence and sexual offences,Investigation complete; no suspect identified,
5bc7029c7e0c6bf8b2de36a41c74593f806e6cffa9ba8206aed32b862e2ec6c0,2015-12,Surrey Police,Northumbria Police,-1.524645,54.994152,On or near Boyd Road,E01008572,North Tyneside 029A,Violence and sexual offences,Under investigation,
4a821ef41ab05541c895477fec45193624fbc5ddd44ad240c0aecad09b382159,2015-12,Surrey Police,Northumbria Police,-1.524645,54.994152,On or near Boyd Road,E01008572,North Tyneside 029A,Violence and sexual offences,Under investigation,
58babc8e8b638686d77696401ad821123b4a2b8e35bab64883a02eaef31f840c,2015-12,Surrey Police,Northumbria Police,-1.525191,54.992986,On or near Westmoreland Street,E01008572,North Tyneside 029A,Other crime,Investigation complete; no suspect identified,
,2015-12,Surrey Police,Northumbria Police,-1.532418,54.991046,On or near Sycamore Street,E01008573,North Tyneside 029B,Anti-social behaviour,,
,2015-12,Surrey Police,Northumbria Police,-1.532418,54.991046,On or near Sycamore Street,E01008573,North Tyneside 029B,Anti-social behaviour,,
,2015-12,Surrey Police,Northumbria Police,-1.531682,54.991187,On or near Chestnut Street,E01008573,North Tyneside 029B,Anti-social behaviour,,
,2015-12,Surrey Police,Northumbria Police,-1.530571,54.992683,On or near Coronation Street,E01008573,North Tyneside 029B,Anti-social behaviour,,
,2015-12,Surrey Police,Northumbria Police,-1.527419,54.993588,On or near Charlotte Street,E01008573,North Tyneside 029B,Anti-social behaviour,,
,2015-12,Surrey Police,Northumbria Police,-1.529917,54.991153,On or near Laurel Street,E01008573,North Tyneside 029B,Anti-social behaviour,,
,2015-12,Surrey Police,Northumbria Police,-1.532418,54.991046,On or near Sycamore Street,E01008573,North Tyneside 029B,Anti-social behaviour,,
,2015-12,Surrey Police,Northumbria Police,-1.526615,54.991446,On or near Lawson Street,E01008573,North Tyneside 029B,Anti-social behaviour,,
,2015-12,Surrey Police,Northumbria Police,-1.529917,54.991153,On or near Laurel Street,E01008573,North Tyneside 029B,Anti-social behaviour,,
,2015-12,Surrey Police,Northumbria Police,-1.531682,54.991187,On or near Chestnut Street,E01008573,North Tyneside 029B,Anti-social behaviour,,
f86489cf5626cdfa8a6dec9cfe3c748f14beb46b8304365d2adb6ba259aab1a3,2015-12,Surrey Police,Northumbria Police,-1.530556,54.991290,On or near Park Road,E01008573,North Tyneside 029B,Burglary,Investigation complete; no suspect identified,
1cd5fb733e9137e37a1dcfd69c8c16cfb1cd1f0d9af38517a6c8477a29583e5d,2015-12,Surrey Police,Northumbria Police,-1.526920,54.992103,On or near High Street East,E01008573,North Tyneside 029B,Burglary,Under investigation,
2d2df0fd87aa22edf26fbaf4193eb567efd0b8950c535b869bc98ee8cbb1ec7a,2015-12,Surrey Police,Northumbria Police,-1.527419,54.993588,On or near Charlotte Street,E01008573,North Tyneside 029B,Burglary,Under investigation,
fdc9756518534864396525cfe4f3a7111415ba4a42fb657f257e3811bdd5912b,2015-12,Surrey Police,Northumbria Police,-1.532418,54.991046,On or near Sycamore Street,E01008573,North Tyneside 029B,Criminal damage and arson,Investigation complete; no suspect identified,
b73c2d569cde5ee2bd5fbf9f8e274abb9cd26c38330ac2c89d0e63e170deac05,2015-12,Surrey Police,Northumbria Police,-1.527419,54.993588,On or near Charlotte Street,E01008573,North Tyneside 029B,Criminal damage and arson,Under investigation,
38fe3419893b3b508b963be895659cdace333bb9525dcbd6b2352829004fccbd,2015-12,Surrey Police,Northumbria Police,-1.529710,54.992824,On or near Ferndale Avenue,E01008573,North Tyneside 029B,Criminal damage and arson,Investigation complete; no suspect identified,
07fba1bc191615cfab44eed239438402141e7741a24e0fddfcd04b6d25c25fbc,2015-12,Surrey Police,Northumbria Police,-1.532418,54.991046,On or near Sycamore Street,E01008573,North Tyneside 029B,Criminal damage and arson,Investigation complete; no suspect identified,
76eed6498129886ac4215bb29108be16a9fd3c4d768641cb418ad6009c31c7e0,2015-12,Surrey Police,Northumbria Police,-1.527419,54.993588,On or near Charlotte Street,E01008573,North Tyneside 029B,Drugs,Awaiting court outcome,
cdd716703383dc855ad2e12720b992ce9b657093f756247f1c252fbcab111c50,2015-12,Surrey Police,Northumbria Police,-1.530571,54.992683,On or near Coronation Street,E01008573,North Tyneside 029B,Drugs,Offender given a caution,
b0b05564e1ab154bb2efc4948575ab277a64df3d6b6343e2ad891a461057e4ee,2015-12,Surrey Police,Northumbria Police,-1.531682,54.991187,On or near Chestnut Street,E01008573,North Tyneside 029B,Other theft,Offender sent to prison,
02a21c036c0f41811badf33559560cc15d6dd1f8730e7100d1039c7a6361b080,2015-12,Surrey Police,Northumbria Police,-1.531682,54.991187,On or near Chestnut Street,E01008573,North Tyneside 029B,Other theft,Investigation complete; no suspect identified,
0c294753dbf6e4086cde3a2c9e582123b857ecc0687c456f3a6389bd1b069362,2015-12,Surrey Police,Northumbria Police,-1.526615,54.991446,On or near Lawson Street,E01008573,North Tyneside 029B,Other theft,Under investigation,
092a2f9252f9f91be868d2362e966b35468f46900b6cb6cfa7dae8f30b2e6667,2015-12,Surrey Police,Northumbria Police,-1.532418,54.991046,On or near Sycamore Street,E01008573,North Tyneside 029B,Possession of weapons,Offender given suspended prison sentence,
a9f1ca5c9a0c5c3fe18995331123dcc35a55f8f41abfd54e69f485a23075bfaa,2015-12,Surrey Police,Northumbria Police,-1.527419,54.993588,On or near Charlotte Street,E01008573,North Tyneside 029B,Public order,Under investigation,
d5dfbcde2e7f7a88f44e80c97ae311331e222f0b8bebff6bda35a9bd45a8b468,2015-12,Surrey Police,Northumbria Police,-1.531682,54.991187,On or near Chestnut Street,E01008573,North Tyneside 029B,Public order,Offender otherwise dealt with,
e4c192b508a708b3cf4ad70c28fe9469f1d5aa2656efbd260864a176917cdfcb,2015-12,Surrey Police,Northumbria Police,-1.531682,54.991187,On or near Chestnut Street,E01008573,North Tyneside 029B,Robbery,Investigation complete; no suspect identified,
95d1e2e6de192033d3c8c5f330b17f43033c89da3c93cf63bafa8c5a999a1128,2015-12,Surrey Police,Northumbria Police,-1.530571,54.992683,On or near Coronation Street,E01008573,North Tyneside 029B,Vehicle crime,Investigation complete; no suspect identified,
92b872fd21a7b5a1e0a9fedab964439e48bbb3597103379d408afda0e66f7d8f,2015-12,Surrey Police,Northumbria Police,-1.532418,54.991046,On or near Sycamore Street,E01008573,North Tyneside 029B,Violence and sexual offences,Awaiting court outcome,
6ccafe865fe180073b1dc85e3f7c88d3cbfc2e158c0c392735ae8c7a2cdfec3f,2015-12,Surrey Police,Northumbria Police,-1.531682,54.991187,On or near Chestnut Street,E01008573,North Tyneside 029B,Violence and sexual offences,Awaiting court outcome,
dd6ab7a992fd4050a4e559e4e1773b9c91c0a79c69c32ff889b8bd742a847c1b,2015-12,Surrey Police,Northumbria Police,-1.527717,54.992124,On or near Parking Area,E01008573,North Tyneside 029B,Violence and sexual offences,Under investigation,
ffcf717c4f2fdb788cbe78226209dd3930fbbe445ae773e53bf9d1e87f8cdb5a,2015-12,Surrey Police,Northumbria Police,-1.532418,54.991046,On or near Sycamore Street,E01008573,North Tyneside 029B,Violence and sexual offences,Awaiting court outcome,
830a8d6db0ffa20328f824cbe9d5065121cdb24878764b8da31b9d18715b011c,2015-12,Surrey Police,Northumbria Police,-1.527419,54.993588,On or near Charlotte Street,E01008573,North Tyneside 029B,Violence and sexual offences,Under investigation,
1259b1d2c981afadb332679271d0f05eaf00f83cb9c906f0fcd0112fa0d5bb89,2015-12,Surrey Police,Northumbria Police,-1.531682,54.991187,On or near Chestnut Street,E01008573,North Tyneside 029B,Violence and sexual offences,Investigation complete; no suspect identified,
3a9cd986e9263fe28c8079bd3320b3652a93193987026f4a84e9cccfbba5770b,2015-12,Surrey Police,Northumbria Police,-1.532418,54.991046,On or near Sycamore Street,E01008573,North Tyneside 029B,Violence and sexual offences,Investigation complete; no suspect identified,
c37d9545cb8bbe47e133a9beab8d960e83718a74c77efe9cbd21db3376db739f,2015-12,Surrey Police,Northumbria Police,-1.527419,54.993588,On or near Charlotte Street,E01008573,North Tyneside 029B,Violence and sexual offences,Awaiting court outcome,
,2015-12,Surrey Police,Northumbria Police,-1.526438,54.995875,On or near Boyd Crescent,E01008574,North Tyneside 029C,Anti-social behaviour,,
54852114409d88596c3ba68e2fd8ead2d5d48edb249c9cc5c529272019d079a3,2015-12,Surrey Police,Northumbria Police,-1.536003,55.001430,On or near Pedestrian Subway,E01008574,North Tyneside 029C,Criminal damage and arson,Investigation complete; no suspect identified,
ecc5aef1e31f6c4af5f449c6ad1ece7b5a206840361fe32877c75627c9ed4f17,2015-12,Surrey Police,Northumbria Police,-1.533153,55.000484,On or near The Covers,E01008574,North Tyneside 029C,Criminal damage and arson,Under investigation,
b7c6069990e793674b1d3ddf800517bb4d2a3fc4d66aea757c6c2d64a6e8b29f,2015-12,Surrey Police,Northumbria Police,-1.528372,54.996260,On or near Crow Bank,E01008574,North Tyneside 029C,Criminal damage and arson,Investigation complete; no suspect identified,
c4c7b35afef39d78184f7584d672e821217eef324b7755f54f67320269da3a21,2015-12,Surrey Police,Northumbria Police,-1.533963,54.998016,On or near Kings Road South,E01008574,North Tyneside 029C,Other theft,Investigation complete; no suspect identified,
d1a45ce537670a9220f5cc71b86a5518337ad49e8673e0adb078d296470f0aef,2015-12,Surrey Police,Northumbria Police,-1.526438,54.995875,On or near Boyd Crescent,E01008574,North Tyneside 029C,Public order,Under investigation,
4893fec79cf24cdf9139a12e3747d7546b53d4ca447fd4b85887149b7722aeb8,2015-12,Surrey Police,Northumbria Police,-1.532412,54.994308,On or near Hunters Lodge,E01008574,North Tyneside 029C,Violence and sexual offences,Under investigation,
fff289cadaf5af43a82eca9731d79c458d93fb390fab0fbe7553e2266b75876d,2015-12,Surrey Police,Northumbria Police,-1.532412,54.994308,On or near Hunters Lodge,E01008574,North Tyneside 029C,Violence and sexual offences,Investigation complete; no suspect identified,
,2015-12,Surrey Police,Northumbria Police,-1.516093,55.003491,On or near Segedunum Crescent,E01008576,North Tyneside 029D,Anti-social behaviour,,
,2015-12,Surrey Police,Northumbria Police,-1.515899,55.001441,On or near Suffolk Gardens,E01008576,North Tyneside 029D,Anti-social behaviour,,
,2015-12,Surrey Police,Northumbria Police,-1.517937,54.998322,On or near Lindisfarne Place,E01008576,North Tyneside 029D,Anti-social behaviour,,
,2015-12,Surrey Police,Northumbria Police,-1.518166,55.001414,On or near St Peter'S Road,E01008576,North Tyneside 029D,Anti-social behaviour,,
,2015-12,Surrey Police,Northumbria Police,-1.517313,54.999488,On or near Haggie Avenue,E01008576,North Tyneside 029D,Anti-social behaviour,,
1e1c969b76c91f4ac4f8d3ddd2c17d48040c73a306b5d579bc96afaeabf5f437,2015-12,Surrey Police,Northumbria Police,-1.516093,55.003491,On or near Segedunum Crescent,E01008576,North Tyneside 029D,Burglary,Investigation complete; no suspect identified,
b7906ea903be17eeeb4da6fd1b8f5e614526252f38d507d2648c2118c4d30d14,2015-12,Surrey Police,Northumbria Police,-1.515899,55.001441,On or near Suffolk Gardens,E01008576,North Tyneside 029D,Criminal damage and arson,Investigation complete; no suspect identified,
c406c891be8a9e87ba51efc879149c5500426db8a1e37e139222898f6e80ac53,2015-12,Surrey Police,Northumbria Police,-1.516964,54.999972,On or near Swan Avenue,E01008576,North Tyneside 029D,Criminal damage and arson,Offender given a caution,
d0baac9c094e8525431ac47fe6f8027f7ecc6b9709745b8e818669e25d2e6eed,2015-12,Surrey Police,Northumbria Police,-1.516093,55.003491,On or near Segedunum Crescent,E01008576,North Tyneside 029D,Drugs,Local resolution,
3e99f6c0d47c8baa53ef6ee58c75567422e385e5aebde605d326cda7a59857d0,2015-12,Surrey Police,Northumbria Police,-1.516093,55.003491,On or near Segedunum Crescent,E01008576,North Tyneside 029D,Public order,Offender given a caution,
bf7f21691a033c3cefca57cdcb82768569f241eba5c8df9d647beb101a91ede1,2015-12,Surrey Police,Northumbria Police,-1.517952,55.004918,On or near Pedestrian Subway,E01008576,North Tyneside 029D,Shoplifting,Under investigation,
a2c5a0f87dfacd9952668110c1715c3fd05a8e71015b0595090a089cf0d9b6ec,2015-12,Surrey Police,Northumbria Police,-1.515567,55.000442,On or near St Cuthbert'S Road,E01008576,North Tyneside 029D,Vehicle crime,Investigation complete; no suspect identified,
63b8c0181eaa1d5b8b026fb4b12a7918fcff97e31edc1dc62dacf5ead3668092,2015-12,Surrey Police,Northumbria Police,-1.514316,55.001740,On or near Norfolk Gardens,E01008576,North Tyneside 029D,Violence and sexual offences,Investigation complete; no suspect identified,
e95c09ae8ca69bc8187a40d194fdc13bb864e8fafd814f1dbb9ac3a00a5dad80,2015-12,Surrey Police,Northumbria Police,-1.514655,54.999549,On or near St Hilda'S Avenue,E01008576,North Tyneside 029D,Violence and sexual offences,Under investigation,
86a508e94889c16be50ce81f84928ccec65522ec94306606348d32213813eff5,2015-12,Surrey Police,Northumbria Police,-1.516093,55.003491,On or near Segedunum Crescent,E01008576,North Tyneside 029D,Violence and sexual offences,Under investigation,
e6906a26438051d846f8477d556a188ae1ba8882bca10bba43c6a187bd9ad64a,2015-12,Surrey Police,Northumbria Police,-1.516964,54.999972,On or near Swan Avenue,E01008576,North Tyneside 029D,Violence and sexual offences,Under investigation,
a653edde67c2d96dcabea4596f78d50c7cb5d8ad56bd477a0125b73a00572787,2015-12,Surrey Police,Northumbria Police,-1.513940,54.999223,On or near Sussex Gardens,E01008576,North Tyneside 029D,Other crime,Under investigation,
,2015-12,Surrey Police,Northumbria Police,-1.544847,55.001760,On or near Primrose Gardens,E01008533,North Tyneside 030A,Anti-social behaviour,,
,2015-12,Surrey Police,Northumbria Police,-1.543435,55.000856,On or near Mulcaster Gardens,E01008533,North Tyneside 030A,Anti-social behaviour,,
fd8bb4c27415499fad38b46ca1afbd3d13182b283da4bab91715e2585e394d00,2015-12,Surrey Police,Northumbria Police,-1.540654,54.997943,On or near Queen'S Crescent,E01008533,North Tyneside 030A,Criminal damage and arson,Investigation complete; no suspect identified,
baabf085da62cdac82e95671b0a2cfdd1ed2474ad529ba2579bf52e1420a946a,2015-12,Surrey Police,Northumbria Police,-1.547151,55.001265,On or near Orchard Gardens,E01008533,North Tyneside 030A,Violence and sexual offences,Investigation complete; no suspect identified,
a78d9ab76907bbc8addcfb0d0cc60d68f0cc9595d8d0310b75f6e82a11a99170,2015-12,Surrey Police,Northumbria Police,-1.546264,54.998134,On or near Cheshire Gardens,E01008533,North Tyneside 030A,Violence and sexual offences,Investigation complete; no suspect identified,
834397b90fa85ebbbe8a5c8fd8d6119c0d3379dd8fadfcc5943d737a87860833,2015-12,Surrey Police,Northumbria Police,-1.540964,55.003695,On or near Elliott Gardens,E01008533,North Tyneside 030A,Violence and sexual offences,Investigation complete; no suspect identified,
,2015-12,Surrey Police,Northumbria Police,-1.544003,54.989337,On or near Meadowfield Gardens,E01008535,North Tyneside 030B,Anti-social behaviour,,
,2015-12,Surrey Police,Northumbria Police,-1.548386,54.992876,On or near Rheydt Avenue,E01008535,North Tyneside 030B,Anti-social behaviour,,
ec4d01e0f32bb831301ae3758ee8abbe26f1c6d2635c156aabe9674876b9d518,2015-12,Surrey Police,Northumbria Police,-1.539489,54.997291,On or near Prince Road,E01008535,North Tyneside 030B,Criminal damage and arson,Investigation complete; no suspect identified,
cb9ec02e589eda7a92b8c66122bcfc711fcb398dbeea3fa7eeaaa0c453af9b21,2015-12,Surrey Police,Northumbria Police,-1.542171,54.989645,On or near Lilac Road,E01008535,North Tyneside 030B,Other theft,Investigation complete; no suspect identified,
e7446470b27f3833dac36071ad60dab9dff2f23b4aad31fce1eb9ec10e8343b0,2015-12,Surrey Police,Northumbria Police,-1.543943,54.991871,On or near Rutland Road,E01008535,North Tyneside 030B,Vehicle crime,Investigation complete; no suspect identified,
1f7b2bbd94a50235164c61038dc02b11acc949d2fc62bce069b6a9fd8a658cac,2015-12,Surrey Police,Northumbria Police,-1.539489,54.997291,On or near Prince Road,E01008535,North Tyneside 030B,Violence and sexual offences,Investigation complete; no suspect identified,
fc6984d665feb20a8e94ea45295752f60fe80a0eead7472028492730b6764eb4,2015-12,Surrey Police,Northumbria Police,-1.544003,54.989337,On or near Meadowfield Gardens,E01008535,North Tyneside 030B,Violence and sexual offences,Under investigation,
,2015-12,Surrey Police,Northumbria Police,-1.537618,54.995586,On or near Park Avenue,E01008536,North Tyneside 030C,Anti-social behaviour,,
,2015-12,Surrey Police,Northumbria Police,-1.538330,54.994843,On or near Victoria Avenue,E01008536,North Tyneside 030C,Anti-social behaviour,,
,2015-12,Surrey Police,Northumbria Police,-1.535133,54.991488,On or near Supermarket,E01008536,North Tyneside 030C,Anti-social behaviour,,
,2015-12,Surrey Police,Northumbria Police,-1.537618,54.995586,On or near Park Avenue,E01008536,North Tyneside 030C,Anti-social behaviour,,
,2015-12,Surrey Police,Northumbria Police,-1.536013,54.991033,On or near Shopping Area,E01008536,North Tyneside 030C,Anti-social behaviour,,
,2015-12,Surrey Police,Northumbria Police,-1.535133,54.991488,On or near Supermarket,E01008536,North Tyneside 030C,Anti-social behaviour,,
,2015-12,Surrey Police,Northumbria Police,-1.535133,54.991488,On or near Supermarket,E01008536,North Tyneside 030C,Anti-social behaviour,,
,2015-12,Surrey Police,Northumbria Police,-1.535133,54.991488,On or near Supermarket,E01008536,North Tyneside 030C,Anti-social behaviour,,
,2015-12,Surrey Police,Northumbria Police,-1.535133,54.991488,On or near Supermarket,E01008536,North Tyneside 030C,Anti-social behaviour,,
0fd3e2a7f7177a740d7495753e38569e741ac680615e4b08e424dc5fbcbf1751,2015-12,Surrey Police,Northumbria Police,-1.536605,54.995303,On or near Park View,E01008536,North Tyneside 030C,Criminal damage and arson,Investigation complete; no suspect identified,
8bc20f74b05419ff71dff47bb45eac687c5d29556805e12a93b833e50a696a52,2015-12,Surrey Police,Northumbria Police,-1.537401,54.994030,On or near Clifton Avenue,E01008536,North Tyneside 030C,Drugs,Offender given a drugs possession warning,
71a5a55885cdfcf6160bc46f9a2ac100a57491c44a6aa0cbdf6db863b3f79390,2015-12,Surrey Police,Northumbria Police,-1.535133,54.991488,On or near Supermarket,E01008536,North Tyneside 030C,Drugs,Offender deprived of property,
997b6598da3bf247a3e33daf1c7536cd256666cc6697775ffc52530aef8b1e93,2015-12,Surrey Police,Northumbria Police,-1.537618,54.995586,On or near Park Avenue,E01008536,North Tyneside 030C,Drugs,Offender given a drugs possession warning,
95934b7e228fea21560d7331a720270b305b06beb37dee898f5f348b20dedee9,2015-12,Surrey Police,Northumbria Police,-1.537401,54.994030,On or near Clifton Avenue,E01008536,North Tyneside 030C,Other theft,Local resolution,
7346dcb09e989c26add5a4bce6de4fde5d1a8e499306e669551b2e6b890ac619,2015-12,Surrey Police,Northumbria Police,-1.535295,54.993717,On or near Beech Grove,E01008536,North Tyneside 030C,Other theft,Under investigation,
d693b573fd37a27edd9ce1c077aeb2f2be98f4b42b151f0d668325caa0f63b1d,2015-12,Surrey Police,Northumbria Police,-1.534042,54.992517,On or near Woodbine Avenue,E01008536,North Tyneside 030C,Other theft,Under investigation,
4c28746884e2639bc1aa9b40de6888d07dc0fc2b4c62fbf8a1bc3fd55ed060ad,2015-12,Surrey Police,Northumbria Police,-1.533681,54.992686,On or near Hawthorn Grove,E01008536,North Tyneside 030C,Other theft,Under investigation,
67490183346cc451360042c9bcf90be6f88dc2e3c36660ca6052918804993751,2015-12,Surrey Police,Northumbria Police,-1.535133,54.991488,On or near Supermarket,E01008536,North Tyneside 030C,Public order,Under investigation,
0455fe3fa128b72c3844968c25d05f24ffa3c8da55d6d7b00e24f66c94c98142,2015-12,Surrey Police,Northumbria Police,-1.535133,54.991488,On or near Supermarket,E01008536,North Tyneside 030C,Public order,Offender sent to prison,
ff8fef20a392a16ceb190dac5e7a101dde41a663239fad914c4f56fbc27269d4,2015-12,Surrey Police,Northumbria Police,-1.535133,54.991488,On or near Supermarket,E01008536,North Tyneside 030C,Shoplifting,Awaiting court outcome,
b67c682679918bf2a1012f92a7dcc1968756e305f37b488b760c315a9e1871f7,2015-12,Surrey Police,Northumbria Police,-1.535133,54.991488,On or near Supermarket,E01008536,North Tyneside 030C,Shoplifting,Offender given conditional discharge,
c573f5c67421609bd8d5f708beedf034d84114bdfd9f89251fc444e9fd6b1cfa,2015-12,Surrey Police,Northumbria Police,-1.536013,54.991033,On or near Shopping Area,E01008536,North Tyneside 030C,Shoplifting,Investigation complete; no suspect identified,
2ab38c9ec702e584d19a2b5febe813a9e774fe4e17ec55a634689cb835c9ffba,2015-12,Surrey Police,Northumbria Police,-1.535133,54.991488,On or near Supermarket,E01008536,North Tyneside 030C,Shoplifting,Offender given conditional discharge,
81e09e75a8b503b8afffcdddc1938e2d72cfcad9478e5e9eecdf8a046dfeb09c,2015-12,Surrey Police,Northumbria Police,-1.535133,54.991488,On or near Supermarket,E01008536,North Tyneside 030C,Shoplifting,Offender given a caution,
5cc63c8eb69339a2eb1f515ff6f6d10c49fa4ab54218a17c040c4ba847af7706,2015-12,Surrey Police,Northumbria Police,-1.535133,54.991488,On or near Supermarket,E01008536,North Tyneside 030C,Shoplifting,Offender given absolute discharge,
7356e89c627b339fe0d0edfd851ab3f38734b5ab570f4d3d64452f44631580c0,2015-12,Surrey Police,Northumbria Police,-1.535133,54.991488,On or near Supermarket,E01008536,North Tyneside 030C,Shoplifting,Under investigation,
2f3740c568877edd77bcf33d89f0c21c847f548aadadb14759a6887de6077902,2015-12,Surrey Police,Northumbria Police,-1.535133,54.991488,On or near Supermarket,E01008536,North Tyneside 030C,Shoplifting,Court case unable to proceed,
930edab61fe22ee4b237d15862fadb767d9b1772ae412e81f4e79fcc8910d352,2015-12,Surrey Police,Northumbria Police,-1.537618,54.995586,On or near Park Avenue,E01008536,North Tyneside 030C,Violence and sexual offences,Investigation complete; no suspect identified,
b0b4fb3ed21656b53cb1c7093f70da9867d662f96dd1502d62a7abd454deee16,2015-12,Surrey Police,Northumbria Police,-1.533681,54.992686,On or near Hawthorn Grove,E01008536,North Tyneside 030C,Violence and sexual offences,Awaiting court outcome,
6ba263f3907a26b8d9784e69e9b1557235249160b9ecf7da4c58e1317faf8cb4,2015-12,Surrey Police,Northumbria Police,-1.537618,54.995586,On or near Park Avenue,E01008536,North Tyneside 030C,Violence and sexual offences,Investigation complete; no suspect identified,
ada66fa334bd7597de2b7fbba0b2ffcd97f94ae6523ef40a6ac42589da064f0b,2015-12,Surrey Police,Northumbria Police,-1.535133,54.991488,On or near Supermarket,E01008536,North Tyneside 030C,Violence and sexual offences,Investigation complete; no suspect identified,
2c6845b4f77e1f7de848ec213bcf165094fb796d9b5505b4ac503e5ea26a7d82,2015-12,Surrey Police,Northumbria Police,-1.536013,54.991033,On or near Shopping Area,E01008536,North Tyneside 030C,Other crime,Under investigation,
,2015-12,Surrey Police,Northumbria Police,-1.539365,54.990434,On or near York Drive,E01008537,North Tyneside 030D,Anti-social behaviour,,
,2015-12,Surrey Police,Northumbria Police,-1.539365,54.990434,On or near York Drive,E01008537,North Tyneside 030D,Anti-social behaviour,,
,2015-12,Surrey Police,Northumbria Police,-1.539080,54.990766,On or near Hedley Place,E01008537,North Tyneside 030D,Anti-social behaviour,,
,2015-12,Surrey Police,Northumbria Police,-1.537470,54.990760,On or near Parking Area,E01008537,North Tyneside 030D,Anti-social behaviour,,
,2015-12,Surrey Police,Northumbria Police,-1.537534,54.993357,On or near North Road,E01008537,North Tyneside 030D,Anti-social behaviour,,
9bd143ecf6c1c2153e44ce51e267866ec3aa5e2d4869742f0c6eafa2105e14eb,2015-12,Surrey Police,Northumbria Police,-1.539382,54.993058,On or near Douglass Street,E01008537,North Tyneside 030D,Criminal damage and arson,Investigation complete; no suspect identified,
fbda17fc7b85b768144a48f356b58eb8c9ee9e6af154aea9584947bcd4fbc89b,2015-12,Surrey Police,Northumbria Police,-1.539365,54.990434,On or near York Drive,E01008537,North Tyneside 030D,Criminal damage and arson,Investigation complete; no suspect identified,
b87915233655928c8ee955bcb0e630a96d114a949aa32e6401879352bdac85e2,2015-12,Surrey Police,Northumbria Police,-1.539365,54.990434,On or near York Drive,E01008537,North Tyneside 030D,Criminal damage and arson,Investigation complete; no suspect identified,
5a84aff07798aafeb3e808817714c5bb5e1dfb09c492d83076e6c9eaf370d0ea,2015-12,Surrey Police,Northumbria Police,-1.539365,54.990434,On or near York Drive,E01008537,North Tyneside 030D,Public order,Court case unable to proceed,
,2015-12,Surrey Police,Northumbria Police,-1.538461,54.988822,On or near Brussels Road,E01008575,North Tyneside 030E,Anti-social behaviour,,
,2015-12,Surrey Police,Northumbria Police,-1.534379,54.990406,On or near Frank Street,E01008575,North Tyneside 030E,Anti-social behaviour,,
,2015-12,Surrey Police,Northumbria Police,-1.532469,54.989366,On or near Bus/Coach Station,E01008575,North Tyneside 030E,Anti-social behaviour,,
,2015-12,Surrey Police,Northumbria Police,-1.538461,54.988822,On or near Brussels Road,E01008575,North Tyneside 030E,Anti-social behaviour,,
,2015-12,Surrey Police,Northumbria Police,-1.534379,54.990406,On or near Frank Street,E01008575,North Tyneside 030E,Anti-social behaviour,,
,2015-12,Surrey Police,Northumbria Police,-1.537052,54.990399,On or near High Street West,E01008575,North Tyneside 030E,Anti-social behaviour,,
,2015-12,Surrey Police,Northumbria Police,-1.532306,54.989931,On or near Station Road,E01008575,North Tyneside 030E,Anti-social behaviour,,
,2015-12,Surrey Police,Northumbria Police,-1.538821,54.984690,On or near Maurice Road,E01008575,North Tyneside 030E,Anti-social behaviour,,
,2015-12,Surrey Police,Northumbria Police,-1.532306,54.989931,On or near Station Road,E01008575,North Tyneside 030E,Anti-social behaviour,,
,2015-12,Surrey Police,Northumbria Police,-1.538461,54.988822,On or near Brussels Road,E01008575,North Tyneside 030E,Anti-social behaviour,,
,2015-12,Surrey Police,Northumbria Police,-1.537052,54.990399,On or near High Street West,E01008575,North Tyneside 030E,Anti-social behaviour,,
,2015-12,Surrey Police,Northumbria Police,-1.537052,54.990399,On or near High Street West,E01008575,North Tyneside 030E,Anti-social behaviour,,
,2015-12,Surrey Police,Northumbria Police,-1.532469,54.989366,On or near Bus/Coach Station,E01008575,North Tyneside 030E,Anti-social behaviour,,
,2015-12,Surrey Police,Northumbria Police,-1.532469,54.989366,On or near Bus/Coach Station,E01008575,North Tyneside 030E,Anti-social behaviour,,
,2015-12,Surrey Police,Northumbria Police,-1.537052,54.990399,On or near High Street West,E01008575,North Tyneside 030E,Anti-social behaviour,,
,2015-12,Surrey Police,Northumbria Police,-1.537052,54.990399,On or near High Street West,E01008575,North Tyneside 030E,Anti-social behaviour,,
,2015-12,Surrey Police,Northumbria Police,-1.537526,54.989924,On or near Border Road,E01008575,North Tyneside 030E,Anti-social behaviour,,
5ad782cdc0435ea8f60c93b39ba7c076244cb8b982c0890a36f448012f8b32f8,2015-12,Surrey Police,Northumbria Police,-1.536275,54.989991,On or near James Terrace,E01008575,North Tyneside 030E,Burglary,Under investigation,
cc5c8619830cb98128556e06b6e4a1bba43e9fdb9a491262492dd8e086253b33,2015-12,Surrey Police,Northumbria Police,-1.534009,54.989991,On or near Hugh Street,E01008575,North Tyneside 030E,Criminal damage and arson,Investigation complete; no suspect identified,
0b92c3d9cb7fff7fc4cde265dc61e904baa04353111e47d3b65adb70c51c9818,2015-12,Surrey Police,Northumbria Police,-1.537052,54.990399,On or near High Street West,E01008575,North Tyneside 030E,Criminal damage and arson,Investigation complete; no suspect identified,
b43d0281e7ac768cc90f2352c8c2b86bc39011a1b7b46a909eaf0f784c450cbe,2015-12,Surrey Police,Northumbria Police,-1.533192,54.989045,On or near Wooley Street,E01008575,North Tyneside 030E,Criminal damage and arson,Investigation complete; no suspect identified,
1e5d98d49ba8dc1707c3af81e6d1d6c23757d3e1d7cd3c677cc119bce062a5da,2015-12,Surrey Police,Northumbria Police,-1.538461,54.988822,On or near Brussels Road,E01008575,North Tyneside 030E,Criminal damage and arson,Investigation complete; no suspect identified,
8cbab8c4adad8dac1cb6971dc73ee488762ca6499a73f29a2bc8b97f29587a29,2015-12,Surrey Police,Northumbria Police,-1.537526,54.989924,On or near Border Road,E01008575,North Tyneside 030E,Drugs,Offender given conditional discharge,
ba0b5dafabb3a8b19be5e14e95ecded2abc17d0631a86b76ded775be48501338,2015-12,Surrey Police,Northumbria Police,-1.538200,54.985712,On or near George Road,E01008575,North Tyneside 030E,Other theft,Investigation complete; no suspect identified,
bbef55668624313cac5b70c6d065ac6afee64cfb97963eaa93199d9dd209f93f,2015-12,Surrey Police,Northumbria Police,-1.539959,54.989062,On or near Rowantree Road,E01008575,North Tyneside 030E,Possession of weapons,Under investigation,
213b8782731ff8e58c9323b89d9f3da7c0774e3391d6311dc4e40aee1df1c576,2015-12,Surrey Police,Northumbria Police,-1.532469,54.989366,On or near Bus/Coach Station,E01008575,North Tyneside 030E,Possession of weapons,Awaiting court outcome,
fd52a046618414f9e3d27dcd894636945eca01fb92ab9a292093322f0db38597,2015-12,Surrey Police,Northumbria Police,-1.529878,54.989140,On or near Buddle Street,E01008575,North Tyneside 030E,Public order,Investigation complete; no suspect identified,
8fcaab06e966555bb7c7f2b52549b962df6074353e853ad673bc7c56f54a9797,2015-12,Surrey Police,Northumbria Police,-1.532469,54.989366,On or near Bus/Coach Station,E01008575,North Tyneside 030E,Public order,Awaiting court outcome,
e055136fe5a33d9cc66f22a78200aa6c1e3559eef74af21c2752b1242520e969,2015-12,Surrey Police,Northumbria Police,-1.539959,54.989062,On or near Rowantree Road,E01008575,North Tyneside 030E,Public order,Under investigation,
c1046bd0421d61c6fd3fc22e1e177047da38a68891c6c672e35e64e2cbe9dae4,2015-12,Surrey Police,Northumbria Police,-1.538420,54.986935,On or near Eastfield Avenue,E01008575,North Tyneside 030E,Public order,Investigation complete; no suspect identified,
ddd924697f7a369c648d1bc26787d5c7fa61b673d481bef546a87bb657fc1814,2015-12,Surrey Police,Northumbria Police,-1.534379,54.990406,On or near Frank Street,E01008575,North Tyneside 030E,Public order,Awaiting court outcome,
871880e6001750707d5b4a91be4a3e8959ebd9ec6cf96f969181799e5e005a9f,2015-12,Surrey Police,Northumbria Police,-1.534379,54.990406,On or near Frank Street,E01008575,North Tyneside 030E,Public order,Investigation complete; no suspect identified,
789c74dcbd029baacfbba7a253e3d743f5133208d2c4bfefb52749bfc47e3bf4,2015-12,Surrey Police,Northumbria Police,-1.532469,54.989366,On or near Bus/Coach Station,E01008575,North Tyneside 030E,Public order,Investigation complete; no suspect identified,
eb9bef95f8265ebb5acbfec0c4d2be9c4b860c502d8e3cc6a8195a1855522e3d,2015-12,Surrey Police,Northumbria Police,-1.534379,54.990406,On or near Frank Street,E01008575,North Tyneside 030E,Public order,Offender given community sentence,
9fb6ba6a0cac7421f18ee8e6ee5771aa8fe9ad8540de8289218e45354f4df933,2015-12,Surrey Police,Northumbria Police,-1.534379,54.990406,On or near Frank Street,E01008575,North Tyneside 030E,Public order,Investigation complete; no suspect identified,
916a65b6078132879ecfd1eb285d083c42f16f548f2a9490969e6ec0718f9a5f,2015-12,Surrey Police,Northumbria Police,-1.529878,54.989140,On or near Buddle Street,E01008575,North Tyneside 030E,Shoplifting,Offender sent to prison,
7461a46bea0a1d0a8cc1a429e6e151b5d75411a7425396cd2e2a1a65ef40b7f0,2015-12,Surrey Police,Northumbria Police,-1.529878,54.989140,On or near Buddle Street,E01008575,North Tyneside 030E,Shoplifting,Offender fined,
20d41f923b3db4e58fc7ad370afdbed650898a66f595d8aafa2679f53ceb2b11,2015-12,Surrey Police,Northumbria Police,-1.537526,54.989924,On or near Border Road,E01008575,North Tyneside 030E,Shoplifting,Investigation complete; no suspect identified,
d1e2739dfa1c5b85db1e3cd1274642a7cd30cb1e76127af2b0c0ca9133ea9edd,2015-12,Surrey Police,Northumbria Police,-1.529878,54.989140,On or near Buddle Street,E01008575,North Tyneside 030E,Shoplifting,Investigation complete; no suspect identified,
c461bebc236b1a14ef08698dc9d421fa7a4b5a3c8cdfb8be1fc86c8365c9a083,2015-12,Surrey Police,Northumbria Police,-1.534379,54.990406,On or near Frank Street,E01008575,North Tyneside 030E,Theft from the person,Investigation complete; no suspect identified,
091db10ed33123cd3743266fbb7e6ff358dacdf38f378fa64477b7bd9959b379,2015-12,Surrey Police,Northumbria Police,-1.534379,54.990406,On or near Frank Street,E01008575,North Tyneside 030E,Violence and sexual offences,Investigation complete; no suspect identified,
2eefbb3c44dcf7196eb1cf2bf372e076144b99b88a278c93076683b76abaedf6,2015-12,Surrey Police,Northumbria Police,-1.538461,54.988822,On or near Brussels Road,E01008575,North Tyneside 030E,Violence and sexual offences,Investigation complete; no suspect identified,
f706a6f8feedfbf475b8160f1ebeaf00973418fbcb9b3ce16abdd45b3ba26af1,2015-12,Surrey Police,Northumbria Police,-1.529878,54.989140,On or near Buddle Street,E01008575,North Tyneside 030E,Violence and sexual offences,Awaiting court outcome,
4bb99ec6a997a04bd9c557a3dddca29356478479342a17203e2c0bc9fce9204b,2015-12,Surrey Police,Northumbria Police,-1.534379,54.990406,On or near Frank Street,E01008575,North Tyneside 030E,Violence and sexual offences,Under investigation,
7a9676c571554152b526b47b472a196d4f2e6846883420639951dae0ffe2a5cd,2015-12,Surrey Police,Northumbria Police,-1.532469,54.989366,On or near Bus/Coach Station,E01008575,North Tyneside 030E,Violence and sexual offences,Investigation complete; no suspect identified,
8bdfd1d59493c6c1d680a3985e3734babc7d8bc6e7faddc13f3a3ff5403fd366,2015-12,Surrey Police,Northumbria Police,-1.538200,54.985712,On or near George Road,E01008575,North Tyneside 030E,Violence and sexual offences,Under investigation,
62303e75de01b88e5b3bc00363528c606e2b16fd8bc3fa82f03b365f11b94ffa,2015-12,Surrey Police,Northumbria Police,-1.529878,54.989140,On or near Buddle Street,E01008575,North Tyneside 030E,Violence and sexual offences,Offender sent to prison,
81ff36333fc26e96356c32aa3df91901a55df79aaf03bddeaa671ea4f9f9a2a7,2015-12,Surrey Police,Northumbria Police,-1.537312,54.988153,On or near Crawley Road,E01008575,North Tyneside 030E,Violence and sexual offences,Offender sent to prison,
34a15c04c8201172956172367750206c457e9657c55bd47580524a1c394e2757,2015-12,Surrey Police,Northumbria Police,-1.529878,54.989140,On or near Buddle Street,E01008575,North Tyneside 030E,Violence and sexual offences,Awaiting court outcome,
1273beecf9789c02ffd6ad00aa312d112aab172685cda9f251b61b9e8ceb573a,2015-12,Surrey Police,Northumbria Police,-1.538461,54.988822,On or near Brussels Road,E01008575,North Tyneside 030E,Violence and sexual offences,Under investigation,
fba843abd36538bdde06fde04530dd54a3435f6df4ac7282e8634c50dfdce287,2015-12,Surrey Police,Northumbria Police,-1.529878,54.989140,On or near Buddle Street,E01008575,North Tyneside 030E,Violence and sexual offences,Awaiting court outcome,
398c1a379c7b357e924a8989dee25a4c9a454967a73f9b1db083a038d0147d10,2015-12,Surrey Police,Northumbria Police,-1.533096,54.987912,On or near Buddle Street,E01008575,North Tyneside 030E,Violence and sexual offences,Under investigation,
e8ec122bea1d621cbf3da987c4a58a3bc4fd4c0a85d06da18c25ffaa15ffbf52,2015-12,Surrey Police,Northumbria Police,-1.537052,54.990399,On or near High Street West,E01008575,North Tyneside 030E,Violence and sexual offences,Investigation complete; no suspect identified,
55bdea8586717bf79d6d3ac7869cb10db43b79eac366ef772e39a9c6da17f3c9,2015-12,Surrey Police,Northumbria Police,-1.532469,54.989366,On or near Bus/Coach Station,E01008575,North Tyneside 030E,Violence and sexual offences,Investigation complete; no suspect identified,
,2015-12,Surrey Police,Northumbria Police,-2.011024,55.783087,On or near St Andrew'S Road,E01027376,Northumberland 001A,Anti-social behaviour,,
,2015-12,Surrey Police,Northumbria Police,-2.009269,55.779619,On or near Westfield Road,E01027376,Northumberland 001A,Anti-social behaviour,,
,2015-12,Surrey Police,Northumbria Police,-2.011375,55.783914,On or near St Aidan'S Road,E01027376,Northumberland 001A,Anti-social behaviour,,
81b065fcc81e206282ad5e9af31352cfc51c4637574ff58cbc7a3ac62c68353f,2015-12,Surrey Police,Northumbria Police,-2.010545,55.782755,On or near St George'S Road,E01027376,Northumberland 001A,Burglary,Investigation complete; no suspect identified,
ab834b7144653503ef55587e3a9eb8c61e0935f146235722741df633b6f060c4,2015-12,Surrey Police,Northumbria Police,-2.011358,55.781425,On or near North Road,E01027376,Northumberland 001A,Criminal damage and arson,Under investigation,
4abb3f151027ea8b8002386e0f3f57b141ca547085918c1d6232e3144ac6c602,2015-12,Surrey Police,Northumbria Police,-2.007945,55.776430,On or near Percy Terrace,E01027376,Northumberland 001A,Criminal damage and arson,Local resolution,
2da53e0143971dac58fc0b0ae8a523baf286990b12ab13d66f3e9a3b5df62e73,2015-12,Surrey Police,Northumbria Police,-2.007945,55.776430,On or near Percy Terrace,E01027376,Northumberland 001A,Shoplifting,Offender given a caution,
87f611429bfdf40d3d787dba86035a0a2a367d7809bba9e5aa30ef894953e6f6,2015-12,Surrey Police,Northumbria Police,-2.013815,55.787202,On or near Sports/Recreation Area,E01027376,Northumberland 001A,Violence and sexual offences,Under investigation,
18bed9a1c22252ec0c9acb3ae4be516d8f8172a3548df6b5c38941826f5efe51,2015-12,Surrey Police,Northumbria Police,-2.009269,55.779619,On or near Westfield Road,E01027376,Northumberland 001A,Violence and sexual offences,Investigation complete; no suspect identified,
7677a849a53113ead109137109caf77c0516b2fa7a3f2647e8ed491e15826920,2015-12,Surrey Police,Northumbria Police,-2.008696,55.783078,On or near Sea View,E01027376,Northumberland 001A,Violence and sexual offences,Investigation complete; no suspect identified,
,2015-12,Surrey Police,Northumbria Police,-2.007099,55.771820,On or near Scott'S Place,E01027377,Northumberland 001B,Anti-social behaviour,,
,2015-12,Surrey Police,Northumbria Police,-2.001425,55.768990,On or near Woolmarket,E01027377,Northumberland 001B,Anti-social behaviour,,
,2015-12,Surrey Police,Northumbria Police,-2.005505,55.770059,On or near Nightclub,E01027377,Northumberland 001B,Anti-social behaviour,,
,2015-12,Surrey Police,Northumbria Police,-2.002652,55.767373,On or near Foul Ford,E01027377,Northumberland 001B,Anti-social behaviour,,
,2015-12,Surrey Police,Northumbria Police,-2.007099,55.771820,On or near Scott'S Place,E01027377,Northumberland 001B,Anti-social behaviour,,
,2015-12,Surrey Police,Northumbria Police,-2.001552,55.771245,On or near Parade,E01027377,Northumberland 001B,Anti-social behaviour,,
,2015-12,Surrey Police,Northumbria Police,-2.005983,55.768334,On or near Pedestrian Subway,E01027377,Northumberland 001B,Anti-social behaviour,,
,2015-12,Surrey Police,Northumbria Police,-2.005505,55.770059,On or near Nightclub,E01027377,Northumberland 001B,Anti-social behaviour,,
,2015-12,Surrey Police,Northumbria Police,-2.005712,55.768577,On or near Bridge End,E01027377,Northumberland 001B,Anti-social behaviour,,
,2015-12,Surrey Police,Northumbria Police,-2.003991,55.769233,On or near Eastern Lane,E01027377,Northumberland 001B,Anti-social behaviour,,
,2015-12,Surrey Police,Northumbria Police,-2.005983,55.768334,On or near Pedestrian Subway,E01027377,Northumberland 001B,Anti-social behaviour,,
,2015-12,Surrey Police,Northumbria Police,-2.007099,55.771820,On or near Scott'S Place,E01027377,Northumberland 001B,Anti-social behaviour,,
,2015-12,Surrey Police,Northumbria Police,-2.002572,55.772018,On or near Wallace Green,E01027377,Northumberland 001B,Anti-social behaviour,,
,2015-12,Surrey Police,Northumbria Police,-2.002078,55.770410,On or near Church Street,E01027377,Northumberland 001B,Anti-social behaviour,,
4614341eb52cbbb4fff33b97bc5422be020e46d1f282f00a6aa580a682d11213,2015-12,Surrey Police,Northumbria Police,-2.004501,55.769475,On or near Shopping Area,E01027377,Northumberland 001B,Criminal damage and arson,Investigation complete; no suspect identified,
0ceb6c8d75264b7f91235522f6016ceaf2b2565743be3dbc101e3540a8ade533,2015-12,Surrey Police,Northumbria Police,-2.002190,55.766987,On or near Weddells Lane,E01027377,Northumberland 001B,Drugs,Awaiting court outcome,
fcf59576b5227dcf8f2d3bda8524ccf41d07ba8ccc9e469584576135d8678a9a,2015-12,Surrey Police,Northumbria Police,-2.007099,55.771820,On or near Scott'S Place,E01027377,Northumberland 001B,Other theft,Investigation complete; no suspect identified,
06656c513c1cb12d46b04d86e359f1fd4db192a0c5745a99d5bef03e5a718acf,2015-12,Surrey Police,Northumbria Police,-2.007099,55.771820,On or near Scott'S Place,E01027377,Northumberland 001B,Other theft,Under investigation,
bf05beca78734cc031d4cfab2f29c961f3f22ec5083a6cfdf0d80ccefb926625,2015-12,Surrey Police,Northumbria Police,-2.002716,55.768532,On or near Hide Hill,E01027377,Northumberland 001B,Public order,Under investigation,
6e9671d3b2f65db36fdff86c69dfe039dd045840c6338284aadd62be15429ef7,2015-12,Surrey Police,Northumbria Police,-2.007099,55.771820,On or near Scott'S Place,E01027377,Northumberland 001B,Shoplifting,Offender given a caution,
b5527b05f4a9180d1a6134881c4d96c5892a5e989b160073eb7b062b4ef201e2,2015-12,Surrey Police,Northumbria Police,-2.003831,55.769080,On or near Parking Area,E01027377,Northumberland 001B,Shoplifting,Under investigation,
bbd4a962f27e1312bee4fde3c8f00f5e9763a494d86a851381852b4fafd9f94c,2015-12,Surrey Police,Northumbria Police,-2.003879,55.769790,On or near Marygate,E01027377,Northumberland 001B,Theft from the person,Investigation complete; no suspect identified,
9fb48981350e2fe649f25e4c83d6fd08b52034bc33c1b95baa481e732ccca84c,2015-12,Surrey Police,Northumbria Police,-2.002190,55.766987,On or near Weddells Lane,E01027377,Northumberland 001B,Vehicle crime,Investigation complete; no suspect identified,
eab6b61552777cbdaf17afa5737a4f48e2d23439d625b2143fef70e6322ac69e,2015-12,Surrey Police,Northumbria Police,-2.007099,55.771820,On or near Scott'S Place,E01027377,Northumberland 001B,Violence and sexual offences,Awaiting court outcome,
52c35ea9419773a825985770c73c53a823a1ca47917f20a53421f30a1a4196a1,2015-12,Surrey Police,Northumbria Police,-2.005983,55.768334,On or near Pedestrian Subway,E01027377,Northumberland 001B,Violence and sexual offences,Offender given a caution,
e0a807cbd4d0458c664f3b0ab2303d01d7fc3ee8c5d37295b26326fa16f7c698,2015-12,Surrey Police,Northumbria Police,-2.005983,55.768334,On or near Pedestrian Subway,E01027377,Northumberland 001B,Violence and sexual offences,Offender given a caution,
1543ea2fa389113aaba97e2c3f42ba55384842d8181fe95982550dc98db15afe,2015-12,Surrey Police,Northumbria Police,-2.007370,55.769269,On or near Pudding Lane,E01027377,Northumberland 001B,Violence and sexual offences,Under investigation,
cbd1ed85cb84be36b49ef7dd03a06f481d59fc61b3bf0102fa31791289fdae5e,2015-12,Surrey Police,Northumbria Police,-2.005505,55.770059,On or near Nightclub,E01027377,Northumberland 001B,Violence and sexual offences,Under investigation,
5f3e41d3e8ea73ba16f545b91d635d2d84696ac0fd347e96593f201c57e267bb,2015-12,Surrey Police,Northumbria Police,-2.005505,55.770059,On or near Nightclub,E01027377,Northumberland 001B,Violence and sexual offences,Under investigation,
,2015-12,Surrey Police,Northumbria Police,-2.008451,55.758118,On or near Northumberland Road,E01027385,Northumberland 001C,Anti-social behaviour,,
,2015-12,Surrey Police,Northumbria Police,-2.011176,55.760112,On or near Turret Gardens,E01027385,Northumberland 001C,Anti-social behaviour,,
,2015-12,Surrey Police,Northumbria Police,-2.008451,55.758118,On or near Northumberland Road,E01027385,Northumberland 001C,Anti-social behaviour,,
a7f32618dd665962acc12273c8f4482d880de77f99f744bffe5338f902ae8109,2015-12,Surrey Police,Northumbria Police,-2.012912,55.757650,On or near Parkside,E01027385,Northumberland 001C,Criminal damage and arson,Investigation complete; no suspect identified,
ff278a39dcc32669edda358344f620370e12ab2cba6b476fb4eeb65dbcfdacf4,2015-12,Surrey Police,Northumbria Police,-2.008451,55.758118,On or near Northumberland Road,E01027385,Northumberland 001C,Shoplifting,Investigation complete; no suspect identified,
b37bb1710f5a6b8bbd716ef65270f29d059cbfd0c59109df1851ea5fcfb94328,2015-12,Surrey Police,Northumbria Police,-2.013102,55.754056,On or near Braeside,E01027385,Northumberland 001C,Violence and sexual offences,Under investigation,
d0609487556cc745428b8f9bdd4250edf7a4a5110f3456e188fc7802fb5dff76,2015-12,Surrey Police,Northumbria Police,-2.011829,55.757174,On or near Dean Drive,E01027385,Northumberland 001C,Other crime,Under investigation,
,2015-12,Surrey Police,Northumbria Police,-2.015450,55.767992,On or near West End Road,E01027387,Northumberland 001D,Anti-social behaviour,,
,2015-12,Surrey Police,Northumbria Police,-2.015450,55.767992,On or near West End Road,E01027387,Northumberland 001D,Anti-social behaviour,,
,2015-12,Surrey Police,Northumbria Police,-2.014031,55.767094,On or near Osborne Crescent,E01027387,Northumberland 001D,Anti-social behaviour,,
d0e982a529a992895a3304cbe551e1b9aab1f8a064d19d1cae445317de760561,2015-12,Surrey Police,Northumbria Police,-2.015275,55.768971,On or near West End Place,E01027387,Northumberland 001D,Burglary,Investigation complete; no suspect identified,
1f767dbe22e05664d2f683c4bf98a8ecec308ee9a85bf6e6b9f6be445870072b,2015-12,Surrey Police,Northumbria Police,-2.023512,55.763642,On or near Petrol Station,E01027387,Northumberland 001D,Other theft,Investigation complete; no suspect identified,
659db21571fc1309171ac20df3ebb1b5d3c72a75de0f61f9e7a9228ea38effda,2015-12,Surrey Police,Northumbria Police,-2.023512,55.763642,On or near Petrol Station,E01027387,Northumberland 001D,Shoplifting,Awaiting court outcome,
90944ed1a4b496ad74abb9327b0bed822dd606a9d07b59e9b28cef01236cac31,2015-12,Surrey Police,Northumbria Police,-2.023512,55.763642,On or near Petrol Station,E01027387,Northumberland 001D,Shoplifting,Under investigation,
5c3b13f774e96d600fecc27528dbe64d97da2b06b34acf4f310cb9305aadddbc,2015-12,Surrey Police,Northumbria Police,-2.023512,55.763642,On or near Petrol Station,E01027387,Northumberland 001D,Shoplifting,Under investigation,
b2dc7ccc95c86a478f7ce4cf93e97fa0de2e77666652b41b4a1fdc58d7b06d39,2015-12,Surrey Police,Northumbria Police,-2.011752,55.765701,On or near Prince Edward Road,E01027387,Northumberland 001D,Violence and sexual offences,Under investigation,
,2015-12,Surrey Police,Northumbria Police,-2.003591,55.756941,On or near Sunnyside Crescent,E01027388,Northumberland 001E,Anti-social behaviour,,
,2015-12,Surrey Police,Northumbria Police,-2.001520,55.757382,On or near St Bartholomew'S Crescent,E01027388,Northumberland 001E,Anti-social behaviour,,
6b2beb3c2f153f4e63510b2684c76cda50113841ab1f80f9e37dde76a4eacdde,2015-12,Surrey Police,Northumbria Police,-1.995497,55.753886,On or near Eastcliffe,E01027388,Northumberland 001E,Criminal damage and arson,Investigation complete; no suspect identified,
6cf91dc8cd614adecf3c3bd133b472184423c6c5aa09f3622cc4d65e7530800a,2015-12,Surrey Police,Northumbria Police,-1.995577,55.756357,On or near Pedestrian Subway,E01027388,Northumberland 001E,Other theft,Investigation complete; no suspect identified,
,2015-12,Surrey Police,Northumbria Police,-1.992055,55.755378,On or near Albert Road,E01027389,Northumberland 001F,Anti-social behaviour,,
,2015-12,Surrey Police,Northumbria Police,-1.992868,55.756851,On or near Blenheim Place,E01027389,Northumberland 001F,Anti-social behaviour,,
,2015-12,Surrey Police,Northumbria Police,-1.998445,55.753805,On or near Highcliffe,E01027389,Northumberland 001F,Anti-social behaviour,,
,2015-12,Surrey Police,Northumbria Police,-1.995402,55.752179,On or near Parking Area,E01027389,Northumberland 001F,Anti-social behaviour,,
,2015-12,Surrey Police,Northumbria Police,-1.992868,55.756851,On or near Blenheim Place,E01027389,Northumberland 001F,Anti-social behaviour,,
,2015-12,Surrey Police,Northumbria Police,-1.992868,55.756851,On or near Blenheim Place,E01027389,Northumberland 001F,Anti-social behaviour,,
,2015-12,Surrey Police,Northumbria Police,-1.995402,55.752179,On or near Parking Area,E01027389,Northumberland 001F,Anti-social behaviour,,
26f598f8b45a9a7d8fd8785766557695615d58dea078fd8630428872d3a66819,2015-12,Surrey Police,Northumbria Police,-1.992868,55.756851,On or near Blenheim Place,E01027389,Northumberland 001F,Criminal damage and arson,Under investigation,
,2015-12,Surrey Police,Northumbria Police,-2.008375,55.772871,On or near Castlegate,E01027378,Northumberland 002A,Anti-social behaviour,,
,2015-12,Surrey Police,Northumbria Police,-2.016557,55.784102,On or near Petrol Station,E01027378,Northumberland 002A,Anti-social behaviour,,
,2015-12,Surrey Police,Northumbria Police,-2.016873,55.777201,On or near Castle Terrace,E01027378,Northumberland 002A,Anti-social behaviour,,
,2015-12,Surrey Police,Northumbria Police,-2.012331,55.781820,On or near Supermarket,E01027378,Northumberland 002A,Anti-social behaviour,,
,2015-12,Surrey Police,Northumbria Police,-2.016873,55.777201,On or near Castle Terrace,E01027378,Northumberland 002A,Anti-social behaviour,,
,2015-12,Surrey Police,Northumbria Police,-2.008375,55.772871,On or near Castlegate,E01027378,Northumberland 002A,Anti-social behaviour,,
,2015-12,Surrey Police,Northumbria Police,-2.016557,55.784102,On or near Petrol Station,E01027378,Northumberland 002A,Anti-social behaviour,,
ea411d923b8a7d36e9317ba4d480c2f2f235e9855297d7fdb2ab1865258b789e,2015-12,Surrey Police,Northumbria Police,-2.012331,55.781820,On or near Supermarket,E01027378,Northumberland 002A,Other theft,Awaiting court outcome,
772788535c02349ece204cb3d8ea090aa3beef06660004764706f1e7943a6ee6,2015-12,Surrey Police,Northumbria Police,-2.008375,55.772871,On or near Castlegate,E01027378,Northumberland 002A,Public order,Offender given penalty notice,
f54e05a8f8f964ab60bef75c0106a5babf0e929fe779901e0fda45ae298a4da7,2015-12,Surrey Police,Northumbria Police,-2.016557,55.784102,On or near Petrol Station,E01027378,Northumberland 002A,Public order,Investigation complete; no suspect identified,
1e0330d1da02a2c79c43d688e078d97fbc7ee1376e03feb15cadccd2d7f118d8,2015-12,Surrey Police,Northumbria Police,-2.016557,55.784102,On or near Petrol Station,E01027378,Northumberland 002A,Shoplifting,Under investigation,
,2015-12,Surrey Police,Northumbria Police,-2.032143,55.755302,On or near The Croft,E01027379,Northumberland 002B,Anti-social behaviour,,
,2015-12,Surrey Police,Northumbria Police,-1.930547,55.687440,On or near Park/Open Space,E01027380,Northumberland 002C,Anti-social behaviour,,
353db4be60c91c172ff2a0c052caab5723835047c11f030a1dd8fbd398f5d9aa,2015-12,Surrey Police,Northumbria Police,-2.158456,55.719380,On or near South Lane,E01027382,Northumberland 002D,Violence and sexual offences,Investigation complete; no suspect identified,
92a6123478ccc47ec1e5cc5e0777a3e5b7d979b025859656a09b2e4d6d402de4,2015-12,Surrey Police,Northumbria Police,-2.088316,55.717474,On or near Shoreswood Loan,E01027382,Northumberland 002D,Violence and sexual offences,Under investigation,
,2015-12,Surrey Police,Northumbria Police,-2.015670,55.759959,On or near Sports/Recreation Area,E01027386,Northumberland 002E,Anti-social behaviour,,
,2015-12,Surrey Police,Northumbria Police,-2.011543,55.760652,On or near Turret Gardens,E01027386,Northumberland 002E,Anti-social behaviour,,
23aa7f91f7858a4b3c7a7df688184a6b2da4c38db0bbf92815283e019edeb495,2015-12,Surrey Police,Northumbria Police,-2.017867,55.756751,On or near Valley View,E01027386,Northumberland 002E,Criminal damage and arson,Investigation complete; no suspect identified,
,2015-12,Surrey Police,Northumbria Police,-1.829713,55.594435,On or near Dixon Road,E01027374,Northumberland 003A,Anti-social behaviour,,
a6a315c51ae804eb4c40d96cf240315221b9340719608bf8778e7b7330c9a275,2015-12,Surrey Police,Northumbria Police,-1.791203,55.564301,On or near Petrol Station,E01027374,Northumberland 003A,Other theft,Under investigation,
,2015-12,Surrey Police,Northumbria Police,-2.241556,55.591457,On or near Park/Open Space,E01027375,Northumberland 003B,Anti-social behaviour,,
bef67ab3159ab2a30a1e6e5cd81e53efe9702451cc135f1191ec053810122d8c,2015-12,Surrey Police,Northumbria Police,-2.241556,55.591457,On or near Park/Open Space,E01027375,Northumberland 003B,Burglary,Investigation complete; no suspect identified,
39218bf7cbead82608a2d819425ac704cbd6013ae14c1ea5e27ed6114321f8e4,2015-12,Surrey Police,Northumbria Police,-1.976349,55.510259,On or near A697,E01027375,Northumberland 003B,Burglary,Investigation complete; no suspect identified,
e9eb537bfd1336042f7c303ee1353f2e488e010baa9289fd8f039fb398cf8761,2015-12,Surrey Police,Northumbria Police,-2.230515,55.629531,On or near Park/Open Space,E01027375,Northumberland 003B,Burglary,Under investigation,
,2015-12,Surrey Police,Northumbria Police,-1.652108,55.581588,On or near Crumstone,E01027383,Northumberland 003D,Anti-social behaviour,,
8f3031fbdacefd7b364e7cf4d9a06e9bad792278984bfececf705fd27a62d14e,2015-12,Surrey Police,Northumbria Police,-1.654148,55.580498,On or near Crown Street,E01027383,Northumberland 003D,Violence and sexual offences,Investigation complete; no suspect identified,
d55ef7c3f45ec4bafe75bc85f48a235518c227defac6ab3d9a2074224d013bf6,2015-12,Surrey Police,Northumbria Police,-1.654562,55.582143,On or near Seafield Road,E01027383,Northumberland 003D,Violence and sexual offences,Under investigation,
fa2a3ca8941662370772384362e86d3a3d653134974c0b5914727fa66ccdf616,2015-12,Surrey Police,Northumbria Police,-1.651335,55.581128,On or near North Street,E01027383,Northumberland 003D,Violence and sexual offences,Under investigation,
48b2790e253ee455aa485903f9eef64c451d5114768cd7d928ce4e973a207262,2015-12,Surrey Police,Northumbria Police,-1.706107,55.536542,On or near Parking Area,E01027384,Northumberland 003E,Other crime,Under investigation,
,2015-12,Surrey Police,Northumbria Police,-2.006518,55.544262,On or near Brewery Road,E01027390,Northumberland 003F,Anti-social behaviour,,
bbd52cb62f22ff9b11566f592149093cc80cadc1bca29c69e55cafd36e89e420,2015-12,Surrey Police,Northumbria Police,-2.015871,55.550883,On or near Cottage Road,E01027390,Northumberland 003F,Other theft,Investigation complete; no suspect identified,
7c9a40e9657f13dfdbfca4038a82c62154e754efd64d312927467a7618eff429,2015-12,Surrey Police,Northumbria Police,-2.015871,55.550883,On or near Cottage Road,E01027390,Northumberland 003F,Violence and sexual offences,Investigation complete; no suspect identified,
c07d811bd5f339c99d2ed733b73cf1f2963e797dea4673c5439e665b81053a9c,2015-12,Surrey Police,Northumbria Police,-2.017501,55.545258,On or near Ramsey Lane,E01027390,Northumberland 003F,Violence and sexual offences,Under investigation,
,2015-12,Surrey Police,Northumbria Police,-1.693308,55.397487,On or near Hawfinch Drive,E01027356,Northumberland 004A,Anti-social behaviour,,
,2015-12,Surrey Police,Northumbria Police,-1.693308,55.397487,On or near Hawfinch Drive,E01027356,Northumberland 004A,Anti-social behaviour,,
822677ed1d53dc77f69ccf25e1935d65860745f13b74be288f6881a6a7949b3d,2015-12,Surrey Police,Northumbria Police,-1.630435,55.397736,On or near Alnside Court,E01027356,Northumberland 004A,Criminal damage and arson,Investigation complete; no suspect identified,
3d270ba021e2931ff1743fd01da1af0a60fc4b75a90e9a8671d19873700496b0,2015-12,Surrey Police,Northumbria Police,-1.612956,55.386476,On or near Argyle Street,E01027356,Northumberland 004A,Violence and sexual offences,Under investigation,
178f3f980a8ed57957a5737e9d8d0b4d584184af4c372c120d9443f8a698a0fe,2015-12,Surrey Police,Northumbria Police,-1.634800,55.494586,On or near Sports/Recreation Area,E01027366,Northumberland 004C,Burglary,Investigation complete; no suspect identified,
9e84eb2d611ff19a2542585ec1e213b082f64730ac83dee78f22c044ef2d52b6,2015-12,Surrey Police,Northumbria Police,-1.708230,55.508710,On or near Park/Open Space,E01027366,Northumberland 004C,Violence and sexual offences,Under investigation,
ae181b566c276823008358c7f26e67db12b9ee25165cc3e92544d41e45bb1452,2015-12,Surrey Police,Northumbria Police,-1.639178,55.496980,On or near Station Road,E01027366,Northumberland 004C,Violence and sexual offences,Under investigation,
,2015-12,Surrey Police,Northumbria Police,-1.616565,55.431056,On or near North End,E01027367,Northumberland 004D,Anti-social behaviour,,
,2015-12,Surrey Police,Northumbria Police,-1.616311,55.432826,On or near Bader Crescent,E01027367,Northumberland 004D,Anti-social behaviour,,
,2015-12,Surrey Police,Northumbria Police,-1.698382,55.407042,On or near Supermarket,E01027358,Northumberland 005A,Anti-social behaviour,,
,2015-12,Surrey Police,Northumbria Police,-1.719621,55.414066,On or near Sports/Recreation Area,E01027358,Northumberland 005A,Anti-social behaviour,,
,2015-12,Surrey Police,Northumbria Police,-1.697460,55.405818,On or near Augur Terrace,E01027358,Northumberland 005A,Anti-social behaviour,,
,2015-12,Surrey Police,Northumbria Police,-1.719621,55.414066,On or near Sports/Recreation Area,E01027358,Northumberland 005A,Anti-social behaviour,,
,2015-12,Surrey Police,Northumbria Police,-1.691703,55.400861,On or near Petrol Station,E01027358,Northumberland 005A,Anti-social behaviour,,
,2015-12,Surrey Police,Northumbria Police,-1.705538,55.413233,On or near Bondgate Within,E01027358,Northumberland 005A,Anti-social behaviour,,
,2015-12,Surrey Police,Northumbria Police,-1.691703,55.400861,On or near Petrol Station,E01027358,Northumberland 005A,Anti-social behaviour,,
,2015-12,Surrey Police,Northumbria Police,-1.691703,55.400861,On or near Petrol Station,E01027358,Northumberland 005A,Anti-social behaviour,,
,2015-12,Surrey Police,Northumbria Police,-1.710670,55.415563,On or near Northumberland Street,E01027358,Northumberland 005A,Anti-social behaviour,,
,2015-12,Surrey Police,Northumbria Police,-1.699628,55.403155,On or near Sports/Recreation Area,E01027358,Northumberland 005A,Anti-social behaviour,,
,2015-12,Surrey Police,Northumbria Police,-1.691703,55.400861,On or near Petrol Station,E01027358,Northumberland 005A,Anti-social behaviour,,
,2015-12,Surrey Police,Northumbria Police,-1.710670,55.415563,On or near Northumberland Street,E01027358,Northumberland 005A,Anti-social behaviour,,
,2015-12,Surrey Police,Northumbria Police,-1.719621,55.414066,On or near Sports/Recreation Area,E01027358,Northumberland 005A,Anti-social behaviour,,
b0daafe5b1fc18dba37682a9efb256c33c9f28415008bb28ead4f81cfe3adc34,2015-12,Surrey Police,Northumbria Police,-1.709917,55.414861,On or near Pottergate,E01027358,Northumberland 005A,Criminal damage and arson,Investigation complete; no suspect identified,
f44e8843095910c96d298104cdb5f1cace084a49b69e14dd11409953a01951a7,2015-12,Surrey Police,Northumbria Police,-1.719857,55.414228,On or near Sports/Recreation Area,E01027358,Northumberland 005A,Criminal damage and arson,Investigation complete; no suspect identified,
1c0960098fbe2916cedb73fe73245b1e9efcc0b9524e34b932e261d87288d791,2015-12,Surrey Police,Northumbria Police,-1.698125,55.407707,On or near Queen Street,E01027358,Northumberland 005A,Criminal damage and arson,Investigation complete; no suspect identified,
0efdf6460f5b83d22467fe0f9830df4ba2fb936486258358e259dd0b16c27bcc,2015-12,Surrey Police,Northumbria Police,-1.719857,55.414228,On or near Sports/Recreation Area,E01027358,Northumberland 005A,Criminal damage and arson,Under investigation,
031fd3a8ec1a73b62f92b983e7f3bc5abd8302c56d8a4aff7e32f8f97f8f3a12,2015-12,Surrey Police,Northumbria Police,-1.710670,55.415563,On or near Northumberland Street,E01027358,Northumberland 005A,Criminal damage and arson,Investigation complete; no suspect identified,
fb4f411c4689e735537b85ba94c334c3f7ccbbc84b2cdbf90e51c706070f532e,2015-12,Surrey Police,Northumbria Police,-1.710670,55.415563,On or near Northumberland Street,E01027358,Northumberland 005A,Criminal damage and arson,Under investigation,
41d4037b7aeb66249bbaa52d576ad120240a19f1e426b6a320a1b107de41849e,2015-12,Surrey Police,Northumbria Police,-1.702937,55.412562,On or near Theatre/Concert Hall,E01027358,Northumberland 005A,Criminal damage and arson,Investigation complete; no suspect identified,
a3d383138d9643e89f4c1d4d93974d4073f3044d2da1397c86ad9c532404ec8e,2015-12,Surrey Police,Northumbria Police,-1.691703,55.400861,On or near Petrol Station,E01027358,Northumberland 005A,Shoplifting,Investigation complete; no suspect identified,
0a80549adc5a05e4c00160f9f47e3aee6dd87f0e1a5536c069f8ea80b75abb8c,2015-12,Surrey Police,Northumbria Police,-1.709917,55.414861,On or near Pottergate,E01027358,Northumberland 005A,Violence and sexual offences,Offender given absolute discharge,
89877e9e369357624c1a87da3c536b4b2d1a34a3b87f530ec006732d5aaf1863,2015-12,Surrey Police,Northumbria Police,-1.702937,55.412562,On or near Theatre/Concert Hall,E01027358,Northumberland 005A,Violence and sexual offences,Under investigation,
0e3c48ad828e0c7bf0ce2ba1835755e9822d2c82c1556a48fad339e4cdc1f967,2015-12,Surrey Police,Northumbria Police,-1.702937,55.412562,On or near Theatre/Concert Hall,E01027358,Northumberland 005A,Violence and sexual offences,Offender given a caution,
,2015-12,Surrey Police,Northumbria Police,-1.716828,55.411516,On or near Cedar Grove,E01027359,Northumberland 005B,Anti-social behaviour,,
,2015-12,Surrey Police,Northumbria Police,-1.708449,55.414650,On or near Narrowgate,E01027359,Northumberland 005B,Anti-social behaviour,,
,2015-12,Surrey Police,Northumbria Police,-1.707793,55.413651,On or near Fenkle Street,E01027359,Northumberland 005B,Anti-social behaviour,,
,2015-12,Surrey Police,Northumbria Police,-1.718095,55.413181,On or near Lower Barresdale,E01027359,Northumberland 005B,Anti-social behaviour,,
,2015-12,Surrey Police,Northumbria Police,-1.718095,55.413181,On or near Lower Barresdale,E01027359,Northumberland 005B,Anti-social behaviour,,
,2015-12,Surrey Police,Northumbria Police,-1.707793,55.413651,On or near Fenkle Street,E01027359,Northumberland 005B,Anti-social behaviour,,
,2015-12,Surrey Police,Northumbria Police,-1.707793,55.413651,On or near Fenkle Street,E01027359,Northumberland 005B,Anti-social behaviour,,
,2015-12,Surrey Police,Northumbria Police,-1.717294,55.410322,On or near St Thomas' Crescent,E01027359,Northumberland 005B,Anti-social behaviour,,
,2015-12,Surrey Police,Northumbria Police,-1.707038,55.413254,On or near Market Place,E01027359,Northumberland 005B,Anti-social behaviour,,
,2015-12,Surrey Police,Northumbria Police,-1.717294,55.410322,On or near St Thomas' Crescent,E01027359,Northumberland 005B,Anti-social behaviour,,
,2015-12,Surrey Police,Northumbria Police,-1.706431,55.414124,On or near Supermarket,E01027359,Northumberland 005B,Anti-social behaviour,,
,2015-12,Surrey Police,Northumbria Police,-1.708449,55.414650,On or near Narrowgate,E01027359,Northumberland 005B,Anti-social behaviour,,
3b9849f552e390b8f4ea9b2cbf8bced4b9977d99506f48bcfa94fb88f2bb4e3e,2015-12,Surrey Police,Northumbria Police,-1.710539,55.411906,On or near Clayport Street,E01027359,Northumberland 005B,Criminal damage and arson,Investigation complete; no suspect identified,
7445fab2f2e8e70a115b4dd4fb5d0364e1b70d8e5a365f0d1823308984bb590a,2015-12,Surrey Police,Northumbria Police,-1.707038,55.413254,On or near Market Place,E01027359,Northumberland 005B,Criminal damage and arson,Local resolution,
84886af1e53d8f27064280877cce9393e6953ecb99745e9a04bf54fececcdb7f,2015-12,Surrey Police,Northumbria Police,-1.718095,55.413181,On or near Lower Barresdale,E01027359,Northumberland 005B,Criminal damage and arson,Investigation complete; no suspect identified,
2df68565286db18724f5a2e83616fae65824ee8ef7032ff30092a322cbe769ec,2015-12,Surrey Police,Northumbria Police,-1.714989,55.412410,On or near Howling Lane,E01027359,Northumberland 005B,Criminal damage and arson,Investigation complete; no suspect identified,
c4fd608ec048aeda01626fdfe28c095fffd0e81f5f1f988731d06fec3a7a9b79,2015-12,Surrey Police,Northumbria Police,-1.718647,55.408843,On or near Chapel Lands,E01027359,Northumberland 005B,Criminal damage and arson,Investigation complete; no suspect identified,
c254eb67fdda54908939b55694f656351524c6f928ef25d620f36110d8add407,2015-12,Surrey Police,Northumbria Police,-1.710513,55.413200,On or near Parking Area,E01027359,Northumberland 005B,Shoplifting,Suspect charged as part of another case,
d52852a7ceaf7a975b6741761e10e5f43f01961af9d9d79400756e463f85fc04,2015-12,Surrey Police,Northumbria Police,-1.706431,55.414124,On or near Supermarket,E01027359,Northumberland 005B,Shoplifting,Investigation complete; no suspect identified,
c8d8d737893273ee270c90f8054d69e395b24add4a45af94b04f6dfb298ebb74,2015-12,Surrey Police,Northumbria Police,-1.708449,55.414650,On or near Narrowgate,E01027359,Northumberland 005B,Violence and sexual offences,Awaiting court outcome,
5242302bee507c8152e1841a5b58e86657f50e049eda8538c69247e6f64021f3,2015-12,Surrey Police,Northumbria Police,-1.707793,55.413651,On or near Fenkle Street,E01027359,Northumberland 005B,Violence and sexual offences,Under investigation,
c791d4c86f5747ec4b28976f018a7019e113f3f95b2e6c6dddf6877689252424,2015-12,Surrey Police,Northumbria Police,-1.707793,55.413651,On or near Fenkle Street,E01027359,Northumberland 005B,Violence and sexual offences,Investigation complete; no suspect identified,
d86923026dc6574aeabdcc45068202a367d3e8833074a46f0c63bfa07d277e53,2015-12,Surrey Police,Northumbria Police,-1.716098,55.414102,On or near Alwynside,E01027359,Northumberland 005B,Violence and sexual offences,Under investigation,
0539cb415b4e8f83aec18a909f40a1ff9b7978e2c16953445b3fa777ab28fd20,2015-12,Surrey Police,Northumbria Police,-1.716828,55.411516,On or near Cedar Grove,E01027359,Northumberland 005B,Violence and sexual offences,Investigation complete; no suspect identified,
df317d33af46861c094f62e6fd3a9efed378dd5ca830c2882f9e28f5665bf977,2015-12,Surrey Police,Northumbria Police,-1.707793,55.413651,On or near Fenkle Street,E01027359,Northumberland 005B,Violence and sexual offences,Under investigation,
,2015-12,Surrey Police,Northumbria Police,-1.708829,55.412432,On or near Clayport Square,E01033715,Northumberland 005D,Anti-social behaviour,,
,2015-12,Surrey Police,Northumbria Police,-1.708829,55.412432,On or near Clayport Square,E01033715,Northumberland 005D,Anti-social behaviour,,
,2015-12,Surrey Police,Northumbria Police,-1.702103,55.409999,On or near Stott Street,E01033715,Northumberland 005D,Anti-social behaviour,,
,2015-12,Surrey Police,Northumbria Police,-1.702057,55.411850,On or near Bondgate Without,E01033715,Northumberland 005D,Anti-social behaviour,,
,2015-12,Surrey Police,Northumbria Police,-1.707014,55.412302,On or near St Michael'S Lane,E01033715,Northumberland 005D,Anti-social behaviour,,
,2015-12,Surrey Police,Northumbria Police,-1.707014,55.412302,On or near St Michael'S Lane,E01033715,Northumberland 005D,Anti-social behaviour,,
,2015-12,Surrey Police,Northumbria Police,-1.707014,55.412302,On or near St Michael'S Lane,E01033715,Northumberland 005D,Anti-social behaviour,,
,2015-12,Surrey Police,Northumbria Police,-1.700793,55.409861,On or near Column Mews,E01033715,Northumberland 005D,Anti-social behaviour,,
,2015-12,Surrey Police,Northumbria Police,-1.704046,55.412115,On or near Hotspur Street,E01033715,Northumberland 005D,Anti-social behaviour,,
,2015-12,Surrey Police,Northumbria Police,-1.704898,55.410095,On or near The Avenue,E01033715,Northumberland 005D,Anti-social behaviour,,
0f450cf7cd123330f51aa8d482829339ce0ce9696cb2eb7128586a3cac761a99,2015-12,Surrey Police,Northumbria Police,-1.704358,55.410399,On or near Police Station,E01033715,Northumberland 005D,Burglary,Investigation complete; no suspect identified,
8b92416856cc6b031849f896980feda14db293445c0302111bc3ed49292a2cc8,2015-12,Surrey Police,Northumbria Police,-1.700793,55.409861,On or near Column Mews,E01033715,Northumberland 005D,Criminal damage and arson,Offender given a caution,
fa722db852a01b092d1e00bd74b672c683fb1d60ae11412b15cabf0ccfe8e331,2015-12,Surrey Police,Northumbria Police,-1.704046,55.412115,On or near Hotspur Street,E01033715,Northumberland 005D,Vehicle crime,Investigation complete; no suspect identified,
5da96ba070d1015bdeecb46f661fd18084674de6498a36890b30e65be3a2dd0b,2015-12,Surrey Police,Northumbria Police,-1.704358,55.410399,On or near Police Station,E01033715,Northumberland 005D,Other crime,Investigation complete; no suspect identified,
,2015-12,Surrey Police,Northumbria Police,-1.706843,55.409767,On or near South Street,E01033717,Northumberland 005E,Anti-social behaviour,,
2e8958ebb37dc1fe5ae0c55933459c0ae4c29031689bae95fedb53eb94d1e3ff,2015-12,Surrey Police,Northumbria Police,-1.707013,55.408070,On or near Hope House Lane,E01033717,Northumberland 005E,Burglary,Investigation complete; no suspect identified,
d691b1f060e6aa3a15839cbfd25470bc98499bf796baf2d43c32e3ee71cfce95,2015-12,Surrey Police,Northumbria Police,-1.706843,55.409767,On or near South Street,E01033717,Northumberland 005E,Criminal damage and arson,Investigation complete; no suspect identified,
fbaaed0a032b96fbb96d9000a65c26344d61b4b0141ab64212fd970dcc7d5918,2015-12,Surrey Police,Northumbria Police,-1.708558,55.410679,On or near Lisburn Street,E01033717,Northumberland 005E,Other theft,Investigation complete; no suspect identified,
,2015-12,Surrey Police,Northumbria Police,-1.583723,55.333832,On or near Queen Street,E01027361,Northumberland 006A,Anti-social behaviour,,
,2015-12,Surrey Police,Northumbria Police,-1.584449,55.333736,On or near North Street,E01027361,Northumberland 006A,Anti-social behaviour,,
,2015-12,Surrey Police,Northumbria Police,-1.583539,55.333319,On or near Church Street,E01027361,Northumberland 006A,Anti-social behaviour,,
,2015-12,Surrey Police,Northumbria Police,-1.579512,55.333997,On or near Percy Street,E01027361,Northumberland 006A,Anti-social behaviour,,
ab3dba7bc8a1e0918985938ccb61877b0902d68d6845783c93040398487e1dad,2015-12,Surrey Police,Northumbria Police,-1.583723,55.333832,On or near Queen Street,E01027361,Northumberland 006A,Burglary,Investigation complete; no suspect identified,
f7b6e79f266ac2a6d800a9f203ff8290e85d04582e1f48e2a8d1d0aaa386a343,2015-12,Surrey Police,Northumbria Police,-1.584449,55.333736,On or near North Street,E01027361,Northumberland 006A,Burglary,Investigation complete; no suspect identified,
4262b9b8c455d38bbaa1c1687af8d52d205abbc0f33f26301afd5d6dc066c9c8,2015-12,Surrey Police,Northumbria Police,-1.583723,55.333832,On or near Queen Street,E01027361,Northumberland 006A,Burglary,Investigation complete; no suspect identified,
902a98af9b242a3b146332597e10ab44af77400c3aa3a1f5bd7bb8cec556d3e8,2015-12,Surrey Police,Northumbria Police,-1.581967,55.334446,On or near Parking Area,E01027361,Northumberland 006A,Criminal damage and arson,Investigation complete; no suspect identified,
04e8b724f9ba0db7bde11b2e85cd772d57c76baeb9d43b0a697430d6650c9551,2015-12,Surrey Police,Northumbria Police,-1.584449,55.333736,On or near North Street,E01027361,Northumberland 006A,Criminal damage and arson,Investigation complete; no suspect identified,
f6ad5961d51bb44c50601f56cc0beb8856624953b02f86e8e4ae171c96c70033,2015-12,Surrey Police,Northumbria Police,-1.584449,55.333736,On or near North Street,E01027361,Northumberland 006A,Criminal damage and arson,Investigation complete; no suspect identified,
4e4f812001e4d26333a66ddb0e562a721fc48ac00d7ef464ddfc2300c7d0c58f,2015-12,Surrey Police,Northumbria Police,-1.583539,55.333319,On or near Church Street,E01027361,Northumberland 006A,Public order,Under investigation,
2f6eb281d16799ac851f6e26b488edfc4d49869a8092c33b7eb2dd1bebdc65f1,2015-12,Surrey Police,Northumbria Police,-1.584449,55.333736,On or near North Street,E01027361,Northumberland 006A,Shoplifting,Suspect charged as part of another case,
5a7bcd487ef9a29e2964c5dfb7a550672a19851bd56eb7f004554c7ed7702e24,2015-12,Surrey Police,Northumbria Police,-1.584449,55.333736,On or near North Street,E01027361,Northumberland 006A,Shoplifting,Offender fined,
95fd69ba71e5cd9ee52e4e2e5d0f836b09b3fce1fae2838a0b2f93137a84ebce,2015-12,Surrey Police,Northumbria Police,-1.582634,55.333981,On or near Bridge Street,E01027361,Northumberland 006A,Shoplifting,Offender fined,
b987a53f8df9091e9096a6aec465b3958f385df2e04adadefa26a277892b24c9,2015-12,Surrey Police,Northumbria Police,-1.584449,55.333736,On or near North Street,E01027361,Northumberland 006A,Shoplifting,Under investigation,
,2015-12,Surrey Police,Northumbria Police,-1.576557,55.330276,On or near Philip Drive,E01027362,Northumberland 006B,Anti-social behaviour,,
,2015-12,Surrey Police,Northumbria Police,-1.578611,55.317874,On or near A1068,E01027362,Northumberland 006B,Anti-social behaviour,,
,2015-12,Surrey Police,Northumbria Police,-1.575459,55.328286,On or near Priory Park,E01027362,Northumberland 006B,Anti-social behaviour,,
4a44cee797f2e425ad2aa1fabba31edff38970666b9c27d59b7955281b2405c7,2015-12,Surrey Police,Northumbria Police,-1.578611,55.317874,On or near A1068,E01027362,Northumberland 006B,Criminal damage and arson,Investigation complete; no suspect identified,
da9ac88e2761c764a82379c7039988f1ad3e529f72b5dadaafba2769d3636339,2015-12,Surrey Police,Northumbria Police,-1.578611,55.317874,On or near A1068,E01027362,Northumberland 006B,Other theft,Under investigation,
,2015-12,Surrey Police,Northumbria Police,-1.572486,55.332167,On or near Links Avenue,E01027363,Northumberland 006C,Anti-social behaviour,,
4bcd950815781865f6685d5828f89a6fc2e8cfbde2676a96b4419122141239c2,2015-12,Surrey Police,Northumbria Police,-1.577801,55.333336,On or near Police Station,E01027363,Northumberland 006C,Other theft,Investigation complete; no suspect identified,
,2015-12,Surrey Police,Northumbria Police,-1.589129,55.332332,On or near The Wynd,E01027364,Northumberland 006D,Anti-social behaviour,,
,2015-12,Surrey Police,Northumbria Police,-1.590395,55.330404,On or near Acklington Street,E01027364,Northumberland 006D,Anti-social behaviour,,
,2015-12,Surrey Police,Northumbria Police,-1.590395,55.330404,On or near Acklington Street,E01027364,Northumberland 006D,Anti-social behaviour,,
,2015-12,Surrey Police,Northumbria Police,-1.590395,55.330404,On or near Acklington Street,E01027364,Northumberland 006D,Anti-social behaviour,,
,2015-12,Surrey Police,Northumbria Police,-1.590395,55.330404,On or near Acklington Street,E01027364,Northumberland 006D,Anti-social behaviour,,
,2015-12,Surrey Police,Northumbria Police,-1.590395,55.330404,On or near Acklington Street,E01027364,Northumberland 006D,Anti-social behaviour,,
,2015-12,Surrey Police,Northumbria Police,-1.589572,55.330680,On or near Scott Street,E01027364,Northumberland 006D,Anti-social behaviour,,
,2015-12,Surrey Police,Northumbria Police,-1.590395,55.330404,On or near Acklington Street,E01027364,Northumberland 006D,Anti-social behaviour,,
,2015-12,Surrey Police,Northumbria Police,-1.590395,55.330404,On or near Acklington Street,E01027364,Northumberland 006D,Anti-social behaviour,,
,2015-12,Surrey Police,Northumbria Police,-1.589376,55.331362,On or near West Crescent,E01027364,Northumberland 006D,Anti-social behaviour,,
,2015-12,Surrey Police,Northumbria Police,-1.590395,55.330404,On or near Acklington Street,E01027364,Northumberland 006D,Anti-social behaviour,,
f69e5cde56c7209e33eca7a1ec6957ac9db104bfdb6af968e5321e03a6350bf0,2015-12,Surrey Police,Northumbria Police,-1.589129,55.332332,On or near The Wynd,E01027364,Northumberland 006D,Burglary,Investigation complete; no suspect identified,
f4f930e81782be6c6d19514475e9605c58e790c65dd8cc3c3d1ef0cf9e8323a8,2015-12,Surrey Police,Northumbria Police,-1.587097,55.332262,On or near Eastgarth Avenue,E01027364,Northumberland 006D,Public order,Offender given a caution,
a99b732f8d0c7998f36119338128558bb9bd66a0d064bbde42c0275f22c0a5fa,2015-12,Surrey Police,Northumbria Police,-1.591172,55.329939,On or near Bisley Road,E01027364,Northumberland 006D,Violence and sexual offences,Offender given a caution,
,2015-12,Surrey Police,Northumbria Police,-1.710480,55.296584,On or near Riverside,E01027370,Northumberland 006E,Anti-social behaviour,,
29c0ee638710746b81e363a7945ff160d0afaea2c6f7ae122c82fabac8e6596e,2015-12,Surrey Police,Northumbria Police,-1.711661,55.298797,On or near Prospect Close,E01027370,Northumberland 006E,Burglary,Under investigation,
5fe1c41a8e25b69a5e85e3f2c2b34201646aef96d4410cb80681618ae737bd44,2015-12,Surrey Police,Northumbria Police,-1.707592,55.301717,On or near South View,E01027370,Northumberland 006E,Burglary,Under investigation,
27431cb9d9a3e3eb2e3fb6d43a825ea05f308c4bbb1c871dc6a25a0348340e26,2015-12,Surrey Police,Northumbria Police,-1.740000,55.326896,On or near Nelson Drive,E01027370,Northumberland 006E,Vehicle crime,Investigation complete; no suspect identified,
3c4e843be7c0cf82999958f963e5927b393c89b6b8464e8586390b2add9bbf68,2015-12,Surrey Police,Northumbria Police,-1.725618,55.309783,On or near A1,E01027370,Northumberland 006E,Vehicle crime,Investigation complete; no suspect identified,
,2015-12,Surrey Police,Northumbria Police,-1.686398,55.370827,On or near Grange Road,E01027371,Northumberland 006F,Anti-social behaviour,,
,2015-12,Surrey Police,Northumbria Police,-1.698567,55.370336,On or near Farne Road,E01027371,Northumberland 006F,Anti-social behaviour,,
,2015-12,Surrey Police,Northumbria Police,-1.698812,55.371298,On or near West End,E01027371,Northumberland 006F,Anti-social behaviour,,
39053a9801baddc066ffd8e61b2a111880bd8861e8d637bc58bf8d07490d0a7e,2015-12,Surrey Police,Northumbria Police,-1.699140,55.369619,On or near Selby Road,E01027371,Northumberland 006F,Violence and sexual offences,Under investigation,
9ecc7802579303eb7a76bdf2c7a45bb4488bc2452e7fb6cfd38000bc0943cc7f,2015-12,Surrey Police,Northumbria Police,-1.690830,55.373076,On or near Percy Road,E01027371,Northumberland 006F,Violence and sexual offences,Investigation complete; no suspect identified,
28650c53b1e8fd38ac33016b6eee77719b4cc53c9fe991856966787b811886ad,2015-12,Surrey Police,Northumbria Police,-1.651385,55.308048,On or near Parking Area,E01027372,Northumberland 006G,Burglary,Under investigation,
b1df6ead52bed2a46175abada716ebbf5472915ba53e9d968307e824c02284d6,2015-12,Surrey Police,Northumbria Police,-1.651385,55.308048,On or near Parking Area,E01027372,Northumberland 006G,Burglary,Investigation complete; no suspect identified,
cb72a4f3cf68542a16f042874b6b779fde2e5d98d3fe0e1806a2e9d1e40f474b,2015-12,Surrey Police,Northumbria Police,-1.625898,55.339728,On or near Lingfield Close,E01027372,Northumberland 006G,Criminal damage and arson,Under investigation,
57062f5b3d8e637ff5df445807760c8e4cbbf208050e617397709758e82885ea,2015-12,Surrey Police,Northumbria Police,-1.590013,55.335327,On or near Rivergreen,E01027372,Northumberland 006G,Other theft,Under investigation,
2dff00a384f67bd74b08cee28b592d8d1292e436b939d4de437ad83275f7c518,2015-12,Surrey Police,Northumbria Police,-1.641473,55.310230,On or near Dairy Court,E01027372,Northumberland 006G,Other theft,Awaiting court outcome,
cf5a9ff58e64e043abcc9691c342cf3892a77c07e381ea173c808c5dc7e9dbff,2015-12,Surrey Police,Northumbria Police,-1.651385,55.308048,On or near Parking Area,E01027372,Northumberland 006G,Vehicle crime,Investigation complete; no suspect identified,
06dc7344dc5a8346abed820d37298aa68a1c109982c680a8ec1d9fd7dd961762,2015-12,Surrey Police,Northumbria Police,-1.831421,55.417640,On or near Petrol Station,E01027365,Northumberland 007A,Burglary,Investigation complete; no suspect identified,
4c9150f023c3a168df7903c77460f5c3314f6c539e185a60e04ace4f05a8f00f,2015-12,Surrey Police,Northumbria Police,-1.800057,55.303170,On or near Cairn Park,E01027365,Northumberland 007A,Criminal damage and arson,Investigation complete; no suspect identified,
660a2f6dfdd76ed9e845d2cc2e29ed4817c303a9efb46bbfc822806b6d6d75b5,2015-12,Surrey Police,Northumbria Police,-1.802433,55.300460,On or near Hillrise Lane,E01027365,Northumberland 007A,Other theft,Investigation complete; no suspect identified,
6afad32cabebd06865c8d73579bd9170e516ddf700e96d75cd8d36bf24570669,2015-12,Surrey Police,Northumbria Police,-1.730525,55.489910,On or near A1,E01027365,Northumberland 007A,Vehicle crime,Investigation complete; no suspect identified,
ccf079efe40fba290495758c52bb14c032941f50010c081d811356632918fec4,2015-12,Surrey Police,Northumbria Police,-1.831421,55.417640,On or near Petrol Station,E01027365,Northumberland 007A,Violence and sexual offences,Under investigation,
a17e55b3a82f8fbdda6d66e4e9c67dcd5fb8249adb525b2a8e39472a871da71e,2015-12,Surrey Police,Northumbria Police,-1.831421,55.417640,On or near Petrol Station,E01027365,Northumberland 007A,Violence and sexual offences,Under investigation,
49873860b274bd9bb3301a3ee66c210ab1708e586293238d79ce04a8d1634349,2015-12,Surrey Police,Northumbria Police,-1.801558,55.302193,On or near The Causeway,E01027365,Northumberland 007A,Violence and sexual offences,Under investigation,
,2015-12,Surrey Police,Northumbria Police,-1.913133,55.304327,On or near Whitton Bank Road,E01027368,Northumberland 007B,Anti-social behaviour,,
,2015-12,Surrey Police,Northumbria Police,-1.943331,55.291279,On or near Parking Area,E01027368,Northumberland 007B,Anti-social behaviour,,
0ca4a34a40515ddb8c49c21e0959eb2524de7b7c8cf04ba8c8ea888d45985e05,2015-12,Surrey Police,Northumbria Police,-1.908535,55.310272,On or near Town Foot,E01027368,Northumberland 007B,Burglary,Investigation complete; no suspect identified,
7c5188481effa67fead0e1e7a65e1fed74b988706e65d157fe213ad0bdd5815f,2015-12,Surrey Police,Northumbria Police,-1.912350,55.309412,On or near Front Street,E01027368,Northumberland 007B,Criminal damage and arson,Local resolution,
62e50a3f806a63a7a5d20a5470df78c7723d9516592d5594b081fc8b2ba3bdf2,2015-12,Surrey Police,Northumbria Police,-1.912350,55.309412,On or near Front Street,E01027368,Northumberland 007B,Violence and sexual offences,Local resolution,
,2015-12,Surrey Police,Northumbria Police,-1.902430,55.307266,On or near Tollgate Crescent,E01027369,Northumberland 007C,Anti-social behaviour,,
,2015-12,Surrey Police,Northumbria Police,-1.913138,55.308963,On or near The Maltings,E01027369,Northumberland 007C,Anti-social behaviour,,
,2015-12,Surrey Police,Northumbria Police,-1.919312,55.309560,On or near The Pinfold,E01027369,Northumberland 007C,Anti-social behaviour,,
0ebc82ce165db624c4b86376c3f4875e082309570e1f8802467583125e0c4016,2015-12,Surrey Police,Northumbria Police,-1.913138,55.308963,On or near The Maltings,E01027369,Northumberland 007C,Criminal damage and arson,Under investigation,
eb1560dc25d270239ab2f36416812800bbc8ca0e4f601e29ba7547e202f69272,2015-12,Surrey Police,Northumbria Police,-2.128262,55.350970,On or near Parking Area,E01027373,Northumberland 007D,Burglary,Investigation complete; no suspect identified,
580eedec54071bd2e1cdcc89f834e97e359036bb37916812e0d21a33962cd5a1,2015-12,Surrey Police,Northumbria Police,-2.128262,55.350970,On or near Parking Area,E01027373,Northumberland 007D,Vehicle crime,Offender fined,
,2015-12,Surrey Police,Northumbria Police,-1.602486,55.295534,On or near Willow Close,E01027443,Northumberland 008A,Anti-social behaviour,,
,2015-12,Surrey Police,Northumbria Police,-1.599640,55.293503,On or near Cheviot Crescent,E01027443,Northumberland 008A,Anti-social behaviour,,
,2015-12,Surrey Police,Northumbria Police,-1.606294,55.295897,On or near Hartside Crescent,E01027443,Northumberland 008A,Anti-social behaviour,,
21ea9b64a31a25b405e1e3a262dbe523aa40c4b5c6c6a7c5888018cdccfa0d10,2015-12,Surrey Police,Northumbria Police,-1.601695,55.295936,On or near Chibburn Avenue,E01027443,Northumberland 008A,Criminal damage and arson,Investigation complete; no suspect identified,
a01e3182556d450bddf4516b3f439ac403158287eb880f95fa73dcfcf9e44b64,2015-12,Surrey Police,Northumbria Police,-1.605951,55.295474,On or near Simonside Crescent,E01027443,Northumberland 008A,Criminal damage and arson,Investigation complete; no suspect identified,
189afe54f19b83c74200ea68afa953ff5aeea9cd2675c1f1d2f87598ca3786cf,2015-12,Surrey Police,Northumbria Police,-1.605951,55.295474,On or near Simonside Crescent,E01027443,Northumberland 008A,Drugs,Offender given a drugs possession warning,
329ab758d0426087d04d8e9d1a20a869aba3e21b9e4a6c9fc9f249898b971ff9,2015-12,Surrey Police,Northumbria Police,-1.599640,55.293503,On or near Cheviot Crescent,E01027443,Northumberland 008A,Public order,Under investigation,
2616bf621c310d7a2ae5e4379f408bf4d4df19d8756b93740225c1cb3a3b37d3,2015-12,Surrey Police,Northumbria Police,-1.603555,55.294172,On or near Supermarket,E01027443,Northumberland 008A,Shoplifting,Investigation complete; no suspect identified,
93ea9f69d3c19d828ac78527aff4a94e84a74bac23b222763297438488ca24c0,2015-12,Surrey Police,Northumbria Police,-1.603555,55.294172,On or near Supermarket,E01027443,Northumberland 008A,Shoplifting,Investigation complete; no suspect identified,
416a355748e1a2653ff705b89ab11a2a18c7faf91e58707d8eb899c92e8e8897,2015-12,Surrey Police,Northumbria Police,-1.605951,55.295474,On or near Simonside Crescent,E01027443,Northumberland 008A,Violence and sexual offences,Under investigation,
022ca576d06a4e637a7d26715a882e8277d23313403eec7cdc6599a24a1d2f84,2015-12,Surrey Police,Northumbria Police,-1.597514,55.295060,On or near The Dunes,E01027443,Northumberland 008A,Violence and sexual offences,Under investigation,
0334b0b5a1112cd66d8312c2afb0e81edd42f68ea2f59f0b63cc7e5ffd230d8d,2015-12,Surrey Police,Northumbria Police,-1.595717,55.293769,On or near Ladyburn Way,E01027443,Northumberland 008A,Violence and sexual offences,Under investigation,
05612a2cc6ca373dba731b12111b7770e063e61bfe9eb73ee95f57fc8efa87bf,2015-12,Surrey Police,Northumbria Police,-1.599640,55.293503,On or near Cheviot Crescent,E01027443,Northumberland 008A,Violence and sexual offences,Offender given a caution,
9b6cf7e006853591cd23f4c1264ed87db3f64900baeb2a08fe2ae5df95cf0548,2015-12,Surrey Police,Northumbria Police,-1.599640,55.293503,On or near Cheviot Crescent,E01027443,Northumberland 008A,Violence and sexual offences,Under investigation,
5b445dc0e68df32bd6cda02524e03ef86062cd0b0242f6fb49e2d075c8765419,2015-12,Surrey Police,Northumbria Police,-1.601695,55.295936,On or near Chibburn Avenue,E01027443,Northumberland 008A,Violence and sexual offences,Investigation complete; no suspect identified,
70e867cd9a25685649e8b1251c2b8281eaf326f7e4634c4973733a7353dae990,2015-12,Surrey Police,Northumbria Police,-1.597514,55.295060,On or near The Dunes,E01027443,Northumberland 008A,Violence and sexual offences,Under investigation,
,2015-12,Surrey Police,Northumbria Police,-1.574828,55.291487,On or near Park/Open Space,E01027444,Northumberland 008B,Anti-social behaviour,,
,2015-12,Surrey Police,Northumbria Police,-1.602367,55.285389,On or near Old School Close,E01027444,Northumberland 008B,Anti-social behaviour,,
5b7b7bd0cac6390c31f81164fa1dd94ad746704a8c89e90393fad62bba830c75,2015-12,Surrey Police,Northumbria Police,-1.603970,55.285673,On or near Swarland Terrace,E01027444,Northumberland 008B,Burglary,Investigation complete; no suspect identified,
f0e4df49da833c5484280850e23edcb2ce901936c89af4660691c925d3aa6d57,2015-12,Surrey Police,Northumbria Police,-1.634255,55.296721,On or near Wansbeck Road,E01027444,Northumberland 008B,Criminal damage and arson,Under investigation,
897e157db6df4cc0bf292c66a168ac977969f8de801edfc9f09bb0791ff9fedb,2015-12,Surrey Police,Northumbria Police,-1.634255,55.296721,On or near Wansbeck Road,E01027444,Northumberland 008B,Criminal damage and arson,Under investigation,
3602295d324d539562924b69b7f3d3cf71e414d0a696bab75296184b21fa3ebd,2015-12,Surrey Police,Northumbria Police,-1.634255,55.296721,On or near Wansbeck Road,E01027444,Northumberland 008B,Public order,Under investigation,
fae7e19cb9d23bf085bc207f8ed52e539dc957ab89738744228ffa78174cfc49,2015-12,Surrey Police,Northumbria Police,-1.634255,55.296721,On or near Wansbeck Road,E01027444,Northumberland 008B,Public order,Under investigation,
abc091f4acf7d54434094e8735e4c72eea97b73b08a09cef0d4081bbb909b54f,2015-12,Surrey Police,Northumbria Police,-1.634255,55.296721,On or near Wansbeck Road,E01027444,Northumberland 008B,Violence and sexual offences,Under investigation,
df89b4a741ecd0fc97bf6709e724ad0dc8dfffda86ddf7c4c7bfff12b4093850,2015-12,Surrey Police,Northumbria Police,-1.634255,55.296721,On or near Wansbeck Road,E01027444,Northumberland 008B,Violence and sexual offences,Under investigation,
1fdc7a666688099a24fe24a25c735149c49299a9e2e2b30079780ebf196f0054,2015-12,Surrey Police,Northumbria Police,-1.634255,55.296721,On or near Wansbeck Road,E01027444,Northumberland 008B,Violence and sexual offences,Under investigation,
a545dc04d354fa898db2caf596cd0da4896108f183e960e318c62d024b058134,2015-12,Surrey Police,Northumbria Police,-1.634255,55.296721,On or near Wansbeck Road,E01027444,Northumberland 008B,Other crime,Investigation complete; no suspect identified,
93e47bde75d59672100860b9d975e67555d3a2e14951a1d507874c5ea2c1578b,2015-12,Surrey Police,Northumbria Police,-1.634255,55.296721,On or near Wansbeck Road,E01027444,Northumberland 008B,Other crime,Investigation complete; no suspect identified,
423c0ce0b47730e62fb4e984184927cbf99842b05c30e7598c802cd980ece0e7,2015-12,Surrey Police,Northumbria Police,-1.634255,55.296721,On or near Wansbeck Road,E01027444,Northumberland 008B,Other crime,Under investigation,
bf9bcb1d8c4ef17cec8e160b7b23dd6035b7fbda27c2cf22b16ceeb71630cdf0,2015-12,Surrey Police,Northumbria Police,-1.634255,55.296721,On or near Wansbeck Road,E01027444,Northumberland 008B,Other crime,Under investigation,
,2015-12,Surrey Police,Northumbria Police,-1.555416,55.244611,On or near Parking Area,E01027445,Northumberland 008C,Anti-social behaviour,,
,2015-12,Surrey Police,Northumbria Police,-1.558475,55.222652,On or near Breamish,E01027445,Northumberland 008C,Anti-social behaviour,,
,2015-12,Surrey Police,Northumbria Police,-1.555416,55.244611,On or near Parking Area,E01027445,Northumberland 008C,Anti-social behaviour,,
,2015-12,Surrey Police,Northumbria Police,-1.558475,55.222652,On or near Breamish,E01027445,Northumberland 008C,Anti-social behaviour,,
062d576023eeeae95ab75559e49d3a6224097dd3c21a67aa961973894aa753b0,2015-12,Surrey Police,Northumbria Police,-1.542012,55.234030,On or near St Bartholomews Close,E01027445,Northumberland 008C,Violence and sexual offences,Investigation complete; no suspect identified,
4d72d2c52b6bf36108e50477cb1467a51625debacce2f03bf28f81d6de5df9b0,2015-12,Surrey Police,Northumbria Police,-1.571781,55.227767,On or near Warkworth Lane,E01027445,Northumberland 008C,Other crime,Awaiting court outcome,
,2015-12,Surrey Police,Northumbria Police,-1.557944,55.223746,On or near Glenside,E01027446,Northumberland 008D,Anti-social behaviour,,
,2015-12,Surrey Police,Northumbria Police,-1.559804,55.226116,On or near Fontburn,E01027446,Northumberland 008D,Anti-social behaviour,,
305adddd600677d6d36b99cc01ed752c70cbe6d7e6a0b613c7c9ddab40fb6c82,2015-12,Surrey Police,Northumbria Police,-1.569428,55.218593,On or near Mill Court,E01027446,Northumberland 008D,Burglary,Investigation complete; no suspect identified,
974cae54d1ad9784f6f85d2cddc6d985526c6b86c1bd6c5cb3a3e94007ecc543,2015-12,Surrey Police,Northumbria Police,-1.560657,55.222929,On or near Hazel Grove,E01027446,Northumberland 008D,Criminal damage and arson,Investigation complete; no suspect identified,
00ba19cfa14e825467dc8409caddddf7e1b5abbc7b86ba8528066026430a230f,2015-12,Surrey Police,Northumbria Police,-1.559804,55.226116,On or near Fontburn,E01027446,Northumberland 008D,Criminal damage and arson,Investigation complete; no suspect identified,
bb9f95aee1eea8620b140680100aafb2c6ea1b4f4c3962fdbf1a9e55b63d7226,2015-12,Surrey Police,Northumbria Police,-1.559804,55.226116,On or near Fontburn,E01027446,Northumberland 008D,Public order,Under investigation,
5354fdeb200020c091bd9d09796b0d645443ab514952a6e3fe68eaafc3b225b6,2015-12,Surrey Police,Northumbria Police,-1.559804,55.226116,On or near Fontburn,E01027446,Northumberland 008D,Vehicle crime,Investigation complete; no suspect identified,
12f578335c34b4e0dfe5b5d0846159df704d97b0e720a980f1c4fab8462b13b3,2015-12,Surrey Police,Northumbria Police,-1.557944,55.223746,On or near Glenside,E01027446,Northumberland 008D,Violence and sexual offences,Under investigation,
,2015-12,Surrey Police,Northumbria Police,-1.540212,55.210112,On or near Sports/Recreation Area,E01027451,Northumberland 008E,Anti-social behaviour,,
,2015-12,Surrey Police,Northumbria Police,-1.543882,55.214852,On or near Boland Road,E01027451,Northumberland 008E,Anti-social behaviour,,
,2015-12,Surrey Police,Northumbria Police,-1.546070,55.213144,On or near Fenham Road,E01027451,Northumberland 008E,Anti-social behaviour,,
,2015-12,Surrey Police,Northumbria Police,-1.539994,55.214020,On or near Dalton Avenue,E01027451,Northumberland 008E,Anti-social behaviour,,
,2015-12,Surrey Police,Northumbria Police,-1.541144,55.209639,On or near Sports/Recreation Area,E01027451,Northumberland 008E,Anti-social behaviour,,
,2015-12,Surrey Police,Northumbria Police,-1.539994,55.214020,On or near Dalton Avenue,E01027451,Northumberland 008E,Anti-social behaviour,,
1f3859187bff6bfebaf7457de20341fdeeb3b0fceb70784f6a4ce8793e80b26a,2015-12,Surrey Police,Northumbria Police,-1.539994,55.214020,On or near Dalton Avenue,E01027451,Northumberland 008E,Burglary,Investigation complete; no suspect identified,
ab87765089ec20220ba991064621cd8f8707c01858436dc33e9f0668bbd34681,2015-12,Surrey Police,Northumbria Police,-1.536172,55.212891,On or near West Market Street,E01027451,Northumberland 008E,Criminal damage and arson,Investigation complete; no suspect identified,
001505e31ca164c8aee510a279b2edd6db6a8aba856badbe571495ae6eba25c6,2015-12,Surrey Police,Northumbria Police,-1.543882,55.214852,On or near Boland Road,E01027451,Northumberland 008E,Drugs,Awaiting court outcome,
1bba44aafb4c78f23f6f7aa256424e383540674c0e4a3f8f79e442a58427d0dd,2015-12,Surrey Police,Northumbria Police,-1.539994,55.214020,On or near Dalton Avenue,E01027451,Northumberland 008E,Vehicle crime,Under investigation,
d32281362354eb56b66dc4738a38e68743faea32b4b27735766d465ebda0c775,2015-12,Surrey Police,Northumbria Police,-1.540989,55.212217,On or near Kingsley Road,E01027451,Northumberland 008E,Violence and sexual offences,Awaiting court outcome,
6ddec6b23174072e8e24475b24fdb144d272fe592b43c01b0814a38ceb4e61ff,2015-12,Surrey Police,Northumbria Police,-1.540989,55.212217,On or near Kingsley Road,E01027451,Northumberland 008E,Violence and sexual offences,Awaiting court outcome,
a65387f8473b3e083e91f5bd7628bebd1b7c7d532f832a4190a7c7d4ef5eb3eb,2015-12,Surrey Police,Northumbria Police,-1.540989,55.212217,On or near Kingsley Road,E01027451,Northumberland 008E,Violence and sexual offences,Under investigation,
5199ca5a2b79d2b94ae084d81c26ba146de81497a8e9d1171c79c5178abf5b70,2015-12,Surrey Police,Northumbria Police,-1.536688,55.211797,On or near Albion Terrace,E01027451,Northumberland 008E,Violence and sexual offences,Under investigation,
,2015-12,Surrey Police,Northumbria Police,-1.616564,55.236839,On or near Elizabeth Street,E01027474,Northumberland 008F,Anti-social behaviour,,
,2015-12,Surrey Police,Northumbria Police,-1.616564,55.236839,On or near Elizabeth Street,E01027474,Northumberland 008F,Anti-social behaviour,,
,2015-12,Surrey Police,Northumbria Police,-1.618590,55.237070,On or near Grange Court,E01027474,Northumberland 008F,Anti-social behaviour,,
c1418b61654d811df86d0866bc17c71e9b9c85893194adf9f41410d24bd028f5,2015-12,Surrey Police,Northumbria Police,-1.617205,55.238845,On or near De Merley Gardens,E01027474,Northumberland 008F,Burglary,Under investigation,
bf1e75770e91d2e80a2afdb84036253fa579c3bdda2786524ec8bd7d59cacc84,2015-12,Surrey Police,Northumbria Police,-1.617205,55.238845,On or near De Merley Gardens,E01027474,Northumberland 008F,Criminal damage and arson,Investigation complete; no suspect identified,
26ff3deee32c4217bfd49820b80fbb398d0875b4febe6165ac38847796787450,2015-12,Surrey Police,Northumbria Police,-1.617237,55.240417,On or near Ena Street,E01027474,Northumberland 008F,Criminal damage and arson,Under investigation,
b1e4f340f8ac6b243149498466e6749fdb45f54e7de3dc1cd8f1f4da2634ffa9,2015-12,Surrey Police,Northumbria Police,-1.617205,55.238845,On or near De Merley Gardens,E01027474,Northumberland 008F,Drugs,Awaiting court outcome,
9b82010682189de3bd3ee46df0caecd04d5360110976ba3e49c6de029405c955,2015-12,Surrey Police,Northumbria Police,-1.618320,55.240627,On or near Edith Street,E01027474,Northumberland 008F,Shoplifting,Investigation complete; no suspect identified,
fb3f5a12ba069ae490e428c0a75801960dd29bf7f41026a9ee1a53db88745e02,2015-12,Surrey Police,Northumbria Police,-1.617205,55.238845,On or near De Merley Gardens,E01027474,Northumberland 008F,Violence and sexual offences,Investigation complete; no suspect identified,
,2015-12,Surrey Police,Northumbria Police,-1.600195,55.257059,On or near School Row,E01027475,Northumberland 008G,Anti-social behaviour,,
,2015-12,Surrey Police,Northumbria Police,-1.615938,55.241357,On or near Parking Area,E01027475,Northumberland 008G,Anti-social behaviour,,
,2015-12,Surrey Police,Northumbria Police,-1.618469,55.229944,On or near Tute Hill,E01027475,Northumberland 008G,Anti-social behaviour,,
f18bae9fc59d4c2c3bb56208ce63e906a9eab4a956dd7c470ac1b246cf7d1216,2015-12,Surrey Police,Northumbria Police,-1.627291,55.244914,On or near Grangewood,E01027475,Northumberland 008G,Burglary,Under investigation,
e04f6a0e77e21454086410b40ae0a9cd5b729386d9be4719fbbae5cd8b20d656,2015-12,Surrey Police,Northumbria Police,-1.615938,55.241357,On or near Parking Area,E01027475,Northumberland 008G,Criminal damage and arson,Investigation complete; no suspect identified,
6e5e9e4c60f1e26b62bf1c142e094983db23fff1f5ae8d86e678b63eeb73663a,2015-12,Surrey Police,Northumbria Police,-1.627291,55.244914,On or near Grangewood,E01027475,Northumberland 008G,Other theft,Investigation complete; no suspect identified,
03d26d54ed6e6150fe9dd184dc1d30528e38c63c4842db85be99d631c2330d36,2015-12,Surrey Police,Northumbria Police,-1.634908,55.223884,On or near Orchard Close,E01027475,Northumberland 008G,Other crime,Under investigation,
,2015-12,Surrey Police,Northumbria Police,-1.519158,55.187593,On or near Woodhorn Road,E01027541,Northumberland 009A,Anti-social behaviour,,
,2015-12,Surrey Police,Northumbria Police,-1.515188,55.184719,On or near Argyle Terrace,E01027541,Northumberland 009A,Anti-social behaviour,,
,2015-12,Surrey Police,Northumbria Police,-1.509731,55.185354,On or near Watt'S Lane,E01027541,Northumberland 009A,Anti-social behaviour,,
,2015-12,Surrey Police,Northumbria Police,-1.519158,55.187593,On or near Woodhorn Road,E01027541,Northumberland 009A,Anti-social behaviour,,
,2015-12,Surrey Police,Northumbria Police,-1.506420,55.186347,On or near Sandridge,E01027541,Northumberland 009A,Anti-social behaviour,,
d3d272c31aaeeba4962523267f721cffb205086f730c0f3f077fe85b0933bb07,2015-12,Surrey Police,Northumbria Police,-1.512146,55.186882,On or near Manor Drive,E01027541,Northumberland 009A,Criminal damage and arson,Investigation complete; no suspect identified,
8c95b10a8250ea24251a6a95ac72eb84308b6d18adf31e29b6c74d854479ad61,2015-12,Surrey Police,Northumbria Police,-1.506420,55.186347,On or near Sandridge,E01027541,Northumberland 009A,Criminal damage and arson,Investigation complete; no suspect identified,
501d54968560ce6fffdd4ccdf85cf139fdad127bf5a01fc9d2f335f1e2b5f66a,2015-12,Surrey Police,Northumbria Police,-1.512558,55.185302,On or near Woodhorn Lane,E01027541,Northumberland 009A,Other theft,Under investigation,
a837f55e2bb6477e9e5fd7ce6c06d57faad8cd8940cb7c7d8c73fd800b49f60d,2015-12,Surrey Police,Northumbria Police,-1.510518,55.185159,On or near Bridge Street,E01027541,Northumberland 009A,Other theft,Investigation complete; no suspect identified,
78531efcd216b12af6975e9c9dfc67fd12eaa0e2ecd5bff78d8e7d65a478fefb,2015-12,Surrey Police,Northumbria Police,-1.509731,55.185354,On or near Watt'S Lane,E01027541,Northumberland 009A,Shoplifting,Under investigation,
dc5d6698807ec3ade2ce6e0f423e1f6479c90406fd26a5cbfe607ab5a3d0d944,2015-12,Surrey Police,Northumbria Police,-1.509731,55.185354,On or near Watt'S Lane,E01027541,Northumberland 009A,Shoplifting,Offender given absolute discharge,
3b30e393e8a63909a8a2819a17efbdeaaea6b176c5a623338afed77903497d19,2015-12,Surrey Police,Northumbria Police,-1.509731,55.185354,On or near Watt'S Lane,E01027541,Northumberland 009A,Shoplifting,Investigation complete; no suspect identified,
953543929255bad8a359fcda84e35b59ed011b18336efd4f004cd116590daef3,2015-12,Surrey Police,Northumbria Police,-1.518899,55.188212,On or near Lynwood Avenue,E01027541,Northumberland 009A,Vehicle crime,Investigation complete; no suspect identified,
e3a8e617f0d86b68a1bbacedefcb73e26634278f1da672334be77c0a3d276685,2015-12,Surrey Police,Northumbria Police,-1.519158,55.187593,On or near Woodhorn Road,E01027541,Northumberland 009A,Violence and sexual offences,Investigation complete; no suspect identified,
,2015-12,Surrey Police,Northumbria Police,-1.508234,55.186992,On or near Parking Area,E01027542,Northumberland 009B,Anti-social behaviour,,
,2015-12,Surrey Police,Northumbria Police,-1.508234,55.186992,On or near Parking Area,E01027542,Northumberland 009B,Anti-social behaviour,,
,2015-12,Surrey Police,Northumbria Police,-1.508234,55.186992,On or near Parking Area,E01027542,Northumberland 009B,Anti-social behaviour,,
,2015-12,Surrey Police,Northumbria Police,-1.521938,55.186265,On or near Emmerson Road,E01027542,Northumberland 009B,Anti-social behaviour,,
127d797b06f4d18cdd18fe6ac32458fa665788d5a008052a24cd01ea37dcf7b0,2015-12,Surrey Police,Northumbria Police,-1.520651,55.188830,On or near Hazelwood Avenue,E01027542,Northumberland 009B,Burglary,Awaiting court outcome,
a58946b5299c2e72bf10e077d2cc07e8d391f69caa8bf3908cf6f9350d08c92e,2015-12,Surrey Police,Northumbria Police,-1.520775,55.186350,On or near Oswald Road,E01027542,Northumberland 009B,Criminal damage and arson,Investigation complete; no suspect identified,
4a0d758895557ac38ec6f07a861139e39a386b286bbc218d9810bc4894cb0e7a,2015-12,Surrey Police,Northumbria Police,-1.520651,55.188830,On or near Hazelwood Avenue,E01027542,Northumberland 009B,Criminal damage and arson,Awaiting court outcome,
4ef785ac3f1de9456b8e1d2904d0feb90d6f8d5a7b2bdc5f3bfc4eb6a1dd1071,2015-12,Surrey Police,Northumbria Police,-1.520775,55.186350,On or near Oswald Road,E01027542,Northumberland 009B,Criminal damage and arson,Investigation complete; no suspect identified,
b4fc44f6fc4ab8dde886864252706e86d1dac94587be17c81778e73db898a043,2015-12,Surrey Police,Northumbria Police,-1.522524,55.187157,On or near Storey Crescent,E01027542,Northumberland 009B,Criminal damage and arson,Investigation complete; no suspect identified,
0173b60606e124459b59b12094b77c461146c861a17fa7f61729916a7fe00223,2015-12,Surrey Police,Northumbria Police,-1.509531,55.190151,On or near Sea Crest Road,E01027542,Northumberland 009B,Criminal damage and arson,Investigation complete; no suspect identified,
e9a3256467b98136390a41ef1b1f8aacda3402f304505ec874ace9d818d983ae,2015-12,Surrey Police,Northumbria Police,-1.509531,55.190151,On or near Sea Crest Road,E01027542,Northumberland 009B,Criminal damage and arson,Investigation complete; no suspect identified,
1d6a5f726964c9127e719e61e6af19c680080608b8dfb4995c7d51b17e8ad862,2015-12,Surrey Police,Northumbria Police,-1.511641,55.189666,On or near East Lea,E01027542,Northumberland 009B,Criminal damage and arson,Investigation complete; no suspect identified,
225aa02285374b0419e766cd696aaa32a9f9542bac22fa90156c5110a3731b4d,2015-12,Surrey Police,Northumbria Police,-1.520775,55.186350,On or near Oswald Road,E01027542,Northumberland 009B,Criminal damage and arson,Under investigation,
41cd7de10274b10bd3dfcc14e7a16d4b0280e35cf2e533dd6a43fc31a43b8712,2015-12,Surrey Police,Northumbria Police,-1.511641,55.189666,On or near East Lea,E01027542,Northumberland 009B,Criminal damage and arson,Investigation complete; no suspect identified,
064b8acdb2568ab0790c3a434f9ee7f9ee55b5a59cebb67b1c756dc809f07609,2015-12,Surrey Police,Northumbria Police,-1.509531,55.190151,On or near Sea Crest Road,E01027542,Northumberland 009B,Criminal damage and arson,Offender ordered to pay compensation,
091e654bb38534672dceca9e840dc583e44da06a5ac0dee24694e20c5ec2ad96,2015-12,Surrey Police,Northumbria Police,-1.530449,55.193046,On or near A197,E01027542,Northumberland 009B,Drugs,Offender deprived of property,
6e1a4ce7e857df73fbadadad3ff77ce7e0bf181f5bee7f94d492dda553dc3069,2015-12,Surrey Police,Northumbria Police,-1.521938,55.186265,On or near Emmerson Road,E01027542,Northumberland 009B,Other theft,Offender otherwise dealt with,
168417cde171eab2b01ae8be56da7cd3b9bff34e80f16667c79badd1ace2035b,2015-12,Surrey Police,Northumbria Police,-1.511641,55.189666,On or near East Lea,E01027542,Northumberland 009B,Other theft,Awaiting court outcome,
1de991af13ef79eae9a0000eaf3e8ac3c1fc71a5834568f158b479917f18e20c,2015-12,Surrey Police,Northumbria Police,-1.520651,55.188830,On or near Hazelwood Avenue,E01027542,Northumberland 009B,Public order,Offender given penalty notice,
390c3f5ed6b2243131898d331aee3f835e27902bdc4334eead8c8d2a80fd4d54,2015-12,Surrey Police,Northumbria Police,-1.520775,55.186350,On or near Oswald Road,E01027542,Northumberland 009B,Violence and sexual offences,Awaiting court outcome,
d9b8b78e8a9b8f13522b2833727c8ad4497e37ed235e26a2c8972ce20eff9739,2015-12,Surrey Police,Northumbria Police,-1.530449,55.193046,On or near A197,E01027542,Northumberland 009B,Violence and sexual offences,Offender given suspended prison sentence,
86959b461b76810bb00e9dd1e148e61d141c1fde95198d39208a5543cbef40e4,2015-12,Surrey Police,Northumbria Police,-1.509531,55.190151,On or near Sea Crest Road,E01027542,Northumberland 009B,Violence and sexual offences,Offender given conditional discharge,
689d85f06de46448174f3632fab96431701c92b2e0b39d74d939085537173a4a,2015-12,Surrey Police,Northumbria Police,-1.511641,55.189666,On or near East Lea,E01027542,Northumberland 009B,Violence and sexual offences,Offender given a caution,
b44e4e3e6dbb286c1793d7dca7865d34b74a079538768f506585060d222bac0d,2015-12,Surrey Police,Northumbria Police,-1.530449,55.193046,On or near A197,E01027542,Northumberland 009B,Violence and sexual offences,Offender given suspended prison sentence,
e23cd6cd5e4da3bce98e15a3b8cd348729a1683683afc625e73ce9396f75f6ea,2015-12,Surrey Police,Northumbria Police,-1.520651,55.188830,On or near Hazelwood Avenue,E01027542,Northumberland 009B,Violence and sexual offences,Awaiting court outcome,
,2015-12,Surrey Police,Northumbria Police,-1.515906,55.178585,On or near Beach Terrace,E01027543,Northumberland 009C,Anti-social behaviour,,
dfcd81f0e3e379550b1916c9ebd4a135a64bcd7bafd16043dd8d0f8100399b76,2015-12,Surrey Police,Northumbria Police,-1.515906,55.178585,On or near Beach Terrace,E01027543,Northumberland 009C,Criminal damage and arson,Investigation complete; no suspect identified,
768180c8522ea02e6d5ab66cea0060226bcf75b4ad2fa4ba6eff33bf3be1d2c1,2015-12,Surrey Police,Northumbria Police,-1.523019,55.182585,On or near Welfare Crescent,E01027543,Northumberland 009C,Vehicle crime,Under investigation,
38e87fbfbfbde954e3b5dbb67be08108267bb4bb3fd15ae6d0855730b049dca9,2015-12,Surrey Police,Northumbria Police,-1.524050,55.180342,On or near Coniston Avenue,E01027543,Northumberland 009C,Vehicle crime,Investigation complete; no suspect identified,
5c19ae1333f4e1461c28c6729f274511c79bc5fd74c09d954cf261b64e4a407f,2015-12,Surrey Police,Northumbria Police,-1.526626,55.180361,On or near Windermere Road,E01027543,Northumberland 009C,Violence and sexual offences,Under investigation,
9e737c5c3b1611043a13cedfb9bc6311c119d156bc39ae28c58922f72fb27cf0,2015-12,Surrey Police,Northumbria Police,-1.523965,55.179650,On or near Spital Crescent,E01027543,Northumberland 009C,Violence and sexual offences,Investigation complete; no suspect identified,
dbed151bc094db75d81f5fb6f54528cf3ae6bd8de5daa092dc4d3dce973ce921,2015-12,Surrey Police,Northumbria Police,-1.523019,55.182585,On or near Welfare Crescent,E01027543,Northumberland 009C,Violence and sexual offences,Under investigation,
02891e6f31a834da5a361f4cee1153eb455ff0584513c0e7afb4902ce550555e,2015-12,Surrey Police,Northumbria Police,-1.523965,55.179650,On or near Spital Crescent,E01027543,Northumberland 009C,Violence and sexual offences,Investigation complete; no suspect identified,
e54fd87461a8e5fadef101d54836494e34d2a4b9cd0c5843370bd6c563d2db4c,2015-12,Surrey Police,Northumbria Police,-1.523296,55.179117,On or near Avis Avenue,E01027544,Northumberland 009D,Burglary,Investigation complete; no suspect identified,
2eb7e199287809c919d31f68d45f888a3b9ac87b0d637729a37e681b18cc2cf4,2015-12,Surrey Police,Northumbria Police,-1.517491,55.182545,On or near Cleveland Terrace,E01027544,Northumberland 009D,Shoplifting,Investigation complete; no suspect identified,
5974adc3279bd9f3098f369c47bf7bb74e33777c5dee0b99be93946c7777d199,2015-12,Surrey Police,Northumbria Police,-1.517491,55.182545,On or near Cleveland Terrace,E01027544,Northumberland 009D,Shoplifting,Investigation complete; no suspect identified,
149561e7e3fc6357a78d799a2e01ec40e59d81e8f1186e2ae40c6bb381d98c14,2015-12,Surrey Police,Northumbria Police,-1.519606,55.179103,On or near North Seaton Road,E01027544,Northumberland 009D,Theft from the person,Investigation complete; no suspect identified,
,2015-12,Surrey Police,Northumbria Police,-1.568767,55.186691,On or near Lintonville Parkway,E01027528,Northumberland 010A,Anti-social behaviour,,
,2015-12,Surrey Police,Northumbria Police,-1.568353,55.182852,On or near Supermarket,E01027528,Northumberland 010A,Anti-social behaviour,,
,2015-12,Surrey Police,Northumbria Police,-1.568353,55.182852,On or near Supermarket,E01027528,Northumberland 010A,Anti-social behaviour,,
,2015-12,Surrey Police,Northumbria Police,-1.568353,55.182852,On or near Supermarket,E01027528,Northumberland 010A,Anti-social behaviour,,
,2015-12,Surrey Police,Northumbria Police,-1.568353,55.182852,On or near Supermarket,E01027528,Northumberland 010A,Anti-social behaviour,,
,2015-12,Surrey Police,Northumbria Police,-1.565856,55.184236,On or near Parking Area,E01027528,Northumberland 010A,Anti-social behaviour,,
,2015-12,Surrey Police,Northumbria Police,-1.565220,55.179193,On or near Milburn Road,E01027528,Northumberland 010A,Anti-social behaviour,,
,2015-12,Surrey Police,Northumbria Police,-1.568767,55.186691,On or near Lintonville Parkway,E01027528,Northumberland 010A,Anti-social behaviour,,
,2015-12,Surrey Police,Northumbria Police,-1.568767,55.186691,On or near Lintonville Parkway,E01027528,Northumberland 010A,Anti-social behaviour,,
,2015-12,Surrey Police,Northumbria Police,-1.565220,55.179193,On or near Milburn Road,E01027528,Northumberland 010A,Anti-social behaviour,,
,2015-12,Surrey Police,Northumbria Police,-1.568767,55.186691,On or near Lintonville Parkway,E01027528,Northumberland 010A,Anti-social behaviour,,
,2015-12,Surrey Police,Northumbria Police,-1.568767,55.186691,On or near Lintonville Parkway,E01027528,Northumberland 010A,Anti-social behaviour,,
,2015-12,Surrey Police,Northumbria Police,-1.568920,55.178343,On or near Roseneath Court,E01027528,Northumberland 010A,Anti-social behaviour,,
,2015-12,Surrey Police,Northumbria Police,-1.568767,55.186691,On or near Lintonville Parkway,E01027528,Northumberland 010A,Anti-social behaviour,,
75da54f715d5a520576bd731d24b771918471a3c1930344aa098801e7fe803ce,2015-12,Surrey Police,Northumbria Police,-1.566021,55.182098,On or near Parking Area,E01027528,Northumberland 010A,Burglary,Investigation complete; no suspect identified,
c01ff84d107847b20a2fa0725b9b8e59c2860186b13957841d8005c262fc3e68,2015-12,Surrey Police,Northumbria Police,-1.568353,55.182852,On or near Supermarket,E01027528,Northumberland 010A,Burglary,Investigation complete; no suspect identified,
e3b205240b62039a1ea61eb550abfe8589b575bc7f3db6dde62121737e68f398,2015-12,Surrey Police,Northumbria Police,-1.565220,55.179193,On or near Milburn Road,E01027528,Northumberland 010A,Burglary,Investigation complete; no suspect identified,
41e402b11873df11dadd5b36c78b021d3417a11d6a91d97e17ef5b8325d5b0fd,2015-12,Surrey Police,Northumbria Police,-1.565755,55.181998,On or near First Avenue,E01027528,Northumberland 010A,Criminal damage and arson,Investigation complete; no suspect identified,
3786dfe7b4f4b69ea27fb46e87dddaee582a7a9f8e97cb17880a83083e8f3620,2015-12,Surrey Police,Northumbria Police,-1.565220,55.179193,On or near Milburn Road,E01027528,Northumberland 010A,Criminal damage and arson,Investigation complete; no suspect identified,
92d5515e70ccb2a7f9499dddfd786c93909b31d20e0dfa467f248329cce9ecc7,2015-12,Surrey Police,Northumbria Police,-1.565220,55.179193,On or near Milburn Road,E01027528,Northumberland 010A,Criminal damage and arson,Under investigation,
7973fe526dcfca3bb73ed23ef5376aa7b1870d265884b76da4df81e875581fcd,2015-12,Surrey Police,Northumbria Police,-1.565755,55.181998,On or near First Avenue,E01027528,Northumberland 010A,Criminal damage and arson,Investigation complete; no suspect identified,
bb8e886e00d1f5cb4551b2a4518bd139a2ddf4b03dd827381622a86718f4ae3a,2015-12,Surrey Police,Northumbria Police,-1.568057,55.179724,On or near North Seaton Road,E01027528,Northumberland 010A,Other theft,Investigation complete; no suspect identified,
aae526b5e71a12c81980d0f899a745578a362aefc226553f88cedaa820a3aba3,2015-12,Surrey Police,Northumbria Police,-1.565755,55.181998,On or near First Avenue,E01027528,Northumberland 010A,Other theft,Investigation complete; no suspect identified,
c2c0371778ff3796a04e2e9db2c2b4282d3b4980bf8a07faffd93966b305548d,2015-12,Surrey Police,Northumbria Police,-1.568353,55.182852,On or near Supermarket,E01027528,Northumberland 010A,Other theft,Investigation complete; no suspect identified,
01c65eb81756f75c8302c63b510b96845208f3801b583417f5ab974312d89f11,2015-12,Surrey Police,Northumbria Police,-1.568353,55.182852,On or near Supermarket,E01027528,Northumberland 010A,Public order,Investigation complete; no suspect identified,
064d859be5cecfc65f0d90eb27ac04573e30cc5bc4202de8c98933c0fc7084b7,2015-12,Surrey Police,Northumbria Police,-1.568057,55.179724,On or near North Seaton Road,E01027528,Northumberland 010A,Robbery,Under investigation,
6775f758f80290d6713cdd874ace156740af9d11e1c3142c596bfae763701c84,2015-12,Surrey Police,Northumbria Police,-1.566870,55.183494,On or near Woodhorn Road,E01027528,Northumberland 010A,Shoplifting,Offender given community sentence,
17f60373a07808f1c0476ac30a032c062666160abc65a831a87cf2d42e2013c4,2015-12,Surrey Police,Northumbria Police,-1.566870,55.183494,On or near Woodhorn Road,E01027528,Northumberland 010A,Shoplifting,Under investigation,
14bcdcd5063f17fd24277071a7d72fbd9e0a735546c8335e70d5aa8984cc4a29,2015-12,Surrey Police,Northumbria Police,-1.566870,55.183494,On or near Woodhorn Road,E01027528,Northumberland 010A,Shoplifting,Investigation complete; no suspect identified,
e6549377f730e752955ae8fb6a7a1da6e451730242278976425322a84111450b,2015-12,Surrey Police,Northumbria Police,-1.568353,55.182852,On or near Supermarket,E01027528,Northumberland 010A,Shoplifting,Under investigation,
82374d36471902a304905d5cf6206b4311364b472bda36845b26e8768a81b8bd,2015-12,Surrey Police,Northumbria Police,-1.568353,55.182852,On or near Supermarket,E01027528,Northumberland 010A,Shoplifting,Offender given community sentence,
4dc77eabfe13ae07520296223f446fad627867f1bf9ebe8f8a6e3c186e57e4e5,2015-12,Surrey Police,Northumbria Police,-1.568353,55.182852,On or near Supermarket,E01027528,Northumberland 010A,Vehicle crime,Under investigation,
3a44421fb8ead6f78464b05f4484d5113c0cc48eec948d84cab37b0d8fcce1f5,2015-12,Surrey Police,Northumbria Police,-1.568353,55.182852,On or near Supermarket,E01027528,Northumberland 010A,Vehicle crime,Under investigation,
8b39c1218714f7db73263312b3245b217836cba27be1ea88aea1032d7753ff01,2015-12,Surrey Police,Northumbria Police,-1.568353,55.182852,On or near Supermarket,E01027528,Northumberland 010A,Violence and sexual offences,Under investigation,
c793a97bb36075772ecafbd22f61689a0f991ddbd1100a21ac30d2e9d9582325,2015-12,Surrey Police,Northumbria Police,-1.565755,55.181998,On or near First Avenue,E01027528,Northumberland 010A,Violence and sexual offences,Investigation complete; no suspect identified,
2a58fa9655565e47ad49b0137e09c4855025264eb8bad396021deb96935b40c5,2015-12,Surrey Police,Northumbria Police,-1.568353,55.182852,On or near Supermarket,E01027528,Northumberland 010A,Violence and sexual offences,Under investigation,
4a79240a6bf398491150f038b54bedc95ca487ea08195252d164289800232417,2015-12,Surrey Police,Northumbria Police,-1.568057,55.179724,On or near North Seaton Road,E01027528,Northumberland 010A,Violence and sexual offences,Investigation complete; no suspect identified,
fae45496c9294de310a8a16e04b34d2848d10ebac7a811d704dd0160aaedc805,2015-12,Surrey Police,Northumbria Police,-1.568353,55.182852,On or near Supermarket,E01027528,Northumberland 010A,Violence and sexual offences,Awaiting court outcome,
fe10ff22e797dc0b844722b92646abdce91b6cf3e1cc7f0a467ef28793bb2418,2015-12,Surrey Police,Northumbria Police,-1.568353,55.182852,On or near Supermarket,E01027528,Northumberland 010A,Violence and sexual offences,Offender given a caution,
,2015-12,Surrey Police,Northumbria Police,-1.571742,55.183098,On or near Shopping Area,E01027529,Northumberland 010B,Anti-social behaviour,,
,2015-12,Surrey Police,Northumbria Police,-1.573529,55.183419,On or near Station Road,E01027529,Northumberland 010B,Anti-social behaviour,,
,2015-12,Surrey Police,Northumbria Police,-1.570759,55.185440,On or near Lintonville Terrace,E01027529,Northumberland 010B,Anti-social behaviour,,
,2015-12,Surrey Police,Northumbria Police,-1.573529,55.183419,On or near Station Road,E01027529,Northumberland 010B,Anti-social behaviour,,
,2015-12,Surrey Police,Northumbria Police,-1.573377,55.182924,On or near Shopping Area,E01027529,Northumberland 010B,Anti-social behaviour,,
,2015-12,Surrey Police,Northumbria Police,-1.571742,55.183098,On or near Shopping Area,E01027529,Northumberland 010B,Anti-social behaviour,,
,2015-12,Surrey Police,Northumbria Police,-1.570759,55.185440,On or near Lintonville Terrace,E01027529,Northumberland 010B,Anti-social behaviour,,
,2015-12,Surrey Police,Northumbria Police,-1.573377,55.182924,On or near Shopping Area,E01027529,Northumberland 010B,Anti-social behaviour,,
,2015-12,Surrey Police,Northumbria Police,-1.571742,55.183098,On or near Shopping Area,E01027529,Northumberland 010B,Anti-social behaviour,,
,2015-12,Surrey Police,Northumbria Police,-1.570759,55.185440,On or near Lintonville Terrace,E01027529,Northumberland 010B,Anti-social behaviour,,
,2015-12,Surrey Police,Northumbria Police,-1.573529,55.183419,On or near Station Road,E01027529,Northumberland 010B,Anti-social behaviour,,
,2015-12,Surrey Police,Northumbria Police,-1.573529,55.183419,On or near Station Road,E01027529,Northumberland 010B,Anti-social behaviour,,
,2015-12,Surrey Police,Northumbria Police,-1.571742,55.183098,On or near Shopping Area,E01027529,Northumberland 010B,Anti-social behaviour,,
62850b0ab818aa75bcc5926f343bf983d2635a7a33516cc3bb530f415c932c3b,2015-12,Surrey Police,Northumbria Police,-1.574095,55.180356,On or near Kenilworth Road,E01027529,Northumberland 010B,Burglary,Investigation complete; no suspect identified,
5ffa239c55ea32285cb3814d8748874ca245f85c1a7bf7fb6576c5dcfc504c3c,2015-12,Surrey Police,Northumbria Police,-1.570367,55.183938,On or near Parking Area,E01027529,Northumberland 010B,Burglary,Investigation complete; no suspect identified,
4ab9cb0565e829cbbfd0f2d45986c81629cb7db76b06ae572472e989fb80d1de,2015-12,Surrey Police,Northumbria Police,-1.575898,55.183625,On or near Haldane Street,E01027529,Northumberland 010B,Criminal damage and arson,Investigation complete; no suspect identified,
1282c1add8ccbeb5efa289e8e0d78405cae593409ed08bf2c24625d1e39f29c7,2015-12,Surrey Police,Northumbria Police,-1.575898,55.183625,On or near Haldane Street,E01027529,Northumberland 010B,Criminal damage and arson,Awaiting court outcome,
29d511119719f1d9fcd25319e011f84b87aa062f127524c759ed1e0350bd26e6,2015-12,Surrey Police,Northumbria Police,-1.573529,55.183419,On or near Station Road,E01027529,Northumberland 010B,Criminal damage and arson,Investigation complete; no suspect identified,
248d891f6b171f02cf3bfe023407425a47cd10a078115f9f4e1a62d9c69ee103,2015-12,Surrey Police,Northumbria Police,-1.571742,55.183098,On or near Shopping Area,E01027529,Northumberland 010B,Criminal damage and arson,Investigation complete; no suspect identified,
97924f3edea9c1c4c52b805dc0ec78efc986c3700816b946adffb0334aceb36f,2015-12,Surrey Police,Northumbria Police,-1.570759,55.185440,On or near Lintonville Terrace,E01027529,Northumberland 010B,Drugs,Awaiting court outcome,
c1291eefbded887bf246a2b9bf5c4cb0d318fdaa18b2572b6feeb454df6ddb19,2015-12,Surrey Police,Northumbria Police,-1.571742,55.183098,On or near Shopping Area,E01027529,Northumberland 010B,Other theft,Investigation complete; no suspect identified,
8ab860300b9ba010d60759749df79363a66a9193094a45ba4acbbe9fe0e4f7d6,2015-12,Surrey Police,Northumbria Police,-1.568554,55.184605,On or near Bus/Coach Station,E01027529,Northumberland 010B,Other theft,Under investigation,
3428311765964ebeb1f203db4c2bb643f99e15c0606706619f2250b7743e2622,2015-12,Surrey Police,Northumbria Police,-1.570759,55.185440,On or near Lintonville Terrace,E01027529,Northumberland 010B,Other theft,Under investigation,
9f470bddc019bb18637588c9abf84be2aa884cb13c34281f8c7c5fe89f5a7af2,2015-12,Surrey Police,Northumbria Police,-1.573529,55.183419,On or near Station Road,E01027529,Northumberland 010B,Other theft,Investigation complete; no suspect identified,
7f89d323390933125cf19e2bc4a6478b43221fe918081dae2178b76f4d6fa207,2015-12,Surrey Police,Northumbria Police,-1.570759,55.185440,On or near Lintonville Terrace,E01027529,Northumberland 010B,Possession of weapons,Awaiting court outcome,
0d003bb7285aae5120830fdf9ebdf7857ce7b0a1e73addce835ca1f36fb37076,2015-12,Surrey Police,Northumbria Police,-1.573529,55.183419,On or near Station Road,E01027529,Northumberland 010B,Shoplifting,Under investigation,
1d86fdb0e757e25f4d46a234b018d414d0a9677605f7d5d7a508b5c1a47f46ba,2015-12,Surrey Police,Northumbria Police,-1.570759,55.185440,On or near Lintonville Terrace,E01027529,Northumberland 010B,Shoplifting,Offender given a caution,
8206610c0da44b51fa265eb9b86a4fd83af87fe0c48a5f2254c5ef833833a127,2015-12,Surrey Police,Northumbria Police,-1.575898,55.183625,On or near Haldane Street,E01027529,Northumberland 010B,Violence and sexual offences,Investigation complete; no suspect identified,
08d39684e4df704ac44df2090f3023905a673018752738a0b3b7b629c80040fe,2015-12,Surrey Police,Northumbria Police,-1.575898,55.183625,On or near Haldane Street,E01027529,Northumberland 010B,Violence and sexual offences,Investigation complete; no suspect identified,
,2015-12,Surrey Police,Northumbria Police,-1.562065,55.181985,On or near Rosalind Street,E01027539,Northumberland 010C,Anti-social behaviour,,
,2015-12,Surrey Police,Northumbria Police,-1.564882,55.184314,On or near Reiverdale Road,E01027539,Northumberland 010C,Anti-social behaviour,,
,2015-12,Surrey Police,Northumbria Police,-1.562065,55.181985,On or near Rosalind Street,E01027539,Northumberland 010C,Anti-social behaviour,,
,2015-12,Surrey Police,Northumbria Police,-1.557787,55.185420,On or near Woodhorn Road,E01027539,Northumberland 010C,Anti-social behaviour,,
,2015-12,Surrey Police,Northumbria Police,-1.563189,55.182618,On or near Hawthorn Road,E01027539,Northumberland 010C,Anti-social behaviour,,
,2015-12,Surrey Police,Northumbria Police,-1.562065,55.181985,On or near Rosalind Street,E01027539,Northumberland 010C,Anti-social behaviour,,
,2015-12,Surrey Police,Northumbria Police,-1.563189,55.182618,On or near Hawthorn Road,E01027539,Northumberland 010C,Anti-social behaviour,,
,2015-12,Surrey Police,Northumbria Police,-1.557787,55.185420,On or near Woodhorn Road,E01027539,Northumberland 010C,Anti-social behaviour,,
,2015-12,Surrey Police,Northumbria Police,-1.557787,55.185420,On or near Woodhorn Road,E01027539,Northumberland 010C,Anti-social behaviour,,
,2015-12,Surrey Police,Northumbria Police,-1.563189,55.182618,On or near Hawthorn Road,E01027539,Northumberland 010C,Anti-social behaviour,,
,2015-12,Surrey Police,Northumbria Police,-1.563189,55.182618,On or near Hawthorn Road,E01027539,Northumberland 010C,Anti-social behaviour,,
,2015-12,Surrey Police,Northumbria Police,-1.558985,55.183637,On or near First Avenue,E01027539,Northumberland 010C,Anti-social behaviour,,
,2015-12,Surrey Police,Northumbria Police,-1.558912,55.184508,On or near Castle Terrace,E01027539,Northumberland 010C,Anti-social behaviour,,
,2015-12,Surrey Police,Northumbria Police,-1.563189,55.182618,On or near Hawthorn Road,E01027539,Northumberland 010C,Anti-social behaviour,,
,2015-12,Surrey Police,Northumbria Police,-1.560837,55.185117,On or near Woodhorn Court,E01027539,Northumberland 010C,Anti-social behaviour,,
97ece92807148ffb1125da58f58bfec61962531185fe794f73cf6449eefd0bc3,2015-12,Surrey Police,Northumbria Police,-1.559412,55.181895,On or near Second Avenue,E01027539,Northumberland 010C,Criminal damage and arson,Investigation complete; no suspect identified,
0d18010e77e849ed31bc8baac825b0c9e2b23664bc6ad45a8afe523bae5132b8,2015-12,Surrey Police,Northumbria Police,-1.564882,55.184314,On or near Reiverdale Road,E01027539,Northumberland 010C,Criminal damage and arson,Awaiting court outcome,
2155d65f0156758a1045c7a0b7baa6967965ab171dfe0ac04fb47b992aa56d02,2015-12,Surrey Police,Northumbria Police,-1.563189,55.182618,On or near Hawthorn Road,E01027539,Northumberland 010C,Criminal damage and arson,Investigation complete; no suspect identified,
73809ae923f84ab0d32fadebc909ccddd62cbbaa473f22ea5648386ffe3f8e25,2015-12,Surrey Police,Northumbria Police,-1.557787,55.185420,On or near Woodhorn Road,E01027539,Northumberland 010C,Criminal damage and arson,Local resolution,
26b7eacce5bceb9d349cfb306ee4fe3bf7f4319a2fd38abbc2cb9591f97db652,2015-12,Surrey Police,Northumbria Police,-1.558985,55.183637,On or near First Avenue,E01027539,Northumberland 010C,Criminal damage and arson,Investigation complete; no suspect identified,
5a07b7af9dbd77046915a65444175beb398698bd75e969a9eb0513a7a69cb200,2015-12,Surrey Police,Northumbria Police,-1.558985,55.183637,On or near First Avenue,E01027539,Northumberland 010C,Criminal damage and arson,Investigation complete; no suspect identified,
fda9859e469efec9c9d321c31284e88d50808b0394b1261e6d830d08269d531f,2015-12,Surrey Police,Northumbria Police,-1.558985,55.183637,On or near First Avenue,E01027539,Northumberland 010C,Criminal damage and arson,Investigation complete; no suspect identified,
9458c53cdbb3372f59c3a935d69a6d3cee640691d38ff2c6e462744b6d2415a8,2015-12,Surrey Police,Northumbria Police,-1.562065,55.181985,On or near Rosalind Street,E01027539,Northumberland 010C,Criminal damage and arson,Investigation complete; no suspect identified,
02791a1ca57233020c7deedb96df35fb37d60ba4ec3cb9254c6403a2fbd4b6ce,2015-12,Surrey Police,Northumbria Police,-1.558985,55.183637,On or near First Avenue,E01027539,Northumberland 010C,Criminal damage and arson,Investigation complete; no suspect identified,
aa615fdce7e634774ccb6e6c354bd6cd16e60579ad1a9e8283181c0b5bfc3bc8,2015-12,Surrey Police,Northumbria Police,-1.558912,55.184508,On or near Castle Terrace,E01027539,Northumberland 010C,Drugs,Offender given a caution,
a28ebc26dac9501f5ca774d631f8b816d596a2a7fc3233ec00ed7d4017d4c79f,2015-12,Surrey Police,Northumbria Police,-1.563189,55.182618,On or near Hawthorn Road,E01027539,Northumberland 010C,Public order,Investigation complete; no suspect identified,
e8c045ff91200e6ffee2f1168d5ef10ad65ad2c4902cb7dad48e9fe945fa9486,2015-12,Surrey Police,Northumbria Police,-1.559412,55.181895,On or near Second Avenue,E01027539,Northumberland 010C,Vehicle crime,Investigation complete; no suspect identified,
41f914d48ed4911a3ab87cf578e50cc00e44fd63b10df0be38e579aff68d85c5,2015-12,Surrey Police,Northumbria Police,-1.557787,55.185420,On or near Woodhorn Road,E01027539,Northumberland 010C,Violence and sexual offences,Investigation complete; no suspect identified,
2d4eaee64521fbea006da34cfbf24d60f8319b348691e8ed1c999e44df16dda3,2015-12,Surrey Police,Northumbria Police,-1.559412,55.181895,On or near Second Avenue,E01027539,Northumberland 010C,Violence and sexual offences,Defendant sent to Crown Court,
5d2f201b835e1ebb20e2c6d33ad46c81677186d1dcbd98fa692ef91179f0c686,2015-12,Surrey Police,Northumbria Police,-1.563189,55.182618,On or near Hawthorn Road,E01027539,Northumberland 010C,Violence and sexual offences,Investigation complete; no suspect identified,
c526a4655b6c15179e4ebc910d5d8b69514834af63a0c263f27795167affe4db,2015-12,Surrey Police,Northumbria Police,-1.564882,55.184314,On or near Reiverdale Road,E01027539,Northumberland 010C,Violence and sexual offences,Investigation complete; no suspect identified,
6b9c80c9aebc789eeb8cb9ca2420dae05e177c89b07d736d10a4ab0a43ec865b,2015-12,Surrey Police,Northumbria Police,-1.558985,55.183637,On or near First Avenue,E01027539,Northumberland 010C,Violence and sexual offences,Investigation complete; no suspect identified,
02d7b58bd733dbb1d0ee5dbec752ed23868c022b8e536ad93d382e31f5babf39,2015-12,Surrey Police,Northumbria Police,-1.563189,55.182618,On or near Hawthorn Road,E01027539,Northumberland 010C,Violence and sexual offences,Offender given a caution,
83644e4231d589ca753c0e423741f9531940a8ec858a39b6ad77636b1585cd7a,2015-12,Surrey Police,Northumbria Police,-1.563189,55.182618,On or near Hawthorn Road,E01027539,Northumberland 010C,Violence and sexual offences,Awaiting court outcome,
c273912d7e5cc6ae6b898ac08b9a279cbc7a7159dddd7317419314e0ff7c38c8,2015-12,Surrey Police,Northumbria Police,-1.558912,55.184508,On or near Castle Terrace,E01027539,Northumberland 010C,Violence and sexual offences,Under investigation,
f472a6b78a6b93923280aeda2c939c30e4c3c024eb57705e0e075e2ae3e7b25e,2015-12,Surrey Police,Northumbria Police,-1.558912,55.184508,On or near Castle Terrace,E01027539,Northumberland 010C,Violence and sexual offences,Under investigation,
50df36b283d86e85db1896afd6c79e1d5e76f5a5858df3ea053aaaf499b0cc2e,2015-12,Surrey Police,Northumbria Police,-1.557787,55.185420,On or near Woodhorn Road,E01027539,Northumberland 010C,Other crime,Awaiting court outcome,
,2015-12,Surrey Police,Northumbria Police,-1.557861,55.175905,On or near Sixth Avenue,E01027545,Northumberland 010D,Anti-social behaviour,,
,2015-12,Surrey Police,Northumbria Police,-1.564067,55.178389,On or near Pont Street,E01027545,Northumberland 010D,Anti-social behaviour,,
,2015-12,Surrey Police,Northumbria Police,-1.564093,55.177419,On or near Milburn Road,E01027545,Northumberland 010D,Anti-social behaviour,,
,2015-12,Surrey Police,Northumbria Police,-1.564067,55.178389,On or near Pont Street,E01027545,Northumberland 010D,Anti-social behaviour,,
,2015-12,Surrey Police,Northumbria Police,-1.557861,55.175905,On or near Sixth Avenue,E01027545,Northumberland 010D,Anti-social behaviour,,
,2015-12,Surrey Police,Northumbria Police,-1.564067,55.178389,On or near Pont Street,E01027545,Northumberland 010D,Anti-social behaviour,,
,2015-12,Surrey Police,Northumbria Police,-1.562171,55.178059,On or near Fourth Avenue,E01027545,Northumberland 010D,Anti-social behaviour,,
,2015-12,Surrey Police,Northumbria Police,-1.557861,55.175905,On or near Sixth Avenue,E01027545,Northumberland 010D,Anti-social behaviour,,
591c9d0ac102bb493268470811f212c541aa908c4325278defb6aa98ae5c7d51,2015-12,Surrey Police,Northumbria Police,-1.552252,55.179065,On or near Moorhouse Lane,E01027545,Northumberland 010D,Burglary,Under investigation,
10f9e5fe82149e6d9e8fbbcd861175d3cf523519bed6059d85dd1bd504bc2766,2015-12,Surrey Police,Northumbria Police,-1.561197,55.176689,On or near Fifth Avenue,E01027545,Northumberland 010D,Burglary,Under investigation,
b8b41a974007ff3fc9146958657c17569a1b09346457568c1b96412d087cc1b7,2015-12,Surrey Police,Northumbria Police,-1.552252,55.179065,On or near Moorhouse Lane,E01027545,Northumberland 010D,Burglary,Investigation complete; no suspect identified,
ca297473bcc261e87645661399d750c140aa35b327602a999dba317bbc234612,2015-12,Surrey Police,Northumbria Police,-1.561197,55.176689,On or near Fifth Avenue,E01027545,Northumberland 010D,Burglary,Under investigation,
9855b5dcc24b09df974e012cbadffecf8e0d0def3c90958920b8428c64c81e9b,2015-12,Surrey Police,Northumbria Police,-1.557861,55.175905,On or near Sixth Avenue,E01027545,Northumberland 010D,Burglary,Investigation complete; no suspect identified,
282e4c1444c7c29124c82c029f69c421f38ae4cc1319e3c2c09ef1160c58b673,2015-12,Surrey Police,Northumbria Police,-1.561197,55.176689,On or near Fifth Avenue,E01027545,Northumberland 010D,Criminal damage and arson,Under investigation,
408c321e1f625b292720b2c50afd112f66e4e8b50e56feeb14222dc02411cbb7,2015-12,Surrey Police,Northumbria Police,-1.553613,55.179492,On or near Hebron Place,E01027545,Northumberland 010D,Criminal damage and arson,Under investigation,
b0e48c82f17ab5c01573396bdaf4f3e3a7e38a069fb8284962f4dd73648fe3cf,2015-12,Surrey Police,Northumbria Police,-1.561197,55.176689,On or near Fifth Avenue,E01027545,Northumberland 010D,Criminal damage and arson,Under investigation,
f6ada6f118b64b4d97aa80c9fff4ff6edeb0112ee499f918625e4daf80a0fe09,2015-12,Surrey Police,Northumbria Police,-1.561197,55.176689,On or near Fifth Avenue,E01027545,Northumberland 010D,Criminal damage and arson,Under investigation,
171c25212467fe02e517483570a3efd27036f2362ad5035b7028d28ee18c97c6,2015-12,Surrey Police,Northumbria Police,-1.562171,55.178059,On or near Fourth Avenue,E01027545,Northumberland 010D,Criminal damage and arson,Investigation complete; no suspect identified,
aa559130a7c0164493b4c5d51b357a9a1947deef1e479e37530c2b837764941a,2015-12,Surrey Police,Northumbria Police,-1.564067,55.178389,On or near Pont Street,E01027545,Northumberland 010D,Criminal damage and arson,Investigation complete; no suspect identified,
554f272e24a1df6d6bd02ac31b07e14e96bb690914b92d2eea9f39d2874f89a6,2015-12,Surrey Police,Northumbria Police,-1.564067,55.178389,On or near Pont Street,E01027545,Northumberland 010D,Criminal damage and arson,Investigation complete; no suspect identified,
89a4d4b0d43239aa25d47692451df781070fda4e0ea11d30588909a1b2658987,2015-12,Surrey Police,Northumbria Police,-1.561197,55.176689,On or near Fifth Avenue,E01027545,Northumberland 010D,Criminal damage and arson,Investigation complete; no suspect identified,
4722ce2ddcea077232c9a409ac95613f0dc6ec367f9fad3c994d7342476cfe2d,2015-12,Surrey Police,Northumbria Police,-1.562171,55.178059,On or near Fourth Avenue,E01027545,Northumberland 010D,Drugs,Offender given a caution,
6d64ee1c808293f86711047bc9827f03c01e1669e52f290b998a0e343b56143b,2015-12,Surrey Police,Northumbria Police,-1.564067,55.178389,On or near Pont Street,E01027545,Northumberland 010D,Other theft,Awaiting court outcome,
bccbb0b752a5d590d1a720e8e66d258c3a4bc91a52bc21032e88d57f2318bcbf,2015-12,Surrey Police,Northumbria Police,-1.557861,55.175905,On or near Sixth Avenue,E01027545,Northumberland 010D,Public order,Investigation complete; no suspect identified,
881f5a9d665affe2246221cf51f0aa62fb94a158b14f69267ffa0644b1bec67f,2015-12,Surrey Police,Northumbria Police,-1.555333,55.180101,On or near Ariel Street,E01027545,Northumberland 010D,Vehicle crime,Investigation complete; no suspect identified,
ce98db8a47d73892f31e8ae699c997f49d4ad8205513e50bac7008aa1a39b76e,2015-12,Surrey Police,Northumbria Police,-1.562171,55.178059,On or near Fourth Avenue,E01027545,Northumberland 010D,Vehicle crime,Investigation complete; no suspect identified,
352a2b836f1c8a0682296f73c37cba3b424079306d9b368715f984eb2bf10d12,2015-12,Surrey Police,Northumbria Police,-1.561197,55.176689,On or near Fifth Avenue,E01027545,Northumberland 010D,Violence and sexual offences,Under investigation,
a81bad0e3ddb192a339675552e6d74534d578e903560716c9ab4c61b82d4b1c2,2015-12,Surrey Police,Northumbria Police,-1.561197,55.176689,On or near Fifth Avenue,E01027545,Northumberland 010D,Violence and sexual offences,Under investigation,
,2015-12,Surrey Police,Northumbria Police,-1.563820,55.180850,On or near Second Avenue,E01027546,Northumberland 010E,Anti-social behaviour,,
,2015-12,Surrey Police,Northumbria Police,-1.560156,55.178510,On or near Hawthorn Road,E01027546,Northumberland 010E,Anti-social behaviour,,
56c1dd7e1eddd5667cfce9ac742b815a7a77343d90a3dea94128fa200dd28a53,2015-12,Surrey Police,Northumbria Police,-1.560327,55.180092,On or near Third Avenue,E01027546,Northumberland 010E,Criminal damage and arson,Offender given a caution,
ff38b3866448138d6e0effbe4eaa90055a062d44cde0a18b10d0bc6fcda27ad5,2015-12,Surrey Police,Northumbria Police,-1.560327,55.180092,On or near Third Avenue,E01027546,Northumberland 010E,Criminal damage and arson,Investigation complete; no suspect identified,
bd2bb55d1771b2d28f54813025ffaec5bcff70e819b242778f5049bd5fc84308,2015-12,Surrey Police,Northumbria Police,-1.560327,55.180092,On or near Third Avenue,E01027546,Northumberland 010E,Criminal damage and arson,Investigation complete; no suspect identified,
321db26fed271d20a5503be40193dd115a2be01aabeb5b71836700370b53a409,2015-12,Surrey Police,Northumbria Police,-1.560327,55.180092,On or near Third Avenue,E01027546,Northumberland 010E,Criminal damage and arson,Investigation complete; no suspect identified,
5dc3127b412d81f4b00a5b44f8923e11c0a1568f37f467c781ecc6fa9b5a7ca7,2015-12,Surrey Police,Northumbria Police,-1.560327,55.180092,On or near Third Avenue,E01027546,Northumberland 010E,Criminal damage and arson,Investigation complete; no suspect identified,
81f20a846137fb2bb054a7f6fba913ab74ef68514d58ab6b39a38fae85293e7e,2015-12,Surrey Police,Northumbria Police,-1.560327,55.180092,On or near Third Avenue,E01027546,Northumberland 010E,Other theft,Investigation complete; no suspect identified,
4a86cefa4dd916793d8c09cfc402405b127f0326da35759d40d788878cbd6922,2015-12,Surrey Police,Northumbria Police,-1.560327,55.180092,On or near Third Avenue,E01027546,Northumberland 010E,Public order,Under investigation,
a8db6b884a467f4c7fd7bffefc4487233fcdf3a5eaf235386890ce4f4748ddc8,2015-12,Surrey Police,Northumbria Police,-1.563820,55.180850,On or near Second Avenue,E01027546,Northumberland 010E,Shoplifting,Offender given community sentence,
03259c9dc800143f35052a451f7721ba2e3ca36abab35b6a9548393a4c2cb17b,2015-12,Surrey Police,Northumbria Police,-1.563820,55.180850,On or near Second Avenue,E01027546,Northumberland 010E,Shoplifting,Offender given community sentence,
87d081cbbbfae6b9ddd5250db582dfa93f89da89f20d5054d131bacd195722e3,2015-12,Surrey Police,Northumbria Police,-1.560327,55.180092,On or near Third Avenue,E01027546,Northumberland 010E,Shoplifting,Offender given community sentence,
11ac53ca50c47bb50e9b38831b724f5ab5096e0ce175c2a3c5c55b5aa09b9a15,2015-12,Surrey Police,Northumbria Police,-1.563820,55.180850,On or near Second Avenue,E01027546,Northumberland 010E,Vehicle crime,Under investigation,
52b9d0d6eeb68333cd9815c9d1101969ca1fe1aab3cd63c3a46942e3182e1fd8,2015-12,Surrey Police,Northumbria Police,-1.560156,55.178510,On or near Hawthorn Road,E01027546,Northumberland 010E,Violence and sexual offences,Under investigation,
2c009de24db1859f6fd0f136bb291c1a2115b6c557bab0d322fb8ebcdcfbdac8,2015-12,Surrey Police,Northumbria Police,-1.563820,55.180850,On or near Second Avenue,E01027546,Northumberland 010E,Violence and sexual offences,Offender given community sentence,
,2015-12,Surrey Police,Northumbria Police,-1.695611,55.171213,On or near Dogger Bank,E01027457,Northumberland 011A,Anti-social behaviour,,
,2015-12,Surrey Police,Northumbria Police,-1.683371,55.178469,On or near Hospital,E01027457,Northumberland 011A,Anti-social behaviour,,
,2015-12,Surrey Police,Northumbria Police,-1.695326,55.171554,On or near Bullers Green,E01027457,Northumberland 011A,Anti-social behaviour,,
82e4dd5cca2d625daba74c3830eb0695ae125dbe0027f69b5a38708742a7bbcf,2015-12,Surrey Police,Northumbria Police,-1.674973,55.172301,On or near Sports/Recreation Area,E01027457,Northumberland 011A,Burglary,Investigation complete; no suspect identified,
eea9e7551945814ccab5f745b4c8c380fc1b60f1050ebf9bd9c6ee014b2db646,2015-12,Surrey Police,Northumbria Police,-1.695611,55.171213,On or near Dogger Bank,E01027457,Northumberland 011A,Criminal damage and arson,Investigation complete; no suspect identified,
a59d924b54e2eaf0fce246c7271a3090c338ace56ba68c30186d17ab300b2672,2015-12,Surrey Police,Northumbria Police,-1.683371,55.178469,On or near Hospital,E01027457,Northumberland 011A,Criminal damage and arson,Offender ordered to pay compensation,
04c3f4e90a5b365baf7febc57d2bb43f49aa4a58b7b34db7045c7e12e73aa959,2015-12,Surrey Police,Northumbria Police,-1.683371,55.178469,On or near Hospital,E01027457,Northumberland 011A,Criminal damage and arson,Under investigation,
8abfefe5c2b1631b5750469d2bdf750ab290f0f962a8ac4520d6312fd410afb5,2015-12,Surrey Police,Northumbria Police,-1.675442,55.172635,On or near Whorral Bank,E01027457,Northumberland 011A,Other theft,Investigation complete; no suspect identified,
b37fc9676a980f0365092e72515a4af5c3b47322b9690e97cf25061e58e33fd6,2015-12,Surrey Police,Northumbria Police,-1.688585,55.170261,On or near Maritime Place,E01027457,Northumberland 011A,Violence and sexual offences,Under investigation,
d155eb1e1c4ded589b42e8c9abe63adb66d2b01261b3ded5750c7f4fd752e204,2015-12,Surrey Police,Northumbria Police,-1.683371,55.178469,On or near Hospital,E01027457,Northumberland 011A,Violence and sexual offences,Under investigation,
1b72af026f07a2b580e73df7c853da7cd0426482b18a405ce7712265f5846422,2015-12,Surrey Police,Northumbria Police,-1.688585,55.170261,On or near Maritime Place,E01027457,Northumberland 011A,Violence and sexual offences,Under investigation,
,2015-12,Surrey Police,Northumbria Police,-1.647899,55.180358,On or near Pegswood Precinct,E01027462,Northumberland 011B,Anti-social behaviour,,
,2015-12,Surrey Police,Northumbria Police,-1.650174,55.178783,On or near Howburn Crescent,E01027462,Northumberland 011B,Anti-social behaviour,,
,2015-12,Surrey Police,Northumbria Police,-1.650783,55.179207,On or near West View,E01027462,Northumberland 011B,Anti-social behaviour,,
,2015-12,Surrey Police,Northumbria Police,-1.647899,55.180358,On or near Pegswood Precinct,E01027462,Northumberland 011B,Anti-social behaviour,,
,2015-12,Surrey Police,Northumbria Police,-1.653112,55.180391,On or near Cavendish Square,E01027462,Northumberland 011B,Anti-social behaviour,,
343d4a5f7124a5087d0eebcdeea94be77ca3e7258cadd57ec8157b19f0ae6d78,2015-12,Surrey Police,Northumbria Police,-1.650174,55.178783,On or near Howburn Crescent,E01027462,Northumberland 011B,Criminal damage and arson,Under investigation,
cebd680165a29d8075e7b57378b5576388d57dc36528532494e126b0425fe605,2015-12,Surrey Police,Northumbria Police,-1.645906,55.180226,On or near Supermarket,E01027462,Northumberland 011B,Criminal damage and arson,Offender given a caution,
3bf2ccd124068030de474650d5920ff4811b7a4e014e0335c34030759805a14e,2015-12,Surrey Police,Northumbria Police,-1.645260,55.178697,On or near Edward Street,E01027462,Northumberland 011B,Drugs,Offender fined,
be0a0cc3383ade6db267686480ad97f9b3dea2e392f0ff129423cc0a85d0cdfd,2015-12,Surrey Police,Northumbria Police,-1.645906,55.180226,On or near Supermarket,E01027462,Northumberland 011B,Shoplifting,Investigation complete; no suspect identified,
7ec1ab536ede4b99f601b0a072659ba5c683f0cb91a9bd24fb0b1d3ae7318f44,2015-12,Surrey Police,Northumbria Police,-1.645906,55.180226,On or near Supermarket,E01027462,Northumberland 011B,Shoplifting,Under investigation,
825b28e6c95e52391f8a5ecc4e689927a5165e8835aeecaca94161af65135b3c,2015-12,Surrey Police,Northumbria Police,-1.647899,55.180358,On or near Pegswood Precinct,E01027462,Northumberland 011B,Violence and sexual offences,Under investigation,
42aae5a598550164d6c67a361bcbcf5b815ff56983b8e280515b9201e792a76f,2015-12,Surrey Police,Northumbria Police,-1.650783,55.179207,On or near West View,E01027462,Northumberland 011B,Violence and sexual offences,Investigation complete; no suspect identified,
be9aafa93d76e04efa4a946905041cb1890dd3ab1d284ba3c87e4cdf34d0fdd9,2015-12,Surrey Police,Northumbria Police,-1.651047,55.181311,On or near Blenheim Gardens,E01027462,Northumberland 011B,Violence and sexual offences,Under investigation,
942294af63f17e4918f44f452daa86a5ba575f4590b4dbb975e98e3b9f37899a,2015-12,Surrey Police,Northumbria Police,-1.650174,55.178783,On or near Howburn Crescent,E01027462,Northumberland 011B,Other crime,Under investigation,
,2015-12,Surrey Police,Northumbria Police,-1.582370,55.181958,On or near Institute Road,E01027524,Northumberland 012A,Anti-social behaviour,,
,2015-12,Surrey Police,Northumbria Police,-1.579623,55.181813,On or near Park View,E01027524,Northumberland 012A,Anti-social behaviour,,
,2015-12,Surrey Police,Northumbria Police,-1.578152,55.179876,On or near Park Road,E01027524,Northumberland 012A,Anti-social behaviour,,
,2015-12,Surrey Police,Northumbria Police,-1.581890,55.184265,On or near Rotary Parkway,E01027524,Northumberland 012A,Anti-social behaviour,,
5c9d4b39ed04cbd3da1a92db644f9d8c4c6acb1223db4ef06d9dc4c259c30e78,2015-12,Surrey Police,Northumbria Police,-1.581785,55.180823,On or near Parking Area,E01027524,Northumberland 012A,Burglary,Investigation complete; no suspect identified,
86122ffc5898dffd88cec50eed1583a82a37cf3974bb99606fed63cf7710d4d4,2015-12,Surrey Police,Northumbria Police,-1.594335,55.186662,On or near Embleton Walk,E01027524,Northumberland 012A,Burglary,Investigation complete; no suspect identified,
e298d1c6211c36c32768aef05175e3da19987b452deb5891e1af4d63aaeae15f,2015-12,Surrey Police,Northumbria Police,-1.578644,55.180893,On or near Parking Area,E01027524,Northumberland 012A,Criminal damage and arson,Investigation complete; no suspect identified,
d0dff9244c4d053c46c80ea984b42bb55ccc9de12839c713d74e6076f7ba4257,2015-12,Surrey Police,Northumbria Police,-1.579623,55.181813,On or near Park View,E01027524,Northumberland 012A,Criminal damage and arson,Under investigation,
e5ceda7165b25db7e672faa05c335a7cca1e5212d8ef19c5a51e58b34f3f02f4,2015-12,Surrey Police,Northumbria Police,-1.594615,55.187004,On or near Rothbury Drive,E01027524,Northumberland 012A,Other theft,Investigation complete; no suspect identified,
2ce4e2978d027d77e16bc3029673bbad5758e2d3c7f5d2658d3f4e3d00f4c7fd,2015-12,Surrey Police,Northumbria Police,-1.581890,55.184265,On or near Rotary Parkway,E01027524,Northumberland 012A,Public order,Investigation complete; no suspect identified,
52d86e87a83d4c283878cfaaf63f3737a4e465d1cda7e36f48fded04d0bd8b95,2015-12,Surrey Police,Northumbria Police,-1.582370,55.181958,On or near Institute Road,E01027524,Northumberland 012A,Violence and sexual offences,Under investigation,
03979c11352d283852a5bd35f6a95fa50a043c26850911278a8c2560b1645308,2015-12,Surrey Police,Northumbria Police,-1.580693,55.177144,On or near Green Lane,E01027524,Northumberland 012A,Other crime,Under investigation,
,2015-12,Surrey Police,Northumbria Police,-1.600899,55.166348,On or near Glebe Farm,E01027525,Northumberland 012B,Anti-social behaviour,,
,2015-12,Surrey Police,Northumbria Police,-1.585332,55.179514,On or near Dene View,E01027525,Northumberland 012B,Anti-social behaviour,,
,2015-12,Surrey Police,Northumbria Police,-1.596380,55.170808,On or near Park/Open Space,E01027525,Northumberland 012B,Anti-social behaviour,,
,2015-12,Surrey Police,Northumbria Police,-1.595508,55.185650,On or near Beadnell Grove,E01027525,Northumberland 012B,Anti-social behaviour,,
7a2a81c5ac70003fa134c3042f35c8da10f69d6b368390a4cfbda7f2b86b8d57,2015-12,Surrey Police,Northumbria Police,-1.596380,55.170808,On or near Park/Open Space,E01027525,Northumberland 012B,Burglary,Investigation complete; no suspect identified,
e244f717470a0f92c978156415113d73d8dcf1ea1ff1bbd67e5601ec3834c9cc,2015-12,Surrey Police,Northumbria Police,-1.595036,55.184193,On or near Devon Close,E01027525,Northumberland 012B,Burglary,Investigation complete; no suspect identified,
c2b30345781ece63c3efa9e378b3ab2ecf13438581f6348c22b86ab1c0a93662,2015-12,Surrey Police,Northumbria Police,-1.595036,55.184193,On or near Devon Close,E01027525,Northumberland 012B,Burglary,Investigation complete; no suspect identified,
a76d61db97770a6429b6e5e58bcd5aeda05f935f45855d1a1429f2a2639a1af3,2015-12,Surrey Police,Northumbria Police,-1.598126,55.184571,On or near New Moor Close,E01027525,Northumberland 012B,Vehicle crime,Investigation complete; no suspect identified,
a6929d919115281835ae06faa548abbdb56a46485457c72eb6aa61828a08473e,2015-12,Surrey Police,Northumbria Police,-1.595036,55.184193,On or near Devon Close,E01027525,Northumberland 012B,Vehicle crime,Investigation complete; no suspect identified,
,2015-12,Surrey Police,Northumbria Police,-1.576589,55.177705,On or near Coupland Road,E01027527,Northumberland 012D,Anti-social behaviour,,
,2015-12,Surrey Police,Northumbria Police,-1.571115,55.178612,On or near Chillingham Crescent,E01027527,Northumberland 012D,Anti-social behaviour,,
,2015-12,Surrey Police,Northumbria Police,-1.576589,55.177705,On or near Coupland Road,E01027527,Northumberland 012D,Anti-social behaviour,,
,2015-12,Surrey Police,Northumbria Police,-1.572761,55.177377,On or near Green Lane,E01027527,Northumberland 012D,Anti-social behaviour,,
,2015-12,Surrey Police,Northumbria Police,-1.571115,55.178612,On or near Chillingham Crescent,E01027527,Northumberland 012D,Anti-social behaviour,,
,2015-12,Surrey Police,Northumbria Police,-1.576589,55.177705,On or near Coupland Road,E01027527,Northumberland 012D,Anti-social behaviour,,
41ef5c119b6fca1087c982de3edf3bb9cdac48b77984bcdc81c2a1d34e6f85a3,2015-12,Surrey Police,Northumbria Police,-1.572761,55.177377,On or near Green Lane,E01027527,Northumberland 012D,Criminal damage and arson,Investigation complete; no suspect identified,
e53a6919de707aab20d389af24549bd93234ef75de05e178fa182ea86ee34d47,2015-12,Surrey Police,Northumbria Police,-1.571115,55.178612,On or near Chillingham Crescent,E01027527,Northumberland 012D,Public order,Investigation complete; no suspect identified,
2c9cc2738aec7a31891f93864108e8e7700c9a0c458f1f78a4d891cddeb4b0ed,2015-12,Surrey Police,Northumbria Police,-1.575326,55.178339,On or near Langley Road,E01027527,Northumberland 012D,Violence and sexual offences,Awaiting court outcome,
8804d85b501ce520ad480d248e2816503af35768f140a1af27a07e03913fa8cb,2015-12,Surrey Police,Northumbria Police,-1.576589,55.177705,On or near Coupland Road,E01027527,Northumberland 012D,Violence and sexual offences,Investigation complete; no suspect identified,
c1f20849eddca0d123cdb2bb8fef5b324548a75ff699b50ef71e0c1118244077,2015-12,Surrey Police,Northumbria Police,-1.575326,55.178339,On or near Langley Road,E01027527,Northumberland 012D,Violence and sexual offences,Under investigation,
da666dfcdcddcb445abc74580488759cd1c2494366bcb3c3b056eb62fda50f86,2015-12,Surrey Police,Northumbria Police,-1.576216,55.178827,On or near Elsdon Drive,E01027527,Northumberland 012D,Violence and sexual offences,Under investigation,
,2015-12,Surrey Police,Northumbria Police,-1.554644,55.174329,On or near Bolam Drive,E01027533,Northumberland 013A,Anti-social behaviour,,
,2015-12,Surrey Police,Northumbria Police,-1.555613,55.174701,On or near Redwood Court,E01027533,Northumberland 013A,Anti-social behaviour,,
,2015-12,Surrey Police,Northumbria Police,-1.554644,55.174329,On or near Bolam Drive,E01027533,Northumberland 013A,Anti-social behaviour,,
,2015-12,Surrey Police,Northumbria Police,-1.554644,55.174329,On or near Bolam Drive,E01027533,Northumberland 013A,Anti-social behaviour,,
,2015-12,Surrey Police,Northumbria Police,-1.551134,55.175098,On or near Alexandra Road,E01027533,Northumberland 013A,Anti-social behaviour,,
,2015-12,Surrey Police,Northumbria Police,-1.557341,55.173261,On or near Further/Higher Educational Building,E01027533,Northumberland 013A,Anti-social behaviour,,
c64abcc1f94503250dab1cbf254878cc131b518efe63ba651f3a8d78a11b5e64,2015-12,Surrey Police,Northumbria Police,-1.553570,55.177722,On or near Ariel Street,E01027533,Northumberland 013A,Burglary,Investigation complete; no suspect identified,
fee8e65a76ec80943918ccd8460e7484248adfe4208a100c97949051f91fb60b,2015-12,Surrey Police,Northumbria Police,-1.555613,55.174701,On or near Redwood Court,E01027533,Northumberland 013A,Burglary,Investigation complete; no suspect identified,
7bc87b6b1ed1de9ae5a8c152fcae23dfa1faa59690f89b5e5da5dc445c5f1b58,2015-12,Surrey Police,Northumbria Police,-1.557341,55.173261,On or near Further/Higher Educational Building,E01027533,Northumberland 013A,Burglary,Investigation complete; no suspect identified,
29260fc281dd2309c1cb9d38147892bb7d1b7eba011aeafedcdf59d253ef23eb,2015-12,Surrey Police,Northumbria Police,-1.548799,55.173283,On or near Canterbury Close,E01027533,Northumberland 013A,Criminal damage and arson,Investigation complete; no suspect identified,
578e600b54f80ce4e31ef107527f62afc4a0b0c49c5b5f9eb650cb64cde37a54,2015-12,Surrey Police,Northumbria Police,-1.555076,55.172147,On or near College Road,E01027533,Northumberland 013A,Criminal damage and arson,Investigation complete; no suspect identified,
5b55dfb0f494ebab01e6390a56899ef730ed52619542516ecd09dd2f6c58aaaa,2015-12,Surrey Police,Northumbria Police,-1.554415,55.175191,On or near Parkside Court,E01027533,Northumberland 013A,Criminal damage and arson,Investigation complete; no suspect identified,
136a63ab17a0f073c1cdf802b130899e4a409bed5068ef615ac0e3ae09d1b6b7,2015-12,Surrey Police,Northumbria Police,-1.555613,55.174701,On or near Redwood Court,E01027533,Northumberland 013A,Criminal damage and arson,Investigation complete; no suspect identified,
4c048aa912dc09eec8b1986e1667c7416951057eb3b8dda8fd6f1efa9d09f8e4,2015-12,Surrey Police,Northumbria Police,-1.557341,55.173261,On or near Further/Higher Educational Building,E01027533,Northumberland 013A,Criminal damage and arson,Investigation complete; no suspect identified,
52547dc362ea0f15d0adb81abf87c969041d213cf6ee0915971e686fdd9874e2,2015-12,Surrey Police,Northumbria Police,-1.548799,55.173283,On or near Canterbury Close,E01027533,Northumberland 013A,Drugs,Under investigation,
65d94e9d0460c7c6596a407ccda5add90b42458d136deae6f9fa6cddc02f3373,2015-12,Surrey Police,Northumbria Police,-1.553570,55.177722,On or near Ariel Street,E01027533,Northumberland 013A,Other theft,Investigation complete; no suspect identified,
a23653868d65f1b610359850f6ee579d9f10078362a5f8fd55e8578aac27963e,2015-12,Surrey Police,Northumbria Police,-1.555613,55.174701,On or near Redwood Court,E01027533,Northumberland 013A,Other theft,Investigation complete; no suspect identified,
c416d84073d595837d048b6327701f23f151e74ea8687148fb147577b30c6ff4,2015-12,Surrey Police,Northumbria Police,-1.553684,55.173149,On or near Debdon Road,E01027533,Northumberland 013A,Vehicle crime,Investigation complete; no suspect identified,
43e0b76041691ed3839642d41d002fad5acdb8490f35e1e4e079cacf1ede687e,2015-12,Surrey Police,Northumbria Police,-1.552335,55.175857,On or near Byron Place,E01027533,Northumberland 013A,Violence and sexual offences,Under investigation,
af8c1192884a938d303506f2f98f53046324714e44060caeb6016d04a7d3cbe7,2015-12,Surrey Police,Northumbria Police,-1.548799,55.173283,On or near Canterbury Close,E01027533,Northumberland 013A,Violence and sexual offences,Under investigation,
,2015-12,Surrey Police,Northumbria Police,-1.557600,55.183892,On or near Alexandra Road,E01027540,Northumberland 013B,Anti-social behaviour,,
,2015-12,Surrey Police,Northumbria Police,-1.557600,55.183892,On or near Alexandra Road,E01027540,Northumberland 013B,Anti-social behaviour,,
,2015-12,Surrey Police,Northumbria Police,-1.557600,55.183892,On or near Alexandra Road,E01027540,Northumberland 013B,Anti-social behaviour,,
,2015-12,Surrey Police,Northumbria Police,-1.555081,55.181627,On or near Berrymoor,E01027540,Northumberland 013B,Anti-social behaviour,,
,2015-12,Surrey Police,Northumbria Police,-1.557600,55.183892,On or near Alexandra Road,E01027540,Northumberland 013B,Anti-social behaviour,,
,2015-12,Surrey Police,Northumbria Police,-1.555081,55.181627,On or near Berrymoor,E01027540,Northumberland 013B,Anti-social behaviour,,
,2015-12,Surrey Police,Northumbria Police,-1.551284,55.181335,On or near Moorhouse Estate,E01027540,Northumberland 013B,Anti-social behaviour,,
,2015-12,Surrey Police,Northumbria Police,-1.554490,55.185301,On or near Tyne Street,E01027540,Northumberland 013B,Anti-social behaviour,,
,2015-12,Surrey Police,Northumbria Police,-1.555081,55.181627,On or near Berrymoor,E01027540,Northumberland 013B,Anti-social behaviour,,
,2015-12,Surrey Police,Northumbria Police,-1.554490,55.185301,On or near Tyne Street,E01027540,Northumberland 013B,Anti-social behaviour,,
5de9170ff5c49ad2d9ace03c24d063c8619172849402bc3315740611c347a081,2015-12,Surrey Police,Northumbria Police,-1.554442,55.184015,On or near Blyth Terrace,E01027540,Northumberland 013B,Bicycle theft,Investigation complete; no suspect identified,
84ead40ae9f00c757d440aa92d70812d094e2f7b1534353bcba5e5a66bac717c,2015-12,Surrey Police,Northumbria Police,-1.545745,55.186454,On or near Coneygarth Place,E01027540,Northumberland 013B,Burglary,Investigation complete; no suspect identified,
16d68ae1890b9f9a2278db5ea8aaec7a5f622effa65bc68c9c49e2eb82e68b45,2015-12,Surrey Police,Northumbria Police,-1.545745,55.186454,On or near Coneygarth Place,E01027540,Northumberland 013B,Drugs,Investigation complete; no suspect identified,
8336be5d697e7a0c0e444c071f93c7a636bd3eeb1623b0bf2a4ab5a156bb1163,2015-12,Surrey Police,Northumbria Police,-1.548974,55.185640,On or near St Christophers Close,E01027540,Northumberland 013B,Vehicle crime,Investigation complete; no suspect identified,
30e03d80e4c5f1866f0601fcd70a76da2ce86425b1889fcdd412992e1384e8e2,2015-12,Surrey Police,Northumbria Police,-1.548832,55.187086,On or near St Pauls Close,E01027540,Northumberland 013B,Vehicle crime,Investigation complete; no suspect identified,
749254fb34f13c6e4ff1035552cc6d81b337e78b61d404bd67bb0359354caaa8,2015-12,Surrey Police,Northumbria Police,-1.557600,55.183892,On or near Alexandra Road,E01027540,Northumberland 013B,Violence and sexual offences,Investigation complete; no suspect identified,
ad7d215259120eb7ac96c154fa20fa2ce35b9a669df93061e5ee6b7b8c1bd046,2015-12,Surrey Police,Northumbria Police,-1.552175,55.185912,On or near Woodhorn Villas,E01027540,Northumberland 013B,Violence and sexual offences,Awaiting court outcome,
62d7f68a5f1df3d9d3f347ca302d995aac6d4d0a1af3a9384eeec55af2ea9cd1,2015-12,Surrey Police,Northumbria Police,-1.554442,55.184015,On or near Blyth Terrace,E01027540,Northumberland 013B,Other crime,Under investigation,
,2015-12,Surrey Police,Northumbria Police,-1.535835,55.179723,On or near Taylor Avenue,E01027549,Northumberland 013E,Anti-social behaviour,,
,2015-12,Surrey Police,Northumbria Police,-1.535835,55.179723,On or near Taylor Avenue,E01027549,Northumberland 013E,Anti-social behaviour,,
,2015-12,Surrey Police,Northumbria Police,-1.542207,55.178650,On or near Allchurch Drive,E01027549,Northumberland 013E,Anti-social behaviour,,
7173587e04da17b4423e95cb96c7fa6d638019ce56a1a7416de866d7611e8fa3,2015-12,Surrey Police,Northumbria Police,-1.535835,55.179723,On or near Taylor Avenue,E01027549,Northumberland 013E,Other theft,Investigation complete; no suspect identified,
d2727d7b51570703b07d46ecfb6663c0658ea7d4214311e566b1f52e270d99d8,2015-12,Surrey Police,Northumbria Police,-1.547133,55.181814,On or near Harrington Way,E01027549,Northumberland 013E,Vehicle crime,Investigation complete; no suspect identified,
b17da34674e85380fc1bf5f866256efdf1bf5e8170fd7cdd25548c8fd82026da,2015-12,Surrey Police,Northumbria Police,-1.547129,55.182119,On or near Torrance Close,E01027549,Northumberland 013E,Vehicle crime,Awaiting court outcome,
b01995167bc672bcade6d5d4ad0925bace757d2082f07f32ad509ac07df7bf66,2015-12,Surrey Police,Northumbria Police,-1.547133,55.181814,On or near Harrington Way,E01027549,Northumberland 013E,Vehicle crime,Awaiting court outcome,
1b9ea9fbb0ec4060d1a27aaf263369d952c74efe5120fea7551c9613b6109bea,2015-12,Surrey Police,Northumbria Police,-1.547133,55.181814,On or near Harrington Way,E01027549,Northumberland 013E,Vehicle crime,Awaiting court outcome,
,2015-12,Surrey Police,Northumbria Police,-1.545452,55.174951,On or near Norwich Close,E01033716,Northumberland 013F,Anti-social behaviour,,
,2015-12,Surrey Police,Northumbria Police,-1.539885,55.174373,On or near Oakville,E01033716,Northumberland 013F,Anti-social behaviour,,
,2015-12,Surrey Police,Northumbria Police,-1.543805,55.174810,On or near Exeter Close,E01033716,Northumberland 013F,Anti-social behaviour,,
,2015-12,Surrey Police,Northumbria Police,-1.537784,55.176863,On or near Southern Close,E01033716,Northumberland 013F,Anti-social behaviour,,
,2015-12,Surrey Police,Northumbria Police,-1.537005,55.172251,On or near The Paddock,E01033716,Northumberland 013F,Anti-social behaviour,,
,2015-12,Surrey Police,Northumbria Police,-1.541984,55.165180,On or near Links View,E01033716,Northumberland 013F,Anti-social behaviour,,
,2015-12,Surrey Police,Northumbria Police,-1.539885,55.174373,On or near Oakville,E01033716,Northumberland 013F,Anti-social behaviour,,
,2015-12,Surrey Police,Northumbria Police,-1.547361,55.174123,On or near Winchester Close,E01033716,Northumberland 013F,Anti-social behaviour,,
,2015-12,Surrey Police,Northumbria Police,-1.547361,55.174123,On or near Winchester Close,E01033716,Northumberland 013F,Anti-social behaviour,,
,2015-12,Surrey Police,Northumbria Police,-1.547361,55.174123,On or near Winchester Close,E01033716,Northumberland 013F,Anti-social behaviour,,
,2015-12,Surrey Police,Northumbria Police,-1.547361,55.174123,On or near Winchester Close,E01033716,Northumberland 013F,Anti-social behaviour,,
,2015-12,Surrey Police,Northumbria Police,-1.547361,55.174123,On or near Winchester Close,E01033716,Northumberland 013F,Anti-social behaviour,,
c6083aad5ffac873d560fb9d21d3981c7c04f2e0dfa24823a0037c9c002a1b86,2015-12,Surrey Police,Northumbria Police,-1.539885,55.174373,On or near Oakville,E01033716,Northumberland 013F,Bicycle theft,Investigation complete; no suspect identified,
4924741708ee0b46f582faa1586ef47cd4df064244cf2f993dc63388b32db45d,2015-12,Surrey Police,Northumbria Police,-1.539309,55.172556,On or near Hillcrest,E01033716,Northumberland 013F,Burglary,Investigation complete; no suspect identified,
ec3e94aa5a7ce16c83ac56673a493df0e7287b324e170f4e0a438891704a64d7,2015-12,Surrey Police,Northumbria Police,-1.545269,55.173064,On or near Chichester Close,E01033716,Northumberland 013F,Burglary,Investigation complete; no suspect identified,
2a3a122951c0e85fdc500a8f786138615820f7adeacc49d111fb1b805e0e2e51,2015-12,Surrey Police,Northumbria Police,-1.541984,55.165180,On or near Links View,E01033716,Northumberland 013F,Burglary,Investigation complete; no suspect identified,
2d6cc930d57a526812a96b58ad6425aa8d6de2372f6c7a7ec833c90879c6ddc3,2015-12,Surrey Police,Northumbria Police,-1.547494,55.174878,On or near Lichfield Close,E01033716,Northumberland 013F,Burglary,Investigation complete; no suspect identified,
bffa47ba65863478f6d639c939af88eb87db1c1a426c3c13ab1e78be3dbd05b9,2015-12,Surrey Police,Northumbria Police,-1.541984,55.165180,On or near Links View,E01033716,Northumberland 013F,Criminal damage and arson,Investigation complete; no suspect identified,
e589d4cbd23aa1a4b756a0f280e2b5c004143db4e2e04dc1de1e3c567818de66,2015-12,Surrey Police,Northumbria Police,-1.545269,55.173064,On or near Chichester Close,E01033716,Northumberland 013F,Criminal damage and arson,Under investigation,
114d46fcf27425ced9ec150f7b9e41806ede939e1d0aa1eb3c84d4fcf52cfef0,2015-12,Surrey Police,Northumbria Police,-1.537784,55.176863,On or near Southern Close,E01033716,Northumberland 013F,Criminal damage and arson,Investigation complete; no suspect identified,
fae6a5f419a8c087c0f4739f9cf172d5117221beb08784d4da6b0420d9854c7d,2015-12,Surrey Police,Northumbria Police,-1.542345,55.172037,On or near Avondale Gardens,E01033716,Northumberland 013F,Public order,Offender fined,
7fa5d4897939d3f720175a3e22fbeda98de9690936673d606394e9bd09976008,2015-12,Surrey Police,Northumbria Police,-1.542087,55.174031,On or near Meadowfield,E01033716,Northumberland 013F,Shoplifting,Investigation complete; no suspect identified,
6fbd939f19dbeeccd76d3f4c85711c95e73ab20aaf43692d90b40c78ae68261e,2015-12,Surrey Police,Northumbria Police,-1.541818,55.174219,On or near Parking Area,E01033716,Northumberland 013F,Vehicle crime,Under investigation,
151f25aefdb68faa06af730506fae598f86315e5a032f9414418714c7a0fad10,2015-12,Surrey Police,Northumbria Police,-1.541108,55.173147,On or near Fairfield Drive,E01033716,Northumberland 013F,Violence and sexual offences,Under investigation,
32bba59ced043acf254a3da7b6d74cabc15528830b755bc0efb194fc6ab31d43,2015-12,Surrey Police,Northumbria Police,-1.540922,55.175707,On or near Thorntree Gardens,E01033716,Northumberland 013F,Violence and sexual offences,Under investigation,
dd15c154897b5e3b596a0c85a7959b300623d2c7959ad1fe8b2ea0e6e139c055,2015-12,Surrey Police,Northumbria Police,-1.543805,55.174810,On or near Exeter Close,E01033716,Northumberland 013F,Violence and sexual offences,Under investigation,
a18b8459288984db5a5bc1e9d78fb02fcf767956308e2591ef5ca787be376683,2015-12,Surrey Police,Northumbria Police,-1.547494,55.174878,On or near Lichfield Close,E01033716,Northumberland 013F,Violence and sexual offences,Under investigation,
a882b407685de9ec8fc18a9740dfbb3330ecfedeb7d059af6f43d93738c9c43f,2015-12,Surrey Police,Northumbria Police,-1.540922,55.175707,On or near Thorntree Gardens,E01033716,Northumberland 013F,Violence and sexual offences,Under investigation,
b37e14c64191fedcb75b193d468769fda5cb790b8b49faf71784a88de4e87955,2015-12,Surrey Police,Northumbria Police,-1.534830,55.176987,On or near Wealleans Close,E01033716,Northumberland 013F,Other crime,Under investigation,
,2015-12,Surrey Police,Northumbria Police,-1.554003,55.171272,On or near Falstone Crescent,E01027532,Northumberland 014A,Anti-social behaviour,,
7904f59c18ad8850449917f20dfb000fd7464ca50aff290a685459e570646b11,2015-12,Surrey Police,Northumbria Police,-1.548184,55.165266,On or near Castle Island Way,E01027532,Northumberland 014A,Burglary,Investigation complete; no suspect identified,
a0b4cda5f80cb3ac6a9095abe56a6e909909ca62141299ca9c6f33ab8b3f93a3,2015-12,Surrey Police,Northumbria Police,-1.549268,55.167956,On or near Freeman Way,E01027532,Northumberland 014A,Burglary,Investigation complete; no suspect identified,
02e94bfe24b135077da1d429acfcbbe3043141cdd1a9518e4accfdc26c8d4ec0,2015-12,Surrey Police,Northumbria Police,-1.547363,55.167051,On or near Armstrong Way,E01027532,Northumberland 014A,Criminal damage and arson,Investigation complete; no suspect identified,
a08637afc7fdda3071b3ed60aa398b8e516016f5cd1721157f9749ef1c755062,2015-12,Surrey Police,Northumbria Police,-1.548184,55.165266,On or near Castle Island Way,E01027532,Northumberland 014A,Other theft,Investigation complete; no suspect identified,
bc550fc9cfafc4c200c9db6bbbc9698e518537a1aa2b071fa81285fc2beb3b63,2015-12,Surrey Police,Northumbria Police,-1.556356,55.170004,On or near Petrol Station,E01027532,Northumberland 014A,Other theft,Investigation complete; no suspect identified,
eeda0ea9ac9b2586ba7c4b2c1ba69aed569fe4f16799c44f85f11cd6ee94d5dc,2015-12,Surrey Police,Northumbria Police,-1.560946,55.173741,On or near Supermarket,E01027532,Northumberland 014A,Public order,Under investigation,
958a6e9d706698eeecefb6111385c7381550b34f770fadd6e1c1634d45236043,2015-12,Surrey Police,Northumbria Police,-1.549268,55.167956,On or near Freeman Way,E01027532,Northumberland 014A,Shoplifting,Offender given community sentence,
e7bd2785d17aa4de3509296ac1188f2639a00aaf61368d6d294037aee6ccd856,2015-12,Surrey Police,Northumbria Police,-1.549268,55.167956,On or near Freeman Way,E01027532,Northumberland 014A,Shoplifting,Offender given community sentence,
223e4071fdfeb552c14566aae2c4a4703ed084a0c65451c2ba7a101433192289,2015-12,Surrey Police,Northumbria Police,-1.549268,55.167956,On or near Freeman Way,E01027532,Northumberland 014A,Shoplifting,Offender given community sentence,
d724f92b583fb2af93c65f92db1888572ff01d1f1159b30e812c1878c67337f3,2015-12,Surrey Police,Northumbria Police,-1.560946,55.173741,On or near Supermarket,E01027532,Northumberland 014A,Vehicle crime,Investigation complete; no suspect identified,
39bad689788f3e6c07c5063f319d541fe369f21a10d859b75f353329647c393b,2015-12,Surrey Police,Northumbria Police,-1.559819,55.172057,On or near Eighth Avenue,E01027532,Northumberland 014A,Vehicle crime,Investigation complete; no suspect identified,
,2015-12,Surrey Police,Northumbria Police,-1.560658,55.169948,On or near Parking Area,E01027537,Northumberland 014B,Anti-social behaviour,,
9086065ecd078d7485073ebbd94abf001ac66a38b35fe33f48f8a4d1b9963379,2015-12,Surrey Police,Northumbria Police,-1.562788,55.174718,On or near Sixth Avenue,E01027537,Northumberland 014B,Burglary,Investigation complete; no suspect identified,
e04b90e455d9a06ed7459fde4d7fd63fc59334e77395c29508e65b5e36f8f48f,2015-12,Surrey Police,Northumbria Police,-1.560231,55.170252,On or near B1334,E01027537,Northumberland 014B,Burglary,Investigation complete; no suspect identified,
f9ed22537df24c63e2218f8e1da424dbef2644af3aa2548e2f09466a9088d967,2015-12,Surrey Police,Northumbria Police,-1.564955,55.173252,On or near Dilston Drive,E01027537,Northumberland 014B,Criminal damage and arson,Investigation complete; no suspect identified,
3116aebb740b1f2d4d7382bfa45494f43f9416ca2bb257da70ef1a442d00b345,2015-12,Surrey Police,Northumbria Police,-1.562788,55.174718,On or near Sixth Avenue,E01027537,Northumberland 014B,Other theft,Investigation complete; no suspect identified,
10b237fe340dc6c732ff6b8ee68ad0e596ede029746db39dd22023b359a60402,2015-12,Surrey Police,Northumbria Police,-1.560658,55.169948,On or near Parking Area,E01027537,Northumberland 014B,Vehicle crime,Investigation complete; no suspect identified,
110169f7ed7da0ce623872d23bebb9375b3170ce52d841aa7da96006666ff227,2015-12,Surrey Police,Northumbria Police,-1.562788,55.174718,On or near Sixth Avenue,E01027537,Northumberland 014B,Vehicle crime,Investigation complete; no suspect identified,
10c2b8abc4de805492eb9212caaea75e317bd1f4b681f3cf76338e4fc33cfd68,2015-12,Surrey Police,Northumbria Police,-1.565568,55.176112,On or near Titchfield Terrace,E01027537,Northumberland 014B,Violence and sexual offences,Under investigation,
1714bb2ec35e68e8c5a7f5fe351c8c4354d11afa21585e9aa00bfec43e0aa46b,2015-12,Surrey Police,Northumbria Police,-1.560231,55.170252,On or near B1334,E01027537,Northumberland 014B,Violence and sexual offences,Offender fined,
dae76991112dd5fd3bf650d4e83d4bc3eb61546e52e1b9fa4f9679efef375bf3,2015-12,Surrey Police,Northumbria Police,-1.565568,55.176112,On or near Titchfield Terrace,E01027537,Northumberland 014B,Violence and sexual offences,Under investigation,
,2015-12,Surrey Police,Northumbria Police,-1.568960,55.174623,On or near Goodwood Court,E01027538,Northumberland 014C,Anti-social behaviour,,
,2015-12,Surrey Police,Northumbria Police,-1.568960,55.174623,On or near Goodwood Court,E01027538,Northumberland 014C,Anti-social behaviour,,
21067c26f587d731ffcca42696e0d1815794f1a5b18ec6216ee1f090a3aedb9b,2015-12,Surrey Police,Northumbria Police,-1.561911,55.165900,On or near Curlew Close,E01027538,Northumberland 014C,Burglary,Investigation complete; no suspect identified,
8fd27cc204ccf634264cf6750c7ddb6b315520e614e585001cf6b8f673d74101,2015-12,Surrey Police,Northumbria Police,-1.564610,55.168938,On or near Newbiggin Road,E01027538,Northumberland 014C,Criminal damage and arson,Investigation complete; no suspect identified,
bbe81f82abb387e271a86a93dbe23508a5a961d2ffe73667d430b1528412fb3e,2015-12,Surrey Police,Northumbria Police,-1.562601,55.167457,On or near Waterford Green,E01027538,Northumberland 014C,Vehicle crime,Investigation complete; no suspect identified,
9231d9fbc4916827596be252af4e4242053844d0bfa646a3c00897d306a8094e,2015-12,Surrey Police,Northumbria Police,-1.566616,55.169259,On or near Jubilee Estate,E01027538,Northumberland 014C,Vehicle crime,Investigation complete; no suspect identified,
e57ec67d92350dd5e6de171b9dcf32757aec261a9424d33fb914c79bbd98944f,2015-12,Surrey Police,Northumbria Police,-1.568960,55.174623,On or near Goodwood Court,E01027538,Northumberland 014C,Other crime,Investigation complete; no suspect identified,
c1c2cb2ed187d3d87d912a024234d7a39fcab61873722706e2f5e556c7f35318,2015-12,Surrey Police,Northumbria Police,-1.870901,55.129452,On or near Parking Area,E01027447,Northumberland 015A,Criminal damage and arson,Under investigation,
5716dc23d6fcaaf4467d9663428cd25069d6009afc793360294d80502f110252,2015-12,Surrey Police,Northumbria Police,-1.870901,55.129452,On or near Parking Area,E01027447,Northumberland 015A,Criminal damage and arson,Under investigation,
feb90be83bc58a78f3578d6b6c7521eea767f74f0b4ffaaa0f2985827865377a,2015-12,Surrey Police,Northumbria Police,-1.871716,55.154191,On or near Park/Open Space,E01027447,Northumberland 015A,Criminal damage and arson,Under investigation,
,2015-12,Surrey Police,Northumbria Police,-1.649743,55.150925,On or near Fieldhouse Lane,E01027448,Northumberland 015B,Anti-social behaviour,,
f2f5ab5caa6d9320cedb5453d7d7d5334777fa57e7d1ff20f7afb656f6756f95,2015-12,Surrey Police,Northumbria Police,-1.714923,55.195099,On or near A1,E01027448,Northumberland 015B,Burglary,Investigation complete; no suspect identified,
f90f575232542a4ef6b90ffb74efd0e260d4a1edc680b704a02f64fcb1851388,2015-12,Surrey Police,Northumbria Police,-1.714923,55.195099,On or near A1,E01027448,Northumberland 015B,Burglary,Investigation complete; no suspect identified,
c8737be2158b0c78bfd48b51deb5b509b8fcc8f62e8d5db515b40e754c83c5db,2015-12,Surrey Police,Northumbria Police,-1.713784,55.180863,On or near Petrol Station,E01027448,Northumberland 015B,Burglary,Investigation complete; no suspect identified,
4a96b597d83c4fda5b17ff5cac2b31d12ae6573706b22740b398c2bdc1f09e56,2015-12,Surrey Police,Northumbria Police,-1.713711,55.184592,On or near Sports/Recreation Area,E01027448,Northumberland 015B,Burglary,Investigation complete; no suspect identified,
1dbe46b0f55e821a3f3790da0d76042cdca0f64f502c62a5a135d31f0d9fc87d,2015-12,Surrey Police,Northumbria Police,-1.714923,55.195099,On or near A1,E01027448,Northumberland 015B,Criminal damage and arson,Investigation complete; no suspect identified,
f297619f267b9309ec0d2aa73179dab9965fb9a85cfdb65dec2f5f388fca79c5,2015-12,Surrey Police,Northumbria Police,-1.713784,55.180863,On or near Petrol Station,E01027448,Northumberland 015B,Shoplifting,Offender given absolute discharge,
6036ba2b6b8a8613fe571f462fe1b029cdfadffca93724df1cf67483f2843d72,2015-12,Surrey Police,Northumbria Police,-1.713711,55.184592,On or near Sports/Recreation Area,E01027448,Northumberland 015B,Violence and sexual offences,Under investigation,
0ba9565ad988affe688c02b18f78824727baca8e8f9909b3bfaea070089fcb8e,2015-12,Surrey Police,Northumbria Police,-1.713711,55.184592,On or near Sports/Recreation Area,E01027448,Northumberland 015B,Violence and sexual offences,Under investigation,
8544de8747357b1cacd223120e963e9ba3b4e9b47e884781dd464de711b573af,2015-12,Surrey Police,Northumbria Police,-1.713711,55.184592,On or near Sports/Recreation Area,E01027448,Northumberland 015B,Violence and sexual offences,Under investigation,
a110c6d96b84708278239ddd9e3b9754927c188172edcec88e656e65585fadfb,2015-12,Surrey Police,Northumbria Police,-1.713711,55.184592,On or near Sports/Recreation Area,E01027448,Northumberland 015B,Violence and sexual offences,Under investigation,
0467dcc1eddc931189c9603c41c2be8cc4102f39f3d2a979e6544dba1447edeb,2015-12,Surrey Police,Northumbria Police,-1.718816,55.137481,On or near Gubeon Wood,E01027448,Northumberland 015B,Violence and sexual offences,Under investigation,
dda1482a81de8d2f26c2f28bf7939d786d8c9a1ed326202eb25c470b751aaf5c,2015-12,Surrey Police,Northumbria Police,-1.675612,55.157494,On or near Third Avenue,E01027448,Northumberland 015B,Violence and sexual offences,Investigation complete; no suspect identified,
72abdecc667ae145ee14672b7447530f974bd1aa727ae1bf3a47cb7f36a1b7ba,2015-12,Surrey Police,Northumbria Police,-1.713711,55.184592,On or near Sports/Recreation Area,E01027448,Northumberland 015B,Violence and sexual offences,Under investigation,
4ab9f73b66b950945f064194518d76cba68687c753829087997b22f841d15db1,2015-12,Surrey Police,Northumbria Police,-1.771942,55.245225,On or near West Road,E01027450,Northumberland 015C,Violence and sexual offences,Under investigation,
6f64d569afe217804e8d7333d86d00397eb03be4aa04b39aaae0e9eaf4f72794,2015-12,Surrey Police,Northumbria Police,-1.771942,55.245225,On or near West Road,E01027450,Northumberland 015C,Other crime,Under investigation,
,2015-12,Surrey Police,Northumbria Police,-1.661329,55.127918,On or near Stannington Station Road,E01027473,Northumberland 015D,Anti-social behaviour,,
,2015-12,Surrey Police,Northumbria Police,-1.661329,55.127918,On or near Stannington Station Road,E01027473,Northumberland 015D,Anti-social behaviour,,
3dadbc954df7b560a98532d87847818ec77630dbb15f41a5a8e6e183c8a9bc16,2015-12,Surrey Police,Northumbria Police,-1.670085,55.108298,On or near Church Road,E01027473,Northumberland 015D,Bicycle theft,Investigation complete; no suspect identified,
d771b070cdf3c2d0ccee8544dfabc660551619e120b6126c4cf39c5691ae70dc,2015-12,Surrey Police,Northumbria Police,-1.716498,55.121436,On or near Sports/Recreation Area,E01027473,Northumberland 015D,Burglary,Under investigation,
dc82543f09a0d0f3881adce4fdaaca5231b080c98e88c4632f787387982a6cef,2015-12,Surrey Police,Northumbria Police,-1.800812,55.126958,On or near Manor Close,E01027473,Northumberland 015D,Burglary,Investigation complete; no suspect identified,
bcab6f19fd7dfc77500dffcd35d15da968f1130aedc483b9652f9e48a8868c0b,2015-12,Surrey Police,Northumbria Police,-1.665790,55.110192,On or near Green Close,E01027473,Northumberland 015D,Criminal damage and arson,Investigation complete; no suspect identified,
52719a72d5fe443a5720fc5f3818e8e7a9c2b4700e79d74f40bf36f8b5862422,2015-12,Surrey Police,Northumbria Police,-1.665790,55.110192,On or near Green Close,E01027473,Northumberland 015D,Criminal damage and arson,Investigation complete; no suspect identified,
23301c60889a637b1097c7a5d2703983e6d34ec903feff310541cc0538d2210b,2015-12,Surrey Police,Northumbria Police,-1.671806,55.125871,On or near Petrol Station,E01027473,Northumberland 015D,Drugs,Awaiting court outcome,
7e1ddeb39cf380bac0e0a99644a0797946b5df876b161b54033fd4154875e128,2015-12,Surrey Police,Northumbria Police,-1.800812,55.126958,On or near Manor Close,E01027473,Northumberland 015D,Other theft,Awaiting court outcome,
31c8dbc3ab5e24cc4452de5efed4257f5f61feeadf3c27151327801f2f558347,2015-12,Surrey Police,Northumbria Police,-1.665790,55.110192,On or near Green Close,E01027473,Northumberland 015D,Vehicle crime,Investigation complete; no suspect identified,
fa5337481f0b69ed46287f77a50de42ef0969e7a382a4c38ed36b5b018e07f5e,2015-12,Surrey Police,Northumbria Police,-1.652951,55.135595,On or near Park Drive,E01027473,Northumberland 015D,Violence and sexual offences,Under investigation,
43659aa3396a298ce50481fae80067a9af6219f9c22cd6b7b448e6d6d67af851,2015-12,Surrey Police,Northumbria Police,-1.670085,55.108298,On or near Church Road,E01027473,Northumberland 015D,Violence and sexual offences,Investigation complete; no suspect identified,
573fa38d78edea3884d8163bf04dd10ab20bfb2f6f00e0cdbe1466300a9a19ed,2015-12,Surrey Police,Northumbria Police,-1.670085,55.108298,On or near Church Road,E01027473,Northumberland 015D,Violence and sexual offences,Under investigation,
c09469f459ee29b0f692fb4c5592cb359253e51bbd9d563e6c87739f40f9c511,2015-12,Surrey Police,Northumbria Police,-1.682443,55.139117,On or near A197,E01027473,Northumberland 015D,Violence and sexual offences,Investigation complete; no suspect identified,
,2015-12,Surrey Police,Northumbria Police,-1.678611,55.165041,On or near Fernway,E01027452,Northumberland 016A,Anti-social behaviour,,
,2015-12,Surrey Police,Northumbria Police,-1.686033,55.169391,On or near Dark Lane,E01027452,Northumberland 016A,Anti-social behaviour,,
676c66e476c9739678792fcd07947fa52938a6113f7afff05b4ddc9b9de4cb44,2015-12,Surrey Police,Northumbria Police,-1.686033,55.169391,On or near Dark Lane,E01027452,Northumberland 016A,Burglary,Investigation complete; no suspect identified,
faf3d150b5fff08fce79ab637ed4602399df59907765eac9456eb066340cf56f,2015-12,Surrey Police,Northumbria Police,-1.683783,55.168011,On or near Wellwood Gardens,E01027452,Northumberland 016A,Other theft,Investigation complete; no suspect identified,
e0d5c8e352c4ec7437b4bcc54fec2853fe99350e70d6eaa37883a01267a2eefd,2015-12,Surrey Police,Northumbria Police,-1.686033,55.169391,On or near Dark Lane,E01027452,Northumberland 016A,Other theft,Awaiting court outcome,
f61f2bf9c72bf4cfdea625f2f39063fedb7b5b461bc9735b569ce4bf786e3da5,2015-12,Surrey Police,Northumbria Police,-1.684626,55.168588,On or near Staithes Lane,E01027452,Northumberland 016A,Other theft,Under investigation,
bced2ec643d1ae86f486d6e211039269b5a81ca90aefcd0009382255edc0567a,2015-12,Surrey Police,Northumbria Police,-1.684626,55.168588,On or near Staithes Lane,E01027452,Northumberland 016A,Other theft,Under investigation,
a21694910af84a88f36a7bbc1ad511d696c378620cfdc97123a63c10ad4f5bbd,2015-12,Surrey Police,Northumbria Police,-1.683946,55.165324,On or near Police Station,E01027452,Northumberland 016A,Other theft,Investigation complete; no suspect identified,
053c28d87995f1138936603bb5c974c7bb62aa822a392e9a0c8a7cbd62a3fbe7,2015-12,Surrey Police,Northumbria Police,-1.686033,55.169391,On or near Dark Lane,E01027452,Northumberland 016A,Vehicle crime,Investigation complete; no suspect identified,
271d4f13ce349888400bbf00dac50a598f421a8012228bb023805198d2a3325b,2015-12,Surrey Police,Northumbria Police,-1.684626,55.168588,On or near Staithes Lane,E01027452,Northumberland 016A,Violence and sexual offences,Awaiting court outcome,
,2015-12,Surrey Police,Northumbria Police,-1.687403,55.166834,On or near Chantry Place,E01027453,Northumberland 016B,Anti-social behaviour,,
,2015-12,Surrey Police,Northumbria Police,-1.689742,55.168844,On or near Parking Area,E01027453,Northumberland 016B,Anti-social behaviour,,
,2015-12,Surrey Police,Northumbria Police,-1.694949,55.169531,On or near Abbey View,E01027453,Northumberland 016B,Anti-social behaviour,,
,2015-12,Surrey Police,Northumbria Police,-1.690795,55.166609,On or near Newgate Street,E01027453,Northumberland 016B,Anti-social behaviour,,
,2015-12,Surrey Police,Northumbria Police,-1.690095,55.167901,On or near Shopping Area,E01027453,Northumberland 016B,Anti-social behaviour,,
,2015-12,Surrey Police,Northumbria Police,-1.689742,55.168844,On or near Parking Area,E01027453,Northumberland 016B,Anti-social behaviour,,
,2015-12,Surrey Police,Northumbria Police,-1.690095,55.167901,On or near Shopping Area,E01027453,Northumberland 016B,Anti-social behaviour,,
,2015-12,Surrey Police,Northumbria Police,-1.687403,55.166834,On or near Chantry Place,E01027453,Northumberland 016B,Anti-social behaviour,,
ecc56ba456964330ab0ca091b16b5e9f9132656603a858dad7493b0e3986ff5b,2015-12,Surrey Police,Northumbria Police,-1.690426,55.165727,On or near Carlisle View,E01027453,Northumberland 016B,Burglary,Investigation complete; no suspect identified,
2e1eb317c00e2fa72cdf82e0dc3843f13fdcbebbf59d150b29809117b7c73172,2015-12,Surrey Police,Northumbria Police,-1.692418,55.169938,On or near Newgate Street,E01027453,Northumberland 016B,Burglary,Investigation complete; no suspect identified,
ca4bb113fd150bcbab46e98c84d3503f426f69a825162a0d1ec35acda9ee4142,2015-12,Surrey Police,Northumbria Police,-1.682765,55.165726,On or near Alexandra Road,E01027453,Northumberland 016B,Burglary,Investigation complete; no suspect identified,
7a97c67a9df277d4f7c991ce32531d52e2adf2644dee3c8c3d0b4b685e20c627,2015-12,Surrey Police,Northumbria Police,-1.687773,55.167751,On or near New Phoenix Yard,E01027453,Northumberland 016B,Other theft,Investigation complete; no suspect identified,
ba8318104c269bb06511e9cf595edd80b58f1013d96401f99cbcb2c22aa3ee89,2015-12,Surrey Police,Northumbria Police,-1.686112,55.165366,On or near Castle Square,E01027453,Northumberland 016B,Other theft,Investigation complete; no suspect identified,
7245840c5ede1da40ccc3e5211651566067dc2560fb38c01cc00d4e5c0d7e855,2015-12,Surrey Police,Northumbria Police,-1.692989,55.171287,On or near Dawson Place,E01027453,Northumberland 016B,Other theft,Investigation complete; no suspect identified,
2a4a91988470b5ca0c68364f90496aadf1c2db631d3004fde134e630e88d80ac,2015-12,Surrey Police,Northumbria Police,-1.686112,55.165366,On or near Castle Square,E01027453,Northumberland 016B,Other theft,Investigation complete; no suspect identified,
2c5393b8646848f60da15e93658aeccf43ced2664be87837d59eae7600d4a4ee,2015-12,Surrey Police,Northumbria Police,-1.692418,55.169938,On or near Newgate Street,E01027453,Northumberland 016B,Other theft,Investigation complete; no suspect identified,
38eabb7c3dfe7980fcba135a4391eded2715bd45f97cc118189a416f65dede10,2015-12,Surrey Police,Northumbria Police,-1.686112,55.165366,On or near Castle Square,E01027453,Northumberland 016B,Other theft,Investigation complete; no suspect identified,
942fe3722fac09f4027f0cc1987b4845d4208d4fe4f80142d00130f44c5dd1dd,2015-12,Surrey Police,Northumbria Police,-1.690095,55.167901,On or near Shopping Area,E01027453,Northumberland 016B,Shoplifting,Awaiting court outcome,
2c6acf920af1c7a9486ceb5ffe27af2b36254d435f55733980a1ecff5b748aa6,2015-12,Surrey Police,Northumbria Police,-1.690095,55.167901,On or near Shopping Area,E01027453,Northumberland 016B,Shoplifting,Investigation complete; no suspect identified,
6c0a944945c48b7ceabecfe0d10a192427dda4a0182fd123c15a4a9eb86b1853,2015-12,Surrey Police,Northumbria Police,-1.691906,55.169110,On or near Mains Place,E01027453,Northumberland 016B,Vehicle crime,Investigation complete; no suspect identified,
3ba0c9101c8d1138034d133ea024e24269c2b17bb0048949b956505c6db8479a,2015-12,Surrey Police,Northumbria Police,-1.690795,55.166609,On or near Newgate Street,E01027453,Northumberland 016B,Vehicle crime,Under investigation,
9196226d74c286958e1625c4d975c556ebc00b4d158b92d3634dffbdf9b0b918,2015-12,Surrey Police,Northumbria Police,-1.682765,55.165726,On or near Alexandra Road,E01027453,Northumberland 016B,Violence and sexual offences,Under investigation,
87725b0460d21b3c71845b2bec591b30e976fe8eeb349af6451a1bc9062fa048,2015-12,Surrey Police,Northumbria Police,-1.687403,55.166834,On or near Chantry Place,E01027453,Northumberland 016B,Violence and sexual offences,Investigation complete; no suspect identified,
d666a2937edbeeabe474d954fccdb85691b356ed2cf415528aec0d2e1b6a43e2,2015-12,Surrey Police,Northumbria Police,-1.694174,55.168190,On or near Abbey Terrace,E01027453,Northumberland 016B,Violence and sexual offences,Investigation complete; no suspect identified,
d21373c8d6ffcccade1abb0e2630dfac7aaf852c903a60f44974794038c64dd8,2015-12,Surrey Police,Northumbria Police,-1.687403,55.166834,On or near Chantry Place,E01027453,Northumberland 016B,Violence and sexual offences,Investigation complete; no suspect identified,
07e8ba98e141f4f11b50ad07b00f15241a23dd6755398cf1876989f10ce38b49,2015-12,Surrey Police,Northumbria Police,-1.687403,55.166834,On or near Chantry Place,E01027453,Northumberland 016B,Violence and sexual offences,Offender given a caution,
f74518542106758e82787014bf67ecc8cae7e796298a46635466831850ef3a0a,2015-12,Surrey Police,Northumbria Police,-1.690095,55.167901,On or near Shopping Area,E01027453,Northumberland 016B,Violence and sexual offences,Under investigation,
cddc9d6b56cf9c7697efdb3addfe1b5752b868b51b4f6ae1e548a0525ec8983a,2015-12,Surrey Police,Northumbria Police,-1.690095,55.167901,On or near Shopping Area,E01027453,Northumberland 016B,Violence and sexual offences,Under investigation,
a2c2f2f30c0aaff825e1f5e9ac6924c3a211905164702cad1b651cdb07ee19d3,2015-12,Surrey Police,Northumbria Police,-1.687403,55.166834,On or near Chantry Place,E01027453,Northumberland 016B,Violence and sexual offences,Under investigation,
3cfc32504ea0472dc31d4c8b38d2d185965837d728538743aa54350a7d11e08f,2015-12,Surrey Police,Northumbria Police,-1.687403,55.166834,On or near Chantry Place,E01027453,Northumberland 016B,Violence and sexual offences,Awaiting court outcome,
,2015-12,Surrey Police,Northumbria Police,-1.676337,55.158987,On or near Third Avenue,E01027461,Northumberland 016E,Anti-social behaviour,,
,2015-12,Surrey Police,Northumbria Police,-1.678342,55.161428,On or near Second Avenue,E01027461,Northumberland 016E,Anti-social behaviour,,
,2015-12,Surrey Police,Northumbria Police,-1.678083,55.158507,On or near Jobling Crescent,E01027461,Northumberland 016E,Anti-social behaviour,,
7d526ea584225116e09ff02d99d4e273d07a3e9a00f0e938741aea2a2c28f06e,2015-12,Surrey Police,Northumbria Police,-1.678083,55.158507,On or near Jobling Crescent,E01027461,Northumberland 016E,Burglary,Investigation complete; no suspect identified,
15a50817e616a92c1c0a462970dea2b7c49df226be09abe754adecccf849a3c7,2015-12,Surrey Police,Northumbria Police,-1.678342,55.161428,On or near Second Avenue,E01027461,Northumberland 016E,Burglary,Investigation complete; no suspect identified,
e25d61a9220a37891f4dc2a4a96e608c4dfc843ba2aa2b1819c8be5dd3686aff,2015-12,Surrey Police,Northumbria Police,-1.678342,55.161428,On or near Second Avenue,E01027461,Northumberland 016E,Other theft,Investigation complete; no suspect identified,
ac0ffd80fc2b144f68314730ea67f08fd3c5493392a280e7cdaa96cfd122079a,2015-12,Surrey Police,Northumbria Police,-1.676337,55.158987,On or near Third Avenue,E01027461,Northumberland 016E,Other theft,Under investigation,
eb22ff4b226b964b5c8f4a7ee8af3e3ec1cc276a3b5f9f389821396c45d4ac29,2015-12,Surrey Police,Northumbria Police,-1.675920,55.160073,On or near Seventh Avenue,E01027461,Northumberland 016E,Violence and sexual offences,Under investigation,
bb3d4dbc3d28467e9d20b97ef1150acfea62cec8384899f45a4576984358f309,2015-12,Surrey Police,Northumbria Police,-1.678359,55.159253,On or near Shields Road,E01027461,Northumberland 016E,Violence and sexual offences,Awaiting court outcome,
,2015-12,Surrey Police,Northumbria Police,-1.693829,55.164091,On or near Castle Close,E01033718,Northumberland 016F,Anti-social behaviour,,
,2015-12,Surrey Police,Northumbria Police,-1.693829,55.164091,On or near Castle Close,E01033718,Northumberland 016F,Anti-social behaviour,,
,2015-12,Surrey Police,Northumbria Police,-1.691690,55.160501,On or near Parking Area,E01033718,Northumberland 016F,Anti-social behaviour,,
,2015-12,Surrey Police,Northumbria Police,-1.697547,55.162250,On or near Queen'S Gardens,E01033718,Northumberland 016F,Anti-social behaviour,,
,2015-12,Surrey Police,Northumbria Police,-1.697547,55.162250,On or near Queen'S Gardens,E01033718,Northumberland 016F,Anti-social behaviour,,
bdd72bf7056f939afa3597ed7389232267141169e5c477e83c6394e968091518,2015-12,Surrey Police,Northumbria Police,-1.694345,55.162314,On or near Postern Crescent,E01033718,Northumberland 016F,Criminal damage and arson,Under investigation,
05d6b256e1fc2f5d35d890b22562ce94277f2f1e9d22265e1b49a07de3106afa,2015-12,Surrey Police,Northumbria Police,-1.693829,55.164091,On or near Castle Close,E01033718,Northumberland 016F,Public order,Under investigation,
3085b231ae7851f34b12b24ae3428febe89049ed79e93570616d41a5dd441661,2015-12,Surrey Police,Northumbria Police,-1.694345,55.162314,On or near Postern Crescent,E01033718,Northumberland 016F,Violence and sexual offences,Offender given conditional discharge,
ee8085d53aeb615e1cbbbee20b271b2c2fef404b612fe38418be2b30975bb26c,2015-12,Surrey Police,Northumbria Police,-1.695451,55.163323,On or near Rutherford Place,E01033718,Northumberland 016F,Violence and sexual offences,Offender fined,
c4284bfd1f53096fa86b12166164f27a115abef3c8039f5ea0ea22be207d354b,2015-12,Surrey Police,Northumbria Police,-1.695451,55.163323,On or near Rutherford Place,E01033718,Northumberland 016F,Violence and sexual offences,Offender fined,
,2015-12,Surrey Police,Northumbria Police,-1.603576,55.159168,On or near Front Street,E01027530,Northumberland 017A,Anti-social behaviour,,
,2015-12,Surrey Police,Northumbria Police,-1.607215,55.160959,On or near North Avenue,E01027530,Northumberland 017A,Anti-social behaviour,,
5db1c356fd0e935d905aa0370150f49e732b2fcc49aade7cacc2f87f4c59801f,2015-12,Surrey Police,Northumbria Police,-1.605717,55.160100,On or near Bothal Avenue,E01027530,Northumberland 017A,Criminal damage and arson,Under investigation,
a2255fda42150353e9a5407a3b471e50ee1c8b0845eb70ae99db7dd6abb716e2,2015-12,Surrey Police,Northumbria Police,-1.611080,55.160540,On or near Riverside Avenue,E01027530,Northumberland 017A,Criminal damage and arson,Court case unable to proceed,
27987e7baa31df19779d3630dae042b5709616750f9c1fa0e9bfd086e0bcf9ce,2015-12,Surrey Police,Northumbria Police,-1.611080,55.160540,On or near Riverside Avenue,E01027530,Northumberland 017A,Other theft,Under investigation,
cd6ec2441d98148d24bb3018bd606017d32305115d53b536da254f944f4dab19,2015-12,Surrey Police,Northumbria Police,-1.611080,55.160540,On or near Riverside Avenue,E01027530,Northumberland 017A,Other theft,Investigation complete; no suspect identified,
0d7037e4e250eb5e1e3907575453ecaa90ae7dcd6a46b4c77de68c2d638d5d18,2015-12,Surrey Police,Northumbria Police,-1.611080,55.160540,On or near Riverside Avenue,E01027530,Northumberland 017A,Public order,Offender sent to prison,
d30770fa1979d5be9db4d4d251136fc108e689e3ee563a79c424e12e0e3f8964,2015-12,Surrey Police,Northumbria Police,-1.603576,55.159168,On or near Front Street,E01027530,Northumberland 017A,Shoplifting,Investigation complete; no suspect identified,
e4b4ad99eae26e46b057ec790c623e90a34a4687e7df325e966832a337635242,2015-12,Surrey Police,Northumbria Police,-1.603672,55.162152,On or near Sheepwash Bank,E01027530,Northumberland 017A,Violence and sexual offences,Investigation complete; no suspect identified,
0828dcca7bc13756284a5eab1742177fb6a1541030c62a449652f49bd634d342,2015-12,Surrey Police,Northumbria Police,-1.603672,55.162152,On or near Sheepwash Bank,E01027530,Northumberland 017A,Violence and sexual offences,Investigation complete; no suspect identified,
3203385973b2f24d5eab9bf4ebad642106a316e77bfc4966681f74c125f8164c,2015-12,Surrey Police,Northumbria Police,-1.604836,55.160250,On or near Sheepwash Avenue,E01027530,Northumberland 017A,Violence and sexual offences,Under investigation,
4e2e3e59fddc020319df27c275b3d1afc7b54984eb5b323e87e6274b266a4bbb,2015-12,Surrey Police,Northumbria Police,-1.604836,55.160250,On or near Sheepwash Avenue,E01027530,Northumberland 017A,Violence and sexual offences,Investigation complete; no suspect identified,
,2015-12,Surrey Police,Northumbria Police,-1.599368,55.159307,On or near Ford Terrace,E01027531,Northumberland 017B,Anti-social behaviour,,
,2015-12,Surrey Police,Northumbria Police,-1.599368,55.159307,On or near Ford Terrace,E01027531,Northumberland 017B,Anti-social behaviour,,
,2015-12,Surrey Police,Northumbria Police,-1.595974,55.161291,On or near Stakeford Lane,E01027531,Northumberland 017B,Anti-social behaviour,,
,2015-12,Surrey Police,Northumbria Police,-1.599368,55.159307,On or near Ford Terrace,E01027531,Northumberland 017B,Anti-social behaviour,,
,2015-12,Surrey Police,Northumbria Police,-1.599368,55.159307,On or near Ford Terrace,E01027531,Northumberland 017B,Anti-social behaviour,,
ae357bf921046f6d11e585274916ed07ae275cc715eb7d81f9123493a36ff669,2015-12,Surrey Police,Northumbria Police,-1.600898,55.150712,On or near Kings Park,E01027531,Northumberland 017B,Burglary,Investigation complete; no suspect identified,
9999c695552a3c4f40678bc373151867940f444c2b0b86b6fe17c7e5c4955f9b,2015-12,Surrey Police,Northumbria Police,-1.599928,55.152030,On or near Eastgate,E01027531,Northumberland 017B,Criminal damage and arson,Investigation complete; no suspect identified,
6642715c7d94c57a872af5e84a98a6275db3a895440e15d52441b99588becd2a,2015-12,Surrey Police,Northumbria Police,-1.599743,55.145425,On or near Choppington Road,E01027531,Northumberland 017B,Criminal damage and arson,Investigation complete; no suspect identified,
f92622e06542d17fcde0c53f5f160f778d37b13b40e18686a9e49c58caad6e05,2015-12,Surrey Police,Northumbria Police,-1.599928,55.152030,On or near Eastgate,E01027531,Northumberland 017B,Drugs,Offender given a drugs possession warning,
be23b912cdba357dc258f92f872f526171412684e05d89023d96e82d58df0def,2015-12,Surrey Police,Northumbria Police,-1.595974,55.161291,On or near Stakeford Lane,E01027531,Northumberland 017B,Vehicle crime,Investigation complete; no suspect identified,
2fc8224b80908066b41f27ac5a65293c23d9f66ef00137ed0dd2f35126404b35,2015-12,Surrey Police,Northumbria Police,-1.596564,55.152585,On or near Eastgreen,E01027531,Northumberland 017B,Violence and sexual offences,Under investigation,
590abf5423585d097fde7fe6257478d810bff9ef487391fd59d41c5539bf5cbd,2015-12,Surrey Police,Northumbria Police,-1.603384,55.151556,On or near Briar Close,E01027531,Northumberland 017B,Violence and sexual offences,Offender fined,
d0572b45dfddf8b69c0585068d12722a8bcd45c9f4ea671ba4e050580ba1f1ef,2015-12,Surrey Police,Northumbria Police,-1.596564,55.152585,On or near Eastgreen,E01027531,Northumberland 017B,Violence and sexual offences,Under investigation,
2a0cc958ac2e2e45ec6fca8775e5913c1aab65a2ba47e40cb0b183a207170589,2015-12,Surrey Police,Northumbria Police,-1.600898,55.150712,On or near Kings Park,E01027531,Northumberland 017B,Violence and sexual offences,Offender sent to prison,
7f3e8dc0d6c0d08eaac2425171212e72cbcffe27a9f0a7acd11801d497abe34a,2015-12,Surrey Police,Northumbria Police,-1.596564,55.152585,On or near Eastgreen,E01027531,Northumberland 017B,Violence and sexual offences,Awaiting court outcome,
974199116c5c0c2b7638956858971b77d93649b8fb37eb5c99df1d9d188d8667,2015-12,Surrey Police,Northumbria Police,-1.596564,55.152585,On or near Eastgreen,E01027531,Northumberland 017B,Violence and sexual offences,Under investigation,
,2015-12,Surrey Police,Northumbria Police,-1.602153,55.160179,On or near Byron Close,E01027534,Northumberland 017C,Anti-social behaviour,,
,2015-12,Surrey Police,Northumbria Police,-1.587932,55.161875,On or near Wellington Road,E01027534,Northumberland 017C,Anti-social behaviour,,
,2015-12,Surrey Police,Northumbria Police,-1.600005,55.163155,On or near Parkway,E01027534,Northumberland 017C,Anti-social behaviour,,
,2015-12,Surrey Police,Northumbria Police,-1.603258,55.159562,On or near Front Street,E01027534,Northumberland 017C,Anti-social behaviour,,
,2015-12,Surrey Police,Northumbria Police,-1.602153,55.160179,On or near Byron Close,E01027534,Northumberland 017C,Anti-social behaviour,,
5689184e913af89b9e434f1d5c519058f5f48dccf05b377aa53f129a8ebab154,2015-12,Surrey Police,Northumbria Police,-1.603258,55.159562,On or near Front Street,E01027534,Northumberland 017C,Criminal damage and arson,Under investigation,
ee9c54b5d1263c7a78410949669065838f35c59332dc3eda132f539ea23bb263,2015-12,Surrey Police,Northumbria Police,-1.600005,55.163155,On or near Parkway,E01027534,Northumberland 017C,Criminal damage and arson,Under investigation,
b414246a90ba068fe5e33f117a0290e521c3b4d322dcdb35030a0217e78b5039,2015-12,Surrey Police,Northumbria Police,-1.587932,55.161875,On or near Wellington Road,E01027534,Northumberland 017C,Criminal damage and arson,Investigation complete; no suspect identified,
6e7287e461adf654be840a5a54b4c24c92f962963d4bb9240e6b091d4859db89,2015-12,Surrey Police,Northumbria Police,-1.586289,55.162930,On or near Petrol Station,E01027534,Northumberland 017C,Criminal damage and arson,Investigation complete; no suspect identified,
508503217a1845af9e34e24cd0b3441f78fdfcbb99a85e05e04ea22d1364ff31,2015-12,Surrey Police,Northumbria Police,-1.603059,55.160658,On or near Laburnun Court,E01027534,Northumberland 017C,Criminal damage and arson,Awaiting court outcome,
78f636d1743014e3444fdf2c449a2fbfeed3dc5d2e985c9c8e5937ff166b83fb,2015-12,Surrey Police,Northumbria Police,-1.587932,55.161875,On or near Wellington Road,E01027534,Northumberland 017C,Drugs,Offender sent to prison,
ddd40dc15f5e53a2451078cc3de59aaadb00b16d0ee55f89728737959605263f,2015-12,Surrey Police,Northumbria Police,-1.587932,55.161875,On or near Wellington Road,E01027534,Northumberland 017C,Drugs,Under investigation,
3bc4ba9e61f96f2d8db8f5d938562d6bcf63a1cf5c6fc548504c05e6acc19cf0,2015-12,Surrey Police,Northumbria Police,-1.603059,55.160658,On or near Laburnun Court,E01027534,Northumberland 017C,Shoplifting,Offender given a caution,
d5309db4c8b353bf22e654c1e822346019affa093f703462f9facf084ff163ed,2015-12,Surrey Police,Northumbria Police,-1.601626,55.159548,On or near The Square,E01027534,Northumberland 017C,Shoplifting,Investigation complete; no suspect identified,
fe54f00b5b68df549bee9d6739aff57bb83c1ff94d914a7b0a0ed494a2f3a4c9,2015-12,Surrey Police,Northumbria Police,-1.600005,55.163155,On or near Parkway,E01027534,Northumberland 017C,Vehicle crime,Investigation complete; no suspect identified,
dcf6db0440daf1039c7e5bab9a64970136ef7f6843084f6b13d2873da2153df5,2015-12,Surrey Police,Northumbria Police,-1.586289,55.162930,On or near Petrol Station,E01027534,Northumberland 017C,Violence and sexual offences,Under investigation,
ea07abaf915a4623c3229744fbfa3684acf484b49005cf8cf4f4d01db2bbbc8f,2015-12,Surrey Police,Northumbria Police,-1.589397,55.164360,On or near Fairway,E01027535,Northumberland 017D,Criminal damage and arson,Investigation complete; no suspect identified,
46b20a68dfe9e66e42c17b037ed28965628de9a67268475fdc358afba9964558,2015-12,Surrey Police,Northumbria Police,-1.587177,55.168064,On or near Westbourne Avenue,E01027535,Northumberland 017D,Other theft,Investigation complete; no suspect identified,
,2015-12,Surrey Police,Northumbria Police,-1.576211,55.164503,On or near East Ford Road,E01027553,Northumberland 017E,Anti-social behaviour,,
,2015-12,Surrey Police,Northumbria Police,-1.576211,55.164503,On or near East Ford Road,E01027553,Northumberland 017E,Anti-social behaviour,,
,2015-12,Surrey Police,Northumbria Police,-1.589322,55.145678,On or near Longridge Way,E01027553,Northumberland 017E,Anti-social behaviour,,
5d533546b539fc6f524c0309b8f61727b9d006867d7013af2e8b93483e98f184,2015-12,Surrey Police,Northumbria Police,-1.574342,55.158638,On or near Sports/Recreation Area,E01027553,Northumberland 017E,Burglary,Investigation complete; no suspect identified,
ad1899a2c8c9d53abd6f99648a636107e4887d90e1bb19bc43ac02568b4b0189,2015-12,Surrey Police,Northumbria Police,-1.574342,55.158638,On or near Sports/Recreation Area,E01027553,Northumberland 017E,Burglary,Investigation complete; no suspect identified,
4b966bd0e5be8ff9aa0f470781a0a007d31bf8eff646560687ee60bd386375a6,2015-12,Surrey Police,Northumbria Police,-1.574342,55.158638,On or near Sports/Recreation Area,E01027553,Northumberland 017E,Burglary,Investigation complete; no suspect identified,
136437d3ef7eb630a7bf15ecc6c16ceee151ff296310d61f6048d7fdea1def81,2015-12,Surrey Police,Northumbria Police,-1.570757,55.163685,On or near River Bank East,E01027553,Northumberland 017E,Burglary,Investigation complete; no suspect identified,
ae930031b4ca391c1d3269bbc2fe44279572a6b56292d85bdb245972de37a40a,2015-12,Surrey Police,Northumbria Police,-1.574342,55.158638,On or near Sports/Recreation Area,E01027553,Northumberland 017E,Burglary,Investigation complete; no suspect identified,
4b0cc8b755a8645123888eacf584d5d24c7d71fe2cc4a6dd2fde3454c8436299,2015-12,Surrey Police,Northumbria Police,-1.576211,55.164503,On or near East Ford Road,E01027553,Northumberland 017E,Burglary,Offender given community sentence,
d7c2c5d48d1c77dd1552aa62bb8c12b6084274bbf3e7a74270a2c625bdc51650,2015-12,Surrey Police,Northumbria Police,-1.574342,55.158638,On or near Sports/Recreation Area,E01027553,Northumberland 017E,Burglary,Investigation complete; no suspect identified,
f4c3a441f8cf6e13bd49cd44d7485ef1869ef2305f7a389e38c7ef592a9823f6,2015-12,Surrey Police,Northumbria Police,-1.574342,55.158638,On or near Sports/Recreation Area,E01027553,Northumberland 017E,Burglary,Investigation complete; no suspect identified,
daf3626b8fd3667f23c3f491af9d44d97d6cc04c8805a122bb36d7bf9538eb0d,2015-12,Surrey Police,Northumbria Police,-1.574342,55.158638,On or near Sports/Recreation Area,E01027553,Northumberland 017E,Burglary,Investigation complete; no suspect identified,
f7820c828b6da7e790211f6ea3f06a1a8cada761d69dbaad20ebc89340361a02,2015-12,Surrey Police,Northumbria Police,-1.577984,55.161598,On or near Willow Court,E01027553,Northumberland 017E,Other theft,Investigation complete; no suspect identified,
88fdcca448ec760c7c61e8f967d9c786e8aecd2d94aa65ed6374dac7925f814b,2015-12,Surrey Police,Northumbria Police,-1.574342,55.158638,On or near Sports/Recreation Area,E01027553,Northumberland 017E,Other theft,Investigation complete; no suspect identified,
f109c06fdd76dc6dba4b1b54163c2a49801bd6971266d6456447c334df81fdd0,2015-12,Surrey Police,Northumbria Police,-1.568106,55.163541,On or near Navan Close,E01027553,Northumberland 017E,Other theft,Under investigation,
2a01df079a928e46ddf112b426a22f07bf87aac7482b0654d4443cf8e7234c91,2015-12,Surrey Police,Northumbria Police,-1.575800,55.163298,On or near Supermarket,E01027553,Northumberland 017E,Shoplifting,Investigation complete; no suspect identified,
10a536a4884a49184776f54045f6949afdcc1d7acbfca646417532c4ef26ab00,2015-12,Surrey Police,Northumbria Police,-1.575800,55.163298,On or near Supermarket,E01027553,Northumberland 017E,Shoplifting,Investigation complete; no suspect identified,
4baf07641c5ae101ac34dbd07815da6a9b11971a85990e89cacefecc3cd42388,2015-12,Surrey Police,Northumbria Police,-1.577013,55.161388,On or near Osier Court,E01027553,Northumberland 017E,Vehicle crime,Investigation complete; no suspect identified,
71c7a64cf5ef5c689f13e928ffbd3b869cee600d9e0e189482b48cffe9da4c4f,2015-12,Surrey Police,Northumbria Police,-1.568106,55.163541,On or near Navan Close,E01027553,Northumberland 017E,Vehicle crime,Investigation complete; no suspect identified,
f116d301fce41ac616eab206818100edff4d11f56869bffaa583b3f8254339cb,2015-12,Surrey Police,Northumbria Police,-1.576031,55.157781,On or near Fairview,E01027553,Northumberland 017E,Vehicle crime,Investigation complete; no suspect identified,
d737ec4e59b3607269e28482744ad04864088e7c4880b06c3e51c2b6357ea1ed,2015-12,Surrey Police,Northumbria Police,-1.578021,55.163980,On or near Half Moon Street,E01027553,Northumberland 017E,Violence and sexual offences,Under investigation,
baf7b78177b0c2427f34fd8f4327c0c110d0d661e78135b588b4e315588f71c9,2015-12,Surrey Police,Northumbria Police,-1.575800,55.163298,On or near Supermarket,E01027553,Northumberland 017E,Violence and sexual offences,Investigation complete; no suspect identified,
1162a7f0053fa37e1b993243f52164f9f0db50bc047b66d58236070fccc79185,2015-12,Surrey Police,Northumbria Police,-1.576211,55.164503,On or near East Ford Road,E01027553,Northumberland 017E,Violence and sexual offences,Awaiting court outcome,
1ae05784630efa21db6b1982e2a571ca6ad52562a0f92afb52a032d50f846959,2015-12,Surrey Police,Northumbria Police,-1.588608,55.166289,On or near Glendale Gardens,E01027554,Northumberland 017F,Violence and sexual offences,Offender fined,
,2015-12,Surrey Police,Northumbria Police,-1.709029,55.158989,On or near Marden Close,E01027455,Northumberland 018A,Anti-social behaviour,,
,2015-12,Surrey Police,Northumbria Police,-1.705019,55.162070,On or near Abbey Meadows,E01027455,Northumberland 018A,Anti-social behaviour,,
143b83a5c082878abcbe781a3ed70b7866d8e722350d47457463e5668eda1310,2015-12,Surrey Police,Northumbria Police,-1.702454,55.162990,On or near Downing Drive,E01027455,Northumberland 018A,Criminal damage and arson,Investigation complete; no suspect identified,
0e7cefdca91e1a0f4640cece7038ec4c127a4e4947504e63d220593d9a911062,2015-12,Surrey Police,Northumbria Police,-1.699418,55.161751,On or near Springhill Walk,E01027455,Northumberland 018A,Other theft,Under investigation,
,2015-12,Surrey Police,Northumbria Police,-1.689610,55.157593,On or near Kendor Grove,E01027458,Northumberland 018C,Anti-social behaviour,,
,2015-12,Surrey Police,Northumbria Police,-1.689225,55.158598,On or near Hospital,E01027458,Northumberland 018C,Anti-social behaviour,,
acfb94ddf3a0fb51f2361ea0ecdd82661ddfe78fe56d7fa3fe989a278490e5ee,2015-12,Surrey Police,Northumbria Police,-1.686628,55.155572,On or near The Steads,E01027458,Northumberland 018C,Vehicle crime,Investigation complete; no suspect identified,
4a740aa8a5e29d3fa994bbf223668df3d5058161678f0ecf82dc7fb8c6891942,2015-12,Surrey Police,Northumbria Police,-1.685742,55.152488,On or near Southgate Mews,E01027458,Northumberland 018C,Other crime,Under investigation,
,2015-12,Surrey Police,Northumbria Police,-1.678385,55.159963,On or near First Avenue,E01027460,Northumberland 018D,Anti-social behaviour,,
,2015-12,Surrey Police,Northumbria Police,-1.678385,55.159963,On or near First Avenue,E01027460,Northumberland 018D,Anti-social behaviour,,
,2015-12,Surrey Police,Northumbria Police,-1.678385,55.159963,On or near First Avenue,E01027460,Northumberland 018D,Anti-social behaviour,,
1330803cb3351534f3c80565874555ff9e5c3259ad2bcdbe68e7a2abaa36c635,2015-12,Surrey Police,Northumbria Police,-1.680845,55.160437,On or near The Covers,E01027460,Northumberland 018D,Violence and sexual offences,Under investigation,
3216d947fd6d878315c749c567c7dd5fc63c56e2fd052f179b59702d1f90e7b3,2015-12,Surrey Police,Northumbria Police,-2.130444,55.055261,On or near Mill House Farm,E01027480,Northumberland 019B,Other theft,Investigation complete; no suspect identified,
,2015-12,Surrey Police,Northumbria Police,-2.183603,55.232494,On or near Petrol Station,E01027503,Northumberland 019C,Anti-social behaviour,,
,2015-12,Surrey Police,Northumbria Police,-2.183603,55.232494,On or near Petrol Station,E01027503,Northumberland 019C,Anti-social behaviour,,
c2a11f726050c08bd5bc8470650d04e77cbb216feacbf14e9ce7ba6e1ddd92f6,2015-12,Surrey Police,Northumbria Police,-2.435712,55.182225,On or near Hawkhope Hill,E01027503,Northumberland 019C,Violence and sexual offences,Under investigation,
561a6953308fcc1f9ee5395f4fb936bfd12ce36f59ef94fdd9176856fefffd6e,2015-12,Surrey Police,Northumbria Police,-2.435712,55.182225,On or near Hawkhope Hill,E01027503,Northumberland 019C,Violence and sexual offences,Under investigation,
,2015-12,Surrey Police,Northumbria Police,-2.220623,55.088973,On or near St Michael'S Mount,E01027511,Northumberland 019D,Anti-social behaviour,,
,2015-12,Surrey Police,Northumbria Police,-2.220623,55.088973,On or near St Michael'S Mount,E01027511,Northumberland 019D,Anti-social behaviour,,
,2015-12,Surrey Police,Northumbria Police,-2.326724,55.078005,On or near Sports/Recreation Area,E01027511,Northumberland 019D,Anti-social behaviour,,
4afdc6585d146ff7e6b9f8c36bf0c970909ca7756c3805e1e6f57a6ebe03280f,2015-12,Surrey Police,Northumbria Police,-2.219520,55.084985,On or near Hexham Road,E01027511,Northumberland 019D,Burglary,Investigation complete; no suspect identified,
49312adf8d00bee264af027ad196ea3f1f5a8a033b5bac42dc0165b01f7b2097,2015-12,Surrey Police,Northumbria Police,-2.326724,55.078005,On or near Sports/Recreation Area,E01027511,Northumberland 019D,Violence and sexual offences,Investigation complete; no suspect identified,
,2015-12,Surrey Police,Northumbria Police,-1.585410,55.132635,On or near Alfred Avenue,E01027515,Northumberland 020A,Anti-social behaviour,,
,2015-12,Surrey Police,Northumbria Police,-1.590424,55.131528,On or near Brook Court,E01027515,Northumberland 020A,Anti-social behaviour,,
,2015-12,Surrey Police,Northumbria Police,-1.586217,55.133455,On or near Bellingham Court,E01027515,Northumberland 020A,Anti-social behaviour,,
,2015-12,Surrey Police,Northumbria Police,-1.587344,55.129065,On or near Hollymount Avenue,E01027515,Northumberland 020A,Anti-social behaviour,,
,2015-12,Surrey Police,Northumbria Police,-1.584542,55.133144,On or near Bellingham Court,E01027515,Northumberland 020A,Anti-social behaviour,,
,2015-12,Surrey Police,Northumbria Police,-1.586514,55.130500,On or near Sports/Recreation Area,E01027515,Northumberland 020A,Anti-social behaviour,,
ad6f5697dd8e1963c9bb50d042e6cfbef09ab77acebd7fa05883ba3a0ee44e01,2015-12,Surrey Police,Northumbria Police,-1.585749,55.131674,On or near Rosalind Avenue,E01027515,Northumberland 020A,Burglary,Investigation complete; no suspect identified,
b55cf7ddb4e4de84981079a77706e5ab8a3ce6d3ce8125eb007c52803a1d74e0,2015-12,Surrey Police,Northumbria Police,-1.591098,55.130075,On or near Perry Stone Mews,E01027515,Northumberland 020A,Burglary,Investigation complete; no suspect identified,
f7296591a2215b8b7483115b38afb2796df78318afb9954555afbd390cf8f590,2015-12,Surrey Police,Northumbria Police,-1.589204,55.128191,On or near Millfield Court,E01027515,Northumberland 020A,Criminal damage and arson,Investigation complete; no suspect identified,
32fdcf2981b3983eec1f14cc0906fa7fa4b445dd9708a455489b4becba64d501,2015-12,Surrey Police,Northumbria Police,-1.585806,55.130677,On or near Sports/Recreation Area,E01027515,Northumberland 020A,Criminal damage and arson,Offender ordered to pay compensation,
c106575571779ab7e601d87e1aa96043c0a23e912a3af2c610a06a1215e84736,2015-12,Surrey Police,Northumbria Police,-1.587882,55.131709,On or near Sports/Recreation Area,E01027515,Northumberland 020A,Drugs,Investigation complete; no suspect identified,
0a226d18f40d7e22b70eb7b109e6581a4f82178a496bd084fbd7590bdb7d9fac,2015-12,Surrey Police,Northumbria Police,-1.590369,55.126226,On or near Millfield South,E01027515,Northumberland 020A,Public order,Awaiting court outcome,
fa13fab70e1f0532e661196886795e57daa59770a6442619c45d3caeaa998ddb,2015-12,Surrey Police,Northumbria Police,-1.587882,55.131709,On or near Sports/Recreation Area,E01027515,Northumberland 020A,Public order,Investigation complete; no suspect identified,
3f20d91f3403d3237755ed47a079eb57f1c679ca26e5b257f9dead75b077b7b1,2015-12,Surrey Police,Northumbria Police,-1.591098,55.130075,On or near Perry Stone Mews,E01027515,Northumberland 020A,Violence and sexual offences,Investigation complete; no suspect identified,
5c86353eb53da83f788160081c516dc41ba00f2639ff286aff1db7cef81de685,2015-12,Surrey Police,Northumbria Police,-1.589204,55.128191,On or near Millfield Court,E01027515,Northumberland 020A,Violence and sexual offences,Under investigation,
f9489329f72b93987b9ebaf02f0efe0902c86edaf3c6116ba162ed0b6f2c7c30,2015-12,Surrey Police,Northumbria Police,-1.591098,55.130075,On or near Perry Stone Mews,E01027515,Northumberland 020A,Violence and sexual offences,Investigation complete; no suspect identified,
,2015-12,Surrey Police,Northumbria Police,-1.572927,55.138361,On or near Petrol Station,E01027517,Northumberland 020B,Anti-social behaviour,,
,2015-12,Surrey Police,Northumbria Police,-1.572927,55.138361,On or near Petrol Station,E01027517,Northumberland 020B,Anti-social behaviour,,
,2015-12,Surrey Police,Northumbria Police,-1.571211,55.138885,On or near Station Road,E01027517,Northumberland 020B,Anti-social behaviour,,
,2015-12,Surrey Police,Northumbria Police,-1.572927,55.138361,On or near Petrol Station,E01027517,Northumberland 020B,Anti-social behaviour,,
,2015-12,Surrey Police,Northumbria Police,-1.574466,55.138213,On or near Wallington Close,E01027517,Northumberland 020B,Anti-social behaviour,,
,2015-12,Surrey Police,Northumbria Police,-1.571735,55.139758,On or near Harewood Drive,E01027517,Northumberland 020B,Anti-social behaviour,,
,2015-12,Surrey Police,Northumbria Police,-1.572927,55.138361,On or near Petrol Station,E01027517,Northumberland 020B,Anti-social behaviour,,
531e2a82f424e6cb7d484109ff945733a375c89d397794b40df5c3aa24c31562,2015-12,Surrey Police,Northumbria Police,-1.572927,55.138361,On or near Petrol Station,E01027517,Northumberland 020B,Burglary,Investigation complete; no suspect identified,
e4951939652c3516dc12ea82ee02b5beeab02ac1c965af6988b7dc098b68eae4,2015-12,Surrey Police,Northumbria Police,-1.574466,55.138213,On or near Wallington Close,E01027517,Northumberland 020B,Criminal damage and arson,Investigation complete; no suspect identified,
b0b427cf7dc0f0a030769377cd833acebd56f5ca1284ee8ce438061797ab7492,2015-12,Surrey Police,Northumbria Police,-1.574661,55.140461,On or near Lumley Court,E01027517,Northumberland 020B,Criminal damage and arson,Investigation complete; no suspect identified,
a223dfc7f43a9501daaecb0f323c608bd8f30f40b9e6f5434750aa4a1a18f35d,2015-12,Surrey Police,Northumbria Police,-1.570985,55.139549,On or near Blagdon Court,E01027517,Northumberland 020B,Public order,Under investigation,
ec7fa0782743c56fa341062f28cc0981e1b3aa9f88f41e78a0b5b22e7c98de74,2015-12,Surrey Police,Northumbria Police,-1.572927,55.138361,On or near Petrol Station,E01027517,Northumberland 020B,Public order,Under investigation,
28d390c58943c01a347be5c5828f87b576aed859a95548dc0d89c534ce1d8141,2015-12,Surrey Police,Northumbria Police,-1.569843,55.139231,On or near Supermarket,E01027517,Northumberland 020B,Shoplifting,Investigation complete; no suspect identified,
65b7b9a2f7485f876affb16bba79a4e08f60c82aceb454513ee102b302ccf1b8,2015-12,Surrey Police,Northumbria Police,-1.574466,55.138213,On or near Wallington Close,E01027517,Northumberland 020B,Vehicle crime,Investigation complete; no suspect identified,
,2015-12,Surrey Police,Northumbria Police,-1.577718,55.131782,On or near Dene View,E01027519,Northumberland 020D,Anti-social behaviour,,
,2015-12,Surrey Police,Northumbria Police,-1.580218,55.134190,On or near Wood Lane,E01027519,Northumberland 020D,Anti-social behaviour,,
,2015-12,Surrey Police,Northumbria Police,-1.579280,55.133836,On or near Warnhead Road,E01027519,Northumberland 020D,Anti-social behaviour,,
7652f42e2e5574c1047ed0ce95127ec70360eeb1cf80861cde567c2537e98763,2015-12,Surrey Police,Northumbria Police,-1.584977,55.131968,On or near Alfred Avenue,E01027519,Northumberland 020D,Burglary,Investigation complete; no suspect identified,
5bd66f885dfb15493076c2358a1b1a7c2b8f8c296faad8fed5cb361190fc67e7,2015-12,Surrey Police,Northumbria Police,-1.584977,55.131968,On or near Alfred Avenue,E01027519,Northumberland 020D,Burglary,Investigation complete; no suspect identified,
70da8bf9af75f9f28bc6a8b71ef8cc7da4c18824a7e217119b4a13075ecdb063,2015-12,Surrey Police,Northumbria Police,-1.579280,55.133836,On or near Warnhead Road,E01027519,Northumberland 020D,Burglary,Under investigation,
01bf86d560ca600647341fe1483de42741b63f45c7574480f9371544a0cee24f,2015-12,Surrey Police,Northumbria Police,-1.584977,55.131968,On or near Alfred Avenue,E01027519,Northumberland 020D,Burglary,Investigation complete; no suspect identified,
d399e2da8d30de9804a66bb2275e2215f88e026e0b2c14c3960c11384274adc5,2015-12,Surrey Police,Northumbria Police,-1.579280,55.133836,On or near Warnhead Road,E01027519,Northumberland 020D,Burglary,Investigation complete; no suspect identified,
ba1ae086e491f30c12ad3d2bb8b2bc2aab6a3399d393f38bd97a21c6a21ab214,2015-12,Surrey Police,Northumbria Police,-1.579280,55.133836,On or near Warnhead Road,E01027519,Northumberland 020D,Burglary,Investigation complete; no suspect identified,
4b9a3d8b8bfd0b654b2c871fc72b4df808e5bc929238f2eec32ae01f32a7b232,2015-12,Surrey Police,Northumbria Police,-1.584518,55.130870,On or near Haig Road,E01027519,Northumberland 020D,Criminal damage and arson,Investigation complete; no suspect identified,
09736906d08c68756a9dbdf13588e38f22c938db819406855743045ede47a8cc,2015-12,Surrey Police,Northumbria Police,-1.579280,55.133836,On or near Warnhead Road,E01027519,Northumberland 020D,Criminal damage and arson,Investigation complete; no suspect identified,
4e9472688e89b53d4671b6f6b7da6a95b3f3a62f942da8a588e6b417298b9baa,2015-12,Surrey Police,Northumbria Police,-1.578182,55.132376,On or near Poplar Grove,E01027519,Northumberland 020D,Criminal damage and arson,Investigation complete; no suspect identified,
abf57a9863bb2f0e7a9cac73ffb331fb8215e63ecbcbc2d8ff062db508b999bf,2015-12,Surrey Police,Northumbria Police,-1.580218,55.134190,On or near Wood Lane,E01027519,Northumberland 020D,Other theft,Investigation complete; no suspect identified,
0230eed3ae3a33d279b7d7dcc152e2e9710653912ae068d1e45feeb4fda78073,2015-12,Surrey Police,Northumbria Police,-1.579280,55.133836,On or near Warnhead Road,E01027519,Northumberland 020D,Vehicle crime,Under investigation,
14f75ab796cfe60b539d287b5370510f34ab7497111ff0a80cfa62c5a8a48d93,2015-12,Surrey Police,Northumbria Police,-1.577718,55.131782,On or near Dene View,E01027519,Northumberland 020D,Vehicle crime,Awaiting court outcome,
3dd15834a3d613f76573dd087db6b59f4142943bfcdc3e133cd1f775cd87bd61,2015-12,Surrey Police,Northumbria Police,-1.580218,55.134190,On or near Wood Lane,E01027519,Northumberland 020D,Violence and sexual offences,Under investigation,
39ba2ff6220461efa3beaf9e2dfe0c4eba94f2ecaf31b15d73d147cc8c6f9167,2015-12,Surrey Police,Northumbria Police,-1.580218,55.134190,On or near Wood Lane,E01027519,Northumberland 020D,Violence and sexual offences,Under investigation,
16156e1e922a24b4c6603b279ad5e49d240a9b44a633f14144396b18314dabe0,2015-12,Surrey Police,Northumbria Police,-1.580218,55.134190,On or near Wood Lane,E01027519,Northumberland 020D,Violence and sexual offences,Under investigation,
839976171591f110949a6b63b66d060fcd3d1e3718871454db960967f7ee2896,2015-12,Surrey Police,Northumbria Police,-1.579280,55.133836,On or near Warnhead Road,E01027519,Northumberland 020D,Violence and sexual offences,Under investigation,
,2015-12,Surrey Police,Northumbria Police,-1.568062,55.134219,On or near River View Close,E01027550,Northumberland 020E,Anti-social behaviour,,
,2015-12,Surrey Police,Northumbria Police,-1.566392,55.136343,On or near Knox Close,E01027550,Northumberland 020E,Anti-social behaviour,,
,2015-12,Surrey Police,Northumbria Police,-1.568784,55.138508,On or near Jubilee Mews,E01027550,Northumberland 020E,Anti-social behaviour,,
,2015-12,Surrey Police,Northumbria Police,-1.560897,55.141032,On or near Moorland Crescent,E01027550,Northumberland 020E,Anti-social behaviour,,
,2015-12,Surrey Police,Northumbria Police,-1.565854,55.135325,On or near Melrose Avenue,E01027550,Northumberland 020E,Anti-social behaviour,,
d3a98b1e06839089b0a4b98e17eddc51ca046597f528029e7885b722321dddfd,2015-12,Surrey Police,Northumbria Police,-1.560897,55.141032,On or near Moorland Crescent,E01027550,Northumberland 020E,Other theft,Under investigation,
e451130472413f550dfc43299721ecce83bd7663dd4b075d069acdeca454d00d,2015-12,Surrey Police,Northumbria Police,-1.566392,55.136343,On or near Knox Close,E01027550,Northumberland 020E,Violence and sexual offences,Investigation complete; no suspect identified,
6fbb61e524bb2cc2829aa4095cf771232ac0e6b8086be722a4088747ac82ac0b,2015-12,Surrey Police,Northumbria Police,-1.566392,55.136343,On or near Knox Close,E01027550,Northumberland 020E,Violence and sexual offences,Investigation complete; no suspect identified,
,2015-12,Surrey Police,Northumbria Police,-1.568311,55.140187,On or near Station Road,E01027551,Northumberland 020F,Anti-social behaviour,,
,2015-12,Surrey Police,Northumbria Police,-1.564727,55.139383,On or near Queen'S Road,E01027551,Northumberland 020F,Anti-social behaviour,,
,2015-12,Surrey Police,Northumbria Police,-1.564727,55.139383,On or near Queen'S Road,E01027551,Northumberland 020F,Anti-social behaviour,,
31e0b949f9991057e3731abfe17f27c035006d7d5980e39cba1c8bdb0a5cbf6d,2015-12,Surrey Police,Northumbria Police,-1.567394,55.140821,On or near Parking Area,E01027551,Northumberland 020F,Bicycle theft,Investigation complete; no suspect identified,
1f23ef9569456679b4596335c6e80de521e62c1d5bde457dd4f83f9644040e73,2015-12,Surrey Police,Northumbria Police,-1.562941,55.140653,On or near Edward Road,E01027551,Northumberland 020F,Burglary,Investigation complete; no suspect identified,
d781d5ba6a152917c3247e6b9bf939fda1f73298d13cd714479db74ec0033791,2015-12,Surrey Police,Northumbria Police,-1.569524,55.141134,On or near Park Terrace,E01027551,Northumberland 020F,Burglary,Under investigation,
2865fe8f6a6f4ec49b8620d4759d625eb380b9e4444227c38022a041a1cbae80,2015-12,Surrey Police,Northumbria Police,-1.564727,55.139383,On or near Queen'S Road,E01027551,Northumberland 020F,Burglary,Investigation complete; no suspect identified,
48302cba4142c59727f3eec93d6d1ce6b3ef7f5c61cf1dd8904ff598bbbcae2e,2015-12,Surrey Police,Northumbria Police,-1.564727,55.139383,On or near Queen'S Road,E01027551,Northumberland 020F,Burglary,Investigation complete; no suspect identified,
4f1ed172353005b5bffa11d876cbdccd070bbf7a5fa5e1f998bf8d6ba9f5f2ef,2015-12,Surrey Police,Northumbria Police,-1.569524,55.141134,On or near Park Terrace,E01027551,Northumberland 020F,Burglary,Investigation complete; no suspect identified,
706767c2f7a3a32c1a8208225c8c60ca50914150ab42394c2ee02cf0c18d9189,2015-12,Surrey Police,Northumbria Police,-1.564727,55.139383,On or near Queen'S Road,E01027551,Northumberland 020F,Burglary,Investigation complete; no suspect identified,
d45c3c6481601ef50078c607eb9490a4d9ad23108da6055e13079946e11750f9,2015-12,Surrey Police,Northumbria Police,-1.566042,55.141149,On or near St John'S West,E01027551,Northumberland 020F,Drugs,Offender fined,
dc762411f8996713e089b6192315d39251a84afa3281478b1e3fd792e0ced590,2015-12,Surrey Police,Northumbria Police,-1.564727,55.139383,On or near Queen'S Road,E01027551,Northumberland 020F,Other theft,Investigation complete; no suspect identified,
ff4c542a9db4926a64d29624d0a0dd60ec82a5011170081638241dddf64a46c4,2015-12,Surrey Police,Northumbria Police,-1.567092,55.141189,On or near School Road,E01027551,Northumberland 020F,Violence and sexual offences,Under investigation,
533bfac1dc2a66dfc918ba532dfb4ad06ddd88e69983af8f688212993f8cb76f,2015-12,Surrey Police,Northumbria Police,-1.568311,55.140187,On or near Station Road,E01027551,Northumberland 020F,Violence and sexual offences,Under investigation,
facc30d6b45d596eed158663ca294871d03e1e848f8df7a52889d057d0fc05c5,2015-12,Surrey Police,Northumbria Police,-1.567092,55.141189,On or near School Road,E01027551,Northumberland 020F,Violence and sexual offences,Under investigation,
,2015-12,Surrey Police,Northumbria Police,-1.533790,55.145047,On or near Waterfield Road,E01027552,Northumberland 020G,Anti-social behaviour,,
,2015-12,Surrey Police,Northumbria Police,-1.527176,55.159031,On or near The Bucca,E01027552,Northumberland 020G,Anti-social behaviour,,
,2015-12,Surrey Police,Northumbria Police,-1.546036,55.156721,On or near Sports/Recreation Area,E01027552,Northumberland 020G,Anti-social behaviour,,
7f8fc7dad469941726ccfb5b50c82df0cbef319a54d28c692d0f24dc8d627fe5,2015-12,Surrey Police,Northumbria Police,-1.549595,55.144495,On or near Havelock Crescent,E01027552,Northumberland 020G,Burglary,Investigation complete; no suspect identified,
d268efba344995175492ceeb0c582e330a2cad2b36de08a7545043b3d664a177,2015-12,Surrey Police,Northumbria Police,-1.564641,55.161740,On or near Church Avenue,E01027552,Northumberland 020G,Burglary,Investigation complete; no suspect identified,
69561f3a89c0d300102c8b16c55e9a54f93206ae18933b1f6ea3b7aeabe83e4f,2015-12,Surrey Police,Northumbria Police,-1.530070,55.155843,On or near Sports/Recreation Area,E01027552,Northumberland 020G,Burglary,Investigation complete; no suspect identified,
131e9631a5d4ef6261e9a23e0a892bab1c8e3d80ebb3811155d7cf00822dc042,2015-12,Surrey Police,Northumbria Police,-1.549595,55.144495,On or near Havelock Crescent,E01027552,Northumberland 020G,Criminal damage and arson,Investigation complete; no suspect identified,
ef27bc178fbb0cdb381d6eec4f2aec280dd6c93edc0f1b7dbc6bc1c528d0e5f2,2015-12,Surrey Police,Northumbria Police,-1.564641,55.161740,On or near Church Avenue,E01027552,Northumberland 020G,Criminal damage and arson,Investigation complete; no suspect identified,
7cba27fcdd4550e62075b1013df6599fca17f9105c91e08fd4cc4c30e7e60828,2015-12,Surrey Police,Northumbria Police,-1.527176,55.159031,On or near The Bucca,E01027552,Northumberland 020G,Other theft,Offender given a caution,
2b231cff71804f99f86cd5d602c4844598bbea100b85c6009207dc0e2ce9e399,2015-12,Surrey Police,Northumbria Police,-1.510467,55.135520,On or near Worsdell Street,E01027552,Northumberland 020G,Public order,Under investigation,
6c96d87620c0c79be5b4a115b30018f7d18c00f2b9c394e7dfd9b7307a073c95,2015-12,Surrey Police,Northumbria Police,-1.527176,55.159031,On or near The Bucca,E01027552,Northumberland 020G,Vehicle crime,Investigation complete; no suspect identified,
ec9acdb81d013226947883e474e6832057ca7968fd9ad48666ed24353f3d1b7b,2015-12,Surrey Police,Northumbria Police,-1.530070,55.155843,On or near Sports/Recreation Area,E01027552,Northumberland 020G,Vehicle crime,Investigation complete; no suspect identified,
51a7eb798e85958442cfcfb1b7d0f1845d2966aa969ee10e79ef17eae465bce7,2015-12,Surrey Police,Northumbria Police,-1.564641,55.161740,On or near Church Avenue,E01027552,Northumberland 020G,Vehicle crime,Investigation complete; no suspect identified,
,2015-12,Surrey Police,Northumbria Police,-1.596545,55.131144,On or near West End Front Street,E01027514,Northumberland 021A,Anti-social behaviour,,
,2015-12,Surrey Police,Northumbria Police,-1.596545,55.131144,On or near West End Front Street,E01027514,Northumberland 021A,Anti-social behaviour,,
,2015-12,Surrey Police,Northumbria Police,-1.596545,55.131144,On or near West End Front Street,E01027514,Northumberland 021A,Anti-social behaviour,,
90bb94bb3ba9b6ba3b947aab6c5aacfa0749ccab2e98d7334a68f9ef1740a5ab,2015-12,Surrey Police,Northumbria Police,-1.599452,55.129024,On or near Nether Riggs,E01027514,Northumberland 021A,Criminal damage and arson,Investigation complete; no suspect identified,
5743bd7d1bd73a49abb5f6efe1f2fcc3dd31b749f03c0cf35b3046f05d082849,2015-12,Surrey Police,Northumbria Police,-1.598319,55.130971,On or near Petrol Station,E01027514,Northumberland 021A,Other theft,Investigation complete; no suspect identified,
a441869cced8d79199de440f43023192f51cec09496eb51a4b2a2b54516b79f4,2015-12,Surrey Police,Northumbria Police,-1.596545,55.131144,On or near West End Front Street,E01027514,Northumberland 021A,Shoplifting,Under investigation,
31344fd6d2b4eeb2460f09e589d01bd8c15985d6dc11c98ec9b09d8a29e6f666,2015-12,Surrey Police,Northumbria Police,-1.596545,55.131144,On or near West End Front Street,E01027514,Northumberland 021A,Violence and sexual offences,Investigation complete; no suspect identified,
29cc0f0c73b95dd4f0205b2dae7df1a56ca29162ae4eb034672bfe9956e29c9c,2015-12,Surrey Police,Northumbria Police,-1.596545,55.131144,On or near West End Front Street,E01027514,Northumberland 021A,Violence and sexual offences,Investigation complete; no suspect identified,
7024a4397abdc3da6d58e827d741003d0a0fbc91e5c2241514129b3be0b1cc2e,2015-12,Surrey Police,Northumbria Police,-1.617823,55.115164,On or near Hartford Road,E01027514,Northumberland 021A,Violence and sexual offences,Investigation complete; no suspect identified,
128e12aeffea242f148f6d98692d495100b96999da7a1941c8dc8ae992830b85,2015-12,Surrey Police,Northumbria Police,-1.596545,55.131144,On or near West End Front Street,E01027514,Northumberland 021A,Violence and sexual offences,Under investigation,
,2015-12,Surrey Police,Northumbria Police,-1.592506,55.131931,On or near Parking Area,E01027516,Northumberland 021B,Anti-social behaviour,,
,2015-12,Surrey Police,Northumbria Police,-1.594330,55.133024,On or near Schalksmuhle Road,E01027516,Northumberland 021B,Anti-social behaviour,,
,2015-12,Surrey Police,Northumbria Police,-1.594330,55.133024,On or near Schalksmuhle Road,E01027516,Northumberland 021B,Anti-social behaviour,,
de2d4cd317a3a5985c58b047627a273df72079bf3386c3bcf18f2f14eaf7abbe,2015-12,Surrey Police,Northumbria Police,-1.596519,55.135278,On or near Court Road,E01027516,Northumberland 021B,Burglary,Investigation complete; no suspect identified,
d64bbc39a4b1be4f5631329c94297a89723a235a90d98c308e0f6ad2dec7db5b,2015-12,Surrey Police,Northumbria Police,-1.599619,55.137418,On or near Chichester Grove,E01027520,Northumberland 021C,Violence and sexual offences,Under investigation,
,2015-12,Surrey Police,Northumbria Police,-1.613800,55.132413,On or near Meadowdale Crescent,E01027522,Northumberland 021E,Anti-social behaviour,,
,2015-12,Surrey Police,Northumbria Police,-1.613800,55.132413,On or near Meadowdale Crescent,E01027522,Northumberland 021E,Anti-social behaviour,,
,2015-12,Surrey Police,Northumbria Police,-1.609797,55.132769,On or near Netherdale,E01027522,Northumberland 021E,Anti-social behaviour,,
,2015-12,Surrey Police,Northumbria Police,-1.609797,55.132769,On or near Netherdale,E01027522,Northumberland 021E,Anti-social behaviour,,
,2015-12,Surrey Police,Northumbria Police,-1.610960,55.132512,On or near Link Avenue,E01027522,Northumberland 021E,Anti-social behaviour,,
,2015-12,Surrey Police,Northumbria Police,-1.609215,55.133010,On or near The Chase,E01027522,Northumberland 021E,Anti-social behaviour,,
,2015-12,Surrey Police,Northumbria Police,-1.609215,55.133010,On or near The Chase,E01027522,Northumberland 021E,Anti-social behaviour,,
,2015-12,Surrey Police,Northumbria Police,-1.609215,55.133010,On or near The Chase,E01027522,Northumberland 021E,Anti-social behaviour,,
81f6c0350dc0c24e2a0f2321103f57900c452cc1d15f1b574a327919bb31a01d,2015-12,Surrey Police,Northumbria Police,-1.609215,55.133010,On or near The Chase,E01027522,Northumberland 021E,Public order,Investigation complete; no suspect identified,
733da36b537cd2027c7617ccd8af5cbe3935f4bdb610330203ae088410dcf27d,2015-12,Surrey Police,Northumbria Police,-1.609215,55.133010,On or near The Chase,E01027522,Northumberland 021E,Shoplifting,Investigation complete; no suspect identified,
c84433ef5fc4bcfee89f19fec93e1e4db3e2c7d536e2bb0cb92805fdbfc8247b,2015-12,Surrey Police,Northumbria Police,-1.609797,55.132769,On or near Netherdale,E01027522,Northumberland 021E,Vehicle crime,Investigation complete; no suspect identified,
526401645d73d15de3a166aa881a7c771121075d622be4e02f80149424edbf0f,2015-12,Surrey Police,Northumbria Police,-1.609797,55.132769,On or near Netherdale,E01027522,Northumberland 021E,Vehicle crime,Investigation complete; no suspect identified,
,2015-12,Surrey Police,Northumbria Police,-1.599912,55.133213,On or near Glebe Road,E01027523,Northumberland 021F,Anti-social behaviour,,
,2015-12,Surrey Police,Northumbria Police,-1.603969,55.133730,On or near Northumberland Avenue,E01027523,Northumberland 021F,Anti-social behaviour,,
,2015-12,Surrey Police,Northumbria Police,-1.603969,55.133730,On or near Northumberland Avenue,E01027523,Northumberland 021F,Anti-social behaviour,,
,2015-12,Surrey Police,Northumbria Police,-1.603969,55.133730,On or near Northumberland Avenue,E01027523,Northumberland 021F,Anti-social behaviour,,
,2015-12,Surrey Police,Northumbria Police,-1.603969,55.133730,On or near Northumberland Avenue,E01027523,Northumberland 021F,Anti-social behaviour,,
,2015-12,Surrey Police,Northumbria Police,-1.599577,55.133796,On or near Choppington Road,E01027523,Northumberland 021F,Anti-social behaviour,,
,2015-12,Surrey Police,Northumbria Police,-1.600305,55.131552,On or near A193,E01027523,Northumberland 021F,Anti-social behaviour,,
00b42be8383395efdb46b9901f187a4d55baddd782af3cdac04ce6007b8f8818,2015-12,Surrey Police,Northumbria Police,-1.605420,55.132908,On or near Ridge Terrace,E01027523,Northumberland 021F,Burglary,Investigation complete; no suspect identified,
26a266fc76d9a788abaf1abf342c9e3de4238a6c714aefd585faaaea6b4de0c2,2015-12,Surrey Police,Northumbria Police,-1.602531,55.133222,On or near Cumberland Avenue,E01027523,Northumberland 021F,Criminal damage and arson,Investigation complete; no suspect identified,
747184e0a6249709bffca9d7a7e56fad6abe0a47c465b0765361e8d25c16ee49,2015-12,Surrey Police,Northumbria Police,-1.605420,55.132908,On or near Ridge Terrace,E01027523,Northumberland 021F,Drugs,Awaiting court outcome,
05d6f0e0a092c48e8611304dfa1b70764fe767a6de35ce5ef491c5e933da98c0,2015-12,Surrey Police,Northumbria Police,-1.599912,55.133213,On or near Glebe Road,E01027523,Northumberland 021F,Shoplifting,Under investigation,
c9068ab030f148914ccea407df4c6833330df08d025a1572061c06a3f63d365d,2015-12,Surrey Police,Northumbria Police,-1.602131,55.129258,On or near Hartford Crescent,E01027523,Northumberland 021F,Vehicle crime,Investigation complete; no suspect identified,
5ccf8d021d887ed66b7ed7940cd5b06931590f66da50468c8aaf5a4755f9c29a,2015-12,Surrey Police,Northumbria Police,-1.603969,55.133730,On or near Northumberland Avenue,E01027523,Northumberland 021F,Vehicle crime,Investigation complete; no suspect identified,
21a616ea0df6a4835450646af0d8f3ec492855c7598bdabefbae5a35b460a9d1,2015-12,Surrey Police,Northumbria Police,-1.601799,55.131099,On or near Catholic Row,E01027523,Northumberland 021F,Vehicle crime,Under investigation,
4222a672a744eb2eb1db637d972d872f667f6e24dd6e3bf6876705cd29a40fa5,2015-12,Surrey Police,Northumbria Police,-1.605420,55.132908,On or near Ridge Terrace,E01027523,Northumberland 021F,Violence and sexual offences,Investigation complete; no suspect identified,
108f8529422c83f09ab3a81b9daec30db025943044ffc4ae3115b9d9eae423c1,2015-12,Surrey Police,Northumbria Police,-1.599577,55.133796,On or near Choppington Road,E01027523,Northumberland 021F,Violence and sexual offences,Under investigation,
,2015-12,Surrey Police,Northumbria Police,-1.530693,55.126829,On or near Thorneyburn Way,E01027392,Northumberland 022A,Anti-social behaviour,,
,2015-12,Surrey Police,Northumbria Police,-1.531704,55.132935,On or near Spencer Road,E01027392,Northumberland 022A,Anti-social behaviour,,
,2015-12,Surrey Police,Northumbria Police,-1.537474,55.127592,On or near Eston Court,E01027392,Northumberland 022A,Anti-social behaviour,,
,2015-12,Surrey Police,Northumbria Police,-1.530957,55.132393,On or near Spencer Court,E01027392,Northumberland 022A,Anti-social behaviour,,
,2015-12,Surrey Police,Northumbria Police,-1.523587,55.129659,On or near Alwinton Close,E01027392,Northumberland 022A,Anti-social behaviour,,
,2015-12,Surrey Police,Northumbria Police,-1.537474,55.127592,On or near Eston Court,E01027392,Northumberland 022A,Anti-social behaviour,,
,2015-12,Surrey Police,Northumbria Police,-1.533782,55.125511,On or near Hall Green,E01027392,Northumberland 022A,Anti-social behaviour,,
,2015-12,Surrey Police,Northumbria Police,-1.534665,55.127779,On or near Langley Avenue,E01027392,Northumberland 022A,Anti-social behaviour,,
,2015-12,Surrey Police,Northumbria Police,-1.537474,55.127592,On or near Eston Court,E01027392,Northumberland 022A,Anti-social behaviour,,
,2015-12,Surrey Police,Northumbria Police,-1.534665,55.127779,On or near Langley Avenue,E01027392,Northumberland 022A,Anti-social behaviour,,
,2015-12,Surrey Police,Northumbria Police,-1.537474,55.127592,On or near Eston Court,E01027392,Northumberland 022A,Anti-social behaviour,,
,2015-12,Surrey Police,Northumbria Police,-1.535140,55.128751,On or near The Orchards,E01027392,Northumberland 022A,Anti-social behaviour,,
eb9acbcf6b480cff776c71ab2217878756803a44cb6751a79a9db06a05c6a7fd,2015-12,Surrey Police,Northumbria Police,-1.530957,55.132393,On or near Spencer Court,E01027392,Northumberland 022A,Burglary,Under investigation,
73a6ae14847af51bb962cd5484e25a80f615115208e72d58d19993a8a80d7e06,2015-12,Surrey Police,Northumbria Police,-1.537474,55.127592,On or near Eston Court,E01027392,Northumberland 022A,Criminal damage and arson,Investigation complete; no suspect identified,
b73b186ee9d171a1291330292ae060e9ddcb3f4ede0d558f120cb9986671b956,2015-12,Surrey Police,Northumbria Police,-1.523778,55.130747,On or near Cowpen Road,E01027392,Northumberland 022A,Criminal damage and arson,Under investigation,
06d587c2e9566e2f79395a9b3da06c16837c878ecb6378b7c9c49fadadeab633,2015-12,Surrey Police,Northumbria Police,-1.535168,55.126316,On or near Cragton Gardens,E01027392,Northumberland 022A,Criminal damage and arson,Investigation complete; no suspect identified,
122d5f12aee5fd49be9ec2d1a0b30b1cfe00486b8976ee66b4d273bf3cb1c12b,2015-12,Surrey Police,Northumbria Police,-1.535168,55.126316,On or near Cragton Gardens,E01027392,Northumberland 022A,Criminal damage and arson,Under investigation,
c033b6653a4faee515c70faddb224bb2ba425749eee760916104418cc4f68d9b,2015-12,Surrey Police,Northumbria Police,-1.534665,55.127779,On or near Langley Avenue,E01027392,Northumberland 022A,Criminal damage and arson,Investigation complete; no suspect identified,
a3ece23f89aee277a8b41696d6ed21338f286e1a85ace8edb893e4ebca8d793f,2015-12,Surrey Police,Northumbria Police,-1.535168,55.126316,On or near Cragton Gardens,E01027392,Northumberland 022A,Criminal damage and arson,Investigation complete; no suspect identified,
90a27c2f13bd71c7a59a73bb5260bdfb42f27a6b729183aa3d110fbba86a2d5b,2015-12,Surrey Police,Northumbria Police,-1.535168,55.126316,On or near Cragton Gardens,E01027392,Northumberland 022A,Criminal damage and arson,Awaiting court outcome,
d146364e01a8983309afd3a6c1d828303e12adfcf7b1e11d54e3f75d1ceeebbb,2015-12,Surrey Police,Northumbria Police,-1.537474,55.127592,On or near Eston Court,E01027392,Northumberland 022A,Drugs,Under investigation,
bc8b6f86a659047d8b5c3b733cee3e8352024ba0b61dc44db39b70235e41ca47,2015-12,Surrey Police,Northumbria Police,-1.530693,55.126829,On or near Thorneyburn Way,E01027392,Northumberland 022A,Drugs,Under investigation,
5c9e5ac7f7a5fa8bc8e996eac6c98d170e5883d6ec8ba8fee22075326c832410,2015-12,Surrey Police,Northumbria Police,-1.530957,55.132393,On or near Spencer Court,E01027392,Northumberland 022A,Other theft,Investigation complete; no suspect identified,
6526aa02ea0ac4d14480cd1d5f28bf401a085a33c0c2d0426543e4055600421d,2015-12,Surrey Police,Northumbria Police,-1.523778,55.130747,On or near Cowpen Road,E01027392,Northumberland 022A,Other theft,Under investigation,
7d0164616f354be1e1c27a00435a6654b0803a3d7e59aaa826e8bbddf0829dcc,2015-12,Surrey Police,Northumbria Police,-1.535168,55.126316,On or near Cragton Gardens,E01027392,Northumberland 022A,Other theft,Investigation complete; no suspect identified,
7869c94ace00d455c67ebe1c7b2ca9a3024408363c94414d4a66de0def099879,2015-12,Surrey Police,Northumbria Police,-1.530957,55.132393,On or near Spencer Court,E01027392,Northumberland 022A,Public order,Under investigation,
09dcfad69256f188b4724f27d93cb06e1a51ca3efa5d744559ae0656bbff81c9,2015-12,Surrey Police,Northumbria Police,-1.523778,55.130747,On or near Cowpen Road,E01027392,Northumberland 022A,Shoplifting,Investigation complete; no suspect identified,
12098ce0d8e29b19ec2114d84cf5793d16e51ebfe3a8274831197cb7be390b60,2015-12,Surrey Police,Northumbria Police,-1.523778,55.130747,On or near Cowpen Road,E01027392,Northumberland 022A,Shoplifting,Investigation complete; no suspect identified,
fa06e89146686f5ec96cbb5c2f45c6f2ca5b4599343be702a587c31919dfee51,2015-12,Surrey Police,Northumbria Police,-1.530957,55.132393,On or near Spencer Court,E01027392,Northumberland 022A,Shoplifting,Investigation complete; no suspect identified,
7d3f7e07c2565ad811d8ea6ddc6c2d3a70b575b0d98ce71857f60ed8d4d3030c,2015-12,Surrey Police,Northumbria Police,-1.523778,55.130747,On or near Cowpen Road,E01027392,Northumberland 022A,Shoplifting,Under investigation,
0999639e4354487af44f2aefb0e4ead021795a1cfde37cf2de077b7d507733f6,2015-12,Surrey Police,Northumbria Police,-1.537474,55.127592,On or near Eston Court,E01027392,Northumberland 022A,Violence and sexual offences,Under investigation,
d0c6d04e65cf1dc618d2d31c0ac59e113f73480653867c7599d07145ab88c05f,2015-12,Surrey Police,Northumbria Police,-1.532885,55.128491,On or near Edendale Avenue,E01027392,Northumberland 022A,Violence and sexual offences,Awaiting court outcome,
d0d962b1e49696284986c332496121253f6bf572f6665fab4d9c2c72f0b8cecc,2015-12,Surrey Police,Northumbria Police,-1.536021,55.127173,On or near Dunston Place,E01027392,Northumberland 022A,Violence and sexual offences,Under investigation,
aedf8edcab2ab6d127986684dd2c18a67ea869d3b1abbb549fc14fe77fe5df49,2015-12,Surrey Police,Northumbria Police,-1.535168,55.126316,On or near Cragton Gardens,E01027392,Northumberland 022A,Violence and sexual offences,Under investigation,
9107df4a9541e90768e4c02df8f79290995171773703b52fd258fee3db39f918,2015-12,Surrey Police,Northumbria Police,-1.536947,55.131184,On or near Supermarket,E01027392,Northumberland 022A,Other crime,Awaiting court outcome,
,2015-12,Surrey Police,Northumbria Police,-1.540108,55.124933,On or near Ravensdale Grove,E01027393,Northumberland 022B,Anti-social behaviour,,
,2015-12,Surrey Police,Northumbria Police,-1.540108,55.124933,On or near Ravensdale Grove,E01027393,Northumberland 022B,Anti-social behaviour,,
,2015-12,Surrey Police,Northumbria Police,-1.535095,55.123180,On or near Redesdale Place,E01027393,Northumberland 022B,Anti-social behaviour,,
53679af3946e678dbad72cf18622af5f647d1546cacae8ed103ac92a65ce18f7,2015-12,Surrey Police,Northumbria Police,-1.534856,55.123457,On or near Axwell Drive,E01027393,Northumberland 022B,Drugs,Awaiting court outcome,
,2015-12,Surrey Police,Northumbria Police,-1.517607,55.132610,On or near Sycamore Avenue,E01027416,Northumberland 022C,Anti-social behaviour,,
,2015-12,Surrey Police,Northumbria Police,-1.517686,55.131253,On or near Portland Street,E01027416,Northumberland 022C,Anti-social behaviour,,
,2015-12,Surrey Police,Northumbria Police,-1.514760,55.130757,On or near Stephen Street,E01027416,Northumberland 022C,Anti-social behaviour,,
,2015-12,Surrey Police,Northumbria Police,-1.520265,55.133339,On or near Chestnut Avenue,E01027416,Northumberland 022C,Anti-social behaviour,,
698169693b38ff9a8f914c008e8d6ae66af1d64404d17863ebf051ec7bc5366c,2015-12,Surrey Police,Northumbria Police,-1.520769,55.127959,On or near Albion Way,E01027416,Northumberland 022C,Burglary,Investigation complete; no suspect identified,
0f135eec8c83c09c27b5ff1d27c9f54c3b99cbf1d8244afb97a21527e7e9b23b,2015-12,Surrey Police,Northumbria Police,-1.520864,55.129145,On or near Cowpen Road,E01027416,Northumberland 022C,Burglary,Under investigation,
26600c03a05565e094616daefd24c1259d2f9383d76a2bd72146f7a3b6522ab6,2015-12,Surrey Police,Northumbria Police,-1.520864,55.129145,On or near Cowpen Road,E01027416,Northumberland 022C,Burglary,Investigation complete; no suspect identified,
949e782da1302a08fd6db0bf0861b7a5fe7804cc29f4ce60631da33805153c56,2015-12,Surrey Police,Northumbria Police,-1.516944,55.132994,On or near Millfield Gardens,E01027416,Northumberland 022C,Criminal damage and arson,Investigation complete; no suspect identified,
d353bc4e00dde9b758ce89768c8fb3beb945d7eaf77135977d6f57c02a614eb2,2015-12,Surrey Police,Northumbria Police,-1.518401,55.133107,On or near Willow Avenue,E01027416,Northumberland 022C,Criminal damage and arson,Investigation complete; no suspect identified,
aea0142d4ba1029d6f9c45c4d5569fe2af87b83dfb19259ddf1cca98749bd8cb,2015-12,Surrey Police,Northumbria Police,-1.520254,55.131623,On or near Limes Avenue,E01027416,Northumberland 022C,Criminal damage and arson,Investigation complete; no suspect identified,
b2d7c723618a2f67297ea26132e70e21d604dec5d4ccc2a534d58ea15ff3c5a9,2015-12,Surrey Police,Northumbria Police,-1.516698,55.131268,On or near Goschen Street,E01027416,Northumberland 022C,Criminal damage and arson,Investigation complete; no suspect identified,
8a71c28a3b1e4427d2f28936a8fa3535ae0206542ab05e6da11346f93119c416,2015-12,Surrey Police,Northumbria Police,-1.520265,55.133339,On or near Chestnut Avenue,E01027416,Northumberland 022C,Criminal damage and arson,Investigation complete; no suspect identified,
641bf69f84cd705cddd65717dcdbc875ab78ff1751ef2e295aee8f6c96afcbcd,2015-12,Surrey Police,Northumbria Police,-1.515091,55.131890,On or near Argyle Mews,E01027416,Northumberland 022C,Other theft,Investigation complete; no suspect identified,
39e62736bd82dd9621f6c2e0d7f1dc49a2fdb3731a6d5e45096f06cfe8950a59,2015-12,Surrey Police,Northumbria Police,-1.520864,55.129145,On or near Cowpen Road,E01027416,Northumberland 022C,Other theft,Investigation complete; no suspect identified,
cdf9db8526e291c879ce5d0bbbcc560b227ace3bd0ae61ef40c6b42946395057,2015-12,Surrey Police,Northumbria Police,-1.520265,55.133339,On or near Chestnut Avenue,E01027416,Northumberland 022C,Public order,Under investigation,
f5186f9eb1caa933dad932ce4bf605b7f0fe928c9d46f3cccfaa247dae1e94ec,2015-12,Surrey Police,Northumbria Police,-1.520487,55.130528,On or near Lilac Avenue,E01027416,Northumberland 022C,Public order,Under investigation,
e55a00e8b6d98140f3d5a6eba0cab5fd640924641f0bb24cea1bf07a8f93aab9,2015-12,Surrey Police,Northumbria Police,-1.520265,55.133339,On or near Chestnut Avenue,E01027416,Northumberland 022C,Vehicle crime,Investigation complete; no suspect identified,
af358b266f6d20f022518e0c68558fe857837e3245d97f7372f2c3a31a140350,2015-12,Surrey Police,Northumbria Police,-1.518599,55.129738,On or near West Salisbury Street,E01027416,Northumberland 022C,Vehicle crime,Under investigation,
6bd2b9c70918e2d9d52da2f02aa60e88bb946e833786c00aafe7c1c76ac4fa62,2015-12,Surrey Police,Northumbria Police,-1.520265,55.133339,On or near Chestnut Avenue,E01027416,Northumberland 022C,Vehicle crime,Investigation complete; no suspect identified,
b1417d8341a6e33b73e860c3eaa67c8cfb2963567b8e301ed402f693db39165a,2015-12,Surrey Police,Northumbria Police,-1.517686,55.131253,On or near Portland Street,E01027416,Northumberland 022C,Violence and sexual offences,Offender given a caution,
b91bd402c1dc6f5a761696ad70e292f679f7acdb70e7e2d4862797e048453197,2015-12,Surrey Police,Northumbria Police,-1.520254,55.131623,On or near Limes Avenue,E01027416,Northumberland 022C,Violence and sexual offences,Awaiting court outcome,
dc598773f17b50707a93bb97209894b5e16022d0327329309c745875519bcb36,2015-12,Surrey Police,Northumbria Police,-1.517607,55.132610,On or near Sycamore Avenue,E01027416,Northumberland 022C,Violence and sexual offences,Under investigation,
2130f3d46d84cb0379d1c38e25d69f32aba6d07260ddd03ef81fc1c0d9412b46,2015-12,Surrey Police,Northumbria Police,-1.516944,55.132994,On or near Millfield Gardens,E01027416,Northumberland 022C,Violence and sexual offences,Investigation complete; no suspect identified,
80d091495ac0d98901cedcc5880d849df80edfdd9087031d93b9ab6e507fb525,2015-12,Surrey Police,Northumbria Police,-1.515091,55.131890,On or near Argyle Mews,E01027416,Northumberland 022C,Violence and sexual offences,Investigation complete; no suspect identified,
b8bcdeb6125c7250fc74a333ab4a6275e4c6c2d957c494d7470eee38a958e050,2015-12,Surrey Police,Northumbria Police,-1.520864,55.129145,On or near Cowpen Road,E01027416,Northumberland 022C,Violence and sexual offences,Under investigation,
caf5f579cba60dce443bd081604c1fc0a9b5db4183a3edaec838f3ef557e7ee5,2015-12,Surrey Police,Northumbria Police,-1.520265,55.133339,On or near Chestnut Avenue,E01027416,Northumberland 022C,Violence and sexual offences,Investigation complete; no suspect identified,
44de57155eb6d305a059347a446dce78668739f41f9bfb1c766fe85c462b1b28,2015-12,Surrey Police,Northumbria Police,-1.515091,55.131890,On or near Argyle Mews,E01027416,Northumberland 022C,Violence and sexual offences,Investigation complete; no suspect identified,
340f36a7dd324e436bb1790589834d59e144cf3c34a08c7e1f4bb8838e2b21b6,2015-12,Surrey Police,Northumbria Police,-1.520254,55.131623,On or near Limes Avenue,E01027416,Northumberland 022C,Other crime,Under investigation,
194cb3c378ec778ad2aec31c504f8b18b5014f33e8f7a9f8071db3d7d6e63639,2015-12,Surrey Police,Northumbria Police,-1.518401,55.133107,On or near Willow Avenue,E01027416,Northumberland 022C,Other crime,Investigation complete; no suspect identified,
,2015-12,Surrey Police,Northumbria Police,-1.538879,55.128154,On or near Briardale Road,E01027424,Northumberland 022D,Anti-social behaviour,,
,2015-12,Surrey Police,Northumbria Police,-1.543132,55.126580,On or near Chasedale Crescent,E01027424,Northumberland 022D,Anti-social behaviour,,
,2015-12,Surrey Police,Northumbria Police,-1.545736,55.130624,On or near Taylor Street,E01027424,Northumberland 022D,Anti-social behaviour,,
,2015-12,Surrey Police,Northumbria Police,-1.540653,55.129374,On or near Nidderdale Close,E01027424,Northumberland 022D,Anti-social behaviour,,
,2015-12,Surrey Police,Northumbria Police,-1.545696,55.127272,On or near Ferndale Close,E01027424,Northumberland 022D,Anti-social behaviour,,
06e9c3b0bb4d9a123a19a8fc21e262efe83b45d8432188df80707976a11f4b83,2015-12,Surrey Police,Northumbria Police,-1.541218,55.128019,On or near Cowpen Hall Road,E01027424,Northumberland 022D,Burglary,Awaiting court outcome,
fd57bec2c1c465bc3254dee8bda3ffa327d8627e2133f28205b5a3d702830486,2015-12,Surrey Police,Northumbria Police,-1.543301,55.129591,On or near Fenwick Grove,E01027424,Northumberland 022D,Burglary,Investigation complete; no suspect identified,
fac90958281e4a56cc1ef1d552527f63c10c2a889f728b65a12c445dd7c5c8de,2015-12,Surrey Police,Northumbria Police,-1.544270,55.129900,On or near Windmill Grove,E01027424,Northumberland 022D,Burglary,Investigation complete; no suspect identified,
32a23321f8d008f2b516561f3f1889ce965fabe617767a5e61750d2c948a032d,2015-12,Surrey Police,Northumbria Police,-1.544270,55.129900,On or near Windmill Grove,E01027424,Northumberland 022D,Burglary,Investigation complete; no suspect identified,
d4bcda4097bdf3f4c13a1f5be734cc883a5caffc2d2c90d1c7c0a4eaa877cbc7,2015-12,Surrey Police,Northumbria Police,-1.542924,55.128313,On or near Thorndale Place,E01027424,Northumberland 022D,Criminal damage and arson,Investigation complete; no suspect identified,
7579a3fa4fad438fc6bc55f3f760ccc9ae0bef13b40b66b305bcd53c467a665f,2015-12,Surrey Police,Northumbria Police,-1.538879,55.128154,On or near Briardale Road,E01027424,Northumberland 022D,Criminal damage and arson,Investigation complete; no suspect identified,
ba51d7fc1d2b44d7929c8e42630a832264cc594fdda13c10e53ef9505f7254e3,2015-12,Surrey Police,Northumbria Police,-1.543301,55.129591,On or near Fenwick Grove,E01027424,Northumberland 022D,Criminal damage and arson,Under investigation,
a60f82a3db05c47e765f7736145e7a4a9263d2d119c993df0280d905118600a5,2015-12,Surrey Police,Northumbria Police,-1.538879,55.128154,On or near Briardale Road,E01027424,Northumberland 022D,Drugs,Awaiting court outcome,
d39b1034f62187ce037972f809217a76827d374117d5f4d9fc7b0726c9adaa70,2015-12,Surrey Police,Northumbria Police,-1.538879,55.128154,On or near Briardale Road,E01027424,Northumberland 022D,Drugs,Awaiting court outcome,
c90dcfab190375493d0fbda4a17201eef67ba32bcdafac6850afcc923931e117,2015-12,Surrey Police,Northumbria Police,-1.543301,55.129591,On or near Fenwick Grove,E01027424,Northumberland 022D,Other theft,Awaiting court outcome,
283884149bb87d80dfebc58d2c707f2d6e033915dcebbe2c7ecfc327b06d631b,2015-12,Surrey Police,Northumbria Police,-1.538879,55.128154,On or near Briardale Road,E01027424,Northumberland 022D,Public order,Investigation complete; no suspect identified,
02d8daa89e7d33daf2144e451da9b8975205accaf629e3dff04cf72bf24cd448,2015-12,Surrey Police,Northumbria Police,-1.547077,55.128536,On or near Teesdale Place,E01027424,Northumberland 022D,Public order,Under investigation,
b4a8256e3930881843301e9efe806c078a361b0329749474de6c27360e26a41b,2015-12,Surrey Police,Northumbria Police,-1.547077,55.128536,On or near Teesdale Place,E01027424,Northumberland 022D,Violence and sexual offences,Under investigation,
1a5535b452f5fc0360b3ae68004e9981a25ad0632cba1d265e80c79008495072,2015-12,Surrey Police,Northumbria Police,-1.543301,55.129591,On or near Fenwick Grove,E01027424,Northumberland 022D,Violence and sexual offences,Under investigation,
1e6c7951884420aced156c5158a11a45bdf4c132c11c7c107a8d9d881f770776,2015-12,Surrey Police,Northumbria Police,-1.543132,55.126580,On or near Chasedale Crescent,E01027424,Northumberland 022D,Violence and sexual offences,Under investigation,
189bfe8fdacffa89429cfe5e92848ded6c7f3ddc2fc9f11fce80f9c020e0a598,2015-12,Surrey Police,Northumbria Police,-1.538879,55.128154,On or near Briardale Road,E01027424,Northumberland 022D,Other crime,Awaiting court outcome,
,2015-12,Surrey Police,Northumbria Police,-1.507215,55.124427,On or near Oxford Street,E01027414,Northumberland 023A,Anti-social behaviour,,
,2015-12,Surrey Police,Northumbria Police,-1.507215,55.124427,On or near Oxford Street,E01027414,Northumberland 023A,Anti-social behaviour,,
,2015-12,Surrey Police,Northumbria Police,-1.508257,55.126399,On or near Back Croft Road,E01027414,Northumberland 023A,Anti-social behaviour,,
,2015-12,Surrey Police,Northumbria Police,-1.507042,55.125765,On or near Crown Street,E01027414,Northumberland 023A,Anti-social behaviour,,
2587a68c2e3a00b8eb77b2f355d678be7401fb1a890fad6f3717cab71f3b05ce,2015-12,Surrey Police,Northumbria Police,-1.509055,55.123985,On or near Richard Street,E01027414,Northumberland 023A,Burglary,Under investigation,
bd3197d84cc415293f753656b41f18ff67e6d48c5cc01b921a6b81ab2afc239d,2015-12,Surrey Police,Northumbria Police,-1.507215,55.124427,On or near Oxford Street,E01027414,Northumberland 023A,Burglary,Under investigation,
396cb6250d07604a18d5ab61c360bee6e59fcdebfe49dc0cfbda76a73270321c,2015-12,Surrey Police,Northumbria Police,-1.509055,55.123985,On or near Richard Street,E01027414,Northumberland 023A,Criminal damage and arson,Investigation complete; no suspect identified,
b583f8d54e235863091e803f2fc0660b27e7f048d839112a6af1368c9ae8d0a9,2015-12,Surrey Police,Northumbria Police,-1.506190,55.124935,On or near Coburg Street,E01027414,Northumberland 023A,Criminal damage and arson,Under investigation,
38e850ff93648309fc50b5688600bcb5bca1245bce92d380a4cd934edd99dd41,2015-12,Surrey Police,Northumbria Police,-1.509055,55.123985,On or near Richard Street,E01027414,Northumberland 023A,Criminal damage and arson,Under investigation,
34aaa2e44bda83793bf268edffccf3ffd27eb727c8992b7a9ddab8ad677bf123,2015-12,Surrey Police,Northumbria Police,-1.508257,55.126399,On or near Back Croft Road,E01027414,Northumberland 023A,Criminal damage and arson,Under investigation,
5cf66a1be4dbedb5753af4e05ff80139302c8d5d14e82ca3b4e4d5267798d50f,2015-12,Surrey Police,Northumbria Police,-1.508257,55.126399,On or near Back Croft Road,E01027414,Northumberland 023A,Criminal damage and arson,Offender given conditional discharge,
b889a52688509573021323ee2af5c9fa6258643df54687ea385604fa471962ab,2015-12,Surrey Police,Northumbria Police,-1.505820,55.124439,On or near Maughan Street,E01027414,Northumberland 023A,Criminal damage and arson,Investigation complete; no suspect identified,
9f7825240fbdbc56e26207797ece241e14b291f0396a7f94c78b95f3853cc5ea,2015-12,Surrey Police,Northumbria Police,-1.509055,55.123985,On or near Richard Street,E01027414,Northumberland 023A,Criminal damage and arson,Investigation complete; no suspect identified,
16ed822f1622d9601ef6e2f9965bdda812a51be3a9af59e8634aa2160b00908d,2015-12,Surrey Police,Northumbria Police,-1.507042,55.125765,On or near Crown Street,E01027414,Northumberland 023A,Drugs,Investigation complete; no suspect identified,
3e49eba6e418e2d4ddea044989cb2715c1e038a6544398f0432bb0fd2cc749ff,2015-12,Surrey Police,Northumbria Police,-1.507127,55.125200,On or near Union Street,E01027414,Northumberland 023A,Other theft,Under investigation,
0b114c57c8961064fddcfdd25042b418f12f2e15e1be9c840e7d26cf5a2626e2,2015-12,Surrey Police,Northumbria Police,-1.507215,55.124427,On or near Oxford Street,E01027414,Northumberland 023A,Other theft,Investigation complete; no suspect identified,
90b750f7ce540cc57f55aa5ac1b9e9ba4c651d06297f97d83be9f44edfa759c7,2015-12,Surrey Police,Northumbria Police,-1.507215,55.124427,On or near Oxford Street,E01027414,Northumberland 023A,Other theft,Local resolution,
2b488ee334162686dd94f12e6ab6c144a3a3e1e2a56303489ae94b0003f26ae3,2015-12,Surrey Police,Northumbria Police,-1.508257,55.126399,On or near Back Croft Road,E01027414,Northumberland 023A,Public order,Under investigation,
9c57207c84cbf2cc2265e70cd6b57a932c43df4bdbafbe8a490f56b9f24bee20,2015-12,Surrey Police,Northumbria Police,-1.508379,55.124135,On or near Barnard Street,E01027414,Northumberland 023A,Violence and sexual offences,Under investigation,
ef31b9c6113b2cdc1d5b00db23dd39984f34211c6747084ea07532ad0bd12911,2015-12,Surrey Police,Northumbria Police,-1.508257,55.126399,On or near Back Croft Road,E01027414,Northumberland 023A,Violence and sexual offences,Under investigation,
ba34eea11032ab5d6cbc883f8a3d3437ff0e88734baedc68a3d737fd06ca7212,2015-12,Surrey Police,Northumbria Police,-1.506190,55.124935,On or near Coburg Street,E01027414,Northumberland 023A,Violence and sexual offences,Under investigation,
56786448421dca0976955ccf248bd51716212301e452b7636d91dd8ce499fafb,2015-12,Surrey Police,Northumbria Police,-1.507215,55.124427,On or near Oxford Street,E01027414,Northumberland 023A,Violence and sexual offences,Under investigation,
a020a3efc377f3c19febb7f6166f35f829ff85e25bb3a4b1b5815af46b79f3cf,2015-12,Surrey Police,Northumbria Police,-1.507042,55.125765,On or near Crown Street,E01027414,Northumberland 023A,Violence and sexual offences,Investigation complete; no suspect identified,
,2015-12,Surrey Police,Northumbria Police,-1.517198,55.128879,On or near Beaumont Street,E01027415,Northumberland 023B,Anti-social behaviour,,
,2015-12,Surrey Police,Northumbria Police,-1.510661,55.127370,On or near Supermarket,E01027415,Northumberland 023B,Anti-social behaviour,,
,2015-12,Surrey Police,Northumbria Police,-1.510661,55.127370,On or near Supermarket,E01027415,Northumberland 023B,Anti-social behaviour,,
,2015-12,Surrey Police,Northumbria Police,-1.512453,55.126991,On or near Parking Area,E01027415,Northumberland 023B,Anti-social behaviour,,
,2015-12,Surrey Police,Northumbria Police,-1.518395,55.128444,On or near Arcot Terrace,E01027415,Northumberland 023B,Anti-social behaviour,,
,2015-12,Surrey Police,Northumbria Police,-1.514475,55.129623,On or near Hall Terrace,E01027415,Northumberland 023B,Anti-social behaviour,,
,2015-12,Surrey Police,Northumbria Police,-1.509776,55.127879,On or near Simpson Street,E01027415,Northumberland 023B,Anti-social behaviour,,
,2015-12,Surrey Police,Northumbria Police,-1.510696,55.128314,On or near Regent Street,E01027415,Northumberland 023B,Anti-social behaviour,,
,2015-12,Surrey Police,Northumbria Police,-1.509776,55.127879,On or near Simpson Street,E01027415,Northumberland 023B,Anti-social behaviour,,
,2015-12,Surrey Police,Northumbria Police,-1.510696,55.128314,On or near Regent Street,E01027415,Northumberland 023B,Anti-social behaviour,,
,2015-12,Surrey Police,Northumbria Police,-1.510696,55.128314,On or near Regent Street,E01027415,Northumberland 023B,Anti-social behaviour,,
,2015-12,Surrey Police,Northumbria Police,-1.508463,55.127532,On or near Shopping Area,E01027415,Northumberland 023B,Anti-social behaviour,,
,2015-12,Surrey Police,Northumbria Police,-1.515904,55.123015,On or near Broadway Circle,E01027415,Northumberland 023B,Anti-social behaviour,,
,2015-12,Surrey Police,Northumbria Police,-1.517379,55.130695,On or near Hambledon Street,E01027415,Northumberland 023B,Anti-social behaviour,,
,2015-12,Surrey Police,Northumbria Police,-1.509776,55.127879,On or near Simpson Street,E01027415,Northumberland 023B,Anti-social behaviour,,
,2015-12,Surrey Police,Northumbria Police,-1.510696,55.128314,On or near Regent Street,E01027415,Northumberland 023B,Anti-social behaviour,,
8e36e65e4a09436668682cdc6d9ab0ff181475e8603bd705819aace9c06b0ee2,2015-12,Surrey Police,Northumbria Police,-1.510565,55.130057,On or near Burt Street,E01027415,Northumberland 023B,Burglary,Under investigation,
08fccfa0464b4f5b05f6d00ab394409d57f68c5f6fc4437244061d6d9d4f0df2,2015-12,Surrey Police,Northumbria Police,-1.513020,55.129384,On or near Keelmans Terrace,E01027415,Northumberland 023B,Burglary,Investigation complete; no suspect identified,
73ab72d93a59ef0ed1fd8df7ba06bd512c0e734e2fee42d9eb321f91b16c7981,2015-12,Surrey Police,Northumbria Police,-1.510696,55.128314,On or near Regent Street,E01027415,Northumberland 023B,Burglary,Investigation complete; no suspect identified,
89cfe5bc487228815a4da38009abeffed3cd35496edc9f0d2cdfa94e25e22b1a,2015-12,Surrey Police,Northumbria Police,-1.508675,55.126886,On or near Havelock Street,E01027415,Northumberland 023B,Burglary,Under investigation,
fc4e166b13a4f44e66e4fb644a8f2d742cbc0530558ca6a7da8258a399e55b42,2015-12,Surrey Police,Northumbria Police,-1.515453,55.129214,On or near Kimberley Street,E01027415,Northumberland 023B,Criminal damage and arson,Investigation complete; no suspect identified,
1f6639f6ed628103172b7a42e0718b838869527dd9bf1ca8eb01535d8039f9ce,2015-12,Surrey Police,Northumbria Police,-1.510696,55.128314,On or near Regent Street,E01027415,Northumberland 023B,Criminal damage and arson,Investigation complete; no suspect identified,
c96b6c2ad71e9b87ad9a62df1ba4334bc671e7a8532859c2edfec8684b4de2ac,2015-12,Surrey Police,Northumbria Police,-1.514299,55.128661,On or near Gatacre Street,E01027415,Northumberland 023B,Criminal damage and arson,Investigation complete; no suspect identified,
ed4f692984f8b163753fb15631ad26091f0260d922ec8fd7efb982e834160a31,2015-12,Surrey Police,Northumbria Police,-1.517379,55.130695,On or near Hambledon Street,E01027415,Northumberland 023B,Criminal damage and arson,Offender given a caution,
f92dcf0beea980bdc3fd7199005cce63107dc1d01c9d74ef9feda735be7e040c,2015-12,Surrey Police,Northumbria Police,-1.514475,55.129623,On or near Hall Terrace,E01027415,Northumberland 023B,Criminal damage and arson,Investigation complete; no suspect identified,
f426340a625cdb588616875b7fdb5d1ee0b57cbfa49e4e7eacfaede709ac36b5,2015-12,Surrey Police,Northumbria Police,-1.515520,55.128810,On or near Wright Street,E01027415,Northumberland 023B,Criminal damage and arson,Local resolution,
eafa31d186494de31535ade579d85c6363cd9a96c7ac6f9a3a274d0ffb23408a,2015-12,Surrey Police,Northumbria Police,-1.512453,55.126991,On or near Parking Area,E01027415,Northumberland 023B,Criminal damage and arson,Investigation complete; no suspect identified,
8b4f0a852bc339a152f3cf7d84cb319c0da0107adb2a079ce2589c2044829ddf,2015-12,Surrey Police,Northumbria Police,-1.517198,55.128879,On or near Beaumont Street,E01027415,Northumberland 023B,Criminal damage and arson,Investigation complete; no suspect identified,
12b4ec9298a85c86da7e1274b5dbed40595870ff4126a14dc200b45810979514,2015-12,Surrey Police,Northumbria Police,-1.512453,55.126991,On or near Parking Area,E01027415,Northumberland 023B,Drugs,Offender fined,
b511b405bda8e6c6d0dfd202cb8309a1d5104eea64c775243e63b46000aa02fd,2015-12,Surrey Police,Northumbria Police,-1.513935,55.126314,On or near Arthur Street,E01027415,Northumberland 023B,Other theft,Under investigation,
20f3c8c34b1d6ab8289f764128c7cb951c3aa088289a2501f53d269f1ef78fba,2015-12,Surrey Police,Northumbria Police,-1.510661,55.127370,On or near Supermarket,E01027415,Northumberland 023B,Public order,Under investigation,
b3831c6bed05b38ce225258a2971bbc7ea50aada642fbf00b3e87da0686a8041,2015-12,Surrey Police,Northumbria Police,-1.510661,55.127370,On or near Supermarket,E01027415,Northumberland 023B,Public order,Investigation complete; no suspect identified,
4d51ac513b561c0f46bab2792fb82d70b871a147c84025e923e01269643be8a5,2015-12,Surrey Police,Northumbria Police,-1.510661,55.127370,On or near Supermarket,E01027415,Northumberland 023B,Public order,Investigation complete; no suspect identified,
2fbd78fc09e3fae55205272739e15d037c5fc46084339cb930478f0085226491,2015-12,Surrey Police,Northumbria Police,-1.508279,55.127172,On or near Bridge Street,E01027415,Northumberland 023B,Shoplifting,Investigation complete; no suspect identified,
876c749c167dfa5b0eb99265038cac502bfa85b85a42e29b150e43cd73eac313,2015-12,Surrey Police,Northumbria Police,-1.515422,55.126572,On or near Parking Area,E01027415,Northumberland 023B,Shoplifting,Under investigation,
613aa79d4554623c46e45986b229c91b0489e2e58631d62432af5a1d9879dd8e,2015-12,Surrey Police,Northumbria Police,-1.515422,55.126572,On or near Parking Area,E01027415,Northumberland 023B,Shoplifting,Suspect charged as part of another case,
c78ba0e92f8fd69f6dab102e26198abefe0f271b87f5c71f8b3854b9364aeaa6,2015-12,Surrey Police,Northumbria Police,-1.508463,55.127532,On or near Shopping Area,E01027415,Northumberland 023B,Shoplifting,Awaiting court outcome,
b4feb0f2cb802e310cd923dccc0cd1edff4a9d46e57b8f768e0837011e152623,2015-12,Surrey Police,Northumbria Police,-1.510661,55.127370,On or near Supermarket,E01027415,Northumberland 023B,Theft from the person,Investigation complete; no suspect identified,
17a2baa99360529b36f7cacf18df711703f966ab757d11cd41b79a399331a1bb,2015-12,Surrey Police,Northumbria Police,-1.510661,55.127370,On or near Supermarket,E01027415,Northumberland 023B,Theft from the person,Investigation complete; no suspect identified,
f4f755d30f1e251a9de3044199fd72325ecc8c91dc6fa9c676a4900068716a6f,2015-12,Surrey Police,Northumbria Police,-1.514290,55.126765,On or near Bowes Court,E01027415,Northumberland 023B,Vehicle crime,Investigation complete; no suspect identified,
27726f96bc022489b5dba5375934b45fa5d3d74e3f13f1c669dac3328361e613,2015-12,Surrey Police,Northumbria Police,-1.514557,55.124160,On or near Cypress Drive,E01027415,Northumberland 023B,Vehicle crime,Offender given community sentence,
5645accb26e40e8b31be78c29e695573c8e5921f45f265bb53e8120c595cc80a,2015-12,Surrey Police,Northumbria Police,-1.516660,55.125373,On or near Renwick Road,E01027415,Northumberland 023B,Violence and sexual offences,Investigation complete; no suspect identified,
8e951bd2994c25d75efc6fed958f41de25c5f246082bc35ef07fba2ae7b348fd,2015-12,Surrey Police,Northumbria Police,-1.509776,55.127879,On or near Simpson Street,E01027415,Northumberland 023B,Violence and sexual offences,Investigation complete; no suspect identified,
373617fe57857b641d01a805426dbae85c3b2d9f47f226d4cd9bd9f7125abf8c,2015-12,Surrey Police,Northumbria Police,-1.514475,55.129623,On or near Hall Terrace,E01027415,Northumberland 023B,Violence and sexual offences,Under investigation,
3945d5711bd6c246044173280a008feb9375fb00b76d8f88374cd25eff4f3028,2015-12,Surrey Police,Northumbria Police,-1.508463,55.127532,On or near Shopping Area,E01027415,Northumberland 023B,Violence and sexual offences,Awaiting court outcome,
0f2a211ab603151233b94048ebe9e0017a2cf1168e095805fedc9280985eb426,2015-12,Surrey Police,Northumbria Police,-1.512504,55.126668,On or near Parking Area,E01027415,Northumberland 023B,Violence and sexual offences,Under investigation,
d3982a65b986a61d5b359bb71c0733aa37763c9ef6c0c21270e88cee1ef98120,2015-12,Surrey Police,Northumbria Police,-1.514475,55.129623,On or near Hall Terrace,E01027415,Northumberland 023B,Violence and sexual offences,Investigation complete; no suspect identified,
c32c9669b52403bd120585cdfb83664ae2cedefbf9eae306270fd8a0add14774,2015-12,Surrey Police,Northumbria Police,-1.510565,55.130057,On or near Burt Street,E01027415,Northumberland 023B,Violence and sexual offences,Investigation complete; no suspect identified,
d3357aac65cc7eee8306ac8065c95d108ecd12ba93716ef5753c4a6fc6266634,2015-12,Surrey Police,Northumbria Police,-1.508279,55.127172,On or near Bridge Street,E01027415,Northumberland 023B,Violence and sexual offences,Under investigation,
0260279eccd39af2ee7f44d1e9b9dd152fe4851dc1abd98657ed08202720060c,2015-12,Surrey Police,Northumbria Police,-1.513859,55.123555,On or near Cypress Crescent,E01027415,Northumberland 023B,Violence and sexual offences,Under investigation,
e459d96555f3017aaaf15fad17ba0f06030a5cf025eb4f1b4e003d9f2eaad35f,2015-12,Surrey Police,Northumbria Police,-1.514475,55.129623,On or near Hall Terrace,E01027415,Northumberland 023B,Violence and sexual offences,Under investigation,
0a2ced4c1099bdeecb544e112b4ce794a2bb041337b422bc012a73b18be04362,2015-12,Surrey Police,Northumbria Police,-1.514475,55.129623,On or near Hall Terrace,E01027415,Northumberland 023B,Violence and sexual offences,Investigation complete; no suspect identified,
10f82cc33b7a63864bc45cb61721a8a8851c96aa317038e97ac148d91f630da6,2015-12,Surrey Police,Northumbria Police,-1.512504,55.126668,On or near Parking Area,E01027415,Northumberland 023B,Violence and sexual offences,Under investigation,
9096610deb3cfa94acbf9d87d477b476e0a60cb58a75b8993d0f21b250243bd1,2015-12,Surrey Police,Northumbria Police,-1.512504,55.126668,On or near Parking Area,E01027415,Northumberland 023B,Violence and sexual offences,Under investigation,
97c5bfe8a7de482d353e6aba06f1de4be728abcc348887e552ae41705e89db9f,2015-12,Surrey Police,Northumbria Police,-1.514475,55.129623,On or near Hall Terrace,E01027415,Northumberland 023B,Violence and sexual offences,Investigation complete; no suspect identified,
1df9c57fed3f90f1068e325a181e0cf718593a0db830bfd32dc80126e9b2ebaa,2015-12,Surrey Police,Northumbria Police,-1.509776,55.127879,On or near Simpson Street,E01027415,Northumberland 023B,Violence and sexual offences,Offender given a caution,
56c3f93e3d4d4328ff2a48a4da856e1b6e7bbb0e4dfac8886c30defdaded3d56,2015-12,Surrey Police,Northumbria Police,-1.512504,55.126668,On or near Parking Area,E01027415,Northumberland 023B,Violence and sexual offences,Investigation complete; no suspect identified,
30c2177354421ef905e3a7271143b12000db474e9a2fcc1d392ae260d209259b,2015-12,Surrey Police,Northumbria Police,-1.514299,55.128661,On or near Gatacre Street,E01027415,Northumberland 023B,Violence and sexual offences,Awaiting court outcome,
774bdf93be8cd91a76af2c4528f2c351fb24e239b0e0844b752664acac604ed2,2015-12,Surrey Police,Northumbria Police,-1.510661,55.127370,On or near Supermarket,E01027415,Northumberland 023B,Violence and sexual offences,Under investigation,
3c3570ab45c316d497f00dce6843200ff7424ffcafc38a77459a6ff67910b60d,2015-12,Surrey Police,Northumbria Police,-1.512504,55.126668,On or near Parking Area,E01027415,Northumberland 023B,Violence and sexual offences,Under investigation,
9974a005b6297dfaf7d20d07e3568881c339f3cab045cb1be939f2d626b1d90a,2015-12,Surrey Police,Northumbria Police,-1.512453,55.126991,On or near Parking Area,E01027415,Northumberland 023B,Other crime,Awaiting court outcome,
,2015-12,Surrey Police,Northumbria Police,-1.509259,55.121488,On or near George Street,E01027431,Northumberland 023C,Anti-social behaviour,,
,2015-12,Surrey Police,Northumbria Police,-1.517826,55.124865,On or near Charlton Street,E01027431,Northumberland 023C,Anti-social behaviour,,
,2015-12,Surrey Police,Northumbria Police,-1.507725,55.122479,On or near Parking Area,E01027431,Northumberland 023C,Anti-social behaviour,,
,2015-12,Surrey Police,Northumbria Police,-1.518031,55.126061,On or near Marlow Street,E01027431,Northumberland 023C,Anti-social behaviour,,
,2015-12,Surrey Police,Northumbria Police,-1.518031,55.126061,On or near Marlow Street,E01027431,Northumberland 023C,Anti-social behaviour,,
,2015-12,Surrey Police,Northumbria Police,-1.518760,55.122874,On or near Victoria Mews,E01027431,Northumberland 023C,Anti-social behaviour,,
,2015-12,Surrey Police,Northumbria Police,-1.507725,55.122479,On or near Parking Area,E01027431,Northumberland 023C,Anti-social behaviour,,
,2015-12,Surrey Police,Northumbria Police,-1.518125,55.124785,On or near Claremont Terrace,E01027431,Northumberland 023C,Anti-social behaviour,,
,2015-12,Surrey Police,Northumbria Police,-1.509259,55.121488,On or near George Street,E01027431,Northumberland 023C,Anti-social behaviour,,
,2015-12,Surrey Police,Northumbria Police,-1.518031,55.126061,On or near Marlow Street,E01027431,Northumberland 023C,Anti-social behaviour,,
,2015-12,Surrey Police,Northumbria Police,-1.518031,55.126061,On or near Marlow Street,E01027431,Northumberland 023C,Anti-social behaviour,,
,2015-12,Surrey Police,Northumbria Police,-1.518031,55.126061,On or near Marlow Street,E01027431,Northumberland 023C,Anti-social behaviour,,
618d3d61dc9ce8774c3c3f9dbddae708e037d80eaa65e0d69b4323bed6405281,2015-12,Surrey Police,Northumbria Police,-1.518125,55.124785,On or near Claremont Terrace,E01027431,Northumberland 023C,Criminal damage and arson,Investigation complete; no suspect identified,
a28218e3f842531ccdee87ab1d11c96497ef62df868ffb515931312a84dca461,2015-12,Surrey Police,Northumbria Police,-1.518125,55.124785,On or near Claremont Terrace,E01027431,Northumberland 023C,Criminal damage and arson,Under investigation,
1d74a2034c2aef4b62a6d8ad05328faccb039a6851d7207b0090e6d3913a744c,2015-12,Surrey Police,Northumbria Police,-1.507725,55.122479,On or near Parking Area,E01027431,Northumberland 023C,Criminal damage and arson,Investigation complete; no suspect identified,
688df7d02189f45bb920c6ba1c487d78c0f056d0fa4c4887ec18ca06ee507b4b,2015-12,Surrey Police,Northumbria Police,-1.507133,55.123447,On or near Croft Road,E01027431,Northumberland 023C,Criminal damage and arson,Under investigation,
9758e99cdc4315bbd58d885a289a80fdcb1fd46fdcd1be545546de7341ad65db,2015-12,Surrey Police,Northumbria Police,-1.516751,55.124277,On or near Rosebery Avenue,E01027431,Northumberland 023C,Criminal damage and arson,Under investigation,
bfb11afd02a3ac7e1eb7f94319ff2053538c0dd856a4ff815ec915bd2f54bed6,2015-12,Surrey Police,Northumbria Police,-1.518031,55.126061,On or near Marlow Street,E01027431,Northumberland 023C,Criminal damage and arson,Under investigation,
e2f231d9af04ea4b4925ce9c4ee615110148f4b8fe9d2cc4a604628279fea21a,2015-12,Surrey Police,Northumbria Police,-1.518031,55.126061,On or near Marlow Street,E01027431,Northumberland 023C,Public order,Under investigation,
c5923a09b4eb60cfb81fc3c92f0ff2e20fc4b68fe0f599dfe75eb750f8f2f158,2015-12,Surrey Police,Northumbria Police,-1.507725,55.122479,On or near Parking Area,E01027431,Northumberland 023C,Public order,Under investigation,
5a3dd2814715b7ee495bca352227781276e2a8f2f76e06d8723513c0af343b4d,2015-12,Surrey Police,Northumbria Police,-1.516751,55.124277,On or near Rosebery Avenue,E01027431,Northumberland 023C,Violence and sexual offences,Under investigation,
,2015-12,Surrey Police,Northumbria Police,-1.502231,55.117919,On or near Gordon Road,E01027441,Northumberland 023D,Anti-social behaviour,,
b05122feae12fd40038e82ac6fb428ed5e3f3a71d4339c4f8905c0fbb963bc2b,2015-12,Surrey Police,Northumbria Police,-1.500346,55.113193,On or near Links Road,E01027441,Northumberland 023D,Burglary,Under investigation,
5398bf1cf898c85e0cd09fb05d3882a379d90b386e0eb1727f453fdac0098b9c,2015-12,Surrey Police,Northumbria Police,-1.501683,55.111608,On or near Otus Grove,E01027441,Northumberland 023D,Burglary,Investigation complete; no suspect identified,
bfb6560670efff3e42da31c4f65369e42019f1977c2114f68197e3dc0c51949d,2015-12,Surrey Police,Northumbria Police,-1.500346,55.113193,On or near Links Road,E01027441,Northumberland 023D,Burglary,Under investigation,
ece8022d4866d88ddbcb3e193d6af9d0507487996bab6138e2e0bec09a92d6ef,2015-12,Surrey Police,Northumbria Police,-1.501566,55.117242,On or near Wolmer Road,E01027441,Northumberland 023D,Criminal damage and arson,Investigation complete; no suspect identified,
ab55752caff31957aa26eb78b3f13dbbf732009d35d5aff8c2d97323c438462f,2015-12,Surrey Police,Northumbria Police,-1.510311,55.118733,On or near Bohemia Terrace,E01027441,Northumberland 023D,Criminal damage and arson,Investigation complete; no suspect identified,
274efb17ee4a8f41ff234f4ee6b9e968452e9e61932aedc4d0ad9295dd80fb5f,2015-12,Surrey Police,Northumbria Police,-1.502179,55.118377,On or near Chamberlain Street,E01027441,Northumberland 023D,Drugs,Under investigation,
f6b158a9187fdea9df2cca014a4514f0c603177af329a56ea6cc6ae275efa22c,2015-12,Surrey Police,Northumbria Police,-1.501042,55.119010,On or near Wensleydale Terrace,E01027441,Northumberland 023D,Other theft,Investigation complete; no suspect identified,
28df8b2803c1602a6da899b4a66d8ab5c88a5a2b4fab01536c62c4039dfe11fd,2015-12,Surrey Police,Northumbria Police,-1.500346,55.113193,On or near Links Road,E01027441,Northumberland 023D,Vehicle crime,Investigation complete; no suspect identified,
274d8a9d6d7ab4763ad8c0a69fe52858892a8a2c2ec736b0c991b646289c76d0,2015-12,Surrey Police,Northumbria Police,-1.503168,55.119504,On or near Allendale Road,E01027441,Northumberland 023D,Violence and sexual offences,Under investigation,
872ff97a51279a9846a3a49f8a8d89c88d247b0bb671ce8280756f14c2af6f10,2015-12,Surrey Police,Northumbria Police,-1.501566,55.117242,On or near Wolmer Road,E01027441,Northumberland 023D,Violence and sexual offences,Under investigation,
b59d1114824e2ae5a8681c31e9a18abbb5b07af7006c86b4a2b233c78216cd48,2015-12,Surrey Police,Northumbria Police,-1.501566,55.117242,On or near Wolmer Road,E01027441,Northumberland 023D,Violence and sexual offences,Under investigation,
,2015-12,Surrey Police,Northumbria Police,-1.503932,55.127460,On or near Freehold Street,E01027442,Northumberland 023E,Anti-social behaviour,,
,2015-12,Surrey Police,Northumbria Police,-1.502090,55.120434,On or near Twizell Street,E01027442,Northumberland 023E,Anti-social behaviour,,
,2015-12,Surrey Police,Northumbria Police,-1.505650,55.128033,On or near Bus/Coach Station,E01027442,Northumberland 023E,Anti-social behaviour,,
,2015-12,Surrey Police,Northumbria Police,-1.505650,55.128033,On or near Bus/Coach Station,E01027442,Northumberland 023E,Anti-social behaviour,,
,2015-12,Surrey Police,Northumbria Police,-1.506190,55.127478,On or near Bridge Street,E01027442,Northumberland 023E,Anti-social behaviour,,
,2015-12,Surrey Police,Northumbria Police,-1.500485,55.125963,On or near Bath Lane,E01027442,Northumberland 023E,Anti-social behaviour,,
36b9d0375dfac0e84d5e964e4ebe2a535c2e5747ec91ae7cc86da7543bdb27bb,2015-12,Surrey Police,Northumbria Police,-1.505680,55.121788,On or near Millcroft Court,E01027442,Northumberland 023E,Bicycle theft,Under investigation,
02ce73c56d58f3020353c07ae66c8f4ac9db8bc82da175119353b4cc53b25a66,2015-12,Surrey Police,Northumbria Police,-1.500508,55.125334,On or near Bath Terrace,E01027442,Northumberland 023E,Burglary,Investigation complete; no suspect identified,
a9adaa04fe2d51ecbe57bb9b61e42a390012ff96c3b2071561eca517b0ebdbb1,2015-12,Surrey Police,Northumbria Police,-1.505352,55.126729,On or near Carlton Street,E01027442,Northumberland 023E,Criminal damage and arson,Investigation complete; no suspect identified,
76442688ebb11165db0de741484e7de0d403bc6eb47b4b497768b691c21f0e80,2015-12,Surrey Police,Northumbria Police,-1.501168,55.124007,On or near Park View,E01027442,Northumberland 023E,Criminal damage and arson,Investigation complete; no suspect identified,
04886f3f717bb9a17c9cbb400465c34551aed74a877a5945a14a1a21ef7251ca,2015-12,Surrey Police,Northumbria Police,-1.503932,55.127460,On or near Freehold Street,E01027442,Northumberland 023E,Drugs,Offender given community sentence,
3eaba198d3d264c95b21e37b9904da8178b08c49e89a1ca249e427199249e30e,2015-12,Surrey Police,Northumbria Police,-1.503520,55.125257,On or near Percy Street South,E01027442,Northumberland 023E,Other theft,Offender given a caution,
4134e34af168ad4a7d1f6ab1e13d55668c9aafab4d8e1b41ee9fd72a68cb975e,2015-12,Surrey Police,Northumbria Police,-1.503464,55.123441,On or near Park Road,E01027442,Northumberland 023E,Other theft,Investigation complete; no suspect identified,
e277a60aff23559ae2071ec35f30b73aea49f9c11cce995c4fc1de08ce81a65c,2015-12,Surrey Police,Northumbria Police,-1.503932,55.127460,On or near Freehold Street,E01027442,Northumberland 023E,Possession of weapons,Offender given community sentence,
9c434915e3d635a50a008a9d8f5d34a5b30d87070656c8d89cf28e18486b1743,2015-12,Surrey Police,Northumbria Police,-1.503932,55.127460,On or near Freehold Street,E01027442,Northumberland 023E,Public order,Investigation complete; no suspect identified,
eba2f854c8b9ba5c12927b98041fb9ac62d5ec300a9ca8196c820f67363d5167,2015-12,Surrey Police,Northumbria Police,-1.506190,55.127478,On or near Bridge Street,E01027442,Northumberland 023E,Public order,Under investigation,
928022c5c856d3a2ebbffa1088d83a9dc1dcc8cf02eda8a6cd166129af729b2d,2015-12,Surrey Police,Northumbria Police,-1.503932,55.127460,On or near Freehold Street,E01027442,Northumberland 023E,Public order,Investigation complete; no suspect identified,
9cc1baca9d46af67f37112017d67766146ca5f4ffaeab39b1ab39a233127bedf,2015-12,Surrey Police,Northumbria Police,-1.505650,55.128033,On or near Bus/Coach Station,E01027442,Northumberland 023E,Violence and sexual offences,Offender given a caution,
e987534ee0344a6c1d30c2be60591924978ea0354e1caac0823e70fae0508825,2015-12,Surrey Police,Northumbria Police,-1.503520,55.125257,On or near Percy Street South,E01027442,Northumberland 023E,Violence and sexual offences,Under investigation,
e2c9ba0a35380e7344bd7d8eeee301115ca630103796942be295ad87cff9ed1c,2015-12,Surrey Police,Northumbria Police,-1.503464,55.123441,On or near Park Road,E01027442,Northumberland 023E,Violence and sexual offences,Offender given a caution,
4b84ef82ff26a43a79ba2f0611fbb28563a5374fc773ac921e4c0ef51954ae63,2015-12,Surrey Police,Northumbria Police,-1.504942,55.125667,On or near Stanley Street,E01027442,Northumberland 023E,Violence and sexual offences,Under investigation,
5223581e6ea42c76bdda1c3806770c98c4e3c6a9ee7d822f780fe710cf8c43b1,2015-12,Surrey Police,Northumbria Police,-1.506190,55.127478,On or near Bridge Street,E01027442,Northumberland 023E,Violence and sexual offences,Awaiting court outcome,
1d6ae8dba1c40d4bd07be0fa3214a79f020dbf62cca1bcf57c4a7a30720ebf9b,2015-12,Surrey Police,Northumbria Police,-1.503932,55.127460,On or near Freehold Street,E01027442,Northumberland 023E,Violence and sexual offences,Under investigation,
,2015-12,Surrey Police,Northumbria Police,-1.523735,55.129040,On or near Walton Avenue,E01027391,Northumberland 024A,Anti-social behaviour,,
,2015-12,Surrey Police,Northumbria Police,-1.526469,55.129985,On or near Temple Avenue,E01027391,Northumberland 024A,Anti-social behaviour,,
,2015-12,Surrey Police,Northumbria Police,-1.526469,55.129985,On or near Temple Avenue,E01027391,Northumberland 024A,Anti-social behaviour,,
,2015-12,Surrey Police,Northumbria Police,-1.529389,55.128325,On or near King'S Gardens,E01027391,Northumberland 024A,Anti-social behaviour,,
,2015-12,Surrey Police,Northumbria Police,-1.526469,55.129985,On or near Temple Avenue,E01027391,Northumberland 024A,Anti-social behaviour,,
4b1cd9d689422282aa9bb18336dc092b9196bb4b3fbcc8e89ffac9f49dba791d,2015-12,Surrey Police,Northumbria Police,-1.526469,55.129985,On or near Temple Avenue,E01027391,Northumberland 024A,Burglary,Under investigation,
e3025f7c6924342ea99e96101d78876cb070d88e3c12fc86d44287584f44c479,2015-12,Surrey Police,Northumbria Police,-1.527093,55.127606,On or near Duke'S Gardens,E01027391,Northumberland 024A,Burglary,Under investigation,
9fc9abb84482ccc183bfdd810b678544700c445dc2bc966515174f0163110ec1,2015-12,Surrey Police,Northumbria Police,-1.523735,55.129040,On or near Walton Avenue,E01027391,Northumberland 024A,Criminal damage and arson,Investigation complete; no suspect identified,
fdfa4482ab875596a04dfc2eb3c1acbcec3b9462e1c49280a4af168d49b17cd9,2015-12,Surrey Police,Northumbria Police,-1.522188,55.127281,On or near Shopping Area,E01027391,Northumberland 024A,Other theft,Under investigation,
937f9700dd8307507b9a39e2be064aa80b474be64b10c6215b361da20b807f7f,2015-12,Surrey Police,Northumbria Police,-1.529389,55.128325,On or near King'S Gardens,E01027391,Northumberland 024A,Other theft,Investigation complete; no suspect identified,
6f214e75064c40e9680a2b9708f94e330cac3669f7e419a166307fc44fba90d4,2015-12,Surrey Police,Northumbria Police,-1.522023,55.127955,On or near Supermarket,E01027391,Northumberland 024A,Shoplifting,Investigation complete; no suspect identified,
df045dc635bab495e9408fe53b4e85f26fb1574d4c1eeae84fcd81ffd920221e,2015-12,Surrey Police,Northumbria Police,-1.522023,55.127955,On or near Supermarket,E01027391,Northumberland 024A,Shoplifting,Under investigation,
618dc68202a16d6336e14c5ddb7b3077f13fe29329ef9c1c9fd4881aad10e0dd,2015-12,Surrey Police,Northumbria Police,-1.527093,55.127606,On or near Duke'S Gardens,E01027391,Northumberland 024A,Vehicle crime,Investigation complete; no suspect identified,
e2a8b2785d8a820eef3f6d4e04dff831feea4c6c8fd6f307356c8bdd9c83e7be,2015-12,Surrey Police,Northumbria Police,-1.529389,55.128325,On or near King'S Gardens,E01027391,Northumberland 024A,Violence and sexual offences,Awaiting court outcome,
,2015-12,Surrey Police,Northumbria Police,-1.528216,55.121410,On or near Fallow Park Avenue,E01027422,Northumberland 024B,Anti-social behaviour,,
,2015-12,Surrey Police,Northumbria Police,-1.528080,55.121023,On or near Isabella Road,E01027422,Northumberland 024B,Anti-social behaviour,,
,2015-12,Surrey Police,Northumbria Police,-1.525637,55.118075,On or near Wordsworth Avenue,E01027422,Northumberland 024B,Anti-social behaviour,,
,2015-12,Surrey Police,Northumbria Police,-1.525637,55.118075,On or near Wordsworth Avenue,E01027422,Northumberland 024B,Anti-social behaviour,,
,2015-12,Surrey Police,Northumbria Police,-1.523994,55.119138,On or near Newsham Road,E01027422,Northumberland 024B,Anti-social behaviour,,
,2015-12,Surrey Police,Northumbria Police,-1.527300,55.116680,On or near Shelley Crescent,E01027422,Northumberland 024B,Anti-social behaviour,,
,2015-12,Surrey Police,Northumbria Police,-1.523994,55.119138,On or near Newsham Road,E01027422,Northumberland 024B,Anti-social behaviour,,
,2015-12,Surrey Police,Northumbria Police,-1.522768,55.122018,On or near Kendal Avenue,E01027422,Northumberland 024B,Anti-social behaviour,,
,2015-12,Surrey Police,Northumbria Police,-1.526804,55.118826,On or near Southend Avenue,E01027422,Northumberland 024B,Anti-social behaviour,,
,2015-12,Surrey Police,Northumbria Police,-1.525637,55.118075,On or near Wordsworth Avenue,E01027422,Northumberland 024B,Anti-social behaviour,,
,2015-12,Surrey Police,Northumbria Police,-1.525637,55.118075,On or near Wordsworth Avenue,E01027422,Northumberland 024B,Anti-social behaviour,,
,2015-12,Surrey Police,Northumbria Police,-1.525637,55.118075,On or near Wordsworth Avenue,E01027422,Northumberland 024B,Anti-social behaviour,,
,2015-12,Surrey Police,Northumbria Police,-1.529869,55.119565,On or near West Court,E01027422,Northumberland 024B,Anti-social behaviour,,
,2015-12,Surrey Police,Northumbria Police,-1.525637,55.118075,On or near Wordsworth Avenue,E01027422,Northumberland 024B,Anti-social behaviour,,
,2015-12,Surrey Police,Northumbria Police,-1.523994,55.119138,On or near Newsham Road,E01027422,Northumberland 024B,Anti-social behaviour,,
,2015-12,Surrey Police,Northumbria Police,-1.528216,55.121410,On or near Fallow Park Avenue,E01027422,Northumberland 024B,Anti-social behaviour,,
,2015-12,Surrey Police,Northumbria Police,-1.528216,55.121410,On or near Fallow Park Avenue,E01027422,Northumberland 024B,Anti-social behaviour,,
,2015-12,Surrey Police,Northumbria Police,-1.527300,55.116680,On or near Shelley Crescent,E01027422,Northumberland 024B,Anti-social behaviour,,
,2015-12,Surrey Police,Northumbria Police,-1.523994,55.119138,On or near Newsham Road,E01027422,Northumberland 024B,Anti-social behaviour,,
5a4935660e127e61dbfafc18d44d44fa44d7f6aee95a5594e8c5c200330a8e89,2015-12,Surrey Police,Northumbria Police,-1.525637,55.118075,On or near Wordsworth Avenue,E01027422,Northumberland 024B,Criminal damage and arson,Under investigation,
0e64f51c2ab2dd3a79928950a2f927d1dd14dec2f65f910b47a403662c375e9a,2015-12,Surrey Police,Northumbria Police,-1.527300,55.116680,On or near Shelley Crescent,E01027422,Northumberland 024B,Criminal damage and arson,Investigation complete; no suspect identified,
a99d966b98ee545176f1ced284fcfe44698b0c6dc31576efd0708cc2ce66a320,2015-12,Surrey Police,Northumbria Police,-1.525637,55.118075,On or near Wordsworth Avenue,E01027422,Northumberland 024B,Criminal damage and arson,Investigation complete; no suspect identified,
7fe82b2405d8d44167693de79948af664c38398dc51dbd3e6f009b68ed800ea2,2015-12,Surrey Police,Northumbria Police,-1.523994,55.119138,On or near Newsham Road,E01027422,Northumberland 024B,Other theft,Under investigation,
730b867ac68f7bcf82acd0c4ff9ee625e9982563c208ee1001ebfdc7dc94e641,2015-12,Surrey Police,Northumbria Police,-1.523994,55.119138,On or near Newsham Road,E01027422,Northumberland 024B,Other theft,Investigation complete; no suspect identified,
321663b5e056a298c68c8e7af0122ed5f0cc30a1848684af4f596a7eeb662430,2015-12,Surrey Police,Northumbria Police,-1.523994,55.119138,On or near Newsham Road,E01027422,Northumberland 024B,Public order,Investigation complete; no suspect identified,
caf90497067cf05287f1f6d159ede79c56bb636b3e74454773f96912a081d815,2015-12,Surrey Police,Northumbria Police,-1.525637,55.118075,On or near Wordsworth Avenue,E01027422,Northumberland 024B,Shoplifting,Investigation complete; no suspect identified,
9cd364d2405707565b12bfa9d55edf8e77ddb7211d5ad353a756c229694e865a,2015-12,Surrey Police,Northumbria Police,-1.527472,55.118010,On or near Byron Avenue,E01027422,Northumberland 024B,Violence and sexual offences,Under investigation,
7b3e7ecadb3bbcfbdc1896a5e9eab3097aeb001be3cb5053231e2a727f6854fe,2015-12,Surrey Police,Northumbria Police,-1.523994,55.119138,On or near Newsham Road,E01027422,Northumberland 024B,Violence and sexual offences,Offender given community sentence,
,2015-12,Surrey Police,Northumbria Police,-1.525310,55.125883,On or near Bamburgh Close,E01027423,Northumberland 024C,Anti-social behaviour,,
,2015-12,Surrey Police,Northumbria Police,-1.519646,55.126121,On or near Bolam Avenue,E01027423,Northumberland 024C,Anti-social behaviour,,
,2015-12,Surrey Police,Northumbria Police,-1.527440,55.124714,On or near Cambo Close,E01027423,Northumberland 024C,Anti-social behaviour,,
,2015-12,Surrey Police,Northumbria Police,-1.525310,55.125883,On or near Bamburgh Close,E01027423,Northumberland 024C,Anti-social behaviour,,
,2015-12,Surrey Police,Northumbria Police,-1.525310,55.125883,On or near Bamburgh Close,E01027423,Northumberland 024C,Anti-social behaviour,,
,2015-12,Surrey Police,Northumbria Police,-1.527440,55.124714,On or near Cambo Close,E01027423,Northumberland 024C,Anti-social behaviour,,
,2015-12,Surrey Police,Northumbria Police,-1.525310,55.125883,On or near Bamburgh Close,E01027423,Northumberland 024C,Anti-social behaviour,,
1b90ec408003a9f15da7378ec5c41b410e44f52836b0f22e4ed675a874ab4a92,2015-12,Surrey Police,Northumbria Police,-1.525310,55.125883,On or near Bamburgh Close,E01027423,Northumberland 024C,Burglary,Investigation complete; no suspect identified,
740cffc6c90d124dcffb94cb22e8b0012a36e45215bb9ded67a12d6441b28a57,2015-12,Surrey Police,Northumbria Police,-1.519646,55.126121,On or near Bolam Avenue,E01027423,Northumberland 024C,Burglary,Investigation complete; no suspect identified,
483a41fc3b8219685b820dfb588c79811bf455eef288381605c235da1e8e8ec6,2015-12,Surrey Police,Northumbria Police,-1.531831,55.126088,On or near Dene View Drive,E01027423,Northumberland 024C,Criminal damage and arson,Investigation complete; no suspect identified,
3b5f17f480f0634db30442529adbd414f3228e4940da19b798fa9c6eb118506a,2015-12,Surrey Police,Northumbria Police,-1.525310,55.125883,On or near Bamburgh Close,E01027423,Northumberland 024C,Criminal damage and arson,Investigation complete; no suspect identified,
4b643b1a243368ae5152bab91c73da1344e28102c018b8c77bf124526167af3d,2015-12,Surrey Police,Northumbria Police,-1.531831,55.126088,On or near Dene View Drive,E01027423,Northumberland 024C,Criminal damage and arson,Investigation complete; no suspect identified,
130da8bed1691a7cff9aae6c19c5b97b12084afa25064c4b57615978085f42d5,2015-12,Surrey Police,Northumbria Police,-1.525310,55.125883,On or near Bamburgh Close,E01027423,Northumberland 024C,Other theft,Investigation complete; no suspect identified,
ba2feb5c2bc3409e8cbeb2cd285a37c2224a3166d8a053d066ffabbc98d96516,2015-12,Surrey Police,Northumbria Police,-1.519646,55.126121,On or near Bolam Avenue,E01027423,Northumberland 024C,Public order,Under investigation,
ab947b3abf0f6e094e3881ed8544f8c2f65ac90f36eee8f142fa413a93d63431,2015-12,Surrey Police,Northumbria Police,-1.531831,55.126088,On or near Dene View Drive,E01027423,Northumberland 024C,Violence and sexual offences,Under investigation,
,2015-12,Surrey Police,Northumbria Police,-1.520568,55.121111,On or near Second Avenue,E01027429,Northumberland 024D,Anti-social behaviour,,
,2015-12,Surrey Police,Northumbria Police,-1.520568,55.121111,On or near Second Avenue,E01027429,Northumberland 024D,Anti-social behaviour,,
,2015-12,Surrey Police,Northumbria Police,-1.514699,55.117682,On or near Sports/Recreation Area,E01027429,Northumberland 024D,Anti-social behaviour,,
,2015-12,Surrey Police,Northumbria Police,-1.515713,55.120696,On or near Rowan Court,E01027429,Northumberland 024D,Anti-social behaviour,,
,2015-12,Surrey Police,Northumbria Police,-1.515713,55.120696,On or near Rowan Court,E01027429,Northumberland 024D,Anti-social behaviour,,
9aeac917a671167d6ab6ca20a1e8d82e50dbdef93e3f08bb6bf9a631ae643823,2015-12,Surrey Police,Northumbria Police,-1.509795,55.121229,On or near Coronation Street,E01027429,Northumberland 024D,Criminal damage and arson,Investigation complete; no suspect identified,
8c062df8710261e044cc38cecbe7413fbd7261b748b866670ffbd2de2a3c46b5,2015-12,Surrey Police,Northumbria Police,-1.519045,55.119972,On or near Jubilee Court,E01027429,Northumberland 024D,Public order,Under investigation,
95019b51d9345b5b8e06e15e0d72931aa3978c704ae6d41fb3d6c243a83fa454,2015-12,Surrey Police,Northumbria Police,-1.518440,55.119485,On or near Sixth Avenue,E01027429,Northumberland 024D,Shoplifting,Under investigation,
d0c7ea57633c79225b1f1e440c419fc817e4071e0b7c6fe1c84a75b02e6af6f8,2015-12,Surrey Police,Northumbria Police,-1.517812,55.118233,On or near Twelfth Avenue,E01027429,Northumberland 024D,Violence and sexual offences,Offender given community sentence,
38af888b6d018936f24ea2b55f04d374c7e88ae6b92c4ba1e314f774e04357c3,2015-12,Surrey Police,Northumbria Police,-1.520568,55.121111,On or near Second Avenue,E01027429,Northumberland 024D,Violence and sexual offences,Under investigation,
9bbc1094be1bd0f72b14bbace82b6c91dbc4a279bead4a45a00e9134fdda7945,2015-12,Surrey Police,Northumbria Police,-1.517812,55.118233,On or near Twelfth Avenue,E01027429,Northumberland 024D,Violence and sexual offences,Offender fined,
d8adc0365b7ed653f00b15cad3ba0c59c4bdd48294b0e995b89b13be5313c4b9,2015-12,Surrey Police,Northumbria Police,-1.519045,55.119972,On or near Jubilee Court,E01027429,Northumberland 024D,Other crime,Under investigation,
,2015-12,Surrey Police,Northumbria Police,-1.521318,55.113475,On or near Barras Avenue West,E01027430,Northumberland 024E,Anti-social behaviour,,
,2015-12,Surrey Police,Northumbria Police,-1.521677,55.118850,On or near Eighth Avenue,E01027430,Northumberland 024E,Anti-social behaviour,,
,2015-12,Surrey Police,Northumbria Police,-1.523923,55.113270,On or near Petrol Station,E01027430,Northumberland 024E,Anti-social behaviour,,
,2015-12,Surrey Police,Northumbria Police,-1.521318,55.113475,On or near Barras Avenue West,E01027430,Northumberland 024E,Anti-social behaviour,,
,2015-12,Surrey Police,Northumbria Police,-1.524014,55.116128,On or near Twentieth Avenue,E01027430,Northumberland 024E,Anti-social behaviour,,
,2015-12,Surrey Police,Northumbria Police,-1.524014,55.116128,On or near Twentieth Avenue,E01027430,Northumberland 024E,Anti-social behaviour,,
5aca7df657ed07b928dcb388752452296f3560f5b178912ea6cfcfbabd5d4857,2015-12,Surrey Police,Northumbria Police,-1.522791,55.114811,On or near Eighteenth Avenue,E01027430,Northumberland 024E,Burglary,Investigation complete; no suspect identified,
aa575d4dd1d5b4030d044864a897a9c55df34d404804f9d2b9ca7c2bb77e8e4c,2015-12,Surrey Police,Northumbria Police,-1.524083,55.112947,On or near East Drive,E01027430,Northumberland 024E,Criminal damage and arson,Investigation complete; no suspect identified,
2792049eb90915c57eba811a1d511b5cb4296fce6199d29c1a5036040108bc3d,2015-12,Surrey Police,Northumbria Police,-1.521677,55.118850,On or near Eighth Avenue,E01027430,Northumberland 024E,Criminal damage and arson,Under investigation,
0e6923f10cae3ab01c21cae1013b15d281865ac362b819e68eb45af02755d8a5,2015-12,Surrey Police,Northumbria Police,-1.525592,55.112611,On or near West Drive,E01027430,Northumberland 024E,Vehicle crime,Investigation complete; no suspect identified,
5b91408159d4f7b0e0a2e6b301017f54a1b7162bb7a9f4c1c0ec657779d42a1f,2015-12,Surrey Police,Northumbria Police,-1.521677,55.118850,On or near Eighth Avenue,E01027430,Northumberland 024E,Violence and sexual offences,Under investigation,
3c07f9f4fd275e72f3a0980a8d277ba23c10f90de792e986be6ba4d0cd286eac,2015-12,Surrey Police,Northumbria Police,-1.520613,55.118720,On or near Fourteenth Avenue,E01027430,Northumberland 024E,Violence and sexual offences,Under investigation,
,2015-12,Surrey Police,Northumbria Police,-1.544083,55.122935,On or near Wettondale Avenue,E01027425,Northumberland 025A,Anti-social behaviour,,
,2015-12,Surrey Police,Northumbria Police,-1.549847,55.126245,On or near Inglewood Close,E01027425,Northumberland 025A,Anti-social behaviour,,
,2015-12,Surrey Police,Northumbria Police,-1.542958,55.123946,On or near Lynndale Avenue,E01027425,Northumberland 025A,Anti-social behaviour,,
,2015-12,Surrey Police,Northumbria Police,-1.549939,55.125069,On or near Humford Green,E01027425,Northumberland 025A,Anti-social behaviour,,
,2015-12,Surrey Police,Northumbria Police,-1.544487,55.121840,On or near Monkdale Avenue,E01027425,Northumberland 025A,Anti-social behaviour,,
,2015-12,Surrey Police,Northumbria Police,-1.549847,55.126245,On or near Inglewood Close,E01027425,Northumberland 025A,Anti-social behaviour,,
,2015-12,Surrey Police,Northumbria Police,-1.539020,55.122718,On or near Tynedale Drive,E01027425,Northumberland 025A,Anti-social behaviour,,
,2015-12,Surrey Police,Northumbria Police,-1.549847,55.126245,On or near Inglewood Close,E01027425,Northumberland 025A,Anti-social behaviour,,
,2015-12,Surrey Police,Northumbria Police,-1.543074,55.123390,On or near Swaledale Avenue,E01027425,Northumberland 025A,Anti-social behaviour,,
,2015-12,Surrey Police,Northumbria Police,-1.540910,55.123346,On or near Kingsdale Avenue,E01027425,Northumberland 025A,Anti-social behaviour,,
2ac2fc9231e3fcfdc6563a012a6e45acefeeadb3e3003f6e1614d844142b4707,2015-12,Surrey Police,Northumbria Police,-1.543141,55.125789,On or near Tynedale Drive,E01027425,Northumberland 025A,Burglary,Under investigation,
fae0505e931400b93cb97d0693102e898a62a16b2c06e741414209f6b0b4fa9e,2015-12,Surrey Police,Northumbria Police,-1.561745,55.126630,On or near Front Street,E01027425,Northumberland 025A,Burglary,Under investigation,
f3ada00248e2a784928c535aff738661387bcb47338f72ceb8e0edfc3960c05b,2015-12,Surrey Police,Northumbria Police,-1.553158,55.128899,On or near Bells Close,E01027425,Northumberland 025A,Burglary,Investigation complete; no suspect identified,
a2e4898ad7d28c4698de9bee68f14976acc8753079e56ed2d9c1e8fe6431147a,2015-12,Surrey Police,Northumbria Police,-1.540910,55.123346,On or near Kingsdale Avenue,E01027425,Northumberland 025A,Burglary,Investigation complete; no suspect identified,
d3a7bcf596cd6c005c7d88e217aafd357a8ca13396e093011c3b5073a32149a3,2015-12,Surrey Police,Northumbria Police,-1.543074,55.123390,On or near Swaledale Avenue,E01027425,Northumberland 025A,Criminal damage and arson,Investigation complete; no suspect identified,
9d00cf40848d9dec72aac07819f14ad5cb915024c772d7db8e2c7fa70aacac6f,2015-12,Surrey Police,Northumbria Police,-1.539020,55.122718,On or near Tynedale Drive,E01027425,Northumberland 025A,Criminal damage and arson,Investigation complete; no suspect identified,
d80005c3bcfae9f9b35d56988d35aeb250d76b3b6158a6931ecd683e46cb47c4,2015-12,Surrey Police,Northumbria Police,-1.558171,55.127992,On or near Petrol Station,E01027425,Northumberland 025A,Criminal damage and arson,Investigation complete; no suspect identified,
636c657b5a9784dabe20e7c42adec1d69346e175702f87db77ea967960db787e,2015-12,Surrey Police,Northumbria Police,-1.540910,55.123346,On or near Kingsdale Avenue,E01027425,Northumberland 025A,Criminal damage and arson,Investigation complete; no suspect identified,
8b929d25b3a599c26521a8625917db42b36ada329ad4af79c75e1b44714cbd6f,2015-12,Surrey Police,Northumbria Police,-1.549847,55.126245,On or near Inglewood Close,E01027425,Northumberland 025A,Criminal damage and arson,Under investigation,
eda1d3b3b5d169aeeb2162204331a1e060a6bb836577a480d4a642a82a7dd4cf,2015-12,Surrey Police,Northumbria Police,-1.554497,55.126945,On or near Supermarket,E01027425,Northumberland 025A,Other theft,Investigation complete; no suspect identified,
964c1560728157e20f772e21f081fbe606fd28af51ff44cc8255d832c4756542,2015-12,Surrey Police,Northumbria Police,-1.543074,55.123390,On or near Swaledale Avenue,E01027425,Northumberland 025A,Public order,Investigation complete; no suspect identified,
581f4292e9e03884bc80904b8f874d19320b23db5a364f5749bd58ff8e45f11f,2015-12,Surrey Police,Northumbria Police,-1.554497,55.126945,On or near Supermarket,E01027425,Northumberland 025A,Shoplifting,Investigation complete; no suspect identified,
9ddcdd247e010c04b082afa8e68364a4080469708df4800b98e0a6f660ec9f98,2015-12,Surrey Police,Northumbria Police,-1.554497,55.126945,On or near Supermarket,E01027425,Northumberland 025A,Shoplifting,Offender given a caution,
5cb075cc0c7028792ef6e346f2eb597b8ce079fffcdb09ec2107f418e8c8ea7b,2015-12,Surrey Police,Northumbria Police,-1.554497,55.126945,On or near Supermarket,E01027425,Northumberland 025A,Shoplifting,Investigation complete; no suspect identified,
c7b9e3f72145b443192a9ba923f7159ba88927225ae41cbaab69e274df2a7586,2015-12,Surrey Police,Northumbria Police,-1.554497,55.126945,On or near Supermarket,E01027425,Northumberland 025A,Shoplifting,Investigation complete; no suspect identified,
2248588d9b40cca776f6b979d38b2e5adfa4837569bd62ae91ba11b49aac40e2,2015-12,Surrey Police,Northumbria Police,-1.554497,55.126945,On or near Supermarket,E01027425,Northumberland 025A,Shoplifting,Investigation complete; no suspect identified,
99305684f5172cde098be4633bd2d5862fb9d4dc76f11d8d071f8fbfba8a14c4,2015-12,Surrey Police,Northumbria Police,-1.554497,55.126945,On or near Supermarket,E01027425,Northumberland 025A,Shoplifting,Offender given conditional discharge,
c1349a22c64fa21e26ab7f4d890c4ae1295031e19040fb61c0788770896a6961,2015-12,Surrey Police,Northumbria Police,-1.543074,55.123390,On or near Swaledale Avenue,E01027425,Northumberland 025A,Violence and sexual offences,Under investigation,
,2015-12,Surrey Police,Northumbria Police,-1.530134,55.106339,On or near Cottingwood Green,E01027426,Northumberland 025B,Anti-social behaviour,,
,2015-12,Surrey Police,Northumbria Police,-1.531994,55.109437,On or near Horton Place,E01027426,Northumberland 025B,Anti-social behaviour,,
,2015-12,Surrey Police,Northumbria Police,-1.530134,55.106339,On or near Cottingwood Green,E01027426,Northumberland 025B,Anti-social behaviour,,
,2015-12,Surrey Police,Northumbria Police,-1.530134,55.106339,On or near Cottingwood Green,E01027426,Northumberland 025B,Anti-social behaviour,,
,2015-12,Surrey Police,Northumbria Police,-1.532077,55.110354,On or near St Bedes Place,E01027426,Northumberland 025B,Anti-social behaviour,,
,2015-12,Surrey Police,Northumbria Police,-1.531994,55.109437,On or near Horton Place,E01027426,Northumberland 025B,Anti-social behaviour,,
,2015-12,Surrey Police,Northumbria Police,-1.533024,55.108480,On or near The Oval,E01027426,Northumberland 025B,Anti-social behaviour,,
,2015-12,Surrey Police,Northumbria Police,-1.533024,55.108480,On or near The Oval,E01027426,Northumberland 025B,Anti-social behaviour,,
,2015-12,Surrey Police,Northumbria Police,-1.530134,55.106339,On or near Cottingwood Green,E01027426,Northumberland 025B,Anti-social behaviour,,
,2015-12,Surrey Police,Northumbria Police,-1.530134,55.106339,On or near Cottingwood Green,E01027426,Northumberland 025B,Anti-social behaviour,,
,2015-12,Surrey Police,Northumbria Police,-1.530134,55.106339,On or near Cottingwood Green,E01027426,Northumberland 025B,Anti-social behaviour,,
,2015-12,Surrey Police,Northumbria Police,-1.533024,55.108480,On or near The Oval,E01027426,Northumberland 025B,Anti-social behaviour,,
,2015-12,Surrey Police,Northumbria Police,-1.530134,55.106339,On or near Cottingwood Green,E01027426,Northumberland 025B,Anti-social behaviour,,
,2015-12,Surrey Police,Northumbria Police,-1.531994,55.109437,On or near Horton Place,E01027426,Northumberland 025B,Anti-social behaviour,,
527a26cdaf281b75afd03e35cbd1cbdaa1bb2a93851e8421d595f8a9c705a0d3,2015-12,Surrey Police,Northumbria Police,-1.533856,55.107063,On or near Etal Road,E01027426,Northumberland 025B,Criminal damage and arson,Investigation complete; no suspect identified,
3fdb8b54118b87cc772d1febdd728c0e6b82a5dad2ed433acec894d7a43132db,2015-12,Surrey Police,Northumbria Police,-1.531994,55.109437,On or near Horton Place,E01027426,Northumberland 025B,Other theft,Under investigation,
7981395fb2da385a56d1803227c1886aa3762702aedbda5107ba20e9e1a8c82a,2015-12,Surrey Police,Northumbria Police,-1.533856,55.107063,On or near Etal Road,E01027426,Northumberland 025B,Public order,Offender given a caution,
565bd8fe72cc1bb8e90381748ef77f448fe274a1d3c66215e407e8a05eebc838,2015-12,Surrey Police,Northumbria Police,-1.533856,55.107063,On or near Etal Road,E01027426,Northumberland 025B,Public order,Offender given a caution,
cba7dce86219702e627235962775ac617b2f4edf4d6506ebe3839209f88b4e04,2015-12,Surrey Police,Northumbria Police,-1.533856,55.107063,On or near Etal Road,E01027426,Northumberland 025B,Public order,Under investigation,
49ea943c37824fe5db6450c4a4f1d4654f57d49d396d2aec0e62982378631d82,2015-12,Surrey Police,Northumbria Police,-1.530134,55.106339,On or near Cottingwood Green,E01027426,Northumberland 025B,Violence and sexual offences,Under investigation,
2d21fd2895240a3d43bbb43c21b6029a204aaf7510c6df78697ad79643a72b5a,2015-12,Surrey Police,Northumbria Police,-1.536030,55.106047,On or near Laverock Hall Road,E01027426,Northumberland 025B,Violence and sexual offences,Under investigation,
da5a919b2088b3f8dbb1eb20c4287dc6b5ee0765babd23185a10b0438812e386,2015-12,Surrey Police,Northumbria Police,-1.533856,55.107063,On or near Etal Road,E01027426,Northumberland 025B,Violence and sexual offences,Awaiting court outcome,
816491d6e0f7fc81c8439c7f8abba35f252dab843d66b7c01aa9770880c15f8d,2015-12,Surrey Police,Northumbria Police,-1.536030,55.106047,On or near Laverock Hall Road,E01027426,Northumberland 025B,Violence and sexual offences,Awaiting court outcome,
4b2bd5d58488d3c4b5b0836d07d14b481b5c8f8a8e7e2d4a059a4034ce4f74db,2015-12,Surrey Police,Northumbria Police,-1.527985,55.105081,On or near South Newsham Road,E01027426,Northumberland 025B,Violence and sexual offences,Investigation complete; no suspect identified,
2f21427d47ee27bca02e93e67e05437d3aef4fb32383c108a89944c9160b5636,2015-12,Surrey Police,Northumbria Police,-1.533856,55.107063,On or near Etal Road,E01027426,Northumberland 025B,Other crime,Under investigation,
,2015-12,Surrey Police,Northumbria Police,-1.530306,55.113043,On or near Winship Street,E01027427,Northumberland 025C,Anti-social behaviour,,
,2015-12,Surrey Police,Northumbria Police,-1.529189,55.111996,On or near Plessey Road,E01027427,Northumberland 025C,Anti-social behaviour,,
,2015-12,Surrey Police,Northumbria Police,-1.530306,55.113043,On or near Winship Street,E01027427,Northumberland 025C,Anti-social behaviour,,
,2015-12,Surrey Police,Northumbria Police,-1.531236,55.111249,On or near Supermarket,E01027427,Northumberland 025C,Anti-social behaviour,,
,2015-12,Surrey Police,Northumbria Police,-1.532605,55.112144,On or near Delaval Gardens,E01027427,Northumberland 025C,Anti-social behaviour,,
,2015-12,Surrey Police,Northumbria Police,-1.533655,55.109461,On or near Park Drive,E01027427,Northumberland 025C,Anti-social behaviour,,
,2015-12,Surrey Police,Northumbria Police,-1.529767,55.112205,On or near Carr Street,E01027427,Northumberland 025C,Anti-social behaviour,,
,2015-12,Surrey Police,Northumbria Police,-1.533737,55.110549,On or near St Bedes Road,E01027427,Northumberland 025C,Anti-social behaviour,,
,2015-12,Surrey Police,Northumbria Police,-1.531236,55.111249,On or near Supermarket,E01027427,Northumberland 025C,Anti-social behaviour,,
,2015-12,Surrey Police,Northumbria Police,-1.532605,55.112144,On or near Delaval Gardens,E01027427,Northumberland 025C,Anti-social behaviour,,
,2015-12,Surrey Police,Northumbria Police,-1.531236,55.111249,On or near Supermarket,E01027427,Northumberland 025C,Anti-social behaviour,,
,2015-12,Surrey Police,Northumbria Police,-1.531236,55.111249,On or near Supermarket,E01027427,Northumberland 025C,Anti-social behaviour,,
,2015-12,Surrey Police,Northumbria Police,-1.533737,55.110549,On or near St Bedes Road,E01027427,Northumberland 025C,Anti-social behaviour,,
e2bc93354791628187e7413fc3e8d86ea5844619848f17711feb80e3f549b873,2015-12,Surrey Police,Northumbria Police,-1.564767,55.105425,On or near A192,E01027427,Northumberland 025C,Burglary,Investigation complete; no suspect identified,
4408895999a57c972025b3e5fb5c9ab5b4a2b05fede669a735ccd63eef8c4c99,2015-12,Surrey Police,Northumbria Police,-1.564767,55.105425,On or near A192,E01027427,Northumberland 025C,Burglary,Investigation complete; no suspect identified,
dc6ba94a3980a8f7b585e5e26bab39a8193a71ea39bfbb55a9ec1f8dcd2b7d5d,2015-12,Surrey Police,Northumbria Police,-1.532605,55.112144,On or near Delaval Gardens,E01027427,Northumberland 025C,Burglary,Investigation complete; no suspect identified,
85033d3aced50e4fdee19570d76ab9c210a3bff14bb0ffab59d715bc65879735,2015-12,Surrey Police,Northumbria Police,-1.532605,55.112144,On or near Delaval Gardens,E01027427,Northumberland 025C,Criminal damage and arson,Investigation complete; no suspect identified,
09dec605d86f11f5151c5c3dade32aa831f91f34e6df838448fe70524585ca5d,2015-12,Surrey Police,Northumbria Police,-1.530306,55.113043,On or near Winship Street,E01027427,Northumberland 025C,Criminal damage and arson,Investigation complete; no suspect identified,
dd51155cf05a8626d7b83efd0fb4c4d383599a487df0a4ab6a4b335a671cc9cf,2015-12,Surrey Police,Northumbria Police,-1.531236,55.111249,On or near Supermarket,E01027427,Northumberland 025C,Criminal damage and arson,Investigation complete; no suspect identified,
d0db204bf9aa35caf88374a1e6e6252e376636fac24cd66cb8b7176106c5a699,2015-12,Surrey Police,Northumbria Police,-1.530306,55.113043,On or near Winship Street,E01027427,Northumberland 025C,Criminal damage and arson,Investigation complete; no suspect identified,
f3cad3224e1ee343a4703137353f76e9a48eb0884f9162bdfb2eec1ca4f56d97,2015-12,Surrey Police,Northumbria Police,-1.531236,55.111249,On or near Supermarket,E01027427,Northumberland 025C,Criminal damage and arson,Under investigation,
4a278229a75efb87f6aec79fb9b04f7e1bfb6e251b860a32f9890097285e838e,2015-12,Surrey Police,Northumbria Police,-1.530306,55.113043,On or near Winship Street,E01027427,Northumberland 025C,Criminal damage and arson,Investigation complete; no suspect identified,
420d2796b113ce03405080b2918c5d5f59b17600bfaa4ea694b3fdfc56722e2a,2015-12,Surrey Police,Northumbria Police,-1.529767,55.112205,On or near Carr Street,E01027427,Northumberland 025C,Criminal damage and arson,Investigation complete; no suspect identified,
6af7f13dcc96a7aa70257ae75c2af6b02f0d2c8dac3b474ea9600197c6c4eca3,2015-12,Surrey Police,Northumbria Police,-1.530379,55.109503,On or near Newcastle Road,E01027427,Northumberland 025C,Criminal damage and arson,Investigation complete; no suspect identified,
2490039f01ab0d935ac59b1b297ebc53b148cc8e45eede891e7a17ef5d4c0638,2015-12,Surrey Police,Northumbria Police,-1.533655,55.109461,On or near Park Drive,E01027427,Northumberland 025C,Criminal damage and arson,Under investigation,
1a9a0b5ad0d766f42d9615541f3ed14bffb0c77608a026964294749b148cee04,2015-12,Surrey Police,Northumbria Police,-1.531236,55.111249,On or near Supermarket,E01027427,Northumberland 025C,Drugs,Offender given a drugs possession warning,
9b8235b698b6439a5fb741ff5c0e815fadfea5822b6c420d2b6216f0eb224953,2015-12,Surrey Police,Northumbria Police,-1.529189,55.111996,On or near Plessey Road,E01027427,Northumberland 025C,Drugs,Under investigation,
7af4a84dfd562d8969b4baecb4135b294fbd304cf6b8bb81ab5f78fe1ae6e532,2015-12,Surrey Police,Northumbria Police,-1.530642,55.115102,On or near Holystone Avenue,E01027427,Northumberland 025C,Other theft,Investigation complete; no suspect identified,
7d9ad41e6eb920c126862d07e653f45a12b2af72e36f3ec001cb3a19c72b3794,2015-12,Surrey Police,Northumbria Police,-1.528933,55.112472,On or near Carrside Mews,E01027427,Northumberland 025C,Other theft,Under investigation,
19c9017f643d4936ecb89c133f6210e74f817952fdea597493711931c45fde00,2015-12,Surrey Police,Northumbria Police,-1.531236,55.111249,On or near Supermarket,E01027427,Northumberland 025C,Public order,Local resolution,
bfd06e3c15aa702ef51540251891d02b7d5de623b460d64890c1eccd8c3aa2ba,2015-12,Surrey Police,Northumbria Police,-1.531236,55.111249,On or near Supermarket,E01027427,Northumberland 025C,Shoplifting,Investigation complete; no suspect identified,
87d67c0a315b884b2d151ac4b5caf5e92efb0c9c6957fd8b45c2c6235b0e1afa,2015-12,Surrey Police,Northumbria Police,-1.531236,55.111249,On or near Supermarket,E01027427,Northumberland 025C,Shoplifting,Investigation complete; no suspect identified,
3a524b563bb9db29ee2f3fbef0ac0724e298141969b8f9428b1b5da4f157d91d,2015-12,Surrey Police,Northumbria Police,-1.531236,55.111249,On or near Supermarket,E01027427,Northumberland 025C,Shoplifting,Offender ordered to pay compensation,
d06189434403292ac2ecc9154c246f67a90eb19b6f59cd862fb7dd0e17cbd61c,2015-12,Surrey Police,Northumbria Police,-1.531236,55.111249,On or near Supermarket,E01027427,Northumberland 025C,Shoplifting,Under investigation,
a3be5b148cd37e577c3f1a44eb8605abcf173d2d446c0c26d9ffd40a4fe1dfc4,2015-12,Surrey Police,Northumbria Police,-1.531236,55.111249,On or near Supermarket,E01027427,Northumberland 025C,Shoplifting,Under investigation,
ce8189d2ece6bb9018624d4da064a388b0e8c476f7713da4f48247ab0c6ef528,2015-12,Surrey Police,Northumbria Police,-1.530477,55.110438,On or near Cramlington Terrace,E01027427,Northumberland 025C,Violence and sexual offences,Investigation complete; no suspect identified,
f1190067035c7350dd3122960a651ed244bca72157c7cfc390c5e1e2e306bf82,2015-12,Surrey Police,Northumbria Police,-1.531236,55.111249,On or near Supermarket,E01027427,Northumberland 025C,Violence and sexual offences,Under investigation,
7a535e1b3f02c036dfc7fe9a9b4eb736bf2da8b6942581ce714375309a7b92e2,2015-12,Surrey Police,Northumbria Police,-1.529477,55.114244,On or near Wharton Street,E01027427,Northumberland 025C,Violence and sexual offences,Under investigation,
19d1014ba2839088b145b971787a89a818061f9b75decc90df416f2f78bc44f7,2015-12,Surrey Police,Northumbria Police,-1.531236,55.111249,On or near Supermarket,E01027427,Northumberland 025C,Violence and sexual offences,Investigation complete; no suspect identified,
e55c599d51cb14a9829672e3b86e2e512f59dfb2053c42c97d731e3c9419590c,2015-12,Surrey Police,Northumbria Police,-1.531236,55.111249,On or near Supermarket,E01027427,Northumberland 025C,Violence and sexual offences,Under investigation,
,2015-12,Surrey Police,Northumbria Police,-1.531015,55.115391,On or near Holystone Close,E01027428,Northumberland 025D,Anti-social behaviour,,
,2015-12,Surrey Police,Northumbria Police,-1.528937,55.116174,On or near Thropton Avenue,E01027428,Northumberland 025D,Anti-social behaviour,,
,2015-12,Surrey Police,Northumbria Police,-1.531015,55.115391,On or near Holystone Close,E01027428,Northumberland 025D,Anti-social behaviour,,
,2015-12,Surrey Police,Northumbria Police,-1.528937,55.116174,On or near Thropton Avenue,E01027428,Northumberland 025D,Anti-social behaviour,,
f810140eb1bcf3f702739c31391c78a4fd4da87976373306e559056be385e1bc,2015-12,Surrey Police,Northumbria Police,-1.528937,55.116174,On or near Thropton Avenue,E01027428,Northumberland 025D,Criminal damage and arson,Investigation complete; no suspect identified,
369d4216c58f64d004a0aa12b157c683157a0ec522dc4b37c2a0694824d5179b,2015-12,Surrey Police,Northumbria Police,-1.528937,55.116174,On or near Thropton Avenue,E01027428,Northumberland 025D,Violence and sexual offences,Investigation complete; no suspect identified,
07f2699be2e8bc108be90d4f6545a256f0729f19fa950613cccf24adbba20c7b,2015-12,Surrey Police,Northumbria Police,-1.528937,55.116174,On or near Thropton Avenue,E01027428,Northumberland 025D,Violence and sexual offences,Offender given a caution,
adcd3573def2268f6d20b7ae06c992beebd00886e8d58520e827516ac224418b,2015-12,Surrey Police,Northumbria Police,-1.517919,55.110631,On or near Garasdale Close,E01027437,Northumberland 026A,Burglary,Under investigation,
55be1254eabd4252bba08820230e79fa59334e999fb33db32187a85e7d466529,2015-12,Surrey Police,Northumbria Police,-1.506546,55.112554,On or near Kingfisher Way,E01027438,Northumberland 026B,Other theft,Investigation complete; no suspect identified,
db14457a395fcee6ac036565f6b0597ff8147d384ed575c50dfa63c18c7399a1,2015-12,Surrey Police,Northumbria Police,-1.511105,55.115376,On or near Amberley Way,E01027438,Northumberland 026B,Vehicle crime,Investigation complete; no suspect identified,
719801755118d0bbdc5910fe76e3536b5ede2ddb60919bb9fd9a0abbe7c40086,2015-12,Surrey Police,Northumbria Police,-1.512324,55.114428,On or near Bexhill Square,E01027438,Northumberland 026B,Violence and sexual offences,Offender given a caution,
,2015-12,Surrey Police,Northumbria Police,-1.524294,55.107062,On or near Hadrian Road,E01027439,Northumberland 026C,Anti-social behaviour,,
eab3d94a966f39f32692162c08db6a68d69e4523a298cf72418af762e830cd4e,2015-12,Surrey Police,Northumbria Police,-1.524294,55.107062,On or near Hadrian Road,E01027439,Northumberland 026C,Criminal damage and arson,Under investigation,
5db9f3d7b2fc260b7699f1fb4561356a786499656d11fe5057afc0225734b2ed,2015-12,Surrey Police,Northumbria Police,-1.524294,55.107062,On or near Hadrian Road,E01027439,Northumberland 026C,Criminal damage and arson,Under investigation,
,2015-12,Surrey Police,Northumbria Police,-1.501517,55.102253,On or near Sports/Recreation Area,E01027440,Northumberland 026D,Anti-social behaviour,,
,2015-12,Surrey Police,Northumbria Police,-1.508099,55.108696,On or near Eider Close,E01027440,Northumberland 026D,Anti-social behaviour,,
,2015-12,Surrey Police,Northumbria Police,-1.501517,55.102253,On or near Sports/Recreation Area,E01027440,Northumberland 026D,Anti-social behaviour,,
8703bd9c3a159ae3fecabd82028c6f9122f1413b22d47b3289b5253aa8add11a,2015-12,Surrey Police,Northumbria Police,-1.508099,55.108696,On or near Eider Close,E01027440,Northumberland 026D,Criminal damage and arson,Investigation complete; no suspect identified,
45a821d07d40990d991b16db5cb219ac79b4d883408bd64d84983cec436faed8,2015-12,Surrey Police,Northumbria Police,-1.508099,55.108696,On or near Eider Close,E01027440,Northumberland 026D,Other theft,Investigation complete; no suspect identified,
521525228379dff9e6158f179fc60296ffa8be6c7ad4709be362569cc05fa256,2015-12,Surrey Police,Northumbria Police,-1.508099,55.108696,On or near Eider Close,E01027440,Northumberland 026D,Violence and sexual offences,Awaiting court outcome,
,2015-12,Surrey Police,Northumbria Police,-1.583335,55.099873,On or near Gilsland Grove,E01027401,Northumberland 027B,Anti-social behaviour,,
934e283fc62e1c91d47793d450caeebe0b38ecfc0bea67a1b0e2799ff05f9265,2015-12,Surrey Police,Northumbria Police,-1.578639,55.096389,On or near Sports/Recreation Area,E01027401,Northumberland 027B,Violence and sexual offences,Under investigation,
7d575a035478ededb0dc8d5195e85b46495e0fd0870c20acb6b16c860fa14a95,2015-12,Surrey Police,Northumbria Police,-1.587972,55.101597,On or near Delamere Crescent,E01027402,Northumberland 027C,Violence and sexual offences,Under investigation,
,2015-12,Surrey Police,Northumbria Police,-1.571193,55.080520,On or near Brownrigg Drive,E01027395,Northumberland 028A,Anti-social behaviour,,
,2015-12,Surrey Police,Northumbria Police,-1.574662,55.081368,On or near Clifton Road,E01027395,Northumberland 028A,Anti-social behaviour,,
,2015-12,Surrey Police,Northumbria Police,-1.562237,55.078754,On or near Weldon Road,E01027395,Northumberland 028A,Anti-social behaviour,,
,2015-12,Surrey Police,Northumbria Police,-1.562237,55.078754,On or near Weldon Road,E01027395,Northumberland 028A,Anti-social behaviour,,
,2015-12,Surrey Police,Northumbria Police,-1.566615,55.079516,On or near Beech Avenue,E01027395,Northumberland 028A,Anti-social behaviour,,
,2015-12,Surrey Police,Northumbria Police,-1.566615,55.079516,On or near Beech Avenue,E01027395,Northumberland 028A,Anti-social behaviour,,
,2015-12,Surrey Police,Northumbria Police,-1.562237,55.078754,On or near Weldon Road,E01027395,Northumberland 028A,Anti-social behaviour,,
4a53fc613ef350af20e728c8819b4d65fba42493df6d6c2c301a40f307fb9ff1,2015-12,Surrey Police,Northumbria Police,-1.576614,55.080431,On or near Coldbeck Court,E01027395,Northumberland 028A,Other theft,Under investigation,
e5c365851d1589dc08262dfcc3a5b5eede4384a361af2b47cbf18cb54f1eaeb4,2015-12,Surrey Police,Northumbria Police,-1.576614,55.080431,On or near Coldbeck Court,E01027395,Northumberland 028A,Public order,Under investigation,
f32ca09220819e09a593de4682f85375c20a974635cb35ddeeea219fcf0319cb,2015-12,Surrey Police,Northumbria Police,-1.576614,55.080431,On or near Coldbeck Court,E01027395,Northumberland 028A,Public order,Under investigation,
b0ed6e695dc1b8c4ecdbc2707d66daee51ccc2ef6e980cbba56930bd99f10a7e,2015-12,Surrey Police,Northumbria Police,-1.558574,55.078606,On or near B1326,E01027395,Northumberland 028A,Public order,Awaiting court outcome,
50d9dfd52ffeeab18af92c50f17ae7cd08552db653e6273a343995df97b21169,2015-12,Surrey Police,Northumbria Police,-1.562237,55.078754,On or near Weldon Road,E01027395,Northumberland 028A,Public order,Awaiting court outcome,
7cff176d9e8b357e9c4bc425e6f51b2270ac6d8f946cd8886d98831244ee4e83,2015-12,Surrey Police,Northumbria Police,-1.574662,55.081368,On or near Clifton Road,E01027395,Northumberland 028A,Vehicle crime,Under investigation,
ad3eb91269926e4d16ccf72921e03219d1c8e2316b06573a47d2d0ced950dad9,2015-12,Surrey Police,Northumbria Police,-1.562237,55.078754,On or near Weldon Road,E01027395,Northumberland 028A,Violence and sexual offences,Under investigation,
d9827b0bc8d02018c2d70942ed5e6b10ef9a7bdab75b325cf10fc936e4a79c3e,2015-12,Surrey Police,Northumbria Police,-1.568296,55.083350,On or near Sea View Park,E01027395,Northumberland 028A,Violence and sexual offences,Under investigation,
9a60b24553721114be70c1f893e391e14fe58a4687cc93c0bc8b8e3e2032cfce,2015-12,Surrey Police,Northumbria Police,-1.566615,55.079516,On or near Beech Avenue,E01027395,Northumberland 028A,Other crime,Under investigation,
,2015-12,Surrey Police,Northumbria Police,-1.572823,55.086376,On or near Torwood Court,E01027396,Northumberland 028B,Anti-social behaviour,,
f66475a027c07191a2f19fb117657ce006886cf58263686a1cfb4294a3275ac2,2015-12,Surrey Police,Northumbria Police,-1.572823,55.086376,On or near Torwood Court,E01027396,Northumberland 028B,Criminal damage and arson,Investigation complete; no suspect identified,
2113199abcad6c4eadd4d2c907e57b7872fbe776528adf84ecf4afdb79411212,2015-12,Surrey Police,Northumbria Police,-1.572823,55.086376,On or near Torwood Court,E01027396,Northumberland 028B,Criminal damage and arson,Investigation complete; no suspect identified,
,2015-12,Surrey Police,Northumbria Police,-1.573729,55.082201,On or near Brinkburn Avenue,E01027397,Northumberland 028C,Anti-social behaviour,,
,2015-12,Surrey Police,Northumbria Police,-1.573729,55.082201,On or near Brinkburn Avenue,E01027397,Northumberland 028C,Anti-social behaviour,,
,2015-12,Surrey Police,Northumbria Police,-1.571755,55.082176,On or near Barrasford Road,E01027397,Northumberland 028C,Anti-social behaviour,,
,2015-12,Surrey Police,Northumbria Police,-1.569627,55.083453,On or near Village Road,E01027397,Northumberland 028C,Anti-social behaviour,,
9d14497045260cad04ad362d5c87efa2e8a78c4ec83d5d2676a99e89e9cd325d,2015-12,Surrey Police,Northumbria Police,-1.571755,55.082176,On or near Barrasford Road,E01027397,Northumberland 028C,Criminal damage and arson,Investigation complete; no suspect identified,
bbe2c6018aea164c68677768eceb832313708cb753dd4ddcd4ebbc1791194ee1,2015-12,Surrey Police,Northumbria Police,-1.571755,55.082176,On or near Barrasford Road,E01027397,Northumberland 028C,Public order,Investigation complete; no suspect identified,
60295648c16b93546ed020b208a207c2def566711caceccd44b66566733a69e1,2015-12,Surrey Police,Northumbria Police,-1.579771,55.082563,On or near Northumbrian Road,E01027397,Northumberland 028C,Vehicle crime,Awaiting court outcome,
01d9f621506782526f491fd4a18ddc08079fe8ff46340e4d96ae1e3182bd4a72,2015-12,Surrey Police,Northumbria Police,-1.579771,55.082563,On or near Northumbrian Road,E01027397,Northumberland 028C,Violence and sexual offences,Awaiting court outcome,
658fa2782ed666239e4973e6c580e798b2f5c041c66e054dc92bde81897804cd,2015-12,Surrey Police,Northumbria Police,-1.571755,55.082176,On or near Barrasford Road,E01027397,Northumberland 028C,Violence and sexual offences,Under investigation,
2bb227f4028d8de63ead8d8911022486374bdd3074a504ac0c770c0e47e3e33e,2015-12,Surrey Police,Northumbria Police,-1.571834,55.085051,On or near Mayfield Avenue,E01027397,Northumberland 028C,Violence and sexual offences,Under investigation,
66013249a1180109f2ac8b830ee6e305bfb4da87b4d9d86fe034d4e7e89b61ae,2015-12,Surrey Police,Northumbria Police,-1.571834,55.085051,On or near Mayfield Avenue,E01027397,Northumberland 028C,Violence and sexual offences,Under investigation,
156cb5523550dd07a7321210feb0705727f356a671edc52b3ccdec66cc7e53a6,2015-12,Surrey Police,Northumbria Police,-1.569627,55.083453,On or near Village Road,E01027397,Northumberland 028C,Other crime,Defendant sent to Crown Court,
,2015-12,Surrey Police,Northumbria Police,-1.571591,55.091646,On or near Humsford Grove,E01027399,Northumberland 028D,Anti-social behaviour,,
,2015-12,Surrey Police,Northumbria Police,-1.570053,55.088981,On or near Oxted Close,E01027399,Northumberland 028D,Anti-social behaviour,,
5ad432cb1a52b28529b22b66a374a7fab8b5e1eec415ae4e0339bfbc57e48209,2015-12,Surrey Police,Northumbria Police,-1.574140,55.092186,On or near Kirkbride Place,E01027399,Northumberland 028D,Burglary,Under investigation,
ca8888a46fc59ebba1a3eba84ada74dae9e1b3735715f859cc247896a96e9970,2015-12,Surrey Police,Northumbria Police,-1.572672,55.090248,On or near Hayton Close,E01027399,Northumberland 028D,Criminal damage and arson,Investigation complete; no suspect identified,
18ef3a5e7ec76d955e2d54c4c75d336ed72034d2bf11d5d5c07d5ca60e5a569f,2015-12,Surrey Police,Northumbria Police,-1.570053,55.088981,On or near Oxted Close,E01027399,Northumberland 028D,Violence and sexual offences,Under investigation,
,2015-12,Surrey Police,Northumbria Police,-1.584951,55.089159,On or near Nairn Road,E01027404,Northumberland 028E,Anti-social behaviour,,
,2015-12,Surrey Police,Northumbria Police,-1.585999,55.090825,On or near Newlyn Drive,E01027404,Northumberland 028E,Anti-social behaviour,,
,2015-12,Surrey Police,Northumbria Police,-1.593883,55.087427,On or near Station Road,E01027404,Northumberland 028E,Anti-social behaviour,,
,2015-12,Surrey Police,Northumbria Police,-1.584242,55.095590,On or near Supermarket,E01027404,Northumberland 028E,Anti-social behaviour,,
102f7ee19ded3c9a291ae3716e51c876dd26c28dc5bdd8df6fd973c206e1217b,2015-12,Surrey Police,Northumbria Police,-1.585999,55.090825,On or near Newlyn Drive,E01027404,Northumberland 028E,Burglary,Investigation complete; no suspect identified,
9d5508e38a83b13420c93eed51272a50a16df5c2a13dcf51a0ead53864cbcb3e,2015-12,Surrey Police,Northumbria Police,-1.585999,55.090825,On or near Newlyn Drive,E01027404,Northumberland 028E,Burglary,Investigation complete; no suspect identified,
c0e4243f1c6a6622561b40b75b4298231c468d9ed9568c4847e70ca9d9c77252,2015-12,Surrey Police,Northumbria Police,-1.583299,55.092837,On or near Farnborough Close,E01027404,Northumberland 028E,Criminal damage and arson,Investigation complete; no suspect identified,
3e8bf094f7813c9694d61640bce8be06b9f9232aeb17234263436102758c8080,2015-12,Surrey Police,Northumbria Police,-1.585999,55.090825,On or near Newlyn Drive,E01027404,Northumberland 028E,Criminal damage and arson,Under investigation,
8a94efb4465126d3fc970fc6307df3eaf80ffa952d79b07f68dcea9984f8b703,2015-12,Surrey Police,Northumbria Police,-1.583669,55.093432,On or near Faversham Place,E01027404,Northumberland 028E,Criminal damage and arson,Awaiting court outcome,
a24aa4e61a107cf665c33ba05580c758b34aa8a16722ad0c0aa0fdf1f907a50e,2015-12,Surrey Police,Northumbria Police,-1.593883,55.087427,On or near Station Road,E01027404,Northumberland 028E,Other theft,Investigation complete; no suspect identified,
55b8243b25279e3708333b505610d5354b39d9a66e5015a5f815842aa8834d63,2015-12,Surrey Police,Northumbria Police,-1.584242,55.095590,On or near Supermarket,E01027404,Northumberland 028E,Public order,Under investigation,
8facc9cf82a05fb0fe4cc8fcc3bf31e513e8e3301e30a4ad1e4411d649ea83a0,2015-12,Surrey Police,Northumbria Police,-1.583593,55.091670,On or near Filey Close,E01027404,Northumberland 028E,Public order,Under investigation,
4501c890a4b784e2d4832103e935891327b05f53c47d296959ae84a24f34db45,2015-12,Surrey Police,Northumbria Police,-1.584242,55.095590,On or near Supermarket,E01027404,Northumberland 028E,Shoplifting,Under investigation,
1aae94f4ed3da47f91c3002e38968b0e43ff8f0eff1930464f43606934f648c0,2015-12,Surrey Police,Northumbria Police,-1.593883,55.087427,On or near Station Road,E01027404,Northumberland 028E,Shoplifting,Under investigation,
3176bd9c3400d6dce39758b203a839decbe09829df37ab8ef5b1d0e95e8a4c84,2015-12,Surrey Police,Northumbria Police,-1.583669,55.093432,On or near Faversham Place,E01027404,Northumberland 028E,Violence and sexual offences,Awaiting court outcome,
df37816451a92c0d5d932a7829b3aa616563ed5b96f97eb7cc120794f43812a9,2015-12,Surrey Police,Northumbria Police,-1.585999,55.090825,On or near Newlyn Drive,E01027404,Northumberland 028E,Violence and sexual offences,Under investigation,
270ced998a0f63ec6592ef43b8425a8b8c06bfec4766067ac442c8890045134e,2015-12,Surrey Police,Northumbria Police,-1.585999,55.090825,On or near Newlyn Drive,E01027404,Northumberland 028E,Violence and sexual offences,Under investigation,
,2015-12,Surrey Police,Northumbria Police,-1.574494,55.089823,On or near Pentridge Close,E01027405,Northumberland 028F,Anti-social behaviour,,
,2015-12,Surrey Police,Northumbria Police,-1.577144,55.091019,On or near Pedestrian Subway,E01027405,Northumberland 028F,Anti-social behaviour,,
23a800bc245a7c9a2d09bc6299f7e09366580139c703651115832d817e561c3f,2015-12,Surrey Police,Northumbria Police,-1.574344,55.090650,On or near Portland Gardens,E01027405,Northumberland 028F,Burglary,Investigation complete; no suspect identified,
8d46393cd36b885cae0e1d85dc581eeaaa5e615040ebd7fae4f9f1edef33c345,2015-12,Surrey Police,Northumbria Police,-1.577144,55.091019,On or near Pedestrian Subway,E01027405,Northumberland 028F,Vehicle crime,Investigation complete; no suspect identified,
ab1a24391e5db053a6d12c1b26ef9adb2df5e0bb144aff0e695a35752b8929bc,2015-12,Surrey Police,Northumbria Police,-1.577144,55.091019,On or near Pedestrian Subway,E01027405,Northumberland 028F,Violence and sexual offences,Under investigation,
,2015-12,Surrey Police,Northumbria Police,-1.570223,55.096494,On or near Axminster Close,E01027398,Northumberland 029A,Anti-social behaviour,,
,2015-12,Surrey Police,Northumbria Police,-1.582344,55.104732,On or near Sports/Recreation Area,E01027398,Northumberland 029A,Anti-social behaviour,,
,2015-12,Surrey Police,Northumbria Police,-1.582344,55.104732,On or near Sports/Recreation Area,E01027398,Northumberland 029A,Anti-social behaviour,,
,2015-12,Surrey Police,Northumbria Police,-1.571515,55.098754,On or near Pedestrian Subway,E01027398,Northumberland 029A,Anti-social behaviour,,
,2015-12,Surrey Police,Northumbria Police,-1.570223,55.096494,On or near Axminster Close,E01027398,Northumberland 029A,Anti-social behaviour,,
,2015-12,Surrey Police,Northumbria Police,-1.570011,55.097257,On or near Alderley Way,E01027398,Northumberland 029A,Anti-social behaviour,,
34e1e9a8ba4f403341dc8f06e6741b7563e1e1d6f0ea35deeab2e196adc904b0,2015-12,Surrey Police,Northumbria Police,-1.570668,55.097358,On or near Abingdon Square,E01027398,Northumberland 029A,Burglary,Investigation complete; no suspect identified,
ba3b495bc0adc3d9eb872ffe3bbe2aeddb486c7114b954aed4545a7036dd41ed,2015-12,Surrey Police,Northumbria Police,-1.581038,55.106794,On or near Scott Street,E01027398,Northumberland 029A,Burglary,Investigation complete; no suspect identified,
8bac4c6fa0c95250fdbd68cb4297ba77035c97c0e75e79d5f5505e2b88ff7a6c,2015-12,Surrey Police,Northumbria Police,-1.570011,55.097257,On or near Alderley Way,E01027398,Northumberland 029A,Criminal damage and arson,Investigation complete; no suspect identified,
ec5413ce56c4d49c98e585f4fae0a8f9360841057103106cc759b1b9c89fd217,2015-12,Surrey Police,Northumbria Police,-1.582344,55.104732,On or near Sports/Recreation Area,E01027398,Northumberland 029A,Violence and sexual offences,Under investigation,
5c354564665748a7336c990873aa4798cc8fa128816f2cdf5a74ea7be6278436,2015-12,Surrey Police,Northumbria Police,-1.570011,55.097257,On or near Alderley Way,E01027398,Northumberland 029A,Violence and sexual offences,Under investigation,
67fcc34f9c7deb922127ef25830ab958dd5935229bc5d01c2d3b80b1281a874f,2015-12,Surrey Police,Northumbria Police,-1.582344,55.104732,On or near Sports/Recreation Area,E01027398,Northumberland 029A,Violence and sexual offences,Under investigation,
99fce507f8fad1a6175c0dc035020059e7eac2147975f5485714c56f3682abb5,2015-12,Surrey Police,Northumbria Police,-1.571866,55.093813,On or near Broomylinn Place,E01027398,Northumberland 029A,Violence and sexual offences,Investigation complete; no suspect identified,
db5ee01f73fef297a656fe3a53702dbb47fb8f0b2c85df77b75fd90ab7d7e6d0,2015-12,Surrey Police,Northumbria Police,-1.570011,55.097257,On or near Alderley Way,E01027398,Northumberland 029A,Violence and sexual offences,Offender sent to prison,
63286e34453ea8f8d3e7407ccc6e3f17ee9d986477b18524e0c9f3eaed9111a4,2015-12,Surrey Police,Northumbria Police,-1.570011,55.097257,On or near Alderley Way,E01027398,Northumberland 029A,Violence and sexual offences,Investigation complete; no suspect identified,
de503b47ee2cd4d465f89513d001831fce28e1d402380b5d933ed0924a31a0bf,2015-12,Surrey Police,Northumbria Police,-1.570011,55.097257,On or near Alderley Way,E01027398,Northumberland 029A,Violence and sexual offences,Investigation complete; no suspect identified,
c8e4b0bf8c7fc9fb782edcd7c8e6936e77440fd56750885167f184994ddef0d8,2015-12,Surrey Police,Northumbria Police,-1.568652,55.099768,On or near Albion Way,E01027398,Northumberland 029A,Violence and sexual offences,Investigation complete; no suspect identified,
d7988b6693c325047d2b2280d5d051feb2583e135e18a21f01685c5e7ac738e4,2015-12,Surrey Police,Northumbria Police,-1.568652,55.099768,On or near Albion Way,E01027398,Northumberland 029A,Violence and sexual offences,Investigation complete; no suspect identified,
a550e62d96a36d2d52fccda26cdd56970107070a186bbbbb8c514c5144e70ffc,2015-12,Surrey Police,Northumbria Police,-1.568564,55.100703,On or near Allonby Mews,E01027398,Northumberland 029A,Violence and sexual offences,Offender given a caution,
,2015-12,Surrey Police,Northumbria Police,-1.581478,55.085651,On or near East View Avenue,E01027409,Northumberland 029B,Anti-social behaviour,,
,2015-12,Surrey Police,Northumbria Police,-1.584056,55.086262,On or near Church Street,E01027409,Northumberland 029B,Anti-social behaviour,,
,2015-12,Surrey Police,Northumbria Police,-1.588844,55.085371,On or near Shopping Area,E01027409,Northumberland 029B,Anti-social behaviour,,
,2015-12,Surrey Police,Northumbria Police,-1.581478,55.085651,On or near East View Avenue,E01027409,Northumberland 029B,Anti-social behaviour,,
,2015-12,Surrey Police,Northumbria Police,-1.584056,55.086262,On or near Church Street,E01027409,Northumberland 029B,Anti-social behaviour,,
,2015-12,Surrey Police,Northumbria Police,-1.582386,55.087173,On or near Parking Area,E01027409,Northumberland 029B,Anti-social behaviour,,
,2015-12,Surrey Police,Northumbria Police,-1.588853,55.084463,On or near Parking Area,E01027409,Northumberland 029B,Anti-social behaviour,,
,2015-12,Surrey Police,Northumbria Police,-1.578282,55.087096,On or near Pedestrian Subway,E01027409,Northumberland 029B,Anti-social behaviour,,
,2015-12,Surrey Police,Northumbria Police,-1.588853,55.084463,On or near Parking Area,E01027409,Northumberland 029B,Anti-social behaviour,,
6086e8a0f3859133dc7bf0a363f0989c92840c35051221a1c6aaee992da0d58b,2015-12,Surrey Police,Northumbria Police,-1.582386,55.087173,On or near Parking Area,E01027409,Northumberland 029B,Burglary,Investigation complete; no suspect identified,
bff91f3f6cdac58f11c3957570a66b9db8956286f11b069a2cea00278505ec02,2015-12,Surrey Police,Northumbria Police,-1.588853,55.084463,On or near Parking Area,E01027409,Northumberland 029B,Criminal damage and arson,Investigation complete; no suspect identified,
0e1347097e562a89f941405a4034503a083b1592729cd97f0484146a731fce16,2015-12,Surrey Police,Northumbria Police,-1.578282,55.087096,On or near Pedestrian Subway,E01027409,Northumberland 029B,Criminal damage and arson,Investigation complete; no suspect identified,
88f52b1535a57890d1ae0b7f581aa6a34235329c37e3a0a353db57b11a46f0da,2015-12,Surrey Police,Northumbria Police,-1.584056,55.086262,On or near Church Street,E01027409,Northumberland 029B,Criminal damage and arson,Awaiting court outcome,
6430b15e8ac9aa32690f682ddad573ae2ef42b0321a8a5688902b800e30af63e,2015-12,Surrey Police,Northumbria Police,-1.580993,55.085587,On or near South View Place,E01027409,Northumberland 029B,Criminal damage and arson,Under investigation,
2d349ecf5b0d86f8f19c7550a8eeb2b1fc213e6b50e0d9497f97da33c3f034c6,2015-12,Surrey Police,Northumbria Police,-1.588844,55.085371,On or near Shopping Area,E01027409,Northumberland 029B,Public order,Under investigation,
356ce8ae75ef2ba429774ee9f8da893b15f96507b3a4bc8a37141eb8dab39565,2015-12,Surrey Police,Northumbria Police,-1.588844,55.085371,On or near Shopping Area,E01027409,Northumberland 029B,Public order,Under investigation,
06e348ca62e702b29ebd2d5ad01c655c9b4ce8149004c5d706570fe5184182fd,2015-12,Surrey Police,Northumbria Police,-1.588853,55.084463,On or near Parking Area,E01027409,Northumberland 029B,Public order,Under investigation,
dc03dded3c05d9fb029f8e668cc10699e8c2f667a711668eb96a77741b088e4c,2015-12,Surrey Police,Northumbria Police,-1.588844,55.085371,On or near Shopping Area,E01027409,Northumberland 029B,Public order,Under investigation,
5fbe95bbd2177795185052fcfbc0d27361841852954d65332922cd76b793a86d,2015-12,Surrey Police,Northumbria Police,-1.584056,55.086262,On or near Church Street,E01027409,Northumberland 029B,Public order,Under investigation,
4bdeaa9b9345f6408dff6320fe14a1cb10fee155df3bcea2a90acace35d1bebf,2015-12,Surrey Police,Northumbria Police,-1.595546,55.085663,On or near Parking Area,E01027409,Northumberland 029B,Public order,Investigation complete; no suspect identified,
c9d738e73187c9c653e2b869a8538ebfbb4d36c4f17ee22621698b7f637d5627,2015-12,Surrey Police,Northumbria Police,-1.591845,55.086010,On or near Supermarket,E01027409,Northumberland 029B,Shoplifting,Under investigation,
e9f4a7698ccc7bef2a81edbc9e3de154ea840e65995501341681288949de1d54,2015-12,Surrey Police,Northumbria Police,-1.588844,55.085371,On or near Shopping Area,E01027409,Northumberland 029B,Shoplifting,Awaiting court outcome,
b681ba06d4bdc8781bd83f7c62210defd31cf55080ac80b018b11f3f54f477ba,2015-12,Surrey Police,Northumbria Police,-1.580166,55.088271,On or near B1326,E01027409,Northumberland 029B,Shoplifting,Offender given community sentence,
01f983979d7a8b60853c8eec00a97804ae9730c30b7f1d9f21e49c4386122eb7,2015-12,Surrey Police,Northumbria Police,-1.586479,55.085300,On or near Pedestrian Subway,E01027409,Northumberland 029B,Shoplifting,Offender otherwise dealt with,
67d04c3e50ed707c42e8826781b1259d5027980cb9a6213e09b4bafcd8c2ad46,2015-12,Surrey Police,Northumbria Police,-1.580166,55.088271,On or near B1326,E01027409,Northumberland 029B,Shoplifting,Under investigation,
500c3cce1b393ce217105d369dc48f86867543a3f0badb0101e9ae15d7431e62,2015-12,Surrey Police,Northumbria Police,-1.586479,55.085300,On or near Pedestrian Subway,E01027409,Northumberland 029B,Shoplifting,Under investigation,
a3f72888ea3763ad0943dbc8b4e64bc18ec4fa915174dab111c612d239b21bbe,2015-12,Surrey Police,Northumbria Police,-1.585109,55.086005,On or near Parking Area,E01027409,Northumberland 029B,Vehicle crime,Investigation complete; no suspect identified,
ca1cb1578cc447e1667ce10e4cb2e1ace83cd5bad48e9579887d5a13d8d90f62,2015-12,Surrey Police,Northumbria Police,-1.588844,55.085371,On or near Shopping Area,E01027409,Northumberland 029B,Violence and sexual offences,Under investigation,
f86a266f2b5f61a49c9889cbe0b9767ec478089c133252c5050c02a4093cd345,2015-12,Surrey Police,Northumbria Police,-1.585109,55.086005,On or near Parking Area,E01027409,Northumberland 029B,Violence and sexual offences,Offender given community sentence,
7f52e93af0fdc53917547ad5c5d8ff8f4934093b17797782d8fa0c574d2a4de9,2015-12,Surrey Police,Northumbria Police,-1.588853,55.084463,On or near Parking Area,E01027409,Northumberland 029B,Violence and sexual offences,Under investigation,
3059ce9aafe4f9910d23e33dd222417e7e53b8a479508d8a5a86badbd3fb1e1a,2015-12,Surrey Police,Northumbria Police,-1.580993,55.085587,On or near South View Place,E01027409,Northumberland 029B,Violence and sexual offences,Under investigation,
c8fe9a87386bf56d4678d7bd7d9d9b23db2b814d477ea3893b8a0ed10398e534,2015-12,Surrey Police,Northumbria Police,-1.585063,55.082860,On or near Debdon Place,E01027409,Northumberland 029B,Violence and sexual offences,Investigation complete; no suspect identified,
,2015-12,Surrey Police,Northumbria Police,-1.583532,55.080958,On or near Parking Area,E01027411,Northumberland 029C,Anti-social behaviour,,
,2015-12,Surrey Police,Northumbria Police,-1.581568,55.079999,On or near Anton Place,E01027411,Northumberland 029C,Anti-social behaviour,,
39cf09e5be57874b7692049ee3ed973f571b5030efebae5f6aed807414c76752,2015-12,Surrey Police,Northumbria Police,-1.584563,55.078167,On or near Pedestrian Subway,E01027411,Northumberland 029C,Burglary,Under investigation,
ccf6fd452e484945c2442f298d05381581e9267196bcc46ee29d8f2fe637b109,2015-12,Surrey Police,Northumbria Police,-1.584563,55.078167,On or near Pedestrian Subway,E01027411,Northumberland 029C,Burglary,Investigation complete; no suspect identified,
9258ceec0cac8ff68c31c793d89247cf4aaf2d250af559ab9543d32a76c65bd2,2015-12,Surrey Police,Northumbria Police,-1.584563,55.078167,On or near Pedestrian Subway,E01027411,Northumberland 029C,Criminal damage and arson,Under investigation,
26ee0125091e099a628c7219629787897bcaec45592d31aef2f69eb403297ea1,2015-12,Surrey Police,Northumbria Police,-1.580686,55.080472,On or near Pedestrian Subway,E01027411,Northumberland 029C,Criminal damage and arson,Under investigation,
8d983e40d64dfa7190c7cf423b0ad6507cc6f7ee7b67d78b1e8f466ce1f621f2,2015-12,Surrey Police,Northumbria Police,-1.581940,55.078886,On or near Akeld Close,E01027411,Northumberland 029C,Criminal damage and arson,Under investigation,
629adf7ed2bd9caaad45b20f991afedabd2b34b5d73700aea1840595401e36fc,2015-12,Surrey Police,Northumbria Police,-1.584193,55.079163,On or near Doxford Place,E01027411,Northumberland 029C,Criminal damage and arson,Under investigation,
ecd360790c8cb8e83d71a7b743992dbdf7679131c1438c550a29e9f05e220023,2015-12,Surrey Police,Northumbria Police,-1.583532,55.080958,On or near Parking Area,E01027411,Northumberland 029C,Criminal damage and arson,Investigation complete; no suspect identified,
2441fae0c2fda0fd89d36890f1cae5c8343d22e1b90b924dab52a4a302590629,2015-12,Surrey Police,Northumbria Police,-1.584563,55.078167,On or near Pedestrian Subway,E01027411,Northumberland 029C,Other theft,Under investigation,
9643e887a0aa0d6984d1532bec10ee45c368620371bfbb6640b9db987d386977,2015-12,Surrey Police,Northumbria Police,-1.586226,55.079476,On or near Alexandra Way,E01027411,Northumberland 029C,Violence and sexual offences,Under investigation,
,2015-12,Surrey Police,Northumbria Police,-1.609761,55.086563,On or near Exeter Close,E01027412,Northumberland 029D,Anti-social behaviour,,
,2015-12,Surrey Police,Northumbria Police,-1.601794,55.092180,On or near Nelson Avenue,E01027412,Northumberland 029D,Anti-social behaviour,,
,2015-12,Surrey Police,Northumbria Police,-1.611432,55.087107,On or near Evesham Place,E01027412,Northumberland 029D,Anti-social behaviour,,
f51d08e96679fdb691d30af0cc9c98b7baefdd1d9e64fed123abfcf114efaca5,2015-12,Surrey Police,Northumbria Police,-1.625280,55.085596,On or near Fisher Lane,E01027412,Northumberland 029D,Criminal damage and arson,Investigation complete; no suspect identified,
495830d711789cbc3f037238c9262b28367a7d71557302f23c7d0a7781e96b5b,2015-12,Surrey Police,Northumbria Police,-1.610716,55.085083,On or near Eastbourne Gardens,E01027412,Northumberland 029D,Public order,Investigation complete; no suspect identified,
a503abbc8c925db7f2c6749d07aee8f712b2158c1d71d74a5176f62f1e4cf4c4,2015-12,Surrey Police,Northumbria Police,-1.617897,55.105810,On or near Hartford Bank,E01027412,Northumberland 029D,Public order,Offender given a caution,
6a38fde08be218c6686905c219050d93a5bfe7d299e82a574856d8cdf320bf2d,2015-12,Surrey Police,Northumbria Police,-1.600504,55.091187,On or near Ross Grove,E01027412,Northumberland 029D,Violence and sexual offences,Under investigation,
c4c30a71c5668b7d64131bdd82fc7fe2e69fbe97d5931773c025c3787cb16ec5,2015-12,Surrey Police,Northumbria Police,-1.611536,55.084493,On or near Elgin Close,E01027412,Northumberland 029D,Violence and sexual offences,Under investigation,
6d7f3d5143d08a2694e6eab55450fcb243d51fb493e29f3e2e8b30b7d9344929,2015-12,Surrey Police,Northumbria Police,-1.614032,55.085588,On or near Kielder Avenue,E01027412,Northumberland 029D,Violence and sexual offences,Awaiting court outcome,
4e47dc5d2ccd44e2dcc8d6b358fde87c7568997ddffa2fc886f24de266c19700,2015-12,Surrey Police,Northumbria Police,-1.611432,55.087107,On or near Evesham Place,E01027412,Northumberland 029D,Violence and sexual offences,Under investigation,
4fed0e469bf752a7c55b12080aad9d77728ffe347a0d7e68ecf07e401c1ac67e,2015-12,Surrey Police,Northumbria Police,-1.601794,55.092180,On or near Nelson Avenue,E01027412,Northumberland 029D,Other crime,Under investigation,
84af39ca6ab9396e4dba8ce0df7c5691ce9df144fd7ada3814679b3d9635eacd,2015-12,Surrey Police,Northumbria Police,-1.604451,55.084955,On or near Pedestrian Subway,E01027413,Northumberland 029E,Criminal damage and arson,Awaiting court outcome,
91b184f99830ff594b766851718fe45075c2d65006b4e80d9bd6dfa815c2ae8c,2015-12,Surrey Police,Northumbria Police,-1.600781,55.085356,On or near Lockerbie Road,E01027413,Northumberland 029E,Criminal damage and arson,Investigation complete; no suspect identified,
806cc3f9370e502f535f1498f1365330d168e6f8cfc401a3fce218b86baa69c3,2015-12,Surrey Police,Northumbria Police,-1.604451,55.084955,On or near Pedestrian Subway,E01027413,Northumberland 029E,Criminal damage and arson,Awaiting court outcome,
97fcdb875fc187d19d8d085a1c2ca4f902e25cc46868cd999961a8ab3d33a2a7,2015-12,Surrey Police,Northumbria Police,-1.603187,55.084385,On or near Lindsey Close,E01027413,Northumberland 029E,Criminal damage and arson,Investigation complete; no suspect identified,
0a7ccd3d124221284a38f4b68720c1a253c3466f3882f4d1d3db28ae9f3d1c0b,2015-12,Surrey Police,Northumbria Police,-1.598607,55.088153,On or near Parking Area,E01027413,Northumberland 029E,Drugs,Offender given a drugs possession warning,
3d7f76b8570303e06c895eba510f65eb19cc379160df915c4f2b21b951c88037,2015-12,Surrey Police,Northumbria Police,-1.601078,55.083830,On or near Larriston Place,E01027413,Northumberland 029E,Public order,Awaiting court outcome,
9779b6baa465804aca861a6c531f4b79a0b3d7b91b0b2249d698e7d32723fd92,2015-12,Surrey Police,Northumbria Police,-1.604451,55.084955,On or near Pedestrian Subway,E01027413,Northumberland 029E,Public order,Under investigation,
28e027e59c894e79a9e86be6d959889094ac2349e80e76b7e59a53c21ca7e23f,2015-12,Surrey Police,Northumbria Police,-1.604451,55.084955,On or near Pedestrian Subway,E01027413,Northumberland 029E,Public order,Under investigation,
3bc8bf7f38dd483750601346ef7530dcb6048c281c0faa77426c88fe7016fb4e,2015-12,Surrey Police,Northumbria Police,-1.601837,55.086258,On or near Lochcraig Place,E01027413,Northumberland 029E,Violence and sexual offences,Under investigation,
,2015-12,Surrey Police,Northumbria Police,-1.484063,55.086059,On or near Derwent Road,E01027417,Northumberland 030A,Anti-social behaviour,,
fa45588a266e31883c9469e47a19e8e26eeda54a67cfa830c07ce3fdf3ed3233,2015-12,Surrey Police,Northumbria Police,-1.474708,55.082659,On or near Byewell Terrace,E01027417,Northumberland 030A,Violence and sexual offences,Investigation complete; no suspect identified,
a0a55445fc0e352e11b082c4c347c243b1e8e8aa5faad82bb7a18cf70099ff4d,2015-12,Surrey Police,Northumbria Police,-1.521540,55.084379,On or near Bradbury Court,E01027418,Northumberland 030B,Criminal damage and arson,Awaiting court outcome,
0d4ed90910b0625e7b26e296cb85461dcbafb77d0b310c8aad1a14cac0a15e48,2015-12,Surrey Police,Northumbria Police,-1.518117,55.085022,On or near Lysdon Avenue,E01027418,Northumberland 030B,Violence and sexual offences,Under investigation,
,2015-12,Surrey Police,Northumbria Police,-1.471392,55.083480,On or near West Terrace,E01027419,Northumberland 030C,Anti-social behaviour,,
,2015-12,Surrey Police,Northumbria Police,-1.471326,55.082500,On or near Collywell Court,E01027419,Northumberland 030C,Anti-social behaviour,,
091958c92d955d04918b443832c1a2628137adf25e9da48cd43800575c1866ce,2015-12,Surrey Police,Northumbria Police,-1.511796,55.063816,On or near Southward Way,E01027420,Northumberland 030D,Public order,Under investigation,
e89352b46ece0ec53af5ddcbbf76bd677f5d368bd1b890962716debc46dc11c5,2015-12,Surrey Police,Northumbria Police,-1.511796,55.063816,On or near Southward Way,E01027420,Northumberland 030D,Vehicle crime,Investigation complete; no suspect identified,
,2015-12,Surrey Police,Northumbria Police,-1.502315,55.065719,On or near Holywell Avenue,E01027421,Northumberland 030E,Anti-social behaviour,,
,2015-12,Surrey Police,Northumbria Police,-1.515972,55.070680,On or near Dartford Close,E01027421,Northumberland 030E,Anti-social behaviour,,
,2015-12,Surrey Police,Northumbria Police,-1.517664,55.070579,On or near Whitton Place,E01027421,Northumberland 030E,Anti-social behaviour,,
10462ce1890e0d4ed15e6a853a41751c11be8ea7fb811bd3c8c3a8f6bb472f03,2015-12,Surrey Police,Northumbria Police,-1.515972,55.070680,On or near Dartford Close,E01027421,Northumberland 030E,Burglary,Investigation complete; no suspect identified,
4ec395e5039c9510a98378020d172a0febff841e65d3f52a97a881532e3c2b98,2015-12,Surrey Police,Northumbria Police,-1.515972,55.070680,On or near Dartford Close,E01027421,Northumberland 030E,Criminal damage and arson,Investigation complete; no suspect identified,
b0c7692b3df5bd719d90229e5f4f040b2a739fa1062198b561582e817c52d5b6,2015-12,Surrey Police,Northumbria Police,-1.507663,55.065031,On or near Bardon Crescent,E01027421,Northumberland 030E,Criminal damage and arson,Investigation complete; no suspect identified,
31055ef924033bb4a232a1b59f2e7b8de203b90391a9fbe5981d50063d5adfa8,2015-12,Surrey Police,Northumbria Police,-1.521441,55.074332,On or near The Avenue,E01027421,Northumberland 030E,Public order,Under investigation,
3fd3afee21d3b545989b8318a05f383df4b299ac2dcbd11fcba440d2516a4126,2015-12,Surrey Police,Northumbria Police,-1.504001,55.066166,On or near Valley Road,E01027421,Northumberland 030E,Vehicle crime,Investigation complete; no suspect identified,
4c2f1c8e81a079f291c0b18d7f316c0aa26c2f1d9189a33a3df6b6fa9f3a2d2b,2015-12,Surrey Police,Northumbria Police,-1.515972,55.070680,On or near Dartford Close,E01027421,Northumberland 030E,Violence and sexual offences,Under investigation,
321370515427127e0bc2248c1eec24eba027202559fe22d8cbd9e7b16ea7f393,2015-12,Surrey Police,Northumbria Police,-1.515972,55.070680,On or near Dartford Close,E01027421,Northumberland 030E,Violence and sexual offences,Awaiting court outcome,
,2015-12,Surrey Police,Northumbria Police,-1.574079,55.074294,On or near Weetwood Road,E01027394,Northumberland 031A,Anti-social behaviour,,
,2015-12,Surrey Police,Northumbria Police,-1.574079,55.074294,On or near Weetwood Road,E01027394,Northumberland 031A,Anti-social behaviour,,
,2015-12,Surrey Police,Northumbria Police,-1.574079,55.074294,On or near Weetwood Road,E01027394,Northumberland 031A,Anti-social behaviour,,
,2015-12,Surrey Police,Northumbria Police,-1.574079,55.074294,On or near Weetwood Road,E01027394,Northumberland 031A,Anti-social behaviour,,
,2015-12,Surrey Police,Northumbria Police,-1.574079,55.074294,On or near Weetwood Road,E01027394,Northumberland 031A,Anti-social behaviour,,
acdc6d1e75061082efc85bbcaddc284bedd72145acadba1fe870d8d10a347b67,2015-12,Surrey Police,Northumbria Police,-1.576488,55.079020,On or near Carlcroft Place,E01027394,Northumberland 031A,Burglary,Investigation complete; no suspect identified,
a3c697fae7cf3e2cbe86bbf719d786de3f9eba462d670423615549de948114dd,2015-12,Surrey Police,Northumbria Police,-1.576488,55.079020,On or near Carlcroft Place,E01027394,Northumberland 031A,Criminal damage and arson,Under investigation,
b21325f43cce00de247603f4994bc716fe27b187bf206bae78bcb11988ef34ad,2015-12,Surrey Police,Northumbria Police,-1.574079,55.074294,On or near Weetwood Road,E01027394,Northumberland 031A,Public order,Under investigation,
a0bb4041bc7499ca1075415f57895d9c68d0ac06b1fd6823bc80ea27c79dfa51,2015-12,Surrey Police,Northumbria Police,-1.574079,55.074294,On or near Weetwood Road,E01027394,Northumberland 031A,Violence and sexual offences,Offender sent to prison,
bd00e26849d6e65d5f09606799338c1ade1ccf1a6ffa65cb08ebf976e3393dd9,2015-12,Surrey Police,Northumbria Police,-1.574004,55.075426,On or near Whitelaw Place,E01027394,Northumberland 031A,Violence and sexual offences,Under investigation,
,2015-12,Surrey Police,Northumbria Police,-1.583509,55.065008,On or near Berrymoor Court,E01027406,Northumberland 031B,Anti-social behaviour,,
,2015-12,Surrey Police,Northumbria Police,-1.581346,55.074310,On or near Parking Area,E01027406,Northumberland 031B,Anti-social behaviour,,
04410cbadd4d300a34cec32e7f26b659e1d0549e35377ccb3375b4e95f0d1d36,2015-12,Surrey Police,Northumbria Police,-1.581346,55.074310,On or near Parking Area,E01027406,Northumberland 031B,Burglary,Investigation complete; no suspect identified,
c723541dfcb9c7000b506c3e57df77827ee7e43b58571cce7cc798f470c9a0fa,2015-12,Surrey Police,Northumbria Police,-1.584702,55.066261,On or near A19,E01027406,Northumberland 031B,Criminal damage and arson,Investigation complete; no suspect identified,
049d4b84f2f89399d0bc179ba5bcee920cfa0b2d8960baa6368a32985a38535d,2015-12,Surrey Police,Northumbria Police,-1.578541,55.065494,On or near Supermarket,E01027406,Northumberland 031B,Shoplifting,Investigation complete; no suspect identified,
b7ed4434a8e3753ad942f3a494d1a1d4f1974e5db298c69be4b6665832da973c,2015-12,Surrey Police,Northumbria Police,-1.581346,55.074310,On or near Parking Area,E01027406,Northumberland 031B,Vehicle crime,Investigation complete; no suspect identified,
b4e2df82dda646bf89540d58dd45ad21324e0e0b49cb4271ad4fec33de18b683,2015-12,Surrey Police,Northumbria Police,-1.586763,55.074436,On or near Garforth Close,E01027406,Northumberland 031B,Violence and sexual offences,Under investigation,
,2015-12,Surrey Police,Northumbria Police,-1.582199,55.070557,On or near Whernside Place,E01027407,Northumberland 031C,Anti-social behaviour,,
,2015-12,Surrey Police,Northumbria Police,-1.578146,55.077750,On or near Cranshaw Place,E01027408,Northumberland 031D,Anti-social behaviour,,
,2015-12,Surrey Police,Northumbria Police,-1.579441,55.076667,On or near Crofthead Drive,E01027408,Northumberland 031D,Anti-social behaviour,,
b05175ccb3072baa92f155028bed16438c445faf05642aae0127105c3f0a8d44,2015-12,Surrey Police,Northumbria Police,-1.578146,55.077750,On or near Cranshaw Place,E01027408,Northumberland 031D,Criminal damage and arson,Investigation complete; no suspect identified,
006bdd3580404f0ef749441fd8233f64ba28bc03d29e7a95c22f8cb6463f82ba,2015-12,Surrey Police,Northumbria Police,-1.578146,55.077750,On or near Cranshaw Place,E01027408,Northumberland 031D,Violence and sexual offences,Investigation complete; no suspect identified,
684a351a381eb8f867989e58ef378f3947686be90ec32a3805666655d1036344,2015-12,Surrey Police,Northumbria Police,-1.578146,55.077750,On or near Cranshaw Place,E01027408,Northumberland 031D,Violence and sexual offences,Under investigation,
,2015-12,Surrey Police,Northumbria Police,-1.593879,55.072340,On or near Roslin Way,E01027410,Northumberland 031E,Anti-social behaviour,,
514e5075ff7dd960a6174dd391bc7d7ab17b9f0b79cae2c48240bf8517513672,2015-12,Surrey Police,Northumbria Police,-1.590392,55.074907,On or near Leyburn Court,E01027410,Northumberland 031E,Other theft,Under investigation,
6d8dfea0ca3e024d51a4a0eb0512a3b30e54057742d80f892a04ea523a0a0749,2015-12,Surrey Police,Northumbria Police,-1.590392,55.074907,On or near Leyburn Court,E01027410,Northumberland 031E,Other theft,Investigation complete; no suspect identified,
b46b4dd5cacf4f78f2d917c36e33786e8622bdf42bcd11c74a203b5aa9459b98,2015-12,Surrey Police,Northumbria Police,-1.592388,55.078814,On or near Pedestrian Subway,E01027410,Northumberland 031E,Other theft,Under investigation,
e826952f0db520c9647f72abd57b0a1d1e2ddf58f8854b03be4d5d5b160f4c84,2015-12,Surrey Police,Northumbria Police,-1.590392,55.074907,On or near Leyburn Court,E01027410,Northumberland 031E,Other theft,Under investigation,
2f7b4e87d2959cb2b771bfa50631dd66b4ecedf9dd6e65a1eb664e5b56e26eef,2015-12,Surrey Police,Northumbria Police,-1.590392,55.074907,On or near Leyburn Court,E01027410,Northumberland 031E,Other theft,Investigation complete; no suspect identified,
364b801c964d2e85753639e860c7e5e8344d7e3631aa2cc9501d061dc5fc15de,2015-12,Surrey Police,Northumbria Police,-1.592735,55.069317,On or near Ruabon Close,E01027410,Northumberland 031E,Public order,Investigation complete; no suspect identified,
,2015-12,Surrey Police,Northumbria Police,-1.527762,55.072164,On or near Starlight Crescent,E01027432,Northumberland 032A,Anti-social behaviour,,
,2015-12,Surrey Police,Northumbria Police,-1.527762,55.072164,On or near Starlight Crescent,E01027432,Northumberland 032A,Anti-social behaviour,,
,2015-12,Surrey Police,Northumbria Police,-1.527417,55.073511,On or near Astley Road,E01027432,Northumberland 032A,Anti-social behaviour,,
,2015-12,Surrey Police,Northumbria Police,-1.527762,55.072164,On or near Starlight Crescent,E01027432,Northumberland 032A,Anti-social behaviour,,
,2015-12,Surrey Police,Northumbria Police,-1.521980,55.068520,On or near Bavington Road,E01027432,Northumberland 032A,Anti-social behaviour,,
,2015-12,Surrey Police,Northumbria Police,-1.525269,55.072397,On or near Supermarket,E01027432,Northumberland 032A,Anti-social behaviour,,
0beae949573c3bf8ced5b5d4a11b467c281ead5c970b067de743cae8b157da46,2015-12,Surrey Police,Northumbria Police,-1.525318,55.072290,On or near Shopping Area,E01027432,Northumberland 032A,Criminal damage and arson,Investigation complete; no suspect identified,
4d1756380638649a51ac9d4efd8d928bda6e4486bff058adfc09e7bf6d79fdda,2015-12,Surrey Police,Northumbria Police,-1.522174,55.069285,On or near Elsdon Avenue,E01027432,Northumberland 032A,Criminal damage and arson,Under investigation,
a655b9be93aabc002840607fc2c53a8f80de4a0e7ba45e11294d615608f5a636,2015-12,Surrey Police,Northumbria Police,-1.527762,55.072164,On or near Starlight Crescent,E01027432,Northumberland 032A,Criminal damage and arson,Investigation complete; no suspect identified,
886ededb252040f8f3769578364fe79700e5bc5e7020218f8ee1a75b0977adf4,2015-12,Surrey Police,Northumbria Police,-1.527878,55.070287,On or near Avenue Road,E01027432,Northumberland 032A,Criminal damage and arson,Investigation complete; no suspect identified,
af832f3c4e519420d73386617e5bd50e504465a5eb267eb25427ec2770da444c,2015-12,Surrey Police,Northumbria Police,-1.525318,55.072290,On or near Shopping Area,E01027432,Northumberland 032A,Other theft,Investigation complete; no suspect identified,
3edb66d29fed7bcb177a4cf4a0985d174b4259c3a93b2a13866b9e869f6d9d76,2015-12,Surrey Police,Northumbria Police,-1.527417,55.073511,On or near Astley Road,E01027432,Northumberland 032A,Public order,Under investigation,
17b9aaf79a50a56603e4e4df0871618b497aba0657b1c5452adf9edd27c0ac45,2015-12,Surrey Police,Northumbria Police,-1.528587,55.069921,On or near Avenue Road,E01027432,Northumberland 032A,Violence and sexual offences,Investigation complete; no suspect identified,
cb8da5deee3243b09d90524ae6acec817aeaf003d5c1d25a90351e7589f96865,2015-12,Surrey Police,Northumbria Police,-1.527762,55.072164,On or near Starlight Crescent,E01027432,Northumberland 032A,Violence and sexual offences,Under investigation,
2e2e789e920d9e624340bf4caa31b6d9c45ba5f941df38585c525dc881b6ddb6,2015-12,Surrey Police,Northumbria Police,-1.529546,55.070904,On or near Coronation Road,E01027432,Northumberland 032A,Violence and sexual offences,Under investigation,
,2015-12,Surrey Police,Northumbria Police,-1.530169,55.072578,On or near Mitford Avenue,E01027433,Northumberland 032B,Anti-social behaviour,,
,2015-12,Surrey Police,Northumbria Police,-1.539453,55.076900,On or near Wheatfields,E01027433,Northumberland 032B,Anti-social behaviour,,
,2015-12,Surrey Police,Northumbria Police,-1.529648,55.072899,On or near Rothley Grove,E01027433,Northumberland 032B,Anti-social behaviour,,
2a17295cbb7ed64462c327d9477f8815758cc9f23efded5fed7af2cadc5c32d4,2015-12,Surrey Police,Northumbria Police,-1.530691,55.074845,On or near The Beacons,E01027433,Northumberland 032B,Criminal damage and arson,Under investigation,
f3d396f4e7ea7b29d871c23c267ac2f965eabed3eabfa889a503dee857ce7543,2015-12,Surrey Police,Northumbria Police,-1.530112,55.074752,On or near Ovingham Way,E01027433,Northumberland 032B,Other theft,Investigation complete; no suspect identified,
6ce663f7784e1ce4169dea6f3a8656363f3d061010bab39c2f84b19af515012b,2015-12,Surrey Police,Northumbria Police,-1.533072,55.076085,On or near Blackhaugh Drive,E01027433,Northumberland 032B,Violence and sexual offences,Under investigation,
528d566d70e0b5292cf6c9801b1970904d17f3f0e36187dcfc4238e0ccc26d83,2015-12,Surrey Police,Northumbria Police,-1.540467,55.077263,On or near Cambridge Way,E01027433,Northumberland 032B,Violence and sexual offences,Investigation complete; no suspect identified,
77a2dac2e7c1f65eb35dbd8d36ac6ca60068026926c62a2048084490f6bf2110,2015-12,Surrey Police,Northumbria Police,-1.529648,55.072899,On or near Rothley Grove,E01027433,Northumberland 032B,Violence and sexual offences,Awaiting court outcome,
,2015-12,Surrey Police,Northumbria Police,-1.517933,55.066509,On or near Allerdean Close,E01027434,Northumberland 032C,Anti-social behaviour,,
,2015-12,Surrey Police,Northumbria Police,-1.517933,55.066509,On or near Allerdean Close,E01027434,Northumberland 032C,Anti-social behaviour,,
,2015-12,Surrey Police,Northumbria Police,-1.517268,55.065788,On or near Paston Road,E01027434,Northumberland 032C,Anti-social behaviour,,
f461c9bcd901171a01a7b27bdeed1e86cae519f20d3f1ecf21a7b6f31759db66,2015-12,Surrey Police,Northumbria Police,-1.517933,55.066509,On or near Allerdean Close,E01027434,Northumberland 032C,Violence and sexual offences,Awaiting court outcome,
,2015-12,Surrey Police,Northumbria Police,-1.555003,55.063002,On or near Barrass Avenue,E01027435,Northumberland 032D,Anti-social behaviour,,
cc26ddc5fe9e2deda746e6e9254661dd8f4fd3b42d4b437a047ffc2142752670,2015-12,Surrey Police,Northumbria Police,-1.547294,55.063540,On or near Station Road,E01027435,Northumberland 032D,Criminal damage and arson,Investigation complete; no suspect identified,
fecd9d1a59191aaa3a9b985ba2e7da3397b1e597e4cebfda1678ac792b28a45b,2015-12,Surrey Police,Northumbria Police,-1.555952,55.062197,On or near Chester Grove,E01027435,Northumberland 032D,Other theft,Investigation complete; no suspect identified,
e59800bcdc16ebc7aa98986304984085970443a2b90a6dbc9e9f0745666e20a0,2015-12,Surrey Police,Northumbria Police,-1.552514,55.062984,On or near Main Street North,E01027435,Northumberland 032D,Other theft,Offender given conditional discharge,
842c478aa11254fb9e47b992e460fbcedbe23a8890d72211c1e030bf4599ccb2,2015-12,Surrey Police,Northumbria Police,-1.555003,55.063002,On or near Barrass Avenue,E01027435,Northumberland 032D,Violence and sexual offences,Investigation complete; no suspect identified,
1c4d62c770dc670c7ec8306c9da55a356648511f660fc20fb48f1f34347697d5,2015-12,Surrey Police,Northumbria Police,-1.559809,55.063047,On or near Fox Lea Walk,E01027435,Northumberland 032D,Violence and sexual offences,Investigation complete; no suspect identified,
,2015-12,Surrey Police,Northumbria Police,-1.541588,55.065469,On or near Deneside,E01027436,Northumberland 032E,Anti-social behaviour,,
,2015-12,Surrey Police,Northumbria Police,-1.541588,55.065469,On or near Deneside,E01027436,Northumberland 032E,Anti-social behaviour,,
,2015-12,Surrey Police,Northumbria Police,-1.543031,55.066687,On or near Trinity Grove,E01027436,Northumberland 032E,Anti-social behaviour,,
6939bd81bb0f2a9f45d6aa0631062bec77cd8d5a1b8abc0e894af21f52b20413,2015-12,Surrey Police,Northumbria Police,-1.546981,55.064914,On or near Trevone Place,E01027436,Northumberland 032E,Burglary,Investigation complete; no suspect identified,
8b5f43782813af81ebf9e5d1f530319a3d3e6186df8f46d634ee0cd74904f176,2015-12,Surrey Police,Northumbria Police,-1.543031,55.066687,On or near Trinity Grove,E01027436,Northumberland 032E,Criminal damage and arson,Investigation complete; no suspect identified,
164305e10a83dc1ebeff2668b4c348e2f797880748ca3bbf957c702308e13a34,2015-12,Surrey Police,Northumbria Police,-1.546629,55.062827,On or near Bonnivard Gardens,E01027436,Northumberland 032E,Criminal damage and arson,Investigation complete; no suspect identified,
618c1f8a7c3ee7afea4f6d835affbd73be27587a9afb1e9b1150a25a58d662f2,2015-12,Surrey Police,Northumbria Police,-1.552131,55.066460,On or near Meadow Close,E01027436,Northumberland 032E,Other theft,Investigation complete; no suspect identified,
81b55b5b5057bced3986f9d25f3d9669a40b84008e28ef5c092c0c15bb602b56,2015-12,Surrey Police,Northumbria Police,-1.547037,55.062748,On or near Hazlitt Place,E01027436,Northumberland 032E,Vehicle crime,Investigation complete; no suspect identified,
9895d477ca3b90c32b17c9db3bdaf97caefe72364afcda84134e620954d035cf,2015-12,Surrey Police,Northumbria Police,-1.539198,55.065010,On or near Burnlea Gardens,E01027436,Northumberland 032E,Violence and sexual offences,Under investigation,
9619b98ffb78808e0086ae87472d6ea95584195a6520679272acac5093107d09,2015-12,Surrey Police,Northumbria Police,-1.539485,55.065928,On or near Dene Grove,E01027436,Northumberland 032E,Violence and sexual offences,Under investigation,
84a3d680fb39edaad93a5d46dd61cefa7dedb368a73b2bcf0061e8f825334576,2015-12,Surrey Police,Northumbria Police,-1.738385,55.049641,On or near Cecil Court,E01027464,Northumberland 033A,Shoplifting,Under investigation,
ec1317eea15e2487f47d10ff14d4f8314666ff1675fb37f18a4c5c2423dc0707,2015-12,Surrey Police,Northumbria Police,-1.743883,55.049078,On or near Supermarket,E01027464,Northumberland 033A,Shoplifting,Under investigation,
09fa239b540c7412e711430ba91e143fb3e9f55327f29c72f89ded637c0fd0ee,2015-12,Surrey Police,Northumbria Police,-1.743883,55.049078,On or near Supermarket,E01027464,Northumberland 033A,Shoplifting,Under investigation,
b4378a6d6849ff62b5bbd3d5e2d0f03ea3e892cefa333e4a52dcc7625cd1c18c,2015-12,Surrey Police,Northumbria Police,-1.738385,55.049641,On or near Cecil Court,E01027464,Northumberland 033A,Shoplifting,Awaiting court outcome,
1aff5fd1db9757efc7ada7c730516e7221364de15376a84dbd78a4e57e82c727,2015-12,Surrey Police,Northumbria Police,-1.738385,55.049641,On or near Cecil Court,E01027464,Northumberland 033A,Shoplifting,Under investigation,
be69bde67aebfc27db22e6059d333066ca022315c997b08f7cbff02aaf963aa8,2015-12,Surrey Police,Northumbria Police,-1.743883,55.049078,On or near Supermarket,E01027464,Northumberland 033A,Shoplifting,Investigation complete; no suspect identified,
9a3953d87c8279b14e42681642d86edca352051354d783c16d444debdc5591a3,2015-12,Surrey Police,Northumbria Police,-1.743443,55.049311,On or near Brewery Lane,E01027464,Northumberland 033A,Vehicle crime,Investigation complete; no suspect identified,
014fc5189297978bc70ceaedefb67fdb2bbe6329a52c48714f04a3b84ea6b1b1,2015-12,Surrey Police,Northumbria Police,-1.739737,55.048755,On or near Mayfair Gardens,E01027464,Northumberland 033A,Violence and sexual offences,Under investigation,
,2015-12,Surrey Police,Northumbria Police,-1.739162,55.050568,On or near Ryehaugh,E01027465,Northumberland 033B,Anti-social behaviour,,
6aeca6b2b8ecf6b2796a45352e5f75c7009a551f9c238bb610e8631cbf23d11e,2015-12,Surrey Police,Northumbria Police,-1.739162,55.050568,On or near Ryehaugh,E01027465,Northumberland 033B,Criminal damage and arson,Investigation complete; no suspect identified,
b2fc9538fbd276ba6b31562e80501708ab01066cb8417e0add359af3d944fbd6,2015-12,Surrey Police,Northumbria Police,-1.741909,55.051778,On or near The Cloggs,E01027465,Northumberland 033B,Public order,Offender given community sentence,
dd49f05ab9b26f825be4e2fc91218e089e6c6703a38b6ede0fdcb3cb3d0f790f,2015-12,Surrey Police,Northumbria Police,-1.727875,55.043858,On or near Elm Road,E01027465,Northumberland 033B,Shoplifting,Under investigation,
,2015-12,Surrey Police,Northumbria Police,-1.743551,55.049598,On or near Main Street,E01027466,Northumberland 033C,Anti-social behaviour,,
,2015-12,Surrey Police,Northumbria Police,-1.748899,55.052782,On or near Beechwood Place,E01027466,Northumberland 033C,Anti-social behaviour,,
c4b28deea39a0935a0e6a3d45586ce0ae05e1d142daec14de39f0006fffd29d6,2015-12,Surrey Police,Northumbria Police,-1.750098,55.053817,On or near Kirkley Drive,E01027466,Northumberland 033C,Criminal damage and arson,Investigation complete; no suspect identified,
98b7c056bb22beba4aaf32e89f4057301501b04ee5265894871408c8e4a4f70b,2015-12,Surrey Police,Northumbria Police,-1.744657,55.050320,On or near Merton Road,E01027466,Northumberland 033C,Shoplifting,Investigation complete; no suspect identified,
68fc6a4decc9a27eb3deb40805d499911e8833e228b4d709869eef8176838811,2015-12,Surrey Police,Northumbria Police,-1.743551,55.049598,On or near Main Street,E01027466,Northumberland 033C,Violence and sexual offences,Under investigation,
,2015-12,Surrey Police,Northumbria Police,-1.768816,55.035352,On or near Longmeadows,E01033714,Northumberland 033F,Anti-social behaviour,,
,2015-12,Surrey Police,Northumbria Police,-1.756257,55.060381,On or near Police Station,E01033714,Northumberland 033F,Anti-social behaviour,,
,2015-12,Surrey Police,Northumbria Police,-1.756257,55.060381,On or near Police Station,E01033714,Northumberland 033F,Anti-social behaviour,,
,2015-12,Surrey Police,Northumbria Police,-1.756257,55.060381,On or near Police Station,E01033714,Northumberland 033F,Anti-social behaviour,,
,2015-12,Surrey Police,Northumbria Police,-1.747706,55.050937,On or near Meadowfield,E01033714,Northumberland 033F,Anti-social behaviour,,
,2015-12,Surrey Police,Northumbria Police,-1.756257,55.060381,On or near Police Station,E01033714,Northumberland 033F,Anti-social behaviour,,
e2b50e73fe47cda2f32e5ceb95a817481a39f5a95e578276fa1d3e185fd1935c,2015-12,Surrey Police,Northumbria Police,-1.764819,55.036530,On or near Supermarket,E01033714,Northumberland 033F,Other theft,Investigation complete; no suspect identified,
e0ff42d91dfa03fbe13ec25083a6d2d59bffe11e5fab77be24c63190214d757a,2015-12,Surrey Police,Northumbria Police,-1.764819,55.036530,On or near Supermarket,E01033714,Northumberland 033F,Shoplifting,Investigation complete; no suspect identified,
8e6e303cbf41a018ebf1a178488a987e5770729d91f36aaa993fd1d13bf37d32,2015-12,Surrey Police,Northumbria Police,-1.773645,55.089206,On or near Sports/Recreation Area,E01033714,Northumberland 033F,Violence and sexual offences,Under investigation,
0d75ed052383b3c897785a610dfd29e1bad05c5ebc0aee936cb343ca16f5e919,2015-12,Surrey Police,Northumbria Police,-1.760688,55.036630,On or near Middle Drive,E01033714,Northumberland 033F,Violence and sexual offences,Under investigation,
eee12569d96cad2f87b6f816f91814918a6a9feea5e858d6c73498c2b8667ae2,2015-12,Surrey Police,Northumbria Police,-1.760688,55.036630,On or near Middle Drive,E01033714,Northumberland 033F,Violence and sexual offences,Under investigation,
,2015-12,Surrey Police,Northumbria Police,-1.792248,54.997158,On or near Petrol Station,E01027449,Northumberland 034A,Anti-social behaviour,,
216704b9c6350da870e88c99f96263a2e0dc77f8cfe322092496a521ecd7533b,2015-12,Surrey Police,Northumbria Police,-1.788273,54.995048,On or near Valerian Avenue,E01027449,Northumberland 034A,Violence and sexual offences,Under investigation,
,2015-12,Surrey Police,Northumbria Police,-1.751042,55.037887,On or near Eastern Way,E01027468,Northumberland 034B,Anti-social behaviour,,
6431105d793ce2c2d9ea2a6017eb8aa9c86ad4413df89a368be54e7e9da20c93,2015-12,Surrey Police,Northumbria Police,-1.756213,55.031499,On or near High View,E01027468,Northumberland 034B,Criminal damage and arson,Under investigation,
0c61f334839836316d7016370571c248fa86a3828e210d152fa6c066b1a14250,2015-12,Surrey Police,Northumbria Police,-1.764830,55.029431,On or near Larchlea South,E01027468,Northumberland 034B,Violence and sexual offences,Under investigation,
9936c99bb01e12d6ea80b9e9ddc43216b1234aa4e17e12b11cf0674351fb55a8,2015-12,Surrey Police,Northumbria Police,-1.773038,55.027551,On or near Fellside,E01027469,Northumberland 034C,Criminal damage and arson,Local resolution,
a44b6222a70b7b1a8f0add59d002992dd689d101a7f0d6823f2854555ad6213b,2015-12,Surrey Police,Northumbria Police,-1.766674,55.027000,On or near Hillside,E01027469,Northumberland 034C,Vehicle crime,Investigation complete; no suspect identified,
,2015-12,Surrey Police,Northumbria Police,-1.778212,55.036753,On or near The Crescent,E01027471,Northumberland 034D,Anti-social behaviour,,
286ab8177ca2d3c25ada93a9b54d95f722a6d5f10863aaed0ae7b63b9c46cb19,2015-12,Surrey Police,Northumbria Police,-1.816968,55.040241,On or near Conference/Exhibition Centre,E01027471,Northumberland 034D,Burglary,Under investigation,
09004bdd9c40804497d4a575a15e7d4758bb8ba05c27aee7d3163c624cf21e3c,2015-12,Surrey Police,Northumbria Police,-1.777784,55.040482,On or near King John'S Court,E01027471,Northumberland 034D,Vehicle crime,Investigation complete; no suspect identified,
,2015-12,Surrey Police,Northumbria Police,-1.942237,55.067862,On or near Richley Terrace,E01027472,Northumberland 034E,Anti-social behaviour,,
45b377eca03fbbf5ed3ee6f747f1c95bbcaa18541b12ba47cc34974a284daefe,2015-12,Surrey Police,Northumbria Police,-1.929201,55.010093,On or near Military Road,E01027472,Northumberland 034E,Other theft,Investigation complete; no suspect identified,
4cbe055751eb9e794bc738cd7ceaa0af0545743570c4bc580ec0b0b967bf6eda,2015-12,Surrey Police,Northumbria Police,-1.952822,55.040774,On or near East Close,E01027472,Northumberland 034E,Other theft,Under investigation,
d7272504a59093561b9234e19c4b813fee4546632a97958da3135f8a9b0f69cf,2015-12,Surrey Police,Northumbria Police,-1.878658,55.017350,On or near Hadrian Crescent,E01027472,Northumberland 034E,Violence and sexual offences,Investigation complete; no suspect identified,
ddba4ffb29ae5d797a2414be824d165cfd82b7a4b6c12ecef5c928e5063d0761,2015-12,Surrey Police,Northumbria Police,-1.952712,55.041690,On or near Paddock Close,E01027472,Northumberland 034E,Violence and sexual offences,Under investigation,
4022c44b3cbec007b768424713688ece122412af742a865148586fd8533495b6,2015-12,Surrey Police,Northumbria Police,-1.952712,55.041690,On or near Paddock Close,E01027472,Northumberland 034E,Violence and sexual offences,Under investigation,
,2015-12,Surrey Police,Northumbria Police,-2.102368,54.972310,On or near Market Street,E01027476,Northumberland 035A,Anti-social behaviour,,
,2015-12,Surrey Police,Northumbria Police,-2.094831,54.975785,On or near Pedestrian Subway,E01027476,Northumberland 035A,Anti-social behaviour,,
,2015-12,Surrey Police,Northumbria Police,-2.101383,54.971934,On or near Back Row,E01027476,Northumberland 035A,Anti-social behaviour,,
,2015-12,Surrey Police,Northumbria Police,-2.105792,54.973197,On or near Glovers Place,E01027476,Northumberland 035A,Anti-social behaviour,,
,2015-12,Surrey Police,Northumbria Police,-2.105184,54.973629,On or near Giles Place,E01027476,Northumberland 035A,Anti-social behaviour,,
,2015-12,Surrey Police,Northumbria Police,-2.105252,54.975803,On or near Burn Lane,E01027476,Northumberland 035A,Anti-social behaviour,,
,2015-12,Surrey Police,Northumbria Police,-2.101383,54.971934,On or near Back Row,E01027476,Northumberland 035A,Anti-social behaviour,,
,2015-12,Surrey Police,Northumbria Police,-2.102368,54.972310,On or near Market Street,E01027476,Northumberland 035A,Anti-social behaviour,,
,2015-12,Surrey Police,Northumbria Police,-2.101383,54.971934,On or near Back Row,E01027476,Northumberland 035A,Anti-social behaviour,,
,2015-12,Surrey Police,Northumbria Police,-2.122059,54.990273,On or near Howford Lane,E01027476,Northumberland 035A,Anti-social behaviour,,
,2015-12,Surrey Police,Northumbria Police,-2.104170,54.974205,On or near Petrol Station,E01027476,Northumberland 035A,Anti-social behaviour,,
,2015-12,Surrey Police,Northumbria Police,-2.102368,54.972310,On or near Market Street,E01027476,Northumberland 035A,Anti-social behaviour,,
64847f1f7bbaf4f880fc2cc1d86deaa250c8988f21bdb1b22251f2672ab08f83,2015-12,Surrey Police,Northumbria Police,-2.126602,55.003685,On or near Front Street,E01027476,Northumberland 035A,Burglary,Investigation complete; no suspect identified,
508f8b3d8be0405efe40461229871eb71274e051f05dfafb9a1f74b10195fc11,2015-12,Surrey Police,Northumbria Police,-2.101011,54.972913,On or near Cecil Terrace,E01027476,Northumberland 035A,Criminal damage and arson,Investigation complete; no suspect identified,
7c527565608a9e9e60adbb42fb41eca5f9d19adad6e76d160e66a7b3c8bc72fe,2015-12,Surrey Police,Northumbria Police,-2.101383,54.971934,On or near Back Row,E01027476,Northumberland 035A,Criminal damage and arson,Investigation complete; no suspect identified,
0a269ab49ec26194d16497ca4cbb0601f9cbdceec069fa7230bc920b6afb8c5c,2015-12,Surrey Police,Northumbria Police,-2.101077,54.974279,On or near Supermarket,E01027476,Northumberland 035A,Other theft,Offender given a caution,
0322750f150ee15fb9b5e9649f304e4993f8e9f67b5c8c683a353a6659c312b5,2015-12,Surrey Police,Northumbria Police,-2.101077,54.974279,On or near Supermarket,E01027476,Northumberland 035A,Other theft,Investigation complete; no suspect identified,
1b0e79dc8543f4e31a19a041e7a8f83a05e0271cc3b15f4f990b31fe4ed98f7f,2015-12,Surrey Police,Northumbria Police,-2.101077,54.974279,On or near Supermarket,E01027476,Northumberland 035A,Theft from the person,Investigation complete; no suspect identified,
bdf16b8507099e976fa713c1b526a0c301a8dba8495fe204e9a2d42bfcab61ff,2015-12,Surrey Police,Northumbria Police,-2.122059,54.990273,On or near Howford Lane,E01027476,Northumberland 035A,Vehicle crime,Investigation complete; no suspect identified,
b3bb1895dcceb07f99fe3f49dd947eef6e9361c1190b55124495c2b665307449,2015-12,Surrey Police,Northumbria Police,-2.122059,54.990273,On or near Howford Lane,E01027476,Northumberland 035A,Vehicle crime,Investigation complete; no suspect identified,
89f194b769f51c7a610d4995b99d77571d7ec2e665180142f9865568b54c1b3d,2015-12,Surrey Police,Northumbria Police,-2.101077,54.974279,On or near Supermarket,E01027476,Northumberland 035A,Vehicle crime,Under investigation,
2b95f6c873724d39bfb96a1b28c34e9c173efd92265d274512cde11c81766e29,2015-12,Surrey Police,Northumbria Police,-2.101383,54.971934,On or near Back Row,E01027476,Northumberland 035A,Violence and sexual offences,Awaiting court outcome,
1c43e4c445f2e489e30428c0db734dc39c8edd25946b5317ece48ec07b5ebf19,2015-12,Surrey Police,Northumbria Police,-2.088519,54.982754,On or near Oakwood Bank,E01027476,Northumberland 035A,Violence and sexual offences,Under investigation,
,2015-12,Surrey Police,Northumbria Police,-2.110734,54.963856,On or near Wydon Park,E01027489,Northumberland 035B,Anti-social behaviour,,
,2015-12,Surrey Police,Northumbria Police,-2.100800,54.970011,On or near Cattle Market,E01027490,Northumberland 035C,Anti-social behaviour,,
,2015-12,Surrey Police,Northumbria Police,-2.106736,54.969934,On or near Hencotes,E01027490,Northumberland 035C,Anti-social behaviour,,
,2015-12,Surrey Police,Northumbria Police,-2.108083,54.965413,On or near Priestlands Close,E01027490,Northumberland 035C,Anti-social behaviour,,
,2015-12,Surrey Police,Northumbria Police,-2.107837,54.966833,On or near Priestlands Road,E01027490,Northumberland 035C,Anti-social behaviour,,
,2015-12,Surrey Police,Northumbria Police,-2.101224,54.970837,On or near Supermarket,E01027490,Northumberland 035C,Anti-social behaviour,,
,2015-12,Surrey Police,Northumbria Police,-2.102114,54.970477,On or near St Mary'S Wynd,E01027490,Northumberland 035C,Anti-social behaviour,,
,2015-12,Surrey Police,Northumbria Police,-2.101224,54.970837,On or near Supermarket,E01027490,Northumberland 035C,Anti-social behaviour,,
,2015-12,Surrey Police,Northumbria Police,-2.100816,54.970146,On or near Fore Street,E01027490,Northumberland 035C,Anti-social behaviour,,
005e855303d5d84255db480161b3583f069f203bdd9c480a7dc2d45d7f47338e,2015-12,Surrey Police,Northumbria Police,-2.107837,54.966833,On or near Priestlands Road,E01027490,Northumberland 035C,Criminal damage and arson,Investigation complete; no suspect identified,
df07766b6ca09c75ddd782f7c20f695983a9738dff6228a17dcdbc02dca09498,2015-12,Surrey Police,Northumbria Police,-2.102471,54.969848,On or near Battle Hill,E01027490,Northumberland 035C,Criminal damage and arson,Investigation complete; no suspect identified,
523b10962bc48511e6707f72d96afb57123e43305860d85f31235d7561d1b5ff,2015-12,Surrey Police,Northumbria Police,-2.110752,54.964916,On or near St Johns Road,E01027490,Northumberland 035C,Criminal damage and arson,Investigation complete; no suspect identified,
20bff27480a06bdc5915d21c968e102ed4c2562bbf64912504248e8e6480201b,2015-12,Surrey Police,Northumbria Police,-2.100800,54.970011,On or near Cattle Market,E01027490,Northumberland 035C,Criminal damage and arson,Investigation complete; no suspect identified,
90385f34fa27677dc70207c4a069830b9da5bc423069069eba76b47957cd6c0e,2015-12,Surrey Police,Northumbria Police,-2.102114,54.970477,On or near St Mary'S Wynd,E01027490,Northumberland 035C,Drugs,Offender given a drugs possession warning,
50abe7fddecc3a91f6abf80efe0c3bd0354a946f1602a55f194a557ffa205276,2015-12,Surrey Police,Northumbria Police,-2.100816,54.970146,On or near Fore Street,E01027490,Northumberland 035C,Shoplifting,Awaiting court outcome,
adbd329e61439904e09639b914e3dea1570e0abf4c0b4274725e387a563d738e,2015-12,Surrey Police,Northumbria Police,-2.101224,54.970837,On or near Supermarket,E01027490,Northumberland 035C,Shoplifting,Under investigation,
ed6c5fc3e2408a176918e59fbbadf13695e5a727e0dbdc5456eb83eeb29fa223,2015-12,Surrey Police,Northumbria Police,-2.100800,54.970011,On or near Cattle Market,E01027490,Northumberland 035C,Theft from the person,Investigation complete; no suspect identified,
5a6f4a684192b80e0e920979fd88b226d67411c16db2018ccd0e7cfb5cbdd684,2015-12,Surrey Police,Northumbria Police,-2.101224,54.970837,On or near Supermarket,E01027490,Northumberland 035C,Violence and sexual offences,Under investigation,
d4e035adc7229938e9f22249eee356f4ccff3cbb699a9069776c2eb073d8e7e6,2015-12,Surrey Police,Northumbria Police,-2.101224,54.970837,On or near Supermarket,E01027490,Northumberland 035C,Violence and sexual offences,Investigation complete; no suspect identified,
1ca6d87bcb54ec05a60a09143b7e2e6d941257fe1c4a005bcea7bfc5ae6e3863,2015-12,Surrey Police,Northumbria Police,-2.101224,54.970837,On or near Supermarket,E01027490,Northumberland 035C,Violence and sexual offences,Awaiting court outcome,
9255b45452dd0395031e899aadac79608a1537f89d6f58ce0bd9289975be48fb,2015-12,Surrey Police,Northumbria Police,-2.100800,54.970011,On or near Cattle Market,E01027490,Northumberland 035C,Violence and sexual offences,Under investigation,
36cc121d259519bc807b9e8880a29809f76d958d476ff071ef788b8511d4de1d,2015-12,Surrey Police,Northumbria Police,-2.108083,54.965413,On or near Priestlands Close,E01027490,Northumberland 035C,Violence and sexual offences,Under investigation,
c9d00d08f07fe1943ba4382b90709c4c68fa531b125ab7c4d6832299fb27a61e,2015-12,Surrey Police,Northumbria Police,-2.112142,54.970486,On or near Police Station,E01027491,Northumberland 035D,Criminal damage and arson,Investigation complete; no suspect identified,
d1d24e50dbf1fb00c7249c1b2a6d8b170eb5fb169daa2acc1731a7fe2f843b15,2015-12,Surrey Police,Northumbria Police,-2.116604,54.962988,On or near Causey Way,E01027491,Northumberland 035D,Other theft,Investigation complete; no suspect identified,
2e3baf07857b04f58e58f5c00253b44b1cbf00dafb9a073a4d399150b5ca9c1c,2015-12,Surrey Police,Northumbria Police,-2.112142,54.970486,On or near Police Station,E01027491,Northumberland 035D,Violence and sexual offences,Under investigation,
d14e3ff5e1298381bde2fa9cd1905a1643d1b39118a23ec6417a872c5d15d9bf,2015-12,Surrey Police,Northumbria Police,-2.114888,54.969289,On or near Maidens Croft,E01027491,Northumberland 035D,Violence and sexual offences,Offender given a caution,
,2015-12,Surrey Police,Northumbria Police,-2.116878,54.971255,On or near Alexandra Crescent,E01027492,Northumberland 035E,Anti-social behaviour,,
7ecf7a6c0e6aa452fc30cd9b983e1e255069b0c1911a3285a1ea932f71252309,2015-12,Surrey Police,Northumbria Police,-2.111100,54.971943,On or near Westbourne Grove,E01027492,Northumberland 035E,Criminal damage and arson,Investigation complete; no suspect identified,
a06c9217e861734adfb4bce6c34f65caf16e9f65c03dab70ccb7bae4a303d8a5,2015-12,Surrey Police,Northumbria Police,-2.116878,54.971255,On or near Alexandra Crescent,E01027492,Northumberland 035E,Violence and sexual offences,Under investigation,
,2015-12,Surrey Police,Northumbria Police,-2.094159,54.968713,On or near Maiden'S Walk,E01027493,Northumberland 035F,Anti-social behaviour,,
,2015-12,Surrey Police,Northumbria Police,-2.090218,54.966640,On or near Hillcrest Drive,E01027493,Northumberland 035F,Anti-social behaviour,,
,2015-12,Surrey Police,Northumbria Police,-2.094968,54.967562,On or near Rede Avenue,E01027493,Northumberland 035F,Anti-social behaviour,,
,2015-12,Surrey Police,Northumbria Police,-2.094968,54.967562,On or near Rede Avenue,E01027493,Northumberland 035F,Anti-social behaviour,,
,2015-12,Surrey Police,Northumbria Police,-2.092515,54.967367,On or near Derwent Road,E01027493,Northumberland 035F,Anti-social behaviour,,
,2015-12,Surrey Police,Northumbria Police,-2.092545,54.966729,On or near Abbey View,E01027493,Northumberland 035F,Anti-social behaviour,,
,2015-12,Surrey Police,Northumbria Police,-2.091804,54.970620,On or near Peth Head,E01027493,Northumberland 035F,Anti-social behaviour,,
,2015-12,Surrey Police,Northumbria Police,-2.094968,54.967562,On or near Rede Avenue,E01027493,Northumberland 035F,Anti-social behaviour,,
dd3073ee86115b86e3241c025ef2862f9357ca4dc9015eb5568ad8afbbbc0b00,2015-12,Surrey Police,Northumbria Police,-2.094070,54.971059,On or near Dean Street,E01027493,Northumberland 035F,Criminal damage and arson,Under investigation,
1a4c2585bacbf23c0bbb384068105974c87649f43df8a921ee3a77f4909352d4,2015-12,Surrey Police,Northumbria Police,-2.095937,54.967777,On or near Wanless Lane,E01027493,Northumberland 035F,Criminal damage and arson,Investigation complete; no suspect identified,
c49b300d1ff63f6a898a92c46ea782e66f9b932ce51a9898f39e231499732272,2015-12,Surrey Police,Northumbria Police,-2.095361,54.968443,On or near Allen Drive,E01027493,Northumberland 035F,Criminal damage and arson,Investigation complete; no suspect identified,
cb1c7fa33862159c4181b2ebb46adcc57f14ecbc40670add70e459128dbcdaf2,2015-12,Surrey Police,Northumbria Police,-2.089876,54.967351,On or near Woodlea Crescent,E01027493,Northumberland 035F,Other theft,Investigation complete; no suspect identified,
ab5cc84a5406763fcd0da1f862ebb91ddf9768a819d40681f109217a5cf67309,2015-12,Surrey Police,Northumbria Police,-2.094070,54.971059,On or near Dean Street,E01027493,Northumberland 035F,Shoplifting,Investigation complete; no suspect identified,
fdca62827261047a64b023d5aa79c3598b1008052fa885f91ed5f9a141851092,2015-12,Surrey Police,Northumbria Police,-2.094070,54.971059,On or near Dean Street,E01027493,Northumberland 035F,Violence and sexual offences,Under investigation,
1353ddace4e70962093dc9f372ca0008ba90a8e47953aeab8fc9501d1033ecc3,2015-12,Surrey Police,Northumbria Police,-2.091804,54.970620,On or near Peth Head,E01027493,Northumberland 035F,Violence and sexual offences,Investigation complete; no suspect identified,
58c93a9df2cc55a431eb5ccc45b57b53f8c62a806b45dbd96d4fe2ac80794b5b,2015-12,Surrey Police,Northumbria Police,-2.094070,54.971059,On or near Dean Street,E01027493,Northumberland 035F,Violence and sexual offences,Under investigation,
801365868188801fde2790f61cf9ba7380db002ae95577682def3ccdedddba08,2015-12,Surrey Police,Northumbria Police,-2.094070,54.971059,On or near Dean Street,E01027493,Northumberland 035F,Violence and sexual offences,Investigation complete; no suspect identified,
82b8c9f358ae616e39f0495374c52edd0bad0de6338dad84ae5031129a913a21,2015-12,Surrey Police,Northumbria Police,-2.094070,54.971059,On or near Dean Street,E01027493,Northumberland 035F,Violence and sexual offences,Investigation complete; no suspect identified,
,2015-12,Surrey Police,Northumbria Police,-2.097832,54.969825,On or near Argyle Terrace,E01027494,Northumberland 035G,Anti-social behaviour,,
,2015-12,Surrey Police,Northumbria Police,-2.096104,54.972360,On or near Sports/Recreation Area,E01027494,Northumberland 035G,Anti-social behaviour,,
,2015-12,Surrey Police,Northumbria Police,-2.097832,54.969825,On or near Argyle Terrace,E01027494,Northumberland 035G,Anti-social behaviour,,
,2015-12,Surrey Police,Northumbria Police,-2.097832,54.969825,On or near Argyle Terrace,E01027494,Northumberland 035G,Anti-social behaviour,,
,2015-12,Surrey Police,Northumbria Police,-2.100003,54.969697,On or near Broadgates,E01027494,Northumberland 035G,Anti-social behaviour,,
,2015-12,Surrey Police,Northumbria Police,-2.097832,54.969825,On or near Argyle Terrace,E01027494,Northumberland 035G,Anti-social behaviour,,
,2015-12,Surrey Police,Northumbria Police,-2.095388,54.973403,On or near Parking Area,E01027494,Northumberland 035G,Anti-social behaviour,,
9bcc94cf1bcefb46b027e504786ab6096031bc50d5134854c46edd137f6bfd2b,2015-12,Surrey Police,Northumbria Police,-2.100348,54.970452,On or near Shopping Area,E01027494,Northumberland 035G,Criminal damage and arson,Investigation complete; no suspect identified,
8b54d6714b86b9c0bd9883a4ee7ab9c9477bc5baf728a6fc2ce7f884ece664da,2015-12,Surrey Police,Northumbria Police,-2.100348,54.970452,On or near Shopping Area,E01027494,Northumberland 035G,Other theft,Under investigation,
b0340ac2b9b47edc782bd4219364b708f0fb609a906d211e610adb472f4f7b95,2015-12,Surrey Police,Northumbria Police,-2.096104,54.972360,On or near Sports/Recreation Area,E01027494,Northumberland 035G,Other theft,Investigation complete; no suspect identified,
4ecfb92024819ac980e07c766c4bcbb0429e90b3127401bdc3cc53f2916ac91d,2015-12,Surrey Police,Northumbria Police,-2.098511,54.966337,On or near Park/Open Space,E01027494,Northumberland 035G,Public order,Investigation complete; no suspect identified,
7f69d910f92ec0cbb9b1617570f839b9992e895cc37abde56fa865f0936a60f9,2015-12,Surrey Police,Northumbria Police,-2.100348,54.970452,On or near Shopping Area,E01027494,Northumberland 035G,Shoplifting,Investigation complete; no suspect identified,
1f781774b87606dfe9d8b9987aae5324c39a4fe57af3e7043801fbc688122b14,2015-12,Surrey Police,Northumbria Police,-2.076023,54.968295,On or near Eastwood Grange Road,E01027494,Northumberland 035G,Shoplifting,Offender fined,
e1b89db420e616befb92b1acb680c856305c9c19f56947f81be41869ef539b76,2015-12,Surrey Police,Northumbria Police,-2.100195,54.971359,On or near Hallgate,E01027494,Northumberland 035G,Violence and sexual offences,Under investigation,
a832cf44df89b4b318bc9cd06da881ee1dd3f7e7f865e7dd8e48c441fb2506c3,2015-12,Surrey Police,Northumbria Police,-2.097832,54.969825,On or near Argyle Terrace,E01027494,Northumberland 035G,Violence and sexual offences,Investigation complete; no suspect identified,
bb15db7cd0d646d9024cf7dcc53026051496b91fdd232ce2eacce0e6682dd5dc,2015-12,Surrey Police,Northumbria Police,-2.098072,54.972125,On or near Parking Area,E01027494,Northumberland 035G,Violence and sexual offences,Investigation complete; no suspect identified,
,2015-12,Surrey Police,Northumbria Police,-1.943141,54.970309,On or near A69,E01027483,Northumberland 036A,Anti-social behaviour,,
c79a43a8e6a91fa1e52b0959da03be0e9951af4cba5e7e6f5f5dfc8a3993fae1,2015-12,Surrey Police,Northumbria Police,-1.899155,54.969607,On or near Springfield,E01027483,Northumberland 036A,Burglary,Under investigation,
25867fd5ae6225b85cd12564243eafe3f07591f343c97dc65e95afe585dae5bb,2015-12,Surrey Police,Northumbria Police,-1.956227,54.959963,On or near A68,E01027483,Northumberland 036A,Violence and sexual offences,Under investigation,
738cb2a05459204dbe1d799b3316481fad0aac4a965d34db40d9d663ca639366,2015-12,Surrey Police,Northumbria Police,-1.871045,54.967630,On or near Burnside Close,E01027496,Northumberland 036B,Violence and sexual offences,Investigation complete; no suspect identified,
f11a4a4d6778ab66df089d19815921f377f2f36b157dcae6694ff19a0fa6db38,2015-12,Surrey Police,Northumbria Police,-1.884409,54.953562,On or near Chapel Row,E01027508,Northumberland 036C,Violence and sexual offences,Under investigation,
,2015-12,Surrey Police,Northumbria Police,-1.823011,54.979001,On or near Denecroft,E01027513,Northumberland 036D,Anti-social behaviour,,
5ba5c068e17ec525ddee36c1e1bbe16a5b0b99a51c83e9fd87ca85c22119f34d,2015-12,Surrey Police,Northumbria Police,-1.814035,54.974045,On or near Station Road,E01027513,Northumberland 036D,Burglary,Investigation complete; no suspect identified,
9212824b87ebbca449bacb9031257e0e9bee122789ab4e40c721999281c2fbc5,2015-12,Surrey Police,Northumbria Police,-1.824613,54.977152,On or near Church Road,E01027513,Northumberland 036D,Burglary,Investigation complete; no suspect identified,
506701d583301cba218723a6a917d19013d0724dc5be808427c2afc581ce78a1,2015-12,Surrey Police,Northumbria Police,-1.821753,54.977417,On or near Woodvale Gardens,E01027513,Northumberland 036D,Burglary,Investigation complete; no suspect identified,
24fd44e20615ebc208d513321f039277f2e1b62c593348093807cac9cb536a77,2015-12,Surrey Police,Northumbria Police,-1.822323,54.975594,On or near Woodcroft Road,E01027513,Northumberland 036D,Burglary,Investigation complete; no suspect identified,
cb987b692c01ad8487c603abe25ce8682d76f2bb12bb951cc733ee9bf5bbf1e4,2015-12,Surrey Police,Northumbria Police,-1.824613,54.977152,On or near Church Road,E01027513,Northumberland 036D,Other theft,Investigation complete; no suspect identified,
4a87b633750417f3a2a3196554978262e1d95fcc667d8e32c2268265624e54f4,2015-12,Surrey Police,Northumbria Police,-1.828390,54.981677,On or near Holeyn Hall Road,E01027513,Northumberland 036D,Vehicle crime,Investigation complete; no suspect identified,
fa6a2f99c1f234b5aec06fc017f9fa21a70b675659a97ac55fb184f100027361,2015-12,Surrey Police,Northumbria Police,-1.823011,54.979001,On or near Denecroft,E01027513,Northumberland 036D,Vehicle crime,Investigation complete; no suspect identified,
95ea1c73f74d45515d323b2581bc18845e20d642c2e4e0d46b2c34b2861459f4,2015-12,Surrey Police,Northumbria Police,-1.818251,54.977915,On or near Hackworth Gardens,E01027513,Northumberland 036D,Vehicle crime,Investigation complete; no suspect identified,
,2015-12,Surrey Police,Northumbria Police,-2.570296,54.992088,On or near Irthing Park,E01027484,Northumberland 037A,Anti-social behaviour,,
,2015-12,Surrey Police,Northumbria Police,-2.357198,54.975378,On or near Thumbtree Close,E01027484,Northumberland 037A,Anti-social behaviour,,
6730a4b52186b2e9e49a202b599756e1de5e698c6fd9d1f3b4fae9b3d3d2abf8,2015-12,Surrey Police,Northumbria Police,-2.512422,54.970159,On or near Parking Area,E01027484,Northumberland 037A,Other theft,Investigation complete; no suspect identified,
12f25bac665a2207c4d4e4b4a0fa48b44909f70fc7ede05c32c1d904f16d7b41,2015-12,Surrey Police,Northumbria Police,-2.362204,54.974365,On or near Parking Area,E01027484,Northumberland 037A,Violence and sexual offences,Under investigation,
ea1be4cc43a54b5f448421919f99330ac30f54a2160de4b2bced17ba83c1c7d4,2015-12,Surrey Police,Northumbria Police,-2.460886,54.971219,On or near Aesica Road,E01027485,Northumberland 037B,Violence and sexual offences,Awaiting court outcome,
,2015-12,Surrey Police,Northumbria Police,-2.456869,54.971045,On or near Main Street,E01027486,Northumberland 037C,Anti-social behaviour,,
,2015-12,Surrey Police,Northumbria Police,-2.462174,54.969120,On or near Sycamore Street,E01027486,Northumberland 037C,Anti-social behaviour,,
d1359ab5ec08e0f964304c4a52a2e74a237c3c1db832bd284aaeda0b52ae2563,2015-12,Surrey Police,Northumbria Police,-2.462174,54.969120,On or near Sycamore Street,E01027486,Northumberland 037C,Violence and sexual offences,Under investigation,
c333b4766368bd7587a8eb68c51a5205a6ccb4007b496a7e1cdcfb2dbabff02f,2015-12,Surrey Police,Northumbria Police,-2.471081,54.965383,On or near Wyndon Lane,E01027486,Northumberland 037C,Violence and sexual offences,Investigation complete; no suspect identified,
84eb2796597690852e34c9444799bd0a607d0b6f935a00d0c8b727319300db78,2015-12,Surrey Police,Northumbria Police,-2.537680,54.919816,On or near Pennine Road,E01027512,Northumberland 037E,Criminal damage and arson,Investigation complete; no suspect identified,
1d64437b300f8ca8a5f0669b48f86b2f15a7de8c966f1613ec9833ae51b036a9,2015-12,Surrey Police,Northumbria Police,-2.449688,54.954690,On or near Park/Open Space,E01027512,Northumberland 037E,Violence and sexual offences,Awaiting court outcome,
8675cb6cbd1b5f6c80b155a938e6e31110cb37da9ffb217eddd6ad615ecaf911,2015-12,Surrey Police,Northumbria Police,-2.341781,54.907594,On or near Common Bank,E01027512,Northumberland 037E,Violence and sexual offences,Investigation complete; no suspect identified,
,2015-12,Surrey Police,Northumbria Police,-1.849908,54.964497,On or near Carnaby Close,E01027497,Northumberland 038A,Anti-social behaviour,,
,2015-12,Surrey Police,Northumbria Police,-1.863087,54.965205,On or near Princess Way,E01027497,Northumberland 038A,Anti-social behaviour,,
,2015-12,Surrey Police,Northumbria Police,-1.861535,54.962291,On or near Dene Grove,E01027497,Northumberland 038A,Anti-social behaviour,,
,2015-12,Surrey Police,Northumbria Police,-1.861535,54.962291,On or near Dene Grove,E01027497,Northumberland 038A,Anti-social behaviour,,
55c1e3cabd4d097ff33059d19a1c26abf6d4cdd91413988e08044d2f639a6069,2015-12,Surrey Police,Northumbria Police,-1.861535,54.962291,On or near Dene Grove,E01027497,Northumberland 038A,Criminal damage and arson,Under investigation,
,2015-12,Surrey Police,Northumbria Police,-1.846314,54.964879,On or near Farmwell Place,E01027498,Northumberland 038B,Anti-social behaviour,,
,2015-12,Surrey Police,Northumbria Police,-1.841247,54.962599,On or near The Close,E01027498,Northumberland 038B,Anti-social behaviour,,
,2015-12,Surrey Police,Northumbria Police,-1.837955,54.961786,On or near West Wylam Drive,E01027498,Northumberland 038B,Anti-social behaviour,,
,2015-12,Surrey Police,Northumbria Police,-1.837955,54.961786,On or near West Wylam Drive,E01027498,Northumberland 038B,Anti-social behaviour,,
,2015-12,Surrey Police,Northumbria Police,-1.837955,54.961786,On or near West Wylam Drive,E01027498,Northumberland 038B,Anti-social behaviour,,
,2015-12,Surrey Police,Northumbria Police,-1.844555,54.963232,On or near Broomhill Road,E01027498,Northumberland 038B,Anti-social behaviour,,
,2015-12,Surrey Police,Northumbria Police,-1.852790,54.962155,On or near Kepwell Court,E01027498,Northumberland 038B,Anti-social behaviour,,
afe8b0a29d9f5d0300dfa843854570066fe6bb77db7079f3ad318ccb70e2de17,2015-12,Surrey Police,Northumbria Police,-1.835422,54.962349,On or near Sandyford Avenue,E01027498,Northumberland 038B,Other theft,Investigation complete; no suspect identified,
9dc40106512397c73ebdaa5b6e9074f2a201b96b7324f2f58be1ecba9d2b92b0,2015-12,Surrey Police,Northumbria Police,-1.849996,54.961729,On or near Shopping Area,E01027498,Northumberland 038B,Shoplifting,Under investigation,
e9bee2109718901f519c8b8e8dc735143f58fadf85808f572d7e034d54627405,2015-12,Surrey Police,Northumbria Police,-1.849996,54.961729,On or near Shopping Area,E01027498,Northumberland 038B,Shoplifting,Under investigation,
680eceab53fb9104945b8640756f3538ec281760df27ce5567d3644fa3027f13,2015-12,Surrey Police,Northumbria Police,-1.837955,54.961786,On or near West Wylam Drive,E01027498,Northumberland 038B,Violence and sexual offences,Under investigation,
32a79734bc53866145fe474aa796701e059b8e698e36bae20c05479f1254258b,2015-12,Surrey Police,Northumbria Police,-1.841247,54.962599,On or near The Close,E01027498,Northumberland 038B,Violence and sexual offences,Under investigation,
2f8ee00ee67b4003a47263d1dbc489e7a14bc2ac2da23542cd966a76e3389f18,2015-12,Surrey Police,Northumbria Police,-1.841510,54.963112,On or near Adderlane Road,E01027498,Northumberland 038B,Violence and sexual offences,Under investigation,
11e4c682edb07df40e51db5f027271ed1b74d774491d021dc4e4adf5c79edd62,2015-12,Surrey Police,Northumbria Police,-1.847077,54.961420,On or near Police Station,E01027498,Northumberland 038B,Violence and sexual offences,Under investigation,
a6820db06312ac6d6327f0f85f27b0b08cb584ae08a808f4322f56e1660ebbae,2015-12,Surrey Police,Northumbria Police,-1.853039,54.958103,On or near Highfield,E01027499,Northumberland 038C,Criminal damage and arson,Investigation complete; no suspect identified,
2b7e6ae18a33289232874046fbaeb713bfd7edd574a461d34f7e6bde3c05c7b5,2015-12,Surrey Police,Northumbria Police,-1.847266,54.956811,On or near Orchard Close,E01027499,Northumberland 038C,Criminal damage and arson,Under investigation,
422f49060297082f06f3c4028bdc0ea682573a29add8552c029eacfe7623a7dd,2015-12,Surrey Police,Northumbria Police,-1.842793,54.950497,On or near Moor Road,E01027499,Northumberland 038C,Criminal damage and arson,Investigation complete; no suspect identified,
67754ddbeafe32873dd36dcf246810e1fd8d294fb2c170c110cf3abfe78ee179,2015-12,Surrey Police,Northumbria Police,-1.837272,54.960698,On or near The Copse,E01027499,Northumberland 038C,Criminal damage and arson,Under investigation,
524ee3152c0a7d114c3aa8539e9de744e62ec8fabbf9a832a9cac12e4ee82140,2015-12,Surrey Police,Northumbria Police,-1.842793,54.950497,On or near Moor Road,E01027499,Northumberland 038C,Violence and sexual offences,Awaiting court outcome,
453c9c6f7b90b6995416f13a17d5a2108c745aa3c22c81c571c51e44e709d768,2015-12,Surrey Police,Northumbria Police,-1.846925,54.956082,On or near Park Lane,E01027499,Northumberland 038C,Violence and sexual offences,Under investigation,
55ccac7805f5fe52860bd3be6a9baf6be3a948a0a276c4054ca0753909785567,2015-12,Surrey Police,Northumbria Police,-1.843551,54.956366,On or near Park Avenue,E01027499,Northumberland 038C,Violence and sexual offences,Under investigation,
475ee29b0700b1a88409a282da37b57ab837b921cea5ee1c7f90d79838d67ad9,2015-12,Surrey Police,Northumbria Police,-1.842793,54.950497,On or near Moor Road,E01027499,Northumberland 038C,Violence and sexual offences,Under investigation,
1415188674d83d7f1d629d4dd532c35fabf042b5943db1e2438a6005a67f26a8,2015-12,Surrey Police,Northumbria Police,-1.843551,54.956366,On or near Park Avenue,E01027499,Northumberland 038C,Violence and sexual offences,Under investigation,
dfa9151f3575156097c19094b347d0ff1b1101eb5c53e021384b3f0e6e9bfd0e,2015-12,Surrey Police,Northumbria Police,-1.842793,54.950497,On or near Moor Road,E01027499,Northumberland 038C,Violence and sexual offences,Awaiting court outcome,
,2015-12,Surrey Police,Northumbria Police,-1.845360,54.961068,On or near Petrol Station,E01027500,Northumberland 038D,Anti-social behaviour,,
,2015-12,Surrey Police,Northumbria Police,-1.844415,54.959098,On or near Redwell Road,E01027500,Northumberland 038D,Anti-social behaviour,,
d57782fd2c47a5ffb53f3ee8f88d7c4f5e9f9f1c3e153a04ab0b6e8029742d97,2015-12,Surrey Police,Northumbria Police,-1.847814,54.960639,On or near The Haven,E01027500,Northumberland 038D,Criminal damage and arson,Investigation complete; no suspect identified,
78f54b324721faba0d892b6a28861b59c26883debaa42c89816ca7e1aa46c3da,2015-12,Surrey Police,Northumbria Police,-1.853279,54.960799,On or near Locomotive Court,E01027500,Northumberland 038D,Criminal damage and arson,Offender given penalty notice,
df4a5d456db9570afdd0d96f9ae35e7c570d671ce93870a5da9461abff7bb887,2015-12,Surrey Police,Northumbria Police,-1.853371,54.961149,On or near West Road,E01027500,Northumberland 038D,Drugs,Offender given a drugs possession warning,
96407f77f0bde3188abafe55e8e943631ee598b438cc66a66cc692ada4cdf48f,2015-12,Surrey Police,Northumbria Police,-1.845360,54.961068,On or near Petrol Station,E01027500,Northumberland 038D,Other theft,Under investigation,
237e3e28d2894ec4442ddc5cbb23122cd90ad2a53bdd41fa4e40e6699953fa3d,2015-12,Surrey Police,Northumbria Police,-1.845360,54.961068,On or near Petrol Station,E01027500,Northumberland 038D,Public order,Awaiting court outcome,
158026bdb7db8299dfef5e9df2ffa7b17fe9a78c356c349b53153ad98228aa19,2015-12,Surrey Police,Northumbria Police,-1.850389,54.961002,On or near Supermarket,E01027500,Northumberland 038D,Shoplifting,Offender given a caution,
2901c5e785df8cd73b83c9aeb7cae7219f54b82a3032db695d77fcff43ad537f,2015-12,Surrey Police,Northumbria Police,-1.845360,54.961068,On or near Petrol Station,E01027500,Northumberland 038D,Shoplifting,Offender given penalty notice,
06e2dfd0a6431194147d685711516fa329fab0b893a4292f2186c62569e93368,2015-12,Surrey Police,Northumbria Police,-1.851170,54.960859,On or near Oakfield Terrace,E01027500,Northumberland 038D,Violence and sexual offences,Under investigation,
30851b352bab63282b5d2a69fcf1fd0641793922cea6cba08845f3263e415cab,2015-12,Surrey Police,Northumbria Police,-1.853371,54.961149,On or near West Road,E01027500,Northumberland 038D,Violence and sexual offences,Awaiting court outcome,
6a2fe136ed439be49fa2bbb2c73dc457f0ad7a2787a0f0cb0987ade94640b13b,2015-12,Surrey Police,Northumbria Police,-1.847814,54.960639,On or near The Haven,E01027500,Northumberland 038D,Violence and sexual offences,Under investigation,
b75151900ed685def8e5f9829952da25d5c64365b1e6c761271f93d1b60f8f65,2015-12,Surrey Police,Northumbria Police,-1.845360,54.961068,On or near Petrol Station,E01027500,Northumberland 038D,Violence and sexual offences,Awaiting court outcome,
7cac015e23b3e63ad9a01355ebbbd5b6a1f8fc839df3ae75d0355e584d5802ec,2015-12,Surrey Police,Northumbria Police,-1.842793,54.958503,On or near Cheviot View,E01027500,Northumberland 038D,Other crime,Offender given a caution,
440dd5cade6081ec57df8f7c4862c0676e72ab91cf2ecf0af94d111da74a7600,2015-12,Surrey Police,Northumbria Police,-1.845360,54.961068,On or near Petrol Station,E01027500,Northumberland 038D,Other crime,Under investigation,
,2015-12,Surrey Police,Northumbria Police,-1.855479,54.961484,On or near Parking Area,E01027501,Northumberland 038E,Anti-social behaviour,,
c3a92b0b80ca97e4c05a8bc26ab39f1a43c109649b5793fe4d1f7de47f4088e0,2015-12,Surrey Police,Northumbria Police,-1.866946,54.955351,On or near Beaumont Way,E01027502,Northumberland 038F,Violence and sexual offences,Under investigation,
,2015-12,Surrey Police,Northumbria Police,-2.017841,54.974437,On or near Supermarket,E01027481,Northumberland 039A,Anti-social behaviour,,
,2015-12,Surrey Police,Northumbria Police,-2.029884,55.013758,On or near B6318,E01027481,Northumberland 039A,Anti-social behaviour,,
e06c82a1380deaf8650607a46ece09afc41bc30ce61a9842ca89ce65a4f34618,2015-12,Surrey Police,Northumbria Police,-1.991328,54.986758,On or near B6321,E01027481,Northumberland 039A,Burglary,Investigation complete; no suspect identified,
4e3f19f3c2a19983466388fb0f2f529c25e24048044cc1517300d59ad6e2e0ae,2015-12,Surrey Police,Northumbria Police,-2.018389,54.975353,On or near St Helen'S Street,E01027481,Northumberland 039A,Violence and sexual offences,Under investigation,
ecb036b2b23305038e67af58c0447c5c608f0ed42698ce3f83d78a0205433b8e,2015-12,Surrey Police,Northumbria Police,-2.013593,54.976405,On or near Glebelands,E01027482,Northumberland 039B,Burglary,Investigation complete; no suspect identified,
4df26a84d0c7275efa7581ad89f6f3c62b86a4d9e11b1b378fe6dc14ff58ceb3,2015-12,Surrey Police,Northumbria Police,-2.015515,54.977196,On or near St Helen'S Lane,E01027482,Northumberland 039B,Criminal damage and arson,Investigation complete; no suspect identified,
88b424c6eb9160995e186c16374595abb66b271f7229ceb3f51af95ff2b42753,2015-12,Surrey Police,Northumbria Police,-2.019074,54.970716,On or near Station Road,E01027504,Northumberland 039C,Other theft,Investigation complete; no suspect identified,
b1f63e349da1a53ccb10852a23928aa0924d96690cd899319da084191513ab9b,2015-12,Surrey Police,Northumbria Police,-2.090414,54.977361,On or near Ferry Road,E01027504,Northumberland 039C,Other theft,Investigation complete; no suspect identified,
499b85f8d6ff7548e49761d31af0ac8184c22833bb31fc1312f26df039d55107,2015-12,Surrey Police,Northumbria Police,-1.954404,54.900554,On or near Park/Open Space,E01027506,Northumberland 039D,Burglary,Investigation complete; no suspect identified,
13d20d5e9c43514aa3ee593b37518cc1867efc67ada1df3449d130bce3940ef2,2015-12,Surrey Police,Northumbria Police,-2.054585,54.847836,On or near B6306,E01027506,Northumberland 039D,Violence and sexual offences,Under investigation,
5a73d4df64d735fdd3118a748eb281d4ddf483425aede0797a986e1d4cc04928,2015-12,Surrey Police,Northumbria Police,-1.915424,54.943460,On or near Guessburn,E01027509,Northumberland 039F,Vehicle crime,Investigation complete; no suspect identified,
,2015-12,Surrey Police,Northumbria Police,-2.250445,54.897078,On or near Dale Park,E01027478,Northumberland 040B,Anti-social behaviour,,
,2015-12,Surrey Police,Northumbria Police,-2.252766,54.971389,On or near Innerhaugh Mews,E01027488,Northumberland 040C,Anti-social behaviour,,
24f9639e5bb3d9a72047e9553b3a168f359fc3edd492f8db0146309a46c68a61,2015-12,Surrey Police,Northumbria Police,-2.249610,54.973741,On or near Strother Close,E01027488,Northumberland 040C,Burglary,Investigation complete; no suspect identified,
9931212f3eea20d3388fc2e658508deb902a7e168b889b16938a4ebc94e0b084,2015-12,Surrey Police,Northumbria Police,-2.233302,54.987433,On or near Park/Open Space,E01027488,Northumberland 040C,Burglary,Investigation complete; no suspect identified,
5825adb4a4284c0a1111a3de83d9c0a5f134c1e9bb7c3d687f7f2d3f34aa0ad9,2015-12,Surrey Police,Northumbria Police,-2.247561,54.973332,On or near Supermarket,E01027488,Northumberland 040C,Burglary,Investigation complete; no suspect identified,
0d71ac86999c309610d9bd707dcb1263077402da518d10389921df9faa1fe394,2015-12,Surrey Police,Northumbria Police,-2.252915,54.972728,On or near Greenwich Gardens,E01027488,Northumberland 040C,Burglary,Investigation complete; no suspect identified,
351fcfb94fff0db264f946d8f1e7c819ca68d1f1e6971d71aa0973340e19fde3,2015-12,Surrey Police,Northumbria Police,-2.259006,54.994273,On or near North Road,E01027488,Northumberland 040C,Burglary,Investigation complete; no suspect identified,
cd5e1ff433ae9148df139a29074ae31e19ae47a6b587ce6f558174f3c49d4970,2015-12,Surrey Police,Northumbria Police,-2.259006,54.994273,On or near North Road,E01027488,Northumberland 040C,Burglary,Investigation complete; no suspect identified,
2e60c53365a0487774373e74eac010c745dc1edcdab04528ef6a5f6b6f3dca42,2015-12,Surrey Police,Northumbria Police,-2.259006,54.994273,On or near North Road,E01027488,Northumberland 040C,Burglary,Investigation complete; no suspect identified,
7adf739212116f4e766d5e553b27ceee1b75b96fb558325260f2f378a087c923,2015-12,Surrey Police,Northumbria Police,-2.259006,54.994273,On or near North Road,E01027488,Northumberland 040C,Burglary,Investigation complete; no suspect identified,
f620e9acfdfd8bf67e5fb40864b927e259a52d479dd3a85e86e76f7a2d92cd2e,2015-12,Surrey Police,Northumbria Police,-2.269890,54.971820,On or near Parking Area,E01027488,Northumberland 040C,Criminal damage and arson,Under investigation,
55a7a249a3061cf1f80cba83404f6bad54c70d98f7c5dcd15c807f7a71517c14,2015-12,Surrey Police,Northumbria Police,-2.251007,54.972274,On or near Ratcliffe Road,E01027488,Northumberland 040C,Criminal damage and arson,Offender given a caution,
d16961650c6e20ba847e11a2351c2e7e12383167c1c2b5a410a98774b7c2a113,2015-12,Surrey Police,Northumbria Police,-2.273360,54.946848,On or near A686,E01027488,Northumberland 040C,Criminal damage and arson,Investigation complete; no suspect identified,
0ef35feb6fccb74a32ca5b002b094addd3ad4b6bfbd4ebde2222c29b3317cc8a,2015-12,Surrey Police,Northumbria Police,-2.281497,54.991968,On or near Haresby Road,E01027488,Northumberland 040C,Other theft,Under investigation,
013eb96b4b2a12d5b9116b75995bdc4bcfcb0d0418d17011da3d002ebeb5b459,2015-12,Surrey Police,Northumbria Police,-2.246179,54.972122,On or near Shaftoe Street,E01027488,Northumberland 040C,Other theft,Investigation complete; no suspect identified,
1c3d7b4266dfc3a6ca3a5c2f7a462e9e96c0edfa3d5d49502fe3c26bd9c2ee9b,2015-12,Surrey Police,Northumbria Police,-2.247676,54.974212,On or near Church Street,E01027488,Northumberland 040C,Public order,Investigation complete; no suspect identified,
ce2dcc2d31b140b216472527d09ebd7cf7cc63511f0be8caa566c7403dbfe175,2015-12,Surrey Police,Northumbria Police,-2.128802,55.031405,On or near Hadrian Court,E01027495,Northumberland 040D,Other theft,Investigation complete; no suspect identified,
1ac8afbf2d1f4578bfc5667aa51e9391a83156ea16d7826b58a7d27113afa09b,2015-12,Surrey Police,Northumbria Police,-2.128802,55.031405,On or near Hadrian Court,E01027495,Northumberland 040D,Other theft,Under investigation,
b93fc792bae5c91cf2c7ad47de513b2f96fbf9b5ea58a592c5240adf86f55cbf,2015-12,Surrey Police,Northumbria Police,-2.150210,55.024802,On or near B6319,E01027495,Northumberland 040D,Vehicle crime,Awaiting court outcome,
e02ad5802a93054c7710c8d0d41bf55b240f34847f58e67dee6d1ca34cf7e89c,2015-12,Surrey Police,Northumbria Police,-2.125503,55.027023,On or near Petrol Station,E01027495,Northumberland 040D,Vehicle crime,Under investigation,
,2015-12,Surrey Police,Northumbria Police,-2.041548,54.906675,On or near Lead Road,E01027505,Northumberland 040E,Anti-social behaviour,,
,2015-12,Surrey Police,Northumbria Police,-2.043038,54.914322,On or near Church Close,E01027505,Northumberland 040E,Anti-social behaviour,,
,2015-12,Surrey Police,Northumbria Police,-2.186501,55.005064,On or near Stanegate,E01027510,Northumberland 040F,Anti-social behaviour,,
ba781463674846bbf9e8b60dccb659fb452a0c764c0db3edacbb4a590140e48a,2015-12,Surrey Police,Northumbria Police,-2.200810,55.005796,On or near Home Farm,E01027510,Northumberland 040F,Burglary,Investigation complete; no suspect identified,
,2015-12,Surrey Police,Northumbria Police,-1.427848,54.994167,On or near Bolingbroke Street,E01008595,South Tyneside 001A,Anti-social behaviour,,
,2015-12,Surrey Police,Northumbria Police,-1.427853,54.991579,On or near Imeary Street,E01008595,South Tyneside 001A,Anti-social behaviour,,
,2015-12,Surrey Police,Northumbria Police,-1.429001,54.995493,On or near Beach Road,E01008595,South Tyneside 001A,Anti-social behaviour,,
,2015-12,Surrey Police,Northumbria Police,-1.425745,54.992530,On or near Hyde Street,E01008595,South Tyneside 001A,Anti-social behaviour,,
,2015-12,Surrey Police,Northumbria Police,-1.429001,54.995493,On or near Beach Road,E01008595,South Tyneside 001A,Anti-social behaviour,,
56431905794dba1bfcd03145307ca36d17c123dc72330b2748e5709e21eebeee,2015-12,Surrey Police,Northumbria Police,-1.425358,54.992268,On or near Beethoven Street,E01008595,South Tyneside 001A,Burglary,Investigation complete; no suspect identified,
c21fae60419075ad9417c0dfa32077cadeabcf42e07edeebcb4cea9c6cdc547a,2015-12,Surrey Police,Northumbria Police,-1.428443,54.994035,On or near Romilly Street,E01008595,South Tyneside 001A,Criminal damage and arson,Investigation complete; no suspect identified,
ff4b77a69262e9bd5c94ef498589709d0b3164429391e8b5c45bc23ce105ba5f,2015-12,Surrey Police,Northumbria Police,-1.427853,54.991579,On or near Imeary Street,E01008595,South Tyneside 001A,Drugs,Investigation complete; no suspect identified,
4fe1a31bee50cb96e170f09b4c3dab27cfbaf375b8385ea004332c1ec3c2aed0,2015-12,Surrey Police,Northumbria Police,-1.428443,54.994035,On or near Romilly Street,E01008595,South Tyneside 001A,Public order,Under investigation,
f261c52fbbf93d2eb24be61dc929bd46c498df8028186f72a4f78a3ed9f77ea1,2015-12,Surrey Police,Northumbria Police,-1.425254,54.991917,On or near Spohr Terrace,E01008595,South Tyneside 001A,Vehicle crime,Investigation complete; no suspect identified,
4bf348acf2f48a1dbf5f979f3947027dc8c0d7a310248628e9cef2315f35ffbc,2015-12,Surrey Police,Northumbria Police,-1.425633,54.993815,On or near Tennyson Street,E01008595,South Tyneside 001A,Vehicle crime,Investigation complete; no suspect identified,
10935b8e5044069aa1ed3f99ba13009fab03015981802c3b9989087aaec53170,2015-12,Surrey Police,Northumbria Police,-1.425633,54.993815,On or near Tennyson Street,E01008595,South Tyneside 001A,Vehicle crime,Investigation complete; no suspect identified,
ef43b9de16dabb4d731a946fae266ed4fb2f232f16cf78d9fc134e38b7c3ba37,2015-12,Surrey Police,Northumbria Police,-1.428443,54.994035,On or near Romilly Street,E01008595,South Tyneside 001A,Violence and sexual offences,Investigation complete; no suspect identified,
c281ab32dfce4fe9dce8bb4784a4b5dff3b808c87bef0f447ba3c005562d7ea9,2015-12,Surrey Police,Northumbria Police,-1.424556,54.994825,On or near Erskine Road,E01008595,South Tyneside 001A,Violence and sexual offences,Under investigation,
5016a5624c9d4466d151823be90760ea76955ce7cd4a33868d0da01dcbfbb920,2015-12,Surrey Police,Northumbria Police,-1.426098,54.993035,On or near Wharton Street,E01008595,South Tyneside 001A,Violence and sexual offences,Investigation complete; no suspect identified,
,2015-12,Surrey Police,Northumbria Police,-1.430672,54.996723,On or near Fowler Street,E01008596,South Tyneside 001B,Anti-social behaviour,,
,2015-12,Surrey Police,Northumbria Police,-1.432057,54.999390,On or near Stanhope Street,E01008596,South Tyneside 001B,Anti-social behaviour,,
,2015-12,Surrey Police,Northumbria Police,-1.432057,54.999390,On or near Stanhope Street,E01008596,South Tyneside 001B,Anti-social behaviour,,
,2015-12,Surrey Police,Northumbria Police,-1.430751,54.998880,On or near Nightclub,E01008596,South Tyneside 001B,Anti-social behaviour,,
,2015-12,Surrey Police,Northumbria Police,-1.426397,54.997251,On or near Woodbine Street,E01008596,South Tyneside 001B,Anti-social behaviour,,
,2015-12,Surrey Police,Northumbria Police,-1.430751,54.998880,On or near Nightclub,E01008596,South Tyneside 001B,Anti-social behaviour,,
,2015-12,Surrey Police,Northumbria Police,-1.432057,54.999390,On or near Stanhope Street,E01008596,South Tyneside 001B,Anti-social behaviour,,
,2015-12,Surrey Police,Northumbria Police,-1.432057,54.999390,On or near Stanhope Street,E01008596,South Tyneside 001B,Anti-social behaviour,,
,2015-12,Surrey Police,Northumbria Police,-1.429277,54.999179,On or near Nightclub,E01008596,South Tyneside 001B,Anti-social behaviour,,
,2015-12,Surrey Police,Northumbria Police,-1.432057,54.999390,On or near Stanhope Street,E01008596,South Tyneside 001B,Anti-social behaviour,,
,2015-12,Surrey Police,Northumbria Police,-1.426397,54.997251,On or near Woodbine Street,E01008596,South Tyneside 001B,Anti-social behaviour,,
,2015-12,Surrey Police,Northumbria Police,-1.429277,54.999179,On or near Nightclub,E01008596,South Tyneside 001B,Anti-social behaviour,,
,2015-12,Surrey Police,Northumbria Police,-1.426503,54.999660,On or near Dale Street,E01008596,South Tyneside 001B,Anti-social behaviour,,
,2015-12,Surrey Police,Northumbria Police,-1.429277,54.999179,On or near Nightclub,E01008596,South Tyneside 001B,Anti-social behaviour,,
,2015-12,Surrey Police,Northumbria Police,-1.429277,54.999179,On or near Nightclub,E01008596,South Tyneside 001B,Anti-social behaviour,,
,2015-12,Surrey Police,Northumbria Police,-1.423808,54.996844,On or near Belgrave Terrace,E01008596,South Tyneside 001B,Anti-social behaviour,,
,2015-12,Surrey Police,Northumbria Police,-1.430436,55.000155,On or near James Mather Street,E01008596,South Tyneside 001B,Anti-social behaviour,,
,2015-12,Surrey Police,Northumbria Police,-1.429277,54.999179,On or near Nightclub,E01008596,South Tyneside 001B,Anti-social behaviour,,
,2015-12,Surrey Police,Northumbria Police,-1.429003,54.997542,On or near Anderson Street,E01008596,South Tyneside 001B,Anti-social behaviour,,
,2015-12,Surrey Police,Northumbria Police,-1.425983,54.999936,On or near Shortridge Street,E01008596,South Tyneside 001B,Anti-social behaviour,,
,2015-12,Surrey Police,Northumbria Police,-1.432057,54.999390,On or near Stanhope Street,E01008596,South Tyneside 001B,Anti-social behaviour,,
,2015-12,Surrey Police,Northumbria Police,-1.429003,54.997542,On or near Anderson Street,E01008596,South Tyneside 001B,Anti-social behaviour,,
62c9f67967825afd559260cec36313ec8440be00723ac3fc17d4860894f1e7b2,2015-12,Surrey Police,Northumbria Police,-1.423808,54.996844,On or near Belgrave Terrace,E01008596,South Tyneside 001B,Burglary,Investigation complete; no suspect identified,
c5d0ea602c8e06e9080be71675cbf2c6612435df868b3f2398edf1add802c090,2015-12,Surrey Police,Northumbria Police,-1.429169,54.998001,On or near Pedestrian Subway,E01008596,South Tyneside 001B,Criminal damage and arson,Under investigation,
376afc7a44fac5c4afcf06ea3638fcba43d5fe71fd3c8671ba8c509731e3390c,2015-12,Surrey Police,Northumbria Police,-1.429277,54.999179,On or near Nightclub,E01008596,South Tyneside 001B,Drugs,Offender deprived of property,
a5f01142dea8b0526daf64276f542e2ed0033fccb82afd337ddbebdba4923a3f,2015-12,Surrey Police,Northumbria Police,-1.430751,54.998880,On or near Nightclub,E01008596,South Tyneside 001B,Other theft,Investigation complete; no suspect identified,
b0de78344a6a2d05613011854f2866888d704af08a48fce5605e84301164a124,2015-12,Surrey Police,Northumbria Police,-1.430751,54.998880,On or near Nightclub,E01008596,South Tyneside 001B,Other theft,Investigation complete; no suspect identified,
376abf1a53715bf9f6a7e51e507c4795cd94d7f530f16b77cc273b194c50f234,2015-12,Surrey Police,Northumbria Police,-1.429277,54.999179,On or near Nightclub,E01008596,South Tyneside 001B,Possession of weapons,Awaiting court outcome,
72a87106ac8da2969ae1f680cc8e4cc90f2fd6816ebf53465c41495f5d4a17d7,2015-12,Surrey Police,Northumbria Police,-1.430751,54.998880,On or near Nightclub,E01008596,South Tyneside 001B,Public order,Investigation complete; no suspect identified,
8399f9267010141baed2677a2ad31f61daae239339ba95e125c0124145a1b4fb,2015-12,Surrey Police,Northumbria Police,-1.426503,54.999660,On or near Dale Street,E01008596,South Tyneside 001B,Public order,Investigation complete; no suspect identified,
a7b9b3e70ad1adaaf6f71d8b7fc6fd947a28c6145cd3c8d6d0e98908e72db18e,2015-12,Surrey Police,Northumbria Police,-1.429277,54.999179,On or near Nightclub,E01008596,South Tyneside 001B,Public order,Investigation complete; no suspect identified,
3767bd8a31ae6c54634c1c4738b3b7fb28cb0db911ee184f273c57a8c4f3d9b5,2015-12,Surrey Police,Northumbria Police,-1.430207,55.000873,On or near Coston Drive,E01008596,South Tyneside 001B,Public order,Investigation complete; no suspect identified,
9d8f3951c611c46b55f93b0259efca3e6954a41b5ba6b88c9b583a02b6a1188e,2015-12,Surrey Police,Northumbria Police,-1.430428,54.998501,On or near Parking Area,E01008596,South Tyneside 001B,Public order,Awaiting court outcome,
cf2bf22c43fe9fec24ae6ff7073ea9234eaade3701c424853adc90ff2b8ea905,2015-12,Surrey Police,Northumbria Police,-1.424881,54.997253,On or near Eastbourne Grove,E01008596,South Tyneside 001B,Public order,Awaiting court outcome,
1cc20b905e893520445009654ca4e2f58a516aed797f20f6ae4f42481f6df4db,2015-12,Surrey Police,Northumbria Police,-1.430751,54.998880,On or near Nightclub,E01008596,South Tyneside 001B,Shoplifting,Offender given conditional discharge,
fba7b2075dba5131da4d772047d00ea1616a917eb63bf2fef591c4e345b8b13e,2015-12,Surrey Police,Northumbria Police,-1.430751,54.998880,On or near Nightclub,E01008596,South Tyneside 001B,Shoplifting,Investigation complete; no suspect identified,
74cab7e6a5bef654f828f6e97281e7427c6e331806aae55a97d311851c989da9,2015-12,Surrey Police,Northumbria Police,-1.430751,54.998880,On or near Nightclub,E01008596,South Tyneside 001B,Shoplifting,Offender given conditional discharge,
068a63e244c64fd4cca2bcb4dfc5162091dc092b8d2cd6a770847e80b80ceebf,2015-12,Surrey Police,Northumbria Police,-1.430751,54.998880,On or near Nightclub,E01008596,South Tyneside 001B,Shoplifting,Awaiting court outcome,
4c56f216e663a55e95946cc5df12537e58c68e0dac4306a46c06ce25a98c7bd2,2015-12,Surrey Police,Northumbria Police,-1.430751,54.998880,On or near Nightclub,E01008596,South Tyneside 001B,Shoplifting,Offender given suspended prison sentence,
05b091022a6d1633708bcc2d9af61b420ff41fd4f79a7e7c9e648b4ce72249c7,2015-12,Surrey Police,Northumbria Police,-1.430436,55.000155,On or near James Mather Street,E01008596,South Tyneside 001B,Vehicle crime,Investigation complete; no suspect identified,
7bc48456a91e0068641f38e8ffaf1e9536b4c3667a0dabb8edcd9a459273e58e,2015-12,Surrey Police,Northumbria Police,-1.424453,54.996550,On or near Sydenham Terrace,E01008596,South Tyneside 001B,Violence and sexual offences,Under investigation,
bbeda2a61ce1a110bd0b8acb35f2092e82884ff4a5773228082825e7e230acce,2015-12,Surrey Police,Northumbria Police,-1.431268,54.997696,On or near Albemarle Street,E01008596,South Tyneside 001B,Violence and sexual offences,Investigation complete; no suspect identified,
3a88ec1929acbfa320aa42c476898b36805e3b23a480ca64654fa56378d0b201,2015-12,Surrey Police,Northumbria Police,-1.429003,54.997542,On or near Anderson Street,E01008596,South Tyneside 001B,Violence and sexual offences,Investigation complete; no suspect identified,
1b0f7a2e7c8166a49e1e9eb6bd9da1d51568dc376ec14d8f86b03ccb335c55b2,2015-12,Surrey Police,Northumbria Police,-1.426906,54.999905,On or near Ocean Road,E01008596,South Tyneside 001B,Violence and sexual offences,Investigation complete; no suspect identified,
25c6802a2d8e47c970c9edbb57b61f73868b67805f3cb2ec43a5124d3f0e4431,2015-12,Surrey Police,Northumbria Police,-1.430751,54.998880,On or near Nightclub,E01008596,South Tyneside 001B,Violence and sexual offences,Under investigation,
06078c0227cbf26884d3292d18199f3cdb3089ed701017bde48a7e81ca9ac570,2015-12,Surrey Police,Northumbria Police,-1.431268,54.997696,On or near Albemarle Street,E01008596,South Tyneside 001B,Violence and sexual offences,Under investigation,
663f6c104a96c0e68276ad812f67a73b7dd01cc719ebf1a9e97eef5352e2d6a1,2015-12,Surrey Police,Northumbria Police,-1.430751,54.998880,On or near Nightclub,E01008596,South Tyneside 001B,Violence and sexual offences,Investigation complete; no suspect identified,
f775e72bb1faf438b84a0fb6022fd63347ee39eac50dcf7c410f9b7185d16314,2015-12,Surrey Police,Northumbria Police,-1.426906,54.999905,On or near Ocean Road,E01008596,South Tyneside 001B,Violence and sexual offences,Investigation complete; no suspect identified,
133859dbbde807beb984da0fac999ae20bef5b514d31371e7de96776202670e2,2015-12,Surrey Police,Northumbria Police,-1.432057,54.999390,On or near Stanhope Street,E01008596,South Tyneside 001B,Violence and sexual offences,Under investigation,
3921d00d9f6b983145c1b58fdfd1ee72fdb437dd08595a586066bb27019072e1,2015-12,Surrey Police,Northumbria Police,-1.430751,54.998880,On or near Nightclub,E01008596,South Tyneside 001B,Violence and sexual offences,Under investigation,
956ad5c7d36fded4da889ba0858362bc6e759f8e93d4679c2bdec11b15b7d5c9,2015-12,Surrey Police,Northumbria Police,-1.425983,54.999936,On or near Shortridge Street,E01008596,South Tyneside 001B,Violence and sexual offences,Investigation complete; no suspect identified,
560f8effae833c436f1e0a9562ce244380c5fc80de6cd971b29bc814d17ccf5a,2015-12,Surrey Police,Northumbria Police,-1.423808,54.996844,On or near Belgrave Terrace,E01008596,South Tyneside 001B,Violence and sexual offences,Under investigation,
64d8d6df3f9a5f485cfab412df61f3043b56ea2be6864ad674a9fac80bcf449f,2015-12,Surrey Police,Northumbria Police,-1.426906,54.999905,On or near Ocean Road,E01008596,South Tyneside 001B,Violence and sexual offences,Under investigation,
8a6fee792056f468fa1bda2baa7a04cf8597af4647478d70d48f57b9e7d5ef70,2015-12,Surrey Police,Northumbria Police,-1.430672,54.996723,On or near Fowler Street,E01008596,South Tyneside 001B,Violence and sexual offences,Investigation complete; no suspect identified,
bfaafaa5cd49d56495f7910731508eabdd3a52845afe6d7fcf9bd533ae7d692f,2015-12,Surrey Police,Northumbria Police,-1.432057,54.999390,On or near Stanhope Street,E01008596,South Tyneside 001B,Violence and sexual offences,Investigation complete; no suspect identified,
be976176ad6ae03d21c959b1ea4a1fe36a9ba3be9aed8fc032346561ace5a94d,2015-12,Surrey Police,Northumbria Police,-1.424453,54.996550,On or near Sydenham Terrace,E01008596,South Tyneside 001B,Other crime,Under investigation,
,2015-12,Surrey Police,Northumbria Police,-1.423327,54.997704,On or near Brodrick Street,E01008597,South Tyneside 001C,Anti-social behaviour,,
,2015-12,Surrey Police,Northumbria Police,-1.414449,54.994382,On or near Greenside Drift,E01008597,South Tyneside 001C,Anti-social behaviour,,
,2015-12,Surrey Police,Northumbria Police,-1.423327,54.997704,On or near Brodrick Street,E01008597,South Tyneside 001C,Anti-social behaviour,,
,2015-12,Surrey Police,Northumbria Police,-1.424729,54.995832,On or near South Woodbine Street,E01008597,South Tyneside 001C,Anti-social behaviour,,
,2015-12,Surrey Police,Northumbria Police,-1.416677,54.995956,On or near North Main Court,E01008597,South Tyneside 001C,Anti-social behaviour,,
,2015-12,Surrey Police,Northumbria Police,-1.416188,54.995199,On or near Brass Thill Way,E01008597,South Tyneside 001C,Anti-social behaviour,,
,2015-12,Surrey Police,Northumbria Police,-1.423342,54.999906,On or near Seafield Terrace,E01008597,South Tyneside 001C,Anti-social behaviour,,
,2015-12,Surrey Police,Northumbria Police,-1.423327,54.997704,On or near Brodrick Street,E01008597,South Tyneside 001C,Anti-social behaviour,,
,2015-12,Surrey Police,Northumbria Police,-1.423327,54.997704,On or near Brodrick Street,E01008597,South Tyneside 001C,Anti-social behaviour,,
,2015-12,Surrey Police,Northumbria Police,-1.423327,54.997704,On or near Brodrick Street,E01008597,South Tyneside 001C,Anti-social behaviour,,
,2015-12,Surrey Police,Northumbria Police,-1.414449,54.994382,On or near Greenside Drift,E01008597,South Tyneside 001C,Anti-social behaviour,,
,2015-12,Surrey Police,Northumbria Police,-1.423327,54.997704,On or near Brodrick Street,E01008597,South Tyneside 001C,Anti-social behaviour,,
eb3bbfa6237c654f8dbd92ae48c4d3284039dd83346008b359c211d2baa33f06,2015-12,Surrey Police,Northumbria Police,-1.423327,54.997704,On or near Brodrick Street,E01008597,South Tyneside 001C,Burglary,Investigation complete; no suspect identified,
1ac6746594b595fafb56c1e82b28d1427707d4dd4a0f75c3c6e697b346f96141,2015-12,Surrey Police,Northumbria Police,-1.423342,54.999906,On or near Seafield Terrace,E01008597,South Tyneside 001C,Criminal damage and arson,Investigation complete; no suspect identified,
772d73f94a57117a2d952ce5298b1cb6a488a35b6eba2b6fd64765c40cff16cd,2015-12,Surrey Police,Northumbria Police,-1.422520,54.996172,On or near Marine Approach,E01008597,South Tyneside 001C,Criminal damage and arson,Investigation complete; no suspect identified,
0fde8ccc6f86e87afe3bf06acf0924bddf4bbb90f2ed8dfc8723d4bac339f277,2015-12,Surrey Police,Northumbria Police,-1.421020,54.997262,On or near Salisbury Place,E01008597,South Tyneside 001C,Criminal damage and arson,Investigation complete; no suspect identified,
5c5af944fd33356de3b386a7189c856562bef46fd6c93576584cd36597ef008e,2015-12,Surrey Police,Northumbria Police,-1.423327,54.997704,On or near Brodrick Street,E01008597,South Tyneside 001C,Other theft,Investigation complete; no suspect identified,
545fe3d30b72548f97e21ecc0f0b98e38d650afc9b0e5c19fc33ccafa5b09c73,2015-12,Surrey Police,Northumbria Police,-1.423327,54.997704,On or near Brodrick Street,E01008597,South Tyneside 001C,Other theft,Under investigation,
bd20d5d3fb5a4fe298dda9e8f8632e815c13119bbe0f80a9a88a76a77a1e1056,2015-12,Surrey Police,Northumbria Police,-1.422024,54.998066,On or near Beach Road,E01008597,South Tyneside 001C,Other theft,Investigation complete; no suspect identified,
eecd90dbbc654c8abb6a7808800cd56a0b0a1f0befaa7900930f4bd5b16bd23b,2015-12,Surrey Police,Northumbria Police,-1.416677,54.995956,On or near North Main Court,E01008597,South Tyneside 001C,Other theft,Under investigation,
34d87d67f4113ddc5e20da5121fca7f6b6e13ee036420c293c37f9a32ff6bbe7,2015-12,Surrey Police,Northumbria Police,-1.422697,54.997980,On or near Wouldhave Street,E01008597,South Tyneside 001C,Public order,Investigation complete; no suspect identified,
0b112db7ba8313e96a1bf287a8720bf4cba29df85ae28b45dfb5a969988f089f,2015-12,Surrey Police,Northumbria Police,-1.420391,54.995291,On or near Baltic Court,E01008597,South Tyneside 001C,Shoplifting,Investigation complete; no suspect identified,
077e4b7791e9d74a8ea2bcd36eb762cbd1b9b3c692cc02c98ed6f788d44d7e62,2015-12,Surrey Police,Northumbria Police,-1.420391,54.995291,On or near Baltic Court,E01008597,South Tyneside 001C,Shoplifting,Investigation complete; no suspect identified,
083cef388d09fb274f5d3494c8c7f56e36110623249ab1a2944101629bfcd29c,2015-12,Surrey Police,Northumbria Police,-1.420391,54.995291,On or near Baltic Court,E01008597,South Tyneside 001C,Shoplifting,Investigation complete; no suspect identified,
582e325fd36b020419d0dc07a245e497d1ab6464d345bd193a024d86c2e0f020,2015-12,Surrey Police,Northumbria Police,-1.422937,54.998727,On or near Wouldhave Court,E01008597,South Tyneside 001C,Theft from the person,Investigation complete; no suspect identified,
41b8b07db94780289ee837ff8182167c1b28dae70b6a191497f5d4aa37208737,2015-12,Surrey Police,Northumbria Police,-1.416677,54.995956,On or near North Main Court,E01008597,South Tyneside 001C,Vehicle crime,Investigation complete; no suspect identified,
b3c1e8f5a08730f40d618c0553a6da651ea13416fb1158bbd031ff0b2ffe6cc2,2015-12,Surrey Police,Northumbria Police,-1.419573,54.995646,On or near Sea Winnings Way,E01008597,South Tyneside 001C,Vehicle crime,Under investigation,
bdac339d72940b7bf131958caf91dc2626e9972f10e478111d7303f9a96d66ae,2015-12,Surrey Police,Northumbria Police,-1.416677,54.995956,On or near North Main Court,E01008597,South Tyneside 001C,Vehicle crime,Investigation complete; no suspect identified,
603886fe322adfd1fedba5c1b6cc353f96968bcde33b5bdbfeb396bbc00e747d,2015-12,Surrey Police,Northumbria Police,-1.420391,54.995291,On or near Baltic Court,E01008597,South Tyneside 001C,Vehicle crime,Investigation complete; no suspect identified,
85c8540d4e631062099b5f44c6327c0cefe29f393af81a2c4057d4cf7aead2af,2015-12,Surrey Police,Northumbria Police,-1.423116,54.996023,On or near Bright Street,E01008597,South Tyneside 001C,Vehicle crime,Investigation complete; no suspect identified,
50bc8903cd722dfc1fe72ae2298ebde470bebf43ec81e35ff6776a8e1e5bad50,2015-12,Surrey Police,Northumbria Police,-1.422520,54.996172,On or near Marine Approach,E01008597,South Tyneside 001C,Vehicle crime,Investigation complete; no suspect identified,
462ba59671715d95dc2ac7a183115cb179477ab61a4c5dcbef120108a88eabb7,2015-12,Surrey Police,Northumbria Police,-1.423327,54.997704,On or near Brodrick Street,E01008597,South Tyneside 001C,Violence and sexual offences,Under investigation,
084c5879ff27de52a09126d8da10267ab3b58902d5ba30d25c0c8c4be9833ce6,2015-12,Surrey Police,Northumbria Police,-1.423342,54.999906,On or near Seafield Terrace,E01008597,South Tyneside 001C,Violence and sexual offences,Investigation complete; no suspect identified,
e4cd3ea5471a4ab3cde5d07fc584d0dd0c78921f314d0a8e5917013639e6a31d,2015-12,Surrey Police,Northumbria Police,-1.412281,54.998361,On or near Promenade,E01008597,South Tyneside 001C,Violence and sexual offences,Under investigation,
,2015-12,Surrey Police,Northumbria Police,-1.427956,55.000844,On or near Salmon Street,E01008598,South Tyneside 001D,Anti-social behaviour,,
,2015-12,Surrey Police,Northumbria Police,-1.425218,55.000984,On or near George Scott Street,E01008598,South Tyneside 001D,Anti-social behaviour,,
,2015-12,Surrey Police,Northumbria Police,-1.425218,55.000984,On or near George Scott Street,E01008598,South Tyneside 001D,Anti-social behaviour,,
,2015-12,Surrey Police,Northumbria Police,-1.425218,55.000984,On or near George Scott Street,E01008598,South Tyneside 001D,Anti-social behaviour,,
,2015-12,Surrey Police,Northumbria Police,-1.425218,55.000984,On or near George Scott Street,E01008598,South Tyneside 001D,Anti-social behaviour,,
,2015-12,Surrey Police,Northumbria Police,-1.420426,55.001545,On or near Parking Area,E01008598,South Tyneside 001D,Anti-social behaviour,,
,2015-12,Surrey Police,Northumbria Police,-1.425218,55.000984,On or near George Scott Street,E01008598,South Tyneside 001D,Anti-social behaviour,,
3a5a2dff0c15ef609206829b18942a5e5e7cea2478c11dff6c593b6263490b29,2015-12,Surrey Police,Northumbria Police,-1.427101,55.001577,On or near St Aidan'S Road,E01008598,South Tyneside 001D,Bicycle theft,Investigation complete; no suspect identified,
e1d6386082b1dfbfffe757303ba7b4542fa7141f7bba5d94751569926a99e081,2015-12,Surrey Police,Northumbria Police,-1.420426,55.001545,On or near Parking Area,E01008598,South Tyneside 001D,Burglary,Investigation complete; no suspect identified,
ceebaab747f3bda4a0ad014c370d98fb8f503aaf5d8eb5d883acef4ff35d881a,2015-12,Surrey Police,Northumbria Police,-1.428542,55.003633,On or near Trajan Avenue,E01008598,South Tyneside 001D,Burglary,Awaiting court outcome,
b26e32e041c8b328ee5f307915d4ac150a811859530f4efad8265db5bddaf08a,2015-12,Surrey Police,Northumbria Police,-1.420426,55.001545,On or near Parking Area,E01008598,South Tyneside 001D,Burglary,Investigation complete; no suspect identified,
03be2c368167af164ff45c91494913ac4364ee496a09728883164451680d0aa0,2015-12,Surrey Police,Northumbria Police,-1.420426,55.001545,On or near Parking Area,E01008598,South Tyneside 001D,Criminal damage and arson,Under investigation,
785ae1d42550b5da3ea29bf2a48f7e4bac172fa181840567e690fe3c172f3453,2015-12,Surrey Police,Northumbria Police,-1.425218,55.000984,On or near George Scott Street,E01008598,South Tyneside 001D,Criminal damage and arson,Under investigation,
1cc23e7d3b2b3ffcd8f1bede370785358165220065ffe56dd192257812bda406,2015-12,Surrey Police,Northumbria Police,-1.426998,55.003365,On or near Lawe Road,E01008598,South Tyneside 001D,Drugs,Local resolution,
07fe2679905c33a7022361a316bbef9511284d4b17ec855c73537adb02ebe86a,2015-12,Surrey Police,Northumbria Police,-1.425218,55.000984,On or near George Scott Street,E01008598,South Tyneside 001D,Drugs,Awaiting court outcome,
eaab34e8cb1cd654ce6dc5fcdda72df1ffdc47778064258917cc3c2f28b85b8a,2015-12,Surrey Police,Northumbria Police,-1.425218,55.000984,On or near George Scott Street,E01008598,South Tyneside 001D,Vehicle crime,Investigation complete; no suspect identified,
28a9b913a4ecc56a6fe4db2938120f9d21b6cccaae843ec314a4f78d55351474,2015-12,Surrey Police,Northumbria Police,-1.420426,55.001545,On or near Parking Area,E01008598,South Tyneside 001D,Vehicle crime,Offender given community sentence,
c6672f97f4fc00dd6682be55e8f791e2c8434cfc8ad666334aadf41be77a9be2,2015-12,Surrey Police,Northumbria Police,-1.425218,55.000984,On or near George Scott Street,E01008598,South Tyneside 001D,Vehicle crime,Investigation complete; no suspect identified,
a505e13ad52972ff8d992e12838db0221fda94ff0c8a7b47223fb08a0eea3a8b,2015-12,Surrey Police,Northumbria Police,-1.428542,55.003633,On or near Trajan Avenue,E01008598,South Tyneside 001D,Vehicle crime,Investigation complete; no suspect identified,
deb665d380fd5e5568483eb84b5e5e72d3481719d02c55432d01e7e9b5961293,2015-12,Surrey Police,Northumbria Police,-1.427101,55.001577,On or near St Aidan'S Road,E01008598,South Tyneside 001D,Violence and sexual offences,Under investigation,
d4e46b9ce2aa17e6d2640ece96ebac7d2ebfe5ce3e1ecac52a5f07c4752b10ec,2015-12,Surrey Police,Northumbria Police,-1.425218,55.000984,On or near George Scott Street,E01008598,South Tyneside 001D,Violence and sexual offences,Offender given a caution,
9b1b7cc87af7011d5f8ae44e2cce61ea03857b709690fbd52589688c5409fb35,2015-12,Surrey Police,Northumbria Police,-1.428542,55.003633,On or near Trajan Avenue,E01008598,South Tyneside 001D,Violence and sexual offences,Under investigation,
3d512f143d0f26e4145f65c474e8710c68c7412b8da715e1bcdfbee13e12d020,2015-12,Surrey Police,Northumbria Police,-1.420426,55.001545,On or near Parking Area,E01008598,South Tyneside 001D,Violence and sexual offences,Investigation complete; no suspect identified,
ab387e46462832f24e4fbc7d000d7e33b9c35491258d3ac7f76840d85dd58028,2015-12,Surrey Police,Northumbria Police,-1.425218,55.000984,On or near George Scott Street,E01008598,South Tyneside 001D,Violence and sexual offences,Under investigation,
b716bf7288528113449049de83ed22c2fb6fcec5e3bb5e8f84fa66198ec785a1,2015-12,Surrey Police,Northumbria Police,-1.425218,55.000984,On or near George Scott Street,E01008598,South Tyneside 001D,Violence and sexual offences,Investigation complete; no suspect identified,
d61d482c443c1b74b4561b78f6a37b146dcc354d5453191a896204c14f1fde7e,2015-12,Surrey Police,Northumbria Police,-1.425218,55.000984,On or near George Scott Street,E01008598,South Tyneside 001D,Violence and sexual offences,Under investigation,
070096a2a9a020e5d82be45b50b00f09573ae79c796fa0237373b661d0c61cb1,2015-12,Surrey Police,Northumbria Police,-1.425218,55.000984,On or near George Scott Street,E01008598,South Tyneside 001D,Violence and sexual offences,Offender given a caution,
,2015-12,Surrey Police,Northumbria Police,-1.433509,55.002820,On or near Caer Urfa Close,E01008599,South Tyneside 001E,Anti-social behaviour,,
9d38e2f651608902c0d94e54b759fdca6528e979470a70e7cc132d0e06e6e88d,2015-12,Surrey Police,Northumbria Police,-1.430748,55.002349,On or near Morton Street,E01008599,South Tyneside 001E,Criminal damage and arson,Investigation complete; no suspect identified,
900a655aaad74484d3f30ab5a68e611e04f22e9b312c69250e8a387e0f4ab0a5,2015-12,Surrey Police,Northumbria Police,-1.435777,55.004960,On or near Wapping Street,E01008599,South Tyneside 001E,Other theft,Investigation complete; no suspect identified,
28e999faf1a7f3979b9cfce16ccfa4077d2f04158ac1588c5765f75585d343cf,2015-12,Surrey Police,Northumbria Police,-1.436313,55.003516,On or near Mile End Road,E01008599,South Tyneside 001E,Public order,Awaiting court outcome,
cd330da918a9f71b2ca28ca50bbe036cc6c8b8418981368ff2fade80a3466c00,2015-12,Surrey Police,Northumbria Police,-1.429924,55.003145,On or near Trajan Street,E01008599,South Tyneside 001E,Vehicle crime,Investigation complete; no suspect identified,
190f9d48008b060bc9ad8d76592fc5a79b310dcf2e39acd5690602b6f8d06925,2015-12,Surrey Police,Northumbria Police,-1.433509,55.002820,On or near Caer Urfa Close,E01008599,South Tyneside 001E,Violence and sexual offences,Investigation complete; no suspect identified,
28f37d4553af939be4b74a28cd9348b2756fd738d6c9e999400e242b1dedc9c2,2015-12,Surrey Police,Northumbria Police,-1.434330,55.001107,On or near Mile End Road,E01008599,South Tyneside 001E,Violence and sexual offences,Offender given a caution,
534f33022426774342ee7458c1727917ffa1278c80c0d22490fd09a2d3181edb,2015-12,Surrey Police,Northumbria Police,-1.436313,55.003516,On or near Mile End Road,E01008599,South Tyneside 001E,Violence and sexual offences,Awaiting court outcome,
,2015-12,Surrey Police,Northumbria Police,-1.434635,54.986102,On or near Eglesfield Road,E01008664,South Tyneside 002A,Anti-social behaviour,,
,2015-12,Surrey Police,Northumbria Police,-1.431736,54.986672,On or near Laygate,E01008664,South Tyneside 002A,Anti-social behaviour,,
,2015-12,Surrey Police,Northumbria Police,-1.430802,54.988591,On or near Shakespeare Street,E01008664,South Tyneside 002A,Anti-social behaviour,,
,2015-12,Surrey Police,Northumbria Police,-1.434635,54.986102,On or near Eglesfield Road,E01008664,South Tyneside 002A,Anti-social behaviour,,
,2015-12,Surrey Police,Northumbria Police,-1.432302,54.986423,On or near Beaufront Terrace,E01008664,South Tyneside 002A,Anti-social behaviour,,
,2015-12,Surrey Police,Northumbria Police,-1.431131,54.988575,On or near Chichester Road,E01008664,South Tyneside 002A,Anti-social behaviour,,
,2015-12,Surrey Police,Northumbria Police,-1.432302,54.986423,On or near Beaufront Terrace,E01008664,South Tyneside 002A,Anti-social behaviour,,
0db8f2efd5468f994fac156891b3f1a0fde7e8778931f43fac75448bd388f3ec,2015-12,Surrey Police,Northumbria Police,-1.430973,54.987612,On or near West George Potts Street,E01008664,South Tyneside 002A,Burglary,Investigation complete; no suspect identified,
23764b8fff0e623039dd3d2626a206e86a26f39e24f0f7308f22395451ad05b4,2015-12,Surrey Police,Northumbria Police,-1.433191,54.986535,On or near Dacre Street,E01008664,South Tyneside 002A,Burglary,Investigation complete; no suspect identified,
4066a31a80cc3123d6185c620dbfc397327ef391dba9dea8eead8d1c2aaa658f,2015-12,Surrey Police,Northumbria Police,-1.435882,54.985236,On or near Bertram Street,E01008664,South Tyneside 002A,Criminal damage and arson,Investigation complete; no suspect identified,
a0591b5477ced99369507c3f1351868306bf437f77e37459288366d0b8ba0b50,2015-12,Surrey Police,Northumbria Police,-1.430802,54.988591,On or near Shakespeare Street,E01008664,South Tyneside 002A,Criminal damage and arson,Under investigation,
52f30b27851805bf86b6d0c746caaca54e26c1a56d9332d950b378e6b648d03e,2015-12,Surrey Police,Northumbria Police,-1.433191,54.986535,On or near Dacre Street,E01008664,South Tyneside 002A,Criminal damage and arson,Investigation complete; no suspect identified,
d1a8bd2602b27c5481aaed346c1f95bc0a705651020bff3d6367825fcaf8a064,2015-12,Surrey Police,Northumbria Police,-1.434635,54.986102,On or near Eglesfield Road,E01008664,South Tyneside 002A,Criminal damage and arson,Investigation complete; no suspect identified,
cc253bff220455ca118b9e86134a9a6c68070ff89120f644b1d46eb0951d2fec,2015-12,Surrey Police,Northumbria Police,-1.431131,54.988575,On or near Chichester Road,E01008664,South Tyneside 002A,Criminal damage and arson,Investigation complete; no suspect identified,
1dd0ecb18cb6cc8ab770a3add0015863fffc3db8055b6fa0d45663e112393c79,2015-12,Surrey Police,Northumbria Police,-1.433191,54.986535,On or near Dacre Street,E01008664,South Tyneside 002A,Criminal damage and arson,Under investigation,
878b38f8e9f72de4dca07893e9a2e98aabe92dc18f99b296f00024e8d6611479,2015-12,Surrey Police,Northumbria Police,-1.434635,54.986102,On or near Eglesfield Road,E01008664,South Tyneside 002A,Criminal damage and arson,Under investigation,
994b93d3160d32c059a55ff7ac1407bc26c5a99d675c40ba35003cb5e38aeda6,2015-12,Surrey Police,Northumbria Police,-1.430973,54.987612,On or near West George Potts Street,E01008664,South Tyneside 002A,Criminal damage and arson,Under investigation,
e2f7577de7ec073d3d8a2530c43f39c597c441e6f55c3008a80bcafd4794a556,2015-12,Surrey Police,Northumbria Police,-1.432302,54.986423,On or near Beaufront Terrace,E01008664,South Tyneside 002A,Criminal damage and arson,Investigation complete; no suspect identified,
8f4bab37ae73d1e25a99b48e1606d1fa658df026a1e1999339c25dcc72e057a7,2015-12,Surrey Police,Northumbria Police,-1.435882,54.985236,On or near Bertram Street,E01008664,South Tyneside 002A,Criminal damage and arson,Investigation complete; no suspect identified,
3fc8e57f2e101e23bad8d31bd4cc8352eef61915be96ac94a564b0f168fbb4b3,2015-12,Surrey Police,Northumbria Police,-1.434635,54.986102,On or near Eglesfield Road,E01008664,South Tyneside 002A,Drugs,Investigation complete; no suspect identified,
622c0841db55518212904f404c7d50e65f01413c0e863558db24fd7027c76a10,2015-12,Surrey Police,Northumbria Police,-1.433191,54.986535,On or near Dacre Street,E01008664,South Tyneside 002A,Other theft,Under investigation,
2d09cfe74410ca83c014fcd5a3642672720b42a67b77fdf9f40c2af28152d0af,2015-12,Surrey Police,Northumbria Police,-1.428965,54.988151,On or near West Stevenson Street,E01008664,South Tyneside 002A,Other theft,Under investigation,
f19437645b0f59d49bbe7c077f1570f52a12a91e0dc06c1d9af2c938643304a4,2015-12,Surrey Police,Northumbria Police,-1.433191,54.986535,On or near Dacre Street,E01008664,South Tyneside 002A,Possession of weapons,Awaiting court outcome,
3fd0e89084481d4b389b2846caf038840e202b28ef37ef436cc2fc3f03f99b54,2015-12,Surrey Police,Northumbria Police,-1.433191,54.986535,On or near Dacre Street,E01008664,South Tyneside 002A,Possession of weapons,Awaiting court outcome,
7428519a44ada2e0ee3afdab2a11db1c32d7295392020db404c866087c11dab1,2015-12,Surrey Police,Northumbria Police,-1.433191,54.986535,On or near Dacre Street,E01008664,South Tyneside 002A,Possession of weapons,Awaiting court outcome,
3abe60806e36850c5ebe0bd7499dcea3467d757d253b8917f8c004d6e784fe30,2015-12,Surrey Police,Northumbria Police,-1.433191,54.986535,On or near Dacre Street,E01008664,South Tyneside 002A,Theft from the person,Under investigation,
542f04720a96e44ad580583e3310f770316873e05736b9d03f90de683bce4163,2015-12,Surrey Police,Northumbria Police,-1.435705,54.985577,On or near Marshall Wallis Road,E01008664,South Tyneside 002A,Vehicle crime,Awaiting court outcome,
19d6a9eaaedaae6cb1e62513f66f93758b2baff98ee3f1212dea8e8bc5b3e362,2015-12,Surrey Police,Northumbria Police,-1.435882,54.985236,On or near Bertram Street,E01008664,South Tyneside 002A,Vehicle crime,Investigation complete; no suspect identified,
ad310269438aa4a9d8393ca4f93f5f6e76ee635317aa5f8c8382f2570589e22f,2015-12,Surrey Police,Northumbria Police,-1.432302,54.986423,On or near Beaufront Terrace,E01008664,South Tyneside 002A,Violence and sexual offences,Investigation complete; no suspect identified,
1ba360fe4fd507003e6d3d0a2a1e08d4c4ad27ace7996d7e4c0efefd308fcce3,2015-12,Surrey Police,Northumbria Police,-1.433509,54.985081,On or near Bus/Coach Station,E01008664,South Tyneside 002A,Violence and sexual offences,Defendant found not guilty,
be9421a1c7003e70eb1a0cc4607d55d1035b4601c714d39a202249d1ed7a091b,2015-12,Surrey Police,Northumbria Police,-1.435197,54.987291,On or near St Jude'S Terrace,E01008664,South Tyneside 002A,Violence and sexual offences,Under investigation,
6bf0c6b3b52e48abb4d17f2833d47bd608977d0633eb9c09934cd06a38875a37,2015-12,Surrey Police,Northumbria Police,-1.431131,54.988575,On or near Chichester Road,E01008664,South Tyneside 002A,Violence and sexual offences,Investigation complete; no suspect identified,
3072de392cfd2054e870da1c1e637ee3d141f9cfb5010304a07b1bdb14fc72d4,2015-12,Surrey Police,Northumbria Police,-1.433191,54.986535,On or near Dacre Street,E01008664,South Tyneside 002A,Violence and sexual offences,Under investigation,
0968bd00ede7aa8e87f0319e3ac1061a49ff1516a5cd46705e4be91e9677ca46,2015-12,Surrey Police,Northumbria Police,-1.430973,54.987612,On or near West George Potts Street,E01008664,South Tyneside 002A,Violence and sexual offences,Under investigation,
f2e124ec847f639ccf6f92fb0b3646d86c6916291a1fedbaecd0fdfb5935ced2,2015-12,Surrey Police,Northumbria Police,-1.431963,54.989414,On or near Frost Mews,E01008664,South Tyneside 002A,Violence and sexual offences,Investigation complete; no suspect identified,
,2015-12,Surrey Police,Northumbria Police,-1.440185,54.981464,On or near Temple Street,E01008665,South Tyneside 002B,Anti-social behaviour,,
,2015-12,Surrey Police,Northumbria Police,-1.437975,54.980779,On or near Wharfedale Drive,E01008665,South Tyneside 002B,Anti-social behaviour,,
,2015-12,Surrey Police,Northumbria Police,-1.442398,54.983010,On or near Taylor Street,E01008665,South Tyneside 002B,Anti-social behaviour,,
,2015-12,Surrey Police,Northumbria Police,-1.442398,54.983010,On or near Taylor Street,E01008665,South Tyneside 002B,Anti-social behaviour,,
4e12532cc75c2971d1a05fdcf1c20b1097208731f2e73b04df10dc82384b7013,2015-12,Surrey Police,Northumbria Police,-1.441732,54.985919,On or near Anson Close,E01008665,South Tyneside 002B,Criminal damage and arson,Investigation complete; no suspect identified,
aeddae90d1c679b699a7107400ec858e302165923b1eb2c93da8eafac0c095dd,2015-12,Surrey Police,Northumbria Police,-1.439500,54.980103,On or near Dean Terrace,E01008665,South Tyneside 002B,Public order,Defendant found not guilty,
4158e463bc156b73283521908050ec8bb1e447f39d9cec3ba39d09adb0a98b4b,2015-12,Surrey Police,Northumbria Police,-1.437103,54.982806,On or near Palmerston Street,E01008665,South Tyneside 002B,Vehicle crime,Investigation complete; no suspect identified,
364a8671720e9b11b815904e9f91328ad7c1c70e0a9fe8eab74f56246bf2d03b,2015-12,Surrey Police,Northumbria Police,-1.439500,54.980103,On or near Dean Terrace,E01008665,South Tyneside 002B,Violence and sexual offences,Under investigation,
,2015-12,Surrey Police,Northumbria Police,-1.437470,54.982287,On or near Johnson Street,E01008666,South Tyneside 002C,Anti-social behaviour,,
,2015-12,Surrey Police,Northumbria Police,-1.438189,54.990108,On or near Laygate Place,E01008666,South Tyneside 002C,Anti-social behaviour,,
,2015-12,Surrey Police,Northumbria Police,-1.436315,54.989992,On or near New Green Street,E01008666,South Tyneside 002C,Anti-social behaviour,,
,2015-12,Surrey Police,Northumbria Police,-1.436204,54.989030,On or near Laygate,E01008666,South Tyneside 002C,Anti-social behaviour,,
,2015-12,Surrey Police,Northumbria Police,-1.438189,54.990108,On or near Laygate Place,E01008666,South Tyneside 002C,Anti-social behaviour,,
,2015-12,Surrey Police,Northumbria Police,-1.434584,54.989705,On or near St Mark'S Way,E01008666,South Tyneside 002C,Anti-social behaviour,,
,2015-12,Surrey Police,Northumbria Police,-1.436204,54.989030,On or near Laygate,E01008666,South Tyneside 002C,Anti-social behaviour,,
,2015-12,Surrey Police,Northumbria Police,-1.437758,54.981812,On or near Malvern Street,E01008666,South Tyneside 002C,Anti-social behaviour,,
,2015-12,Surrey Police,Northumbria Police,-1.439622,54.990465,On or near Trinity Walk,E01008666,South Tyneside 002C,Anti-social behaviour,,
,2015-12,Surrey Police,Northumbria Police,-1.433405,54.989080,On or near Bedford Avenue,E01008666,South Tyneside 002C,Anti-social behaviour,,
6ae2b3ace5c08931e4b60708de3808ec734bda6433396fb74e99c7de786f7120,2015-12,Surrey Police,Northumbria Police,-1.438189,54.990108,On or near Laygate Place,E01008666,South Tyneside 002C,Burglary,Investigation complete; no suspect identified,
418823bebe2c205da73902ba248f0df4df0902ad53ad5101200a706861711224,2015-12,Surrey Police,Northumbria Police,-1.438189,54.990108,On or near Laygate Place,E01008666,South Tyneside 002C,Criminal damage and arson,Investigation complete; no suspect identified,
d936181fb02250421ddce44977f6b5e94ab7cb0de2701bc9fc851e6b6904b749,2015-12,Surrey Police,Northumbria Police,-1.438189,54.990108,On or near Laygate Place,E01008666,South Tyneside 002C,Criminal damage and arson,Investigation complete; no suspect identified,
9e735c3122093e5951423ae75714d431a886ea14b1cf56ce6d607a26bb6c1e37,2015-12,Surrey Police,Northumbria Police,-1.433405,54.989080,On or near Bedford Avenue,E01008666,South Tyneside 002C,Criminal damage and arson,Under investigation,
ff939a46c5e024fe2d5a45843441b626bce509887251cc7c5c648e2e7a30b22b,2015-12,Surrey Police,Northumbria Police,-1.436315,54.989992,On or near New Green Street,E01008666,South Tyneside 002C,Criminal damage and arson,Investigation complete; no suspect identified,
43e49d7b583edaab169485031813b87543a3b98e2fbcccaf2e57fbd3197e09d4,2015-12,Surrey Police,Northumbria Police,-1.437161,54.987596,On or near New George Street,E01008666,South Tyneside 002C,Other theft,Investigation complete; no suspect identified,
06871ad5adb8704fa1e21d1d92a6fabe9ee5cd2363a89f301ad9d419671c3a14,2015-12,Surrey Police,Northumbria Police,-1.436204,54.989030,On or near Laygate,E01008666,South Tyneside 002C,Shoplifting,Offender given conditional discharge,
5cab8f2c9c0b10ad1feac01fe81ced59a114f86c79dc84afa33f75f3881aab19,2015-12,Surrey Police,Northumbria Police,-1.436204,54.989030,On or near Laygate,E01008666,South Tyneside 002C,Shoplifting,Under investigation,
23c7171e7772732017a139830040d864b62fb65eeb58038ffe175c6d4fd93a0f,2015-12,Surrey Police,Northumbria Police,-1.436204,54.989030,On or near Laygate,E01008666,South Tyneside 002C,Shoplifting,Offender given community sentence,
d46daefbfc2221328d6dda50d2f3c3730e3c3f26a805c3ef6c03568ef65a393a,2015-12,Surrey Police,Northumbria Police,-1.436204,54.989030,On or near Laygate,E01008666,South Tyneside 002C,Shoplifting,Court case unable to proceed,
c75880c82945ea7abb780f572f714daf6a1a693d75e014cb1b68b67d9343a508,2015-12,Surrey Police,Northumbria Police,-1.433731,54.988173,On or near Dixon Street,E01008666,South Tyneside 002C,Violence and sexual offences,Under investigation,
793a75ce80347bdf36433ed31499cea34f359ae5641196f1ca9191f42cdfb6be,2015-12,Surrey Police,Northumbria Police,-1.434584,54.989705,On or near St Mark'S Way,E01008666,South Tyneside 002C,Violence and sexual offences,Investigation complete; no suspect identified,
37789a997df805d927de9eb92492eb07cf25ba095f69d5a41077d53f1cd66cb0,2015-12,Surrey Police,Northumbria Police,-1.436204,54.989030,On or near Laygate,E01008666,South Tyneside 002C,Violence and sexual offences,Offender given suspended prison sentence,
ba8b6124734daae75aa00e5992001190fff39f4f3b869499f5616af97797f5c2,2015-12,Surrey Police,Northumbria Police,-1.436204,54.989030,On or near Laygate,E01008666,South Tyneside 002C,Violence and sexual offences,Investigation complete; no suspect identified,
0fe2a097682c2f81d963591c30050f2df5d149acf251f63eeef1cc8a3cdb6d44,2015-12,Surrey Police,Northumbria Police,-1.437470,54.982287,On or near Johnson Street,E01008666,South Tyneside 002C,Violence and sexual offences,Investigation complete; no suspect identified,
6c65b0a2571155739e73170f108b0db0f06c42bbbef193955fe4282bd061400c,2015-12,Surrey Police,Northumbria Police,-1.439622,54.990465,On or near Trinity Walk,E01008666,South Tyneside 002C,Violence and sexual offences,Under investigation,
2dde9756c5eedf164450840648ff06f89aa0f8b88c186ba96eeb7cacdab25ce3,2015-12,Surrey Police,Northumbria Police,-1.436478,54.991772,On or near Wilson Street,E01008666,South Tyneside 002C,Violence and sexual offences,Investigation complete; no suspect identified,
e5a99e0f16edf174231ea06befbda932f334d1e1506eccf264c7afe01a42cc66,2015-12,Surrey Police,Northumbria Police,-1.436380,54.988689,On or near Laygate,E01008666,South Tyneside 002C,Other crime,Under investigation,
,2015-12,Surrey Police,Northumbria Police,-1.433396,54.998632,On or near Hospital,E01008667,South Tyneside 002D,Anti-social behaviour,,
,2015-12,Surrey Police,Northumbria Police,-1.430542,54.992643,On or near Derby Terrace,E01008667,South Tyneside 002D,Anti-social behaviour,,
,2015-12,Surrey Police,Northumbria Police,-1.433719,55.000107,On or near Mile End Road,E01008667,South Tyneside 002D,Anti-social behaviour,,
,2015-12,Surrey Police,Northumbria Police,-1.437702,54.998095,On or near Shopping Area,E01008667,South Tyneside 002D,Anti-social behaviour,,
,2015-12,Surrey Police,Northumbria Police,-1.432996,54.998154,On or near Smithy Street,E01008667,South Tyneside 002D,Anti-social behaviour,,
,2015-12,Surrey Police,Northumbria Police,-1.435333,54.990931,On or near Western Approach,E01008667,South Tyneside 002D,Anti-social behaviour,,
,2015-12,Surrey Police,Northumbria Police,-1.439682,54.995138,On or near Mill Dam,E01008667,South Tyneside 002D,Anti-social behaviour,,
,2015-12,Surrey Police,Northumbria Police,-1.439026,55.000716,On or near Long Row,E01008667,South Tyneside 002D,Anti-social behaviour,,
,2015-12,Surrey Police,Northumbria Police,-1.432996,54.998154,On or near Smithy Street,E01008667,South Tyneside 002D,Anti-social behaviour,,
,2015-12,Surrey Police,Northumbria Police,-1.433335,54.991838,On or near Maxwell Street,E01008667,South Tyneside 002D,Anti-social behaviour,,
,2015-12,Surrey Police,Northumbria Police,-1.432996,54.998154,On or near Smithy Street,E01008667,South Tyneside 002D,Anti-social behaviour,,
,2015-12,Surrey Police,Northumbria Police,-1.432996,54.998154,On or near Smithy Street,E01008667,South Tyneside 002D,Anti-social behaviour,,
,2015-12,Surrey Police,Northumbria Police,-1.437359,54.994705,On or near Station Road,E01008667,South Tyneside 002D,Anti-social behaviour,,
,2015-12,Surrey Police,Northumbria Police,-1.430542,54.992643,On or near Derby Terrace,E01008667,South Tyneside 002D,Anti-social behaviour,,
,2015-12,Surrey Police,Northumbria Police,-1.436163,54.997477,On or near East Street,E01008667,South Tyneside 002D,Anti-social behaviour,,
,2015-12,Surrey Police,Northumbria Police,-1.437459,54.992010,On or near Tudor Road,E01008667,South Tyneside 002D,Anti-social behaviour,,
,2015-12,Surrey Police,Northumbria Police,-1.431092,54.995710,On or near Charlotte Street,E01008667,South Tyneside 002D,Anti-social behaviour,,
,2015-12,Surrey Police,Northumbria Police,-1.432996,54.998154,On or near Smithy Street,E01008667,South Tyneside 002D,Anti-social behaviour,,
,2015-12,Surrey Police,Northumbria Police,-1.432996,54.998154,On or near Smithy Street,E01008667,South Tyneside 002D,Anti-social behaviour,,
,2015-12,Surrey Police,Northumbria Police,-1.433396,54.998632,On or near Hospital,E01008667,South Tyneside 002D,Anti-social behaviour,,
,2015-12,Surrey Police,Northumbria Police,-1.435333,54.990931,On or near Western Approach,E01008667,South Tyneside 002D,Anti-social behaviour,,
,2015-12,Surrey Police,Northumbria Police,-1.439682,54.995138,On or near Mill Dam,E01008667,South Tyneside 002D,Anti-social behaviour,,
,2015-12,Surrey Police,Northumbria Police,-1.432996,54.998154,On or near Smithy Street,E01008667,South Tyneside 002D,Anti-social behaviour,,
,2015-12,Surrey Police,Northumbria Police,-1.435421,54.999145,On or near Salem Street,E01008667,South Tyneside 002D,Anti-social behaviour,,
,2015-12,Surrey Police,Northumbria Police,-1.431092,54.995710,On or near Charlotte Street,E01008667,South Tyneside 002D,Anti-social behaviour,,
,2015-12,Surrey Police,Northumbria Police,-1.434067,54.998716,On or near Queen Street,E01008667,South Tyneside 002D,Anti-social behaviour,,
,2015-12,Surrey Police,Northumbria Police,-1.433790,54.997286,On or near Shopping Area,E01008667,South Tyneside 002D,Anti-social behaviour,,
,2015-12,Surrey Police,Northumbria Police,-1.432996,54.998154,On or near Smithy Street,E01008667,South Tyneside 002D,Anti-social behaviour,,
,2015-12,Surrey Police,Northumbria Police,-1.435781,54.996873,On or near Wallis Street,E01008667,South Tyneside 002D,Anti-social behaviour,,
eeba2ac57a5a66eab83828855cc8355982915f701f9ef27c643dace17aa276d6,2015-12,Surrey Police,Northumbria Police,-1.435342,54.994714,On or near Henry Robson Way,E01008667,South Tyneside 002D,Bicycle theft,Investigation complete; no suspect identified,
f4ea6fd7536a7882468146e5ea83fc8b0f6d89fa0bda6aae9ef034b1cde568e5,2015-12,Surrey Police,Northumbria Police,-1.432996,54.998154,On or near Smithy Street,E01008667,South Tyneside 002D,Criminal damage and arson,Offender given conditional discharge,
e018082bd9ae5fa559915a174c39065e813e1f2d29170adcebf6549287ea9e31,2015-12,Surrey Police,Northumbria Police,-1.437459,54.992010,On or near Tudor Road,E01008667,South Tyneside 002D,Criminal damage and arson,Offender given community sentence,
6a5cad40d96f1fec075d053965ddfc43f0eb2f49cd51b5d492928eaed38ea8fb,2015-12,Surrey Police,Northumbria Police,-1.430542,54.992643,On or near Derby Terrace,E01008667,South Tyneside 002D,Criminal damage and arson,Investigation complete; no suspect identified,
40d42bf96ecdf71bbd6a8aeebe802934a1be6c8334491378e74ea1282d615c9c,2015-12,Surrey Police,Northumbria Police,-1.430542,54.992643,On or near Derby Terrace,E01008667,South Tyneside 002D,Criminal damage and arson,Under investigation,
5b619c4fd8ec1daece36129c931e2b6354078fb14fbd1001ee03a6c3583bb2d7,2015-12,Surrey Police,Northumbria Police,-1.434067,54.998716,On or near Queen Street,E01008667,South Tyneside 002D,Drugs,Under investigation,
46df3fc0092ffac84fd89914b09cfb9c50d18ece8931f76f9ef34feae4c6b669,2015-12,Surrey Police,Northumbria Police,-1.439815,54.994537,On or near Riverside Court,E01008667,South Tyneside 002D,Other theft,Under investigation,
0158c80917dfad612fdcd879f7be1e7479677108b6e7cd5cb2e99ac53f6252c3,2015-12,Surrey Police,Northumbria Police,-1.430906,54.994558,On or near Petrol Station,E01008667,South Tyneside 002D,Other theft,Investigation complete; no suspect identified,
9d32e7227d30f90dae7cc6d00157c939121914aa4b20c7dc276b52ca72b3206f,2015-12,Surrey Police,Northumbria Police,-1.434067,54.998716,On or near Queen Street,E01008667,South Tyneside 002D,Other theft,Under investigation,
c1f3e323f121653a2ca718e9db2a0ff10bbbf73653e3a3e0cf6050301cdedd84,2015-12,Surrey Police,Northumbria Police,-1.436138,54.998159,On or near Shopping Area,E01008667,South Tyneside 002D,Other theft,Investigation complete; no suspect identified,
f379d84b8e5c13ca4545ef9e8064178945353c16e8a8d87525d6a2fd5c7044c4,2015-12,Surrey Police,Northumbria Police,-1.441837,54.989631,On or near Rekendyke Lane,E01008667,South Tyneside 002D,Other theft,Investigation complete; no suspect identified,
2bf38a56da004c9cba7cbd826413127c7caf61da1cb45ce42a76f065d7ff0f00,2015-12,Surrey Police,Northumbria Police,-1.437359,54.994705,On or near Station Road,E01008667,South Tyneside 002D,Other theft,Investigation complete; no suspect identified,
1c6596f338a73a37558d75f6a338b0c98c226f35066250c0091175b882436a6c,2015-12,Surrey Police,Northumbria Police,-1.437359,54.994705,On or near Station Road,E01008667,South Tyneside 002D,Other theft,Under investigation,
bce4afd1ff680692ccf0bf5e591052b1218acd50fa9f7bbbdfcf9fff6b806b3f,2015-12,Surrey Police,Northumbria Police,-1.437702,54.998095,On or near Shopping Area,E01008667,South Tyneside 002D,Other theft,Investigation complete; no suspect identified,
d7d5b25d5ec054efbf6420fc2810863e18875f4594e14e76fc6ac766779e17d2,2015-12,Surrey Police,Northumbria Police,-1.430542,54.992643,On or near Derby Terrace,E01008667,South Tyneside 002D,Other theft,Investigation complete; no suspect identified,
dcffcfbb21e7badc3db19481a4476b81b8da0985989dfab22f46df863a5d9cef,2015-12,Surrey Police,Northumbria Police,-1.431635,54.997141,On or near Burrow Street,E01008667,South Tyneside 002D,Possession of weapons,Defendant found not guilty,
8663721a83a83054505b3c13cf43cc4093284f5651632842778afea08c95d66f,2015-12,Surrey Police,Northumbria Police,-1.433790,54.997286,On or near Shopping Area,E01008667,South Tyneside 002D,Public order,Under investigation,
fb1e3859c0913185f1b23aeca782c622176bc7d5e149555958283ddd55eaa766,2015-12,Surrey Police,Northumbria Police,-1.430906,54.994558,On or near Petrol Station,E01008667,South Tyneside 002D,Public order,Awaiting court outcome,
7ce6c0203da09d4e7a813b358f3a812b09f32bf2b6f1d689de26268c3e0cf0a3,2015-12,Surrey Police,Northumbria Police,-1.442716,54.989329,On or near Cornwallis Square,E01008667,South Tyneside 002D,Public order,Under investigation,
71c4047b0c49ac7ac20c6c22bd3da06854b7a3a840163ec05a7dd20950883c17,2015-12,Surrey Police,Northumbria Police,-1.433719,55.000107,On or near Mile End Road,E01008667,South Tyneside 002D,Public order,Under investigation,
87da92bcc9c491793df81f545935e56bba29200e20db4a186f89ad4444bfb93e,2015-12,Surrey Police,Northumbria Police,-1.431092,54.995710,On or near Charlotte Street,E01008667,South Tyneside 002D,Public order,Awaiting court outcome,
53db7c9a6655701c3e167fbbc8cc8725dfc3aa541e651b2393256d5820e4568f,2015-12,Surrey Police,Northumbria Police,-1.433790,54.997286,On or near Shopping Area,E01008667,South Tyneside 002D,Public order,Under investigation,
00cea8940cdf537ccccfbe9ede048715a98d4b1e485a04f28f5f8d2b186c48d3,2015-12,Surrey Police,Northumbria Police,-1.435421,54.999145,On or near Salem Street,E01008667,South Tyneside 002D,Shoplifting,Under investigation,
35cca4486225696dd52303587b6546976694a46368f2a9082a604da02ebf7806,2015-12,Surrey Police,Northumbria Police,-1.437359,54.994705,On or near Station Road,E01008667,South Tyneside 002D,Shoplifting,Investigation complete; no suspect identified,
c0ae5e0f1c579d95001c12e77c752659e4744293afad8e92e3d00f5c07d736df,2015-12,Surrey Police,Northumbria Police,-1.433790,54.997286,On or near Shopping Area,E01008667,South Tyneside 002D,Shoplifting,Investigation complete; no suspect identified,
893601d709780b582f33a03b4fdf03863d69ccc2b8f4c193a0271e778a110fc0,2015-12,Surrey Police,Northumbria Police,-1.437359,54.994705,On or near Station Road,E01008667,South Tyneside 002D,Shoplifting,Offender sent to prison,
882fe014e4e71cc7150bb00d9c78b7f8c1d4e4691501a25baef072092edbf410,2015-12,Surrey Police,Northumbria Police,-1.437359,54.994705,On or near Station Road,E01008667,South Tyneside 002D,Shoplifting,Under investigation,
860158496e7254d97998d8b6f19d49776699127fcb611415fa02e83c59b7d771,2015-12,Surrey Police,Northumbria Police,-1.437359,54.994705,On or near Station Road,E01008667,South Tyneside 002D,Shoplifting,Awaiting court outcome,
5f69b34875cf6c43298b2e4e603707cd2c808d7bdb1866a3f1c2bb449ec2c098,2015-12,Surrey Police,Northumbria Police,-1.437359,54.994705,On or near Station Road,E01008667,South Tyneside 002D,Shoplifting,Investigation complete; no suspect identified,
93600d0ca2342958337eabb85195ab59af4c10cc32d50ef33e68d0726a20302e,2015-12,Surrey Police,Northumbria Police,-1.436138,54.998159,On or near Shopping Area,E01008667,South Tyneside 002D,Shoplifting,Investigation complete; no suspect identified,
957f6cd7947fc68f102e41b32edc9c748de0da6216edf35ecd363df77be64145,2015-12,Surrey Police,Northumbria Police,-1.433790,54.997286,On or near Shopping Area,E01008667,South Tyneside 002D,Shoplifting,Offender sent to prison,
dbefce36bf900734d54bad56041515441cb8438fa6f487d1cbb352a9dcb35ee2,2015-12,Surrey Police,Northumbria Police,-1.435421,54.999145,On or near Salem Street,E01008667,South Tyneside 002D,Shoplifting,Investigation complete; no suspect identified,
f25d6680e61523c08f96740749bda097898f82d08cfc9ad54f8458ec1f10eb40,2015-12,Surrey Police,Northumbria Police,-1.437359,54.994705,On or near Station Road,E01008667,South Tyneside 002D,Shoplifting,Offender fined,
8e35eccd51c731ca626f7e760c67cb52b3f4d30df1f1b437bc031c9cb1c9b6cc,2015-12,Surrey Police,Northumbria Police,-1.433396,54.998632,On or near Hospital,E01008667,South Tyneside 002D,Shoplifting,Investigation complete; no suspect identified,
68fd557bf7bf9b5f497b1dd0ee42385ca7f9c7d87e17eaa4604d34098c73968d,2015-12,Surrey Police,Northumbria Police,-1.437359,54.994705,On or near Station Road,E01008667,South Tyneside 002D,Shoplifting,Under investigation,
d37ea794b76777d7e21879789113aaa83d47889e2c0a1e24f8dd7b6619d0e401,2015-12,Surrey Police,Northumbria Police,-1.437359,54.994705,On or near Station Road,E01008667,South Tyneside 002D,Shoplifting,Offender ordered to pay compensation,
c36f20c22faacb4e57dc9c75e33400cfe22d2bdd0e9a7c7012173dbe4ab5a64e,2015-12,Surrey Police,Northumbria Police,-1.433790,54.997286,On or near Shopping Area,E01008667,South Tyneside 002D,Shoplifting,Offender given conditional discharge,
af8464e537aece3d953aaac6f4254e15e8e6981967177c70117cceae31eb2124,2015-12,Surrey Police,Northumbria Police,-1.431635,54.997141,On or near Burrow Street,E01008667,South Tyneside 002D,Theft from the person,Investigation complete; no suspect identified,
c353852c161a59a603a4e249a10bddf4b012ab3a9d63c92937c00cb7ca48d40f,2015-12,Surrey Police,Northumbria Police,-1.436163,54.997477,On or near East Street,E01008667,South Tyneside 002D,Vehicle crime,Investigation complete; no suspect identified,
a0934a5e9300ac5c98a929acaf57c9d5c43e421540be508a9eeea92ad277b470,2015-12,Surrey Police,Northumbria Police,-1.436543,54.990433,On or near Brunswick Street,E01008667,South Tyneside 002D,Violence and sexual offences,Investigation complete; no suspect identified,
33b649669eafd19122db23c3e3d465e483f2788e266aeaf227e480a2962a8ce6,2015-12,Surrey Police,Northumbria Police,-1.434584,54.996427,On or near Parking Area,E01008667,South Tyneside 002D,Violence and sexual offences,Under investigation,
2cfcab019aadc0f4f7ac57caa5bece1d0d977ecc33b13d9e1ed1949e9b7f58dc,2015-12,Surrey Police,Northumbria Police,-1.437459,54.992010,On or near Tudor Road,E01008667,South Tyneside 002D,Violence and sexual offences,Offender given absolute discharge,
7700631a4f5913912f80da066b36fce34c9ecc50467b13d28c987e94ea72cdeb,2015-12,Surrey Police,Northumbria Police,-1.442325,54.990523,On or near Parking Area,E01008667,South Tyneside 002D,Violence and sexual offences,Investigation complete; no suspect identified,
781173dea56174d15ebd8658e58fcbbb8c0f0e3ce2cc5b6a6cb9c0490e4e9bfe,2015-12,Surrey Police,Northumbria Police,-1.437359,54.994705,On or near Station Road,E01008667,South Tyneside 002D,Violence and sexual offences,Under investigation,
67d10b5c2ad688053c1b0344d3fd2b4b7477cf5df4cb5e2ff7e7af9cfa4606c0,2015-12,Surrey Police,Northumbria Police,-1.436163,54.997477,On or near East Street,E01008667,South Tyneside 002D,Violence and sexual offences,Under investigation,
62aa683a2656c4d6d1234e3439c29ef0d0416ca51141472bd80ae0691ee0bf82,2015-12,Surrey Police,Northumbria Police,-1.437702,54.998095,On or near Shopping Area,E01008667,South Tyneside 002D,Violence and sexual offences,Offender fined,
17bb8af9f2cd3da85b916ee59f3b855ec643585890c3abcd9daed3d6027f3119,2015-12,Surrey Police,Northumbria Police,-1.433790,54.997286,On or near Shopping Area,E01008667,South Tyneside 002D,Violence and sexual offences,Offender given a caution,
c608bde65c0560b07baaab4383ec085664c6d482084e6e306d064df81adab8c9,2015-12,Surrey Police,Northumbria Police,-1.442325,54.990523,On or near Parking Area,E01008667,South Tyneside 002D,Violence and sexual offences,Under investigation,
d1f83f0c0b8ed141f022721a4b0bfa3a7edf97682b30f62dd197797d0bd4a353,2015-12,Surrey Police,Northumbria Police,-1.433335,54.991838,On or near Maxwell Street,E01008667,South Tyneside 002D,Violence and sexual offences,Under investigation,
0d93c47f44b5614de7940ce165632ad15c751e259a35c6debeaad096b6e13956,2015-12,Surrey Police,Northumbria Police,-1.442716,54.989329,On or near Cornwallis Square,E01008667,South Tyneside 002D,Violence and sexual offences,Under investigation,
515c1fbb34e6c76b17afe1230110872a3855eb9ed36b23ed5d7e44213ad71fd8,2015-12,Surrey Police,Northumbria Police,-1.434067,54.998716,On or near Queen Street,E01008667,South Tyneside 002D,Violence and sexual offences,Under investigation,
d550f482097facdb27b5cc195665c687ce0774badc722910e4d870ab624646a6,2015-12,Surrey Police,Northumbria Police,-1.442716,54.989329,On or near Cornwallis Square,E01008667,South Tyneside 002D,Violence and sexual offences,Under investigation,
9955a4739cd28522a6697f707ed8e881bed060bfdd1bc4a92ce74e8a8f20a2dd,2015-12,Surrey Police,Northumbria Police,-1.437459,54.992010,On or near Tudor Road,E01008667,South Tyneside 002D,Violence and sexual offences,Under investigation,
a98f47d7dbdb6da03ad7807ffc7d883db59ed750b6ab81b42ea1f807ae6acf98,2015-12,Surrey Police,Northumbria Police,-1.433719,55.000107,On or near Mile End Road,E01008667,South Tyneside 002D,Violence and sexual offences,Investigation complete; no suspect identified,
ed4f8e5bc2d4998df345ad1308f83358f29c6296acc59c76d69f4be461412127,2015-12,Surrey Police,Northumbria Police,-1.433396,54.998632,On or near Hospital,E01008667,South Tyneside 002D,Violence and sexual offences,Investigation complete; no suspect identified,
575faffdfa6cf9b2f1eb03caa260cd14198fc5003a465e709d03c7a95a9ccc8f,2015-12,Surrey Police,Northumbria Police,-1.433790,54.997286,On or near Shopping Area,E01008667,South Tyneside 002D,Violence and sexual offences,Offender given a caution,
f0ddaf5cf123adb1ff872cc6399b69687a0c963a2a88d84b5370745d47f52b78,2015-12,Surrey Police,Northumbria Police,-1.440726,54.993139,On or near Cone Street,E01008667,South Tyneside 002D,Other crime,Under investigation,
02115fa55753e3988435260e9910ab56044669a7bce99de6e063572249ca7a02,2015-12,Surrey Police,Northumbria Police,-1.430542,54.992643,On or near Derby Terrace,E01008667,South Tyneside 002D,Other crime,Investigation complete; no suspect identified,
64a9af665a3b601209cec03d758fbad027be6daed41d4b66cc02ac27f61edea5,2015-12,Surrey Police,Northumbria Police,-1.438873,55.003815,On or near Wapping Street,E01008667,South Tyneside 002D,Other crime,Under investigation,
,2015-12,Surrey Police,Northumbria Police,-1.429462,54.990508,On or near John Clay Street,E01008668,South Tyneside 002E,Anti-social behaviour,,
,2015-12,Surrey Police,Northumbria Police,-1.428718,54.992329,On or near Elizabeth Street,E01008668,South Tyneside 002E,Anti-social behaviour,,
,2015-12,Surrey Police,Northumbria Police,-1.428718,54.992329,On or near Elizabeth Street,E01008668,South Tyneside 002E,Anti-social behaviour,,
,2015-12,Surrey Police,Northumbria Police,-1.427035,54.989778,On or near Imeary Grove,E01008668,South Tyneside 002E,Anti-social behaviour,,
,2015-12,Surrey Police,Northumbria Police,-1.426353,54.989361,On or near East Stainton Street,E01008668,South Tyneside 002E,Anti-social behaviour,,
,2015-12,Surrey Police,Northumbria Police,-1.426387,54.986962,On or near Wawn Street,E01008668,South Tyneside 002E,Anti-social behaviour,,
a2026367d934659c3fae9aeecd9e78e07da7802c02a835400ba627659e44263a,2015-12,Surrey Police,Northumbria Police,-1.430990,54.989661,On or near Supermarket,E01008668,South Tyneside 002E,Burglary,Under investigation,
70417589ebb8f45cf37510dfbd4bcea7b663492c853ec26fbfae354f9a2913a6,2015-12,Surrey Police,Northumbria Police,-1.428396,54.991851,On or near Robinson Street,E01008668,South Tyneside 002E,Criminal damage and arson,Investigation complete; no suspect identified,
65743402abb89eb50e94483b10da79f73298be3bc892432a1d501be6ef3cbddb,2015-12,Surrey Police,Northumbria Police,-1.427035,54.989778,On or near Imeary Grove,E01008668,South Tyneside 002E,Criminal damage and arson,Investigation complete; no suspect identified,
1c5b15d68fdb87e4295d1f4d242a27d311c3a08265ebbef68439dd4a94ea72f9,2015-12,Surrey Police,Northumbria Police,-1.428718,54.992329,On or near Elizabeth Street,E01008668,South Tyneside 002E,Criminal damage and arson,Investigation complete; no suspect identified,
055383c5addfa1b30a4eb3f111adba3b7e2b884e6351ca143201c19fb23e239a,2015-12,Surrey Police,Northumbria Police,-1.427707,54.986483,On or near Dean Road,E01008668,South Tyneside 002E,Criminal damage and arson,Investigation complete; no suspect identified,
96976f32857973f2d317cc021e5a4c7921d0f11d7a91fd0f547f40468c28968b,2015-12,Surrey Police,Northumbria Police,-1.426766,54.988905,On or near Imeary Street,E01008668,South Tyneside 002E,Drugs,Offender given a drugs possession warning,
8b02d8f8b955485df165681a4dfe8351c7805827869800c040c7a00c5d556f53,2015-12,Surrey Police,Northumbria Police,-1.429112,54.986588,On or near Marlborough Street North,E01008668,South Tyneside 002E,Other theft,Investigation complete; no suspect identified,
06164c9ebc42ad81aac2b2700fe28d856b847e1b5522b15e874759d670506815,2015-12,Surrey Police,Northumbria Police,-1.430990,54.989661,On or near Supermarket,E01008668,South Tyneside 002E,Shoplifting,Investigation complete; no suspect identified,
d93a2ab52dd409786fc8dab3a43fbf9b1658336a3f155f83dcd2f1cec38f47af,2015-12,Surrey Police,Northumbria Police,-1.430237,54.986549,On or near Supermarket,E01008668,South Tyneside 002E,Shoplifting,Defendant found not guilty,
99d241957996537e81c86cbcf0d4d8c21967797384692c198fbc2e4d2f7d6130,2015-12,Surrey Police,Northumbria Police,-1.430237,54.986549,On or near Supermarket,E01008668,South Tyneside 002E,Shoplifting,Offender sent to prison,
af5d98271e64f11ebaf3a927dd0f6ea7df7f36e548c2f987363ae7b28807022b,2015-12,Surrey Police,Northumbria Police,-1.430990,54.989661,On or near Supermarket,E01008668,South Tyneside 002E,Shoplifting,Investigation complete; no suspect identified,
e2d55699a0c16c4eeef5fde32617690a5b2e2c15ef7460c003a851d1ccac5a6e,2015-12,Surrey Police,Northumbria Police,-1.430237,54.986549,On or near Supermarket,E01008668,South Tyneside 002E,Shoplifting,Investigation complete; no suspect identified,
e388d982fc9cd3dadaf8e01d9dd1df0e01a9c8d8081cae4196f95ce24be6a0c9,2015-12,Surrey Police,Northumbria Police,-1.429112,54.986588,On or near Marlborough Street North,E01008668,South Tyneside 002E,Violence and sexual offences,Under investigation,
b99bcaaa59a33536222f80919e722332129ce16e9e2699ff38c90b4e51a32151,2015-12,Surrey Police,Northumbria Police,-1.427033,54.988780,On or near West Moffett Street,E01008668,South Tyneside 002E,Violence and sexual offences,Investigation complete; no suspect identified,
864a3e18c3e26b4aa3249f70abf0aecf7281871292b4bfd4d861bf15602fda0c,2015-12,Surrey Police,Northumbria Police,-1.428718,54.992329,On or near Elizabeth Street,E01008668,South Tyneside 002E,Violence and sexual offences,Investigation complete; no suspect identified,
17294afc1acbd458bc8669b02178f40850983abb71613ba18c34e75b549f9b09,2015-12,Surrey Police,Northumbria Police,-1.419835,54.985124,On or near St George'S Avenue,E01008673,South Tyneside 003A,Burglary,Investigation complete; no suspect identified,
5caaa2f6cb70591c980dd382a4a2037ae7cd27f4cf1c33c59e2adc93e14f49f6,2015-12,Surrey Police,Northumbria Police,-1.425983,54.982458,On or near Reading Road,E01008673,South Tyneside 003A,Criminal damage and arson,Investigation complete; no suspect identified,
ddb043106642c57f83eb3dec8824f6e8df3cf48e9d3132a4a64981bebbe39711,2015-12,Surrey Police,Northumbria Police,-1.424761,54.983764,On or near Greta Gardens,E01008673,South Tyneside 003A,Violence and sexual offences,Under investigation,
,2015-12,Surrey Police,Northumbria Police,-1.419540,54.990353,On or near St Vincent Street,E01008675,South Tyneside 003B,Anti-social behaviour,,
,2015-12,Surrey Police,Northumbria Police,-1.419461,54.992644,On or near Leighton Street,E01008675,South Tyneside 003B,Anti-social behaviour,,
,2015-12,Surrey Police,Northumbria Police,-1.417071,54.992534,On or near Eccleston Road,E01008675,South Tyneside 003B,Anti-social behaviour,,
,2015-12,Surrey Police,Northumbria Police,-1.419461,54.992644,On or near Leighton Street,E01008675,South Tyneside 003B,Anti-social behaviour,,
,2015-12,Surrey Police,Northumbria Police,-1.419461,54.992644,On or near Leighton Street,E01008675,South Tyneside 003B,Anti-social behaviour,,
aa28a53e1705ce373479ebd5d2ead50b07e069a32815c9f73fa83befc03a54b5,2015-12,Surrey Police,Northumbria Police,-1.419461,54.992644,On or near Leighton Street,E01008675,South Tyneside 003B,Other theft,Under investigation,
b671ac99bf557f3a372da3f7a6a7d0415392897586b81af83d0736f442b3de50,2015-12,Surrey Police,Northumbria Police,-1.419461,54.992644,On or near Leighton Street,E01008675,South Tyneside 003B,Robbery,Investigation complete; no suspect identified,
742a8cf7183baaeefb99747c6967401cf12df0a7708190d2d31b4141dc5daf28,2015-12,Surrey Police,Northumbria Police,-1.420301,54.989647,On or near Westoe Avenue,E01008675,South Tyneside 003B,Vehicle crime,Investigation complete; no suspect identified,
0c638a86ea5c6d15b34f0e600acae513f59b672ac136e809a26bc2e5f4ebd97c,2015-12,Surrey Police,Northumbria Police,-1.420301,54.989647,On or near Westoe Avenue,E01008675,South Tyneside 003B,Violence and sexual offences,Under investigation,
,2015-12,Surrey Police,Northumbria Police,-1.422377,54.988713,On or near Ingham Grange,E01008676,South Tyneside 003C,Anti-social behaviour,,
,2015-12,Surrey Police,Northumbria Police,-1.422377,54.988713,On or near Ingham Grange,E01008676,South Tyneside 003C,Anti-social behaviour,,
,2015-12,Surrey Police,Northumbria Police,-1.419931,54.991415,On or near Lord Street,E01008676,South Tyneside 003C,Anti-social behaviour,,
229a55fd86a8e2aa4387c97f824ac0eac466f4895cea376f472d0bfd04b2f4e7,2015-12,Surrey Police,Northumbria Police,-1.422377,54.988713,On or near Ingham Grange,E01008676,South Tyneside 003C,Criminal damage and arson,Investigation complete; no suspect identified,
ce0064c74e52eba4708bd84d64f5695c15ed50a339e7c3d261c1071958719b85,2015-12,Surrey Police,Northumbria Police,-1.422420,54.988992,On or near St Michael'S Avenue,E01008676,South Tyneside 003C,Criminal damage and arson,Investigation complete; no suspect identified,
00a664f8364b9b2c21aa90929f4592cac26946fbf9750667ecbd4085b2b2d18c,2015-12,Surrey Police,Northumbria Police,-1.423330,54.990910,On or near Sports/Recreation Area,E01008676,South Tyneside 003C,Criminal damage and arson,Investigation complete; no suspect identified,
7a6f9c55d05f98aa84593f3c3e98377f8b835afacd5843616841ca62b0694f8d,2015-12,Surrey Police,Northumbria Police,-1.419346,54.991889,On or near Milner Street,E01008676,South Tyneside 003C,Public order,Awaiting court outcome,
5c06b732811a76b2e11674104ddbe220a3047a488437d8ce1c59647379fdd00e,2015-12,Surrey Police,Northumbria Police,-1.424837,54.991573,On or near Chichester Road East,E01008676,South Tyneside 003C,Vehicle crime,Investigation complete; no suspect identified,
8374013fcebb5ca86144b006ba2d3f2926e0523c2c42895baa22252aae65fffb,2015-12,Surrey Police,Northumbria Police,-1.425493,54.990525,On or near Madeira Terrace,E01008676,South Tyneside 003C,Vehicle crime,Investigation complete; no suspect identified,
f181c9b6485bca58892efd005aa57542384968b3f413b8acb965c801691494dd,2015-12,Surrey Police,Northumbria Police,-1.421807,54.991379,On or near Iolanthe Terrace,E01008676,South Tyneside 003C,Violence and sexual offences,Offender given a caution,
ff36daeac25efee840de02938a296a24c15ec977207350af5b778baf78190bb8,2015-12,Surrey Police,Northumbria Police,-1.422420,54.988992,On or near St Michael'S Avenue,E01008676,South Tyneside 003C,Violence and sexual offences,Under investigation,
42be923a232a8c95d24f67bfb40155142558d8cb43edca6b98bcf8af4bae0be2,2015-12,Surrey Police,Northumbria Police,-1.417642,54.989778,On or near Sunningdale,E01008677,South Tyneside 003D,Criminal damage and arson,Investigation complete; no suspect identified,
75b8c4c610d814d1f5e432f5656bb2b4e9d0d13ca67e13255c6c4602f8a6f1e0,2015-12,Surrey Police,Northumbria Police,-1.418748,54.990053,On or near Westcott Avenue,E01008677,South Tyneside 003D,Other theft,Under investigation,
16b244b97d6f27565bbbccca2f5f55fd4a71801c9f79cc7bcf6ddef94ad05514,2015-12,Surrey Police,Northumbria Police,-1.412844,54.987652,On or near Rockcliffe,E01008677,South Tyneside 003D,Vehicle crime,Investigation complete; no suspect identified,
,2015-12,Surrey Police,Northumbria Police,-1.423936,54.986779,On or near Dean Road,E01008678,South Tyneside 003E,Anti-social behaviour,,
,2015-12,Surrey Police,Northumbria Police,-1.422815,54.987637,On or near Westoe Road,E01008678,South Tyneside 003E,Anti-social behaviour,,
,2015-12,Surrey Police,Northumbria Police,-1.423936,54.986779,On or near Dean Road,E01008678,South Tyneside 003E,Anti-social behaviour,,
,2015-12,Surrey Police,Northumbria Police,-1.430529,54.985804,On or near Stanhope Parade,E01008678,South Tyneside 003E,Anti-social behaviour,,
,2015-12,Surrey Police,Northumbria Police,-1.426959,54.984116,On or near Marlborough Street South,E01008678,South Tyneside 003E,Anti-social behaviour,,
94e9e199c6a3582b11a529cb021abe1a16bb70864c431a0ccfd41e767d893da3,2015-12,Surrey Police,Northumbria Police,-1.427025,54.984979,On or near Canterbury Street,E01008678,South Tyneside 003E,Criminal damage and arson,Investigation complete; no suspect identified,
fdcca306687c7bad45ed9a745fb18fa6c43d70e7ef1a6092c315b972d06b2dd6,2015-12,Surrey Police,Northumbria Police,-1.428590,54.985912,On or near Northcote Street,E01008678,South Tyneside 003E,Criminal damage and arson,Under investigation,
a7eaffa93a05a14690787bdd1708e80d4ead2492ff5eaf4a3d8950e801a3614a,2015-12,Surrey Police,Northumbria Police,-1.426573,54.983782,On or near Oxford Avenue,E01008678,South Tyneside 003E,Criminal damage and arson,Investigation complete; no suspect identified,
,2015-12,Surrey Police,Northumbria Police,-1.405172,54.988648,On or near Bamburgh Avenue,E01008647,South Tyneside 004A,Anti-social behaviour,,
a01f10e65b0b0b3a815e3ca17b968f00b7875709f23981442b29221552fc1eff,2015-12,Surrey Police,Northumbria Police,-1.408298,54.985410,On or near Fountain Grove,E01008647,South Tyneside 004A,Criminal damage and arson,Investigation complete; no suspect identified,
e6dc6cd9d04f8f53787b4298bbe263873d59871b890411efaeed71ee2ac7536a,2015-12,Surrey Police,Northumbria Police,-1.408973,54.987301,On or near Sheldon Road,E01008647,South Tyneside 004A,Other theft,Investigation complete; no suspect identified,
6edb0edd20fda5b791f4165f1d5985fc6e95dbdaef031f3a72bd0da1f0a47afd,2015-12,Surrey Police,Northumbria Police,-1.405083,54.986195,On or near Braemar Drive,E01008647,South Tyneside 004A,Vehicle crime,Investigation complete; no suspect identified,
,2015-12,Surrey Police,Northumbria Police,-1.412652,54.991174,On or near Euryalus Court,E01008648,South Tyneside 004B,Anti-social behaviour,,
,2015-12,Surrey Police,Northumbria Police,-1.411591,54.994251,On or near A183,E01008648,South Tyneside 004B,Anti-social behaviour,,
,2015-12,Surrey Police,Northumbria Police,-1.412652,54.991174,On or near Euryalus Court,E01008648,South Tyneside 004B,Anti-social behaviour,,
,2015-12,Surrey Police,Northumbria Police,-1.414264,54.992116,On or near Tadema Road,E01008648,South Tyneside 004B,Anti-social behaviour,,
adf01d51cd7d5b4187a7468c4bac74d96407991ad9f2085ff4f17716c148db07,2015-12,Surrey Police,Northumbria Police,-1.412710,54.988245,On or near Highfield Road,E01008648,South Tyneside 004B,Burglary,Investigation complete; no suspect identified,
d110feab557fdd8b531355ca7883c80aa04ed16f032914cd46199739b1f1862a,2015-12,Surrey Police,Northumbria Police,-1.412710,54.988245,On or near Highfield Road,E01008648,South Tyneside 004B,Burglary,Investigation complete; no suspect identified,
c689e1bc5f30108442ca731c62cd387416d7f8af0eb1b7c8e69d8cc8a5531eeb,2015-12,Surrey Police,Northumbria Police,-1.412710,54.988245,On or near Highfield Road,E01008648,South Tyneside 004B,Burglary,Investigation complete; no suspect identified,
96b0bb9c997fa2e0045cbb05ac56c8dd7a2e1ba34d2c1338bf4def118d4999fd,2015-12,Surrey Police,Northumbria Police,-1.411562,54.991977,On or near Kingsway,E01008648,South Tyneside 004B,Burglary,Investigation complete; no suspect identified,
7a8b8da9e477806aa32b7b9e2ec18a96f1adf61d6247b197b06a0c941a4ff360,2015-12,Surrey Police,Northumbria Police,-1.412710,54.988245,On or near Highfield Road,E01008648,South Tyneside 004B,Burglary,Investigation complete; no suspect identified,
49b7cadce01969f2f7c03bc12336e775a460be09f40c559cf88d22c5883202b3,2015-12,Surrey Police,Northumbria Police,-1.411562,54.991977,On or near Kingsway,E01008648,South Tyneside 004B,Criminal damage and arson,Under investigation,
9b929fe34473e4208401de6603d9a1df04fd5f4a2b131c828b56b507032ab5a4,2015-12,Surrey Police,Northumbria Police,-1.412652,54.991174,On or near Euryalus Court,E01008648,South Tyneside 004B,Criminal damage and arson,Investigation complete; no suspect identified,
1f07e03f0d2fb02a2334225a41dc99bc049954f92b4e29f74e1e3ccf9749d07e,2015-12,Surrey Police,Northumbria Police,-1.410657,54.995073,On or near Sea Road,E01008648,South Tyneside 004B,Drugs,Local resolution,
41d874dbe121c1b66d49993dd476d898f949539738409a881cf4e73893c89ec3,2015-12,Surrey Police,Northumbria Police,-1.410657,54.995073,On or near Sea Road,E01008648,South Tyneside 004B,Drugs,Offender fined,
dd5c50583572aed0e7cf220a55959ef755bb9ee989ca37496a4235f14a3fcf60,2015-12,Surrey Police,Northumbria Police,-1.416056,54.991352,On or near Wardle Avenue,E01008648,South Tyneside 004B,Violence and sexual offences,Under investigation,
6d1231ad459d491c00cc2cb14e31cd053e12a7065a6ebbe5efee1755194be271,2015-12,Surrey Police,Northumbria Police,-1.414264,54.992116,On or near Tadema Road,E01008648,South Tyneside 004B,Violence and sexual offences,Awaiting court outcome,
4dc5d50ef5ea26161a8a8cc425666c2ea5391e6e35a6a084edd30015691f664c,2015-12,Surrey Police,Northumbria Police,-1.412652,54.991174,On or near Euryalus Court,E01008648,South Tyneside 004B,Violence and sexual offences,Under investigation,
,2015-12,Surrey Police,Northumbria Police,-1.384151,54.978479,On or near Redwell Lane,E01008649,South Tyneside 004C,Anti-social behaviour,,
,2015-12,Surrey Police,Northumbria Police,-1.395537,54.981897,On or near Cheshire Grove,E01008649,South Tyneside 004C,Anti-social behaviour,,
91ae29de9acf953d433dbe34f92455323c08375782237f609d43b9188fba1cf3,2015-12,Surrey Police,Northumbria Police,-1.392482,54.980354,On or near Lincoln Road,E01008649,South Tyneside 004C,Criminal damage and arson,Investigation complete; no suspect identified,
1c36374856b70978ced7dd2725e4544393ac7154119e51446579771be534df85,2015-12,Surrey Police,Northumbria Police,-1.385748,54.980302,On or near Norfolk Road,E01008649,South Tyneside 004C,Criminal damage and arson,Investigation complete; no suspect identified,
90f26c5ee1fc995b99b813ba152ac3e1e32a1d7a53ac335660a37d73023ec022,2015-12,Surrey Police,Northumbria Police,-1.394715,54.981462,On or near Devon Gardens,E01008649,South Tyneside 004C,Criminal damage and arson,Investigation complete; no suspect identified,
5b23b3a3a3ff8d9808dc6fd77954265d60582433e494024294cb07e029167da8,2015-12,Surrey Police,Northumbria Police,-1.394715,54.981462,On or near Devon Gardens,E01008649,South Tyneside 004C,Criminal damage and arson,Under investigation,
09eaa22af384f117c41b1175a79729f9507ad9e36fbd30071adac3742717a0f6,2015-12,Surrey Police,Northumbria Police,-1.388684,54.980434,On or near Essex Gardens,E01008649,South Tyneside 004C,Other theft,Investigation complete; no suspect identified,
2b5007795d71fd381fdd058aaa660e7c52ea6e7f33ac4dad698d459b7d8ee9c3,2015-12,Surrey Police,Northumbria Police,-1.390180,54.980657,On or near Suffolk Gardens,E01008649,South Tyneside 004C,Other theft,Investigation complete; no suspect identified,
9650f4824bc1ae8b32f8a83cb6f3260bf3103e16c05a76a41fcd4ea04d2632a9,2015-12,Surrey Police,Northumbria Police,-1.395537,54.981897,On or near Cheshire Grove,E01008649,South Tyneside 004C,Violence and sexual offences,Investigation complete; no suspect identified,
,2015-12,Surrey Police,Northumbria Police,-1.401046,54.983389,On or near St Cuthbert'S Avenue,E01008651,South Tyneside 004D,Anti-social behaviour,,
,2015-12,Surrey Police,Northumbria Police,-1.400863,54.982049,On or near Cheviot Road,E01008651,South Tyneside 004D,Anti-social behaviour,,
,2015-12,Surrey Police,Northumbria Police,-1.398665,54.982757,On or near Frenchman'S Way,E01008651,South Tyneside 004D,Anti-social behaviour,,
,2015-12,Surrey Police,Northumbria Police,-1.399122,54.983532,On or near Coquet Avenue,E01008651,South Tyneside 004D,Anti-social behaviour,,
,2015-12,Surrey Police,Northumbria Police,-1.400863,54.982049,On or near Cheviot Road,E01008651,South Tyneside 004D,Anti-social behaviour,,
937a4bbe25a0cdc5d07a75e562cde8b3309d31a56b1a9b48304b43f4c3cce280,2015-12,Surrey Police,Northumbria Police,-1.397755,54.985035,On or near Widdrington Avenue,E01008651,South Tyneside 004D,Burglary,Investigation complete; no suspect identified,
703d93df5f9280d8c4adb1d5d4c1e680d7b3021e2a9f9c0a1cc24ba36a74c60b,2015-12,Surrey Police,Northumbria Police,-1.401046,54.983389,On or near St Cuthbert'S Avenue,E01008651,South Tyneside 004D,Criminal damage and arson,Investigation complete; no suspect identified,
f2bb7e0b6b0084e0862527ff44516e5349ee4cec91eafbfe967956dd28687bda,2015-12,Surrey Police,Northumbria Police,-1.400863,54.982049,On or near Cheviot Road,E01008651,South Tyneside 004D,Criminal damage and arson,Investigation complete; no suspect identified,
8ec709e8464f441e9f8a3b0d560968c978abfb4d0b7745f35592e277c29a6ffc,2015-12,Surrey Police,Northumbria Police,-1.397181,54.980638,On or near Horsley Hill Square,E01008651,South Tyneside 004D,Criminal damage and arson,Investigation complete; no suspect identified,
ee11250b02d740ba516bede99f044ae49c58c6c3d51c772ec24329dd5caf8b0f,2015-12,Surrey Police,Northumbria Police,-1.398238,54.980976,On or near Horsley Hill Square,E01008651,South Tyneside 004D,Vehicle crime,Under investigation,
8ae1e44577e6f88ebd153859afb130f143b06268df2888b8b3bfc1de0bd7f7cb,2015-12,Surrey Police,Northumbria Police,-1.397755,54.985035,On or near Widdrington Avenue,E01008651,South Tyneside 004D,Violence and sexual offences,Under investigation,
ded70ac0bc58221285f2cd73251fb1cef756e904d45e548a8d05a8ecdcfa7220,2015-12,Surrey Police,Northumbria Police,-1.397755,54.985035,On or near Widdrington Avenue,E01008651,South Tyneside 004D,Violence and sexual offences,Investigation complete; no suspect identified,
ad0a260979810d1d55def8e6bbbd95b32f1448ec248294f01afc81e848e26bf4,2015-12,Surrey Police,Northumbria Police,-1.398238,54.980976,On or near Horsley Hill Square,E01008651,South Tyneside 004D,Violence and sexual offences,Under investigation,
559e2a808c2347395de3d4f8bb4c80a3a030245c3d3cc37c114e898c3c1842eb,2015-12,Surrey Police,Northumbria Police,-1.400863,54.982049,On or near Cheviot Road,E01008651,South Tyneside 004D,Violence and sexual offences,Under investigation,
,2015-12,Surrey Police,Northumbria Police,-1.435828,54.978999,On or near West Way,E01008679,South Tyneside 005A,Anti-social behaviour,,
a6a61cbe2ac31f040b6dc79e1c5f8762e953753b6586a6311fa5951e922c1caf,2015-12,Surrey Police,Northumbria Police,-1.430678,54.979730,On or near Lismore Avenue,E01008679,South Tyneside 005A,Burglary,Offender sent to prison,
138e52a8618c8e5e68fcfbad70375932dcecca3572968666a715573e4566b4ce,2015-12,Surrey Police,Northumbria Police,-1.427690,54.982151,On or near Newbury Street,E01008679,South Tyneside 005A,Criminal damage and arson,Investigation complete; no suspect identified,
dc8ddfb4cf212b25b535cdca46f442fff8b1519e3a57bd2ee936157d96e44f54,2015-12,Surrey Police,Northumbria Police,-1.433250,54.982348,On or near West Park Road,E01008679,South Tyneside 005A,Drugs,Offender given a drugs possession warning,
a777bdd5a268d1ba635414804a4a0e9bc241f9c541725fedc6791379787ce04e,2015-12,Surrey Police,Northumbria Police,-1.428886,54.980503,On or near Reading Road,E01008679,South Tyneside 005A,Possession of weapons,Offender given a caution,
e8c6afa528c40894255d101030021398ee05b21f900330e578f4a51f0ffcd7b6,2015-12,Surrey Police,Northumbria Police,-1.429801,54.980948,On or near St Oswin'S Street,E01008679,South Tyneside 005A,Violence and sexual offences,Under investigation,
64d6debf1db6c8045fe20cb7bfedadbd0c2352165ede251516a747dfc18810ae,2015-12,Surrey Police,Northumbria Police,-1.422319,54.980778,On or near Warwick Road,E01008680,South Tyneside 005B,Criminal damage and arson,Investigation complete; no suspect identified,
afa9f56ab500534ae64d5d624c4b7be71560b072f1c7070d8eb56f6a1aa19959,2015-12,Surrey Police,Northumbria Police,-1.424537,54.977553,On or near Haweswater Close,E01008680,South Tyneside 005B,Violence and sexual offences,Awaiting court outcome,
,2015-12,Surrey Police,Northumbria Police,-1.423154,54.975929,On or near Temple Park Road,E01008682,South Tyneside 005C,Anti-social behaviour,,
8533fba50a75486560a8131eac2a890f253dc48a949885f5adbcfa432f3e3014,2015-12,Surrey Police,Northumbria Police,-1.421760,54.971870,On or near Lapwing Court,E01008682,South Tyneside 005C,Other theft,Under investigation,
b3128ecc48e2edcbae1b0f1102ae16e8fadc9e9d1ab2d494ee7d1e3e72cff1a4,2015-12,Surrey Police,Northumbria Police,-1.421760,54.971870,On or near Lapwing Court,E01008682,South Tyneside 005C,Other theft,Under investigation,
,2015-12,Surrey Police,Northumbria Police,-1.431117,54.985115,On or near Gordon Street,E01008683,South Tyneside 005D,Anti-social behaviour,,
4903bb9d913fc4e7b91ee06c5642f119af73eb4e834027c2d9380b54f2853057,2015-12,Surrey Police,Northumbria Police,-1.431489,54.984263,On or near Garrick Street,E01008683,South Tyneside 005D,Burglary,Under investigation,
37046f8158bcbde3cb9ef17036e5a725f53e81756166f3a1def1caad5d17dc68,2015-12,Surrey Police,Northumbria Police,-1.432575,54.982579,On or near Pembroke Terrace,E01008683,South Tyneside 005D,Criminal damage and arson,Investigation complete; no suspect identified,
c49e0594c82e4ada712d5b14f4aeb37711a119683f1aa1b5977c0a79b9510feb,2015-12,Surrey Police,Northumbria Police,-1.431852,54.982881,On or near Armstrong Terrace,E01008683,South Tyneside 005D,Criminal damage and arson,Investigation complete; no suspect identified,
3d97f8de01f2aba986c48754646a6897f29bbb8994bb40cd324e6cf41ef00af1,2015-12,Surrey Police,Northumbria Police,-1.431489,54.984263,On or near Garrick Street,E01008683,South Tyneside 005D,Shoplifting,Awaiting court outcome,
003a9efafcf863fb15ae7c29b5eda9f4d937b5fdfcdd5cbbf95129d96fb2e520,2015-12,Surrey Police,Northumbria Police,-1.429449,54.982618,On or near Crondall Street,E01008683,South Tyneside 005D,Violence and sexual offences,Under investigation,
,2015-12,Surrey Police,Northumbria Police,-1.411082,54.977732,On or near Fairholme Avenue,E01008635,South Tyneside 006A,Anti-social behaviour,,
5116c864f1133163fc047baebc7d3197e9b99092ae7d8fb9d3e376a2e76de432,2015-12,Surrey Police,Northumbria Police,-1.411401,54.978398,On or near Moor Lane East,E01008635,South Tyneside 006A,Criminal damage and arson,Investigation complete; no suspect identified,
8a080e9da6c6f52d5756270ea96df1b982746d16f2305e75333b602daf52fe84,2015-12,Surrey Police,Northumbria Police,-1.408540,54.973199,On or near South Close,E01008635,South Tyneside 006A,Criminal damage and arson,Awaiting court outcome,
20d048dd3c0b8bab9fbc8ec14d3efdb69218584e03f009e21b4286bf1e53c865,2015-12,Surrey Police,Northumbria Police,-1.407300,54.973615,On or near Gloucester Place,E01008635,South Tyneside 006A,Criminal damage and arson,Investigation complete; no suspect identified,
d0b33cf827b9ac1dbe7e01d02aa99104c1e84f1fd4bb6295f973a57358b2f1a7,2015-12,Surrey Police,Northumbria Police,-1.407619,54.974210,On or near Kent Place,E01008635,South Tyneside 006A,Public order,Under investigation,
821f92038a7ec3c2f51650e0ac7b148da94cc2d9d51f182515fc5c3859cd4a91,2015-12,Surrey Police,Northumbria Police,-1.408540,54.973199,On or near South Close,E01008635,South Tyneside 006A,Violence and sexual offences,Under investigation,
882d76140ef4a1d5d2115db660437548142ad525d609b57bbb45bd57ee7e9458,2015-12,Surrey Police,Northumbria Police,-1.406769,54.977801,On or near Southhill Road,E01008635,South Tyneside 006A,Violence and sexual offences,Under investigation,
be8b1f083328f3cad03c3d2b8ab12053333be73b87b1701a8672bf40f0055e84,2015-12,Surrey Police,Northumbria Police,-1.409144,54.985271,On or near Highfield Road,E01008650,South Tyneside 006B,Shoplifting,Investigation complete; no suspect identified,
7ec0847aa524b9ff9ae3703d852766476613d181a96cb1ca0f3fff725c847b6c,2015-12,Surrey Police,Northumbria Police,-1.409144,54.985271,On or near Highfield Road,E01008650,South Tyneside 006B,Shoplifting,Investigation complete; no suspect identified,
f1e23311e8f927ef833841289ee26ef8151d48dad96a85510c3ed139c007b296,2015-12,Surrey Police,Northumbria Police,-1.409144,54.985271,On or near Highfield Road,E01008650,South Tyneside 006B,Shoplifting,Under investigation,
6e0f9310d0cc102bde48986036ed663e9cfd15993ceac0e848087bb55e5699f1,2015-12,Surrey Police,Northumbria Police,-1.416870,54.981615,On or near Chester Gardens,E01008674,South Tyneside 006C,Criminal damage and arson,Investigation complete; no suspect identified,
0583349826d05081068429b49e9a6fa3b0ad07dbb4b2f697e9db22754eab26d5,2015-12,Surrey Police,Northumbria Police,-1.416870,54.981615,On or near Chester Gardens,E01008674,South Tyneside 006C,Criminal damage and arson,Under investigation,
ea2de3d9674b14ea05232fbc432611054e1954ef494763160f1dbe8c4b18adb3,2015-12,Surrey Police,Northumbria Police,-1.410699,54.979383,On or near Marsden Road,E01008674,South Tyneside 006C,Criminal damage and arson,Investigation complete; no suspect identified,
,2015-12,Surrey Police,Northumbria Police,-1.411985,54.974770,On or near The Leazes,E01008681,South Tyneside 006D,Anti-social behaviour,,
,2015-12,Surrey Police,Northumbria Police,-1.412856,54.971818,On or near Prince Edward Road,E01008681,South Tyneside 006D,Anti-social behaviour,,
b0037a1525195647d32414003588527472766e3e67581378c61d43af1bfa6176,2015-12,Surrey Police,Northumbria Police,-1.413450,54.971794,On or near Prince Edward Road,E01008681,South Tyneside 006D,Burglary,Investigation complete; no suspect identified,
da0caac6b9c7422252f089f7c2e43a0863f7c38f49cf339c70b4872708693f8b,2015-12,Surrey Police,Northumbria Police,-1.420592,54.974866,On or near Mitford Road,E01008681,South Tyneside 006D,Criminal damage and arson,Offender ordered to pay compensation,
9eb6ce4ce81a1d6c5e177d1c5a774988f9cdba3a86283352b93ccac0317ddf61,2015-12,Surrey Police,Northumbria Police,-1.412766,54.972627,On or near South Avenue,E01008681,South Tyneside 006D,Criminal damage and arson,Investigation complete; no suspect identified,
81e54d07f17b0dccb0872f5e66f0ea2e5316042b25a9c7bc60abcaaac64c645f,2015-12,Surrey Police,Northumbria Police,-1.415771,54.974420,On or near West Avenue,E01008681,South Tyneside 006D,Criminal damage and arson,Investigation complete; no suspect identified,
c834c9d34eb1a7b8450f330aaa8d2c72bd7b704f6cddb32f7d29bf949a298284,2015-12,Surrey Police,Northumbria Police,-1.415771,54.974420,On or near West Avenue,E01008681,South Tyneside 006D,Vehicle crime,Investigation complete; no suspect identified,
7f741622c9d822a1b08383373de2338b93c9d1dc724b2dfde8bfc8f7e2ecec65,2015-12,Surrey Police,Northumbria Police,-1.411985,54.974770,On or near The Leazes,E01008681,South Tyneside 006D,Violence and sexual offences,Under investigation,
,2015-12,Surrey Police,Northumbria Police,-1.486117,54.979500,On or near Monkton Terrace,E01008600,South Tyneside 007A,Anti-social behaviour,,
,2015-12,Surrey Police,Northumbria Police,-1.483421,54.980127,On or near Salem Street,E01008600,South Tyneside 007A,Anti-social behaviour,,
,2015-12,Surrey Police,Northumbria Police,-1.481192,54.982175,On or near Abbey Drive,E01008600,South Tyneside 007A,Anti-social behaviour,,
,2015-12,Surrey Police,Northumbria Police,-1.468184,54.976853,On or near Abbotsway,E01008600,South Tyneside 007A,Anti-social behaviour,,
,2015-12,Surrey Police,Northumbria Police,-1.486117,54.979500,On or near Monkton Terrace,E01008600,South Tyneside 007A,Anti-social behaviour,,
,2015-12,Surrey Police,Northumbria Police,-1.481192,54.982175,On or near Abbey Drive,E01008600,South Tyneside 007A,Anti-social behaviour,,
,2015-12,Surrey Police,Northumbria Police,-1.479779,54.982682,On or near Canon Grove,E01008600,South Tyneside 007A,Anti-social behaviour,,
,2015-12,Surrey Police,Northumbria Police,-1.481192,54.982175,On or near Abbey Drive,E01008600,South Tyneside 007A,Anti-social behaviour,,
,2015-12,Surrey Police,Northumbria Police,-1.479680,54.981845,On or near Cloister Walk,E01008600,South Tyneside 007A,Anti-social behaviour,,
,2015-12,Surrey Police,Northumbria Police,-1.478489,54.982119,On or near Priory Road,E01008600,South Tyneside 007A,Anti-social behaviour,,
,2015-12,Surrey Police,Northumbria Police,-1.488555,54.980634,On or near Shopping Area,E01008600,South Tyneside 007A,Anti-social behaviour,,
,2015-12,Surrey Police,Northumbria Police,-1.479779,54.982682,On or near Canon Grove,E01008600,South Tyneside 007A,Anti-social behaviour,,
,2015-12,Surrey Police,Northumbria Police,-1.484730,54.979171,On or near Harold Street,E01008600,South Tyneside 007A,Anti-social behaviour,,
,2015-12,Surrey Police,Northumbria Police,-1.481192,54.982175,On or near Abbey Drive,E01008600,South Tyneside 007A,Anti-social behaviour,,
,2015-12,Surrey Police,Northumbria Police,-1.479779,54.982682,On or near Canon Grove,E01008600,South Tyneside 007A,Anti-social behaviour,,
,2015-12,Surrey Police,Northumbria Police,-1.483421,54.980127,On or near Salem Street,E01008600,South Tyneside 007A,Anti-social behaviour,,
,2015-12,Surrey Police,Northumbria Police,-1.484287,54.979592,On or near Randolph Street,E01008600,South Tyneside 007A,Anti-social behaviour,,
,2015-12,Surrey Police,Northumbria Police,-1.479345,54.980020,On or near St Paul'S Road,E01008600,South Tyneside 007A,Anti-social behaviour,,
,2015-12,Surrey Police,Northumbria Police,-1.488555,54.980634,On or near Shopping Area,E01008600,South Tyneside 007A,Anti-social behaviour,,
f9b2732432b174ec1512ed99c16c4627e17e4413280fb00694ca95b0d576a2b9,2015-12,Surrey Police,Northumbria Police,-1.464348,54.975120,On or near Cuthbert Court,E01008600,South Tyneside 007A,Burglary,Investigation complete; no suspect identified,
a957c4bb49c89a93ffae13ea2fa77d72b429bb7e19f6c77c182c5c8ebd5b872a,2015-12,Surrey Police,Northumbria Police,-1.464348,54.975120,On or near Cuthbert Court,E01008600,South Tyneside 007A,Burglary,Investigation complete; no suspect identified,
5989bc1852e2d77a0fd9b2a9a0ecd0e9c28afeba17ad315193d00f73affccc91,2015-12,Surrey Police,Northumbria Police,-1.481654,54.979032,On or near Howard Street,E01008600,South Tyneside 007A,Criminal damage and arson,Under investigation,
17a1e2484a541c91bf2fa0761e5b5fdc8593027f25bcdcdbfecf6e059245faf5,2015-12,Surrey Police,Northumbria Police,-1.484287,54.979592,On or near Randolph Street,E01008600,South Tyneside 007A,Criminal damage and arson,Investigation complete; no suspect identified,
e09174765415a9c1560f1cf522db167e342e9cf93bbaa3d6d62f09a70440efc3,2015-12,Surrey Police,Northumbria Police,-1.484287,54.979592,On or near Randolph Street,E01008600,South Tyneside 007A,Criminal damage and arson,Investigation complete; no suspect identified,
11ed605ddbcbbcf142c9e0aad4f66c01d1487de9d8a12872632aa88e72f5cab8,2015-12,Surrey Police,Northumbria Police,-1.479570,54.980704,On or near Percy Street,E01008600,South Tyneside 007A,Criminal damage and arson,Investigation complete; no suspect identified,
44340311c2ff16bfbcad415edc3056f814bc8b65f806e7678073b24f3e833a00,2015-12,Surrey Police,Northumbria Police,-1.482230,54.981596,On or near Minster Parade,E01008600,South Tyneside 007A,Criminal damage and arson,Investigation complete; no suspect identified,
b242a66e68820edd570579497f8d2641f2b11b4a12aeca171e4b773887780da0,2015-12,Surrey Police,Northumbria Police,-1.488555,54.980634,On or near Shopping Area,E01008600,South Tyneside 007A,Other theft,Investigation complete; no suspect identified,
590da73a0601f559e36866cbe496e3f8219357bc62e613fa75fde30e8e9a32e4,2015-12,Surrey Police,Northumbria Police,-1.486117,54.979500,On or near Monkton Terrace,E01008600,South Tyneside 007A,Other theft,Investigation complete; no suspect identified,
b9d464a4f7edf2bc45f6921e01bd5a71a19ee8e4576901f573f79bef31cc6fd8,2015-12,Surrey Police,Northumbria Police,-1.464348,54.975120,On or near Cuthbert Court,E01008600,South Tyneside 007A,Possession of weapons,Investigation complete; no suspect identified,
05e70b99d81304380cbaaafb9c415a85e0a57d6c3c654da157ae119614400c39,2015-12,Surrey Police,Northumbria Police,-1.488555,54.980634,On or near Shopping Area,E01008600,South Tyneside 007A,Shoplifting,Offender sent to prison,
b081968fa401656ae8c9a457b1c6d949427ddfee459db3ca671560ed38a15378,2015-12,Surrey Police,Northumbria Police,-1.488555,54.980634,On or near Shopping Area,E01008600,South Tyneside 007A,Shoplifting,Offender fined,
ac4f0be4c433744f291f43af3b189d63c06b12a41729024227ccaf12ef90bcda,2015-12,Surrey Police,Northumbria Police,-1.488555,54.980634,On or near Shopping Area,E01008600,South Tyneside 007A,Shoplifting,Awaiting court outcome,
5cabb3d74878414ef36cf2720e3f1c7dc7d72b02a022cfb2a05c8cf60610129a,2015-12,Surrey Police,Northumbria Police,-1.479779,54.982682,On or near Canon Grove,E01008600,South Tyneside 007A,Violence and sexual offences,Under investigation,
65dbbae415ea35b29bb3f498a57cf83817630932423a7bed5638d0b2b3d00ba7,2015-12,Surrey Police,Northumbria Police,-1.464348,54.975120,On or near Cuthbert Court,E01008600,South Tyneside 007A,Violence and sexual offences,Offender given a caution,
54d795513d60879f3f59df7ae7f2a9c7ec7dcbf1501062a338773696a6e6e69f,2015-12,Surrey Police,Northumbria Police,-1.489218,54.981365,On or near Parking Area,E01008600,South Tyneside 007A,Violence and sexual offences,Under investigation,
02dc53e4c029752569f63269c54afbd8d57c4c126fe9d29df8075d0a2280a875,2015-12,Surrey Police,Northumbria Police,-1.464348,54.975120,On or near Cuthbert Court,E01008600,South Tyneside 007A,Violence and sexual offences,Investigation complete; no suspect identified,
5f7948785ed9b2964f1aa2a414e15a9bdc2cd6e78f939d67f63b6ef55615ecd1,2015-12,Surrey Police,Northumbria Police,-1.488555,54.980634,On or near Shopping Area,E01008600,South Tyneside 007A,Violence and sexual offences,Investigation complete; no suspect identified,
50a2f369b7992434349b8a194b1c342fc2732ad64c81e32b7f0e27f4a63726d6,2015-12,Surrey Police,Northumbria Police,-1.479680,54.981845,On or near Cloister Walk,E01008600,South Tyneside 007A,Violence and sexual offences,Investigation complete; no suspect identified,
e217e7644d49d400b1cd93ac31d218c27c0ef46292cebae38e330bbbc3c3401f,2015-12,Surrey Police,Northumbria Police,-1.484287,54.979592,On or near Randolph Street,E01008600,South Tyneside 007A,Violence and sexual offences,Investigation complete; no suspect identified,
f2be6715a511cc5c0252041f3e56490f4eb60be437fbaa396b286dd7e6837cf3,2015-12,Surrey Police,Northumbria Police,-1.479779,54.982682,On or near Canon Grove,E01008600,South Tyneside 007A,Violence and sexual offences,Investigation complete; no suspect identified,
2fe729e6144b088446f345e6346b0800de2419ee2da776e8db3db73a24a6d676,2015-12,Surrey Police,Northumbria Police,-1.481192,54.982175,On or near Abbey Drive,E01008600,South Tyneside 007A,Violence and sexual offences,Under investigation,
327399994bb3e469c25eee89401c9e669b302c96edfce65cd4dcdd55d1d8b36f,2015-12,Surrey Police,Northumbria Police,-1.479779,54.982682,On or near Canon Grove,E01008600,South Tyneside 007A,Violence and sexual offences,Under investigation,
5484b6d57d93f54b70d612671aa75504a61c78a2c8121c8a983c23c2e7a92d54,2015-12,Surrey Police,Northumbria Police,-1.479779,54.982682,On or near Canon Grove,E01008600,South Tyneside 007A,Other crime,Investigation complete; no suspect identified,
,2015-12,Surrey Police,Northumbria Police,-1.490776,54.980473,On or near Further/Higher Educational Building,E01008604,South Tyneside 007B,Anti-social behaviour,,
,2015-12,Surrey Police,Northumbria Police,-1.490776,54.980473,On or near Further/Higher Educational Building,E01008604,South Tyneside 007B,Anti-social behaviour,,
d2c2f9766a5aacabe57b06a66cb76f922d6db19eeba7edbbc0d31886af105b4b,2015-12,Surrey Police,Northumbria Police,-1.490776,54.980473,On or near Further/Higher Educational Building,E01008604,South Tyneside 007B,Burglary,Under investigation,
71ab02e1bbe4c7503b74d4c33777c0c18a15fed7cc9b51a30dccb5bcad57db21,2015-12,Surrey Police,Northumbria Police,-1.484950,54.981553,On or near Staple Road,E01008604,South Tyneside 007B,Burglary,Awaiting court outcome,
8c2aeda947b68d082e4961d8a152183e56ad52037f6c874ca17d6d2345ab7134,2015-12,Surrey Police,Northumbria Police,-1.489810,54.983964,On or near Ellison Place,E01008604,South Tyneside 007B,Criminal damage and arson,Offender given a caution,
b67ad829685d7a7c8ebb8a547cbe13783f688e896cc64417f9e7884037de2d70,2015-12,Surrey Police,Northumbria Police,-1.501498,54.984013,On or near Blackett Street,E01008604,South Tyneside 007B,Criminal damage and arson,Under investigation,
b4f6693f2358a3effdc439ea131df6e2a9a17fdc30e76c0fdd100026d68de3aa,2015-12,Surrey Police,Northumbria Police,-1.495156,54.982603,On or near Western Road,E01008604,South Tyneside 007B,Criminal damage and arson,Investigation complete; no suspect identified,
0d64c81558ac5962959c17d9b152ee5d70b9fa2ad8854753db84961f2d240f09,2015-12,Surrey Police,Northumbria Police,-1.482779,54.982649,On or near Friar Way,E01008604,South Tyneside 007B,Criminal damage and arson,Investigation complete; no suspect identified,
e79b79d692119a7500e6ac08442cd002217827f8319b022d19a345757d756a4f,2015-12,Surrey Police,Northumbria Police,-1.495156,54.982603,On or near Western Road,E01008604,South Tyneside 007B,Criminal damage and arson,Investigation complete; no suspect identified,
cdc27b81f8d333cbefa1e32c8b2251da37f6eee75dc98e4ab7ca505eef846cd3,2015-12,Surrey Police,Northumbria Police,-1.496183,54.981663,On or near Palmer Street,E01008604,South Tyneside 007B,Criminal damage and arson,Local resolution,
e606a96baf209c84134673fe5944516a8a0916a7a353e5779c51b61089e11c7e,2015-12,Surrey Police,Northumbria Police,-1.491929,54.979498,On or near Napier Street,E01008604,South Tyneside 007B,Other theft,Investigation complete; no suspect identified,
1bfb4d55990ab70160e5d3bcc420e5788db6ebea0bec42577eba0f9c54f73985,2015-12,Surrey Police,Northumbria Police,-1.492278,54.981521,On or near Grange Place,E01008604,South Tyneside 007B,Other theft,Investigation complete; no suspect identified,
9df2e9a4950e371b69a3141d11a8b48e88fb941ff6d4b16be71ac5980c0eee91,2015-12,Surrey Police,Northumbria Police,-1.487485,54.981276,On or near Monkton Road,E01008604,South Tyneside 007B,Other theft,Investigation complete; no suspect identified,
ed68a57a834561dd9fcea821a952d68d6dc47808e31fcc684cac7b738fd8deb9,2015-12,Surrey Police,Northumbria Police,-1.491929,54.979498,On or near Napier Street,E01008604,South Tyneside 007B,Possession of weapons,Awaiting court outcome,
1072f31cbdb71b58e22933a63b3b7da7ad02b2b95898b55af4558229a3e6330f,2015-12,Surrey Police,Northumbria Police,-1.488220,54.981199,On or near Supermarket,E01008604,South Tyneside 007B,Shoplifting,Under investigation,
3dbadc76e356fda56dbb74ac4d6a49bd0507d497538d9948226e07c0154b3dc8,2015-12,Surrey Police,Northumbria Police,-1.490776,54.980473,On or near Further/Higher Educational Building,E01008604,South Tyneside 007B,Shoplifting,Offender given community sentence,
0e45015e06fb51075fc76940f6f073a928066ea7dd6c18a24ced95811f2cfce5,2015-12,Surrey Police,Northumbria Police,-1.490776,54.980473,On or near Further/Higher Educational Building,E01008604,South Tyneside 007B,Shoplifting,Offender sent to prison,
c979a24326b8e24cce8be44c9b764f4212152616894546181fc647a57001deac,2015-12,Surrey Police,Northumbria Police,-1.488220,54.981199,On or near Supermarket,E01008604,South Tyneside 007B,Shoplifting,Offender given suspended prison sentence,
8b2fa5f0678efc972f5d50d06a40d56086ea917e74debc02983d469d1b605c03,2015-12,Surrey Police,Northumbria Police,-1.488220,54.981199,On or near Supermarket,E01008604,South Tyneside 007B,Shoplifting,Offender fined,
7c7fd76622ad6f45bae3d5c926ed963dec2f86071dbe66b89be0fc4ca30370b0,2015-12,Surrey Police,Northumbria Police,-1.488220,54.981199,On or near Supermarket,E01008604,South Tyneside 007B,Shoplifting,Offender sent to prison,
7e747378dbd98a8203f08f79e91b598bcdaf22deb27f2bd99064a878e4ea4a07,2015-12,Surrey Police,Northumbria Police,-1.490776,54.980473,On or near Further/Higher Educational Building,E01008604,South Tyneside 007B,Shoplifting,Under investigation,
bb665923bddfe3b1cad6c7b030bb147b73ea7366a1bf7e726590a13fec347cc1,2015-12,Surrey Police,Northumbria Police,-1.481901,54.984111,On or near Watson Street,E01008604,South Tyneside 007B,Violence and sexual offences,Awaiting court outcome,
74daea3e91e0d10958a6e97029fe937d850cb06aec3c992e490fe439e44ae455,2015-12,Surrey Police,Northumbria Police,-1.489672,54.982508,On or near Walter Street,E01008604,South Tyneside 007B,Violence and sexual offences,Under investigation,
ed3bca69ab52c50bbee4a88b5c6a9aad58483512039e60b724f236976c202057,2015-12,Surrey Police,Northumbria Police,-1.481901,54.984111,On or near Watson Street,E01008604,South Tyneside 007B,Violence and sexual offences,Investigation complete; no suspect identified,
0e51b1a902d07875b4c146885addccae418d0135339692b5a2370126f8b75499,2015-12,Surrey Police,Northumbria Police,-1.481901,54.984111,On or near Watson Street,E01008604,South Tyneside 007B,Violence and sexual offences,Investigation complete; no suspect identified,
8db8f504e114cebb73853f3b487505b2125e4518a713e160a43553b075de4829,2015-12,Surrey Police,Northumbria Police,-1.490776,54.980473,On or near Further/Higher Educational Building,E01008604,South Tyneside 007B,Violence and sexual offences,Investigation complete; no suspect identified,
924b22c7824e750dd4a2345c32bfc0a788bc5a1627ef0914dbf948b1f57003f5,2015-12,Surrey Police,Northumbria Police,-1.489672,54.982508,On or near Walter Street,E01008604,South Tyneside 007B,Violence and sexual offences,Awaiting court outcome,
7e18e860bfb89212958b281b7e366d9190936771f431992ecfdd261d8e95b1d9,2015-12,Surrey Police,Northumbria Police,-1.489672,54.982508,On or near Walter Street,E01008604,South Tyneside 007B,Violence and sexual offences,Under investigation,
33ca2ae6931799fe3b4939c8f262b9383468dc2b47f672a7bb6adbc7ee2c6e99,2015-12,Surrey Police,Northumbria Police,-1.489672,54.982508,On or near Walter Street,E01008604,South Tyneside 007B,Violence and sexual offences,Awaiting court outcome,
,2015-12,Surrey Police,Northumbria Police,-1.494426,54.979697,On or near Grant Street,E01008660,South Tyneside 007C,Anti-social behaviour,,
ba96654136b25489c83bf1c6c0c198e5e00a37b3fa10cac2d99783cb1d42f91a,2015-12,Surrey Police,Northumbria Police,-1.495082,54.978540,On or near Supermarket,E01008660,South Tyneside 007C,Criminal damage and arson,Investigation complete; no suspect identified,
dd3ad0f9ad714eef6bde5a21dc54b9057d080b17a8ed06bf9fdf9971c41d3fff,2015-12,Surrey Police,Northumbria Police,-1.494426,54.979697,On or near Grant Street,E01008660,South Tyneside 007C,Public order,Under investigation,
338f95481e6ee95ca27937f03455e4aea25f4a2fec52c9b4564ea6b13af4ec81,2015-12,Surrey Police,Northumbria Police,-1.492432,54.978008,On or near Albert Road,E01008660,South Tyneside 007C,Public order,Investigation complete; no suspect identified,
12c23ac6c2b5369ee85ff4b10c713ed55511ea5505b08622c7358565681fd183,2015-12,Surrey Police,Northumbria Police,-1.494426,54.979697,On or near Grant Street,E01008660,South Tyneside 007C,Public order,Under investigation,
618b673283e0af4a3db9a0b4d1f8c1cc35d69317696e2354720a23e2cb271cfb,2015-12,Surrey Police,Northumbria Police,-1.491859,54.972659,On or near Wellesley Street,E01008660,South Tyneside 007C,Violence and sexual offences,Under investigation,
2139e93c6ca6bcb0874948a741786413049dd3587761a6879791603a4ca36f94,2015-12,Surrey Police,Northumbria Police,-1.491859,54.972659,On or near Wellesley Street,E01008660,South Tyneside 007C,Violence and sexual offences,Under investigation,
4ebee3f103115bf0f2f90536524a99efa28a4fd36f304533c30b735dba621ae0,2015-12,Surrey Police,Northumbria Police,-1.495307,54.979269,On or near Edith Street,E01008660,South Tyneside 007C,Violence and sexual offences,Investigation complete; no suspect identified,
b278e4dffc6ba5586eab96727a22a5bac6fd76f2730a49d4a1837f5bb3f4e0b8,2015-12,Surrey Police,Northumbria Police,-1.495307,54.979269,On or near Edith Street,E01008660,South Tyneside 007C,Violence and sexual offences,Under investigation,
,2015-12,Surrey Police,Northumbria Police,-1.483793,54.976687,On or near Prince Consort Road,E01008661,South Tyneside 007D,Anti-social behaviour,,
,2015-12,Surrey Police,Northumbria Police,-1.485832,54.977325,On or near Monkton Terrace,E01008661,South Tyneside 007D,Anti-social behaviour,,
879ea71e77d65ce3519e7c9dff2247dc41bd90cba32e9b8665d253013637c3f1,2015-12,Surrey Police,Northumbria Police,-1.483948,54.978017,On or near Ravel Court,E01008661,South Tyneside 007D,Burglary,Investigation complete; no suspect identified,
38ad958aab39bb565b1a8e3e056ca3f1c333c2d8e3c14631a961549f2d1be0c7,2015-12,Surrey Police,Northumbria Police,-1.487038,54.977069,On or near Elberfeld Court,E01008661,South Tyneside 007D,Criminal damage and arson,Under investigation,
b1251c3589f6918cfd7045ba2b1be151f4dd26b003a9a57f7d90be445ea638c4,2015-12,Surrey Police,Northumbria Police,-1.483793,54.976687,On or near Prince Consort Road,E01008661,South Tyneside 007D,Drugs,Offender given a caution,
d36eead9c43373e0d78b74cb7aca2502422999561bb5642abc90509a8cfacf70,2015-12,Surrey Police,Northumbria Police,-1.485832,54.977325,On or near Monkton Terrace,E01008661,South Tyneside 007D,Other theft,Investigation complete; no suspect identified,
fe615f5765d4940e33befab8e3b0731509795197c2ae703d4abd8c99c1acc517,2015-12,Surrey Police,Northumbria Police,-1.483793,54.976687,On or near Prince Consort Road,E01008661,South Tyneside 007D,Violence and sexual offences,Under investigation,
36a23bf750644f208c846df4c400738dfe677ffe642e5fc75d07a79583a6af64,2015-12,Surrey Police,Northumbria Police,-1.488979,54.976799,On or near Croft Terrace,E01008661,South Tyneside 007D,Violence and sexual offences,Under investigation,
10637c6827b382c178c2fca51f2dd8f45ec085d55db787dc532d41470d464893,2015-12,Surrey Police,Northumbria Police,-1.487194,54.978346,On or near Concorde Way,E01008661,South Tyneside 007D,Violence and sexual offences,Under investigation,
6fd51f31926c3ee282a6e88f7387a38ebae7b1b3f7dcaa1f93a3e78cdea326f8,2015-12,Surrey Police,Northumbria Police,-1.401552,54.974540,On or near East Close,E01008633,South Tyneside 008A,Violence and sexual offences,Under investigation,
bbdbfd6b3fc72c7c5d714a45bb0b9e4ec76a22f00bf9c3252d7fa763d2cd3714,2015-12,Surrey Police,Northumbria Police,-1.403426,54.973579,On or near Hayton Avenue,E01008633,South Tyneside 008A,Violence and sexual offences,Awaiting court outcome,
8e5aeef3f1021c55848da23eb722031dbcd61fe9a245b1103187e8b88bab5e64,2015-12,Surrey Police,Northumbria Police,-1.402529,54.973997,On or near Russell Avenue,E01008633,South Tyneside 008A,Violence and sexual offences,Under investigation,
c0bcfa5e10f94c2c0507142682ff454f40512ed90f8c3d35403eca25c9728662,2015-12,Surrey Police,Northumbria Police,-1.400936,54.973953,On or near Bradley Avenue,E01008633,South Tyneside 008A,Violence and sexual offences,Investigation complete; no suspect identified,
39e3097f1f7dc210d550a7dbbb67cca4118a641a31a9b27d379f568a6ee2bf6a,2015-12,Surrey Police,Northumbria Police,-1.401552,54.974540,On or near East Close,E01008633,South Tyneside 008A,Violence and sexual offences,Under investigation,
3aa5bb9956d397ff4b4dd60c558eabca25c2ec17a56e769723ee955047718864,2015-12,Surrey Police,Northumbria Police,-1.403426,54.973579,On or near Hayton Avenue,E01008633,South Tyneside 008A,Violence and sexual offences,Awaiting court outcome,
52994291fa1360339b5365e69b12534f1623b8521296180813dddfc216bd4b59,2015-12,Surrey Police,Northumbria Police,-1.402529,54.973997,On or near Russell Avenue,E01008633,South Tyneside 008A,Violence and sexual offences,Under investigation,
11ee34376451708ab6fe2758d2683d5765e520d5af807286285f56a39fc4cee4,2015-12,Surrey Police,Northumbria Police,-1.407365,54.972385,On or near Supermarket,E01008634,South Tyneside 008B,Criminal damage and arson,Investigation complete; no suspect identified,
dbf20c59b7d28f999dcedecd1cd22500889977d4ca97895625afefc757c40739,2015-12,Surrey Police,Northumbria Police,-1.410632,54.972230,On or near Sunderland Road,E01008634,South Tyneside 008B,Other theft,Under investigation,
2a498e7283dd0d697a680465c24656190e0d9ee431012be0067fa562f6cedbd3,2015-12,Surrey Police,Northumbria Police,-1.404433,54.973098,On or near Crossway,E01008634,South Tyneside 008B,Violence and sexual offences,Investigation complete; no suspect identified,
3808ddfa4701636387b9d2604c7202b586456cd4ec84d2ff66b07a72382f16c2,2015-12,Surrey Police,Northumbria Police,-1.410632,54.972230,On or near Sunderland Road,E01008634,South Tyneside 008B,Violence and sexual offences,Under investigation,
0b69a41e940c70dc3abe3f1e8877884d2d32348bd452afbc389fe2cf285c58cd,2015-12,Surrey Police,Northumbria Police,-1.408389,54.972821,On or near Borough Road,E01008634,South Tyneside 008B,Violence and sexual offences,Investigation complete; no suspect identified,
1ae191a51accacb4fd9d2ddb025ee350be39e0a5b0e12bc3d2e8330d9ca05878,2015-12,Surrey Police,Northumbria Police,-1.407365,54.972385,On or near Supermarket,E01008634,South Tyneside 008B,Violence and sexual offences,Under investigation,
68e2b9d6367a24520609e12dc0f214968760939203f2322c4fd670fffc91a86d,2015-12,Surrey Police,Northumbria Police,-1.405698,54.974147,On or near Dunlop Crescent,E01008634,South Tyneside 008B,Violence and sexual offences,Offender given a caution,
b48e918fc77caefccb031ddd7112f017d198de32e149c9ba2a16216f14d71fe9,2015-12,Surrey Police,Northumbria Police,-1.404433,54.973098,On or near Crossway,E01008634,South Tyneside 008B,Violence and sexual offences,Under investigation,
,2015-12,Surrey Police,Northumbria Police,-1.397995,54.980498,On or near Marsden Lane,E01008636,South Tyneside 008C,Anti-social behaviour,,
,2015-12,Surrey Police,Northumbria Police,-1.401296,54.977100,On or near Bishop Ramsay Court,E01008636,South Tyneside 008C,Anti-social behaviour,,
,2015-12,Surrey Police,Northumbria Police,-1.398594,54.978066,On or near Hylton Avenue,E01008636,South Tyneside 008C,Anti-social behaviour,,
6561b2f4317d81cbf1e3a7857e16e6b5e5aa3c851c90a477880637e4e99c38c5,2015-12,Surrey Police,Northumbria Police,-1.397972,54.979941,On or near Horsley Hill Square,E01008636,South Tyneside 008C,Burglary,Investigation complete; no suspect identified,
d83ad3f73145eea32f9dc31b35269b85f931d2e0bdbeeb3033a4b771e0e088e2,2015-12,Surrey Police,Northumbria Police,-1.397995,54.980498,On or near Marsden Lane,E01008636,South Tyneside 008C,Criminal damage and arson,Investigation complete; no suspect identified,
a175fe88c69d757f384f8aa31c8002822fac8346d960e083074953324e70d91f,2015-12,Surrey Police,Northumbria Police,-1.397972,54.979941,On or near Horsley Hill Square,E01008636,South Tyneside 008C,Criminal damage and arson,Investigation complete; no suspect identified,
9af6e327c4a82808df46bb75c26505f09465e97159b7feac1aed0b7cb9489257,2015-12,Surrey Police,Northumbria Police,-1.406417,54.980495,On or near Marsden Road,E01008636,South Tyneside 008C,Violence and sexual offences,Awaiting court outcome,
,2015-12,Surrey Police,Northumbria Police,-1.392853,54.977507,On or near Steward Crescent,E01008637,South Tyneside 008D,Anti-social behaviour,,
,2015-12,Surrey Police,Northumbria Police,-1.392692,54.978863,On or near Fulwell Avenue,E01008637,South Tyneside 008D,Anti-social behaviour,,
,2015-12,Surrey Police,Northumbria Police,-1.392853,54.977507,On or near Steward Crescent,E01008637,South Tyneside 008D,Anti-social behaviour,,
6dc891fae693617b2e6aa2cddd45fa149b660eadd129e39ac8529996d82e24ce,2015-12,Surrey Police,Northumbria Police,-1.389730,54.976341,On or near Chirton Grove,E01008637,South Tyneside 008D,Burglary,Investigation complete; no suspect identified,
06ccee994b3d07009fca0d88323b7186396617752ee0610b8ffad10a605b36b1,2015-12,Surrey Police,Northumbria Police,-1.392692,54.978863,On or near Fulwell Avenue,E01008637,South Tyneside 008D,Criminal damage and arson,Investigation complete; no suspect identified,
aae6c3b4d8f0b39368973eb6cde34d67e919e70259d05267ed4740993ac3920c,2015-12,Surrey Police,Northumbria Police,-1.392692,54.978863,On or near Fulwell Avenue,E01008637,South Tyneside 008D,Criminal damage and arson,Investigation complete; no suspect identified,
50d1371ea8c370af014904537ddf752d1d4cd693229551e5721287897ca9e2c2,2015-12,Surrey Police,Northumbria Police,-1.392692,54.978863,On or near Fulwell Avenue,E01008637,South Tyneside 008D,Criminal damage and arson,Investigation complete; no suspect identified,
,2015-12,Surrey Police,Northumbria Police,-1.506048,54.982495,On or near High Lane Row,E01008639,South Tyneside 009A,Anti-social behaviour,,
,2015-12,Surrey Police,Northumbria Police,-1.518174,54.975956,On or near Landfall Drive,E01008639,South Tyneside 009A,Anti-social behaviour,,
,2015-12,Surrey Police,Northumbria Police,-1.518174,54.975956,On or near Landfall Drive,E01008639,South Tyneside 009A,Anti-social behaviour,,
,2015-12,Surrey Police,Northumbria Police,-1.506048,54.982495,On or near High Lane Row,E01008639,South Tyneside 009A,Anti-social behaviour,,
,2015-12,Surrey Police,Northumbria Police,-1.517051,54.975790,On or near Hedgeley Road,E01008639,South Tyneside 009A,Anti-social behaviour,,
e9f604d678f74c237d0cbb3bb1afba59d0caae5caf008f525276f18323eb13fa,2015-12,Surrey Police,Northumbria Police,-1.518994,54.975276,On or near May Close,E01008639,South Tyneside 009A,Bicycle theft,Under investigation,
b7839b39918067b83ee3512beb80d687fa74825575e202f9fc04e754fbb20834,2015-12,Surrey Police,Northumbria Police,-1.518994,54.975276,On or near May Close,E01008639,South Tyneside 009A,Bicycle theft,Investigation complete; no suspect identified,
472799654d368a2a74df138ffa8fe6c64a44afd7e2b92bc57796a26d7941dc66,2015-12,Surrey Police,Northumbria Police,-1.514488,54.977137,On or near The Cornfields,E01008639,South Tyneside 009A,Burglary,Investigation complete; no suspect identified,
889fb54a6fbf5395299eea445965f608f54f03294a91d993084f31d9d782e2cb,2015-12,Surrey Police,Northumbria Police,-1.513258,54.979369,On or near Makendon Street,E01008639,South Tyneside 009A,Criminal damage and arson,Investigation complete; no suspect identified,
cbf13dbad160a9fa1c0eafdb8363aa479e53d931521b052a9339cb2e3f2392eb,2015-12,Surrey Police,Northumbria Police,-1.518994,54.975276,On or near May Close,E01008639,South Tyneside 009A,Criminal damage and arson,Investigation complete; no suspect identified,
11e3f79720bd0bc025084d79afe1926128018a67554d40cc74f6d74ddb62ba4b,2015-12,Surrey Police,Northumbria Police,-1.511916,54.981808,On or near Walsh Avenue,E01008639,South Tyneside 009A,Criminal damage and arson,Under investigation,
a18c6b160b609276f7434ea0ce4f7b8cd8d58177bf4e0ce663ac7b75b3a9c116,2015-12,Surrey Police,Northumbria Police,-1.518994,54.975276,On or near May Close,E01008639,South Tyneside 009A,Criminal damage and arson,Investigation complete; no suspect identified,
05f7a7a09a96ff013cc8cbbd540abb65bfc686cc12e55685225b384a4d01f42c,2015-12,Surrey Police,Northumbria Police,-1.518994,54.975276,On or near May Close,E01008639,South Tyneside 009A,Criminal damage and arson,Investigation complete; no suspect identified,
bfcf52a1e3edf13fc504e7d178f77e5525a6d5f472dd6f477619d6d94dabeb3e,2015-12,Surrey Police,Northumbria Police,-1.517105,54.976437,On or near Troilus Gardens,E01008639,South Tyneside 009A,Other theft,Under investigation,
f00f608d91847116b16d9653f66274eada23946f599dd2c894512cfed9fdd432,2015-12,Surrey Police,Northumbria Police,-1.519683,54.981740,On or near Agincourt,E01008639,South Tyneside 009A,Vehicle crime,Offender given community sentence,
e3386484d8a755431ab868b932e35bc15d6a35a43a66cb53fc06ad4c30874038,2015-12,Surrey Police,Northumbria Police,-1.519683,54.981740,On or near Agincourt,E01008639,South Tyneside 009A,Vehicle crime,Offender given community sentence,
9cbc5e393c69f93b8ba056658c91a3d2e4be16e6c540d99967175c8a0a8384f6,2015-12,Surrey Police,Northumbria Police,-1.507054,54.981986,On or near Mcintyre Road,E01008639,South Tyneside 009A,Violence and sexual offences,Under investigation,
4b0f0277148841d78fecfac0ea7e59be8b672939562b369f83c2854e29b5cdf1,2015-12,Surrey Police,Northumbria Police,-1.512413,54.975619,On or near Campbell Park Road,E01008639,South Tyneside 009A,Violence and sexual offences,Under investigation,
01e3dc7dfc208b8df5a4cce946d6ea47fe7dbfdac8b11fb10606d6908dcf40b8,2015-12,Surrey Police,Northumbria Police,-1.517051,54.975790,On or near Hedgeley Road,E01008639,South Tyneside 009A,Violence and sexual offences,Under investigation,
1ed0add7d47c1d0dab2dee51d6a4a69b0e098127c2855a270b415ebf99e1206f,2015-12,Surrey Police,Northumbria Police,-1.517105,54.976437,On or near Troilus Gardens,E01008639,South Tyneside 009A,Violence and sexual offences,Under investigation,
fa1bd1a0ed2017e97e4cd7e15e48a120a9527f488e06c327a55b92b52a113132,2015-12,Surrey Police,Northumbria Police,-1.517051,54.975790,On or near Hedgeley Road,E01008639,South Tyneside 009A,Violence and sexual offences,Under investigation,
1e22051d1cfa458065268821c6b989a78b385ab19241b9b552cff4054d49a33f,2015-12,Surrey Police,Northumbria Police,-1.518994,54.975276,On or near May Close,E01008639,South Tyneside 009A,Violence and sexual offences,Offender given suspended prison sentence,
,2015-12,Surrey Police,Northumbria Police,-1.502507,54.978185,On or near Sports/Recreation Area,E01008652,South Tyneside 009B,Anti-social behaviour,,
,2015-12,Surrey Police,Northumbria Police,-1.506840,54.980359,On or near Railway Street,E01008652,South Tyneside 009B,Anti-social behaviour,,
,2015-12,Surrey Police,Northumbria Police,-1.502507,54.978185,On or near Sports/Recreation Area,E01008652,South Tyneside 009B,Anti-social behaviour,,
,2015-12,Surrey Police,Northumbria Police,-1.506737,54.979810,On or near Ralph Street,E01008652,South Tyneside 009B,Anti-social behaviour,,
,2015-12,Surrey Police,Northumbria Police,-1.502785,54.979749,On or near St Oswald'S Road,E01008652,South Tyneside 009B,Anti-social behaviour,,
35f0018d395d51b42524c1e0deee12b6808b26ce9f5a5d8a3c987da2360f33c9,2015-12,Surrey Police,Northumbria Police,-1.504285,54.978444,On or near Black Road,E01008652,South Tyneside 009B,Bicycle theft,Investigation complete; no suspect identified,
a74925d7463eaf27c771149515ea437d77f159348c4b3cb484a55ff2095c8756,2015-12,Surrey Police,Northumbria Police,-1.496479,54.980469,On or near Palmer Street,E01008652,South Tyneside 009B,Other theft,Investigation complete; no suspect identified,
907d32841e9f3bb8dea5fa8f843c3bf7f6f868ec5b05d8a44f3c8a92b7f36431,2015-12,Surrey Police,Northumbria Police,-1.506737,54.979810,On or near Ralph Street,E01008652,South Tyneside 009B,Other theft,Investigation complete; no suspect identified,
9b7f81c87aba5896d8620a9d483a8c9883122049b5cb73ec2681d4f5f9a963aa,2015-12,Surrey Police,Northumbria Police,-1.498149,54.980638,On or near Fir Street,E01008652,South Tyneside 009B,Other theft,Under investigation,
e0009f26ddc71cdac3e477cb3d9f315513979f562b9f442f6f7bb98ba6a598cf,2015-12,Surrey Police,Northumbria Police,-1.500792,54.979220,On or near Sports/Recreation Area,E01008652,South Tyneside 009B,Public order,Under investigation,
cc10a9a2de77cd7276a457f11c760aabf7720d46b8b194e6f22251f10f1f4901,2015-12,Surrey Police,Northumbria Police,-1.498916,54.980515,On or near Hazel Street,E01008652,South Tyneside 009B,Violence and sexual offences,Under investigation,
a2007a023a5460c2b378085e8b7c09ee7fccd58feab2f5f49415e102374f656a,2015-12,Surrey Police,Northumbria Police,-1.506840,54.980359,On or near Railway Street,E01008652,South Tyneside 009B,Violence and sexual offences,Under investigation,
2590099f892ec867cf51dbab17299628f0da3ced19a7284fc3cfe0a3728d6f30,2015-12,Surrey Police,Northumbria Police,-1.506737,54.979810,On or near Ralph Street,E01008652,South Tyneside 009B,Violence and sexual offences,Under investigation,
0aa0d01ee03d563cc42c47448029b2be38340fd551a575f2390b8c52b3eeec7a,2015-12,Surrey Police,Northumbria Police,-1.498916,54.980515,On or near Hazel Street,E01008652,South Tyneside 009B,Violence and sexual offences,Under investigation,
e5f508241fedbfd9ef744184133269b173ee70a3a8469bb5ff9709a59f3c6f93,2015-12,Surrey Police,Northumbria Police,-1.506737,54.979810,On or near Ralph Street,E01008652,South Tyneside 009B,Violence and sexual offences,Under investigation,
,2015-12,Surrey Police,Northumbria Police,-1.509089,54.979119,On or near West Street,E01008653,South Tyneside 009C,Anti-social behaviour,,
,2015-12,Surrey Police,Northumbria Police,-1.509523,54.978186,On or near Hedgeley Road,E01008653,South Tyneside 009C,Anti-social behaviour,,
,2015-12,Surrey Police,Northumbria Police,-1.511699,54.976496,On or near Falkland Avenue,E01008653,South Tyneside 009C,Anti-social behaviour,,
802eec28ea6a223d364c25e20d0d47e3c55b2390d23ee5aaa5dbb3499d8d1121,2015-12,Surrey Police,Northumbria Police,-1.512960,54.978146,On or near The Cornfields,E01008653,South Tyneside 009C,Vehicle crime,Offender given community sentence,
892d1f68471db6067ae6483faf5689856903b6c55adcf8d77a772e5ecee00c8c,2015-12,Surrey Police,Northumbria Police,-1.509688,54.974871,On or near Sports/Recreation Area,E01008653,South Tyneside 009C,Violence and sexual offences,Investigation complete; no suspect identified,
7d4e57e90a9697d536c52fb76dd2bd2cbaca5d74abb25ea9edfed774130bf1d6,2015-12,Surrey Police,Northumbria Police,-1.509089,54.979119,On or near West Street,E01008653,South Tyneside 009C,Violence and sexual offences,Under investigation,
9c129e0e493d5a4e6b1acf6c10e29c57f2adb5f7cd3a8a152ebb36ebab833342,2015-12,Surrey Police,Northumbria Police,-1.509523,54.978186,On or near Hedgeley Road,E01008653,South Tyneside 009C,Violence and sexual offences,Under investigation,
a0c3cc097e079367ca608887ca156d408264fa81da7d491d8f080840ca579130,2015-12,Surrey Police,Northumbria Police,-1.509523,54.978186,On or near Hedgeley Road,E01008653,South Tyneside 009C,Violence and sexual offences,Awaiting court outcome,
,2015-12,Surrey Police,Northumbria Police,-1.500208,54.975848,On or near Howe Street,E01008654,South Tyneside 009D,Anti-social behaviour,,
,2015-12,Surrey Police,Northumbria Police,-1.499441,54.976033,On or near Collingwood Street,E01008654,South Tyneside 009D,Anti-social behaviour,,
,2015-12,Surrey Police,Northumbria Police,-1.499441,54.976033,On or near Collingwood Street,E01008654,South Tyneside 009D,Anti-social behaviour,,
,2015-12,Surrey Police,Northumbria Police,-1.501359,54.976266,On or near Frobisher Street,E01008654,South Tyneside 009D,Anti-social behaviour,,
,2015-12,Surrey Police,Northumbria Police,-1.498450,54.979013,On or near Maple Street,E01008654,South Tyneside 009D,Anti-social behaviour,,
,2015-12,Surrey Police,Northumbria Police,-1.500453,54.976271,On or near Gladstone Street,E01008654,South Tyneside 009D,Anti-social behaviour,,
,2015-12,Surrey Police,Northumbria Police,-1.497924,54.977375,On or near Pine Street,E01008654,South Tyneside 009D,Anti-social behaviour,,
5ef721248fb73a7b5161f21e10bd621dd9543b0bee19267fb8e84c75c19a1a4e,2015-12,Surrey Police,Northumbria Police,-1.498450,54.979013,On or near Maple Street,E01008654,South Tyneside 009D,Bicycle theft,Investigation complete; no suspect identified,
44adbb079870f4d4b4c80a860feed8a4e66dc9842f9fd699b83278c2f6645575,2015-12,Surrey Police,Northumbria Police,-1.499441,54.976033,On or near Collingwood Street,E01008654,South Tyneside 009D,Public order,Under investigation,
7fcf4f0e62a7d1cc2d0ccdf6840334bde7aa09b446320e29ab1d3d6de6b680a2,2015-12,Surrey Police,Northumbria Police,-1.499441,54.976033,On or near Collingwood Street,E01008654,South Tyneside 009D,Violence and sexual offences,Under investigation,
effff99e76e148e6959a1acb42015c0f454c5f4f20393e841f809c006b49adf5,2015-12,Surrey Police,Northumbria Police,-1.499441,54.976033,On or near Collingwood Street,E01008654,South Tyneside 009D,Violence and sexual offences,Under investigation,
,2015-12,Surrey Police,Northumbria Police,-1.505744,54.974163,On or near Ushaw Road,E01008655,South Tyneside 009E,Anti-social behaviour,,
,2015-12,Surrey Police,Northumbria Police,-1.507380,54.974493,On or near Police Station,E01008655,South Tyneside 009E,Anti-social behaviour,,
,2015-12,Surrey Police,Northumbria Police,-1.507380,54.974493,On or near Police Station,E01008655,South Tyneside 009E,Anti-social behaviour,,
,2015-12,Surrey Police,Northumbria Police,-1.505860,54.977408,On or near Windsor Crescent,E01008655,South Tyneside 009E,Anti-social behaviour,,
,2015-12,Surrey Police,Northumbria Police,-1.502844,54.976254,On or near Eton Square,E01008655,South Tyneside 009E,Anti-social behaviour,,
6815c6d73283f5945221b18c8243b125b0d22f196e7212d0f0938570bf555a51,2015-12,Surrey Police,Northumbria Police,-1.504863,54.975903,On or near Victoria Road East,E01008655,South Tyneside 009E,Bicycle theft,Investigation complete; no suspect identified,
81ff3336cba2da0b75a556966f2fc77aece038b10321ca6b308bd93fd6a9e8fe,2015-12,Surrey Police,Northumbria Police,-1.503739,54.973292,On or near Bede Walk,E01008655,South Tyneside 009E,Criminal damage and arson,Under investigation,
031cec513e3e64a7763a652bc6987296828078b521dc622f588783df6af35e75,2015-12,Surrey Police,Northumbria Police,-1.502844,54.976254,On or near Eton Square,E01008655,South Tyneside 009E,Criminal damage and arson,Investigation complete; no suspect identified,
707a8b60fbc1b85bd08c4d38b175129918e941a8209c49f7a3ad858c671a2744,2015-12,Surrey Police,Northumbria Police,-1.508614,54.973240,On or near Parking Area,E01008655,South Tyneside 009E,Other theft,Under investigation,
f1d4d3be888cadb434354feeaa3b9ca8885eb2981116650714f3c983765b4dd0,2015-12,Surrey Police,Northumbria Police,-1.508614,54.973240,On or near Parking Area,E01008655,South Tyneside 009E,Other theft,Investigation complete; no suspect identified,
1e960610ca61d9dd006bf4196cf2d90fafa801265838ff2575dbf3e48ee4b7ae,2015-12,Surrey Police,Northumbria Police,-1.508614,54.973240,On or near Parking Area,E01008655,South Tyneside 009E,Other theft,Investigation complete; no suspect identified,
7f6b1ed96a6d92ecb23a91b96351c90daf62659f24be8e97c07b432a55919b5f,2015-12,Surrey Police,Northumbria Police,-1.508614,54.973240,On or near Parking Area,E01008655,South Tyneside 009E,Public order,Under investigation,
c3e9d5208cd06069e3e3ea80e1da4215a485ca31a9a22d26722abe0ece87a2a4,2015-12,Surrey Police,Northumbria Police,-1.505813,54.972384,On or near Kings Avenue,E01008655,South Tyneside 009E,Violence and sexual offences,Under investigation,
57fb47f9b823a0adc28e46d7cb059461caf94bbdef383b103b1390a613723f9f,2015-12,Surrey Police,Northumbria Police,-1.502856,54.975257,On or near Oxford Crescent,E01008655,South Tyneside 009E,Violence and sexual offences,Under investigation,
a2d5c1b9406748dd708f87d40133065f5c0a1a48a2d1023121aa360efdcf1988,2015-12,Surrey Police,Northumbria Police,-1.504292,54.972818,On or near Marr Road,E01008655,South Tyneside 009E,Violence and sexual offences,Investigation complete; no suspect identified,
,2015-12,Surrey Police,Northumbria Police,-1.494855,54.972914,On or near Breamish Street,E01008657,South Tyneside 009F,Anti-social behaviour,,
eed79ebaafb04a97828bb7868691e7c97fa1d7ff89235c757cd98cfb06d01e57,2015-12,Surrey Police,Northumbria Police,-1.492996,54.972969,On or near Bede Burn Road,E01008657,South Tyneside 009F,Criminal damage and arson,Awaiting court outcome,
e9ccbe0c6e4e8111ffebf7f327af75232a1f49bec92cf91d7a65053a78a79a90,2015-12,Surrey Police,Northumbria Police,-1.494135,54.971833,On or near Rede Street,E01008657,South Tyneside 009F,Other theft,Investigation complete; no suspect identified,
565e6acd431256c5a00cf438eec8a00c20a39894c1dfe403cc8089e952ce0b05,2015-12,Surrey Police,Northumbria Police,-1.493845,54.976208,On or near Bede Burn Road,E01008657,South Tyneside 009F,Violence and sexual offences,Under investigation,
3798a313a9c33627d1ab33658f81645d3c5716d4ccd8d22bc94b786b613a561c,2015-12,Surrey Police,Northumbria Police,-1.492996,54.972969,On or near Bede Burn Road,E01008657,South Tyneside 009F,Violence and sexual offences,Awaiting court outcome,
,2015-12,Surrey Police,Northumbria Police,-1.528062,54.980003,On or near Springwood,E01008638,South Tyneside 010A,Anti-social behaviour,,
,2015-12,Surrey Police,Northumbria Police,-1.521318,54.980857,On or near Glenmoor,E01008638,South Tyneside 010A,Anti-social behaviour,,
,2015-12,Surrey Police,Northumbria Police,-1.525159,54.979731,On or near Ann Street,E01008638,South Tyneside 010A,Anti-social behaviour,,
3d7e5c0767b6347f853049fc44e1207a17d84ad1f3753772c7cbda33dc04fd38,2015-12,Surrey Police,Northumbria Police,-1.527215,54.980305,On or near Oakwood,E01008638,South Tyneside 010A,Criminal damage and arson,Investigation complete; no suspect identified,
336a5b98d5c05dd0be676460edeba7511c54998646c970dacafd5051e98f0e55,2015-12,Surrey Police,Northumbria Police,-1.527215,54.980305,On or near Oakwood,E01008638,South Tyneside 010A,Other crime,Under investigation,
,2015-12,Surrey Police,Northumbria Police,-1.519606,54.978981,On or near Cosserat Place,E01008640,South Tyneside 010B,Anti-social behaviour,,
,2015-12,Surrey Police,Northumbria Police,-1.525014,54.973503,On or near St Michaels Vale,E01008640,South Tyneside 010B,Anti-social behaviour,,
,2015-12,Surrey Police,Northumbria Police,-1.526421,54.978738,On or near Edward Street,E01008640,South Tyneside 010B,Anti-social behaviour,,
,2015-12,Surrey Police,Northumbria Police,-1.521975,54.978146,On or near Albert Street,E01008640,South Tyneside 010B,Anti-social behaviour,,
,2015-12,Surrey Police,Northumbria Police,-1.532034,54.975732,On or near Parking Area,E01008640,South Tyneside 010B,Anti-social behaviour,,
,2015-12,Surrey Police,Northumbria Police,-1.526421,54.978738,On or near Edward Street,E01008640,South Tyneside 010B,Anti-social behaviour,,
891b938549c4ecfb7dcd74c128e99467126ffccc2cd6d9b91619c6145f55473f,2015-12,Surrey Police,Northumbria Police,-1.518149,54.977996,On or near Bicester Grove,E01008640,South Tyneside 010B,Burglary,Awaiting court outcome,
8ed51f96c00e0ccd9f9fc7043a1b0d42ddfef06fffc1f27893f17d9a4e9d565b,2015-12,Surrey Police,Northumbria Police,-1.517559,54.973833,On or near Aln Street,E01008640,South Tyneside 010B,Criminal damage and arson,Investigation complete; no suspect identified,
ca423339a5e4443e3914b429dedbd6997578ab95048cb96a57a093b7d8760d3d,2015-12,Surrey Police,Northumbria Police,-1.526421,54.978738,On or near Edward Street,E01008640,South Tyneside 010B,Criminal damage and arson,Investigation complete; no suspect identified,
58b18af17d8bf036d7644fa840ad3512d7a82811f380d4c9d4bb4bcc919d5397,2015-12,Surrey Police,Northumbria Police,-1.524500,54.978713,On or near Carr Street,E01008640,South Tyneside 010B,Other theft,Investigation complete; no suspect identified,
9da980c6109c77daadef4e4a5cff28598294f747e7164522b6a08e7ad5727902,2015-12,Surrey Police,Northumbria Police,-1.526421,54.978738,On or near Edward Street,E01008640,South Tyneside 010B,Other theft,Investigation complete; no suspect identified,
6ba30d8a0020eb1df1d439abf13c3e9f677728df32a0a7d8079c1d4e2cc67bd9,2015-12,Surrey Police,Northumbria Police,-1.524100,54.975521,On or near Marina View,E01008640,South Tyneside 010B,Vehicle crime,Investigation complete; no suspect identified,
7bea5fb3849c199d015e88cf4be2de9a93ebd9494a957d8861cb15df3012d703,2015-12,Surrey Police,Northumbria Police,-1.523398,54.978089,On or near William Street West,E01008640,South Tyneside 010B,Violence and sexual offences,Investigation complete; no suspect identified,
c6e2ad76afb6104f85c204e68325596a7e5e49d8aed3a7d87aaceb3b809da677,2015-12,Surrey Police,Northumbria Police,-1.516692,54.974423,On or near Whickham Road,E01008640,South Tyneside 010B,Other crime,Under investigation,
,2015-12,Surrey Police,Northumbria Police,-1.519707,54.974462,On or near Station Road,E01008641,South Tyneside 010C,Anti-social behaviour,,
,2015-12,Surrey Police,Northumbria Police,-1.519703,54.973482,On or near Parking Area,E01008641,South Tyneside 010C,Anti-social behaviour,,
,2015-12,Surrey Police,Northumbria Police,-1.517661,54.971838,On or near Wellington Street,E01008641,South Tyneside 010C,Anti-social behaviour,,
,2015-12,Surrey Police,Northumbria Police,-1.516742,54.971556,On or near Canning Street,E01008641,South Tyneside 010C,Anti-social behaviour,,
,2015-12,Surrey Police,Northumbria Police,-1.514937,54.974883,On or near Jutland Avenue,E01008641,South Tyneside 010C,Anti-social behaviour,,
,2015-12,Surrey Police,Northumbria Police,-1.516742,54.971556,On or near Canning Street,E01008641,South Tyneside 010C,Anti-social behaviour,,
,2015-12,Surrey Police,Northumbria Police,-1.513588,54.972766,On or near Leslie Avenue,E01008641,South Tyneside 010C,Anti-social behaviour,,
,2015-12,Surrey Police,Northumbria Police,-1.517661,54.971838,On or near Wellington Street,E01008641,South Tyneside 010C,Anti-social behaviour,,
,2015-12,Surrey Police,Northumbria Police,-1.514937,54.974883,On or near Jutland Avenue,E01008641,South Tyneside 010C,Anti-social behaviour,,
7c19bae88b6b708c363f4157ecc23835182b15f7c55d67032c706b59b994d63f,2015-12,Surrey Police,Northumbria Police,-1.514937,54.974883,On or near Jutland Avenue,E01008641,South Tyneside 010C,Other theft,Under investigation,
a3dab9f50ad083ff9fc258dfc502c374a1a8eee95f93f684a2965453089d550a,2015-12,Surrey Police,Northumbria Police,-1.519703,54.973482,On or near Parking Area,E01008641,South Tyneside 010C,Shoplifting,Investigation complete; no suspect identified,
661e2bd0a8b8bfc5aea9038429c3859306240df502910b373fe7be07a346c9a1,2015-12,Surrey Police,Northumbria Police,-1.519703,54.973482,On or near Parking Area,E01008641,South Tyneside 010C,Shoplifting,Investigation complete; no suspect identified,
cf23626456cbe8e3536c79534dfeb9ca2c36227a80d502683631383c495d6e28,2015-12,Surrey Police,Northumbria Police,-1.519703,54.973482,On or near Parking Area,E01008641,South Tyneside 010C,Shoplifting,Investigation complete; no suspect identified,
48373bb7904d4294ccc3a8893f72c7f90f3dbcbeaf64013a34b9cec6af6f6d7c,2015-12,Surrey Police,Northumbria Police,-1.519703,54.973482,On or near Parking Area,E01008641,South Tyneside 010C,Shoplifting,Investigation complete; no suspect identified,
730d88ad90f49192907a8dbaa2bd27dd23fc4dda242cd7e54275406cc50e1482,2015-12,Surrey Police,Northumbria Police,-1.519703,54.973482,On or near Parking Area,E01008641,South Tyneside 010C,Shoplifting,Offender given absolute discharge,
7909e7a82348abb0c70ecb65d21b5ac3f564914a9b102d1d840ce3930d7ac83a,2015-12,Surrey Police,Northumbria Police,-1.519703,54.973482,On or near Parking Area,E01008641,South Tyneside 010C,Shoplifting,Offender given conditional discharge,
838cd5a0bd8747e538c47f494c13e654d76001b6c49676d4363ed603faed9a25,2015-12,Surrey Police,Northumbria Police,-1.519703,54.973482,On or near Parking Area,E01008641,South Tyneside 010C,Shoplifting,Investigation complete; no suspect identified,
661a11b74a6461dd7e5803d62869c0822ec34078ab4792003a7bb4e475fec78d,2015-12,Surrey Police,Northumbria Police,-1.519703,54.973482,On or near Parking Area,E01008641,South Tyneside 010C,Shoplifting,Investigation complete; no suspect identified,
77744c94bc71503c463d1941522dcd85552131a31817e3f8866003a58ad82215,2015-12,Surrey Police,Northumbria Police,-1.519703,54.973482,On or near Parking Area,E01008641,South Tyneside 010C,Shoplifting,Offender given suspended prison sentence,
46f107c191bf1e34cc45f3fa7fb1c4f687e34486f6b8d1202d6ae0ae1707ed29,2015-12,Surrey Police,Northumbria Police,-1.519703,54.973482,On or near Parking Area,E01008641,South Tyneside 010C,Shoplifting,Under investigation,
e23aa12ed17f1309e75f9612816e4603cd36d47194c8fb0a756da13d4e0519ec,2015-12,Surrey Police,Northumbria Police,-1.519703,54.973482,On or near Parking Area,E01008641,South Tyneside 010C,Shoplifting,Offender given suspended prison sentence,
90cbf0fbe8cbbfe8dc95d1fc935e4df8bb0725bb0200a2c35f4d444ad66e3b78,2015-12,Surrey Police,Northumbria Police,-1.519707,54.974462,On or near Station Road,E01008641,South Tyneside 010C,Violence and sexual offences,Investigation complete; no suspect identified,
b79df0992e790735745dd4f463cd906da414795b7a7a426724b8f47fcacf7914,2015-12,Surrey Police,Northumbria Police,-1.514855,54.972636,On or near Quarry Road,E01008641,South Tyneside 010C,Violence and sexual offences,Under investigation,
21167e4d56c6eb2bdcd10b04910eb1f0f0b7e1ba65d746592e784b4643f4aab3,2015-12,Surrey Police,Northumbria Police,-1.519703,54.973482,On or near Parking Area,E01008641,South Tyneside 010C,Violence and sexual offences,Offender given suspended prison sentence,
,2015-12,Surrey Police,Northumbria Police,-1.524327,54.969501,On or near High Croft Close,E01008642,South Tyneside 010D,Anti-social behaviour,,
,2015-12,Surrey Police,Northumbria Police,-1.525490,54.970216,On or near Longdean Close,E01008642,South Tyneside 010D,Anti-social behaviour,,
,2015-12,Surrey Police,Northumbria Police,-1.517922,54.970887,On or near St John'S Avenue,E01008642,South Tyneside 010D,Anti-social behaviour,,
,2015-12,Surrey Police,Northumbria Police,-1.525490,54.970216,On or near Longdean Close,E01008642,South Tyneside 010D,Anti-social behaviour,,
,2015-12,Surrey Police,Northumbria Police,-1.524637,54.967085,On or near South Drive,E01008642,South Tyneside 010D,Anti-social behaviour,,
afb3985a2db2d769ba73822bf764cb8279eff34a7961863296f16578d683e337,2015-12,Surrey Police,Northumbria Police,-1.528370,54.960396,On or near Mill Crescent,E01008642,South Tyneside 010D,Burglary,Under investigation,
ef4861efae0bef4c71e68d23e477b0c6e78db95c4dcb73a8d362a0b7f6c12d1b,2015-12,Surrey Police,Northumbria Police,-1.522778,54.971032,On or near Alfred Street,E01008642,South Tyneside 010D,Shoplifting,Under investigation,
3e2fb6d7a3278def6edc5dda774872c8a02e18b21a12854a3ce7b26715b60ff4,2015-12,Surrey Police,Northumbria Police,-1.524327,54.969501,On or near High Croft Close,E01008642,South Tyneside 010D,Vehicle crime,Investigation complete; no suspect identified,
,2015-12,Surrey Police,Northumbria Police,-1.441003,54.976561,On or near Pedestrian Subway,E01008590,South Tyneside 011A,Anti-social behaviour,,
,2015-12,Surrey Police,Northumbria Police,-1.439166,54.973847,On or near Brinkburn Street,E01008590,South Tyneside 011A,Anti-social behaviour,,
,2015-12,Surrey Police,Northumbria Police,-1.434113,54.974291,On or near Wolsey Court,E01008590,South Tyneside 011A,Anti-social behaviour,,
,2015-12,Surrey Police,Northumbria Police,-1.440599,54.974133,On or near Supermarket,E01008590,South Tyneside 011A,Anti-social behaviour,,
,2015-12,Surrey Police,Northumbria Police,-1.440599,54.974133,On or near Supermarket,E01008590,South Tyneside 011A,Anti-social behaviour,,
60adacf90ed3901cc2b3bd90004646d5facb041547b270d2f32eda66d786414e,2015-12,Surrey Police,Northumbria Police,-1.434113,54.974291,On or near Wolsey Court,E01008590,South Tyneside 011A,Burglary,Awaiting court outcome,
0d2f403c195894988309b0e64bdff3b7aac1403300f53dbc6571556de839fbb5,2015-12,Surrey Police,Northumbria Police,-1.438688,54.973369,On or near Straker Terrace,E01008590,South Tyneside 011A,Criminal damage and arson,Investigation complete; no suspect identified,
4d2fb44aabca4eb25d25a3a8cdc1668b46d3fbb47b6cd624dc6d064860c5ff24,2015-12,Surrey Police,Northumbria Police,-1.441003,54.976561,On or near Pedestrian Subway,E01008590,South Tyneside 011A,Criminal damage and arson,Investigation complete; no suspect identified,
c4d594200cbff52fa779fd1f4c8edf46e587a46a09cf9e3479154cc49bf474d5,2015-12,Surrey Police,Northumbria Police,-1.438688,54.973369,On or near Straker Terrace,E01008590,South Tyneside 011A,Criminal damage and arson,Investigation complete; no suspect identified,
e41328860f076b09cf88102d202295d2eb066e8fc2ad52248843df5c61d715eb,2015-12,Surrey Police,Northumbria Police,-1.440633,54.975031,On or near Belle Vue Crescent,E01008590,South Tyneside 011A,Criminal damage and arson,Investigation complete; no suspect identified,
a1578f0133c4718c5102006f615f9d67c67e1241dbb96a176fc3eb1caf9a21cd,2015-12,Surrey Police,Northumbria Police,-1.438688,54.973369,On or near Straker Terrace,E01008590,South Tyneside 011A,Criminal damage and arson,Investigation complete; no suspect identified,
5fe4725d20cdae69d4ed5961ae9cb4113cde2e990e4109e9b1bbd9667746f36b,2015-12,Surrey Police,Northumbria Police,-1.441113,54.973146,On or near Stanley Street,E01008590,South Tyneside 011A,Criminal damage and arson,Under investigation,
9a70a30b83bc383da599c2cab853d1d3aa32043cd274fd07ac08827fb49a3a1b,2015-12,Surrey Police,Northumbria Police,-1.440353,54.972712,On or near Beattie Street,E01008590,South Tyneside 011A,Criminal damage and arson,Under investigation,
6d70afef1bb6916ee8e36f8eaa9e16365296f8de8e8863d7054f7607d45fa385,2015-12,Surrey Police,Northumbria Police,-1.440633,54.975031,On or near Belle Vue Crescent,E01008590,South Tyneside 011A,Criminal damage and arson,Investigation complete; no suspect identified,
a7ff43230829a7bb6bfe376001d98812f8308f42489e92b7db3ef90e09f8d1ba,2015-12,Surrey Police,Northumbria Police,-1.441003,54.976561,On or near Pedestrian Subway,E01008590,South Tyneside 011A,Criminal damage and arson,Investigation complete; no suspect identified,
b6df94afb6e11cad397e4dcc8a3546b07723a27ea623df29ae98bae98dd7f69d,2015-12,Surrey Police,Northumbria Police,-1.438688,54.973369,On or near Straker Terrace,E01008590,South Tyneside 011A,Other theft,Under investigation,
06bfc3e6e4e9f6bc9b0f5a83793f501a2ab4d491dcc6f474eddba3442f9ab5f6,2015-12,Surrey Police,Northumbria Police,-1.441003,54.976561,On or near Pedestrian Subway,E01008590,South Tyneside 011A,Public order,Under investigation,
4ef41e6d7456d6443375f9336108065f57818b99a7fa79968c1c12da941c68a4,2015-12,Surrey Police,Northumbria Police,-1.440599,54.974133,On or near Supermarket,E01008590,South Tyneside 011A,Shoplifting,Under investigation,
b75a7ef6ff5f74cd5dd706e9a0de520883e560c4804e61f71eaf10ce7d117154,2015-12,Surrey Police,Northumbria Police,-1.434283,54.972243,On or near Harton Lane,E01008590,South Tyneside 011A,Vehicle crime,Investigation complete; no suspect identified,
5059946c2031dd740436c4e9e60db2231373e45e9bad261f61690e52f5509af2,2015-12,Surrey Police,Northumbria Police,-1.441003,54.976561,On or near Pedestrian Subway,E01008590,South Tyneside 011A,Violence and sexual offences,Awaiting court outcome,
4f622da04f7c421f4b24dfe06dcd1a12e954d8fc6c651c21ce8cd3d92f8188e0,2015-12,Surrey Police,Northumbria Police,-1.440599,54.974133,On or near Supermarket,E01008590,South Tyneside 011A,Violence and sexual offences,Investigation complete; no suspect identified,
3f319cefc900abee6f5f7db825547bbf1db5d7ae9a47eed35e2c35f352d84761,2015-12,Surrey Police,Northumbria Police,-1.441003,54.976561,On or near Pedestrian Subway,E01008590,South Tyneside 011A,Violence and sexual offences,Offender given community sentence,
91bde8f93df2ef3b5bc72ead4c392f4304b9b22b73a7ed2583590cafa04da4b9,2015-12,Surrey Police,Northumbria Police,-1.441003,54.976561,On or near Pedestrian Subway,E01008590,South Tyneside 011A,Violence and sexual offences,Investigation complete; no suspect identified,
bd2c757ee76cf2c33a88848658b7288bd0fefcfe33367dd671cb2bca185cb0df,2015-12,Surrey Police,Northumbria Police,-1.441003,54.976561,On or near Pedestrian Subway,E01008590,South Tyneside 011A,Violence and sexual offences,Awaiting court outcome,
ba093cda613e7ad9fbb41561bbdd732c2e0b0975614e8d34354812cd451b97d6,2015-12,Surrey Police,Northumbria Police,-1.434113,54.974291,On or near Wolsey Court,E01008590,South Tyneside 011A,Violence and sexual offences,Investigation complete; no suspect identified,
6bb4096cb876b80e74e83391f3c81968a9eb9a9f9927b1e45c5409d0df4a64f0,2015-12,Surrey Police,Northumbria Police,-1.436434,54.972586,On or near Wear Court,E01008590,South Tyneside 011A,Violence and sexual offences,Under investigation,
29af386673b741c19f180ed34cbd51259204ecf3b69f8893b44079152b39cf7a,2015-12,Surrey Police,Northumbria Police,-1.441003,54.976561,On or near Pedestrian Subway,E01008590,South Tyneside 011A,Other crime,Under investigation,
468da4da68d8adfa94bc2a34fa4444c5951367d9c44f63025ec7e606f7f66415,2015-12,Surrey Police,Northumbria Police,-1.439175,54.976525,On or near Lemon Street,E01008590,South Tyneside 011A,Other crime,Under investigation,
9402773897f9f8cc6ce0d60a0abd5a8937aca927e2892a69f4b73ea62bddd8e9,2015-12,Surrey Police,Northumbria Police,-1.441003,54.976561,On or near Pedestrian Subway,E01008590,South Tyneside 011A,Other crime,Under investigation,
,2015-12,Surrey Police,Northumbria Police,-1.439139,54.974656,On or near Parking Area,E01008591,South Tyneside 011B,Anti-social behaviour,,
,2015-12,Surrey Police,Northumbria Police,-1.436083,54.977589,On or near Whitehall Street,E01008591,South Tyneside 011B,Anti-social behaviour,,
,2015-12,Surrey Police,Northumbria Police,-1.434781,54.976793,On or near Richmond Road,E01008591,South Tyneside 011B,Anti-social behaviour,,
,2015-12,Surrey Police,Northumbria Police,-1.435153,54.975887,On or near Crofton Street,E01008591,South Tyneside 011B,Anti-social behaviour,,
,2015-12,Surrey Police,Northumbria Police,-1.439139,54.974656,On or near Parking Area,E01008591,South Tyneside 011B,Anti-social behaviour,,
41e2d5bbeabba3d807c9234234d68f151ea3261944da620a379aa4c3957b16e0,2015-12,Surrey Police,Northumbria Police,-1.436083,54.977589,On or near Whitehall Street,E01008591,South Tyneside 011B,Burglary,Under investigation,
6cad095535fe1834276dd2d112a6b504479bbf45b38204e792688201ed352189,2015-12,Surrey Police,Northumbria Police,-1.434781,54.976793,On or near Richmond Road,E01008591,South Tyneside 011B,Criminal damage and arson,Investigation complete; no suspect identified,
3b3578825ce2d3e9c61756f865aa94010c23fb4f76de1e2405d3868969b0c791,2015-12,Surrey Police,Northumbria Police,-1.437173,54.975564,On or near Farnham Road,E01008591,South Tyneside 011B,Criminal damage and arson,Investigation complete; no suspect identified,
57fb233a759af6026accd8b5669f13d1331b5e6a38d4387ecb5c8924c914ddd7,2015-12,Surrey Police,Northumbria Police,-1.438367,54.974023,On or near Brabourne Street,E01008591,South Tyneside 011B,Criminal damage and arson,Investigation complete; no suspect identified,
3325661b8c06d4c672838bd9acf25fe15f3075ca80f1af7ebea0fca67b2fdc63,2015-12,Surrey Police,Northumbria Police,-1.436083,54.977589,On or near Whitehall Street,E01008591,South Tyneside 011B,Criminal damage and arson,Investigation complete; no suspect identified,
2ae574b0f4bf5eecc5896dbe7b89f33472ad712cd2000c185743994c75302383,2015-12,Surrey Police,Northumbria Police,-1.437173,54.975564,On or near Farnham Road,E01008591,South Tyneside 011B,Criminal damage and arson,Investigation complete; no suspect identified,
1f9653d8f49c6dd75cfd784000d75e3caec6174ab40a3ab1dcba016485fa3629,2015-12,Surrey Police,Northumbria Police,-1.437173,54.975564,On or near Farnham Road,E01008591,South Tyneside 011B,Criminal damage and arson,Investigation complete; no suspect identified,
ba4365ee0ad50a4900abe7e2b267122884c6cb323f3c68c6a284f227f4dbfe7e,2015-12,Surrey Police,Northumbria Police,-1.436083,54.977589,On or near Whitehall Street,E01008591,South Tyneside 011B,Other theft,Investigation complete; no suspect identified,
6024c1b1f82b73e6a153a8f9e6d5474d2e514d408ba39cbd4183e21d436e3f56,2015-12,Surrey Police,Northumbria Police,-1.433693,54.978612,On or near West Way,E01008591,South Tyneside 011B,Public order,Under investigation,
2eb76866892bfca347d1b4a8172ee1f948bb18fb1c44133365f73841c791f7e9,2015-12,Surrey Police,Northumbria Police,-1.436707,54.976487,On or near Stanhope Road,E01008591,South Tyneside 011B,Public order,Investigation complete; no suspect identified,
ad8d75d3c79ee996aa3b0d59ad5466f9c832b38679361a3d24d5a1d8fc7ffd5b,2015-12,Surrey Police,Northumbria Police,-1.433693,54.978612,On or near West Way,E01008591,South Tyneside 011B,Public order,Awaiting court outcome,
819980c15cda666d06c3af6e3e53e9b4f81ca45ba02f42630da49df1b86fdda1,2015-12,Surrey Police,Northumbria Police,-1.438417,54.974850,On or near Stoddart Street,E01008591,South Tyneside 011B,Shoplifting,Investigation complete; no suspect identified,
489f5f0b18f5886f25ac1d71be7658046da68067ca932c45db04a5faf2cfe6f3,2015-12,Surrey Police,Northumbria Police,-1.437173,54.975564,On or near Farnham Road,E01008591,South Tyneside 011B,Shoplifting,Offender given conditional discharge,
a09f994fa3d72d0820c4180bb5b4e2ad8c0c529a22e7653634317b1ffb8e8e5a,2015-12,Surrey Police,Northumbria Police,-1.434781,54.976793,On or near Richmond Road,E01008591,South Tyneside 011B,Violence and sexual offences,Investigation complete; no suspect identified,
ef01561d91e6a74402ed6a72ecf502991ee04b7c9244687ce7e973952c64da0a,2015-12,Surrey Police,Northumbria Police,-1.436083,54.977589,On or near Whitehall Street,E01008591,South Tyneside 011B,Violence and sexual offences,Under investigation,
b5bd6d7b4ea1940dff54360f83ecac9d3533ac2927240d0ecb40de341793ed66,2015-12,Surrey Police,Northumbria Police,-1.436406,54.977896,On or near Gresford Street,E01008591,South Tyneside 011B,Violence and sexual offences,Investigation complete; no suspect identified,
99b78ba5a3c3860e0ef369012bcb34b6f1f5c007e6b4b16fab180232da34a98c,2015-12,Surrey Police,Northumbria Police,-1.436083,54.977589,On or near Whitehall Street,E01008591,South Tyneside 011B,Violence and sexual offences,Offender given a caution,
70b088dae3ca0e3f414abb1a09c69ef89483ef48b02183974e0b8d28f7a5265e,2015-12,Surrey Police,Northumbria Police,-1.437261,54.974881,On or near Burnham Street,E01008591,South Tyneside 011B,Violence and sexual offences,Awaiting court outcome,
a63b0dc930bf1759a81782aacac207fe9ef52c19252fa4aed47d15b061437c18,2015-12,Surrey Police,Northumbria Police,-1.434781,54.976793,On or near Richmond Road,E01008591,South Tyneside 011B,Violence and sexual offences,Investigation complete; no suspect identified,
f875897391a77425f2292130f48e11df4b759af30a9cbbc68ac853884c455e7a,2015-12,Surrey Police,Northumbria Police,-1.433693,54.978612,On or near West Way,E01008591,South Tyneside 011B,Violence and sexual offences,Investigation complete; no suspect identified,
1c9273996bce01eda08c8bf67c1739d8de75882bf64aa6f5501d39145c13fdbc,2015-12,Surrey Police,Northumbria Police,-1.437261,54.974881,On or near Burnham Street,E01008591,South Tyneside 011B,Violence and sexual offences,Court case unable to proceed,
15dc28e8e2f07052ddcaebe823b943a2a607aae7fa4db9efd7639261d3e1a998,2015-12,Surrey Police,Northumbria Police,-1.439139,54.974656,On or near Parking Area,E01008591,South Tyneside 011B,Other crime,Under investigation,
,2015-12,Surrey Police,Northumbria Police,-1.426453,54.972467,On or near Mcanany Avenue,E01008592,South Tyneside 011C,Anti-social behaviour,,
,2015-12,Surrey Police,Northumbria Police,-1.426453,54.972467,On or near Mcanany Avenue,E01008592,South Tyneside 011C,Anti-social behaviour,,
,2015-12,Surrey Police,Northumbria Police,-1.426453,54.972467,On or near Mcanany Avenue,E01008592,South Tyneside 011C,Anti-social behaviour,,
317b23efdb522fa60f940d6d09a0142781b7f89f1b84585de6573c6ecb71a65c,2015-12,Surrey Police,Northumbria Police,-1.433890,54.975710,On or near Gordon Road,E01008592,South Tyneside 011C,Burglary,Under investigation,
abbc18d4fcd8e86c5cd44d655ecc7575c1857999ca4e6894f36cb80ce4b63ea4,2015-12,Surrey Police,Northumbria Police,-1.431874,54.973562,On or near Nora Street,E01008592,South Tyneside 011C,Burglary,Investigation complete; no suspect identified,
efa0f068f09507983d736776b9e367b4d3a03f7de625b643bbb5083345c782b1,2015-12,Surrey Police,Northumbria Police,-1.427691,54.973309,On or near Mcanany Avenue,E01008592,South Tyneside 011C,Burglary,Investigation complete; no suspect identified,
49c22b57227e25c58566fd2558aa72ca2cd7d1830d2c6da8ec5f87485cf96243,2015-12,Surrey Police,Northumbria Police,-1.432073,54.974947,On or near Emlyn Road,E01008592,South Tyneside 011C,Criminal damage and arson,Under investigation,
f9bedf9cfaa506e772425e5019a97733ac1450d309d6c21903dd226b7bf86a36,2015-12,Surrey Police,Northumbria Police,-1.426453,54.972467,On or near Mcanany Avenue,E01008592,South Tyneside 011C,Drugs,Awaiting court outcome,
b3f284b3a4d81b34ef6ae59f5241d5633b4b4a2db57eb041fc931d51f3837a71,2015-12,Surrey Police,Northumbria Police,-1.426453,54.972467,On or near Mcanany Avenue,E01008592,South Tyneside 011C,Other theft,Investigation complete; no suspect identified,
013f27410d5216af47a656ad0d3c048f4cca73034f87a2b86ed827c2c74ff343,2015-12,Surrey Police,Northumbria Police,-1.432073,54.974947,On or near Emlyn Road,E01008592,South Tyneside 011C,Public order,Under investigation,
4601ab850c306e56e3ce4218c6420e5ddf8fdfab24af21d0e2f4a4c9afd55864,2015-12,Surrey Police,Northumbria Police,-1.433377,54.976669,On or near Cranford Street,E01008592,South Tyneside 011C,Violence and sexual offences,Offender given suspended prison sentence,
d9f756186b2936156cc0e34adc4ac819c1380930e9486b8deb092f56055ffebc,2015-12,Surrey Police,Northumbria Police,-1.433377,54.976669,On or near Cranford Street,E01008592,South Tyneside 011C,Violence and sexual offences,Investigation complete; no suspect identified,
7e884c005b13672039077ab2b48aebe352ce5fe5f80910767385acf1d36529aa,2015-12,Surrey Police,Northumbria Police,-1.431874,54.973562,On or near Nora Street,E01008592,South Tyneside 011C,Violence and sexual offences,Investigation complete; no suspect identified,
cbbba06ee32cfb6d7017485851cdf01ef2bd78e0d298c077de30483e5b486b23,2015-12,Surrey Police,Northumbria Police,-1.436302,54.974203,On or near Tees Court,E01008592,South Tyneside 011C,Violence and sexual offences,Awaiting court outcome,
68a2882e87016560cecaab20652eedafa1f90d1fc6b43aa0021c6fd9dd0a0e12,2015-12,Surrey Police,Northumbria Police,-1.436302,54.974203,On or near Tees Court,E01008592,South Tyneside 011C,Violence and sexual offences,Awaiting court outcome,
,2015-12,Surrey Police,Northumbria Police,-1.429698,54.969499,On or near Bryden Court,E01008594,South Tyneside 011D,Anti-social behaviour,,
,2015-12,Surrey Police,Northumbria Police,-1.430447,54.970662,On or near Moorhouse Close,E01008594,South Tyneside 011D,Anti-social behaviour,,
,2015-12,Surrey Police,Northumbria Police,-1.438713,54.971617,On or near Tyne Terrace,E01008594,South Tyneside 011D,Anti-social behaviour,,
,2015-12,Surrey Police,Northumbria Police,-1.440257,54.971732,On or near Lucock Street,E01008594,South Tyneside 011D,Anti-social behaviour,,
,2015-12,Surrey Police,Northumbria Police,-1.438182,54.967103,On or near Pedestrian Subway,E01008594,South Tyneside 011D,Anti-social behaviour,,
,2015-12,Surrey Police,Northumbria Police,-1.430395,54.969925,On or near Broadfield Place,E01008594,South Tyneside 011D,Anti-social behaviour,,
,2015-12,Surrey Police,Northumbria Police,-1.441837,54.970490,On or near Lavender Lane,E01008594,South Tyneside 011D,Anti-social behaviour,,
,2015-12,Surrey Police,Northumbria Police,-1.430447,54.970662,On or near Moorhouse Close,E01008594,South Tyneside 011D,Anti-social behaviour,,
3a606840677a00f7451f83ff018ba197ae3b5412ff3f078f08b718ac95d174a0,2015-12,Surrey Police,Northumbria Police,-1.436343,54.971246,On or near Bankside Lane,E01008594,South Tyneside 011D,Other theft,Under investigation,
ea97c592948bd089b8afc690745c17cf255e3e96378e3c0aa4c87f2a72113ae3,2015-12,Surrey Police,Northumbria Police,-1.441049,54.970980,On or near Primrose Avenue,E01008594,South Tyneside 011D,Other theft,Investigation complete; no suspect identified,
2cd7ca7ddab727266bcb3c4492ce7fd24919dda6ac1fca617b07a13d3bdb5b01,2015-12,Surrey Police,Northumbria Police,-1.438913,54.968409,On or near Petrol Station,E01008594,South Tyneside 011D,Public order,Under investigation,
4b56626f1d0e858545fafc79534b958f490e9551fd12803a4612735672d3f5cc,2015-12,Surrey Police,Northumbria Police,-1.436805,54.968364,On or near Strathmore Gardens,E01008594,South Tyneside 011D,Vehicle crime,Investigation complete; no suspect identified,
b9c962050463b207ec07e3cb171d9a78e4084cf988f456fa7ccc11d7e01c0f26,2015-12,Surrey Police,Northumbria Police,-1.430335,54.970823,On or near Homestall Close,E01008594,South Tyneside 011D,Violence and sexual offences,Awaiting court outcome,
309b73b56bb783d4aab7e0993ad4036a7d4eaa43280b20a8d7875be89f68d3d7,2015-12,Surrey Police,Northumbria Police,-1.437583,54.967469,On or near John Reid Road,E01008594,South Tyneside 011D,Violence and sexual offences,Under investigation,
,2015-12,Surrey Police,Northumbria Police,-1.462758,54.970117,On or near Henderson Road,E01008601,South Tyneside 012A,Anti-social behaviour,,
,2015-12,Surrey Police,Northumbria Police,-1.466705,54.970502,On or near Dunstanburgh Court,E01008601,South Tyneside 012A,Anti-social behaviour,,
,2015-12,Surrey Police,Northumbria Police,-1.469558,54.970955,On or near Bideford Gardens,E01008601,South Tyneside 012A,Anti-social behaviour,,
,2015-12,Surrey Police,Northumbria Police,-1.473252,54.972742,On or near Brixham Crescent,E01008601,South Tyneside 012A,Anti-social behaviour,,
480240a6c82ab64c48b712682ba8f7c365045f31c9142acfea81a134bfdc13f9,2015-12,Surrey Police,Northumbria Police,-1.466705,54.970502,On or near Dunstanburgh Court,E01008601,South Tyneside 012A,Criminal damage and arson,Investigation complete; no suspect identified,
d53758d4b015eff4f4003a0b4227370b6a32bc777ec6ad51120de0c2774ee223,2015-12,Surrey Police,Northumbria Police,-1.469558,54.970955,On or near Bideford Gardens,E01008601,South Tyneside 012A,Criminal damage and arson,Investigation complete; no suspect identified,
e703339622a9fec307118c033444c5ad60e17c104f66a582a6c141fee82debda,2015-12,Surrey Police,Northumbria Police,-1.466339,54.968668,On or near Hadrian Road,E01008601,South Tyneside 012A,Criminal damage and arson,Under investigation,
44818f67f9db4a2c4a21879087fa27ddc43b20f84d8e0a8d9f925f07184310cc,2015-12,Surrey Police,Northumbria Police,-1.469558,54.970955,On or near Bideford Gardens,E01008601,South Tyneside 012A,Criminal damage and arson,Investigation complete; no suspect identified,
8ec7cf2283c163ae819bcd17980ffec2f2d1674e9a4d9d965cf027e4123f1acb,2015-12,Surrey Police,Northumbria Police,-1.466339,54.968668,On or near Hadrian Road,E01008601,South Tyneside 012A,Criminal damage and arson,Investigation complete; no suspect identified,
72e9bdd973bae95d11076a15247cf6d5158684ab021a8d9240d25ae430960a38,2015-12,Surrey Police,Northumbria Police,-1.458107,54.976773,On or near Jarrow Road,E01008601,South Tyneside 012A,Other theft,Under investigation,
6591da02f61bcefbf3cd386c4452a0195bde9a08170c41e942f7d83a73e9a019,2015-12,Surrey Police,Northumbria Police,-1.469558,54.970955,On or near Bideford Gardens,E01008601,South Tyneside 012A,Public order,Investigation complete; no suspect identified,
2135406fa2abb9b3906348b67c7d59c946fc6c877ffd375f75783b3c492fd2f7,2015-12,Surrey Police,Northumbria Police,-1.470566,54.972685,On or near Tavistock Place,E01008601,South Tyneside 012A,Robbery,Awaiting court outcome,
288758dc01039a780ea1527c22b3d2573fb05caed479efeea02845c9b2d98f83,2015-12,Surrey Police,Northumbria Police,-1.462758,54.970117,On or near Henderson Road,E01008601,South Tyneside 012A,Shoplifting,Investigation complete; no suspect identified,
70efd0ae5f45db65f63f26baeaf3656b6e6892e19e88938f71e46e5c7636c6eb,2015-12,Surrey Police,Northumbria Police,-1.472602,54.968749,On or near Chillingham Terrace,E01008601,South Tyneside 012A,Violence and sexual offences,Under investigation,
34887f40ec5bc878ae898b793a88458f118eec0b33e34f1afeb4fe9e3f55f0ad,2015-12,Surrey Police,Northumbria Police,-1.466705,54.970502,On or near Dunstanburgh Court,E01008601,South Tyneside 012A,Violence and sexual offences,Under investigation,
3b6056187ecff541ada96133479b935d543de3f847f576b65e4302194b9c5a21,2015-12,Surrey Police,Northumbria Police,-1.470415,54.972325,On or near Falmouth Drive,E01008601,South Tyneside 012A,Violence and sexual offences,Under investigation,
824f6e25f5b842e7ec60d752c16139ad71df94ac118e4618858c1864939a11f7,2015-12,Surrey Police,Northumbria Police,-1.470022,54.970095,On or near Lulworth Avenue,E01008601,South Tyneside 012A,Violence and sexual offences,Under investigation,
b5003347df21c7240124ce8185f8fccf73ad31697bdea84d766f50d0d83677fd,2015-12,Surrey Police,Northumbria Police,-1.462758,54.970117,On or near Henderson Road,E01008601,South Tyneside 012A,Violence and sexual offences,Under investigation,
40daab902e1338fc7c76b1c67bc1dc7e18c447638087cf11f72df8d482fdc078,2015-12,Surrey Police,Northumbria Police,-1.466705,54.970502,On or near Dunstanburgh Court,E01008601,South Tyneside 012A,Violence and sexual offences,Awaiting court outcome,
32c78fcdf15bdc216f914be71b27c8affb03e640e9784db0806c2049fe24d7fc,2015-12,Surrey Police,Northumbria Police,-1.470022,54.970095,On or near Lulworth Avenue,E01008601,South Tyneside 012A,Violence and sexual offences,Under investigation,
94a5e61391dda9f9d522099d7023feea7e589f8a760c689c6ba61ebd838866d6,2015-12,Surrey Police,Northumbria Police,-1.466705,54.970502,On or near Dunstanburgh Court,E01008601,South Tyneside 012A,Violence and sexual offences,Awaiting court outcome,
f863f0f0fd6ec76a46317db05d8047e51c1a93dce6cf6e2b32aff070c7415084,2015-12,Surrey Police,Northumbria Police,-1.466339,54.968668,On or near Hadrian Road,E01008601,South Tyneside 012A,Other crime,Offender given a caution,
,2015-12,Surrey Police,Northumbria Police,-1.450025,54.969161,On or near Colchester Street,E01008669,South Tyneside 012B,Anti-social behaviour,,
,2015-12,Surrey Police,Northumbria Police,-1.451646,54.968270,On or near Tennant Street,E01008669,South Tyneside 012B,Anti-social behaviour,,
,2015-12,Surrey Police,Northumbria Police,-1.451646,54.968270,On or near Tennant Street,E01008669,South Tyneside 012B,Anti-social behaviour,,
,2015-12,Surrey Police,Northumbria Police,-1.451646,54.968270,On or near Tennant Street,E01008669,South Tyneside 012B,Anti-social behaviour,,
93feab81fc6dfc26d2016b5ee2ae642b4b84c9e523786dd11f0cac22360f28db,2015-12,Surrey Police,Northumbria Police,-1.454555,54.965695,On or near Hedworth Avenue,E01008669,South Tyneside 012B,Burglary,Investigation complete; no suspect identified,
1c42d900af3b354bab7491e01cc7f631f25d81f9d6f96ed815bc5f85db341d8d,2015-12,Surrey Police,Northumbria Police,-1.451760,54.965583,On or near St Simon Street,E01008669,South Tyneside 012B,Criminal damage and arson,Investigation complete; no suspect identified,
99eacc8ce73539b600e622fd697d701e7ec1f31e927f5c5b3c36eef6bf22e915,2015-12,Surrey Police,Northumbria Police,-1.450882,54.967026,On or near Clive Street,E01008669,South Tyneside 012B,Criminal damage and arson,Investigation complete; no suspect identified,
fdf9e8c051249c978b656a1f07a1724e1fa13a188b9fb27fb43908d3a9afba3a,2015-12,Surrey Police,Northumbria Police,-1.450882,54.967026,On or near Clive Street,E01008669,South Tyneside 012B,Criminal damage and arson,Investigation complete; no suspect identified,
5b02eca1f88bb12fae685de732c619878248c2d52ba66982e78eea797a56cd53,2015-12,Surrey Police,Northumbria Police,-1.451646,54.968270,On or near Tennant Street,E01008669,South Tyneside 012B,Criminal damage and arson,Investigation complete; no suspect identified,
ea464f47a91c8e6ec97434aca69278dec83c67a7fd05690af1aef0f6eb687b45,2015-12,Surrey Police,Northumbria Police,-1.451646,54.968270,On or near Tennant Street,E01008669,South Tyneside 012B,Public order,Under investigation,
100a93b58b6eae43c1c8cdda16416d57fb059a5aeb06d249841b284c591bf1f9,2015-12,Surrey Police,Northumbria Police,-1.451646,54.968270,On or near Tennant Street,E01008669,South Tyneside 012B,Vehicle crime,Investigation complete; no suspect identified,
25099d909b19d5f2fc28f3f0a4257baef79befbc7059fc45ca25748b459dd491,2015-12,Surrey Police,Northumbria Police,-1.450986,54.967386,On or near Madras Street,E01008669,South Tyneside 012B,Violence and sexual offences,Under investigation,
0fe80c41e5abb7f2bce22e660435eefb51414421bbbb886edac040f0ec79b03b,2015-12,Surrey Police,Northumbria Police,-1.451646,54.968270,On or near Tennant Street,E01008669,South Tyneside 012B,Violence and sexual offences,Investigation complete; no suspect identified,
315ee6f6ea3f5fb912d4be19bf598e3863359bb8e7256c2e4bad768474e2f827,2015-12,Surrey Police,Northumbria Police,-1.450882,54.967026,On or near Clive Street,E01008669,South Tyneside 012B,Other crime,Investigation complete; no suspect identified,
,2015-12,Surrey Police,Northumbria Police,-1.444423,54.981168,On or near Devonshire Street,E01008671,South Tyneside 012C,Anti-social behaviour,,
,2015-12,Surrey Police,Northumbria Police,-1.444423,54.981168,On or near Devonshire Street,E01008671,South Tyneside 012C,Anti-social behaviour,,
,2015-12,Surrey Police,Northumbria Police,-1.443255,54.976409,On or near Hudson Street,E01008671,South Tyneside 012C,Anti-social behaviour,,
,2015-12,Surrey Police,Northumbria Police,-1.444423,54.981168,On or near Devonshire Street,E01008671,South Tyneside 012C,Anti-social behaviour,,
,2015-12,Surrey Police,Northumbria Police,-1.444423,54.981168,On or near Devonshire Street,E01008671,South Tyneside 012C,Anti-social behaviour,,
,2015-12,Surrey Police,Northumbria Police,-1.443343,54.977937,On or near Lord Nelson Street,E01008671,South Tyneside 012C,Anti-social behaviour,,
542ca824aa71f8c89a26057276cbc515dcefcfe9eee343ae2d34b844f8f92032,2015-12,Surrey Police,Northumbria Police,-1.442030,54.977949,On or near Whitehead Street,E01008671,South Tyneside 012C,Burglary,Under investigation,
a4d3dc0b54e9586c7f4023de9047145e75c9c7972e7a8506f6fbeedf248e4dca,2015-12,Surrey Police,Northumbria Police,-1.443255,54.976409,On or near Hudson Street,E01008671,South Tyneside 012C,Criminal damage and arson,Under investigation,
c2d45c71a2721fcafe853cb500b2e74cafe9d9064624c0aa9960810b0520d1ba,2015-12,Surrey Police,Northumbria Police,-1.443255,54.976409,On or near Hudson Street,E01008671,South Tyneside 012C,Criminal damage and arson,Awaiting court outcome,
a5e2170cfb0dbf26220ea76c6ae43368f950d449b3117ace5394718eceb13a7f,2015-12,Surrey Police,Northumbria Police,-1.446147,54.983081,On or near Temple Town,E01008671,South Tyneside 012C,Criminal damage and arson,Investigation complete; no suspect identified,
67f4678c710c99e1c71e9df9e2fb869e7d199fd4a3191b77557c1b27dccbc8ec,2015-12,Surrey Police,Northumbria Police,-1.443259,54.977191,On or near Napier Street,E01008671,South Tyneside 012C,Criminal damage and arson,Investigation complete; no suspect identified,
43fd1e98ce449304306d7619e80053c7b736feeff271aa6818a231983018ee99,2015-12,Surrey Police,Northumbria Police,-1.442019,54.979890,On or near Corney Street,E01008671,South Tyneside 012C,Criminal damage and arson,Under investigation,
9f278c1ce3dfa4b6b857e4ee161e58f6783ad766172856470c9d4d67cd050a09,2015-12,Surrey Police,Northumbria Police,-1.443187,54.980174,On or near Barehirst Street,E01008671,South Tyneside 012C,Other theft,Under investigation,
124196001bfed7318db5330874d863dd231bdc73ce2c5b144ab68e8483370fa5,2015-12,Surrey Police,Northumbria Police,-1.446147,54.983081,On or near Temple Town,E01008671,South Tyneside 012C,Public order,Under investigation,
4659476e7002a15597e0728b4b1dbda29d578a1ca1d634ec5b000996bfd874e9,2015-12,Surrey Police,Northumbria Police,-1.443343,54.977937,On or near Lord Nelson Street,E01008671,South Tyneside 012C,Public order,Awaiting court outcome,
b16c732b2acb95df70dc0e9436297135bffb406f28f89105fe0dd47de99c772b,2015-12,Surrey Police,Northumbria Police,-1.442030,54.977949,On or near Whitehead Street,E01008671,South Tyneside 012C,Public order,Investigation complete; no suspect identified,
81f7842ef22e485134cd753c33a8e3293d08682d465ae566c9b841ac981cfa4d,2015-12,Surrey Police,Northumbria Police,-1.444423,54.981168,On or near Devonshire Street,E01008671,South Tyneside 012C,Public order,Investigation complete; no suspect identified,
245a99f8fb4b89375bac9a5c5096d8cae3adf3e3db7a1c4a3875910fe09d4354,2015-12,Surrey Police,Northumbria Police,-1.443343,54.977937,On or near Lord Nelson Street,E01008671,South Tyneside 012C,Public order,Under investigation,
ca8fba275f2fd57ad982073846b719b6fa3ee55d8ddb68eca0bf561672045a88,2015-12,Surrey Police,Northumbria Police,-1.442019,54.979890,On or near Corney Street,E01008671,South Tyneside 012C,Public order,Under investigation,
206cd1700e052b7699522d1150bf3d6ca1cdc18824cec05f5392cbcc6ce2017a,2015-12,Surrey Police,Northumbria Police,-1.444423,54.981168,On or near Devonshire Street,E01008671,South Tyneside 012C,Vehicle crime,Investigation complete; no suspect identified,
c3c047d64026813aaf055cc406de43fcd9cc22ccc6ef1957238f8591ac1c20d0,2015-12,Surrey Police,Northumbria Police,-1.443255,54.976409,On or near Hudson Street,E01008671,South Tyneside 012C,Violence and sexual offences,Under investigation,
922166a3ac12bff5f583bb2d4fb19db102ee833a57c0b9043ee2e6b278434ea2,2015-12,Surrey Police,Northumbria Police,-1.443255,54.976409,On or near Hudson Street,E01008671,South Tyneside 012C,Violence and sexual offences,Under investigation,
3496b038108ff24c9852a7446b2f15147eb2358d43b6b1e4169bde5d5bdc7bca,2015-12,Surrey Police,Northumbria Police,-1.443343,54.977937,On or near Lord Nelson Street,E01008671,South Tyneside 012C,Violence and sexual offences,Under investigation,
6a2cc39bd0d19748b3c68b44c1e7db0540e8d5d6023f930c8f06e61c4c85d085,2015-12,Surrey Police,Northumbria Police,-1.442030,54.977949,On or near Whitehead Street,E01008671,South Tyneside 012C,Violence and sexual offences,Investigation complete; no suspect identified,
eceeceea3db6342cd91bf55e8f6675b9e8f91b7ce301c6ee5b9e7aa03793279a,2015-12,Surrey Police,Northumbria Police,-1.443259,54.977191,On or near Napier Street,E01008671,South Tyneside 012C,Other crime,Investigation complete; no suspect identified,
,2015-12,Surrey Police,Northumbria Police,-1.455817,54.970508,On or near Blyton Avenue,E01008672,South Tyneside 012D,Anti-social behaviour,,
,2015-12,Surrey Police,Northumbria Police,-1.453325,54.972276,On or near Fenwick Avenue,E01008672,South Tyneside 012D,Anti-social behaviour,,
,2015-12,Surrey Police,Northumbria Police,-1.445344,54.977839,On or near Hudson Street,E01008672,South Tyneside 012D,Anti-social behaviour,,
,2015-12,Surrey Police,Northumbria Police,-1.455817,54.970508,On or near Blyton Avenue,E01008672,South Tyneside 012D,Anti-social behaviour,,
,2015-12,Surrey Police,Northumbria Police,-1.454705,54.969569,On or near Edhill Avenue,E01008672,South Tyneside 012D,Anti-social behaviour,,
bad8cdc3efc735937fc3ece51b5df7897d9d1c0b26689c5492c227b312c9c8e8,2015-12,Surrey Police,Northumbria Police,-1.453545,54.969869,On or near Wenlock Road,E01008672,South Tyneside 012D,Burglary,Investigation complete; no suspect identified,
f6ce9ef1a4f305348a53f572181d49b3bb88a34bcace632db6ded5781754ef88,2015-12,Surrey Police,Northumbria Police,-1.453545,54.969869,On or near Wenlock Road,E01008672,South Tyneside 012D,Burglary,Investigation complete; no suspect identified,
5bdf74bf6dcd5e7ce192130ea66492594c15602975cae32c11e903ac7b58351b,2015-12,Surrey Police,Northumbria Police,-1.453545,54.969869,On or near Wenlock Road,E01008672,South Tyneside 012D,Burglary,Investigation complete; no suspect identified,
98e7675b493768baf41715823165b12db45f0580bf36a102332a1ae067b1a3b3,2015-12,Surrey Police,Northumbria Police,-1.450094,54.972091,On or near Brampton Road,E01008672,South Tyneside 012D,Criminal damage and arson,Under investigation,
762558e9bdad35cb1d5c7f5f520ff878d93edae64ba88d65916f77f5879eca53,2015-12,Surrey Police,Northumbria Police,-1.457356,54.968781,On or near Bainbridge Avenue,E01008672,South Tyneside 012D,Criminal damage and arson,Investigation complete; no suspect identified,
d6370868d386add4243e0496a34c35e739d2497bfba26d071974a69eaa2ef77a,2015-12,Surrey Police,Northumbria Police,-1.445731,54.973545,On or near Throckley Way,E01008672,South Tyneside 012D,Criminal damage and arson,Investigation complete; no suspect identified,
71b5ed257122d5a82b3e406628b35be9dd2b31b05c5e9b1f582f53b4577e84df,2015-12,Surrey Police,Northumbria Police,-1.450094,54.972091,On or near Brampton Road,E01008672,South Tyneside 012D,Drugs,Awaiting court outcome,
60631601a0c1499d242ab8bf815363a72223325695d6d5ca3ac63894dd482859,2015-12,Surrey Police,Northumbria Police,-1.445344,54.977839,On or near Hudson Street,E01008672,South Tyneside 012D,Possession of weapons,Offender given suspended prison sentence,
228fd6a58c0a2b2a2c2e42d6d54a114b6cf9e41b1b7317cdc5b71c78f03514e6,2015-12,Surrey Police,Northumbria Police,-1.458350,54.970349,On or near Simonside Hall,E01008672,South Tyneside 012D,Vehicle crime,Investigation complete; no suspect identified,
a3236a8bbfe573c94e676d81ccbbd4b3869c071b09013721ce06ed8a526748b3,2015-12,Surrey Police,Northumbria Police,-1.450103,54.972603,On or near Hartford Road,E01008672,South Tyneside 012D,Violence and sexual offences,Under investigation,
5dcaba5ce2c96f8614250843c934b57fd1653c7ebe40d7b9964dcc04dd61732a,2015-12,Surrey Police,Northumbria Police,-1.450094,54.972091,On or near Brampton Road,E01008672,South Tyneside 012D,Violence and sexual offences,Awaiting court outcome,
121ec20419c1a83641f35eabfebfe3794058e2624e042e9588f543f4c5bdb80c,2015-12,Surrey Police,Northumbria Police,-1.455817,54.970508,On or near Blyton Avenue,E01008672,South Tyneside 012D,Other crime,Under investigation,
,2015-12,Surrey Police,Northumbria Police,-1.399403,54.965696,On or near Cleadon Hill Road,E01008622,South Tyneside 013A,Anti-social behaviour,,
,2015-12,Surrey Police,Northumbria Police,-1.409293,54.966589,On or near Sycamore Avenue,E01008622,South Tyneside 013A,Anti-social behaviour,,
f233e30915736c8b65bb405398fafd05c5c7a2799991fca9f5fd92141d28af47,2015-12,Surrey Police,Northumbria Police,-1.409293,54.966589,On or near Sycamore Avenue,E01008622,South Tyneside 013A,Criminal damage and arson,Under investigation,
f0eb108a24e47b0fc5b53c6237d56f214a9acd58220c4c07ee516a81ba18d408,2015-12,Surrey Police,Northumbria Police,-1.409293,54.966589,On or near Sycamore Avenue,E01008622,South Tyneside 013A,Criminal damage and arson,Investigation complete; no suspect identified,
72f7bad1e0f8636889028bc2757bcc0c6c828cb5d7f95d26ffae272bc66a5675,2015-12,Surrey Police,Northumbria Police,-1.405560,54.968718,On or near Sports/Recreation Area,E01008622,South Tyneside 013A,Criminal damage and arson,Investigation complete; no suspect identified,
ab24b03fb7d0b9c160b049abdeae447a7d45376451cb508868b377ea6bd658cf,2015-12,Surrey Police,Northumbria Police,-1.413322,54.963418,On or near Petrol Station,E01008622,South Tyneside 013A,Public order,Awaiting court outcome,
5bc2c8299a817811e1768ce7d6cb2244fc98797a159d84ae87828c144b7d518e,2015-12,Surrey Police,Northumbria Police,-1.405560,54.968718,On or near Sports/Recreation Area,E01008622,South Tyneside 013A,Shoplifting,Investigation complete; no suspect identified,
12586b1607dfa240b653c4e7f9afe0dc1392d2c0eaef03845e0280cee0279e18,2015-12,Surrey Police,Northumbria Police,-1.405560,54.968718,On or near Sports/Recreation Area,E01008622,South Tyneside 013A,Shoplifting,Investigation complete; no suspect identified,
22257e921b4a6d5a46fd2b6a62c89a0f15e129d22c4cabaaa55c9f3597f7597b,2015-12,Surrey Police,Northumbria Police,-1.413322,54.963418,On or near Petrol Station,E01008622,South Tyneside 013A,Shoplifting,Investigation complete; no suspect identified,
3fc2e1d59b12607ebfc495e1c2a5a8bb002d5f0bf15bb370818f4ab66b543c46,2015-12,Surrey Police,Northumbria Police,-1.412348,54.963827,On or near Luffness Drive,E01008622,South Tyneside 013A,Vehicle crime,Awaiting court outcome,
befb644b058a416d1ae72e18332da7d8b2699c23a7afc2e4e67e3ef8329f48b4,2015-12,Surrey Police,Northumbria Police,-1.405560,54.968718,On or near Sports/Recreation Area,E01008622,South Tyneside 013A,Violence and sexual offences,Investigation complete; no suspect identified,
,2015-12,Surrey Police,Northumbria Police,-1.398468,54.965583,On or near Mill Grove,E01008625,South Tyneside 013C,Anti-social behaviour,,
,2015-12,Surrey Police,Northumbria Police,-1.398468,54.965583,On or near Mill Grove,E01008625,South Tyneside 013C,Anti-social behaviour,,
,2015-12,Surrey Police,Northumbria Police,-1.398468,54.965583,On or near Mill Grove,E01008625,South Tyneside 013C,Anti-social behaviour,,
,2015-12,Surrey Police,Northumbria Police,-1.398468,54.965583,On or near Mill Grove,E01008625,South Tyneside 013C,Anti-social behaviour,,
,2015-12,Surrey Police,Northumbria Police,-1.397134,54.973332,On or near Carden Avenue,E01008625,South Tyneside 013C,Anti-social behaviour,,
,2015-12,Surrey Police,Northumbria Police,-1.396390,54.971890,On or near Fremantle Road,E01008625,South Tyneside 013C,Anti-social behaviour,,
,2015-12,Surrey Police,Northumbria Police,-1.399534,54.972643,On or near Shilton Close,E01008625,South Tyneside 013C,Anti-social behaviour,,
33ca69dfb5537d93c773575707689d60d09707b4eecfebea1ae584284fe76833,2015-12,Surrey Police,Northumbria Police,-1.397134,54.973332,On or near Carden Avenue,E01008625,South Tyneside 013C,Criminal damage and arson,Investigation complete; no suspect identified,
98051efcb6e47bbf35cb92e282983928d62f6ef3fe4e72954688f0857ed3811e,2015-12,Surrey Police,Northumbria Police,-1.403375,54.970649,On or near Oak Avenue,E01008625,South Tyneside 013C,Criminal damage and arson,Investigation complete; no suspect identified,
e75af7edfbd80d43362fbc24cbfa5c0833985a22f5ca64d7661735d2c425d1bc,2015-12,Surrey Police,Northumbria Police,-1.395240,54.970429,On or near Cragside,E01008625,South Tyneside 013C,Criminal damage and arson,Investigation complete; no suspect identified,
e7aed13010006ac1f1a2fc9ceae8dbab176469bd30285a41c48fc58e0a3566dc,2015-12,Surrey Police,Northumbria Police,-1.395240,54.970429,On or near Cragside,E01008625,South Tyneside 013C,Criminal damage and arson,Investigation complete; no suspect identified,
bceb3f5296623aca520cc4fc64cc69f35adfee0d8e0ee339ea2e0554682346a1,2015-12,Surrey Police,Northumbria Police,-1.395240,54.970429,On or near Cragside,E01008625,South Tyneside 013C,Criminal damage and arson,Investigation complete; no suspect identified,
b0938b59426f77d98904c8d58367c84844324d74705455c15d807ac1842865c7,2015-12,Surrey Police,Northumbria Police,-1.397215,54.967931,On or near Hillside,E01008625,South Tyneside 013C,Criminal damage and arson,Investigation complete; no suspect identified,
ff0187a51dd851e72e8ebd3e04156399e3835073897ffb4ec8d36eaa0ef3c205,2015-12,Surrey Police,Northumbria Police,-1.400563,54.971776,On or near Larch Avenue,E01008625,South Tyneside 013C,Criminal damage and arson,Investigation complete; no suspect identified,
13b41e4a27cb19d7568883f752a7f2f80f133a9550d8f53817503c45403c8236,2015-12,Surrey Police,Northumbria Police,-1.395240,54.970429,On or near Cragside,E01008625,South Tyneside 013C,Criminal damage and arson,Investigation complete; no suspect identified,
4d9141950f231ad9715b4ff694b9327f7643f12e6dcca1c6b96220f6f66d0a17,2015-12,Surrey Police,Northumbria Police,-1.401344,54.970711,On or near Holly Avenue,E01008625,South Tyneside 013C,Other theft,Investigation complete; no suspect identified,
f43f75cb0df69a924259d03dead7daf7b71e734763f614e93284e066dee7f781,2015-12,Surrey Police,Northumbria Police,-1.401344,54.970711,On or near Holly Avenue,E01008625,South Tyneside 013C,Other theft,Investigation complete; no suspect identified,
313c3694b4eeb809d52621086847cb554f2c1efb6eab284ce7250c24e88db948,2015-12,Surrey Police,Northumbria Police,-1.401344,54.970711,On or near Holly Avenue,E01008625,South Tyneside 013C,Other theft,Investigation complete; no suspect identified,
5d37b8fabee94335656b930a1ac02c15033b643e43c5ee053b65b0c31de17459,2015-12,Surrey Police,Northumbria Police,-1.397716,54.971996,On or near Collin Avenue,E01008625,South Tyneside 013C,Violence and sexual offences,Under investigation,
,2015-12,Surrey Police,Northumbria Police,-1.411570,54.971075,On or near Cedar Grove,E01033074,South Tyneside 013E,Anti-social behaviour,,
30c06c37441654e797bf74f7908f935234720584ee5977e3ad9e11933bc8485a,2015-12,Surrey Police,Northumbria Police,-1.413473,54.970222,On or near Orchid Gardens,E01033074,South Tyneside 013E,Vehicle crime,Investigation complete; no suspect identified,
,2015-12,Surrey Police,Northumbria Police,-1.471408,54.966857,On or near Hadrian Road,E01008602,South Tyneside 014A,Anti-social behaviour,,
8ab52fdd6fc2d2e8869d74314a92a1520bc858829a80edcc4837cd02ed85d769,2015-12,Surrey Police,Northumbria Police,-1.464863,54.964527,On or near Dumfries Crescent,E01008602,South Tyneside 014A,Burglary,Investigation complete; no suspect identified,
b7f0ec039ae234feca212f393969e6e87023544b4dd7645cdb271fc5286d0e7c,2015-12,Surrey Police,Northumbria Police,-1.473315,54.967952,On or near Naworth Terrace,E01008602,South Tyneside 014A,Violence and sexual offences,Under investigation,
a018adc5f0ac1da931ec60cff892d71f847b40302ac46a53792f2d7768f7e48d,2015-12,Surrey Police,Northumbria Police,-1.465852,54.965377,On or near Moffat Avenue,E01008602,South Tyneside 014A,Violence and sexual offences,Under investigation,
63a7cfbd97123d2d5bf06fe034863cffb3a2d0fd3a7096032f4f53e75d2ac55c,2015-12,Surrey Police,Northumbria Police,-1.466918,54.966271,On or near Elgin Street,E01008602,South Tyneside 014A,Violence and sexual offences,Investigation complete; no suspect identified,
21379d6196bb5cf15eba22285dc8f49805a9be0347fd4159139aa461236b0a66,2015-12,Surrey Police,Northumbria Police,-1.465852,54.965377,On or near Moffat Avenue,E01008602,South Tyneside 014A,Violence and sexual offences,Under investigation,
240fdc43b75588837197b7b7106503a66430ca08742247334bf11f86f341b885,2015-12,Surrey Police,Northumbria Police,-1.469442,54.964341,On or near Glasgow Road,E01008603,South Tyneside 014B,Drugs,Offender given a caution,
8dea4934ae90566da04a7e3a29406777225907c350bfaae373cf152e627a8c52,2015-12,Surrey Police,Northumbria Police,-1.468087,54.964065,On or near Aberdeen Drive,E01008603,South Tyneside 014B,Public order,Under investigation,
be1dcbf362bf2e345ded3fd920f8350950bf599fef21d24c157ab5e13fd151ae,2015-12,Surrey Police,Northumbria Police,-1.464700,54.961561,On or near Iona Road,E01008603,South Tyneside 014B,Violence and sexual offences,Investigation complete; no suspect identified,
41e707f2cdebf74d9755036b0f15c7f69a38058c639840f4d00de3d210f23ddd,2015-12,Surrey Police,Northumbria Police,-1.469976,54.962959,On or near Arran Drive,E01008603,South Tyneside 014B,Violence and sexual offences,Awaiting court outcome,
,2015-12,Surrey Police,Northumbria Police,-1.460586,54.964383,On or near Perth Avenue,E01008608,South Tyneside 014C,Anti-social behaviour,,
,2015-12,Surrey Police,Northumbria Police,-1.460586,54.964383,On or near Perth Avenue,E01008608,South Tyneside 014C,Anti-social behaviour,,
1a2ccceb688507fbb0a66fc1d68bdfb033d10fbb0f0dac4b538f5e35c14de1de,2015-12,Surrey Police,Northumbria Police,-1.459374,54.963901,On or near Tasmania Road,E01008608,South Tyneside 014C,Criminal damage and arson,Investigation complete; no suspect identified,
d1200acfb298eb08accf799f9ee2eae561ad03890f8274a921710dc3e85f934e,2015-12,Surrey Police,Northumbria Police,-1.458777,54.961868,On or near Melbourne Gardens,E01008608,South Tyneside 014C,Criminal damage and arson,Under investigation,
03146fcedb8a26a88d70af612fd007eeb98565fef6f44e3169fdff467b7e3319,2015-12,Surrey Police,Northumbria Police,-1.459374,54.963901,On or near Tasmania Road,E01008608,South Tyneside 014C,Violence and sexual offences,Under investigation,
c1bdbaa098a314801bd26ac419afaf4b4b1bed045ba863882bb5581e96369876,2015-12,Surrey Police,Northumbria Police,-1.460262,54.961712,On or near Bendigo Avenue,E01008608,South Tyneside 014C,Violence and sexual offences,Under investigation,
beca242d2578cc4ef58c9b280a3d75a689f09246bec386adf8bfa0dd1e459a99,2015-12,Surrey Police,Northumbria Police,-1.458777,54.961868,On or near Melbourne Gardens,E01008608,South Tyneside 014C,Violence and sexual offences,Awaiting court outcome,
,2015-12,Surrey Police,Northumbria Police,-1.460270,54.966960,On or near Ayrey Avenue,E01008670,South Tyneside 014D,Anti-social behaviour,,
,2015-12,Surrey Police,Northumbria Police,-1.455050,54.967207,On or near Seton Avenue,E01008670,South Tyneside 014D,Anti-social behaviour,,
,2015-12,Surrey Police,Northumbria Police,-1.460270,54.966960,On or near Ayrey Avenue,E01008670,South Tyneside 014D,Anti-social behaviour,,
,2015-12,Surrey Police,Northumbria Police,-1.459895,54.969268,On or near Drummond Crescent,E01008670,South Tyneside 014D,Anti-social behaviour,,
63007503d702cb3d00c54da96cdf476eba3fbf30b36d21d9eed50143321a55eb,2015-12,Surrey Police,Northumbria Police,-1.458786,54.968122,On or near Kirby Close,E01008670,South Tyneside 014D,Burglary,Investigation complete; no suspect identified,
f585316478d1d6b617092f3bfa6e6e4da7520ba0c480c86dad2e3e32e623aa4e,2015-12,Surrey Police,Northumbria Police,-1.460270,54.966960,On or near Ayrey Avenue,E01008670,South Tyneside 014D,Criminal damage and arson,Under investigation,
d708c0582193641a4ab8583ee1150492b00b05736f66f79bbfd263a589aa6c13,2015-12,Surrey Police,Northumbria Police,-1.454526,54.966647,On or near Fox Avenue,E01008670,South Tyneside 014D,Criminal damage and arson,Under investigation,
4f1bfc112095011a31e1b0dd8b084892a27a80046b62188763203ccee251a7de,2015-12,Surrey Police,Northumbria Police,-1.459895,54.969268,On or near Drummond Crescent,E01008670,South Tyneside 014D,Criminal damage and arson,Investigation complete; no suspect identified,
b896a578bbf3c6d058eda4b2beeb4c7c1d83ce4d607c724e711f2b7058029abf,2015-12,Surrey Police,Northumbria Police,-1.453570,54.966940,On or near Laybourn Gardens,E01008670,South Tyneside 014D,Violence and sexual offences,Under investigation,
f5048df1c30aa2c360159d0de474887c645b21dfdc1342a0890979347fd8fea6,2015-12,Surrey Police,Northumbria Police,-1.453570,54.966940,On or near Laybourn Gardens,E01008670,South Tyneside 014D,Violence and sexual offences,Investigation complete; no suspect identified,
0d444ae1b7cd609a7005f27427befa325de4fa8a50cacee87cb5aa7d3e405dbf,2015-12,Surrey Police,Northumbria Police,-1.456790,54.965570,On or near Hymers Avenue,E01008670,South Tyneside 014D,Violence and sexual offences,Investigation complete; no suspect identified,
3e2156f8403f220da9538eb1825e3569c24615d861115f80d6be2261aa247a3d,2015-12,Surrey Police,Northumbria Police,-1.529550,54.958334,On or near Wardley Lane,E01008643,South Tyneside 015A,Criminal damage and arson,Investigation complete; no suspect identified,
83d6e223d523e0bcbca444d303a5ad877431dc4f0928a2f08e9a70cccf4b72de,2015-12,Surrey Police,Northumbria Police,-1.522507,54.964893,On or near Prendwick Avenue,E01008643,South Tyneside 015A,Criminal damage and arson,Under investigation,
66cf03f247220e378bc82481d77c7d5ad9da19f26012abdf45df8dc890c65a32,2015-12,Surrey Police,Northumbria Police,-1.522520,54.961227,On or near Titlington Grove,E01008643,South Tyneside 015A,Criminal damage and arson,Investigation complete; no suspect identified,
28fdccaef659a22ca9a410c30f935b11e7534cae920298740590bc8e128a4fbb,2015-12,Surrey Police,Northumbria Police,-1.529550,54.958334,On or near Wardley Lane,E01008643,South Tyneside 015A,Criminal damage and arson,Investigation complete; no suspect identified,
00a7ff34753735d33209da193e004519f50c157c8bf4d068db0dd3d70ff942ad,2015-12,Surrey Police,Northumbria Police,-1.517078,54.963101,On or near Beresford Avenue,E01008643,South Tyneside 015A,Other theft,Under investigation,
8248b75d9fade83df435beeae0f3fbdeb7f89d846d4c431c3268c6df5f3afabf,2015-12,Surrey Police,Northumbria Police,-1.522507,54.964893,On or near Prendwick Avenue,E01008643,South Tyneside 015A,Violence and sexual offences,Investigation complete; no suspect identified,
a9d24087dc8272b936e6f8dc74f10448898f2a01caf9f80a3864ac74478fe2d3,2015-12,Surrey Police,Northumbria Police,-1.524374,54.960290,On or near Further/Higher Educational Building,E01008643,South Tyneside 015A,Other crime,Under investigation,
,2015-12,Surrey Police,Northumbria Police,-1.514849,54.962697,On or near Begonia Close,E01008644,South Tyneside 015B,Anti-social behaviour,,
44d37f2bff79412ffd2c6f24ed1f0719f0310fd2ff0007da073bb915534827dd,2015-12,Surrey Police,Northumbria Police,-1.510245,54.963748,On or near Wye Road,E01008644,South Tyneside 015B,Burglary,Investigation complete; no suspect identified,
398790478fab490c6b00f55f3b2321e7ac7a1d9b994ab4d1f515f60af4d219c6,2015-12,Surrey Police,Northumbria Police,-1.516076,54.959431,On or near Petrol Station,E01008644,South Tyneside 015B,Criminal damage and arson,Investigation complete; no suspect identified,
892536271671b969f8e62b7e14387ae5eca404de49219ad369de0764216cd0d5,2015-12,Surrey Police,Northumbria Police,-1.516076,54.959431,On or near Petrol Station,E01008644,South Tyneside 015B,Public order,Investigation complete; no suspect identified,
b60ea19524562f12c6e3d6ff3b8f44c925e5678e5cd40ca70926fa4c38cbeff1,2015-12,Surrey Police,Northumbria Police,-1.513857,54.962127,On or near Bath Road,E01008644,South Tyneside 015B,Public order,Investigation complete; no suspect identified,
48386db9ac5fd4d944ef9f6616f57f99948f917feecea2b24af8b2e9f874befe,2015-12,Surrey Police,Northumbria Police,-1.511494,54.963816,On or near Trent Avenue,E01008644,South Tyneside 015B,Public order,Offender given a caution,
db07f034382494794037736019a6f2ec13a5d605555d5aef8303ae6f0cc389ba,2015-12,Surrey Police,Northumbria Police,-1.518702,54.960520,On or near College Road,E01008644,South Tyneside 015B,Vehicle crime,Under investigation,
afd715dddb56f39ac4c149ce6e138132aa4691c464736278672343e09f1f8ac5,2015-12,Surrey Police,Northumbria Police,-1.510937,54.962079,On or near Medway Avenue,E01008644,South Tyneside 015B,Violence and sexual offences,Investigation complete; no suspect identified,
22fba7d375fc14132fe36355bd6e9ed514a13815771be8757e93e278f02e585a,2015-12,Surrey Police,Northumbria Police,-1.516076,54.959431,On or near Petrol Station,E01008644,South Tyneside 015B,Violence and sexual offences,Investigation complete; no suspect identified,
ba936fb7ff20bd5ba575bd05c2c2939f0d92aed858af99bdddea549cdaeeb4e5,2015-12,Surrey Police,Northumbria Police,-1.516076,54.959431,On or near Petrol Station,E01008644,South Tyneside 015B,Violence and sexual offences,Investigation complete; no suspect identified,
,2015-12,Surrey Police,Northumbria Police,-1.504455,54.963410,On or near Surrey Road,E01008645,South Tyneside 015C,Anti-social behaviour,,
,2015-12,Surrey Police,Northumbria Police,-1.503848,54.964522,On or near Suffolk Road,E01008645,South Tyneside 015C,Anti-social behaviour,,
,2015-12,Surrey Police,Northumbria Police,-1.506157,54.963399,On or near Devon Road,E01008645,South Tyneside 015C,Anti-social behaviour,,
ea7f4a618376f4944e6f2cb23d2762d8d8012e5fd63d32be49d312e33d14d5c3,2015-12,Surrey Police,Northumbria Police,-1.505732,54.964925,On or near Elmfield Road,E01008645,South Tyneside 015C,Criminal damage and arson,Investigation complete; no suspect identified,
bd54894eaf48b072b81e8feacbf3eebe52d06c0537f20ca98d53756a28f25c01,2015-12,Surrey Police,Northumbria Police,-1.504455,54.963410,On or near Surrey Road,E01008645,South Tyneside 015C,Public order,Under investigation,
,2015-12,Surrey Police,Northumbria Police,-1.514817,54.969248,On or near Sports/Recreation Area,E01008646,South Tyneside 015D,Anti-social behaviour,,
,2015-12,Surrey Police,Northumbria Police,-1.515915,54.964966,On or near Kelly Road,E01008646,South Tyneside 015D,Anti-social behaviour,,
,2015-12,Surrey Police,Northumbria Police,-1.515915,54.964966,On or near Kelly Road,E01008646,South Tyneside 015D,Anti-social behaviour,,
,2015-12,Surrey Police,Northumbria Police,-1.515851,54.971616,On or near St John'S Walk,E01008646,South Tyneside 015D,Anti-social behaviour,,
,2015-12,Surrey Police,Northumbria Police,-1.515915,54.964966,On or near Kelly Road,E01008646,South Tyneside 015D,Anti-social behaviour,,
d4131749bf98abf8349556a4e926712bbaebddcb7e0dfcad58a31613681eefc5,2015-12,Surrey Police,Northumbria Police,-1.517514,54.965835,On or near Toner Avenue,E01008646,South Tyneside 015D,Criminal damage and arson,Investigation complete; no suspect identified,
b5f7f9b4fb23b2c8f63986079040eebb3206a63bb7715f14f167b867c6fabcbf,2015-12,Surrey Police,Northumbria Police,-1.517514,54.965835,On or near Toner Avenue,E01008646,South Tyneside 015D,Criminal damage and arson,Investigation complete; no suspect identified,
fbe772476989d583a5ccc3b1de9c6abef0db94d6755eddc9bd7ef3f7bbd4969c,2015-12,Surrey Police,Northumbria Police,-1.517514,54.965835,On or near Toner Avenue,E01008646,South Tyneside 015D,Drugs,Under investigation,
6f888023921f67413650ff952e3f1429662c84825907433a5666f21e4450dfb2,2015-12,Surrey Police,Northumbria Police,-1.517514,54.965835,On or near Toner Avenue,E01008646,South Tyneside 015D,Robbery,Under investigation,
4ae123535d715b46027708427ef772453809a0fd54836ae320868c5260c04a5f,2015-12,Surrey Police,Northumbria Police,-1.521263,54.965742,On or near Burn Heads Road,E01008646,South Tyneside 015D,Vehicle crime,Investigation complete; no suspect identified,
0956e59295b9bef62a2bc45cdbb4b2490c4c2409ecad425b058b248bee968276,2015-12,Surrey Police,Northumbria Police,-1.515915,54.964966,On or near Kelly Road,E01008646,South Tyneside 015D,Violence and sexual offences,Under investigation,
398c01f066eb20e0615f37e9c1a2d198b089f538c7a2a0c02f08550ba2755430,2015-12,Surrey Police,Northumbria Police,-1.517514,54.965835,On or near Toner Avenue,E01008646,South Tyneside 015D,Violence and sexual offences,Investigation complete; no suspect identified,
720f3232a5db3d0f662ec5625737d2dcd689f5ab5c35fc6fc9b1f369573d608d,2015-12,Surrey Police,Northumbria Police,-1.515915,54.964966,On or near Kelly Road,E01008646,South Tyneside 015D,Violence and sexual offences,Investigation complete; no suspect identified,
17ec8b0a4c52bdb605024175e8f35bf16d739a568b0dcf577f3698523bb9d945,2015-12,Surrey Police,Northumbria Police,-1.515915,54.964966,On or near Kelly Road,E01008646,South Tyneside 015D,Violence and sexual offences,Under investigation,
763ec090f565fab5e4551422ab91ea4f5586406f00cd76a0a7737cee33b6968d,2015-12,Surrey Police,Northumbria Police,-1.514817,54.969248,On or near Sports/Recreation Area,E01008646,South Tyneside 015D,Violence and sexual offences,Under investigation,
10d7036325a24965960f31d115d858409851e44c9ce9b634d64e1bb32d629f5e,2015-12,Surrey Police,Northumbria Police,-1.505697,54.967791,On or near Penrith Road,E01008656,South Tyneside 015E,Bicycle theft,Investigation complete; no suspect identified,
3f521116d533d642f139a824106a7d4f2cf2241147c525af5c657bfb9606d4ed,2015-12,Surrey Police,Northumbria Police,-1.499356,54.967793,On or near High Back Close,E01008656,South Tyneside 015E,Burglary,Investigation complete; no suspect identified,
1e99e3a09dc2e57f6a3dde1bd9f15bde69309c87ce78920c7f0e2a4070fbaf52,2015-12,Surrey Police,Northumbria Police,-1.495557,54.968037,On or near Laburnum Gardens,E01008656,South Tyneside 015E,Drugs,Offender given absolute discharge,
9b28450a854d236196cd221c249ba4b4f809b2a517ac158f3c83156cd83bfe4c,2015-12,Surrey Police,Northumbria Police,-1.504164,54.967992,On or near Hautmont Road,E01008656,South Tyneside 015E,Violence and sexual offences,Investigation complete; no suspect identified,
,2015-12,Surrey Police,Northumbria Police,-1.497775,54.962987,On or near Blackpool Parade,E01008658,South Tyneside 015F,Anti-social behaviour,,
,2015-12,Surrey Police,Northumbria Police,-1.497203,54.961278,On or near Southport Parade,E01008658,South Tyneside 015F,Anti-social behaviour,,
,2015-12,Surrey Police,Northumbria Police,-1.497775,54.962987,On or near Blackpool Parade,E01008658,South Tyneside 015F,Anti-social behaviour,,
5b0718bb2584c8edf79b7a6ff7454a938de6ba7ed556789bd936a46b528fdbe4,2015-12,Surrey Police,Northumbria Police,-1.496494,54.960547,On or near Morecambe Parade,E01008658,South Tyneside 015F,Violence and sexual offences,Under investigation,
be744382c41f65308c5a721e4297107fc1552b698050c25e1145b696b4b415df,2015-12,Surrey Police,Northumbria Police,-1.494427,54.964726,On or near Bamburgh Grove,E01008658,South Tyneside 015F,Violence and sexual offences,Investigation complete; no suspect identified,
b2b478573656d9928de4ed1b19e4cc6ea378ea8ea57a03cbf819277b2b8e63d8,2015-12,Surrey Police,Northumbria Police,-1.498313,54.959916,On or near Eastbourne Parade,E01008658,South Tyneside 015F,Violence and sexual offences,Under investigation,
c477d0e87608b394fbdf8589f1e9f5300404268a49c7c23a10850f927be3622d,2015-12,Surrey Police,Northumbria Police,-1.495013,54.959076,On or near Scarborough Parade,E01008658,South Tyneside 015F,Violence and sexual offences,Offender given community sentence,
60ee65d529125f0143314309f68755eff51d3c34ac7235a4a5a2185244e4e835,2015-12,Surrey Police,Northumbria Police,-1.501071,54.961680,On or near Campbell Park Road,E01008658,South Tyneside 015F,Violence and sexual offences,Investigation complete; no suspect identified,
041c101a9f9cd7a078d26d014be89b8307811e2115a0f393a8293dbf2d121e2d,2015-12,Surrey Police,Northumbria Police,-1.497775,54.962987,On or near Blackpool Parade,E01008658,South Tyneside 015F,Violence and sexual offences,Under investigation,
,2015-12,Surrey Police,Northumbria Police,-1.442987,54.972005,On or near Marigold Walk,E01008593,South Tyneside 016A,Anti-social behaviour,,
,2015-12,Surrey Police,Northumbria Police,-1.445782,54.969888,On or near Honeysuckle Avenue,E01008593,South Tyneside 016A,Anti-social behaviour,,
,2015-12,Surrey Police,Northumbria Police,-1.445782,54.969888,On or near Honeysuckle Avenue,E01008593,South Tyneside 016A,Anti-social behaviour,,
,2015-12,Surrey Police,Northumbria Police,-1.442873,54.971249,On or near School Loaning,E01008593,South Tyneside 016A,Anti-social behaviour,,
,2015-12,Surrey Police,Northumbria Police,-1.445782,54.969888,On or near Honeysuckle Avenue,E01008593,South Tyneside 016A,Anti-social behaviour,,
,2015-12,Surrey Police,Northumbria Police,-1.444899,54.969318,On or near Redberry Way,E01008593,South Tyneside 016A,Anti-social behaviour,,
3dc4036ae47be93a86278879d9af77532ed4a91f76a9ef2d7d286a4d452e2ead,2015-12,Surrey Police,Northumbria Police,-1.442873,54.971249,On or near School Loaning,E01008593,South Tyneside 016A,Criminal damage and arson,Under investigation,
bef57624c1cd5b999eb7fedec92d9b05166e76c33181b9ea699e531525a9a9f5,2015-12,Surrey Police,Northumbria Police,-1.442536,54.969657,On or near Reay Place,E01008593,South Tyneside 016A,Criminal damage and arson,Investigation complete; no suspect identified,
875a11a7f545e5f55efbf09d39f23a06de9fd6ff2de6c45d88f5a34a87cb51c9,2015-12,Surrey Police,Northumbria Police,-1.443377,54.968709,On or near Kestrel Way,E01008593,South Tyneside 016A,Criminal damage and arson,Under investigation,
2c7ed1b183d9b7b5f5c3e86bdbdd92bd6acbeee0f095bbdc3a7e2fe3450d2a6e,2015-12,Surrey Police,Northumbria Police,-1.442873,54.971249,On or near School Loaning,E01008593,South Tyneside 016A,Criminal damage and arson,Offender given a caution,
2374b73a625d5f0b0fc1fd7ae62559c2919ab6ab84763d4edb3df2ad44ee1356,2015-12,Surrey Police,Northumbria Police,-1.443377,54.968709,On or near Kestrel Way,E01008593,South Tyneside 016A,Criminal damage and arson,Investigation complete; no suspect identified,
00354ed59a7e1ca193f09184b7360af4e7fcbf5f1416365fa6f1522e53ca600d,2015-12,Surrey Police,Northumbria Police,-1.444595,54.968705,On or near Green Lane,E01008593,South Tyneside 016A,Drugs,Under investigation,
54a9453f342d7f6d3ba25be67b0bdb8b0ee8dc0981252048752af74ef151f0d6,2015-12,Surrey Police,Northumbria Police,-1.443547,54.969931,On or near Bluebell Way,E01008593,South Tyneside 016A,Other theft,Investigation complete; no suspect identified,
e4592b72c03d7bdab991b7e606a42e5cb8b3f010552281a31cb9ebf08e017800,2015-12,Surrey Police,Northumbria Police,-1.442987,54.972005,On or near Marigold Walk,E01008593,South Tyneside 016A,Violence and sexual offences,Under investigation,
b4f26471e452ef74b4bd064b11da639fc5fc019b4e146d04b384946b13be2f75,2015-12,Surrey Police,Northumbria Police,-1.446248,54.967769,On or near Brockley Avene,E01008593,South Tyneside 016A,Violence and sexual offences,Under investigation,
3cf4d246e9cf4ec6e77924548ec62ac50c4fe38d1e11b93f12ceb5f4f524fee7,2015-12,Surrey Police,Northumbria Police,-1.454848,54.962479,On or near Troutbeck Way,E01008605,South Tyneside 016B,Burglary,Investigation complete; no suspect identified,
c5b4fb545b33657082cc4f3357ebbd13b68f6637d4220deb041c9b43714fa5ab,2015-12,Surrey Police,Northumbria Police,-1.454848,54.962479,On or near Troutbeck Way,E01008605,South Tyneside 016B,Burglary,Investigation complete; no suspect identified,
,2015-12,Surrey Police,Northumbria Police,-1.449232,54.960872,On or near Priestley Court,E01008606,South Tyneside 016C,Anti-social behaviour,,
,2015-12,Surrey Police,Northumbria Police,-1.450383,54.958945,On or near Masefield Drive,E01008606,South Tyneside 016C,Anti-social behaviour,,
,2015-12,Surrey Police,Northumbria Police,-1.449232,54.960872,On or near Priestley Court,E01008606,South Tyneside 016C,Anti-social behaviour,,
,2015-12,Surrey Police,Northumbria Police,-1.449232,54.960872,On or near Priestley Court,E01008606,South Tyneside 016C,Anti-social behaviour,,
,2015-12,Surrey Police,Northumbria Police,-1.450383,54.958945,On or near Masefield Drive,E01008606,South Tyneside 016C,Anti-social behaviour,,
1546e3670fb005351d5be66dc720dc0a84c6e136d0e2d443cba2a819e0e5f7c9,2015-12,Surrey Police,Northumbria Police,-1.437743,54.958294,On or near Benton Road,E01008606,South Tyneside 016C,Burglary,Investigation complete; no suspect identified,
e288cdacc3a5198a992da9ff17e692bb8a89f8e08612c7419d03c31586b76bca,2015-12,Surrey Police,Northumbria Police,-1.446367,54.960239,On or near Dryden Close,E01008606,South Tyneside 016C,Burglary,Investigation complete; no suspect identified,
7e8acc0d5d8f379c13a93cd468edd31e45c317259325ea5e6e9b0b6974f22ab2,2015-12,Surrey Police,Northumbria Police,-1.445736,54.959571,On or near Orwell Close,E01008606,South Tyneside 016C,Burglary,Investigation complete; no suspect identified,
f4ce3cf2cbf053ff576ce6e70ac91432edf2f19e0684dd30c8f6f610009e6bdc,2015-12,Surrey Police,Northumbria Police,-1.449232,54.960872,On or near Priestley Court,E01008606,South Tyneside 016C,Burglary,Investigation complete; no suspect identified,
1f45610baac46e78e926e617432e379118dbd63b9213115599afb8141a6d89c2,2015-12,Surrey Police,Northumbria Police,-1.445736,54.959571,On or near Orwell Close,E01008606,South Tyneside 016C,Burglary,Investigation complete; no suspect identified,
73cb5a993e26e9266803ef3cad761b7ab74d8d2e3309d977e85c7b32e37f437f,2015-12,Surrey Police,Northumbria Police,-1.437743,54.958294,On or near Benton Road,E01008606,South Tyneside 016C,Criminal damage and arson,Under investigation,
1a3e32b86eb66f23e3206e6aa9f71606215c6dbdc52b590484aaf1d65e0c1254,2015-12,Surrey Police,Northumbria Police,-1.445736,54.959571,On or near Orwell Close,E01008606,South Tyneside 016C,Other theft,Under investigation,
2ea57110a18f7f360f502bb169b4dd8fd4784d3249d68b839062473b89fa5e89,2015-12,Surrey Police,Northumbria Police,-1.449232,54.960872,On or near Priestley Court,E01008606,South Tyneside 016C,Shoplifting,Offender given suspended prison sentence,
7961696c38d1468bb4dbd732b1f8755bd65d826952be547c88850754e8de7381,2015-12,Surrey Police,Northumbria Police,-1.436673,54.954389,On or near Boldon Lane,E01008606,South Tyneside 016C,Violence and sexual offences,Investigation complete; no suspect identified,
69b7d30b5c15b83d48abb6dcfd73180bf7ff459aa5f1977e15e82f41a1f575fc,2015-12,Surrey Police,Northumbria Police,-1.446367,54.960239,On or near Dryden Close,E01008606,South Tyneside 016C,Violence and sexual offences,Under investigation,
cf28f8befe87862e37b25a44adc399f502b5fb730d780e7b22c842a522293878,2015-12,Surrey Police,Northumbria Police,-1.436408,54.957668,On or near Heaton Gardens,E01008606,South Tyneside 016C,Violence and sexual offences,Under investigation,
cf1efaba65200b688467f024bb0712b8eee968516e6af32bf59bb15d8e8220cd,2015-12,Surrey Police,Northumbria Police,-1.449232,54.960872,On or near Priestley Court,E01008606,South Tyneside 016C,Violence and sexual offences,Awaiting court outcome,
09e68c22bebc4ac74e13175b685cda63d1a673781cc3677957bef274ce85af2c,2015-12,Surrey Police,Northumbria Police,-1.450383,54.958945,On or near Masefield Drive,E01008606,South Tyneside 016C,Violence and sexual offences,Under investigation,
643cf025c0fde1665dd08a9e0714c1d19b83e3cd62df54ca9fa8d61e3dfc1e32,2015-12,Surrey Police,Northumbria Police,-1.449232,54.960872,On or near Priestley Court,E01008606,South Tyneside 016C,Violence and sexual offences,Investigation complete; no suspect identified,
,2015-12,Surrey Police,Northumbria Police,-1.446053,54.964938,On or near Cronin Avenue,E01008607,South Tyneside 016D,Anti-social behaviour,,
,2015-12,Surrey Police,Northumbria Police,-1.451422,54.962931,On or near Chaucer Avenue,E01008607,South Tyneside 016D,Anti-social behaviour,,
,2015-12,Surrey Police,Northumbria Police,-1.449068,54.962588,On or near Kingsley Avenue,E01008607,South Tyneside 016D,Anti-social behaviour,,
,2015-12,Surrey Police,Northumbria Police,-1.448425,54.963897,On or near Sheridan Road,E01008607,South Tyneside 016D,Anti-social behaviour,,
08c09c96c2e16d5006c5825972514ef0de3c6c8609d6678898aec870c9a10764,2015-12,Surrey Police,Northumbria Police,-1.451422,54.962931,On or near Chaucer Avenue,E01008607,South Tyneside 016D,Criminal damage and arson,Investigation complete; no suspect identified,
f8f8344d13dd5ee28f3f8cac590e53ac4443b5ce825a4d5819a4058a47b3d036,2015-12,Surrey Police,Northumbria Police,-1.443914,54.961477,On or near Cobbett Crescent,E01008607,South Tyneside 016D,Public order,Investigation complete; no suspect identified,
69102fc905b852f735f3591892c69292869da5a52c2fa2ebc51b317644ac5f11,2015-12,Surrey Police,Northumbria Police,-1.445467,54.963254,On or near Ruskin Crescent,E01008607,South Tyneside 016D,Public order,Under investigation,
b5093e004108d66af9c2edea83eb646b786bce6a6825ac7f97ed5700b7ba6987,2015-12,Surrey Police,Northumbria Police,-1.447961,54.962475,On or near Bunyan Avenue,E01008607,South Tyneside 016D,Violence and sexual offences,Under investigation,
2c7552975ef32e1f3b59d7a068229760e20d505a3557c30d51a2914a4f0babb2,2015-12,Surrey Police,Northumbria Police,-1.445553,54.962653,On or near Belloc Avenue,E01008607,South Tyneside 016D,Violence and sexual offences,Investigation complete; no suspect identified,
8240044fcf49972a359d48d9fca328cfd0f5cf14ed3fa89df1d86c046ec0f1eb,2015-12,Surrey Police,Northumbria Police,-1.445467,54.963254,On or near Ruskin Crescent,E01008607,South Tyneside 016D,Violence and sexual offences,Investigation complete; no suspect identified,
5fef8e06ed2a0bb1579511bda5b69d378574e560803ba55277937f3b1f913052,2015-12,Surrey Police,Northumbria Police,-1.447961,54.962475,On or near Bunyan Avenue,E01008607,South Tyneside 016D,Violence and sexual offences,Under investigation,
26a2de4dcfc032699930f753546f736d626af2376ad75a67f16bdca7a1402aff,2015-12,Surrey Police,Northumbria Police,-1.447961,54.962475,On or near Bunyan Avenue,E01008607,South Tyneside 016D,Violence and sexual offences,Under investigation,
,2015-12,Surrey Police,Northumbria Police,-1.440710,54.962738,On or near Dickens Avenue,E01008609,South Tyneside 016E,Anti-social behaviour,,
247aff0afb8bda5b280dfcd1fd30857c20171d1e65d2dd1d8f2e7ff22ebc21fd,2015-12,Surrey Police,Northumbria Police,-1.439067,54.961841,On or near Defoe Avenue,E01008609,South Tyneside 016E,Burglary,Under investigation,
989ec114f25c5dcaddcda7b300e5520df8348d334604dc8983a64235b4fe650e,2015-12,Surrey Police,Northumbria Police,-1.442329,54.963159,On or near Hazlitt Avenue,E01008609,South Tyneside 016E,Criminal damage and arson,Investigation complete; no suspect identified,
4951103f3d31ad0cccc8204fed2e0646117b16e154a54a2bdf23089df3076782,2015-12,Surrey Police,Northumbria Police,-1.440710,54.962738,On or near Dickens Avenue,E01008609,South Tyneside 016E,Criminal damage and arson,Investigation complete; no suspect identified,
d6236ac58f1d0ffacba4f321c518e24ca568c516627817f62b75136e3babbef5,2015-12,Surrey Police,Northumbria Police,-1.440710,54.962738,On or near Dickens Avenue,E01008609,South Tyneside 016E,Criminal damage and arson,Investigation complete; no suspect identified,
9b427f78f4ab8c27d68e4bbd66ca8f1c3aede218fb4ee76e1c02886ec884dbaf,2015-12,Surrey Police,Northumbria Police,-1.440789,54.964931,On or near Austen Avenue,E01008609,South Tyneside 016E,Violence and sexual offences,Under investigation,
,2015-12,Surrey Police,Northumbria Police,-1.477361,54.959505,On or near Hedworth Lane,E01008631,South Tyneside 017A,Anti-social behaviour,,
,2015-12,Surrey Police,Northumbria Police,-1.482138,54.958456,On or near Calder Green,E01008631,South Tyneside 017A,Anti-social behaviour,,
,2015-12,Surrey Police,Northumbria Police,-1.476141,54.963247,On or near Grasmere Avenue,E01008631,South Tyneside 017A,Anti-social behaviour,,
e2e164a991ad5178616549fd36cf627c39de0607493e7331c18b872267d89146,2015-12,Surrey Police,Northumbria Police,-1.476335,54.963921,On or near Eskdale Drive,E01008631,South Tyneside 017A,Burglary,Investigation complete; no suspect identified,
7a8cd5608ccf7bee097b7110d838d3a15caf08bf641b306912e14f26c3bdc03e,2015-12,Surrey Police,Northumbria Police,-1.476335,54.963921,On or near Eskdale Drive,E01008631,South Tyneside 017A,Burglary,Investigation complete; no suspect identified,
665c4fcf3fdc87d34b16f04fa8ea21c772c937602f348357b7f895d9ef35c757,2015-12,Surrey Police,Northumbria Police,-1.476335,54.963921,On or near Eskdale Drive,E01008631,South Tyneside 017A,Criminal damage and arson,Investigation complete; no suspect identified,
e096f7a772d9b596c8a78229edf11aab9d85ddf92ce8305d7d9ddca136a5c22b,2015-12,Surrey Police,Northumbria Police,-1.479856,54.958581,On or near Lune Green,E01008631,South Tyneside 017A,Criminal damage and arson,Under investigation,
af218b2e053858e3567c895e35954e2a4d4a6a493b01b126579052ca7cfd41ab,2015-12,Surrey Police,Northumbria Police,-1.479856,54.958581,On or near Lune Green,E01008631,South Tyneside 017A,Drugs,Offender fined,
d5dd773931fe7a5e045e3ede4cdcea43cf6d17bfbf692a680646c51f02909839,2015-12,Surrey Police,Northumbria Police,-1.476141,54.963247,On or near Grasmere Avenue,E01008631,South Tyneside 017A,Other theft,Under investigation,
8e25228f40453470f43cf6a62446e809cce4c53c94bed7247d145aa978168eee,2015-12,Surrey Police,Northumbria Police,-1.476335,54.963921,On or near Eskdale Drive,E01008631,South Tyneside 017A,Other theft,Investigation complete; no suspect identified,
9073af31c5ad0334db90011b0be621840c72a0c23376b4328d3d2ab5b32f505d,2015-12,Surrey Police,Northumbria Police,-1.473517,54.960836,On or near Ullswater Avenue,E01008631,South Tyneside 017A,Public order,Under investigation,
,2015-12,Surrey Police,Northumbria Police,-1.480603,54.960022,On or near Medway,E01008632,South Tyneside 017B,Anti-social behaviour,,
,2015-12,Surrey Police,Northumbria Police,-1.482460,54.961333,On or near Kennet Avenue,E01008632,South Tyneside 017B,Anti-social behaviour,,
d594280d32f179fb362e037deca1241f5e2b31e4d6c172c43b883175652df5be,2015-12,Surrey Police,Northumbria Police,-1.491019,54.958763,On or near Roman Road,E01008632,South Tyneside 017B,Criminal damage and arson,Investigation complete; no suspect identified,
2ba9124b158d4c909f7b827d0f9e8773ede3fd7ec18252753cbfce188bf91b64,2015-12,Surrey Police,Northumbria Police,-1.489644,54.958811,On or near Haughton Crescent,E01008632,South Tyneside 017B,Criminal damage and arson,Investigation complete; no suspect identified,
81a0512015e5b56d268c5e927dd2518f9d7faf82d6562a4d6ca521151f9c4a78,2015-12,Surrey Police,Northumbria Police,-1.479822,54.961213,On or near Dove Avenue,E01008632,South Tyneside 017B,Vehicle crime,Investigation complete; no suspect identified,
45d7811a9484a18fa602116bbf11091446335ba515088f998ef68905f6c7d8e4,2015-12,Surrey Police,Northumbria Police,-1.491600,54.957291,On or near Harbottle Crescent,E01008632,South Tyneside 017B,Vehicle crime,Investigation complete; no suspect identified,
05e8798ae572a0fd2784fb2cc7358eaf6459cab58f4dfe7f12216c787c801c36,2015-12,Surrey Police,Northumbria Police,-1.480603,54.960022,On or near Medway,E01008632,South Tyneside 017B,Vehicle crime,Investigation complete; no suspect identified,
2ab39d9aad43b1b70d16ba12d18900af5814620e576df3280d9b95903668dd04,2015-12,Surrey Police,Northumbria Police,-1.487258,54.959834,On or near Calf Close Drive,E01008632,South Tyneside 017B,Violence and sexual offences,Under investigation,
9610fa0f4258d02915ef7300782e044fa05686a2ef01e962c4f3904fbaa076ea,2015-12,Surrey Police,Northumbria Police,-1.489644,54.958811,On or near Haughton Crescent,E01008632,South Tyneside 017B,Violence and sexual offences,Investigation complete; no suspect identified,
dd0137c69dd52821684c4bb0ea67142ed9088da16711701fabbaec71c47b4886,2015-12,Surrey Police,Northumbria Police,-1.480603,54.960022,On or near Medway,E01008632,South Tyneside 017B,Violence and sexual offences,Under investigation,
78086196ee679642c907f097ed480403f0be40754aa08d7e362c90fbe4db00de,2015-12,Surrey Police,Northumbria Police,-1.489644,54.958811,On or near Haughton Crescent,E01008632,South Tyneside 017B,Violence and sexual offences,Investigation complete; no suspect identified,
,2015-12,Surrey Police,Northumbria Police,-1.488962,54.962142,On or near Ravensworth Terrace,E01008659,South Tyneside 017C,Anti-social behaviour,,
,2015-12,Surrey Police,Northumbria Police,-1.487326,54.961856,On or near Roman Road,E01008659,South Tyneside 017C,Anti-social behaviour,,
,2015-12,Surrey Police,Northumbria Police,-1.488587,54.965816,On or near Sports/Recreation Area,E01008659,South Tyneside 017C,Anti-social behaviour,,
,2015-12,Surrey Police,Northumbria Police,-1.489445,54.963456,On or near Morpeth Avenue,E01008659,South Tyneside 017C,Anti-social behaviour,,
,2015-12,Surrey Police,Northumbria Police,-1.491959,54.964760,On or near York Avenue,E01008659,South Tyneside 017C,Anti-social behaviour,,
4ece49fff2e2eeb366e82c4a505af0162fabd9e57facae30d65718f2d7b928a7,2015-12,Surrey Police,Northumbria Police,-1.493363,54.959905,On or near Alnwick Grove,E01008659,South Tyneside 017C,Criminal damage and arson,Investigation complete; no suspect identified,
92ebc21761fa76f440396b444f9e4a24f6c0d47f715bae091ef17ca4a80b7f83,2015-12,Surrey Police,Northumbria Police,-1.488679,54.963552,On or near Chipchase Terrace,E01008659,South Tyneside 017C,Criminal damage and arson,Investigation complete; no suspect identified,
d3ce386451f7f47054e36e8cfc8031b3ce60dede8b68036f43f996874b5c1548,2015-12,Surrey Police,Northumbria Police,-1.490929,54.959715,On or near Petrol Station,E01008659,South Tyneside 017C,Criminal damage and arson,Investigation complete; no suspect identified,
70241017744b05a5871552ab2000f3edc8c14aca69257afd6ff531649146e7a7,2015-12,Surrey Police,Northumbria Police,-1.495565,54.959896,On or near Skegness Parade,E01008659,South Tyneside 017C,Criminal damage and arson,Investigation complete; no suspect identified,
325e45ade735cadbcd1add01d6ac4551cbf64aa3a01476efdc49224151b5b5c7,2015-12,Surrey Police,Northumbria Police,-1.488962,54.962142,On or near Ravensworth Terrace,E01008659,South Tyneside 017C,Criminal damage and arson,Court case unable to proceed,
ca0fdded4b4320e9a684ac90761d589f721ddbae23292d2c8f3eae65647d9e05,2015-12,Surrey Police,Northumbria Police,-1.490929,54.959715,On or near Petrol Station,E01008659,South Tyneside 017C,Other theft,Under investigation,
8e270e56fede432cffee1f3a6a61464852fb23655693f735c0f051da85bac141,2015-12,Surrey Police,Northumbria Police,-1.488587,54.965816,On or near Sports/Recreation Area,E01008659,South Tyneside 017C,Public order,Under investigation,
a0037abdf010090148c5bc0a3f21b4839653e0beb03a1435fd31b7a1cc04863d,2015-12,Surrey Police,Northumbria Police,-1.485507,54.962379,On or near Leam Lane,E01008659,South Tyneside 017C,Public order,Offender given a caution,
44d2cd991cbf4fef2150425792c022d4ce60bb2be2b725ae2ce30dcd3b183166,2015-12,Surrey Police,Northumbria Police,-1.490929,54.959715,On or near Petrol Station,E01008659,South Tyneside 017C,Shoplifting,Investigation complete; no suspect identified,
a420d59d23c75ad6b8aa6adef5ae2eea1389b48b6327752a15bc0536f373db4f,2015-12,Surrey Police,Northumbria Police,-1.490243,54.963378,On or near Swinbourne Terrace,E01008659,South Tyneside 017C,Vehicle crime,Investigation complete; no suspect identified,
1e2f6acea2104e04b76c9e0f0713cd509105d9435802d9bc90e3f18b4ce01f34,2015-12,Surrey Police,Northumbria Police,-1.492601,54.960899,On or near Coupland Grove,E01008659,South Tyneside 017C,Violence and sexual offences,Under investigation,
b63f107eb65a8d85353b92bc3d11c9ae9ae2f0aed536b2a1c44f9b64f0e322c0,2015-12,Surrey Police,Northumbria Police,-1.491959,54.964760,On or near York Avenue,E01008659,South Tyneside 017C,Violence and sexual offences,Under investigation,
c21a40d0a9b28e76b2f3478b2f35bb4a8d2280c5a20e3a9f38baa9450f7a8ba6,2015-12,Surrey Police,Northumbria Police,-1.490243,54.963378,On or near Swinbourne Terrace,E01008659,South Tyneside 017C,Other crime,Under investigation,
,2015-12,Surrey Police,Northumbria Police,-1.488647,54.964774,On or near Norham Terrace,E01008662,South Tyneside 017D,Anti-social behaviour,,
,2015-12,Surrey Police,Northumbria Police,-1.475582,54.967818,On or near Lindisfarne Recess,E01008662,South Tyneside 017D,Anti-social behaviour,,
,2015-12,Surrey Police,Northumbria Police,-1.485580,54.964006,On or near Dilston Terrace,E01008662,South Tyneside 017D,Anti-social behaviour,,
,2015-12,Surrey Police,Northumbria Police,-1.486111,54.965221,On or near Hylton Road,E01008662,South Tyneside 017D,Anti-social behaviour,,
0af12ad2a66cb733e9400f358f7c410819362a0350c44075ea0933c8e349ece3,2015-12,Surrey Police,Northumbria Police,-1.475582,54.967818,On or near Lindisfarne Recess,E01008662,South Tyneside 017D,Bicycle theft,Investigation complete; no suspect identified,
0e5ae592a6ccf905db0e9a82dd3dc81452b7f11f5a4a300f821bc70907347067,2015-12,Surrey Police,Northumbria Police,-1.486572,54.967065,On or near Raby Gardens,E01008662,South Tyneside 017D,Burglary,Investigation complete; no suspect identified,
1f7f4089135b051c9d076ed996b61430e0d3ab16e4669e4588e11a1bb72cf00c,2015-12,Surrey Police,Northumbria Police,-1.486572,54.967065,On or near Raby Gardens,E01008662,South Tyneside 017D,Violence and sexual offences,Under investigation,
21efd257760fa7723ad3d5af1a4acd20df0efa499bdd3e99a1abd6e69eb3544e,2015-12,Surrey Police,Northumbria Police,-1.486458,54.966202,On or near Lambton Terrace,E01008662,South Tyneside 017D,Violence and sexual offences,Under investigation,
7be6ac6b0fe9932cbed4ed267c806cced86d5d4683f1b757aefc7945e6c708f5,2015-12,Surrey Police,Northumbria Police,-1.475582,54.967818,On or near Lindisfarne Recess,E01008662,South Tyneside 017D,Violence and sexual offences,Under investigation,
89b667a8e84738a8f1cfe6ade0d7c94d290158e616daf08c60e32e7e8e705014,2015-12,Surrey Police,Northumbria Police,-1.476591,54.964668,On or near Hadrian Road,E01008662,South Tyneside 017D,Violence and sexual offences,Under investigation,
5ba704d02deecf1e7ce199f5ebf88ea7ebc75ef9add7247b71589693e5257757,2015-12,Surrey Police,Northumbria Police,-1.486572,54.967065,On or near Raby Gardens,E01008662,South Tyneside 017D,Violence and sexual offences,Investigation complete; no suspect identified,
,2015-12,Surrey Police,Northumbria Police,-1.481212,54.969685,On or near Buxton Close,E01008663,South Tyneside 017E,Anti-social behaviour,,
3ea6845309530d27169f5ca2031fcc4b93755521f6ccdde32f9fc62f1f51f7ba,2015-12,Surrey Police,Northumbria Police,-1.491456,54.968721,On or near Belsfield Gardens,E01008663,South Tyneside 017E,Criminal damage and arson,Offender given a caution,
46c373d3bc09459b6cc9cf91a647b98a76917157c47a4d80877fa535d267f721,2015-12,Surrey Police,Northumbria Police,-1.483012,54.967005,On or near Simonside View,E01008663,South Tyneside 017E,Criminal damage and arson,Investigation complete; no suspect identified,
33094d42a9da27b8e9572613ae540d4cc4ee963f20c785c1f484ab5bdbef6648,2015-12,Surrey Police,Northumbria Police,-1.490984,54.970175,On or near Bede Burn View,E01008663,South Tyneside 017E,Criminal damage and arson,Investigation complete; no suspect identified,
bd284116313d2a9f5bd8d77070efe37be147318c22fd80617b89fbada8a5d255,2015-12,Surrey Police,Northumbria Police,-1.480987,54.971391,On or near Rowsley Road,E01008663,South Tyneside 017E,Criminal damage and arson,Investigation complete; no suspect identified,
f224695d74b9705e416004011291b21d49ff10edb17fb9c1df956a19a5611701,2015-12,Surrey Police,Northumbria Police,-1.480115,54.971163,On or near Chatsworth Road,E01008663,South Tyneside 017E,Criminal damage and arson,Investigation complete; no suspect identified,
4758100bfcee5f595c0fddef345f6dc0f461edcc9dfed525040fc54846509501,2015-12,Surrey Police,Northumbria Police,-1.481907,54.971557,On or near Castleton Road,E01008663,South Tyneside 017E,Drugs,Investigation complete; no suspect identified,
c02029464decdfb3aa955168988d0ad1e5a17ce6159d9c352fd29916a99c373a,2015-12,Surrey Police,Northumbria Police,-1.485801,54.971214,On or near Mill Dene View,E01008663,South Tyneside 017E,Other theft,Investigation complete; no suspect identified,
968680907197dcd9fca777eb508f604cbe9ab961b89d54d6fd41a101abf21c9a,2015-12,Surrey Police,Northumbria Police,-1.491456,54.968721,On or near Belsfield Gardens,E01008663,South Tyneside 017E,Public order,Offender given a caution,
b01da872fbdd93b7c0306b95e376e5fc6e56c24944854d8bbd245215cbac319d,2015-12,Surrey Police,Northumbria Police,-1.481212,54.969685,On or near Buxton Close,E01008663,South Tyneside 017E,Public order,Awaiting court outcome,
3bbca0e40b509b685e3049ee682fea0e967098f98146504ed91d132076910c80,2015-12,Surrey Police,Northumbria Police,-1.480115,54.971163,On or near Chatsworth Road,E01008663,South Tyneside 017E,Vehicle crime,Investigation complete; no suspect identified,
d742dab34a8dd7f3dd7bc958e964f95c8fdb8c10dff4e9d690b9b92b6505986a,2015-12,Surrey Police,Northumbria Police,-1.484761,54.969412,On or near Ecgfrid Terrace,E01008663,South Tyneside 017E,Violence and sexual offences,Under investigation,
c7598fadecc52295ad8ee7892a0b9d8b3d14dc2eb0fa733d1f318b6e2ca84d03,2015-12,Surrey Police,Northumbria Police,-1.492523,54.967081,On or near Dene Terrace,E01008663,South Tyneside 017E,Violence and sexual offences,Under investigation,
57c98848394e6f83cd44f4bcf1056d0db5d7a3d2ffe6c0277632c55fa325c4b1,2015-12,Surrey Police,Northumbria Police,-1.481212,54.969685,On or near Buxton Close,E01008663,South Tyneside 017E,Violence and sexual offences,Awaiting court outcome,
c2dc0a270d86997298bcccb01350139bf4aee2fd0f0d4f45649aa78060b4f7ef,2015-12,Surrey Police,Northumbria Police,-1.481212,54.969685,On or near Buxton Close,E01008663,South Tyneside 017E,Violence and sexual offences,Under investigation,
4e8f619a9293418f6a55fb60b140fa5ae3a2a3e110f25f67d434cebfe416cb63,2015-12,Surrey Police,Northumbria Police,-1.481907,54.971557,On or near Castleton Road,E01008663,South Tyneside 017E,Violence and sexual offences,Investigation complete; no suspect identified,
5258f81faacd39cb042fe9adcaa3ee389fc15fac2f74d243571f9e428f1a8766,2015-12,Surrey Police,Northumbria Police,-1.481212,54.969685,On or near Buxton Close,E01008663,South Tyneside 017E,Other crime,Awaiting court outcome,
,2015-12,Surrey Police,Northumbria Police,-1.394159,54.973784,On or near Forber Avenue,E01008624,South Tyneside 018A,Anti-social behaviour,,
,2015-12,Surrey Police,Northumbria Police,-1.393416,54.972271,On or near Watson Place,E01008624,South Tyneside 018A,Anti-social behaviour,,
c781661a3baf469996b308658fa65bda4ee532f474d3f8e082d4183c09dbd8a7,2015-12,Surrey Police,Northumbria Police,-1.391106,54.973203,On or near Beaconside,E01008624,South Tyneside 018A,Burglary,Investigation complete; no suspect identified,
b0c6f897f19ae51fc2f6a15d245ad7800d4c2e9636da26829df2157a1e4280dc,2015-12,Surrey Police,Northumbria Police,-1.393416,54.972271,On or near Watson Place,E01008624,South Tyneside 018A,Criminal damage and arson,Investigation complete; no suspect identified,
3bb6b51dc6afd036647e77490e621d7148867c1379752dd1ace9375ead292b42,2015-12,Surrey Police,Northumbria Police,-1.394159,54.973784,On or near Forber Avenue,E01008624,South Tyneside 018A,Public order,Under investigation,
,2015-12,Surrey Police,Northumbria Police,-1.382083,54.977848,On or near Grotto Gardens,E01008684,South Tyneside 018B,Anti-social behaviour,,
,2015-12,Surrey Police,Northumbria Police,-1.382083,54.977848,On or near Grotto Gardens,E01008684,South Tyneside 018B,Anti-social behaviour,,
,2015-12,Surrey Police,Northumbria Police,-1.380059,54.976364,On or near Grotto Road,E01008684,South Tyneside 018B,Anti-social behaviour,,
dc71511c194403d23796f1dbc0ccdd594f56aab38cab1ffd5b677ea1514924a9,2015-12,Surrey Police,Northumbria Police,-1.385068,54.975725,On or near Lake Avenue,E01008684,South Tyneside 018B,Public order,Under investigation,
,2015-12,Surrey Police,Northumbria Police,-1.368379,54.957064,On or near Fulmar Walk,E01008685,South Tyneside 018C,Anti-social behaviour,,
3faf93795dc4adc5682064c04f0441739d758c4bd17b1022d16cb0b3f1cbe1d2,2015-12,Surrey Police,Northumbria Police,-1.369010,54.959647,On or near Fairfield Drive,E01008685,South Tyneside 018C,Burglary,Investigation complete; no suspect identified,
b54785ab95bf740ed12bfacfef1283080f9fde89920d9fee58ab5f0ed14d5ce0,2015-12,Surrey Police,Northumbria Police,-1.369010,54.959647,On or near Fairfield Drive,E01008685,South Tyneside 018C,Burglary,Investigation complete; no suspect identified,
64405f4ec1393c177c7c787566e92fb141eec96d215dff4bddcdb36f6054aadf,2015-12,Surrey Police,Northumbria Police,-1.369010,54.959647,On or near Fairfield Drive,E01008685,South Tyneside 018C,Burglary,Investigation complete; no suspect identified,
168a88d0215e6b45b696a96eeac9d9fe0c7b3efba8e3527b8fd7cc4400c091bd,2015-12,Surrey Police,Northumbria Police,-1.366762,54.966546,On or near Arthur Street,E01008685,South Tyneside 018C,Burglary,Investigation complete; no suspect identified,
1e3c780b5ab595f687998023d01cf2e53a7b33bca5cfd79d8ad4b0a1daf09476,2015-12,Surrey Police,Northumbria Police,-1.367029,54.959502,On or near Wheatall Drive,E01008685,South Tyneside 018C,Burglary,Investigation complete; no suspect identified,
6dbb52e909e3daa5cab44598c2ea64bf5b9be02857f0be43721f9566092c259c,2015-12,Surrey Police,Northumbria Police,-1.367029,54.959502,On or near Wheatall Drive,E01008685,South Tyneside 018C,Burglary,Investigation complete; no suspect identified,
944f9f5fd6511ebc73e3c7b4b275b3a5a2d8132c4cd03cc294aa6f7b01e18e49,2015-12,Surrey Police,Northumbria Police,-1.366762,54.966546,On or near Arthur Street,E01008685,South Tyneside 018C,Criminal damage and arson,Investigation complete; no suspect identified,
181ed91d905a79669c6fb1906b9cb330544165525730b8ed9b4217f96ffef4d1,2015-12,Surrey Police,Northumbria Police,-1.364301,54.960126,On or near Marsden Avenue,E01008685,South Tyneside 018C,Drugs,Offender given a caution,
07b6f311f7e002f972de734766740defaf917ce7664453d2c1a5424216dceaf6,2015-12,Surrey Police,Northumbria Police,-1.366762,54.966546,On or near Arthur Street,E01008685,South Tyneside 018C,Vehicle crime,Investigation complete; no suspect identified,
04dee2abe2543249196b6e3db0ecba686b22b370acef944cad525356fa174966,2015-12,Surrey Police,Northumbria Police,-1.366762,54.966546,On or near Arthur Street,E01008685,South Tyneside 018C,Violence and sexual offences,Investigation complete; no suspect identified,
40863ae5c6aa776b2b9acd8755ebb056b476df94e7e3e56475167b17bf5c652e,2015-12,Surrey Police,Northumbria Police,-1.364640,54.962392,On or near White Rocks Grove,E01008685,South Tyneside 018C,Violence and sexual offences,Under investigation,
9acf6c42b804bf71a3667d0ce352627fe7f2abf938ff82af33055ab7b6b8b35c,2015-12,Surrey Police,Northumbria Police,-1.369494,54.952613,On or near Westcroft,E01008686,South Tyneside 018D,Public order,Under investigation,
,2015-12,Surrey Police,Northumbria Police,-1.365479,54.950822,On or near Croftside Avenue,E01008687,South Tyneside 018E,Anti-social behaviour,,
845a6788ff1777ca8a781e0c5a8db9995fc6fe727258379ae73fd76eb519c19c,2015-12,Surrey Police,Northumbria Police,-1.371454,54.951104,On or near Fieldside,E01008687,South Tyneside 018E,Violence and sexual offences,Investigation complete; no suspect identified,
a41ad8856cb24c33c4045d5f08d97d02f18076e8b2ce5b6c6456a588014c121f,2015-12,Surrey Police,Northumbria Police,-1.363585,54.951090,On or near Adolphus Street,E01008687,South Tyneside 018E,Violence and sexual offences,Investigation complete; no suspect identified,
2369043d48374bc7c03960ed5c6df819ccd4673c200b35a0486bbe6814ee1586,2015-12,Surrey Police,Northumbria Police,-1.371454,54.951104,On or near Fieldside,E01008687,South Tyneside 018E,Other crime,Under investigation,
,2015-12,Surrey Police,Northumbria Police,-1.430604,54.960625,On or near Rubens Avenue,E01008688,South Tyneside 019A,Anti-social behaviour,,
,2015-12,Surrey Police,Northumbria Police,-1.427844,54.969122,On or near John Reid Road,E01008688,South Tyneside 019A,Anti-social behaviour,,
210eb3f157fe27c4973a0dc23af2a91e4220a8b1f477c36dd6c301dc8f02bb99,2015-12,Surrey Police,Northumbria Police,-1.428472,54.962340,On or near Nash Avenue,E01008688,South Tyneside 019A,Burglary,Under investigation,
2498b767590b27578266cf3e56e43b3aaecf2a9cd18ca63cf3be0f4a3f117314,2015-12,Surrey Police,Northumbria Police,-1.425390,54.961598,On or near Moreland Road,E01008688,South Tyneside 019A,Criminal damage and arson,Investigation complete; no suspect identified,
0b506d5522ccbb6264d52ad569614194a0be38cdabad44e270bd51886d9d8ff4,2015-12,Surrey Police,Northumbria Police,-1.425390,54.961598,On or near Moreland Road,E01008688,South Tyneside 019A,Criminal damage and arson,Under investigation,
685b79dd94f731ec239ab3deb41cdf9b6e328202227fb62425db0fc5a6822ea7,2015-12,Surrey Police,Northumbria Police,-1.426138,54.960577,On or near Horton Avenue,E01008688,South Tyneside 019A,Drugs,Offender given a caution,
c78af7356032e70f61e50111145d071ced5ade14b71c4fb74d6cfd65fb326f4a,2015-12,Surrey Police,Northumbria Police,-1.428472,54.962340,On or near Nash Avenue,E01008688,South Tyneside 019A,Other theft,Under investigation,
7d62b45a14a9e04afa194628c5a772a6c357ef5b1d72891f7ee11917c208cc46,2015-12,Surrey Police,Northumbria Police,-1.428472,54.962340,On or near Nash Avenue,E01008688,South Tyneside 019A,Vehicle crime,Investigation complete; no suspect identified,
928d25a4a7f793c6a525d5604d57badcf09c36406c44326f9ba52e4d5b2be552,2015-12,Surrey Police,Northumbria Police,-1.428472,54.962340,On or near Nash Avenue,E01008688,South Tyneside 019A,Violence and sexual offences,Under investigation,
4427972ddf177b8b1da0914a413a955a3fea7caba303309cd409ac79cb3144b8,2015-12,Surrey Police,Northumbria Police,-1.428472,54.962340,On or near Nash Avenue,E01008688,South Tyneside 019A,Violence and sexual offences,Under investigation,
146a10c016a9ee20c7970e100ebe662b4721a90f641465f2b38a3d67ed384e04,2015-12,Surrey Police,Northumbria Police,-1.428472,54.962340,On or near Nash Avenue,E01008688,South Tyneside 019A,Violence and sexual offences,Investigation complete; no suspect identified,
,2015-12,Surrey Police,Northumbria Police,-1.429203,54.957015,On or near Raeburn Road,E01008689,South Tyneside 019B,Anti-social behaviour,,
,2015-12,Surrey Police,Northumbria Police,-1.436245,54.960444,On or near Raphael Avenue,E01008689,South Tyneside 019B,Anti-social behaviour,,
d6a2e71d5c78b2187c901bba703318cfd4495e8c6860c585022a2ec90f38b387,2015-12,Surrey Police,Northumbria Police,-1.433036,54.959800,On or near Hogarth Road,E01008689,South Tyneside 019B,Burglary,Investigation complete; no suspect identified,
661bcbdff7567badccb47bc9b99ea7a5008de28355a3f78b89dc361a1a1883f8,2015-12,Surrey Police,Northumbria Police,-1.429730,54.958383,On or near Sutherland Court,E01008689,South Tyneside 019B,Criminal damage and arson,Under investigation,
38afdba891d2ce367eeea9db33471ff4ef9edb332d7472d9c09835489126b4de,2015-12,Surrey Police,Northumbria Police,-1.432104,54.958358,On or near Copley Avenue,E01008689,South Tyneside 019B,Shoplifting,Offender given a caution,
22097ead5ca87b763d45516b8f82ac06a4bc270cda5a090521a18c85dabb867f,2015-12,Surrey Police,Northumbria Police,-1.432104,54.958358,On or near Copley Avenue,E01008689,South Tyneside 019B,Shoplifting,Awaiting court outcome,
41a8fe9f311dd1ab9037e80a5a18c4aa2b2d5be5ac855e799afd1ffc84b65f67,2015-12,Surrey Police,Northumbria Police,-1.432104,54.958358,On or near Copley Avenue,E01008689,South Tyneside 019B,Shoplifting,Offender given a caution,
64228a5991475b631d0f7fe599865f5c43042c10d992eaf010a177d8d1f3a0a9,2015-12,Surrey Police,Northumbria Police,-1.431183,54.959468,On or near Whiteleas Way,E01008689,South Tyneside 019B,Violence and sexual offences,Under investigation,
a632959292c820b29ae1970182f4ac952415308558e3bd30eff1a6caffeaea28,2015-12,Surrey Police,Northumbria Police,-1.429730,54.958383,On or near Sutherland Court,E01008689,South Tyneside 019B,Violence and sexual offences,Investigation complete; no suspect identified,
2bc685da378e3bf1581a30e4089a8656ca44d1686bc873718cda0a13e06938a6,2015-12,Surrey Police,Northumbria Police,-1.429730,54.958383,On or near Sutherland Court,E01008689,South Tyneside 019B,Other crime,Under investigation,
,2015-12,Surrey Police,Northumbria Police,-1.427405,54.957195,On or near Renoir Gardens,E01008690,South Tyneside 019C,Anti-social behaviour,,
,2015-12,Surrey Police,Northumbria Police,-1.424941,54.959151,On or near Sargent Avenue,E01008690,South Tyneside 019C,Anti-social behaviour,,
,2015-12,Surrey Police,Northumbria Police,-1.428287,54.961054,On or near Gainsborough Avenue,E01008690,South Tyneside 019C,Anti-social behaviour,,
,2015-12,Surrey Police,Northumbria Police,-1.427304,54.956583,On or near Landseer Gardens,E01008690,South Tyneside 019C,Anti-social behaviour,,
68f56b3830d111ec1013eabd46b839d3d891038794bb7d1099833bb2f45a3eaa,2015-12,Surrey Police,Northumbria Police,-1.424941,54.959151,On or near Sargent Avenue,E01008690,South Tyneside 019C,Burglary,Investigation complete; no suspect identified,
6df1ab36171a6a04963c8018e51639aa25b3ee14088f95aa33e92ae645887967,2015-12,Surrey Police,Northumbria Police,-1.427304,54.956583,On or near Landseer Gardens,E01008690,South Tyneside 019C,Burglary,Under investigation,
73e58d467203fa5b9329ad7d887222b9fe61978deb488afc87651052d527becc,2015-12,Surrey Police,Northumbria Police,-1.427405,54.957195,On or near Renoir Gardens,E01008690,South Tyneside 019C,Criminal damage and arson,Investigation complete; no suspect identified,
19a178bea09a487666c7f0abc8f319a5baedbd495f81f013992cd5bcf7dda8f4,2015-12,Surrey Police,Northumbria Police,-1.427304,54.956583,On or near Landseer Gardens,E01008690,South Tyneside 019C,Public order,Offender sent to prison,
a4951001e8a1599d077d9f5f7f7292fc04036cbdec39fa71fe62b294a6d364ef,2015-12,Surrey Police,Northumbria Police,-1.427304,54.956583,On or near Landseer Gardens,E01008690,South Tyneside 019C,Public order,Offender sent to prison,
7fe813e62002c27c28b566b511b985d99f09586c7a885be77e82b357b62783c7,2015-12,Surrey Police,Northumbria Police,-1.427304,54.956583,On or near Landseer Gardens,E01008690,South Tyneside 019C,Violence and sexual offences,Awaiting court outcome,
b9a6c00f2f8cafaf60b4fec798bd71d208421779d081244bcc364c41752d894f,2015-12,Surrey Police,Northumbria Police,-1.426597,54.958000,On or near Rodin Avenue,E01008690,South Tyneside 019C,Violence and sexual offences,Investigation complete; no suspect identified,
,2015-12,Surrey Police,Northumbria Police,-1.419039,54.960130,On or near Holder House Way,E01008691,South Tyneside 019D,Anti-social behaviour,,
43c213d75afa3d3b9bce7e92aeb4633c7577b9ae02fc993ab347aabcdb57a182,2015-12,Surrey Police,Northumbria Police,-1.425108,54.962738,On or near Soane Gardens,E01008691,South Tyneside 019D,Burglary,Investigation complete; no suspect identified,
c314a9a258f702f2484d15228b75eb9a870b1623a70629140f9b58c72e47a3ae,2015-12,Surrey Police,Northumbria Police,-1.425108,54.962738,On or near Soane Gardens,E01008691,South Tyneside 019D,Criminal damage and arson,Investigation complete; no suspect identified,
cc1b300b4e9c809e71c65f52d89a801b36abb9946f5dff425d7a1891539d3ba0,2015-12,Surrey Police,Northumbria Police,-1.419039,54.960130,On or near Holder House Way,E01008691,South Tyneside 019D,Criminal damage and arson,Investigation complete; no suspect identified,
5f265af64e935dc3dfa97420a80520e99c3f8920d03940c7bfbfda015815342f,2015-12,Surrey Police,Northumbria Police,-1.419039,54.960130,On or near Holder House Way,E01008691,South Tyneside 019D,Criminal damage and arson,Investigation complete; no suspect identified,
6dc45363009162d14e89866a2eab70148aacb6de7c6fc1c6515d03332516b1c5,2015-12,Surrey Police,Northumbria Police,-1.425108,54.962738,On or near Soane Gardens,E01008691,South Tyneside 019D,Criminal damage and arson,Investigation complete; no suspect identified,
73c209947319dd4383f7ff9f981c7987068d48733a740cc48818c6248c9d9f26,2015-12,Surrey Police,Northumbria Police,-1.423729,54.960844,On or near Sandalwood,E01008691,South Tyneside 019D,Other theft,Offender given a caution,
4f84de12ecf27aaa1bcd6dc00d05e9bc030943d44a3dae6242ae1041f2c3716e,2015-12,Surrey Police,Northumbria Police,-1.419039,54.960130,On or near Holder House Way,E01008691,South Tyneside 019D,Other theft,Investigation complete; no suspect identified,
3c338e5b860c67258d08aa531c51d7435b3d9e4b82fed9c6b98c3c03a06e9135,2015-12,Surrey Police,Northumbria Police,-1.420256,54.964530,On or near Sports/Recreation Area,E01008691,South Tyneside 019D,Public order,Court case unable to proceed,
,2015-12,Surrey Police,Northumbria Police,-1.428978,54.964059,On or near Lawrence Avenue,E01008692,South Tyneside 019E,Anti-social behaviour,,
,2015-12,Surrey Police,Northumbria Police,-1.435014,54.962451,On or near Sports/Recreation Area,E01008692,South Tyneside 019E,Anti-social behaviour,,
,2015-12,Surrey Police,Northumbria Police,-1.435150,54.961652,On or near Galsworthy Road,E01008692,South Tyneside 019E,Anti-social behaviour,,
1b69a14931ce0806080c541f938c21af1645ecb829e2970b413149522986b301,2015-12,Surrey Police,Northumbria Police,-1.435973,54.964199,On or near Percy Scott Street,E01008692,South Tyneside 019E,Burglary,Investigation complete; no suspect identified,
6d9854b1833cb789703052c45b04a1292b01cc7d5f04c4d9d91534c4075f72af,2015-12,Surrey Police,Northumbria Police,-1.435150,54.961652,On or near Galsworthy Road,E01008692,South Tyneside 019E,Burglary,Investigation complete; no suspect identified,
c8ff469abd3a5fe6a9d24327d855f43e99260420fadf43b5f8ca8696d5717a88,2015-12,Surrey Police,Northumbria Police,-1.435773,54.962886,On or near Gerald Street,E01008692,South Tyneside 019E,Criminal damage and arson,Investigation complete; no suspect identified,
52b08c95b20b76de4333927a51a00ca3c1fd9c6f7cfeab6ebe37266c878afe5a,2015-12,Surrey Police,Northumbria Police,-1.435773,54.962886,On or near Gerald Street,E01008692,South Tyneside 019E,Criminal damage and arson,Investigation complete; no suspect identified,
e12ba07f83fc118a681b89795a622dccf4786cfc329fe4c23fdb0e7d33f0867a,2015-12,Surrey Police,Northumbria Police,-1.428978,54.964059,On or near Lawrence Avenue,E01008692,South Tyneside 019E,Criminal damage and arson,Investigation complete; no suspect identified,
05883a652be8478389dffb5deead7ff8428bec8b38b643f03c3bd075d037cbb3,2015-12,Surrey Police,Northumbria Police,-1.435014,54.962451,On or near Sports/Recreation Area,E01008692,South Tyneside 019E,Criminal damage and arson,Investigation complete; no suspect identified,
457a76fca6d7781bbea684f15a8885732716a90048bb9ff16e3d4cd49544d051,2015-12,Surrey Police,Northumbria Police,-1.435773,54.962886,On or near Gerald Street,E01008692,South Tyneside 019E,Criminal damage and arson,Investigation complete; no suspect identified,
5cec5c1716653cc655185ed07ca81afa2abbd3edffcf49108639eb5d8feab9fa,2015-12,Surrey Police,Northumbria Police,-1.435773,54.962886,On or near Gerald Street,E01008692,South Tyneside 019E,Criminal damage and arson,Investigation complete; no suspect identified,
3b7ccf7c0a116b208624328b18140170a726634433088c3d0d2fd0767f1e4b13,2015-12,Surrey Police,Northumbria Police,-1.435150,54.961652,On or near Galsworthy Road,E01008692,South Tyneside 019E,Other theft,Under investigation,
61f3164128f2b0d6a9342f98d288f147cc2c35141894901940410e1e032a501d,2015-12,Surrey Police,Northumbria Police,-1.429923,54.964647,On or near Manet Gardens,E01008692,South Tyneside 019E,Other theft,Investigation complete; no suspect identified,
648edef1f08ee9c2835bec1afe68da874f8028ceaf9c38a1f29cc105d649306a,2015-12,Surrey Police,Northumbria Police,-1.429923,54.964647,On or near Manet Gardens,E01008692,South Tyneside 019E,Vehicle crime,Investigation complete; no suspect identified,
7464a9ac23ad290e56453ca2af23397d0183e6ca7ed524f9865a65a3e26b4f25,2015-12,Surrey Police,Northumbria Police,-1.435014,54.962451,On or near Sports/Recreation Area,E01008692,South Tyneside 019E,Violence and sexual offences,Under investigation,
8f7c90263d7f915a4a3980e44032a039121aee30565c9e4671e1239e2d26ef44,2015-12,Surrey Police,Northumbria Police,-1.435014,54.962451,On or near Sports/Recreation Area,E01008692,South Tyneside 019E,Violence and sexual offences,Under investigation,
a32e6b24abbcb6ffab05ca1661ee3bb2e1396b52665774e9a69b98ea7aebc2b8,2015-12,Surrey Police,Northumbria Police,-1.428978,54.964059,On or near Lawrence Avenue,E01008692,South Tyneside 019E,Violence and sexual offences,Under investigation,
2bd60f0129bed565ddd0a8a0078126104dd25dd5f22eb02e73fdd0f11167da1d,2015-12,Surrey Police,Northumbria Police,-1.435014,54.962451,On or near Sports/Recreation Area,E01008692,South Tyneside 019E,Violence and sexual offences,Under investigation,
,2015-12,Surrey Police,Northumbria Police,-1.495345,54.956282,On or near Leam Lane,E01008627,South Tyneside 020A,Anti-social behaviour,,
907621e619a640bac9f0fabf1c73f0fff460f301dc5b332a495946f66b67775a,2015-12,Surrey Police,Northumbria Police,-1.495345,54.956282,On or near Leam Lane,E01008627,South Tyneside 020A,Criminal damage and arson,Local resolution,
3dd90ff8d9352ae527a2a01977db55b6daa8511e216232ec95a8c2882257e62f,2015-12,Surrey Police,Northumbria Police,-1.495345,54.956282,On or near Leam Lane,E01008627,South Tyneside 020A,Violence and sexual offences,Under investigation,
,2015-12,Surrey Police,Northumbria Police,-1.475509,54.956612,On or near Hounslow Gardens,E01008628,South Tyneside 020B,Anti-social behaviour,,
,2015-12,Surrey Police,Northumbria Police,-1.478665,54.956491,On or near Broomfield,E01008628,South Tyneside 020B,Anti-social behaviour,,
,2015-12,Surrey Police,Northumbria Police,-1.475509,54.956612,On or near Hounslow Gardens,E01008628,South Tyneside 020B,Anti-social behaviour,,
,2015-12,Surrey Police,Northumbria Police,-1.478665,54.956491,On or near Broomfield,E01008628,South Tyneside 020B,Anti-social behaviour,,
,2015-12,Surrey Police,Northumbria Police,-1.477669,54.956199,On or near Ashfield,E01008628,South Tyneside 020B,Anti-social behaviour,,
,2015-12,Surrey Police,Northumbria Police,-1.477881,54.956703,On or near Heathway,E01008628,South Tyneside 020B,Anti-social behaviour,,
,2015-12,Surrey Police,Northumbria Police,-1.475509,54.956612,On or near Hounslow Gardens,E01008628,South Tyneside 020B,Anti-social behaviour,,
109aa2db481efbabab8521ce5561bae842b6f2a76a8d1cb37f821eb6e0640717,2015-12,Surrey Police,Northumbria Police,-1.480204,54.954574,On or near Parkfield,E01008628,South Tyneside 020B,Criminal damage and arson,Offender given conditional discharge,
0872dad05ccedc78b17666f1c12f509ccbcc01b5122512bb03473b598c407b31,2015-12,Surrey Police,Northumbria Police,-1.480204,54.954574,On or near Parkfield,E01008628,South Tyneside 020B,Vehicle crime,Investigation complete; no suspect identified,
a2ca1cdd33a7ae5d7288e4057a14d2c6a64e47b927463977a9f9d7ed1c7f3e1e,2015-12,Surrey Police,Northumbria Police,-1.477569,54.954311,On or near Chestnut Close,E01008628,South Tyneside 020B,Violence and sexual offences,Offender given a caution,
5942a148b05bb462ebd07bfb0f6e562826aed7cda371e11c4cf47fdfda76a1f7,2015-12,Surrey Police,Northumbria Police,-1.479320,54.955343,On or near Sandiacres,E01008628,South Tyneside 020B,Violence and sexual offences,Under investigation,
aafc5f11bf3a303e028d33d0ae5e287772c7bc97147f79795727c1f1b0e8cba9,2015-12,Surrey Police,Northumbria Police,-1.480191,54.956812,On or near Greenlands,E01008628,South Tyneside 020B,Violence and sexual offences,Investigation complete; no suspect identified,
915c6fe85610f55c9171e8d7babc91ba61932b0d2b09ec0f2efe2a8d9fbc7500,2015-12,Surrey Police,Northumbria Police,-1.477669,54.956199,On or near Ashfield,E01008628,South Tyneside 020B,Other crime,Under investigation,
,2015-12,Surrey Police,Northumbria Police,-1.508031,54.934039,On or near Follingsby Lane,E01008629,South Tyneside 020C,Anti-social behaviour,,
,2015-12,Surrey Police,Northumbria Police,-1.489239,54.955044,On or near Don Dixon Drive,E01008629,South Tyneside 020C,Anti-social behaviour,,
,2015-12,Surrey Police,Northumbria Police,-1.508031,54.934039,On or near Follingsby Lane,E01008629,South Tyneside 020C,Anti-social behaviour,,
f3369021cf75725c43d2f006af920c577d3b721c4e415b32ae860fa1e180251e,2015-12,Surrey Police,Northumbria Police,-1.485056,54.954900,On or near Deneside,E01008629,South Tyneside 020C,Criminal damage and arson,Offender given a caution,
5bad624668d0ee2573763c77de22c45aa993e714f93360ac8573021db6642ca3,2015-12,Surrey Police,Northumbria Police,-1.507872,54.954743,On or near Blue Sky Way,E01008629,South Tyneside 020C,Other theft,Awaiting court outcome,
619f93d6d9a15c01c8052edce23219e80643020b53196f12549e93bcc6e82a35,2015-12,Surrey Police,Northumbria Police,-1.515841,54.945169,On or near A194(M),E01008629,South Tyneside 020C,Other theft,Under investigation,
a52fd03ea29359db559a4caf39807db6e01abfd6afac5d5c5c7d642796649049,2015-12,Surrey Police,Northumbria Police,-1.515841,54.945169,On or near A194(M),E01008629,South Tyneside 020C,Other theft,Investigation complete; no suspect identified,
acdd7ae4a2391e98cde9187fbf994ed823dce2d757abaaa9687ec98f73b0d1c9,2015-12,Surrey Police,Northumbria Police,-1.485056,54.954900,On or near Deneside,E01008629,South Tyneside 020C,Public order,Offender given a caution,
50afeecfd6570ca66d20ae836f9efbfef6567f10e6e8deab56a8432198897980,2015-12,Surrey Police,Northumbria Police,-1.505865,54.954124,On or near Merchant Court,E01008629,South Tyneside 020C,Vehicle crime,Investigation complete; no suspect identified,
726a37da80c8b9353f3b7168114f42ebe904d7cabc080d771d713ad3c625fbf6,2015-12,Surrey Police,Northumbria Police,-1.485056,54.954900,On or near Deneside,E01008629,South Tyneside 020C,Violence and sexual offences,Under investigation,
4e84ed68b696d2ea4422a8f7355c889bb55c872c62ac7dd478c762a307c167a8,2015-12,Surrey Police,Northumbria Police,-1.484203,54.952021,On or near Limecroft,E01008629,South Tyneside 020C,Violence and sexual offences,Under investigation,
6ceede2f5dae439f572f5320779821671fb4ff9966918ef5e52e27f97f3d078f,2015-12,Surrey Police,Northumbria Police,-1.485056,54.954900,On or near Deneside,E01008629,South Tyneside 020C,Violence and sexual offences,Offender given a caution,
60a6fb4a72faaae2738a8dd13543aa9fad5b83652d4dc96f568808d8e00c4ee1,2015-12,Surrey Police,Northumbria Police,-1.489065,54.951529,On or near The Glade,E01008629,South Tyneside 020C,Violence and sexual offences,Under investigation,
,2015-12,Surrey Police,Northumbria Police,-1.476770,54.950911,On or near Foxhomes,E01008630,South Tyneside 020D,Anti-social behaviour,,
8a55b32d7ae230f596334fed925e1760cfbad00f7ff6547af930552da2451af8,2015-12,Surrey Police,Northumbria Police,-1.475566,54.952218,On or near Southlands,E01008630,South Tyneside 020D,Criminal damage and arson,Investigation complete; no suspect identified,
b5ea4ff019a396725f36b664381e10d1643edcfab730618eb0bb8272971d1ee1,2015-12,Surrey Police,Northumbria Police,-1.476770,54.950911,On or near Foxhomes,E01008630,South Tyneside 020D,Violence and sexual offences,Investigation complete; no suspect identified,
,2015-12,Surrey Police,Northumbria Police,-1.450640,54.948109,On or near Shelley Avenue,E01008610,South Tyneside 021A,Anti-social behaviour,,
fdf915d56768ad8a1a016338f48caf11ec46f6b8379aedabfbd18118fe5b1f57,2015-12,Surrey Police,Northumbria Police,-1.453817,54.945248,On or near Prospect Gardens,E01008610,South Tyneside 021A,Criminal damage and arson,Investigation complete; no suspect identified,
9b92382bd2dd171995505f26abed2246a4f784a50cdb6f2b5829b770f02ec476,2015-12,Surrey Police,Northumbria Police,-1.455180,54.948309,On or near Sidney Street,E01008610,South Tyneside 021A,Other theft,Investigation complete; no suspect identified,
acd76925690a1ccbc937c374d368fa7736c4fcf3a0921d6cd4e6118a57ca7a2a,2015-12,Surrey Police,Northumbria Police,-1.453843,54.949076,On or near Ernest Street,E01008610,South Tyneside 021A,Public order,Investigation complete; no suspect identified,
a89cf43f0fe5de90567450663d90ae6e581363cc8d9ee41507245b603a1a2ab9,2015-12,Surrey Police,Northumbria Police,-1.453843,54.949076,On or near Ernest Street,E01008610,South Tyneside 021A,Public order,Under investigation,
4e901eab64a3a9d125add73b621f19aae2ba684e147035603396c8dd1ecf2e36,2015-12,Surrey Police,Northumbria Police,-1.450703,54.949215,On or near Byron Avenue,E01008610,South Tyneside 021A,Violence and sexual offences,Awaiting court outcome,
,2015-12,Surrey Police,Northumbria Police,-1.467014,54.948344,On or near Dunelm Grange,E01008611,South Tyneside 021B,Anti-social behaviour,,
,2015-12,Surrey Police,Northumbria Police,-1.467487,54.952731,On or near Hedworth Lane,E01008611,South Tyneside 021B,Anti-social behaviour,,
,2015-12,Surrey Police,Northumbria Police,-1.467014,54.948344,On or near Dunelm Grange,E01008611,South Tyneside 021B,Anti-social behaviour,,
,2015-12,Surrey Police,Northumbria Police,-1.467487,54.952731,On or near Hedworth Lane,E01008611,South Tyneside 021B,Anti-social behaviour,,
426aa2e43ce03c2ddd40938858d23f73394e16115d3baf0529d89c917daebe51,2015-12,Surrey Police,Northumbria Police,-1.465918,54.952104,On or near Davison Street,E01008611,South Tyneside 021B,Burglary,Investigation complete; no suspect identified,
62dd75952aefb7149225516254f980a52440377fdcf3cc97c0c0cd9339b0292f,2015-12,Surrey Police,Northumbria Police,-1.469417,54.952047,On or near Fawley Close,E01008611,South Tyneside 021B,Other theft,Under investigation,
,2015-12,Surrey Police,Northumbria Police,-1.461983,54.953300,On or near Hutton Street,E01008612,South Tyneside 021C,Anti-social behaviour,,
84e2e63d9d9b71eba2cdeb97f2f793f57d5e08f4885a4cee1832c263e85a1362,2015-12,Surrey Police,Northumbria Police,-1.468900,54.956898,On or near Brockhampton Close,E01008612,South Tyneside 021C,Other theft,Investigation complete; no suspect identified,
,2015-12,Surrey Police,Northumbria Police,-1.461242,54.949199,On or near Hubert Street,E01008613,South Tyneside 021D,Anti-social behaviour,,
,2015-12,Surrey Police,Northumbria Police,-1.461006,54.948110,On or near North Road,E01008613,South Tyneside 021D,Anti-social behaviour,,
,2015-12,Surrey Police,Northumbria Police,-1.461242,54.949199,On or near Hubert Street,E01008613,South Tyneside 021D,Anti-social behaviour,,
,2015-12,Surrey Police,Northumbria Police,-1.461242,54.949199,On or near Hubert Street,E01008613,South Tyneside 021D,Anti-social behaviour,,
,2015-12,Surrey Police,Northumbria Police,-1.460001,54.946255,On or near Lawson Court,E01008613,South Tyneside 021D,Anti-social behaviour,,
,2015-12,Surrey Police,Northumbria Police,-1.461006,54.948110,On or near North Road,E01008613,South Tyneside 021D,Anti-social behaviour,,
,2015-12,Surrey Police,Northumbria Police,-1.461242,54.949199,On or near Hubert Street,E01008613,South Tyneside 021D,Anti-social behaviour,,
83d5cc1a143785f33e0e86bb9e61800b669c0b9a2a9d774a114f3ed45bd15343,2015-12,Surrey Police,Northumbria Police,-1.462486,54.948395,On or near Parking Area,E01008613,South Tyneside 021D,Bicycle theft,Investigation complete; no suspect identified,
eae89429ee683f24426a2e23c31a2671204b82550d7aa8329c660bf0186cbb55,2015-12,Surrey Police,Northumbria Police,-1.461006,54.948110,On or near North Road,E01008613,South Tyneside 021D,Criminal damage and arson,Under investigation,
83c521a461fbf43cfb604b5f269ec4145eee29799f669818c22aebdbd02c26e1,2015-12,Surrey Police,Northumbria Police,-1.462486,54.948395,On or near Parking Area,E01008613,South Tyneside 021D,Drugs,Offender deprived of property,
41a5e385fb80d2dcf854ceda642c9319ae50ccde611febafdf8062a7e49459eb,2015-12,Surrey Police,Northumbria Police,-1.462486,54.948395,On or near Parking Area,E01008613,South Tyneside 021D,Other theft,Investigation complete; no suspect identified,
829a34270a95976193e728bd4b2a3fb270c6d06677fc716b07ddbe0ae7158685,2015-12,Surrey Police,Northumbria Police,-1.464780,54.949637,On or near Sports/Recreation Area,E01008613,South Tyneside 021D,Other theft,Under investigation,
4056a0faa1f1cb8874213a4b84e400cbbb53bdaee08b9c8f23c5819ffde63fcc,2015-12,Surrey Police,Northumbria Police,-1.462486,54.948395,On or near Parking Area,E01008613,South Tyneside 021D,Other theft,Under investigation,
fc267fdff7203c6dfad575823dbbed326fbb89254dd90d76ac68a00025d83114,2015-12,Surrey Police,Northumbria Police,-1.462486,54.948395,On or near Parking Area,E01008613,South Tyneside 021D,Other theft,Investigation complete; no suspect identified,
bdf397cf4e35b58b43b40380ecedcb8bc32168614bfa532cf0b710fc51c47d25,2015-12,Surrey Police,Northumbria Police,-1.464780,54.949637,On or near Sports/Recreation Area,E01008613,South Tyneside 021D,Other theft,Investigation complete; no suspect identified,
e8a93420d7d0688611c7798e075a468f73b03a9b271b934dcb5f0bd9fe18df63,2015-12,Surrey Police,Northumbria Police,-1.459874,54.949867,On or near Gibson Court,E01008613,South Tyneside 021D,Public order,Under investigation,
381a946b3036192e934cec3e2fdb9537e07e2d78dae07a3a858cac3dbbfd3a1e,2015-12,Surrey Police,Northumbria Police,-1.462486,54.948395,On or near Parking Area,E01008613,South Tyneside 021D,Public order,Under investigation,
003e31d498ff0282e41008690e640ba4d67b197f09b385a71ccc39f41cf091ea,2015-12,Surrey Police,Northumbria Police,-1.461006,54.948110,On or near North Road,E01008613,South Tyneside 021D,Public order,Under investigation,
c2c783ffc27339a35a7916555df969141a40b5ba9608de6fb1b83246a6283435,2015-12,Surrey Police,Northumbria Police,-1.461006,54.948110,On or near North Road,E01008613,South Tyneside 021D,Public order,Under investigation,
f4776d79714a6c7695d1c28646b6d902d3c0b6774615439236809f8f15b9feb9,2015-12,Surrey Police,Northumbria Police,-1.464780,54.949637,On or near Sports/Recreation Area,E01008613,South Tyneside 021D,Public order,Local resolution,
b79dd3a82a1e0f340c1b5af62fdcb0c42a5825c6c402851d8d40608d59da62c1,2015-12,Surrey Police,Northumbria Police,-1.462486,54.948395,On or near Parking Area,E01008613,South Tyneside 021D,Shoplifting,Investigation complete; no suspect identified,
5d147f16b364facaedfc75035b4cbfa5acf8c4fe7078a532012899dc1864e4ef,2015-12,Surrey Police,Northumbria Police,-1.462486,54.948395,On or near Parking Area,E01008613,South Tyneside 021D,Shoplifting,Investigation complete; no suspect identified,
a6d15c842915ce771aa003187156e0a491459a3d48d403d3fedee15503d2f2e6,2015-12,Surrey Police,Northumbria Police,-1.462486,54.948395,On or near Parking Area,E01008613,South Tyneside 021D,Shoplifting,Awaiting court outcome,
e86ad3d58e91dc01cefa0eccfd5e644104d50a3c86c8d9b12caf897336cb6a5b,2015-12,Surrey Police,Northumbria Police,-1.462486,54.948395,On or near Parking Area,E01008613,South Tyneside 021D,Shoplifting,Investigation complete; no suspect identified,
0108d000ad26615cfebb00c37e61cb37ce564b014c58a6c6c5adc5b8a3a07bc1,2015-12,Surrey Police,Northumbria Police,-1.462486,54.948395,On or near Parking Area,E01008613,South Tyneside 021D,Shoplifting,Under investigation,
8a4b7b00031aeb87f788077c494942e6b97bcd4cdf6bfb0fda62eb7bc250421e,2015-12,Surrey Police,Northumbria Police,-1.462486,54.948395,On or near Parking Area,E01008613,South Tyneside 021D,Shoplifting,Investigation complete; no suspect identified,
f0597b42134e9e21c5712380bfdaa47e0e14a4476977c91e2f0289f631694564,2015-12,Surrey Police,Northumbria Police,-1.462486,54.948395,On or near Parking Area,E01008613,South Tyneside 021D,Shoplifting,Investigation complete; no suspect identified,
33a4e825bb2776b86c0526ec4fc6aa82312d397a5e30a9a83ab3a17ce40a775b,2015-12,Surrey Police,Northumbria Police,-1.462486,54.948395,On or near Parking Area,E01008613,South Tyneside 021D,Shoplifting,Under investigation,
ddbffc891afb2b87acba87850aae537660a653ceaf3b1bc77506887c0c225014,2015-12,Surrey Police,Northumbria Police,-1.462486,54.948395,On or near Parking Area,E01008613,South Tyneside 021D,Shoplifting,Investigation complete; no suspect identified,
7d6331f45e2634f8ac1b294ad92542cea7471bc4e570fc21058acb0df2b38fa6,2015-12,Surrey Police,Northumbria Police,-1.462486,54.948395,On or near Parking Area,E01008613,South Tyneside 021D,Shoplifting,Investigation complete; no suspect identified,
576217138ea2e299279449377dcb4f6a1c57affdca8a4754e035a815cd8752b6,2015-12,Surrey Police,Northumbria Police,-1.462486,54.948395,On or near Parking Area,E01008613,South Tyneside 021D,Shoplifting,Offender given conditional discharge,
a5efcca3947068d4989667f69e98b82361dc18bb4c5d870c21fd0596c73a621b,2015-12,Surrey Police,Northumbria Police,-1.462486,54.948395,On or near Parking Area,E01008613,South Tyneside 021D,Shoplifting,Investigation complete; no suspect identified,
146e99fea16b676c73697effec4342f5b5d8b6fd72a6122aee5296655c341016,2015-12,Surrey Police,Northumbria Police,-1.462486,54.948395,On or near Parking Area,E01008613,South Tyneside 021D,Shoplifting,Awaiting court outcome,
d53705a397a22c1114bfa98c5721a5cbc484601080da24aad14435343f763819,2015-12,Surrey Police,Northumbria Police,-1.462486,54.948395,On or near Parking Area,E01008613,South Tyneside 021D,Shoplifting,Under investigation,
6099553e09452a88c0a007b40ecb8aa801e693738de610f800e017bbeca380bf,2015-12,Surrey Police,Northumbria Police,-1.463009,54.948946,On or near B1298,E01008613,South Tyneside 021D,Violence and sexual offences,Under investigation,
01c3d7cf411f846b16baf9b24d6c1ee9249eef3e3ee66253a5b5743d291f2de6,2015-12,Surrey Police,Northumbria Police,-1.459607,54.947700,On or near Arnold Street,E01008613,South Tyneside 021D,Violence and sexual offences,Awaiting court outcome,
1b2d0783dc89eba0ad2267f77744a2cc39e0f7e28d0bc26631988354119a3711,2015-12,Surrey Police,Northumbria Police,-1.461242,54.949199,On or near Hubert Street,E01008613,South Tyneside 021D,Violence and sexual offences,Under investigation,
a258ca22b90c9c493748b4c68a51be26748af4b67dc0e325cfc0456fbefac6f4,2015-12,Surrey Police,Northumbria Police,-1.459607,54.947700,On or near Arnold Street,E01008613,South Tyneside 021D,Violence and sexual offences,Awaiting court outcome,
0d5efe1da3fdb44f51cfccd88a19f5eda2b68897082c5fc2daafff917fce1391,2015-12,Surrey Police,Northumbria Police,-1.464780,54.949637,On or near Sports/Recreation Area,E01008613,South Tyneside 021D,Violence and sexual offences,Investigation complete; no suspect identified,
b49f9a044160a957592976078e83f6fe6f7a8b9be314bc692e2965d736cadabc,2015-12,Surrey Police,Northumbria Police,-1.459607,54.947700,On or near Arnold Street,E01008613,South Tyneside 021D,Violence and sexual offences,Under investigation,
75535937175581aa1449600db9ea837380678678965e721de7f341846c6d99e8,2015-12,Surrey Police,Northumbria Police,-1.423875,54.946287,On or near Bede Terrace,E01008616,South Tyneside 022A,Other theft,Investigation complete; no suspect identified,
64b4868a111da602aee41308bbac107368ba4b0a10e711f59a7ae27eaaaaf94c,2015-12,Surrey Police,Northumbria Police,-1.427759,54.946539,On or near The Hawthorns,E01008616,South Tyneside 022A,Vehicle crime,Investigation complete; no suspect identified,
414f349dccf3ca3a0a9948ec7615176c9f699e191dc6e5125720698b679c336b,2015-12,Surrey Police,Northumbria Police,-1.429879,54.955598,On or near Whiteleas Way,E01008616,South Tyneside 022A,Violence and sexual offences,Under investigation,
28fde7cfad50e484ed8f71f66d9e632a1aea202d1cca00f7ae9fc4902260947e,2015-12,Surrey Police,Northumbria Police,-1.428142,54.943728,On or near Whitburn Terrace,E01008616,South Tyneside 022A,Violence and sexual offences,Investigation complete; no suspect identified,
,2015-12,Surrey Police,Northumbria Police,-1.406770,54.949143,On or near Charlton Grove,E01008618,South Tyneside 022B,Anti-social behaviour,,
109044634aca296fc265fee536592af8d12ea83695a630fa362bed4b71af164e,2015-12,Surrey Police,Northumbria Police,-1.403326,54.946592,On or near Moorfield Gardens,E01008618,South Tyneside 022B,Criminal damage and arson,Investigation complete; no suspect identified,
2517027bb3beb7d5b32ba033fb3ca2508d552df286eb162577792a12291fb20d,2015-12,Surrey Police,Northumbria Police,-1.399560,54.949925,On or near West Farm Road,E01008618,South Tyneside 022B,Other theft,Investigation complete; no suspect identified,
f5ede57e67828d60a485dd43026539b4198991594dab1de9004c7162e1b30e13,2015-12,Surrey Police,Northumbria Police,-1.400112,54.946450,On or near West Meadows Drive,E01008618,South Tyneside 022B,Other theft,Under investigation,
07e5ff6675b662322cfcbdaf64bc35e80c2104c218c1add72cc059cf62b857e0,2015-12,Surrey Police,Northumbria Police,-1.403326,54.946592,On or near Moorfield Gardens,E01008618,South Tyneside 022B,Violence and sexual offences,Offender given a caution,
,2015-12,Surrey Police,Northumbria Police,-1.394526,54.947267,On or near Sunderland Road,E01008619,South Tyneside 022C,Anti-social behaviour,,
6c1799ed0cefa7d8b858f72cf359a31f927db107217af5c01bd5d56dbcf6d0a9,2015-12,Surrey Police,Northumbria Police,-1.389209,54.946818,On or near Moor Lane,E01008619,South Tyneside 022C,Criminal damage and arson,Under investigation,
6d814fba39d5855d6a3a9a269cb48277d59ee8e065d4a24c25c63b7ecaeacb79,2015-12,Surrey Police,Northumbria Police,-1.399838,54.954330,On or near Shields Road,E01008619,South Tyneside 022C,Criminal damage and arson,Investigation complete; no suspect identified,
4b1d87bc3dc0769910afd075e856537c571d9f377604a360998bf59fcce9a1ed,2015-12,Surrey Police,Northumbria Police,-1.401507,54.954482,On or near Front Street,E01008619,South Tyneside 022C,Criminal damage and arson,Investigation complete; no suspect identified,
f40bfc1eb039c89397ce0e681916aa5c421e15964e42b5a91f776f74f769c849,2015-12,Surrey Police,Northumbria Police,-1.400756,54.957740,On or near Sunniside Terrace,E01008619,South Tyneside 022C,Criminal damage and arson,Investigation complete; no suspect identified,
a9d296e4474e5d010800198e884f2075bd9405d711a9769c27836104d81239cc,2015-12,Surrey Police,Northumbria Police,-1.398759,54.954469,On or near Cleadon Lane,E01008619,South Tyneside 022C,Criminal damage and arson,Investigation complete; no suspect identified,
f5c33664bf57a1e07a6efc418df5f44d111a0d02fe3824aa8aed1cce3a72bb0e,2015-12,Surrey Police,Northumbria Police,-1.404152,54.951943,On or near Laburnum Grove,E01008619,South Tyneside 022C,Drugs,Investigation complete; no suspect identified,
2af30f2255a8659dc9e8ca62041e1c08fa05ffd55849d7d9556a6fb9bd942cf8,2015-12,Surrey Police,Northumbria Police,-1.411941,54.948899,On or near Bywell Road,E01008621,South Tyneside 022D,Other theft,Investigation complete; no suspect identified,
699d3dff4cba69e228f40050730c2581974c67ae41ae720e31dd146d9d07ddd7,2015-12,Surrey Police,Northumbria Police,-1.414552,54.951841,On or near Windsor Drive,E01008621,South Tyneside 022D,Public order,Investigation complete; no suspect identified,
2d43c374fd579344667d741a4d9f0731b2d9a1d83a0486ce0c8d6da8c29ca437,2015-12,Surrey Police,Northumbria Police,-1.441009,54.947975,On or near Keats Avenue,E01008614,South Tyneside 023A,Violence and sexual offences,Under investigation,
,2015-12,Surrey Police,Northumbria Police,-1.452626,54.943292,On or near The Folly,E01008615,South Tyneside 023B,Anti-social behaviour,,
,2015-12,Surrey Police,Northumbria Police,-1.446609,54.943759,On or near Alpine Grove,E01008615,South Tyneside 023B,Anti-social behaviour,,
4285fe4286772ff2fd134c58000e1e9978e997648ea25b85fe1e534f3dc09a31,2015-12,Surrey Police,Northumbria Police,-1.449931,54.942831,On or near Avondale Gardens,E01008615,South Tyneside 023B,Burglary,Investigation complete; no suspect identified,
2998e9995672c8a515a2c3d87c744bd7a025c6ef9f13f2c6466fb4681ba2bb1a,2015-12,Surrey Police,Northumbria Police,-1.445439,54.944832,On or near Pennine Grove,E01008615,South Tyneside 023B,Drugs,Awaiting court outcome,
9460cb95343f648941a832237027b9c466c0b91220ddb7473652eb5ca73fa575,2015-12,Surrey Police,Northumbria Police,-1.463340,54.944014,On or near Didcot Way,E01008615,South Tyneside 023B,Other theft,Investigation complete; no suspect identified,
371513901debf751b198b07fdf342f48f02d7403eff0122dda3e4bf00ae00b83,2015-12,Surrey Police,Northumbria Police,-1.455063,54.943114,On or near Rectory Bank,E01008615,South Tyneside 023B,Violence and sexual offences,Awaiting court outcome,
04b46a47ddda4c3ba23c0c0e7497345d04b36b2ad4e591219ebf3f23a27c4f55,2015-12,Surrey Police,Northumbria Police,-1.454174,54.943065,On or near St Nicholas Road,E01008615,South Tyneside 023B,Violence and sexual offences,Under investigation,
,2015-12,Surrey Police,Northumbria Police,-1.436132,54.946137,On or near North Road,E01008617,South Tyneside 023C,Anti-social behaviour,,
a849579225342f8190796ff4f00b924f652a29f49e4f23952a83c624bf2a115f,2015-12,Surrey Police,Northumbria Police,-1.436132,54.946137,On or near North Road,E01008617,South Tyneside 023C,Criminal damage and arson,Investigation complete; no suspect identified,
1bb69d3624cf656e5e732723e9c737a0cc2d49c7556d956e6eb9f683dbab6574,2015-12,Surrey Police,Northumbria Police,-1.429621,54.944004,On or near Gordon Drive,E01008617,South Tyneside 023C,Other theft,Investigation complete; no suspect identified,
25f01757af87110304c39a68197c3bd2a28b9d714af80127b18af3bd4fdcb445,2015-12,Surrey Police,Northumbria Police,-1.439387,54.946710,On or near Hardie Drive,E01008617,South Tyneside 023C,Public order,Under investigation,
29a45769d3a5992a0c5a4c4cf89ca5fbcd2e2007742b5baffa68669edd046a2e,2015-12,Surrey Police,Northumbria Police,-1.433706,54.946638,On or near Bowness Close,E01008617,South Tyneside 023C,Vehicle crime,Investigation complete; no suspect identified,
fcbeb32d1b535c900101e05c734b0eeafbe2c9e34b69673272ceafc9c65931c0,2015-12,Surrey Police,Northumbria Police,-1.431388,54.944938,On or near Grange Terrace,E01008617,South Tyneside 023C,Violence and sexual offences,Under investigation,
,2015-12,Surrey Police,Northumbria Police,-1.419921,54.945477,On or near Burnside,E01008620,South Tyneside 023D,Anti-social behaviour,,
,2015-12,Surrey Police,Northumbria Police,-1.421651,54.945710,On or near Glencourse,E01008620,South Tyneside 023D,Anti-social behaviour,,
,2015-12,Surrey Police,Northumbria Police,-1.420956,54.945176,On or near Coltere Avenue,E01008620,South Tyneside 023D,Anti-social behaviour,,
,2015-12,Surrey Police,Northumbria Police,-1.426204,54.948266,On or near Beckenham Avenue,E01008620,South Tyneside 023D,Anti-social behaviour,,
,2015-12,Surrey Police,Northumbria Police,-1.418797,54.942246,On or near Sports/Recreation Area,E01008620,South Tyneside 023D,Anti-social behaviour,,
4ad4a05ea47d52a7a4828dafc3db439829790b368a6010f8cd1298bdb4da02b3,2015-12,Surrey Police,Northumbria Police,-1.418749,54.950971,On or near West Drive,E01008620,South Tyneside 023D,Criminal damage and arson,Investigation complete; no suspect identified,
1a25b99247622a001a3ffb9de6170715078b7d71c55dd82b701a91cfd9aab0dc,2015-12,Surrey Police,Northumbria Police,-1.419922,54.947616,On or near Station Approach,E01008620,South Tyneside 023D,Criminal damage and arson,Investigation complete; no suspect identified,
a82784e2901f0e5cf021af8afd8a81c30a9ef4abceec6dcc357c46bbda2a0a7a,2015-12,Surrey Police,Northumbria Police,-1.430340,54.942884,On or near Hiram Drive,E01008620,South Tyneside 023D,Criminal damage and arson,Investigation complete; no suspect identified,
ae68f6fea501a918dfd5b21d11aea35aa19f4d07eea0a0e7175c9865ba224b97,2015-12,Surrey Police,Northumbria Police,-1.418749,54.950971,On or near West Drive,E01008620,South Tyneside 023D,Criminal damage and arson,Investigation complete; no suspect identified,
3395489d007111866091200d3c5ce727a1553ce2c56bdce5a65373f4a52a2b87,2015-12,Surrey Police,Northumbria Police,-1.421651,54.945710,On or near Glencourse,E01008620,South Tyneside 023D,Other theft,Investigation complete; no suspect identified,
e73913e3f76f526a8fa5d54fd489824311435b8eb1cd8aa720f8942afbcf7e6f,2015-12,Surrey Police,Northumbria Police,-1.409375,54.939666,On or near Race Track,E01008620,South Tyneside 023D,Theft from the person,Investigation complete; no suspect identified,
,2015-12,Surrey Police,Northumbria Police,-1.387212,54.927254,On or near Honister Drive,E01008713,Sunderland 001A,Anti-social behaviour,,
,2015-12,Surrey Police,Northumbria Police,-1.390260,54.932077,On or near Penrith Road,E01008713,Sunderland 001A,Anti-social behaviour,,
,2015-12,Surrey Police,Northumbria Police,-1.394741,54.930895,On or near Sports/Recreation Area,E01008713,Sunderland 001A,Anti-social behaviour,,
,2015-12,Surrey Police,Northumbria Police,-1.390260,54.932077,On or near Penrith Road,E01008713,Sunderland 001A,Anti-social behaviour,,
9de3cd4eef97823bf7a669938eb79b6509ab5ce85921c734bcbeb265e8bc31cc,2015-12,Surrey Police,Northumbria Police,-1.389100,54.930310,On or near Cairns Road,E01008713,Sunderland 001A,Burglary,Investigation complete; no suspect identified,
730d6571f2fb2bade4d4d00aaf458f26cdea05329d4ec94db35222cd1c9426e2,2015-12,Surrey Police,Northumbria Police,-1.393057,54.927706,On or near Broomshields Avenue,E01008713,Sunderland 001A,Other theft,Investigation complete; no suspect identified,
cfbf41cf1ad041e5c7067f625c82c398bb4d84a2be8c16aa4f7c58b9ab6a5b09,2015-12,Surrey Police,Northumbria Police,-1.390260,54.932077,On or near Penrith Road,E01008713,Sunderland 001A,Violence and sexual offences,Investigation complete; no suspect identified,
,2015-12,Surrey Police,Northumbria Police,-1.385908,54.932972,On or near Crummock Avenue,E01008722,Sunderland 001B,Anti-social behaviour,,
,2015-12,Surrey Police,Northumbria Police,-1.385908,54.932972,On or near Crummock Avenue,E01008722,Sunderland 001B,Anti-social behaviour,,
803138dd2576539ca57f6efa1fdc72e449c6c389786f91a372cf949a41dd334d,2015-12,Surrey Police,Northumbria Police,-1.384941,54.927755,On or near Marina Avenue,E01008722,Sunderland 001B,Burglary,Investigation complete; no suspect identified,
c3d005bf6004181c3bfc4a017e114d7103846af8159ca091a55a9d8501dc1a62,2015-12,Surrey Police,Northumbria Police,-1.386948,54.933292,On or near Martindale Avenue,E01008722,Sunderland 001B,Criminal damage and arson,Investigation complete; no suspect identified,
a5161a3578aee0d7f2b3c1b137bae955cdb0029ff295ddf8ef16dc11870770cd,2015-12,Surrey Police,Northumbria Police,-1.385908,54.932972,On or near Crummock Avenue,E01008722,Sunderland 001B,Violence and sexual offences,Investigation complete; no suspect identified,
,2015-12,Surrey Police,Northumbria Police,-1.387943,54.935624,On or near Threlkeld Grove,E01008724,Sunderland 001C,Anti-social behaviour,,
,2015-12,Surrey Police,Northumbria Police,-1.392928,54.936269,On or near Shields Road,E01008724,Sunderland 001C,Anti-social behaviour,,
231728e9fbb4f1b93855468d727b98bf606d3c285ca0d19766e5f2facf5a020e,2015-12,Surrey Police,Northumbria Police,-1.388576,54.936095,On or near Troutbeck Road,E01008724,Sunderland 001C,Other theft,Investigation complete; no suspect identified,
4efa9e48cf82430d83706ae5705794a5d683f28a09f4a670847dfedaf07cfac0,2015-12,Surrey Police,Northumbria Police,-1.387943,54.935624,On or near Threlkeld Grove,E01008724,Sunderland 001C,Violence and sexual offences,Under investigation,
4d7ef71c1ddd79e9c3a812f272200681ca008b4d52bdebf1d3a1cf15269cca98,2015-12,Surrey Police,Northumbria Police,-1.387943,54.935624,On or near Threlkeld Grove,E01008724,Sunderland 001C,Violence and sexual offences,Investigation complete; no suspect identified,
,2015-12,Surrey Police,Northumbria Police,-1.379987,54.930282,On or near Bower Street,E01008726,Sunderland 001D,Anti-social behaviour,,
702e49e37acf3e49b7c3f9c44cc2ff3021d985c59a49de97fae9ff66a2338af5,2015-12,Surrey Police,Northumbria Police,-1.377256,54.930322,On or near Sea Road,E01008726,Sunderland 001D,Other theft,Investigation complete; no suspect identified,
0bb5a14845a8fac10e298aad93a3b7edb2065c3b1abe37fdbb8a4130d369c5dc,2015-12,Surrey Police,Northumbria Police,-1.378422,54.930597,On or near Thorburn Street,E01008726,Sunderland 001D,Public order,Investigation complete; no suspect identified,
7a8129a7decb4a1a991f03cde3ef7072c2533f5e1da25f77e012bfff143f81d9,2015-12,Surrey Police,Northumbria Police,-1.380754,54.930133,On or near Whitburn Terrace,E01008726,Sunderland 001D,Shoplifting,Investigation complete; no suspect identified,
5f289479fdb1d95bdad0672b560226a1e3ea450baf46570cc6f0651b881114f4,2015-12,Surrey Police,Northumbria Police,-1.379987,54.930282,On or near Bower Street,E01008726,Sunderland 001D,Theft from the person,Under investigation,
2e68b8928cf5abbbb516d0d80854b4024b43f5ca999d50e642afd94b89536106,2015-12,Surrey Police,Northumbria Police,-1.385935,54.935236,On or near Torver Crescent,E01008726,Sunderland 001D,Vehicle crime,Investigation complete; no suspect identified,
4948d6d82288a6c6c683b7dbee5f747956042e5dacd834dfbc0506716470d8d9,2015-12,Surrey Police,Northumbria Police,-1.378822,54.931956,On or near Dartford Road,E01008726,Sunderland 001D,Violence and sexual offences,Under investigation,
ece63dff6f03ea9bd2d02e71512fadc23717413967c664bd85c12015b07b3cfd,2015-12,Surrey Police,Northumbria Police,-1.379421,54.931573,On or near Denham Avenue,E01008726,Sunderland 001D,Violence and sexual offences,Investigation complete; no suspect identified,
e696e2763ca55b515fcf102146d3c38bf02be00996b6c04d915f39e4d4324c1b,2015-12,Surrey Police,Northumbria Police,-1.381487,54.930173,On or near Dene Lane,E01008726,Sunderland 001D,Violence and sexual offences,Under investigation,
ae39fae3092ac42e5076aaa183304466e6a806ddee9fe3b888a3e766edb1ed7a,2015-12,Surrey Police,Northumbria Police,-1.379421,54.931573,On or near Denham Avenue,E01008726,Sunderland 001D,Violence and sexual offences,Under investigation,
,2015-12,Surrey Police,Northumbria Police,-1.371237,54.937004,On or near Petrol Station,E01008723,Sunderland 002A,Anti-social behaviour,,
,2015-12,Surrey Police,Northumbria Police,-1.371237,54.937004,On or near Petrol Station,E01008723,Sunderland 002A,Anti-social behaviour,,
ee4f540712fc779a9d0c606e2184297c8c23b6e868fba4e99b54b90962f20798,2015-12,Surrey Police,Northumbria Police,-1.371237,54.937004,On or near Petrol Station,E01008723,Sunderland 002A,Other theft,Investigation complete; no suspect identified,
36917d12697553f157c7129afc31aeec100e0be8ffd82c828c241e1771995d66,2015-12,Surrey Police,Northumbria Police,-1.369564,54.934173,On or near Kings Avenue,E01008723,Sunderland 002A,Public order,Investigation complete; no suspect identified,
7de9f8e845198e2ba8c476126df2eb708935f7b2999bf907bc85e847f2ee780f,2015-12,Surrey Police,Northumbria Police,-1.370834,54.937792,On or near Parking Area,E01008723,Sunderland 002A,Shoplifting,Under investigation,
973178d3dfe8af95f84864063b0403b56740e04787b4e57b27089d4101043cfd,2015-12,Surrey Police,Northumbria Police,-1.370834,54.937792,On or near Parking Area,E01008723,Sunderland 002A,Shoplifting,Offender sent to prison,
79ca5896d1f4b1dad2a2ba39dda1653c2e122c60bce6bb0f0b1a575969af57d9,2015-12,Surrey Police,Northumbria Police,-1.370834,54.937792,On or near Parking Area,E01008723,Sunderland 002A,Shoplifting,Offender given conditional discharge,
6f32f1df5748f2f460c29f8cb761c4e23c9c3cb9ea1791192af17d1ca6fe6756,2015-12,Surrey Police,Northumbria Police,-1.369564,54.934173,On or near Kings Avenue,E01008723,Sunderland 002A,Violence and sexual offences,Court case unable to proceed,
e3af8c5447f2f2ec403888d4b26ee5a0688fd6ecceedf0f3d934d35eef1f45ae,2015-12,Surrey Police,Northumbria Police,-1.369564,54.934173,On or near Kings Avenue,E01008723,Sunderland 002A,Violence and sexual offences,Awaiting court outcome,
91050aaacdcc0756a86d950895842e9b6aa188a5711006614c558b9a9c948a5f,2015-12,Surrey Police,Northumbria Police,-1.369564,54.934173,On or near Kings Avenue,E01008723,Sunderland 002A,Violence and sexual offences,Awaiting court outcome,
d897ab44e6d3593ea95833329cb40164dbe254c8c54475114c2bcda50e16c7b4,2015-12,Surrey Police,Northumbria Police,-1.369564,54.934173,On or near Kings Avenue,E01008723,Sunderland 002A,Violence and sexual offences,Awaiting court outcome,
d1a59db32c822f1facdf711474643efbb53e6ddbaca14c2cfd213052fb62ce98,2015-12,Surrey Police,Northumbria Police,-1.369564,54.934173,On or near Kings Avenue,E01008723,Sunderland 002A,Violence and sexual offences,Offender given suspended prison sentence,
a5f0123a4fe9f8960f3c91ab7e7391a3e5611b1273b16d5163d6313b8982f636,2015-12,Surrey Police,Northumbria Police,-1.369564,54.934173,On or near Kings Avenue,E01008723,Sunderland 002A,Other crime,Under investigation,
4bbf57ef8627ce234e9e1a62c522817ba67a96a75cc216d88c7d6e99dcbbb67b,2015-12,Surrey Police,Northumbria Police,-1.373845,54.932874,On or near Dunmore Avenue,E01008725,Sunderland 002B,Violence and sexual offences,Under investigation,
e96e5939d0c7d77a901c06cd1c4defe3c2bb68e20ac71d50c7595b69770a01b8,2015-12,Surrey Police,Northumbria Police,-1.372747,54.930236,On or near Mere Knolls Road,E01008725,Sunderland 002B,Violence and sexual offences,Investigation complete; no suspect identified,
,2015-12,Surrey Police,Northumbria Police,-1.376057,54.931115,On or near Chapman Street,E01008727,Sunderland 002C,Anti-social behaviour,,
,2015-12,Surrey Police,Northumbria Police,-1.380433,54.928711,On or near Lee Street,E01008727,Sunderland 002C,Anti-social behaviour,,
94c775190b7c4948560b41dbc92588931d6aea3cf70ec92a28a6a14e06b7127c,2015-12,Surrey Police,Northumbria Police,-1.375490,54.928452,On or near Lyn-Thorpe Grove,E01008727,Sunderland 002C,Burglary,Investigation complete; no suspect identified,
568eeeea34d057314f1979bab8f2e1080a4ae3c65362e01e4e7a5b09b1bb266c,2015-12,Surrey Police,Northumbria Police,-1.376192,54.927468,On or near Coley Terrace,E01008727,Sunderland 002C,Criminal damage and arson,Investigation complete; no suspect identified,
68373a5aa1b6b913c1a03a23d715670b027d83f5e2f373184231d1c89d19bcbd,2015-12,Surrey Police,Northumbria Police,-1.377259,54.929091,On or near Annie Street,E01008727,Sunderland 002C,Other theft,Under investigation,
2c4a6c9af0fa293c0c8427699eccaf847e756495b9d3be5d0fdb6c8a179e68a0,2015-12,Surrey Police,Northumbria Police,-1.372987,54.926840,On or near Holyoake Terrace,E01008727,Sunderland 002C,Violence and sexual offences,Offender given a caution,
2a39355230e6f28c650211c9f75556d2b417bc917e00f681fe13d6f7aeb8b47f,2015-12,Surrey Police,Northumbria Police,-1.373763,54.928138,On or near Winifred Street,E01008727,Sunderland 002C,Violence and sexual offences,Investigation complete; no suspect identified,
,2015-12,Surrey Police,Northumbria Police,-1.383407,54.926067,On or near Primrose Precinct,E01008728,Sunderland 002D,Anti-social behaviour,,
,2015-12,Surrey Police,Northumbria Police,-1.374802,54.927514,On or near Elvington Street,E01008728,Sunderland 002D,Anti-social behaviour,,
d0a8e9affd09a2c3dc307bab395647118756dd814fadc1f89591c2d233e3814a,2015-12,Surrey Police,Northumbria Police,-1.373801,54.926646,On or near Ellesmere Terrace,E01008728,Sunderland 002D,Criminal damage and arson,Local resolution,
f316b2a70a8f46cf20d0b1df8678708dc740463b1e15fca63cf687047f6a55fd,2015-12,Surrey Police,Northumbria Police,-1.382449,54.928488,On or near Mayswood Road,E01008728,Sunderland 002D,Other theft,Investigation complete; no suspect identified,
b21d029cca4f3c6c4296dc632d83e7a6044cc76791b1bf9e6cb84d7ff930815a,2015-12,Surrey Police,Northumbria Police,-1.382449,54.928488,On or near Mayswood Road,E01008728,Sunderland 002D,Shoplifting,Investigation complete; no suspect identified,
2ef63c16bb9d1b22c41c301bf7592ed46b65e05fa141ae73c489cc4373ddd1b2,2015-12,Surrey Police,Northumbria Police,-1.382679,54.924670,On or near Laburnum Road,E01008728,Sunderland 002D,Vehicle crime,Under investigation,
94f38dd3d776a7b3f5e74ea5128e6eba67cc0e5097b1c79ef38c950164adeb27,2015-12,Surrey Police,Northumbria Police,-1.371913,54.925693,On or near Park Gate,E01008792,Sunderland 002E,Other theft,Investigation complete; no suspect identified,
5ec1b3f531c3966d279518ef099248fa93a447a424fb7649e4aac9d68d7adde9,2015-12,Surrey Police,Northumbria Police,-1.371913,54.925693,On or near Park Gate,E01008792,Sunderland 002E,Violence and sexual offences,Investigation complete; no suspect identified,
,2015-12,Surrey Police,Northumbria Police,-1.455591,54.928289,On or near Berwick Avenue,E01008698,Sunderland 003A,Anti-social behaviour,,
,2015-12,Surrey Police,Northumbria Police,-1.451151,54.927793,On or near Bayswater Avenue,E01008698,Sunderland 003A,Anti-social behaviour,,
85bbd62d837fddbce399b22a4bef6f030a330367ae559afc3a40146e88877c98,2015-12,Surrey Police,Northumbria Police,-1.458927,54.926219,On or near Baltimore Square,E01008698,Sunderland 003A,Burglary,Investigation complete; no suspect identified,
2e45ee3b563853a2dd67f4172f3ca565b94bca4dbba4c4421ada84f2fcd69878,2015-12,Surrey Police,Northumbria Police,-1.456399,54.927385,On or near Bingley Street,E01008698,Sunderland 003A,Criminal damage and arson,Investigation complete; no suspect identified,
88129c7db4d11a66a6d4a04e8267b7e8e11491f1929bf7f6650f59bda378da63,2015-12,Surrey Police,Northumbria Police,-1.455429,54.925269,On or near Clovelly Road,E01008698,Sunderland 003A,Criminal damage and arson,Investigation complete; no suspect identified,
bdbddcf4ab32e4249e0a811a7328cc80ca454450e17bd954f9d15bd6b0419c0e,2015-12,Surrey Police,Northumbria Police,-1.455429,54.925269,On or near Clovelly Road,E01008698,Sunderland 003A,Criminal damage and arson,Investigation complete; no suspect identified,
a577f0f87039ab9f9bba2bbae983a18436f3f379f459ac5cc9b4727d5a76e29c,2015-12,Surrey Police,Northumbria Police,-1.455429,54.925269,On or near Clovelly Road,E01008698,Sunderland 003A,Criminal damage and arson,Investigation complete; no suspect identified,
d44eecf7b820674fcbc40492f6119c3dd1f848da888fa96ff354dbb982995538,2015-12,Surrey Police,Northumbria Police,-1.456019,54.927824,On or near Batley Street,E01008698,Sunderland 003A,Criminal damage and arson,Investigation complete; no suspect identified,
a85927ce44833185bf2de8365c0a92e23544a33218cc13cdd662efc22e22cf4e,2015-12,Surrey Police,Northumbria Police,-1.455429,54.925269,On or near Clovelly Road,E01008698,Sunderland 003A,Other theft,Investigation complete; no suspect identified,
6a50d5cabd03cfabb2520f5117058267a80d7160d6ceb6e7f21b003740232cd6,2015-12,Surrey Police,Northumbria Police,-1.458927,54.926219,On or near Baltimore Square,E01008698,Sunderland 003A,Vehicle crime,Investigation complete; no suspect identified,
a04bd294b188968a2e7e3c25581df589f4ab1e595ac33e30fea07d0bb5280a72,2015-12,Surrey Police,Northumbria Police,-1.455429,54.925269,On or near Clovelly Road,E01008698,Sunderland 003A,Violence and sexual offences,Under investigation,
76074a94cc9b2727a87ee15810b7725b113b0981157d3e9e842f3c63096cfaf4,2015-12,Surrey Police,Northumbria Police,-1.455429,54.925269,On or near Clovelly Road,E01008698,Sunderland 003A,Violence and sexual offences,Investigation complete; no suspect identified,
4826d10792037d2949dbfbcfab256236c1915c9ee48b0bbc71bc20c975af64a1,2015-12,Surrey Police,Northumbria Police,-1.455429,54.925269,On or near Clovelly Road,E01008698,Sunderland 003A,Violence and sexual offences,Under investigation,
ec810cdb4488401b32e98341c3d58a1d37ac50c8a244455feba9a47929544620,2015-12,Surrey Police,Northumbria Police,-1.455429,54.925269,On or near Clovelly Road,E01008698,Sunderland 003A,Other crime,Investigation complete; no suspect identified,
,2015-12,Surrey Police,Northumbria Police,-1.448597,54.929651,On or near Hylton Lane,E01008837,Sunderland 003B,Anti-social behaviour,,
,2015-12,Surrey Police,Northumbria Police,-1.449663,54.928146,On or near Bradshaw Street,E01008837,Sunderland 003B,Anti-social behaviour,,
,2015-12,Surrey Police,Northumbria Police,-1.445101,54.931962,On or near Kingsway Road,E01008837,Sunderland 003B,Anti-social behaviour,,
dfae9b908a9986371875f9806a3a3fc9a4980530dd981af5e8448a9af34c80aa,2015-12,Surrey Police,Northumbria Police,-1.448597,54.929651,On or near Hylton Lane,E01008837,Sunderland 003B,Criminal damage and arson,Investigation complete; no suspect identified,
842e75c19ccb44b110bb6e4b560e24a954d332fb168e731c23b3ba08a6db7316,2015-12,Surrey Police,Northumbria Police,-1.445101,54.931962,On or near Kingsway Road,E01008837,Sunderland 003B,Criminal damage and arson,Under investigation,
782ad6e4691dd74e28d4adcb3855e4534dff9bb420e439b1bda6da7d5376aed1,2015-12,Surrey Police,Northumbria Police,-1.448597,54.929651,On or near Hylton Lane,E01008837,Sunderland 003B,Criminal damage and arson,Investigation complete; no suspect identified,
b61cc25e91d321a7053f02471ee77f99681a7cffa65b5d1bf91717d5b76ba48c,2015-12,Surrey Police,Northumbria Police,-1.445101,54.931962,On or near Kingsway Road,E01008837,Sunderland 003B,Other theft,Investigation complete; no suspect identified,
452373e4ea81b48701178985e1c7036f980b8f238945148acc891ef004927ab8,2015-12,Surrey Police,Northumbria Police,-1.445101,54.931962,On or near Kingsway Road,E01008837,Sunderland 003B,Other theft,Investigation complete; no suspect identified,
14c7bdf6c1d1344b8a5998b8603a422e8bf7a875b52f6a507d4ab22ab259340b,2015-12,Surrey Police,Northumbria Police,-1.445101,54.931962,On or near Kingsway Road,E01008837,Sunderland 003B,Other theft,Investigation complete; no suspect identified,
4c8a756bca502992488119c2901ca7dc7b7bebde23046663c0b2eb17ddbc372e,2015-12,Surrey Police,Northumbria Police,-1.449663,54.928146,On or near Bradshaw Street,E01008837,Sunderland 003B,Public order,Under investigation,
2a3e94dc86908d329b00fe08831beccfa7514efd92a26b291c87a9adbb3d8faa,2015-12,Surrey Police,Northumbria Police,-1.448967,54.931144,On or near Kentucky Road,E01008837,Sunderland 003B,Violence and sexual offences,Under investigation,
c74156f58c5b6617f231ca271039ac8ebf75c5126f66c0249151f5f839ec4dbf,2015-12,Surrey Police,Northumbria Police,-1.448967,54.931144,On or near Kentucky Road,E01008837,Sunderland 003B,Other crime,Under investigation,
,2015-12,Surrey Police,Northumbria Police,-1.454567,54.929048,On or near Blackwood Road,E01008838,Sunderland 003C,Anti-social behaviour,,
,2015-12,Surrey Police,Northumbria Police,-1.457329,54.929043,On or near Belgrade Crescent,E01008838,Sunderland 003C,Anti-social behaviour,,
,2015-12,Surrey Police,Northumbria Police,-1.452757,54.929040,On or near Banff Street,E01008838,Sunderland 003C,Anti-social behaviour,,
,2015-12,Surrey Police,Northumbria Police,-1.450101,54.930394,On or near Bailey Square,E01008838,Sunderland 003C,Anti-social behaviour,,
,2015-12,Surrey Police,Northumbria Police,-1.457329,54.929043,On or near Belgrade Crescent,E01008838,Sunderland 003C,Anti-social behaviour,,
5bb63bb74097fde46b549c5f9c7929b5ec5102d831f40a6be9f96d3a1e9c95a7,2015-12,Surrey Police,Northumbria Police,-1.451273,54.929115,On or near Blyth Street,E01008838,Sunderland 003C,Burglary,Offender given suspended prison sentence,
491f5d075bf2b2ac26b5a27f1be22d03d77a396e373f57bfc7dd48ce583cc287,2015-12,Surrey Police,Northumbria Police,-1.450344,54.930890,On or near Bradman Square,E01008838,Sunderland 003C,Criminal damage and arson,Under investigation,
0b4bb5b88be1209e52d6f72c549b8ac51a01fef5322cb3efeccb00bf4338fbeb,2015-12,Surrey Police,Northumbria Police,-1.452511,54.931016,On or near Bradford Avenue,E01008838,Sunderland 003C,Criminal damage and arson,Offender given a caution,
cbd1955d9e01fc3f3f978c919bada357cd47c8f9f3ea2964fee56f42d2b4c5b3,2015-12,Surrey Police,Northumbria Police,-1.452757,54.929040,On or near Banff Street,E01008838,Sunderland 003C,Criminal damage and arson,Investigation complete; no suspect identified,
7a6742ba4d9e5753133cde897e4855e600b1ed3c7683c7514aa7e95a51f3f602,2015-12,Surrey Police,Northumbria Police,-1.455348,54.931272,On or near Baxter Road,E01008838,Sunderland 003C,Criminal damage and arson,Investigation complete; no suspect identified,
8bf5f2902f978207a7bbc55a8cc315cff67e17c9c2dc7332f29dea84255477e5,2015-12,Surrey Police,Northumbria Police,-1.456288,54.931033,On or near Birrell Square,E01008838,Sunderland 003C,Criminal damage and arson,Awaiting court outcome,
ac86341d1aa394a6637b8e17849a71a82fab0c0e9d5954bc585072ff7145b6df,2015-12,Surrey Police,Northumbria Police,-1.450344,54.930890,On or near Bradman Square,E01008838,Sunderland 003C,Criminal damage and arson,Investigation complete; no suspect identified,
df62e7a49f76d9375f90a4930393338c281ea7626dd1a68afc0306a452312259,2015-12,Surrey Police,Northumbria Police,-1.455275,54.929771,On or near Barrow Street,E01008838,Sunderland 003C,Criminal damage and arson,Investigation complete; no suspect identified,
eb2c60c0a9c9ef3bec591008c8606be028e02b5e9b66b6e0c76f2988b15c5308,2015-12,Surrey Police,Northumbria Police,-1.456288,54.931033,On or near Birrell Square,E01008838,Sunderland 003C,Criminal damage and arson,Investigation complete; no suspect identified,
4f9a4343987c5d0f6bb318d4d3677c2bc41263323f02d2b22ebaefd07d30e966,2015-12,Surrey Police,Northumbria Police,-1.450344,54.930890,On or near Bradman Square,E01008838,Sunderland 003C,Other theft,Investigation complete; no suspect identified,
fed422301d12938e0e2dce8afc674ba9664de2fe6faf79e32195d98d13f4aa1b,2015-12,Surrey Police,Northumbria Police,-1.455348,54.931272,On or near Baxter Road,E01008838,Sunderland 003C,Other theft,Investigation complete; no suspect identified,
17a353bbee4d9d14626a72634c368303b1522559b3837f7501c1a5bbdcc3d81b,2015-12,Surrey Police,Northumbria Police,-1.450344,54.930890,On or near Bradman Square,E01008838,Sunderland 003C,Other theft,Investigation complete; no suspect identified,
ef42630ada106906be1b14c7191fef5869faa78ab61dee9988db3ca0ed8552ec,2015-12,Surrey Police,Northumbria Police,-1.456288,54.931033,On or near Birrell Square,E01008838,Sunderland 003C,Violence and sexual offences,Awaiting court outcome,
fb47dbd6b2bbb6d1da0949007898ed1ac2fc804cd6c0c98abcdb8614501e143d,2015-12,Surrey Police,Northumbria Police,-1.452757,54.929040,On or near Banff Street,E01008838,Sunderland 003C,Violence and sexual offences,Under investigation,
56c4d9641a17a10f71bae1cd03c82c2d19fd26c647b77016bbde224fc631af26,2015-12,Surrey Police,Northumbria Police,-1.454567,54.929048,On or near Blackwood Road,E01008838,Sunderland 003C,Violence and sexual offences,Under investigation,
337e80b7cbd09d4c824ad0c53337dda84fd7db7bcba92218e60424a9e7fc2c77,2015-12,Surrey Police,Northumbria Police,-1.456288,54.931033,On or near Birrell Square,E01008838,Sunderland 003C,Violence and sexual offences,Under investigation,
b9e9dd46bc6120862158652bcbc2d6edf5a25d7a2f3481092d3c9bb5b6eb201b,2015-12,Surrey Police,Northumbria Police,-1.454567,54.929048,On or near Blackwood Road,E01008838,Sunderland 003C,Violence and sexual offences,Under investigation,
0d2a06088c835a9aea2538d2835844c5ce19b0c953f6bcd70669c6a51f1c55a1,2015-12,Surrey Police,Northumbria Police,-1.452757,54.929040,On or near Banff Street,E01008838,Sunderland 003C,Other crime,Investigation complete; no suspect identified,
,2015-12,Surrey Police,Northumbria Police,-1.439748,54.924137,On or near Robertson Road,E01008839,Sunderland 003D,Anti-social behaviour,,
,2015-12,Surrey Police,Northumbria Police,-1.436812,54.927647,On or near Rawmarsh Road,E01008839,Sunderland 003D,Anti-social behaviour,,
,2015-12,Surrey Police,Northumbria Police,-1.437435,54.927784,On or near Rangoon Road,E01008839,Sunderland 003D,Anti-social behaviour,,
30754114975a3e70fd299acb863d5c26095dcb07c08d4c3453602cbd153e150a,2015-12,Surrey Police,Northumbria Police,-1.439947,54.928910,On or near Ravenswood Square,E01008839,Sunderland 003D,Criminal damage and arson,Investigation complete; no suspect identified,
e843b36ac0e2d226d3e17b5e6bea6097cc056a593a6fa56157483670f9522f19,2015-12,Surrey Police,Northumbria Police,-1.440092,54.930843,On or near Kenya Road,E01008839,Sunderland 003D,Criminal damage and arson,Investigation complete; no suspect identified,
a05d463011fb6e965a9b2b1d6d5a529baff6d8b6d6f0ae1a03dfff0a4cc7bc4f,2015-12,Surrey Police,Northumbria Police,-1.435692,54.927399,On or near Ramillies Square,E01008839,Sunderland 003D,Criminal damage and arson,Investigation complete; no suspect identified,
ce845d92439348ac3c878752520f5fc0abddc76dec66cd6ee080e3d05f9ed766,2015-12,Surrey Police,Northumbria Police,-1.434569,54.927367,On or near Rishton Square,E01008839,Sunderland 003D,Other theft,Investigation complete; no suspect identified,
d499359375fbb5a0f645f8142371e353527a7ca9987a1726dfa0cf1a7e012921,2015-12,Surrey Police,Northumbria Police,-1.440092,54.930843,On or near Kenya Road,E01008839,Sunderland 003D,Other theft,Investigation complete; no suspect identified,
d0cd5a8237f28b2213b973006fd31e377b97ef01fc9c59fb53b909625374b336,2015-12,Surrey Police,Northumbria Police,-1.434569,54.927367,On or near Rishton Square,E01008839,Sunderland 003D,Other theft,Investigation complete; no suspect identified,
020ef5f4cebfd6ed8ac0a589839ba5e09084c8925b40e70e9cb8a985fc801f4a,2015-12,Surrey Police,Northumbria Police,-1.435258,54.928322,On or near Rockingham Square,E01008839,Sunderland 003D,Other theft,Investigation complete; no suspect identified,
95cf5bd23f7e8230db89f8b74450419796adc5b3a782c12c9a2a5aae15ccdaef,2015-12,Surrey Police,Northumbria Police,-1.438577,54.925327,On or near Ravenscourt Road,E01008839,Sunderland 003D,Other theft,Investigation complete; no suspect identified,
62a2d1023aedadc8996985bd965de4579c9bb773ae56b21ec6719a6e6dcf734d,2015-12,Surrey Police,Northumbria Police,-1.438445,54.929173,On or near Reedling Court,E01008839,Sunderland 003D,Other theft,Investigation complete; no suspect identified,
3da5901f5f1585b05826678e3d9ce62bc900bedaa286094fcaf2f4928278fcd7,2015-12,Surrey Police,Northumbria Police,-1.435692,54.927399,On or near Ramillies Square,E01008839,Sunderland 003D,Violence and sexual offences,Under investigation,
4ac479caa8747a77b917f244a0a9bbdd82907e9d2e3dc9a972bf0a2e78fc3de9,2015-12,Surrey Police,Northumbria Police,-1.460521,54.928428,On or near Beeston Avenue,E01008840,Sunderland 003E,Criminal damage and arson,Investigation complete; no suspect identified,
56a8503b614b903020ada40701f2ab564934dd2584f7bc07972726e484dfe1d6,2015-12,Surrey Police,Northumbria Police,-1.458342,54.929137,On or near Borodin Avenue,E01008840,Sunderland 003E,Criminal damage and arson,Investigation complete; no suspect identified,
e7ec5514a43441f7c855ddd52a301c9e22ad3fbfd00cde0c1b5f8dbe6eacf885,2015-12,Surrey Police,Northumbria Police,-1.460331,54.930907,On or near Baxter Square,E01008840,Sunderland 003E,Criminal damage and arson,Investigation complete; no suspect identified,
7d95656fb0223a6de3cada69a6c62d2ce1ad611b3e049ebadd2a48d0dc762c03,2015-12,Surrey Police,Northumbria Police,-1.456891,54.931404,On or near Bergen Square,E01008840,Sunderland 003E,Other theft,Investigation complete; no suspect identified,
31c49194735446a44c54522f4b4755787e8a7c61e028b554d280047a3fcf0721,2015-12,Surrey Police,Northumbria Police,-1.456891,54.931404,On or near Bergen Square,E01008840,Sunderland 003E,Other theft,Investigation complete; no suspect identified,
416491b73da4895bf3b2a133eb71acc6ae94a15b0459bb65e56417816a567483,2015-12,Surrey Police,Northumbria Police,-1.458022,54.930897,On or near Bognor Street,E01008840,Sunderland 003E,Public order,Awaiting court outcome,
05782ed8f9ad81b8bb28bf82836cde9cf6934acc76aa7e0e5f993b62b1f43466,2015-12,Surrey Police,Northumbria Police,-1.461306,54.929177,On or near Bexhill Square,E01008840,Sunderland 003E,Violence and sexual offences,Under investigation,
,2015-12,Surrey Police,Northumbria Police,-1.441613,54.928055,On or near Rutherford Road,E01008841,Sunderland 003F,Anti-social behaviour,,
,2015-12,Surrey Police,Northumbria Police,-1.439685,54.925269,On or near Revelstoke Road,E01008841,Sunderland 003F,Anti-social behaviour,,
,2015-12,Surrey Police,Northumbria Police,-1.445007,54.927505,On or near Kidderminster Road,E01008841,Sunderland 003F,Anti-social behaviour,,
0a9bb29cb18b6905d576eb1528b26ff7988f1040e96b8253f6101a4fb3aeb085,2015-12,Surrey Police,Northumbria Police,-1.445007,54.927505,On or near Kidderminster Road,E01008841,Sunderland 003F,Bicycle theft,Investigation complete; no suspect identified,
2e027cd40033dedc0d09099fbfc0271094a5e473cb4e0ed1fe6f345ef62f4191,2015-12,Surrey Police,Northumbria Police,-1.445007,54.927505,On or near Kidderminster Road,E01008841,Sunderland 003F,Other theft,Investigation complete; no suspect identified,
6021a2180bafcc8eb65d3c06501bff1bea510e198fdf089fd8951806985a6ab4,2015-12,Surrey Police,Northumbria Police,-1.441613,54.928055,On or near Rutherford Road,E01008841,Sunderland 003F,Other theft,Investigation complete; no suspect identified,
783988b2d19ff1c0986a01d22180fa35c54afe2f1d82ab29d82e1a1cb00690cf,2015-12,Surrey Police,Northumbria Police,-1.445007,54.927505,On or near Kidderminster Road,E01008841,Sunderland 003F,Other theft,Investigation complete; no suspect identified,
008e6d11fc46310468de8de0108c0c71150f1ab9c0c466834707bb40cf035d41,2015-12,Surrey Police,Northumbria Police,-1.438112,54.927329,On or near Redesdale Road,E01008841,Sunderland 003F,Violence and sexual offences,Investigation complete; no suspect identified,
,2015-12,Surrey Police,Northumbria Police,-1.404526,54.925615,On or near Okehampton Square,E01008712,Sunderland 004A,Anti-social behaviour,,
,2015-12,Surrey Police,Northumbria Police,-1.401799,54.928522,On or near Eyemouth Lane,E01008712,Sunderland 004A,Anti-social behaviour,,
,2015-12,Surrey Police,Northumbria Police,-1.401799,54.928522,On or near Eyemouth Lane,E01008712,Sunderland 004A,Anti-social behaviour,,
,2015-12,Surrey Police,Northumbria Police,-1.400776,54.925911,On or near Shakespeare Street,E01008712,Sunderland 004A,Anti-social behaviour,,
,2015-12,Surrey Police,Northumbria Police,-1.404526,54.925615,On or near Okehampton Square,E01008712,Sunderland 004A,Anti-social behaviour,,
,2015-12,Surrey Police,Northumbria Police,-1.404526,54.925615,On or near Okehampton Square,E01008712,Sunderland 004A,Anti-social behaviour,,
9da75dd7e0f0d19ac486425612e622016637048330f5887e1a05fd48686a16e5,2015-12,Surrey Police,Northumbria Police,-1.397390,54.925948,On or near Clarendon Square,E01008712,Sunderland 004A,Bicycle theft,Investigation complete; no suspect identified,
e87aebd9ce7b3f516588f368db992a0e9f21fcfdfb9d8bf3212c78bbc783f5a4,2015-12,Surrey Police,Northumbria Police,-1.401799,54.928522,On or near Eyemouth Lane,E01008712,Sunderland 004A,Burglary,Under investigation,
128038000f2ca51d75d21412a2d42020b56a07dc4be1a9f29c7122f0f1da2803,2015-12,Surrey Police,Northumbria Police,-1.401799,54.928522,On or near Eyemouth Lane,E01008712,Sunderland 004A,Criminal damage and arson,Offender given a caution,
ff5d1f3993cfa3fb57b82259c801521774829869a281d30c6a0f71663f6b2062,2015-12,Surrey Police,Northumbria Police,-1.401799,54.928522,On or near Eyemouth Lane,E01008712,Sunderland 004A,Criminal damage and arson,Investigation complete; no suspect identified,
155abdc657d37b04230bdc127886d36c5887eda925ed9c82bd0734c18ac937e9,2015-12,Surrey Police,Northumbria Police,-1.401799,54.928522,On or near Eyemouth Lane,E01008712,Sunderland 004A,Possession of weapons,Offender given a caution,
325596080c67f4b2bbc0b5eb89a04ce8d8553b62e16d0a02d0f82c03e3d2370f,2015-12,Surrey Police,Northumbria Police,-1.401799,54.928522,On or near Eyemouth Lane,E01008712,Sunderland 004A,Public order,Investigation complete; no suspect identified,
fe3298d62c6ca3a7b0692b49782527d27343b5adef39228433ff0c3cae3681d1,2015-12,Surrey Police,Northumbria Police,-1.396363,54.924694,On or near Carley Hill Road,E01008712,Sunderland 004A,Shoplifting,Investigation complete; no suspect identified,
0848892aa3dfea6119b5ada79f496fce8fcea253253e1e93f67113802951ad80,2015-12,Surrey Police,Northumbria Police,-1.392020,54.926101,On or near Blanchland Drive,E01008712,Sunderland 004A,Vehicle crime,Investigation complete; no suspect identified,
f50be23aff367f84910a93ef4fb9c6e4d59930820cc7727ba9e22427496d53e7,2015-12,Surrey Police,Northumbria Police,-1.402702,54.925444,On or near Beaumont Street,E01008712,Sunderland 004A,Vehicle crime,Under investigation,
,2015-12,Surrey Police,Northumbria Police,-1.409683,54.923986,On or near Elmwood Avenue,E01008817,Sunderland 004B,Anti-social behaviour,,
,2015-12,Surrey Police,Northumbria Police,-1.409683,54.923986,On or near Elmwood Avenue,E01008817,Sunderland 004B,Anti-social behaviour,,
551feacc97e745e80fd81e28d7fff0641629e149de803157e73c54a77556da68,2015-12,Surrey Police,Northumbria Police,-1.413571,54.923771,On or near Yewtree Avenue,E01008817,Sunderland 004B,Criminal damage and arson,Investigation complete; no suspect identified,
d72e986fd0369dab5d47dd242b08a207b3e169a7e5633e342c6eb1be0beb57dd,2015-12,Surrey Police,Northumbria Police,-1.412879,54.923085,On or near Hollywood Avenue,E01008817,Sunderland 004B,Violence and sexual offences,Under investigation,
09ff89c02ea85e3b7f844bfe0043de4c8240e7e609b42867ebd1e8111371e4fc,2015-12,Surrey Police,Northumbria Police,-1.422562,54.925711,On or near Raydale,E01008819,Sunderland 004C,Criminal damage and arson,Investigation complete; no suspect identified,
6211439e22572163c8d6b65e4c51d51fd7d99c1d9ab9b948090ec9228eafb3c3,2015-12,Surrey Police,Northumbria Police,-1.422098,54.925439,On or near Redmond Road,E01008819,Sunderland 004C,Other theft,Investigation complete; no suspect identified,
839d5ac401a27ff2af1f3a72d665f1e5ee691fbc78860eb1b30972da69c19c99,2015-12,Surrey Police,Northumbria Police,-1.422562,54.925711,On or near Raydale,E01008819,Sunderland 004C,Violence and sexual offences,Under investigation,
,2015-12,Surrey Police,Northumbria Police,-1.414385,54.928969,On or near Woodford Close,E01008821,Sunderland 004D,Anti-social behaviour,,
,2015-12,Surrey Police,Northumbria Police,-1.411567,54.930681,On or near Wessex Close,E01008821,Sunderland 004D,Anti-social behaviour,,
,2015-12,Surrey Police,Northumbria Police,-1.414385,54.928969,On or near Woodford Close,E01008821,Sunderland 004D,Anti-social behaviour,,
,2015-12,Surrey Police,Northumbria Police,-1.420022,54.927631,On or near Rosyth Square,E01008821,Sunderland 004D,Anti-social behaviour,,
,2015-12,Surrey Police,Northumbria Police,-1.412577,54.929904,On or near Woolwich Close,E01008821,Sunderland 004D,Anti-social behaviour,,
,2015-12,Surrey Police,Northumbria Police,-1.418272,54.928871,On or near Wiltshire Close,E01008821,Sunderland 004D,Anti-social behaviour,,
,2015-12,Surrey Police,Northumbria Police,-1.411778,54.925839,On or near Maplewood Avenue,E01008821,Sunderland 004D,Anti-social behaviour,,
,2015-12,Surrey Police,Northumbria Police,-1.412621,54.931190,On or near Waterlow Close,E01008821,Sunderland 004D,Anti-social behaviour,,
f758cf48cb20eb4ac0f941ec38e4ec3b51524fa5353c6584f71bb62130e1340b,2015-12,Surrey Police,Northumbria Police,-1.415150,54.928955,On or near Winslow Close,E01008821,Sunderland 004D,Burglary,Investigation complete; no suspect identified,
ce945af8780f12152ae9212362c8ed02db037e9a355464badc19362c4c9ccaaf,2015-12,Surrey Police,Northumbria Police,-1.411422,54.927778,On or near Wembley Road,E01008821,Sunderland 004D,Criminal damage and arson,Investigation complete; no suspect identified,
da65322c1fab7606fdefa46cb2647bf67b400178e188eb8fae49df3b5db711de,2015-12,Surrey Police,Northumbria Police,-1.411905,54.927852,On or near Wembley Close,E01008821,Sunderland 004D,Criminal damage and arson,Investigation complete; no suspect identified,
124ac7d20ef205eea9201caf45fc4ed9806f26ec7a033a55c7670844d6e8db70,2015-12,Surrey Police,Northumbria Police,-1.415150,54.928955,On or near Winslow Close,E01008821,Sunderland 004D,Criminal damage and arson,Investigation complete; no suspect identified,
f22238471997fe73644a64f842e4cc57e6915bd80cbf4535184676a2f556a213,2015-12,Surrey Police,Northumbria Police,-1.419052,54.928902,On or near Wendover Way,E01008821,Sunderland 004D,Other theft,Under investigation,
41ceac9e8f456477b6c8c969119a173574219ac0709727fc1cc3f82ca9b95681,2015-12,Surrey Police,Northumbria Police,-1.417301,54.929109,On or near Wendover Close,E01008821,Sunderland 004D,Other theft,Investigation complete; no suspect identified,
8b5231f4389f23475c588dd555dc761e061d01652ede4c5daacc497b03ca4705,2015-12,Surrey Police,Northumbria Police,-1.416321,54.928907,On or near Witney Close,E01008821,Sunderland 004D,Public order,Under investigation,
099721d7bf37901c5d183a00aab9429a0bdfccce9ad1cb1849e70beaedc6ceae,2015-12,Surrey Police,Northumbria Police,-1.413369,54.930142,On or near Rothley Court,E01008821,Sunderland 004D,Violence and sexual offences,Investigation complete; no suspect identified,
c468e22a87259b9f24c93ef806ff4a4adc53e4b16322b8e6baa57e191b8d5266,2015-12,Surrey Police,Northumbria Police,-1.413369,54.930142,On or near Rothley Court,E01008821,Sunderland 004D,Violence and sexual offences,Under investigation,
,2015-12,Surrey Police,Northumbria Police,-1.428593,54.927321,On or near Retford Road,E01008822,Sunderland 004E,Anti-social behaviour,,
,2015-12,Surrey Police,Northumbria Police,-1.425256,54.926110,On or near Runnymede Way,E01008822,Sunderland 004E,Anti-social behaviour,,
,2015-12,Surrey Police,Northumbria Police,-1.428593,54.927321,On or near Retford Road,E01008822,Sunderland 004E,Anti-social behaviour,,
,2015-12,Surrey Police,Northumbria Police,-1.426821,54.926890,On or near Rothbury Road,E01008822,Sunderland 004E,Anti-social behaviour,,
32d79ee9dde388ecf340f262f77a82dad35294d79e95cf2becc24171e4ecbbc9,2015-12,Surrey Police,Northumbria Police,-1.426425,54.928371,On or near Riddings Square,E01008822,Sunderland 004E,Criminal damage and arson,Investigation complete; no suspect identified,
1cf7d1936d6872bef585af33071b12e529b8452bcd76b9ba60f62e0d07f14103,2015-12,Surrey Police,Northumbria Police,-1.422362,54.927687,On or near Roedean Road,E01008822,Sunderland 004E,Criminal damage and arson,Under investigation,
c2327e5b550e6fbef604db7727710d696bf2569c7cef966fb51b444d56061405,2015-12,Surrey Police,Northumbria Police,-1.422362,54.927687,On or near Roedean Road,E01008822,Sunderland 004E,Criminal damage and arson,Investigation complete; no suspect identified,
998522c9f6bb4f11b66999a9b571a3bee58ac6647032dee67ce9b297c1a0e226,2015-12,Surrey Police,Northumbria Police,-1.426425,54.928371,On or near Riddings Square,E01008822,Sunderland 004E,Criminal damage and arson,Investigation complete; no suspect identified,
c6dc6bc725b952d61911e3f82d89cc480650da861e1385aeaf96d282e17f7a5c,2015-12,Surrey Police,Northumbria Police,-1.427618,54.927855,On or near Rhodesia Road,E01008822,Sunderland 004E,Other theft,Investigation complete; no suspect identified,
234a8f061ed84ee81c033e755cddf0b7365021f0dce4cd27a2034021d3552c2f,2015-12,Surrey Police,Northumbria Police,-1.428593,54.927321,On or near Retford Road,E01008822,Sunderland 004E,Other theft,Investigation complete; no suspect identified,
7316c3a4b7f5069d94109e4208b37ed48226aa0fa8f0558f02e5e4288c10cc7c,2015-12,Surrey Police,Northumbria Police,-1.420561,54.927058,On or near Rhyl Square,E01008822,Sunderland 004E,Other theft,Investigation complete; no suspect identified,
f18c8f6a83a6140fca587db980231b1db986577b42ed1b8ac2960a174617c9eb,2015-12,Surrey Police,Northumbria Police,-1.422615,54.928515,On or near Rutherglen Road,E01008822,Sunderland 004E,Possession of weapons,Offender given a caution,
47db4f69d3e4173f450127846176c909683f620ff365cb0006d6b5f7bf7ce83c,2015-12,Surrey Police,Northumbria Police,-1.430911,54.926729,On or near Rhodesia Road,E01008822,Sunderland 004E,Public order,Offender given community sentence,
3f49a43ada71d02948c51aa4ef2d37f4dddebca64532b2828871bd01d022f282,2015-12,Surrey Police,Northumbria Police,-1.427618,54.927855,On or near Rhodesia Road,E01008822,Sunderland 004E,Violence and sexual offences,Investigation complete; no suspect identified,
681274e44d300ed2f81e568c38969279f9b143213d81bf36f9a4aacc60e12619,2015-12,Surrey Police,Northumbria Police,-1.421410,54.926586,On or near Ramsgate Road,E01008822,Sunderland 004E,Violence and sexual offences,Under investigation,
1439dce61c5462ddcb7de74f987df12f6f8880ad288750f677b8643531b3a6e7,2015-12,Surrey Police,Northumbria Police,-1.422362,54.927687,On or near Roedean Road,E01008822,Sunderland 004E,Other crime,Under investigation,
,2015-12,Surrey Police,Northumbria Police,-1.434735,54.925543,On or near Rotherfield Square,E01008842,Sunderland 004F,Anti-social behaviour,,
,2015-12,Surrey Police,Northumbria Police,-1.437905,54.924237,On or near Rothwell Road,E01008842,Sunderland 004F,Anti-social behaviour,,
fbd99df2edecf0649a5b3649ba4ac086564b070778b7fc2d730617c611f25ef0,2015-12,Surrey Police,Northumbria Police,-1.433583,54.923165,On or near Bowburn Avenue,E01008842,Sunderland 004F,Burglary,Investigation complete; no suspect identified,
1bf02ac4708e05ca91c99ae4436fa7c88db7be14d4569bfa26aad7cd7cb24afe,2015-12,Surrey Police,Northumbria Police,-1.431883,54.925332,On or near Reading Square,E01008842,Sunderland 004F,Criminal damage and arson,Under investigation,
6d3b2d28a1519423b3ce0f23e1491b83265e23879e9632eee6ecf0ce8a814efa,2015-12,Surrey Police,Northumbria Police,-1.434176,54.922036,On or near Washington Road,E01008842,Sunderland 004F,Other theft,Investigation complete; no suspect identified,
c75e7e0a81fabfe6b44772aa0c9087994302bf54fe687086e9505b5e62e83c50,2015-12,Surrey Police,Northumbria Police,-1.433583,54.923165,On or near Bowburn Avenue,E01008842,Sunderland 004F,Public order,Under investigation,
7e400a5902d1c0eafa482cf1b223684a039fc89e1bd3999009ae59737cfe96bd,2015-12,Surrey Police,Northumbria Police,-1.436190,54.924130,On or near Ribble Road,E01008842,Sunderland 004F,Public order,Under investigation,
4e2379520cfc6a166b18bf29fa3718bb713b0ad0841f95d6303dcd14e973296b,2015-12,Surrey Police,Northumbria Police,-1.434181,54.923878,On or near Spa Well Drive,E01008842,Sunderland 004F,Violence and sexual offences,Investigation complete; no suspect identified,
,2015-12,Surrey Police,Northumbria Police,-1.389406,54.918368,On or near Pilgrim Close,E01008708,Sunderland 005A,Anti-social behaviour,,
4369874999307d54df60e6d2c21dd151fc5b72c37baaf0563dfd662cf05dd5c2,2015-12,Surrey Police,Northumbria Police,-1.392309,54.919327,On or near Chilton Street,E01008708,Sunderland 005A,Criminal damage and arson,Investigation complete; no suspect identified,
bc960306c90206f97ac29cd792ea5b58ac9d8b672c5ed35ecb56e457464fa66e,2015-12,Surrey Police,Northumbria Police,-1.389311,54.920507,On or near Newbold Avenue,E01008708,Sunderland 005A,Other theft,Investigation complete; no suspect identified,
b37438d4c6abb3087b488817e2bb13acd9cffeb9421dc817842bacc2664668d1,2015-12,Surrey Police,Northumbria Police,-1.389311,54.920507,On or near Newbold Avenue,E01008708,Sunderland 005A,Vehicle crime,Investigation complete; no suspect identified,
99427d15d5934416fd6a4e01c672d7ee500c3bc6f5d4b2e681fd6a092fe64b12,2015-12,Surrey Police,Northumbria Police,-1.392309,54.919327,On or near Chilton Street,E01008708,Sunderland 005A,Vehicle crime,Investigation complete; no suspect identified,
1f834bf62c7b371f3797fd929c0f53d86b959c8c517ffb116a2045838e34642d,2015-12,Surrey Police,Northumbria Police,-1.387026,54.920963,On or near Netherburn Road,E01008708,Sunderland 005A,Violence and sexual offences,Investigation complete; no suspect identified,
,2015-12,Surrey Police,Northumbria Police,-1.390866,54.918771,On or near North Street,E01008709,Sunderland 005B,Anti-social behaviour,,
,2015-12,Surrey Police,Northumbria Police,-1.393232,54.919124,On or near Farm Street,E01008709,Sunderland 005B,Anti-social behaviour,,
,2015-12,Surrey Police,Northumbria Police,-1.390866,54.918771,On or near North Street,E01008709,Sunderland 005B,Anti-social behaviour,,
,2015-12,Surrey Police,Northumbria Police,-1.390876,54.919167,On or near Ross Street,E01008709,Sunderland 005B,Anti-social behaviour,,
,2015-12,Surrey Police,Northumbria Police,-1.400642,54.919206,On or near South Terrace,E01008709,Sunderland 005B,Anti-social behaviour,,
,2015-12,Surrey Police,Northumbria Police,-1.390876,54.919167,On or near Ross Street,E01008709,Sunderland 005B,Anti-social behaviour,,
,2015-12,Surrey Police,Northumbria Police,-1.390876,54.919167,On or near Ross Street,E01008709,Sunderland 005B,Anti-social behaviour,,
,2015-12,Surrey Police,Northumbria Police,-1.398169,54.920758,On or near Morgan Street,E01008709,Sunderland 005B,Anti-social behaviour,,
,2015-12,Surrey Police,Northumbria Police,-1.390866,54.918771,On or near North Street,E01008709,Sunderland 005B,Anti-social behaviour,,
,2015-12,Surrey Police,Northumbria Police,-1.395222,54.919602,On or near Maypole Close,E01008709,Sunderland 005B,Anti-social behaviour,,
,2015-12,Surrey Police,Northumbria Police,-1.390206,54.919118,On or near Empress Street,E01008709,Sunderland 005B,Anti-social behaviour,,
,2015-12,Surrey Police,Northumbria Police,-1.395222,54.919602,On or near Maypole Close,E01008709,Sunderland 005B,Anti-social behaviour,,
,2015-12,Surrey Police,Northumbria Police,-1.395222,54.919602,On or near Maypole Close,E01008709,Sunderland 005B,Anti-social behaviour,,
a642ad1fb2ae167f12b01d759053db9c8028a190c322a0b3b8917419773613fe,2015-12,Surrey Police,Northumbria Police,-1.395222,54.919602,On or near Maypole Close,E01008709,Sunderland 005B,Burglary,Investigation complete; no suspect identified,
85fa876d16652f1d4a8b22cb96afa01b1c9420a8890007de37b1ce00939b2eba,2015-12,Surrey Police,Northumbria Police,-1.390876,54.919167,On or near Ross Street,E01008709,Sunderland 005B,Burglary,Investigation complete; no suspect identified,
9a6585dba2662bf2e559a58377f26f27da11f448209c9f411e41ff375c11f36c,2015-12,Surrey Police,Northumbria Police,-1.390876,54.919167,On or near Ross Street,E01008709,Sunderland 005B,Other theft,Investigation complete; no suspect identified,
bc09766f9df5c36ea10d8f0532f6e0294c3e1eda3caefb4813e7e033453a5ac6,2015-12,Surrey Police,Northumbria Police,-1.399772,54.918959,On or near Vedra Street,E01008709,Sunderland 005B,Shoplifting,Under investigation,
efcd43a9d998a7dde63b4b77e3ec1847d23d98e63d7366a723490531fef7f99f,2015-12,Surrey Police,Northumbria Police,-1.395222,54.919602,On or near Maypole Close,E01008709,Sunderland 005B,Violence and sexual offences,Investigation complete; no suspect identified,
3eff6a8492ab76bfd993d6c107485f5cec38345cf5737b11aa5b5af6d8ec972f,2015-12,Surrey Police,Northumbria Police,-1.395222,54.919602,On or near Maypole Close,E01008709,Sunderland 005B,Violence and sexual offences,Investigation complete; no suspect identified,
474dd090d12dfc14b73c6b3549d70a522bbbb9a748c981bd03d9106c04b1bc73,2015-12,Surrey Police,Northumbria Police,-1.395222,54.919602,On or near Maypole Close,E01008709,Sunderland 005B,Violence and sexual offences,Investigation complete; no suspect identified,
ec773b914352235793cd111c8536b68e8e83eeb1d2d226a90cfd5c1b4725ecc1,2015-12,Surrey Police,Northumbria Police,-1.390876,54.919167,On or near Ross Street,E01008709,Sunderland 005B,Violence and sexual offences,Under investigation,
9e910f98112e24452119ce6219958eb7fd7dd0c9937e7fe6b822d07215a5583b,2015-12,Surrey Police,Northumbria Police,-1.398169,54.920758,On or near Morgan Street,E01008709,Sunderland 005B,Violence and sexual offences,Awaiting court outcome,
dea5a48fa374726cd823c4d0e709c7a47060be4cc2623377c420a3609089c474,2015-12,Surrey Police,Northumbria Police,-1.393232,54.919124,On or near Farm Street,E01008709,Sunderland 005B,Other crime,Awaiting court outcome,
,2015-12,Surrey Police,Northumbria Police,-1.384522,54.916385,On or near Abbs Street,E01008711,Sunderland 005D,Anti-social behaviour,,
,2015-12,Surrey Police,Northumbria Police,-1.384522,54.916385,On or near Abbs Street,E01008711,Sunderland 005D,Anti-social behaviour,,
,2015-12,Surrey Police,Northumbria Police,-1.388264,54.914454,On or near Sports/Recreation Area,E01008711,Sunderland 005D,Anti-social behaviour,,
384032da482f8e7dc0d7b1134b194163d6cf9bcf47383994b4f4739be5bde286,2015-12,Surrey Police,Northumbria Police,-1.384687,54.917841,On or near Warwick Street,E01008711,Sunderland 005D,Burglary,Under investigation,
51a3a961144eb0c2e64c080252b7d42d5d35395910bff5a0efa7c23c5ed1c58f,2015-12,Surrey Police,Northumbria Police,-1.384687,54.917841,On or near Warwick Street,E01008711,Sunderland 005D,Criminal damage and arson,Under investigation,
f581b764345d467f5b09b91e778906bc482537a9d5ad458fbc034f1937092c9a,2015-12,Surrey Police,Northumbria Police,-1.387539,54.918027,On or near Wayman Street,E01008711,Sunderland 005D,Criminal damage and arson,Awaiting court outcome,
fb463b3f96ca2bdc623ef84e1f5cb65aac47faac4400054b070971c58d3c8eab,2015-12,Surrey Police,Northumbria Police,-1.387539,54.918027,On or near Wayman Street,E01008711,Sunderland 005D,Drugs,Awaiting court outcome,
31bc2f5b2248801037bcda61a10d7f9d45ce4912b26f08cf06620708181e013c,2015-12,Surrey Police,Northumbria Police,-1.384687,54.917841,On or near Warwick Street,E01008711,Sunderland 005D,Other theft,Investigation complete; no suspect identified,
87b8f0dbcd313a8a6b3b07f09b742eaf92a0731c8eb9ae08a2edabc7b07fbc11,2015-12,Surrey Police,Northumbria Police,-1.384522,54.916385,On or near Abbs Street,E01008711,Sunderland 005D,Other theft,Investigation complete; no suspect identified,
99d867450e52bad0ed29e35d33910cf7b4a1cd1f98e6af487ab3915c9c024e42,2015-12,Surrey Police,Northumbria Police,-1.384522,54.916385,On or near Abbs Street,E01008711,Sunderland 005D,Public order,Investigation complete; no suspect identified,
e8ba90f109d78cf7afe2cd1cc2c6fca2ac5dfa3ae575ab5413b444be11522ea6,2015-12,Surrey Police,Northumbria Police,-1.389300,54.914054,On or near Sports/Recreation Area,E01008711,Sunderland 005D,Public order,Investigation complete; no suspect identified,
156c8b820c3cf17e6bf914625569169c2652b75380d5643119f1b05138409438,2015-12,Surrey Police,Northumbria Police,-1.386063,54.924822,On or near Zion Terrace,E01008711,Sunderland 005D,Vehicle crime,Under investigation,
097fc27568f622fb93122042ec62ae24662fc75a7c4d9592c05d40ab50ff8b11,2015-12,Surrey Police,Northumbria Police,-1.384927,54.920548,On or near Lochmaben Terrace,E01008711,Sunderland 005D,Vehicle crime,Under investigation,
5f6584e9ed2fd3d24b03df43916deb7a53e7b371d07cae2c26ad94379f55487b,2015-12,Surrey Police,Northumbria Police,-1.391310,54.917273,On or near Keir Hardie Way,E01008711,Sunderland 005D,Vehicle crime,Investigation complete; no suspect identified,
b9a073665336e5d5824c0c2a4ab0f431b3a97b2e3e550bd45240e584f9bea2ba,2015-12,Surrey Police,Northumbria Police,-1.384687,54.917841,On or near Warwick Street,E01008711,Sunderland 005D,Violence and sexual offences,Under investigation,
e8bcdf99f5307e6d7e673964805e32015b3c5edd8fb91b3c3056a41d2d5a894a,2015-12,Surrey Police,Northumbria Police,-1.387539,54.918027,On or near Wayman Street,E01008711,Sunderland 005D,Violence and sexual offences,Awaiting court outcome,
7de7acd1f510ef9bc9d6dc441c96eaf2c7898229a94a6c551e788b1348d95d76,2015-12,Surrey Police,Northumbria Police,-1.387539,54.918027,On or near Wayman Street,E01008711,Sunderland 005D,Violence and sexual offences,Under investigation,
55ddcc504a6fc594bf9effc1dad4f1faf9507a2c492959313d8a8a689a3acfac,2015-12,Surrey Police,Northumbria Police,-1.389300,54.914054,On or near Sports/Recreation Area,E01008711,Sunderland 005D,Violence and sexual offences,Awaiting court outcome,
bbe91823e971887bc5cdc8ec827416c6879c24bff1bffdc67eff7ff3378eef1f,2015-12,Surrey Police,Northumbria Police,-1.388264,54.914454,On or near Sports/Recreation Area,E01008711,Sunderland 005D,Violence and sexual offences,Under investigation,
8dc186f0bd3ee12fecdcee8b7e7709a15c66881d26c2c13c3814d944862a07ee,2015-12,Surrey Police,Northumbria Police,-1.389300,54.914054,On or near Sports/Recreation Area,E01008711,Sunderland 005D,Violence and sexual offences,Awaiting court outcome,
207f6d73af13f764cf764977e5859698352d91ec2d3053b8cd7783c05809a9c6,2015-12,Surrey Police,Northumbria Police,-1.391310,54.917273,On or near Keir Hardie Way,E01008711,Sunderland 005D,Other crime,Investigation complete; no suspect identified,
,2015-12,Surrey Police,Northumbria Police,-1.406744,54.921168,On or near James Street,E01008820,Sunderland 005F,Anti-social behaviour,,
,2015-12,Surrey Police,Northumbria Police,-1.406744,54.921168,On or near James Street,E01008820,Sunderland 005F,Anti-social behaviour,,
cfefda42260b984c19d0372f91e82c6f7fae4a2eca31084974c565fb1462209a,2015-12,Surrey Police,Northumbria Police,-1.416136,54.917987,On or near Wearfield,E01008820,Sunderland 005F,Burglary,Investigation complete; no suspect identified,
0bc5e21ea345aee7585e36c96ebebf7ebc53dd76678fb7346bac88ad67265493,2015-12,Surrey Police,Northumbria Police,-1.408454,54.921581,On or near Clarence Street,E01008820,Sunderland 005F,Other theft,Investigation complete; no suspect identified,
1287b2f81dca357bbc67e7ebb12e2a44a006132e75451a24121355942e6b04d2,2015-12,Surrey Police,Northumbria Police,-1.410097,54.921292,On or near Florence Crescent,E01008820,Sunderland 005F,Other theft,Investigation complete; no suspect identified,
acba5a9659cf84a1fed7692d76db3ec999cb8c640f6ba2a86a2b7d13bbb07028,2015-12,Surrey Police,Northumbria Police,-1.416136,54.917987,On or near Wearfield,E01008820,Sunderland 005F,Violence and sexual offences,Under investigation,
356820b55bb2154ffde5e27a3accd89efc931c861e3a8f2709dde32fc395521a,2015-12,Surrey Police,Northumbria Police,-1.408584,54.922309,On or near The Poplars,E01008820,Sunderland 005F,Violence and sexual offences,Investigation complete; no suspect identified,
,2015-12,Surrey Police,Northumbria Police,-1.403532,54.918942,On or near Mount Pleasant,E01033075,Sunderland 005G,Anti-social behaviour,,
,2015-12,Surrey Police,Northumbria Police,-1.405548,54.918709,On or near Police Station,E01033075,Sunderland 005G,Anti-social behaviour,,
,2015-12,Surrey Police,Northumbria Police,-1.401500,54.921295,On or near Goschen Street,E01033075,Sunderland 005G,Anti-social behaviour,,
,2015-12,Surrey Police,Northumbria Police,-1.404223,54.917552,On or near Stoney Lane,E01033075,Sunderland 005G,Anti-social behaviour,,
,2015-12,Surrey Police,Northumbria Police,-1.401641,54.925493,On or near Lichfield Road,E01033075,Sunderland 005G,Anti-social behaviour,,
,2015-12,Surrey Police,Northumbria Police,-1.405897,54.922575,On or near Gordon Terrace,E01033075,Sunderland 005G,Anti-social behaviour,,
,2015-12,Surrey Police,Northumbria Police,-1.393506,54.920654,On or near Cornhill Road,E01033075,Sunderland 005G,Anti-social behaviour,,
,2015-12,Surrey Police,Northumbria Police,-1.400004,54.921180,On or near Goschen Street,E01033075,Sunderland 005G,Anti-social behaviour,,
,2015-12,Surrey Police,Northumbria Police,-1.402404,54.922396,On or near Beaumont Street,E01033075,Sunderland 005G,Anti-social behaviour,,
,2015-12,Surrey Police,Northumbria Police,-1.399684,54.921736,On or near Ridley Street,E01033075,Sunderland 005G,Anti-social behaviour,,
,2015-12,Surrey Police,Northumbria Police,-1.400962,54.924977,On or near Faber Road,E01033075,Sunderland 005G,Anti-social behaviour,,
,2015-12,Surrey Police,Northumbria Police,-1.402914,54.920610,On or near The King'S Road,E01033075,Sunderland 005G,Anti-social behaviour,,
,2015-12,Surrey Police,Northumbria Police,-1.402404,54.922396,On or near Beaumont Street,E01033075,Sunderland 005G,Anti-social behaviour,,
43bc1dd83189701b5aeebd67d08c046f1a0a0c5b2e459fb31fd677f91bb438b5,2015-12,Surrey Police,Northumbria Police,-1.403379,54.924000,On or near Thistly Close,E01033075,Sunderland 005G,Burglary,Under investigation,
836e26954cfff7ca1278ac1c61d329029e0d7e7bfbb778cda59e07fbeecc1551,2015-12,Surrey Police,Northumbria Police,-1.402941,54.919856,On or near Sunderland Road,E01033075,Sunderland 005G,Burglary,Under investigation,
593840fc4773483b6ec2338dc00796aa72f0b0d8763b8c9aa22120729ede7e4c,2015-12,Surrey Police,Northumbria Police,-1.394937,54.924085,On or near Sports/Recreation Area,E01033075,Sunderland 005G,Criminal damage and arson,Investigation complete; no suspect identified,
44bad12904d9d7f70ab313dd27242d7e8e7cc00045d04c5807372979231460a1,2015-12,Surrey Police,Northumbria Police,-1.405548,54.918709,On or near Police Station,E01033075,Sunderland 005G,Criminal damage and arson,Offender given conditional discharge,
a1123f2a7954106ed60d548bf3b5f850145cb6ba89c8354f23a0abf5f79ffe3c,2015-12,Surrey Police,Northumbria Police,-1.405548,54.918709,On or near Police Station,E01033075,Sunderland 005G,Criminal damage and arson,Awaiting court outcome,
b56463645c7739495e9dd9c4692a6c5d08ec3049df592d77def101c664c8c6ef,2015-12,Surrey Police,Northumbria Police,-1.405548,54.918709,On or near Police Station,E01033075,Sunderland 005G,Criminal damage and arson,Offender given conditional discharge,
1135dfdd352316a7da8445a0e0e756e0521a27a5a7897ffd8347f38a22a5a3b9,2015-12,Surrey Police,Northumbria Police,-1.405548,54.918709,On or near Police Station,E01033075,Sunderland 005G,Drugs,Under investigation,
2af0586b675047b64824e0e70e67fd8685e39c899e491b96e090dff6e083cf18,2015-12,Surrey Police,Northumbria Police,-1.394539,54.921494,On or near Frank Street,E01033075,Sunderland 005G,Other theft,Investigation complete; no suspect identified,
681b7406ac8829163e04116f0ddcc8caccd4a2d959ec7a75a62bf266e74b0515,2015-12,Surrey Police,Northumbria Police,-1.402336,54.919628,On or near The Green,E01033075,Sunderland 005G,Other theft,Under investigation,
26f92670bcfd5de119ef880538d7e0f6c66efc4fc626dfde2e0bd69f10a7c331,2015-12,Surrey Police,Northumbria Police,-1.394539,54.921494,On or near Frank Street,E01033075,Sunderland 005G,Other theft,Investigation complete; no suspect identified,
201b3d0d4fe51e3dadc613278fcd9d53f916c33659a991928d86a7fb23201380,2015-12,Surrey Police,Northumbria Police,-1.402941,54.919856,On or near Sunderland Road,E01033075,Sunderland 005G,Public order,Investigation complete; no suspect identified,
a639d256303440f977241b5c957121bc528222e2db87f9302dfb415a9fafd1e8,2015-12,Surrey Police,Northumbria Police,-1.403532,54.918942,On or near Mount Pleasant,E01033075,Sunderland 005G,Shoplifting,Offender given suspended prison sentence,
28bbccab50361d8073bd79687a463181fc3e3a9ca1bb80783ad3f91394d5f2a9,2015-12,Surrey Police,Northumbria Police,-1.401067,54.920017,On or near Supermarket,E01033075,Sunderland 005G,Shoplifting,Under investigation,
5e85938a71e2f978a1fe0c6be5fe8d7cd75b99f43d068ba6e14349ca0be78a57,2015-12,Surrey Police,Northumbria Police,-1.403532,54.918942,On or near Mount Pleasant,E01033075,Sunderland 005G,Shoplifting,Under investigation,
af7c5dfeba84f25f2f2249a75d6e3e98d078fe885739dcd84f8572bd1ca10ced,2015-12,Surrey Police,Northumbria Police,-1.403532,54.918942,On or near Mount Pleasant,E01033075,Sunderland 005G,Shoplifting,Under investigation,
0a4e79ff5eed3919bd208ab14d31d3676345cd302bbe2c91d7d2e2445bbaa28d,2015-12,Surrey Police,Northumbria Police,-1.402404,54.922396,On or near Beaumont Street,E01033075,Sunderland 005G,Vehicle crime,Offender given community sentence,
586ff0ec8632a5b1492e29850dde016f544b1ec99e31b0a2c88c7fb2d08c9533,2015-12,Surrey Police,Northumbria Police,-1.403379,54.924000,On or near Thistly Close,E01033075,Sunderland 005G,Vehicle crime,Under investigation,
daa5bb2389aee703ee74b692c798b888c391d9fa26b2c4e0d761d9f3d753a4c8,2015-12,Surrey Police,Northumbria Police,-1.394937,54.924085,On or near Sports/Recreation Area,E01033075,Sunderland 005G,Vehicle crime,Investigation complete; no suspect identified,
ea58761e9ffd08ec653de0625a03bc577b5818337a65f144c61217de0914697e,2015-12,Surrey Police,Northumbria Police,-1.405548,54.918709,On or near Police Station,E01033075,Sunderland 005G,Violence and sexual offences,Awaiting court outcome,
eecd2ca1f4e138fa36409c18eea0fe7e0332e462571b7c4112624d9bd92b7189,2015-12,Surrey Police,Northumbria Police,-1.401500,54.921295,On or near Goschen Street,E01033075,Sunderland 005G,Violence and sexual offences,Investigation complete; no suspect identified,
5c885c4ee35b064ad6166a421b0cb5e142a0467df4420736c9c5e4045fdea530,2015-12,Surrey Police,Northumbria Police,-1.402914,54.920610,On or near The King'S Road,E01033075,Sunderland 005G,Violence and sexual offences,Investigation complete; no suspect identified,
f2123b1e2a184745eb587831df346d8d68f94ae0b3ee19e0c68b7239abcb152a,2015-12,Surrey Police,Northumbria Police,-1.402941,54.919856,On or near Sunderland Road,E01033075,Sunderland 005G,Violence and sexual offences,Investigation complete; no suspect identified,
d435b5723f215efebec3af43e00727e242f16eded013b8f4d8955d5a603f787f,2015-12,Surrey Police,Northumbria Police,-1.404823,54.922399,On or near Chatterton Street,E01033075,Sunderland 005G,Violence and sexual offences,Investigation complete; no suspect identified,
e598517d3552e8dfdc7a5a1a5b9d65787f8dc9d9c76fa8b91a76c3440d7f901c,2015-12,Surrey Police,Northumbria Police,-1.400962,54.924977,On or near Faber Road,E01033075,Sunderland 005G,Violence and sexual offences,Under investigation,
61d7743b3ee86570ca7fc138686ead54147ab031a3ce8231428039a2053a4fbd,2015-12,Surrey Police,Northumbria Police,-1.394022,54.920566,On or near Stafford Grove,E01033075,Sunderland 005G,Violence and sexual offences,Under investigation,
36f536b723e72f673eb87e9e595a1dda94066bd9c1324afc84729e85c2789318,2015-12,Surrey Police,Northumbria Police,-1.394937,54.924085,On or near Sports/Recreation Area,E01033075,Sunderland 005G,Violence and sexual offences,Awaiting court outcome,
359554fba79b344ea2a8bfd29ccfea350895c3e67f702aa6b77bd73acc202619,2015-12,Surrey Police,Northumbria Police,-1.404323,54.923484,On or near Hayton Close,E01033075,Sunderland 005G,Violence and sexual offences,Awaiting court outcome,
abed90798402eae436f748c033ce1fcfecd91c1ad1702bf7d27b7c097a5c94f3,2015-12,Surrey Police,Northumbria Police,-1.405548,54.918709,On or near Police Station,E01033075,Sunderland 005G,Violence and sexual offences,Offender fined,
4be4fe45193ad5eae87ec604001525a0c5a8c5345a07869dcd79d259673e95a2,2015-12,Surrey Police,Northumbria Police,-1.405548,54.918709,On or near Police Station,E01033075,Sunderland 005G,Violence and sexual offences,Awaiting court outcome,
c038a93cf000fcfd9502150ba5cc88df20958cfe4a73b5e4ed182938792f8d75,2015-12,Surrey Police,Northumbria Police,-1.405548,54.918709,On or near Police Station,E01033075,Sunderland 005G,Violence and sexual offences,Awaiting court outcome,
1fef8038f4dfe0fdc5937a959331d5b022b1e289a648abf48a5e3d94366aea50,2015-12,Surrey Police,Northumbria Police,-1.403532,54.918942,On or near Mount Pleasant,E01033075,Sunderland 005G,Other crime,Offender given suspended prison sentence,
d9de26d0faad433c801be5894b8ecad67654ae697adf41cf7c53648dd15f2c09,2015-12,Surrey Police,Northumbria Police,-1.403925,54.920876,On or near Keats Avenue,E01033075,Sunderland 005G,Other crime,Offender given suspended prison sentence,
d6692d2dc1cdb59caff34263c68e86eb8cc3418209170fd86272b451c937b9a7,2015-12,Surrey Police,Northumbria Police,-1.403925,54.920876,On or near Keats Avenue,E01033075,Sunderland 005G,Other crime,Court case unable to proceed,
d3c282b093a3297fe072087de72c6dd550b77c292f502692be1967fcfeca5f85,2015-12,Surrey Police,Northumbria Police,-1.372472,54.923845,On or near Gill Side Grove,E01008786,Sunderland 006A,Criminal damage and arson,Investigation complete; no suspect identified,
cf96cecaeb7170b15e139c84cbff62ff1cf0148a9000b7d79bec2f226dffbc8e,2015-12,Surrey Police,Northumbria Police,-1.380490,54.924991,On or near Marcia Avenue,E01008786,Sunderland 006A,Vehicle crime,Awaiting court outcome,
baadeaa95d41a8b9b6f0590a162352413e6784eb02a50b0754f076fc1fb8ab87,2015-12,Surrey Police,Northumbria Police,-1.379593,54.925490,On or near Alexander Terrace,E01008786,Sunderland 006A,Violence and sexual offences,Offender given community sentence,
4dc8b51ce510f6749b5fa5321e872a298b6da3fa8be983a62711234c614be415,2015-12,Surrey Police,Northumbria Police,-1.379593,54.925490,On or near Alexander Terrace,E01008786,Sunderland 006A,Violence and sexual offences,Offender given community sentence,
,2015-12,Surrey Police,Northumbria Police,-1.381905,54.917126,On or near Shopping Area,E01008787,Sunderland 006B,Anti-social behaviour,,
,2015-12,Surrey Police,Northumbria Police,-1.381905,54.917126,On or near Shopping Area,E01008787,Sunderland 006B,Anti-social behaviour,,
,2015-12,Surrey Police,Northumbria Police,-1.380942,54.916861,On or near Supermarket,E01008787,Sunderland 006B,Anti-social behaviour,,
,2015-12,Surrey Police,Northumbria Police,-1.380942,54.916861,On or near Supermarket,E01008787,Sunderland 006B,Anti-social behaviour,,
6b10cd8fb3f094cd3a22626ddcbfe80a0de055a5b2abf42728e249792f3dbbba,2015-12,Surrey Police,Northumbria Police,-1.380942,54.916861,On or near Supermarket,E01008787,Sunderland 006B,Bicycle theft,Investigation complete; no suspect identified,
dfba20c5771906e3ab4969f444673523928851c7a549d34f88c70c60cd22f32e,2015-12,Surrey Police,Northumbria Police,-1.380942,54.916861,On or near Supermarket,E01008787,Sunderland 006B,Bicycle theft,Investigation complete; no suspect identified,
90d8311079c782ee770b9103990294cdf730147ccd7c22c050052f2281328f91,2015-12,Surrey Police,Northumbria Police,-1.381905,54.917126,On or near Shopping Area,E01008787,Sunderland 006B,Criminal damage and arson,Awaiting court outcome,
77884890c9ebc473b809319586d0ade0e190fb97c3abff539c3aeb188f5651f1,2015-12,Surrey Police,Northumbria Police,-1.380942,54.916861,On or near Supermarket,E01008787,Sunderland 006B,Criminal damage and arson,Investigation complete; no suspect identified,
a838a686fecb381cb42147ee64509b9014c59b14c61e321b306ffbd1bdfa20f7,2015-12,Surrey Police,Northumbria Police,-1.381905,54.917126,On or near Shopping Area,E01008787,Sunderland 006B,Drugs,Offender given community sentence,
ac53ec6998306cec4fc797992fbf190186a936c599096462265339b53f87de5a,2015-12,Surrey Police,Northumbria Police,-1.381905,54.917126,On or near Shopping Area,E01008787,Sunderland 006B,Other theft,Investigation complete; no suspect identified,
71a6473bc47edadd1d09380e588a4fa4033cfe9505211883819643aa8b003794,2015-12,Surrey Police,Northumbria Police,-1.381905,54.917126,On or near Shopping Area,E01008787,Sunderland 006B,Other theft,Offender given a caution,
4c159dca769f14c6251b42edcaf2a185ec9bbbbce373739d13210de80d35fe0d,2015-12,Surrey Police,Northumbria Police,-1.375262,54.918000,On or near Stansfield Street,E01008787,Sunderland 006B,Other theft,Investigation complete; no suspect identified,
9917faebb3e7e174365026415eb15c1d9875211727ffe6f60d4651cba0ff29bb,2015-12,Surrey Police,Northumbria Police,-1.381905,54.917126,On or near Shopping Area,E01008787,Sunderland 006B,Public order,Awaiting court outcome,
0f3051133cd05e43be71e1d1ef9da487e419160597f3fc242ab756c42b2f3232,2015-12,Surrey Police,Northumbria Police,-1.381905,54.917126,On or near Shopping Area,E01008787,Sunderland 006B,Shoplifting,Under investigation,
407f452d1a28fbe133c91e4c755b403d306837feae9308db3e4929f70b7e9423,2015-12,Surrey Police,Northumbria Police,-1.381905,54.917126,On or near Shopping Area,E01008787,Sunderland 006B,Shoplifting,Offender given absolute discharge,
ab76b240ea186c965843bf2cb363b77e06981e5ac093ed7f645d004c3a9ff423,2015-12,Surrey Police,Northumbria Police,-1.381905,54.917126,On or near Shopping Area,E01008787,Sunderland 006B,Shoplifting,Awaiting court outcome,
5788a8a05e43e71543493b0fa81479cdd1b7adba81e7256f670cfae898db1a50,2015-12,Surrey Police,Northumbria Police,-1.381905,54.917126,On or near Shopping Area,E01008787,Sunderland 006B,Shoplifting,Offender given community sentence,
568047a5f21a404a62280e77ced959620a09894d5d9fe79d14692c99a5c23589,2015-12,Surrey Police,Northumbria Police,-1.381905,54.917126,On or near Shopping Area,E01008787,Sunderland 006B,Shoplifting,Offender ordered to pay compensation,
1451c2f8d35ac8b7978e9187334214c4f582a8720147c9d801259d8cefa1fd99,2015-12,Surrey Police,Northumbria Police,-1.381905,54.917126,On or near Shopping Area,E01008787,Sunderland 006B,Shoplifting,Offender given penalty notice,
b99f1d0579724777f91e329edf4cf885591105ff7ce45a3f34edd12cd5e71d43,2015-12,Surrey Police,Northumbria Police,-1.381905,54.917126,On or near Shopping Area,E01008787,Sunderland 006B,Shoplifting,Under investigation,
d491bf8d29ba3d8a9cdf12d9833e7e167db72212274ee6cea4cdd83af3a08e3c,2015-12,Surrey Police,Northumbria Police,-1.381905,54.917126,On or near Shopping Area,E01008787,Sunderland 006B,Shoplifting,Offender given conditional discharge,
054bc1440762d556b99b381483ea2c43f46d7a16f3ab67aab94efafcc3195d42,2015-12,Surrey Police,Northumbria Police,-1.380942,54.916861,On or near Supermarket,E01008787,Sunderland 006B,Shoplifting,Under investigation,
19dbec20f4d68ea27723800bf6b5a8bcc99d718b81b433566a6fb4872fd7e4ed,2015-12,Surrey Police,Northumbria Police,-1.381905,54.917126,On or near Shopping Area,E01008787,Sunderland 006B,Shoplifting,Offender given suspended prison sentence,
56db3cd079518e14ecb6fc62ef6a7db2b4387949188d5201daa0bdc1d7376d2b,2015-12,Surrey Police,Northumbria Police,-1.372414,54.917554,On or near Brandling Street South,E01008787,Sunderland 006B,Violence and sexual offences,Under investigation,
ba8da269e4db3866e2862c58d39e9e78e1d90fe6b354c48937c972448c0a5dd0,2015-12,Surrey Police,Northumbria Police,-1.373511,54.917218,On or near Roker Avenue,E01008787,Sunderland 006B,Violence and sexual offences,Under investigation,
3ecb75ec72ed0463e3c25137b51ab216f0f66dfc694288174f7a965ffd6ed961,2015-12,Surrey Police,Northumbria Police,-1.381905,54.917126,On or near Shopping Area,E01008787,Sunderland 006B,Violence and sexual offences,Investigation complete; no suspect identified,
e7128aae17bc1682dc7122b8578eefa552669749ac882d6d94c72806b127369a,2015-12,Surrey Police,Northumbria Police,-1.376225,54.918275,On or near Forster Street,E01008787,Sunderland 006B,Violence and sexual offences,Awaiting court outcome,
4528beb20400c4f6a9a5d658b62ddeb386b96502bd3b55fcb5329111e9230387,2015-12,Surrey Police,Northumbria Police,-1.380336,54.919769,On or near Burscough Crescent,E01008787,Sunderland 006B,Other crime,Under investigation,
de46d8152a6096b721664102abb3741160c5f561828a04a4d2051a309232a7cf,2015-12,Surrey Police,Northumbria Police,-1.380336,54.919769,On or near Burscough Crescent,E01008787,Sunderland 006B,Other crime,Investigation complete; no suspect identified,
3e47f7f661931c1386e7bf9d89ac8676317baefbdbdb6d12868cb2da79f3498b,2015-12,Surrey Police,Northumbria Police,-1.378642,54.920381,On or near Moreland Street,E01008788,Sunderland 006C,Bicycle theft,Awaiting court outcome,
ccff7dc124ec8033a414327b3242b8fe107880b415beeec7d0de0b75d04a3fc5,2015-12,Surrey Police,Northumbria Police,-1.381302,54.923953,On or near Moray Street,E01008788,Sunderland 006C,Criminal damage and arson,Investigation complete; no suspect identified,
25532ffbf4d484f5175eb2a8c876f404bdfedb8c0a8e33a7d0b0b2659a522d88,2015-12,Surrey Police,Northumbria Police,-1.377860,54.920512,On or near Kingston Terrace,E01008788,Sunderland 006C,Criminal damage and arson,Investigation complete; no suspect identified,
d1e505119b4b43caedd19ce2a53f32f035cdf1e268473f89134bdbc6f916a772,2015-12,Surrey Police,Northumbria Police,-1.377860,54.920512,On or near Kingston Terrace,E01008788,Sunderland 006C,Vehicle crime,Offender given community sentence,
7d14a8032e54fbaea7a2c9fcab008d103fae2080b9d18dfcbbaf4ad92402d488,2015-12,Surrey Police,Northumbria Police,-1.380908,54.922145,On or near Redby Close,E01008788,Sunderland 006C,Other crime,Awaiting court outcome,
,2015-12,Surrey Police,Northumbria Police,-1.366152,54.923911,On or near Roker Terrace,E01008789,Sunderland 006D,Anti-social behaviour,,
,2015-12,Surrey Police,Northumbria Police,-1.371730,54.919384,On or near Cooper Street,E01008789,Sunderland 006D,Anti-social behaviour,,
b5000bdf6ea24fd4d9fa0a5f4f369eceb47aec54e24abe79371ad684643df88c,2015-12,Surrey Police,Northumbria Police,-1.371730,54.919384,On or near Cooper Street,E01008789,Sunderland 006D,Drugs,Offender given a caution,
,2015-12,Surrey Police,Northumbria Police,-1.373575,54.919115,On or near Hartington Street,E01008790,Sunderland 006E,Anti-social behaviour,,
,2015-12,Surrey Police,Northumbria Police,-1.373575,54.919115,On or near Hartington Street,E01008790,Sunderland 006E,Anti-social behaviour,,
c853ff4e25671eaf534aec4b7a11896b7534b5101d7ba70673946404867d539a,2015-12,Surrey Police,Northumbria Police,-1.367681,54.921906,On or near Featherstone Street,E01008790,Sunderland 006E,Criminal damage and arson,Investigation complete; no suspect identified,
7631c2e7285e2a487b03346597184b30008fb234d7e3fced9251ea67f5701ab5,2015-12,Surrey Police,Northumbria Police,-1.368990,54.922021,On or near St Andrew'S Terrace,E01008790,Sunderland 006E,Criminal damage and arson,Investigation complete; no suspect identified,
74f7eb518d5a52b55590ac6bf53d2a768b84424fdd2a14491d48c631ced34b1c,2015-12,Surrey Police,Northumbria Police,-1.374714,54.918132,On or near Selbourne Street,E01008790,Sunderland 006E,Criminal damage and arson,Investigation complete; no suspect identified,
eca2a6b5d65876061190d8484a07265842292eb95068b68f9114f2920dc5e94c,2015-12,Surrey Police,Northumbria Police,-1.367681,54.921906,On or near Featherstone Street,E01008790,Sunderland 006E,Violence and sexual offences,Investigation complete; no suspect identified,
,2015-12,Surrey Police,Northumbria Police,-1.377925,54.915273,On or near Dixon'S Square,E01008791,Sunderland 006F,Anti-social behaviour,,
,2015-12,Surrey Police,Northumbria Police,-1.383595,54.913747,On or near Back North Bridge Street,E01008791,Sunderland 006F,Anti-social behaviour,,
,2015-12,Surrey Police,Northumbria Police,-1.381543,54.915336,On or near Monk Street,E01008791,Sunderland 006F,Anti-social behaviour,,
,2015-12,Surrey Police,Northumbria Police,-1.377925,54.915273,On or near Dixon'S Square,E01008791,Sunderland 006F,Anti-social behaviour,,
,2015-12,Surrey Police,Northumbria Police,-1.380886,54.913419,On or near Dundas Street,E01008791,Sunderland 006F,Anti-social behaviour,,
,2015-12,Surrey Police,Northumbria Police,-1.377925,54.915273,On or near Dixon'S Square,E01008791,Sunderland 006F,Anti-social behaviour,,
,2015-12,Surrey Police,Northumbria Police,-1.380267,54.915123,On or near Roker Avenue,E01008791,Sunderland 006F,Anti-social behaviour,,
,2015-12,Surrey Police,Northumbria Police,-1.384312,54.910740,On or near Parking Area,E01008791,Sunderland 006F,Anti-social behaviour,,
,2015-12,Surrey Police,Northumbria Police,-1.380886,54.913419,On or near Dundas Street,E01008791,Sunderland 006F,Anti-social behaviour,,
,2015-12,Surrey Police,Northumbria Police,-1.380886,54.913419,On or near Dundas Street,E01008791,Sunderland 006F,Anti-social behaviour,,
,2015-12,Surrey Police,Northumbria Police,-1.377925,54.915273,On or near Dixon'S Square,E01008791,Sunderland 006F,Anti-social behaviour,,
,2015-12,Surrey Police,Northumbria Police,-1.383171,54.912900,On or near North Bridge Street,E01008791,Sunderland 006F,Anti-social behaviour,,
,2015-12,Surrey Police,Northumbria Police,-1.382695,54.912439,On or near Barclay Street,E01008791,Sunderland 006F,Anti-social behaviour,,
,2015-12,Surrey Police,Northumbria Police,-1.382352,54.914424,On or near North Bridge Street,E01008791,Sunderland 006F,Anti-social behaviour,,
,2015-12,Surrey Police,Northumbria Police,-1.381543,54.915336,On or near Monk Street,E01008791,Sunderland 006F,Anti-social behaviour,,
a9dbcbc693c5e36f23d07131daa1d6af5e0e4a492339931bcac16787f7ac9d82,2015-12,Surrey Police,Northumbria Police,-1.379549,54.912136,On or near Dame Dorothy Street,E01008791,Sunderland 006F,Bicycle theft,Investigation complete; no suspect identified,
e3df02c535a53979a19aec2be02102d25e1d7a92820e5f74216bf32e7e51e3a6,2015-12,Surrey Police,Northumbria Police,-1.380186,54.911258,On or near Palmer'S Hill Road,E01008791,Sunderland 006F,Burglary,Investigation complete; no suspect identified,
52496c97a6a0388e4ba7a4846aec031bcf54938df482e70cdf0ca6250c78f255,2015-12,Surrey Police,Northumbria Police,-1.380186,54.911258,On or near Palmer'S Hill Road,E01008791,Sunderland 006F,Burglary,Investigation complete; no suspect identified,
a1a90d3cd737fd22b4948a7dfbbd7b8dec6c4ae2e1a2f10daf3fec17a22a6e04,2015-12,Surrey Police,Northumbria Police,-1.384312,54.910740,On or near Parking Area,E01008791,Sunderland 006F,Criminal damage and arson,Investigation complete; no suspect identified,
9a180a8e7b4e28f610fa6d7c3e0845359fc2ca1a6ab6e5543b9ad64b3fcd9a90,2015-12,Surrey Police,Northumbria Police,-1.383595,54.913747,On or near Back North Bridge Street,E01008791,Sunderland 006F,Other theft,Investigation complete; no suspect identified,
7f0e99d6c993de27220d60062158ff44b0b977a356fe6f1a452a09a8c3b7c61c,2015-12,Surrey Police,Northumbria Police,-1.378757,54.913884,On or near Whitburn Street,E01008791,Sunderland 006F,Possession of weapons,Offender given community sentence,
2dfd2cbedcc714d0e90405b1259b1767b48f7887dd2f02bd7caf23446466ebdf,2015-12,Surrey Police,Northumbria Police,-1.382695,54.912439,On or near Barclay Street,E01008791,Sunderland 006F,Possession of weapons,Awaiting court outcome,
807968c1e64ad06c175504cd491ad3292ca6678c43908debd4eea853ed528b80,2015-12,Surrey Police,Northumbria Police,-1.380886,54.913419,On or near Dundas Street,E01008791,Sunderland 006F,Public order,Under investigation,
bc21820b9ef1023a1b2ec3b6cb07bbec40af33b5a179284af5ae563e1b9a6454,2015-12,Surrey Police,Northumbria Police,-1.380886,54.913419,On or near Dundas Street,E01008791,Sunderland 006F,Public order,Offender otherwise dealt with,
b8c99f94b313d66aedb5cba61ba9632bca3495635dc2a99440795198ac15e607,2015-12,Surrey Police,Northumbria Police,-1.383595,54.913747,On or near Back North Bridge Street,E01008791,Sunderland 006F,Public order,Investigation complete; no suspect identified,
9607f58f272fad67d364b6291515af8fb8731b6557422241217acad23dee2500,2015-12,Surrey Police,Northumbria Police,-1.377925,54.915273,On or near Dixon'S Square,E01008791,Sunderland 006F,Public order,Investigation complete; no suspect identified,
7dd8dbc60d42251cee96914d69f3b8565809a3d702ed22c26b92bbd6d8bfa164,2015-12,Surrey Police,Northumbria Police,-1.377925,54.915273,On or near Dixon'S Square,E01008791,Sunderland 006F,Shoplifting,Investigation complete; no suspect identified,
92f5a5c651c117a434dde01eac28abe20e4d20bcb7be35b02f73345edad9e519,2015-12,Surrey Police,Northumbria Police,-1.383171,54.912900,On or near North Bridge Street,E01008791,Sunderland 006F,Shoplifting,Under investigation,
d32d66305ad5b9fa8587cb92423543fa1199d6b4eb7458ee7401aae3846ecb44,2015-12,Surrey Police,Northumbria Police,-1.375800,54.915478,On or near Whickham Street,E01008791,Sunderland 006F,Shoplifting,Investigation complete; no suspect identified,
10d1a169d4e1dcfa875c67a0fa8ea12757ee05a1006a98fec7480ad567883082,2015-12,Surrey Police,Northumbria Police,-1.375800,54.915478,On or near Whickham Street,E01008791,Sunderland 006F,Shoplifting,Investigation complete; no suspect identified,
5fa732b9c463e2db82c770a1077707a896937b64bb413fe879a8e7abb01dd396,2015-12,Surrey Police,Northumbria Police,-1.383171,54.912900,On or near North Bridge Street,E01008791,Sunderland 006F,Shoplifting,Investigation complete; no suspect identified,
886a9855ca3db715e25320bf2b63b71900664cca36793a7e7e95a2bbcfc32e7f,2015-12,Surrey Police,Northumbria Police,-1.386628,54.913304,On or near Stobart Street,E01008791,Sunderland 006F,Vehicle crime,Investigation complete; no suspect identified,
ad521db86d50d6258a20ae7b2491c986d6ff7b08039272b424bd1fff1ef3e4a0,2015-12,Surrey Police,Northumbria Police,-1.377896,54.914077,On or near Lower Dundas Street,E01008791,Sunderland 006F,Violence and sexual offences,Under investigation,
d49de03e6ae9f084d8ffbb0bb2bb7985fa569c996b5449da51bc3f7ee79350ea,2015-12,Surrey Police,Northumbria Police,-1.377925,54.915273,On or near Dixon'S Square,E01008791,Sunderland 006F,Violence and sexual offences,Investigation complete; no suspect identified,
ee85a92ec2dc213ff45d5023b396c7d83125969fd7b570f2e6302c42913e0b13,2015-12,Surrey Police,Northumbria Police,-1.381543,54.915336,On or near Monk Street,E01008791,Sunderland 006F,Violence and sexual offences,Investigation complete; no suspect identified,
6cf883ba126c989d7dbb27d32140b6508a1e08fe585d0f196d5f4660ec7302dd,2015-12,Surrey Police,Northumbria Police,-1.383595,54.913747,On or near Back North Bridge Street,E01008791,Sunderland 006F,Violence and sexual offences,Under investigation,
2e863e7a02ef321b4e2ea484f3a4ca44aa1ea0b9877bfde2a9d9e593ff4b25e5,2015-12,Surrey Police,Northumbria Police,-1.383595,54.913747,On or near Back North Bridge Street,E01008791,Sunderland 006F,Violence and sexual offences,Investigation complete; no suspect identified,
597e24d33da180a225839677039e781ed95613a23b76134722d7b5f853e51a3c,2015-12,Surrey Police,Northumbria Police,-1.380886,54.913419,On or near Dundas Street,E01008791,Sunderland 006F,Violence and sexual offences,Under investigation,
ef5cf70bdfd360e86601d7cb78871ce42ad5ddb0409c37dc1ca9a4a315e4fbe5,2015-12,Surrey Police,Northumbria Police,-1.377925,54.915273,On or near Dixon'S Square,E01008791,Sunderland 006F,Violence and sexual offences,Investigation complete; no suspect identified,
19ef88659dae47f0e943d413e392598a2e369967d1d7f62e79d92ee0f846ea9d,2015-12,Surrey Police,Northumbria Police,-1.383595,54.913747,On or near Back North Bridge Street,E01008791,Sunderland 006F,Violence and sexual offences,Investigation complete; no suspect identified,
5e674d981c85e9791f1683dda3e9c552690077806bec221ec3acdc0114fdfcde,2015-12,Surrey Police,Northumbria Police,-1.373318,54.916606,On or near Whickham Street East,E01008791,Sunderland 006F,Violence and sexual offences,Under investigation,
135541cb5977d0ce9b2131277a94432f4da7bfcb330723007ccdc9b6b256af79,2015-12,Surrey Police,Northumbria Police,-1.384312,54.910740,On or near Parking Area,E01008791,Sunderland 006F,Violence and sexual offences,Under investigation,
d8ad2a9ae381c464d4f65dd298e64e38baeea86aa59fc26a21361377bc78f47b,2015-12,Surrey Police,Northumbria Police,-1.384312,54.910740,On or near Parking Area,E01008791,Sunderland 006F,Violence and sexual offences,Under investigation,
b0761e633ea65c95f792dc1c4d5ab0651a1ab85449c429e785e992d23d95468c,2015-12,Surrey Police,Northumbria Police,-1.372290,54.914498,On or near Liberty Way,E01008791,Sunderland 006F,Violence and sexual offences,Under investigation,
4ab7f1833de8d8366c0997752b1a7908385f10723ae1443a78a405b3dbfc36e6,2015-12,Surrey Police,Northumbria Police,-1.380267,54.915123,On or near Roker Avenue,E01008791,Sunderland 006F,Other crime,Under investigation,
,2015-12,Surrey Police,Northumbria Police,-1.503557,54.905669,On or near Barmston Way,E01008855,Sunderland 007A,Anti-social behaviour,,
,2015-12,Surrey Police,Northumbria Police,-1.509398,54.916539,On or near Pensher View,E01008855,Sunderland 007A,Anti-social behaviour,,
,2015-12,Surrey Police,Northumbria Police,-1.512342,54.916974,On or near Gayton Road,E01008855,Sunderland 007A,Anti-social behaviour,,
,2015-12,Surrey Police,Northumbria Police,-1.512342,54.916974,On or near Gayton Road,E01008855,Sunderland 007A,Anti-social behaviour,,
,2015-12,Surrey Police,Northumbria Police,-1.512342,54.916974,On or near Gayton Road,E01008855,Sunderland 007A,Anti-social behaviour,,
,2015-12,Surrey Police,Northumbria Police,-1.503557,54.905669,On or near Barmston Way,E01008855,Sunderland 007A,Anti-social behaviour,,
,2015-12,Surrey Police,Northumbria Police,-1.509398,54.916539,On or near Pensher View,E01008855,Sunderland 007A,Anti-social behaviour,,
,2015-12,Surrey Police,Northumbria Police,-1.513694,54.914759,On or near Helmdon,E01008855,Sunderland 007A,Anti-social behaviour,,
,2015-12,Surrey Police,Northumbria Police,-1.513694,54.914759,On or near Helmdon,E01008855,Sunderland 007A,Anti-social behaviour,,
e42529a61c3af712de18fb1ad15d64ebc9fe50a09df01eaa0cb0c3968a3a199f,2015-12,Surrey Police,Northumbria Police,-1.519519,54.928693,On or near Sports/Recreation Area,E01008855,Sunderland 007A,Burglary,Investigation complete; no suspect identified,
7285865174359d407c6bfc7a7d7007d6adde1ffc982764c3bb2cec49d6d50c69,2015-12,Surrey Police,Northumbria Police,-1.513694,54.914759,On or near Helmdon,E01008855,Sunderland 007A,Burglary,Under investigation,
908add3099f56b48261201b4d7702f7d8dda801a0698c0f970f4ff6099238c86,2015-12,Surrey Police,Northumbria Police,-1.510973,54.916591,On or near Brackley,E01008855,Sunderland 007A,Criminal damage and arson,Investigation complete; no suspect identified,
b30f54a35fc50da16c2920c472b2285ef72e74c8a7e3cc25611c8a84339653b1,2015-12,Surrey Police,Northumbria Police,-1.510535,54.924443,On or near Merevale Close,E01008855,Sunderland 007A,Criminal damage and arson,Under investigation,
de991d194fdb97a2101f0e0f9ca04f4954cc363f551885a7681da1e5a95ad8e5,2015-12,Surrey Police,Northumbria Police,-1.512272,54.917611,On or near Cornwallis,E01008855,Sunderland 007A,Criminal damage and arson,Under investigation,
79b0ee10e519befeb37d663418bab2e039883565c7bd8a4880dd449977a9d0ea,2015-12,Surrey Police,Northumbria Police,-1.471210,54.924835,On or near Sports/Recreation Area,E01008855,Sunderland 007A,Other theft,Investigation complete; no suspect identified,
ed01456447c09fe0d7198f26b7cdbf01e0ba81a4f4f12a2098ca0c479e0cffe4,2015-12,Surrey Police,Northumbria Police,-1.471210,54.924835,On or near Sports/Recreation Area,E01008855,Sunderland 007A,Other theft,Investigation complete; no suspect identified,
b349c47a5c1ebe6bab2e17e5c5e022a832c4b6dcfd351e2c41cd82d85a9b7cd5,2015-12,Surrey Police,Northumbria Police,-1.471210,54.924835,On or near Sports/Recreation Area,E01008855,Sunderland 007A,Other theft,Offender given a caution,
4d98cd1022f9dd06bbcf8053d0a116fc1486abbebcc522a8bf28fb30008b258b,2015-12,Surrey Police,Northumbria Police,-1.512272,54.917611,On or near Cornwallis,E01008855,Sunderland 007A,Public order,Under investigation,
0461561d1a324d5adb6bddbac2a8be3a31bf14fc11ebfd1959ce245376667b7a,2015-12,Surrey Police,Northumbria Police,-1.471210,54.924835,On or near Sports/Recreation Area,E01008855,Sunderland 007A,Public order,Under investigation,
cd64b38f9ef526f600e871c4f3f518e5298015b6d17f81ef17c38878420e5fc7,2015-12,Surrey Police,Northumbria Police,-1.507007,54.916943,On or near Sulgrave Road,E01008855,Sunderland 007A,Violence and sexual offences,Under investigation,
aa2f03b85ceba9837b170afff4af6ae0ccc72dba7d26417f337cb1d5ede7aaf4,2015-12,Surrey Police,Northumbria Police,-1.471210,54.924835,On or near Sports/Recreation Area,E01008855,Sunderland 007A,Violence and sexual offences,Under investigation,
26de6e8f8ff00bef7cc73b0e3d4c10bae748110df1209641c182a327e266783e,2015-12,Surrey Police,Northumbria Police,-1.471210,54.924835,On or near Sports/Recreation Area,E01008855,Sunderland 007A,Violence and sexual offences,Under investigation,
0c2f0d0c242b40b42edda914cb9dfea63ac74b44ce8cb0def01ccba1c82295bf,2015-12,Surrey Police,Northumbria Police,-1.513694,54.914759,On or near Helmdon,E01008855,Sunderland 007A,Violence and sexual offences,Investigation complete; no suspect identified,
502839ba10df5f42a238250fca08b18669ef246d0406ace4423b2f665db2d940,2015-12,Surrey Police,Northumbria Police,-1.512272,54.917611,On or near Cornwallis,E01008855,Sunderland 007A,Violence and sexual offences,Under investigation,
,2015-12,Surrey Police,Northumbria Police,-1.524585,54.918577,On or near Heworth Road,E01008856,Sunderland 007B,Anti-social behaviour,,
,2015-12,Surrey Police,Northumbria Police,-1.527057,54.921956,On or near Turnberry Close,E01008856,Sunderland 007B,Anti-social behaviour,,
eace75790ed443c4ef86039b8efd22e2ad6a893492379df772c6b01ec94f80df,2015-12,Surrey Police,Northumbria Police,-1.524585,54.918577,On or near Heworth Road,E01008856,Sunderland 007B,Burglary,Under investigation,
a7026fd1593785dffe84037a09c1e15dabc381faec1957965a19b4b24c340945,2015-12,Surrey Police,Northumbria Police,-1.522634,54.919899,On or near Westmorland Avenue,E01008856,Sunderland 007B,Burglary,Under investigation,
a4e0f99830885c9a5b837c28c0956e6298f9af1b63902946a07c91554c73622f,2015-12,Surrey Police,Northumbria Police,-1.522634,54.919899,On or near Westmorland Avenue,E01008856,Sunderland 007B,Criminal damage and arson,Investigation complete; no suspect identified,
81a031f448fbac6189d18a0d5017e6d5314096e19b41f408f81bb6cb3933216e,2015-12,Surrey Police,Northumbria Police,-1.520838,54.920099,On or near Hampshire Place,E01008856,Sunderland 007B,Criminal damage and arson,Investigation complete; no suspect identified,
4fc164266519575b7d017198a21e74eec4dbaba6d3aabd806f4166d323f1de50,2015-12,Surrey Police,Northumbria Police,-1.523056,54.921204,On or near Norfolk Drive,E01008856,Sunderland 007B,Criminal damage and arson,Awaiting court outcome,
6350ea9f6607379bd74e6dd422b5432f341b3016bb7c5877c4e0b10de42faedd,2015-12,Surrey Police,Northumbria Police,-1.528578,54.921243,On or near Lytham Close,E01008856,Sunderland 007B,Other theft,Investigation complete; no suspect identified,
fe808956916101db949ef38895fd0a56851479f01559b8efc6ba4d25ad87b872,2015-12,Surrey Police,Northumbria Police,-1.523781,54.917962,On or near Heathlea Place,E01008856,Sunderland 007B,Public order,Under investigation,
9d1832d0f537efeb59a3a6096f2762ec9ef4529d9c507d40eeb1340a18e20940,2015-12,Surrey Police,Northumbria Police,-1.519159,54.920919,On or near Cumberland Way,E01008856,Sunderland 007B,Vehicle crime,Investigation complete; no suspect identified,
8d501ad146eb97f472fb8393a98f2263c9380546983e8b4e1ca77866752cf29b,2015-12,Surrey Police,Northumbria Police,-1.522972,54.923037,On or near Further/Higher Educational Building,E01008856,Sunderland 007B,Vehicle crime,Investigation complete; no suspect identified,
990f4d13e57867ba9c07bb871c34a5be81d8585bbd0b9c384bcdcafaf5d5b151,2015-12,Surrey Police,Northumbria Police,-1.527894,54.922418,On or near Blackheath Close,E01008856,Sunderland 007B,Violence and sexual offences,Under investigation,
079effe0bd70c02a96107469e864e0cb4a1f6667711c6ab5e32dfe44db51bcdb,2015-12,Surrey Police,Northumbria Police,-1.526240,54.918457,On or near Parking Area,E01008856,Sunderland 007B,Violence and sexual offences,Investigation complete; no suspect identified,
fc5a7f1b2514c9b3b261cee54994af0aacf2f64367a4ded91c5276a71ac70efe,2015-12,Surrey Police,Northumbria Police,-1.527894,54.922418,On or near Blackheath Close,E01008856,Sunderland 007B,Other crime,Under investigation,
,2015-12,Surrey Police,Northumbria Police,-1.530991,54.923059,On or near Wentworth Drive,E01008876,Sunderland 007C,Anti-social behaviour,,
,2015-12,Surrey Police,Northumbria Police,-1.534476,54.917204,On or near Well Bank Road,E01008876,Sunderland 007C,Anti-social behaviour,,
,2015-12,Surrey Police,Northumbria Police,-1.530991,54.923059,On or near Wentworth Drive,E01008876,Sunderland 007C,Anti-social behaviour,,
,2015-12,Surrey Police,Northumbria Police,-1.533993,54.921210,On or near Birkdale Close,E01008876,Sunderland 007C,Anti-social behaviour,,
,2015-12,Surrey Police,Northumbria Police,-1.531495,54.919987,On or near Serlby Close,E01008876,Sunderland 007C,Anti-social behaviour,,
,2015-12,Surrey Police,Northumbria Police,-1.533368,54.919923,On or near High Croft,E01008876,Sunderland 007C,Anti-social behaviour,,
,2015-12,Surrey Police,Northumbria Police,-1.539028,54.921535,On or near Beechcroft,E01008876,Sunderland 007C,Anti-social behaviour,,
,2015-12,Surrey Police,Northumbria Police,-1.539028,54.921535,On or near Beechcroft,E01008876,Sunderland 007C,Anti-social behaviour,,
,2015-12,Surrey Police,Northumbria Police,-1.531495,54.919987,On or near Serlby Close,E01008876,Sunderland 007C,Anti-social behaviour,,
646a337a16074c82a5db890e518a850c5b9ed9ebca4e5278ab7a51e9ab665c29,2015-12,Surrey Police,Northumbria Police,-1.521291,54.925259,On or near Foxton Hall,E01008876,Sunderland 007C,Other theft,Investigation complete; no suspect identified,
086fb77ed93b60bd1d06b0b5ff8f2c1d5a1b44ae63c36e3e986e7822fe1fcbf8,2015-12,Surrey Police,Northumbria Police,-1.521291,54.925259,On or near Foxton Hall,E01008876,Sunderland 007C,Other theft,Investigation complete; no suspect identified,
c4de02cbe8964c8191fca141268c3889a687db8834228c50867b8384959cf1f1,2015-12,Surrey Police,Northumbria Police,-1.531495,54.919987,On or near Serlby Close,E01008876,Sunderland 007C,Possession of weapons,Under investigation,
faabe57791c476df57d4398cd06f2214fac91b94389597897352231f2d46ff68,2015-12,Surrey Police,Northumbria Police,-1.534476,54.917204,On or near Well Bank Road,E01008876,Sunderland 007C,Public order,Under investigation,
63741bc73b07d2ca9ceefd9f8d714b57f8b5a6d977bfcf16974c8dbef497014a,2015-12,Surrey Police,Northumbria Police,-1.532923,54.921943,On or near Pedestrian Subway,E01008876,Sunderland 007C,Violence and sexual offences,Investigation complete; no suspect identified,
72914429cb9abd2bae4839c16fb1e5cc5ff30c530b44b3f074f252f4e94cfd89,2015-12,Surrey Police,Northumbria Police,-1.533368,54.919923,On or near High Croft,E01008876,Sunderland 007C,Violence and sexual offences,Under investigation,
b0c2829f20b0bed5e5d99612a298ba4aeeb563ed4e28d22d0b0b0d4f061e3658,2015-12,Surrey Police,Northumbria Police,-1.534476,54.917204,On or near Well Bank Road,E01008876,Sunderland 007C,Violence and sexual offences,Investigation complete; no suspect identified,
,2015-12,Surrey Police,Northumbria Police,-1.550522,54.917768,On or near Stafford Villas,E01008877,Sunderland 007D,Anti-social behaviour,,
fe5293d47e519399e52e0a0f3f718b73e9d1f4ed8d91cefd571a9c6424b34f8c,2015-12,Surrey Police,Northumbria Police,-1.559247,54.928763,On or near Leam Lane,E01008877,Sunderland 007D,Criminal damage and arson,Investigation complete; no suspect identified,
d6b023d91434da6a994724923aa95ccac569d63a56a30ec6893c76b64b4ae7a3,2015-12,Surrey Police,Northumbria Police,-1.556769,54.920001,On or near Windsor Road,E01008877,Sunderland 007D,Other theft,Investigation complete; no suspect identified,
091fd44f12491cfba288568665298679f1e8d2defc3c3685bd7d06de7430717d,2015-12,Surrey Police,Northumbria Police,-1.554036,54.920216,On or near Springwell Road,E01008877,Sunderland 007D,Shoplifting,Awaiting court outcome,
1315127ce1050580b54cc8af7cbc58d371b9d6ce7ed3ab26c75280db546bf544,2015-12,Surrey Police,Northumbria Police,-1.554875,54.921998,On or near Somerford,E01008877,Sunderland 007D,Violence and sexual offences,Under investigation,
3657a249ef977e7b3a66ae7b0eeb088b491097b727aa9582c2f997e65191b5c0,2015-12,Surrey Police,Northumbria Police,-1.554036,54.920216,On or near Springwell Road,E01008877,Sunderland 007D,Violence and sexual offences,Awaiting court outcome,
db61135a6d8e9ef9f4e756dd9574e8b97e738eeef7494baf05d15096961bdfd4,2015-12,Surrey Police,Northumbria Police,-1.554036,54.920216,On or near Springwell Road,E01008877,Sunderland 007D,Violence and sexual offences,Awaiting court outcome,
,2015-12,Surrey Police,Northumbria Police,-1.447208,54.918339,On or near Cartwright Road,E01008693,Sunderland 008A,Anti-social behaviour,,
,2015-12,Surrey Police,Northumbria Police,-1.445130,54.920828,On or near Craigavon Road,E01008693,Sunderland 008A,Anti-social behaviour,,
,2015-12,Surrey Police,Northumbria Police,-1.431829,54.918098,On or near Supermarket,E01008693,Sunderland 008A,Anti-social behaviour,,
,2015-12,Surrey Police,Northumbria Police,-1.426348,54.918458,On or near Hylton Park Road,E01008693,Sunderland 008A,Anti-social behaviour,,
,2015-12,Surrey Police,Northumbria Police,-1.446685,54.916648,On or near Hylton Castle Road,E01008693,Sunderland 008A,Anti-social behaviour,,
,2015-12,Surrey Police,Northumbria Police,-1.426348,54.918458,On or near Hylton Park Road,E01008693,Sunderland 008A,Anti-social behaviour,,
df2f24f51e8652723983fc3fa023e8511d86b647d34f7568f5d472a1bf8022ed,2015-12,Surrey Police,Northumbria Police,-1.431829,54.918098,On or near Supermarket,E01008693,Sunderland 008A,Burglary,Investigation complete; no suspect identified,
a9d91d875c620c03beed6983b51f0c692a3707f79a3d10455ac2feb5a14f4aae,2015-12,Surrey Police,Northumbria Police,-1.447208,54.918339,On or near Cartwright Road,E01008693,Sunderland 008A,Criminal damage and arson,Investigation complete; no suspect identified,
5e83034665e90d4acf563dd145426d283246ecfd53412fc9df2e18a942c47c75,2015-12,Surrey Police,Northumbria Police,-1.446685,54.916648,On or near Hylton Castle Road,E01008693,Sunderland 008A,Criminal damage and arson,Under investigation,
be0a9d167ae138a063229bb343695e3c238a997486b8965958569b8ac49dd1a3,2015-12,Surrey Police,Northumbria Police,-1.447208,54.918339,On or near Cartwright Road,E01008693,Sunderland 008A,Criminal damage and arson,Under investigation,
8d0e676aec42ebb67ed209bbe38a4784e02d801e2c973b0715ecc7851bc97865,2015-12,Surrey Police,Northumbria Police,-1.447208,54.918339,On or near Cartwright Road,E01008693,Sunderland 008A,Drugs,Local resolution,
09c886c8dd83acd2280ac80a837cb302f84a00d54aff10fc161f2a5f3544224a,2015-12,Surrey Police,Northumbria Police,-1.436903,54.917807,On or near East View,E01008693,Sunderland 008A,Other theft,Investigation complete; no suspect identified,
6ab97dc837afa69551b0512f3c1f901fcd9361a21d9492ee1bc18cc0c96d4eb6,2015-12,Surrey Police,Northumbria Police,-1.426348,54.918458,On or near Hylton Park Road,E01008693,Sunderland 008A,Other theft,Under investigation,
fb1b9f6ba613a617e338f27415a0f16e2fe6fc3282fdcacfc0e175719d6b1f6e,2015-12,Surrey Police,Northumbria Police,-1.447208,54.918339,On or near Cartwright Road,E01008693,Sunderland 008A,Public order,Under investigation,
b15d1e727942fbc7cc2331e5298a4f7bd1013f56ca0c4486fd8120acf76af09e,2015-12,Surrey Police,Northumbria Police,-1.431829,54.918098,On or near Supermarket,E01008693,Sunderland 008A,Shoplifting,Offender fined,
ce5f624a72f451f82cd2cddefe5ffeeae8737813711d970865266e18167a80b5,2015-12,Surrey Police,Northumbria Police,-1.426348,54.918458,On or near Hylton Park Road,E01008693,Sunderland 008A,Shoplifting,Under investigation,
2a65ac385214581e35837099cde19103f3328aba9e471a4a54dadfe50c1b7c4a,2015-12,Surrey Police,Northumbria Police,-1.431829,54.918098,On or near Supermarket,E01008693,Sunderland 008A,Shoplifting,Investigation complete; no suspect identified,
d86b702705800cdcbd1cb79db77f29a5b4057f210e83864095089bd7383854e2,2015-12,Surrey Police,Northumbria Police,-1.426348,54.918458,On or near Hylton Park Road,E01008693,Sunderland 008A,Shoplifting,Under investigation,
70fba1fff1b7a90654ea82627a3db2322cade27223776588fa624f3645265f70,2015-12,Surrey Police,Northumbria Police,-1.440983,54.917188,On or near Sheppard Terrace,E01008693,Sunderland 008A,Violence and sexual offences,Offender given a caution,
a885300f55fd0bb1dd75b1185333fb82ee10bbaa708d61c6843084faacd7bb6d,2015-12,Surrey Police,Northumbria Police,-1.426963,54.922370,On or near North Hylton Road,E01008693,Sunderland 008A,Violence and sexual offences,Investigation complete; no suspect identified,
8abd60f92e4950210d373033c048d057befc81b52eece6b8bbbe1441e4b2361b,2015-12,Surrey Police,Northumbria Police,-1.436903,54.917807,On or near East View,E01008693,Sunderland 008A,Violence and sexual offences,Under investigation,
3269371a975e071967f42c8717c4f7b384476bc6ca155669abde1f8cde68afe9,2015-12,Surrey Police,Northumbria Police,-1.437212,54.919156,On or near North View,E01008693,Sunderland 008A,Violence and sexual offences,Under investigation,
52fb3ec480f3df99559eae93b47c0bdbd914169f099d3668bba3b6fd9372d017,2015-12,Surrey Police,Northumbria Police,-1.426348,54.918458,On or near Hylton Park Road,E01008693,Sunderland 008A,Violence and sexual offences,Offender given a caution,
017540020b3bab751d4056930405f57915d6cdb7fe55c42fe125292ccb81777e,2015-12,Surrey Police,Northumbria Police,-1.436903,54.917807,On or near East View,E01008693,Sunderland 008A,Other crime,Under investigation,
05172efc244cbf9a612123a214414366907c413cdb6fa7548f07270918f53576,2015-12,Surrey Police,Northumbria Police,-1.437212,54.919156,On or near North View,E01008693,Sunderland 008A,Other crime,Under investigation,
,2015-12,Surrey Police,Northumbria Police,-1.445671,54.923464,On or near Coleridge Road,E01008694,Sunderland 008B,Anti-social behaviour,,
,2015-12,Surrey Police,Northumbria Police,-1.445671,54.923464,On or near Coleridge Road,E01008694,Sunderland 008B,Anti-social behaviour,,
,2015-12,Surrey Police,Northumbria Police,-1.450663,54.922345,On or near Cheltenham Road,E01008694,Sunderland 008B,Anti-social behaviour,,
,2015-12,Surrey Police,Northumbria Police,-1.445671,54.923464,On or near Coleridge Road,E01008694,Sunderland 008B,Anti-social behaviour,,
,2015-12,Surrey Police,Northumbria Police,-1.445671,54.923464,On or near Coleridge Road,E01008694,Sunderland 008B,Anti-social behaviour,,
62f6745c027d6b4abfa57b43b247c69e0b8ce58bfc0591eeeed14bc736b82d73,2015-12,Surrey Police,Northumbria Police,-1.450663,54.922345,On or near Cheltenham Road,E01008694,Sunderland 008B,Criminal damage and arson,Investigation complete; no suspect identified,
7140d04a8f39b3061d9502a24f3844931a4c5b634599a0281573ac6ee39250a0,2015-12,Surrey Police,Northumbria Police,-1.447163,54.923893,On or near Coverley Road,E01008694,Sunderland 008B,Criminal damage and arson,Investigation complete; no suspect identified,
8c9175785745eb933475d40a702169750d0b671744eabd0210f18008169cefa7,2015-12,Surrey Police,Northumbria Police,-1.447163,54.923893,On or near Coverley Road,E01008694,Sunderland 008B,Criminal damage and arson,Investigation complete; no suspect identified,
ab26d5970f0dc47f49cf1673a4b3c06bd454fa695e3d58a2d3f9e75a7ed5fee9,2015-12,Surrey Police,Northumbria Police,-1.446468,54.922182,On or near Cowdray Road,E01008694,Sunderland 008B,Other theft,Investigation complete; no suspect identified,
34ebba600ee890bb2729416bbe342827339500b7dcef28109a99b370d77e0c01,2015-12,Surrey Police,Northumbria Police,-1.454379,54.922182,On or near Corinthian Square,E01008694,Sunderland 008B,Other theft,Investigation complete; no suspect identified,
517e1e30a7beb60686054ed3ae630ed3738ef963fcada11707b797bad0711671,2015-12,Surrey Police,Northumbria Police,-1.452014,54.922818,On or near Supermarket,E01008694,Sunderland 008B,Shoplifting,Investigation complete; no suspect identified,
6e8159997830217781903eefd13ee290ca99d336168cf76f284de43ce0b8a9a4,2015-12,Surrey Police,Northumbria Police,-1.450663,54.922345,On or near Cheltenham Road,E01008694,Sunderland 008B,Violence and sexual offences,Under investigation,
,2015-12,Surrey Police,Northumbria Police,-1.456151,54.920357,On or near Hepburn Grove,E01008695,Sunderland 008C,Anti-social behaviour,,
,2015-12,Surrey Police,Northumbria Police,-1.458472,54.919424,On or near Cardiff Square,E01008695,Sunderland 008C,Anti-social behaviour,,
b9548cc07a571dcb8c314b9697ee89e971551571c1f17622850fc698759577ef,2015-12,Surrey Police,Northumbria Police,-1.457163,54.911204,On or near Hylton Grange,E01008695,Sunderland 008C,Criminal damage and arson,Investigation complete; no suspect identified,
c35853ebaecb1b0ba11ed01e18ebf0949f5059e3d5778f4a3c240125ba6d2234,2015-12,Surrey Police,Northumbria Police,-1.454047,54.920204,On or near Cheam Road,E01008695,Sunderland 008C,Criminal damage and arson,Investigation complete; no suspect identified,
a31c94177b679f2bfb19146b25ee7a8d95dad288cddc34143f35c96eefcdc180,2015-12,Surrey Police,Northumbria Police,-1.439300,54.913693,On or near Defender Court,E01008695,Sunderland 008C,Other theft,Investigation complete; no suspect identified,
83ba38533791f74ac89d1ccb86a38c4fd60160e511b2d5911761dcabfc167b55,2015-12,Surrey Police,Northumbria Police,-1.458456,54.917141,On or near Calais Road,E01008695,Sunderland 008C,Public order,Under investigation,
f3f766297cea824157d7859c80792d50c198c5f50666de876caa99c090a0b4a4,2015-12,Surrey Police,Northumbria Police,-1.456151,54.920357,On or near Hepburn Grove,E01008695,Sunderland 008C,Violence and sexual offences,Under investigation,
e56f6f53f939927330fc62d89648b432ff531054e99942f6a91cfcf5dc08ab39,2015-12,Surrey Police,Northumbria Police,-1.457142,54.917432,On or near Colombo Road,E01008696,Sunderland 008D,Drugs,Local resolution,
,2015-12,Surrey Police,Northumbria Police,-1.438693,54.918085,On or near Linnet Grove,E01008697,Sunderland 008E,Anti-social behaviour,,
,2015-12,Surrey Police,Northumbria Police,-1.442604,54.913942,On or near Wessington Way,E01008697,Sunderland 008E,Anti-social behaviour,,
,2015-12,Surrey Police,Northumbria Police,-1.438693,54.918085,On or near Linnet Grove,E01008697,Sunderland 008E,Anti-social behaviour,,
7f551d8d178f7caed5b47ce81680fa1381fc85d590b31c330ae0a7a5e0380722,2015-12,Surrey Police,Northumbria Police,-1.442604,54.913942,On or near Wessington Way,E01008697,Sunderland 008E,Burglary,Investigation complete; no suspect identified,
58b300860c9a2d78a6eaef757395ea8c002684e18e3fcb8a7ac1340131dbe5d1,2015-12,Surrey Police,Northumbria Police,-1.439682,54.917640,On or near Oswald Terrace,E01008697,Sunderland 008E,Criminal damage and arson,Investigation complete; no suspect identified,
3ef2694b41e8fa98c959ed7fc9f08e166937ef16a844163c3365e5d14fd24f28,2015-12,Surrey Police,Northumbria Police,-1.438693,54.918085,On or near Linnet Grove,E01008697,Sunderland 008E,Criminal damage and arson,Investigation complete; no suspect identified,
50f7120bd8fc3a31753e1460a0d97a281bb790f1f2ca926b1154af77ec1c9b83,2015-12,Surrey Police,Northumbria Police,-1.438693,54.918085,On or near Linnet Grove,E01008697,Sunderland 008E,Criminal damage and arson,Investigation complete; no suspect identified,
e2199a357641c5a07ca2aee6d1b655808d4061fb86ca736d2ee11d824ade25ed,2015-12,Surrey Police,Northumbria Police,-1.440462,54.917662,On or near Stanley Street,E01008697,Sunderland 008E,Other theft,Investigation complete; no suspect identified,
1813a5325582394ea1c6d0b2f372c4a58d21ab8f399c4981b44d5f134710cde9,2015-12,Surrey Police,Northumbria Police,-1.437375,54.917477,On or near Wren Grove,E01008697,Sunderland 008E,Other theft,Investigation complete; no suspect identified,
50285a785f75aa7a3251649112d246c72671a817021156899d55a06312f4ba6f,2015-12,Surrey Police,Northumbria Police,-1.449338,54.913137,On or near Gordon Avenue,E01008697,Sunderland 008E,Vehicle crime,Under investigation,
,2015-12,Surrey Police,Northumbria Police,-1.456919,54.924728,On or near Craigshaw Square,E01008699,Sunderland 008F,Anti-social behaviour,,
,2015-12,Surrey Police,Northumbria Police,-1.457084,54.924063,On or near Conway Road,E01008699,Sunderland 008F,Anti-social behaviour,,
,2015-12,Surrey Police,Northumbria Police,-1.458608,54.924394,On or near Cockermouth Road,E01008699,Sunderland 008F,Anti-social behaviour,,
,2015-12,Surrey Police,Northumbria Police,-1.457084,54.924063,On or near Conway Road,E01008699,Sunderland 008F,Anti-social behaviour,,
,2015-12,Surrey Police,Northumbria Police,-1.460412,54.926037,On or near Baltimore Avenue,E01008699,Sunderland 008F,Anti-social behaviour,,
50af738ac26d5ac8decbeb8721d91f2b43cf3ac10487c7f920c23df16e7725d5,2015-12,Surrey Police,Northumbria Police,-1.450946,54.924521,On or near Canterbury Road,E01008699,Sunderland 008F,Bicycle theft,Investigation complete; no suspect identified,
20068eda72cef4d66633b709d391351de6867a17316323ba74f6832cad1e1008,2015-12,Surrey Police,Northumbria Police,-1.460412,54.926037,On or near Baltimore Avenue,E01008699,Sunderland 008F,Criminal damage and arson,Investigation complete; no suspect identified,
1fb9c62e1575ce438be1e58b2de15622672e5ee2834a6c5efcfacd1be2b2c1fd,2015-12,Surrey Police,Northumbria Police,-1.450946,54.924521,On or near Canterbury Road,E01008699,Sunderland 008F,Criminal damage and arson,Investigation complete; no suspect identified,
b2b3c876eb595fa1b81196d134736e7b4093f3573a0a1a6deac756045be19427,2015-12,Surrey Police,Northumbria Police,-1.457084,54.924063,On or near Conway Road,E01008699,Sunderland 008F,Criminal damage and arson,Investigation complete; no suspect identified,
4d6954374c1ce108755e37ff19dfd79eb213f568ad32209606a8caac4ebbeb1e,2015-12,Surrey Police,Northumbria Police,-1.460412,54.926037,On or near Baltimore Avenue,E01008699,Sunderland 008F,Other theft,Investigation complete; no suspect identified,
176663ec1592f93549f7734f5758138d71b0366009a929521383b88de1017fb2,2015-12,Surrey Police,Northumbria Police,-1.458608,54.924394,On or near Cockermouth Road,E01008699,Sunderland 008F,Public order,Investigation complete; no suspect identified,
a36c2d8d0ca15115db577f4ae0bc20502fd4b63100a40f925055390aba7ac156,2015-12,Surrey Police,Northumbria Police,-1.450946,54.924521,On or near Canterbury Road,E01008699,Sunderland 008F,Vehicle crime,Investigation complete; no suspect identified,
5d546dca25a1c33663c51e8c214c53cf3287df552ae4fd671ef85a8db1bff5f9,2015-12,Surrey Police,Northumbria Police,-1.450946,54.924521,On or near Canterbury Road,E01008699,Sunderland 008F,Violence and sexual offences,Under investigation,
3ba68431ff5621c4936c001208a9156bf0cb6b303be8b45dff3f09b969116bcd,2015-12,Surrey Police,Northumbria Police,-1.460412,54.926037,On or near Baltimore Avenue,E01008699,Sunderland 008F,Violence and sexual offences,Under investigation,
6bfe03b46f2d6db619d4157944fb373bfb6a7b04d432d63b69f1935c535d6909,2015-12,Surrey Police,Northumbria Police,-1.454038,54.925487,On or near Clovelly Square,E01008699,Sunderland 008F,Violence and sexual offences,Awaiting court outcome,
4370ae0016bdc70fa19068755334722999de38a4595f89f7ee76a47b08815efe,2015-12,Surrey Police,Northumbria Police,-1.459349,54.922689,On or near Caithness Square,E01008699,Sunderland 008F,Violence and sexual offences,Under investigation,
,2015-12,Surrey Police,Northumbria Police,-1.521865,54.912437,On or near Supermarket,E01008853,Sunderland 009A,Anti-social behaviour,,
,2015-12,Surrey Police,Northumbria Police,-1.521863,54.908627,On or near Further/Higher Educational Building,E01008853,Sunderland 009A,Anti-social behaviour,,
,2015-12,Surrey Police,Northumbria Police,-1.520888,54.909342,On or near Spout Lane,E01008853,Sunderland 009A,Anti-social behaviour,,
,2015-12,Surrey Police,Northumbria Police,-1.520888,54.909342,On or near Spout Lane,E01008853,Sunderland 009A,Anti-social behaviour,,
,2015-12,Surrey Police,Northumbria Police,-1.519086,54.912606,On or near Front Street,E01008853,Sunderland 009A,Anti-social behaviour,,
,2015-12,Surrey Police,Northumbria Police,-1.521863,54.908627,On or near Further/Higher Educational Building,E01008853,Sunderland 009A,Anti-social behaviour,,
,2015-12,Surrey Police,Northumbria Police,-1.521566,54.911331,On or near Pedestrian Subway,E01008853,Sunderland 009A,Anti-social behaviour,,
,2015-12,Surrey Police,Northumbria Police,-1.520888,54.909342,On or near Spout Lane,E01008853,Sunderland 009A,Anti-social behaviour,,
,2015-12,Surrey Police,Northumbria Police,-1.519086,54.912606,On or near Front Street,E01008853,Sunderland 009A,Anti-social behaviour,,
,2015-12,Surrey Police,Northumbria Police,-1.521566,54.911331,On or near Pedestrian Subway,E01008853,Sunderland 009A,Anti-social behaviour,,
,2015-12,Surrey Police,Northumbria Police,-1.521865,54.912437,On or near Supermarket,E01008853,Sunderland 009A,Anti-social behaviour,,
,2015-12,Surrey Police,Northumbria Police,-1.521566,54.911331,On or near Pedestrian Subway,E01008853,Sunderland 009A,Anti-social behaviour,,
,2015-12,Surrey Police,Northumbria Police,-1.519086,54.912606,On or near Front Street,E01008853,Sunderland 009A,Anti-social behaviour,,
,2015-12,Surrey Police,Northumbria Police,-1.514702,54.908760,On or near Industrial Road,E01008853,Sunderland 009A,Anti-social behaviour,,
,2015-12,Surrey Police,Northumbria Police,-1.521566,54.911331,On or near Pedestrian Subway,E01008853,Sunderland 009A,Anti-social behaviour,,
,2015-12,Surrey Police,Northumbria Police,-1.523248,54.912865,On or near Victoria Road,E01008853,Sunderland 009A,Anti-social behaviour,,
4331696dee08988b787690998f1baec6e77399365396251152d22b23d771abf3,2015-12,Surrey Police,Northumbria Police,-1.517447,54.906165,On or near Brindley Road,E01008853,Sunderland 009A,Bicycle theft,Investigation complete; no suspect identified,
8e0c64cd1d56686db3c8a0a1d4b364f927b9985aee49a21317588af02d8df604,2015-12,Surrey Police,Northumbria Police,-1.519086,54.912606,On or near Front Street,E01008853,Sunderland 009A,Bicycle theft,Investigation complete; no suspect identified,
653ffd28fb690afec66e32f79ebfbfa602c7294b87322697b255c093cf6458aa,2015-12,Surrey Police,Northumbria Police,-1.521566,54.911331,On or near Pedestrian Subway,E01008853,Sunderland 009A,Burglary,Under investigation,
309f664fdef378bbc04a60a044fb0ea606762f080f38b695d2ff35ea495731f6,2015-12,Surrey Police,Northumbria Police,-1.514037,54.908362,On or near Bridgewater Road,E01008853,Sunderland 009A,Burglary,Investigation complete; no suspect identified,
ee6fa0f72624eb40004130c4cd0cad177e91f504ff3adaccb4291c0d3d90cc9d,2015-12,Surrey Police,Northumbria Police,-1.521566,54.911331,On or near Pedestrian Subway,E01008853,Sunderland 009A,Criminal damage and arson,Investigation complete; no suspect identified,
29a3522d7634af629dbcd4f57d15a711c43a9fa7906b34051fd2d06f0557060a,2015-12,Surrey Police,Northumbria Police,-1.514702,54.908760,On or near Industrial Road,E01008853,Sunderland 009A,Criminal damage and arson,Investigation complete; no suspect identified,
4d755cac28e1a85f6d91a18a0741055c0a7859ea08af67da5fa43f70bb9b87d5,2015-12,Surrey Police,Northumbria Police,-1.520888,54.909342,On or near Spout Lane,E01008853,Sunderland 009A,Criminal damage and arson,Investigation complete; no suspect identified,
47451bcf81ac145da0e87498657f73caa51b82222852c09dfcad5477426cf552,2015-12,Surrey Police,Northumbria Police,-1.521566,54.911331,On or near Pedestrian Subway,E01008853,Sunderland 009A,Criminal damage and arson,Investigation complete; no suspect identified,
8d429efee42c36ca349c67d9cf0500735138a76b411ebad5d8d0259df6e8bb56,2015-12,Surrey Police,Northumbria Police,-1.521566,54.911331,On or near Pedestrian Subway,E01008853,Sunderland 009A,Criminal damage and arson,Unable to prosecute suspect,
ad706a55af386affc6146cb4b531c0203705552c66f942c0b4f8f9e95050da6f,2015-12,Surrey Police,Northumbria Police,-1.517569,54.912951,On or near Manor View,E01008853,Sunderland 009A,Criminal damage and arson,Investigation complete; no suspect identified,
4d677deb85aebc3eee31d255d353999d34d15a9f8e4e8f323a718faf08c9f846,2015-12,Surrey Police,Northumbria Police,-1.521566,54.911331,On or near Pedestrian Subway,E01008853,Sunderland 009A,Criminal damage and arson,Unable to prosecute suspect,
36683b2c0de678fd092932938af3b4975010c355e6be1d6ae7fc9c24d2528fe2,2015-12,Surrey Police,Northumbria Police,-1.514702,54.908760,On or near Industrial Road,E01008853,Sunderland 009A,Criminal damage and arson,Investigation complete; no suspect identified,
4f3ba4b068d862157b1a0e3866b7bb03cc20388fad4c91747a3b099871888e09,2015-12,Surrey Police,Northumbria Police,-1.521566,54.911331,On or near Pedestrian Subway,E01008853,Sunderland 009A,Criminal damage and arson,Investigation complete; no suspect identified,
2ddba6c00f13860dec962c90a6a4ef99b0e768dece7026a00eddd308c2dc473c,2015-12,Surrey Police,Northumbria Police,-1.514702,54.908760,On or near Industrial Road,E01008853,Sunderland 009A,Criminal damage and arson,Investigation complete; no suspect identified,
3482b3b58b8b453c506096d5e42360c87b7b9f256189e6b2a76269d6516ef0ed,2015-12,Surrey Police,Northumbria Police,-1.514702,54.908760,On or near Industrial Road,E01008853,Sunderland 009A,Drugs,Offender fined,
3714ff745a3cc6b38f711782c2f71aa505984a24e7602ce04764ae90b285a249,2015-12,Surrey Police,Northumbria Police,-1.521566,54.911331,On or near Pedestrian Subway,E01008853,Sunderland 009A,Other theft,Investigation complete; no suspect identified,
774f436e1329320fcd85141b0aaf170f17ad970604eb9efe3ffc753bc7078916,2015-12,Surrey Police,Northumbria Police,-1.523248,54.912865,On or near Victoria Road,E01008853,Sunderland 009A,Other theft,Under investigation,
a826c7016113072d2f1ea9b0064448b70f0546b43c22d6a63cf5733cab7889f7,2015-12,Surrey Police,Northumbria Police,-1.514702,54.908760,On or near Industrial Road,E01008853,Sunderland 009A,Other theft,Investigation complete; no suspect identified,
1158f8b166cc774425cf55fcc7df4732050690807dad47092600ba216655c4f4,2015-12,Surrey Police,Northumbria Police,-1.523248,54.912865,On or near Victoria Road,E01008853,Sunderland 009A,Public order,Offender given a caution,
9fa29021271162b623537473d0e58b1232e980b0cf6f65e90c98906936b5f5e5,2015-12,Surrey Police,Northumbria Police,-1.521865,54.912437,On or near Supermarket,E01008853,Sunderland 009A,Shoplifting,Investigation complete; no suspect identified,
4a8da0262ca963cf6605643c247867b50b01b8c72391670f2fb5decac1afca1d,2015-12,Surrey Police,Northumbria Police,-1.521865,54.912437,On or near Supermarket,E01008853,Sunderland 009A,Violence and sexual offences,Investigation complete; no suspect identified,
a6c3ff02a0c227ec2627c05ca4502cb9b8a8cbcb6daa0521bfa723b03695531c,2015-12,Surrey Police,Northumbria Police,-1.521863,54.908627,On or near Further/Higher Educational Building,E01008853,Sunderland 009A,Violence and sexual offences,Under investigation,
85ac60b234241d95fff70f5bf50c5e153fb3e994858946968734f4759dab5573,2015-12,Surrey Police,Northumbria Police,-1.520888,54.909342,On or near Spout Lane,E01008853,Sunderland 009A,Violence and sexual offences,Investigation complete; no suspect identified,
a4cf3fef3c029df0532019c16547ef28f04882cd8468a8abb3a8abccfcb2933d,2015-12,Surrey Police,Northumbria Police,-1.514702,54.908760,On or near Industrial Road,E01008853,Sunderland 009A,Violence and sexual offences,Investigation complete; no suspect identified,
352326012746d92dd80172d23122b4f88b4880c8f3551ba181cd79446bff816f,2015-12,Surrey Police,Northumbria Police,-1.514702,54.908760,On or near Industrial Road,E01008853,Sunderland 009A,Violence and sexual offences,Investigation complete; no suspect identified,
08becd02cb6362e253df10fbac9e8bf0dda7bafbe2b1780825b42a85a285c7e0,2015-12,Surrey Police,Northumbria Police,-1.514702,54.908760,On or near Industrial Road,E01008853,Sunderland 009A,Violence and sexual offences,Investigation complete; no suspect identified,
f7da131785c33524c400486a3b55897ad1977cbfd92df35ac9200065ded45dcf,2015-12,Surrey Police,Northumbria Police,-1.521865,54.912437,On or near Supermarket,E01008853,Sunderland 009A,Violence and sexual offences,Investigation complete; no suspect identified,
6b28f406f671512bba6560b6b5497e2ccab905c7b4a63e835b181bc69153aa7d,2015-12,Surrey Police,Northumbria Police,-1.521865,54.912437,On or near Supermarket,E01008853,Sunderland 009A,Violence and sexual offences,Offender given a caution,
1106504c64d2fd0fcec70eaad312a13db17bbdb3c110254b294716658345129a,2015-12,Surrey Police,Northumbria Police,-1.520888,54.909342,On or near Spout Lane,E01008853,Sunderland 009A,Violence and sexual offences,Offender given suspended prison sentence,
,2015-12,Surrey Police,Northumbria Police,-1.507448,54.915264,On or near Marlborough Road,E01008854,Sunderland 009B,Anti-social behaviour,,
,2015-12,Surrey Police,Northumbria Police,-1.512563,54.914117,On or near Foxley,E01008854,Sunderland 009B,Anti-social behaviour,,
,2015-12,Surrey Police,Northumbria Police,-1.519176,54.911618,On or near Vermont,E01008854,Sunderland 009B,Anti-social behaviour,,
,2015-12,Surrey Police,Northumbria Police,-1.519176,54.911618,On or near Vermont,E01008854,Sunderland 009B,Anti-social behaviour,,
,2015-12,Surrey Police,Northumbria Police,-1.516118,54.913017,On or near Manor View East,E01008854,Sunderland 009B,Anti-social behaviour,,
,2015-12,Surrey Police,Northumbria Police,-1.507448,54.915264,On or near Marlborough Road,E01008854,Sunderland 009B,Anti-social behaviour,,
,2015-12,Surrey Police,Northumbria Police,-1.516807,54.912732,On or near Hall Road,E01008854,Sunderland 009B,Anti-social behaviour,,
,2015-12,Surrey Police,Northumbria Police,-1.507448,54.915264,On or near Marlborough Road,E01008854,Sunderland 009B,Anti-social behaviour,,
,2015-12,Surrey Police,Northumbria Police,-1.507448,54.915264,On or near Marlborough Road,E01008854,Sunderland 009B,Anti-social behaviour,,
95594c1e3ab07093f965fdd5fb6981cb16b3aeb23e8fffe2899cbc1e7ab9f0ac,2015-12,Surrey Police,Northumbria Police,-1.516118,54.913017,On or near Manor View East,E01008854,Sunderland 009B,Burglary,Investigation complete; no suspect identified,
74a5585422065e6e4995dcd182e425f222fdf325b6fc7409d5cc680f64a1540a,2015-12,Surrey Police,Northumbria Police,-1.516118,54.913017,On or near Manor View East,E01008854,Sunderland 009B,Burglary,Investigation complete; no suspect identified,
1fbf15aaf9bf9c65e78c88832a471bf3f99bb96bcb457f67480011566c5c896a,2015-12,Surrey Police,Northumbria Police,-1.507448,54.915264,On or near Marlborough Road,E01008854,Sunderland 009B,Criminal damage and arson,Investigation complete; no suspect identified,
302d7776d2c1c26943f7f4ae26091c5db573aba459d471890a6e60286ddefb26,2015-12,Surrey Police,Northumbria Police,-1.507448,54.915264,On or near Marlborough Road,E01008854,Sunderland 009B,Criminal damage and arson,Investigation complete; no suspect identified,
826d62b92f3b0fc313dcb37f6b1b67a4fd925e5aeb9e463b3df8f71fbbc0e53c,2015-12,Surrey Police,Northumbria Police,-1.519176,54.911618,On or near Vermont,E01008854,Sunderland 009B,Criminal damage and arson,Investigation complete; no suspect identified,
36fe5a6460a0ba93864584d06eebb595064cd01e51ac0494245c8abe0333e0cc,2015-12,Surrey Police,Northumbria Police,-1.507448,54.915264,On or near Marlborough Road,E01008854,Sunderland 009B,Possession of weapons,Awaiting court outcome,
f7862326d9ddbed8ceedc9a6e31d42fd6d09977a23103d8ba95b60b3b2e46243,2015-12,Surrey Police,Northumbria Police,-1.507448,54.915264,On or near Marlborough Road,E01008854,Sunderland 009B,Public order,Investigation complete; no suspect identified,
9d532ab86d18b2ea9fb89d4d7aa038c77edf4cdae10200fb61e0de39b4d255ab,2015-12,Surrey Police,Northumbria Police,-1.513545,54.912881,On or near Pedestrian Subway,E01008854,Sunderland 009B,Vehicle crime,Investigation complete; no suspect identified,
393181840421e04e8b94a97c7ffa3cc11781118984d4db555b5975b2eb6ed9c2,2015-12,Surrey Police,Northumbria Police,-1.516807,54.912732,On or near Hall Road,E01008854,Sunderland 009B,Violence and sexual offences,Under investigation,
92344fe580195642a7e8fb0bccadb313857c1be5f0a51d83f499752f627dcadb,2015-12,Surrey Police,Northumbria Police,-1.511857,54.913197,On or near Banbury,E01008854,Sunderland 009B,Violence and sexual offences,Under investigation,
,2015-12,Surrey Police,Northumbria Police,-1.531999,54.916907,On or near Sports/Recreation Area,E01008857,Sunderland 009C,Anti-social behaviour,,
0553ec0a9844b7b1ae96281c28173a56780346edbed9919a8d8529c07e6e8f2f,2015-12,Surrey Police,Northumbria Police,-1.529385,54.916322,On or near North Avenue,E01008857,Sunderland 009C,Burglary,Investigation complete; no suspect identified,
54d001705d61ee4381fa2cc277e50acb054559723ae8e8c30df052315eca3783,2015-12,Surrey Police,Northumbria Police,-1.529385,54.916322,On or near North Avenue,E01008857,Sunderland 009C,Criminal damage and arson,Investigation complete; no suspect identified,
1999d28eb2f4dd9d827c0e9d1c3d93dc88043b57e2dc03dbee28942b17d81ba5,2015-12,Surrey Police,Northumbria Police,-1.523582,54.916317,On or near Park Grove,E01008858,Sunderland 009D,Criminal damage and arson,Under investigation,
df184c00c3fc9b1a3ee93ee5b85fb3c6075e729b207b7696a0e95cf57163495f,2015-12,Surrey Police,Northumbria Police,-1.521350,54.913765,On or near House Terrace,E01008858,Sunderland 009D,Drugs,Awaiting court outcome,
a7f66f99a557a9508e52ee83631c6ddf447f816fae50c5b113eb617813a2a0b4,2015-12,Surrey Police,Northumbria Police,-1.519600,54.915331,On or near Vernon Street,E01008858,Sunderland 009D,Other theft,Investigation complete; no suspect identified,
4ba31253553bbf3f019b01a86b6b01de5737bb184e0346d9b620d5d0d8d4a150,2015-12,Surrey Police,Northumbria Police,-1.523509,54.913244,On or near Bus/Coach Station,E01008858,Sunderland 009D,Public order,Offender given a caution,
4273143633e9377f135216324d18f211a9c5a4d532d1f1e096edcd7cbc47e4b1,2015-12,Surrey Police,Northumbria Police,-1.523582,54.916317,On or near Park Grove,E01008858,Sunderland 009D,Shoplifting,Offender sent to prison,
e9ac88b089cb2a8d29deae92d15bd58b7081f335fb994cd9d556af4f740a0091,2015-12,Surrey Police,Northumbria Police,-1.520355,54.914768,On or near Viola Street,E01008858,Sunderland 009D,Violence and sexual offences,Investigation complete; no suspect identified,
d3a24640714ff56f5b72f3c408f342937668d9e48d4ebbac44d63935d2619b70,2015-12,Surrey Police,Northumbria Police,-1.523509,54.913244,On or near Bus/Coach Station,E01008858,Sunderland 009D,Violence and sexual offences,Investigation complete; no suspect identified,
41d371d148840044782f72315e0ef1efad23840cc7ae357f3be98e699bf73db5,2015-12,Surrey Police,Northumbria Police,-1.520223,54.916717,On or near Don Gardens,E01008858,Sunderland 009D,Violence and sexual offences,Under investigation,
9273fcbc63f837d1c12d171ccc105efba2503cc08518dafb82bf323a1496425b,2015-12,Surrey Police,Northumbria Police,-1.521900,54.913408,On or near Parking Area,E01008858,Sunderland 009D,Violence and sexual offences,Under investigation,
,2015-12,Surrey Police,Northumbria Police,-1.505500,54.912632,On or near Cherwell,E01008859,Sunderland 009E,Anti-social behaviour,,
,2015-12,Surrey Police,Northumbria Police,-1.505500,54.912632,On or near Cherwell,E01008859,Sunderland 009E,Anti-social behaviour,,
,2015-12,Surrey Police,Northumbria Police,-1.510142,54.913119,On or near Usworth Station Road,E01008859,Sunderland 009E,Anti-social behaviour,,
,2015-12,Surrey Police,Northumbria Police,-1.503075,54.909387,On or near Spire Road,E01008859,Sunderland 009E,Anti-social behaviour,,
,2015-12,Surrey Police,Northumbria Police,-1.507787,54.911770,On or near Glover Road,E01008859,Sunderland 009E,Anti-social behaviour,,
95b87e1c2aaeb0e82614e75af211dbf25a7322c63a3b79fc7113fb2ab29ef118,2015-12,Surrey Police,Northumbria Police,-1.510142,54.913119,On or near Usworth Station Road,E01008859,Sunderland 009E,Other theft,Investigation complete; no suspect identified,
9eb012e627d7b5126e5d2ddbf72fa538885eb06bed0afd215e261d5bc15e950d,2015-12,Surrey Police,Northumbria Police,-1.510660,54.908987,On or near Tower Road,E01008859,Sunderland 009E,Public order,Under investigation,
31b00ba0a4cbd0b6c50186b049b35f3b0629439d1bdd4e014ecf30d28a0cb82e,2015-12,Surrey Police,Northumbria Police,-1.508807,54.912592,On or near Mandeville,E01008859,Sunderland 009E,Violence and sexual offences,Investigation complete; no suspect identified,
2010fea4e437abc18a230a45c52b996e89a49d00576bf735c5a927ab8a2a1a8a,2015-12,Surrey Police,Northumbria Police,-1.507122,54.912621,On or near Edgecote,E01008859,Sunderland 009E,Violence and sexual offences,Under investigation,
,2015-12,Surrey Police,Northumbria Police,-1.530603,54.916183,On or near Supermarket,E01008860,Sunderland 009F,Anti-social behaviour,,
,2015-12,Surrey Police,Northumbria Police,-1.529756,54.915281,On or near South Avenue,E01008860,Sunderland 009F,Anti-social behaviour,,
,2015-12,Surrey Police,Northumbria Police,-1.524122,54.911485,On or near Pedestrian Subway,E01008860,Sunderland 009F,Anti-social behaviour,,
,2015-12,Surrey Police,Northumbria Police,-1.529756,54.915281,On or near South Avenue,E01008860,Sunderland 009F,Anti-social behaviour,,
fd8abf83400702a9a3fdc09a373e9276aa4a1e4610fa2cee355be8174e299bf1,2015-12,Surrey Police,Northumbria Police,-1.530265,54.913045,On or near Blue House Lane,E01008860,Sunderland 009F,Burglary,Investigation complete; no suspect identified,
a7df3ea3ad46dc2565b87c2e941784b3309eee7014b99d9a3a1cd05c6a2d57cf,2015-12,Surrey Police,Northumbria Police,-1.525702,54.913728,On or near Petrol Station,E01008860,Sunderland 009F,Criminal damage and arson,Investigation complete; no suspect identified,
83dc812f51860a4b41bf14655da90ae473da1ef5e731e9be39dbad54092871cc,2015-12,Surrey Police,Northumbria Police,-1.534749,54.915147,On or near Well Bank Road,E01008860,Sunderland 009F,Criminal damage and arson,Investigation complete; no suspect identified,
01528b137852ad957d3bd7dc665b82ab21f972723ef7ee9433c39e71f2d2849b,2015-12,Surrey Police,Northumbria Police,-1.526947,54.912709,On or near Petrol Station,E01008860,Sunderland 009F,Drugs,Offender given a drugs possession warning,
88524e898a2a9c916642d9531e0b5f41731f60c3458047a11f3f68e28e943884,2015-12,Surrey Police,Northumbria Police,-1.534749,54.915147,On or near Well Bank Road,E01008860,Sunderland 009F,Drugs,Offender given a caution,
9e5e9e9431d8e41ed4a499bf11d5dce5eae9dafe0ef1c89e0f99a26e1dc966ab,2015-12,Surrey Police,Northumbria Police,-1.525702,54.913728,On or near Petrol Station,E01008860,Sunderland 009F,Other theft,Under investigation,
4e79c69d1cc3234ad64cfb1307eecdd33628cd85acf26cf9a4f83f80efc11cba,2015-12,Surrey Police,Northumbria Police,-1.530603,54.916183,On or near Supermarket,E01008860,Sunderland 009F,Public order,Investigation complete; no suspect identified,
2a25c1272dec291bdeb2a1fb967b8f48ff2b802616067280be63824a863ca3a3,2015-12,Surrey Police,Northumbria Police,-1.525702,54.913728,On or near Petrol Station,E01008860,Sunderland 009F,Shoplifting,Under investigation,
6f225e0e4bb6e1db40ab9446ce3352662f45e04fca0b110737b2abc7ffde06ca,2015-12,Surrey Police,Northumbria Police,-1.534749,54.915147,On or near Well Bank Road,E01008860,Sunderland 009F,Violence and sexual offences,Under investigation,
6e44cf0d6ad6b035f4ce281ae9a6a9dc20bfd0f7abb605ad30fd4a9845806abd,2015-12,Surrey Police,Northumbria Police,-1.524122,54.911485,On or near Pedestrian Subway,E01008860,Sunderland 009F,Violence and sexual offences,Investigation complete; no suspect identified,
4f86ba2f8ea0ce6344bbd0409bb0634e9e5a54a98a0cc38e645e80f6ac2686f0,2015-12,Surrey Police,Northumbria Police,-1.526349,54.914459,On or near Heworth Grove,E01008860,Sunderland 009F,Violence and sexual offences,Investigation complete; no suspect identified,
cbdf34393de9bb982939205807ec77cd0dbbbf365f770f888074eddcd127888b,2015-12,Surrey Police,Northumbria Police,-1.524122,54.911485,On or near Pedestrian Subway,E01008860,Sunderland 009F,Violence and sexual offences,Offender fined,
fe67fc1293c59b704553dfa7b3ed0c4c6388112ef1e4fed6fc3be0f0add14c9c,2015-12,Surrey Police,Northumbria Police,-1.534749,54.915147,On or near Well Bank Road,E01008860,Sunderland 009F,Violence and sexual offences,Investigation complete; no suspect identified,
5a99aafc160f9627f7fe1137b84c34a1faac357ad1f421e11f4a49d05465c291,2015-12,Surrey Police,Northumbria Police,-1.534749,54.915147,On or near Well Bank Road,E01008860,Sunderland 009F,Violence and sexual offences,Under investigation,
,2015-12,Surrey Police,Northumbria Police,-1.536915,54.915308,On or near Bristol Avenue,E01008878,Sunderland 009G,Anti-social behaviour,,
,2015-12,Surrey Police,Northumbria Police,-1.540386,54.917388,On or near Donvale Road,E01008878,Sunderland 009G,Anti-social behaviour,,
,2015-12,Surrey Police,Northumbria Police,-1.550840,54.906033,On or near Westernmoor,E01008873,Sunderland 010A,Anti-social behaviour,,
,2015-12,Surrey Police,Northumbria Police,-1.548807,54.906528,On or near Highheath,E01008873,Sunderland 010A,Anti-social behaviour,,
213d0dd2e342b7321b62dd8914439ff85111bb8345ab9986b13c128806beb968,2015-12,Surrey Police,Northumbria Police,-1.552686,54.906947,On or near Herdinghill,E01008873,Sunderland 010A,Burglary,Investigation complete; no suspect identified,
827a7a438e23c7b300f25349b271631b42283d9dedcac7b2329be79db4e42702,2015-12,Surrey Police,Northumbria Police,-1.554211,54.905820,On or near Craggyknowe,E01008873,Sunderland 010A,Criminal damage and arson,Investigation complete; no suspect identified,
c8e2d23061e4cc80cd6466d2af6d0a6b9dfdcbec4f8e73888aacc619ab3c5913,2015-12,Surrey Police,Northumbria Police,-1.547866,54.904197,On or near Knoulberry,E01008873,Sunderland 010A,Drugs,Offender given a caution,
56013f962cda7a8075352831d7fb3eedfd287171ba998efcc64ed340c1d2c9cd,2015-12,Surrey Police,Northumbria Police,-1.556586,54.918194,On or near Shelley Avenue,E01008873,Sunderland 010A,Other theft,Investigation complete; no suspect identified,
4de3b4b86cadcfd49c6c7037b4ac0e178f3cd1bbf509846cccfd633563349d26,2015-12,Surrey Police,Northumbria Police,-1.556586,54.918194,On or near Shelley Avenue,E01008873,Sunderland 010A,Other theft,Investigation complete; no suspect identified,
f5e0d7bad0da1050908cf1fc3da06861715b3c1bcda29f695e0832a5db780787,2015-12,Surrey Police,Northumbria Police,-1.554211,54.905820,On or near Craggyknowe,E01008873,Sunderland 010A,Violence and sexual offences,Under investigation,
4afa76f366faf024fcd03dd4e9f7b5464dff03b3f3afb93367804c672dcbd285,2015-12,Surrey Police,Northumbria Police,-1.547866,54.904197,On or near Knoulberry,E01008873,Sunderland 010A,Violence and sexual offences,Offender given a caution,
65875a751e0472d9d7c02f46b0c94da55b9cb844794f1bbcbd525efd0b016a92,2015-12,Surrey Police,Northumbria Police,-1.547866,54.904197,On or near Knoulberry,E01008873,Sunderland 010A,Violence and sexual offences,Offender given a caution,
,2015-12,Surrey Police,Northumbria Police,-1.532563,54.904589,On or near Moorway,E01008874,Sunderland 010B,Anti-social behaviour,,
,2015-12,Surrey Police,Northumbria Police,-1.541834,54.902521,On or near Stridingedge,E01008874,Sunderland 010B,Anti-social behaviour,,
,2015-12,Surrey Police,Northumbria Police,-1.534366,54.907822,On or near Parking Area,E01008874,Sunderland 010B,Anti-social behaviour,,
,2015-12,Surrey Police,Northumbria Police,-1.542067,54.904014,On or near Tor Mere Close,E01008874,Sunderland 010B,Anti-social behaviour,,
,2015-12,Surrey Police,Northumbria Police,-1.536118,54.907343,On or near Ravenstone,E01008874,Sunderland 010B,Anti-social behaviour,,
,2015-12,Surrey Police,Northumbria Police,-1.535052,54.905111,On or near Brownriggs Court,E01008874,Sunderland 010B,Anti-social behaviour,,
,2015-12,Surrey Police,Northumbria Police,-1.541834,54.902521,On or near Stridingedge,E01008874,Sunderland 010B,Anti-social behaviour,,
,2015-12,Surrey Police,Northumbria Police,-1.541834,54.902521,On or near Stridingedge,E01008874,Sunderland 010B,Anti-social behaviour,,
,2015-12,Surrey Police,Northumbria Police,-1.534366,54.907822,On or near Parking Area,E01008874,Sunderland 010B,Anti-social behaviour,,
81c4e74354fe20b15bf9c38a259581d07908c447fc40de81a4c1b4afc051ba7b,2015-12,Surrey Police,Northumbria Police,-1.542067,54.904014,On or near Tor Mere Close,E01008874,Sunderland 010B,Criminal damage and arson,Investigation complete; no suspect identified,
11b61f5fe90da1642390eae3d536177976931bfcb86729ceb7a7c06389b2f1fd,2015-12,Surrey Police,Northumbria Police,-1.542067,54.904014,On or near Tor Mere Close,E01008874,Sunderland 010B,Criminal damage and arson,Investigation complete; no suspect identified,
aea94627f8d0f256165ab8c5bde6419033f3a9bd9d8349287e9526ee33b2dc92,2015-12,Surrey Police,Northumbria Police,-1.541834,54.902521,On or near Stridingedge,E01008874,Sunderland 010B,Other theft,Investigation complete; no suspect identified,
13944ff602ed696979ad06c27b46a8467f8c4a6dd094f038c2c38879650ea2a2,2015-12,Surrey Police,Northumbria Police,-1.532563,54.904589,On or near Moorway,E01008874,Sunderland 010B,Public order,Investigation complete; no suspect identified,
c445890482b03e6f54f95fbc9f3850aa72aea11eaa75b8f671ad3910819168ab,2015-12,Surrey Police,Northumbria Police,-1.532563,54.904589,On or near Moorway,E01008874,Sunderland 010B,Public order,Investigation complete; no suspect identified,
924bbff4d24eb8e78ac7c2373686b8b624c0b432d7384f79e09e1144f442da52,2015-12,Surrey Police,Northumbria Police,-1.541834,54.902521,On or near Stridingedge,E01008874,Sunderland 010B,Vehicle crime,Investigation complete; no suspect identified,
112ab6c9e03d81dc43035ed70765b9b25cad43c87aed20ffde3eb9c6479780e7,2015-12,Surrey Police,Northumbria Police,-1.536118,54.907343,On or near Ravenstone,E01008874,Sunderland 010B,Violence and sexual offences,Under investigation,
7842786c0ebf2593abf9be35a24f668d0967934c37d2ae5777f893b8b9388ff7,2015-12,Surrey Police,Northumbria Police,-1.535245,54.904545,On or near Fellside Court,E01008874,Sunderland 010B,Violence and sexual offences,Offender given a caution,
837762789fc06aabbc9da242975938af942d37ca91f33f7b42becf7201a7ad09,2015-12,Surrey Police,Northumbria Police,-1.541834,54.902521,On or near Stridingedge,E01008874,Sunderland 010B,Violence and sexual offences,Under investigation,
,2015-12,Surrey Police,Northumbria Police,-1.544528,54.904230,On or near Gragareth Way,E01008875,Sunderland 010C,Anti-social behaviour,,
,2015-12,Surrey Police,Northumbria Police,-1.544528,54.904230,On or near Gragareth Way,E01008875,Sunderland 010C,Anti-social behaviour,,
5df0f2e2f147ee7e8709d3da8444d5f324b4e27eae366a67645726d8d1e6ec34,2015-12,Surrey Police,Northumbria Police,-1.544943,54.902030,On or near Long Crag,E01008875,Sunderland 010C,Criminal damage and arson,Investigation complete; no suspect identified,
5e37d9724c3184dcb7818d53a4c6107e41674eda430af038bdf8f355e3a85fe7,2015-12,Surrey Police,Northumbria Police,-1.546810,54.907959,On or near Elswick Road,E01008875,Sunderland 010C,Criminal damage and arson,Investigation complete; no suspect identified,
a34766e392dfa67afb6b5ae35cf42c1387d7bcc7d652b81b25398f2073c37498,2015-12,Surrey Police,Northumbria Police,-1.545976,54.903076,On or near Rushyrig,E01008875,Sunderland 010C,Criminal damage and arson,Investigation complete; no suspect identified,
642135ba8fae6661f9260ec32e0052e25ac4529e254a35c389cc67a9dcb9003c,2015-12,Surrey Police,Northumbria Police,-1.544943,54.902030,On or near Long Crag,E01008875,Sunderland 010C,Criminal damage and arson,Investigation complete; no suspect identified,
58558dac4f2750503e8a7ae2968ed39c0a527fd4ea93b5d494dde3fe00c479fc,2015-12,Surrey Police,Northumbria Police,-1.544528,54.904230,On or near Gragareth Way,E01008875,Sunderland 010C,Public order,Offender given suspended prison sentence,
7dd1df915055e62b9832c4a99dfe8895bdc2bff91d095b177735d5e14c49da72,2015-12,Surrey Police,Northumbria Police,-1.546810,54.907959,On or near Elswick Road,E01008875,Sunderland 010C,Shoplifting,Under investigation,
6fdca64ee70630f9eeca7c329a2ff9130911b0d3225055a77f4b51127093bb0f,2015-12,Surrey Police,Northumbria Police,-1.546810,54.907959,On or near Elswick Road,E01008875,Sunderland 010C,Shoplifting,Under investigation,
,2015-12,Surrey Police,Northumbria Police,-1.530597,54.910036,On or near Albany Way,E01008879,Sunderland 010D,Anti-social behaviour,,
,2015-12,Surrey Police,Northumbria Police,-1.530597,54.910036,On or near Albany Way,E01008879,Sunderland 010D,Anti-social behaviour,,
b06972487532ee1297dda887c91feb6d826e71594b90e36b10c87b7d72ada4f7,2015-12,Surrey Police,Northumbria Police,-1.539666,54.912164,On or near Rosse Close,E01008879,Sunderland 010D,Vehicle crime,Offender given suspended prison sentence,
1a04eeb349c7bd3085988e0dfff414458e0ae7fc653eecfac1a76fa442c0684e,2015-12,Surrey Police,Northumbria Police,-1.537173,54.910520,On or near Havannah Road,E01008879,Sunderland 010D,Vehicle crime,Under investigation,
9fcf5ac73868262d5ab1eb0b8d8da0cef761548ec6f060c2ba84f60b036cb777,2015-12,Surrey Police,Northumbria Police,-1.537781,54.907862,On or near Mardale,E01008879,Sunderland 010D,Violence and sexual offences,Under investigation,
,2015-12,Surrey Police,Northumbria Police,-1.528079,54.906549,On or near Blencathra,E01008880,Sunderland 010E,Anti-social behaviour,,
,2015-12,Surrey Police,Northumbria Police,-1.532252,54.905837,On or near Arklecrag,E01008880,Sunderland 010E,Anti-social behaviour,,
5504d294252e4110688b078975e440a3f6f5ed42daae473b31146c4d521bf047,2015-12,Surrey Police,Northumbria Police,-1.532252,54.905837,On or near Arklecrag,E01008880,Sunderland 010E,Violence and sexual offences,Under investigation,
,2015-12,Surrey Police,Northumbria Police,-1.411892,54.908352,On or near East Moor Road,E01008701,Sunderland 011A,Anti-social behaviour,,
,2015-12,Surrey Police,Northumbria Police,-1.412854,54.908698,On or near Duncan Street,E01008701,Sunderland 011A,Anti-social behaviour,,
89068e06b8713bac9fb53c0699b2300dc440b804edf4b0be55ea5706adef8cf1,2015-12,Surrey Police,Northumbria Police,-1.412271,54.906969,On or near Dene Street,E01008701,Sunderland 011A,Burglary,Investigation complete; no suspect identified,
9ab7c862c91d343486110567eca2ffeff8d6e857416c0456fda7bbda8e4ede43,2015-12,Surrey Police,Northumbria Police,-1.412854,54.908698,On or near Duncan Street,E01008701,Sunderland 011A,Burglary,Investigation complete; no suspect identified,
acf866084c97f579d1a0c5bd129baf637ed4d493ce9f95ddd2023ccaef075422,2015-12,Surrey Police,Northumbria Police,-1.414180,54.909764,On or near Enfield Street,E01008701,Sunderland 011A,Criminal damage and arson,Investigation complete; no suspect identified,
4a3ecc53e431b01c6b45adb922d5429dc648c878a2256888159e166c524d1a54,2015-12,Surrey Police,Northumbria Police,-1.412537,54.910179,On or near Pallion Park,E01008701,Sunderland 011A,Criminal damage and arson,Investigation complete; no suspect identified,
bb689a4b1130001ba7f83b2dbbbded4f7f665f08bc801993689fb69bcb4e2638,2015-12,Surrey Police,Northumbria Police,-1.412854,54.908698,On or near Duncan Street,E01008701,Sunderland 011A,Criminal damage and arson,Under investigation,
03b49ea66a74e81432439eeba55a9cfc554e953692bca62138da9770c2561304,2015-12,Surrey Police,Northumbria Police,-1.414180,54.909764,On or near Enfield Street,E01008701,Sunderland 011A,Criminal damage and arson,Investigation complete; no suspect identified,
13bc76e05ce9342233f6c1f74185651472eccb2dd19ffcc4b412fd8b8ae87866,2015-12,Surrey Police,Northumbria Police,-1.414180,54.909764,On or near Enfield Street,E01008701,Sunderland 011A,Criminal damage and arson,Investigation complete; no suspect identified,
53983cd0bb465ddccb824d86a54dbcc5728d602446fe34172c1d4f6f367b1817,2015-12,Surrey Police,Northumbria Police,-1.412138,54.908622,On or near Garnet Street,E01008701,Sunderland 011A,Drugs,Awaiting court outcome,
1c577dabdb1360bfec4a38f58dc4d3ad702e3c651c589e4b6ad88350469dae34,2015-12,Surrey Police,Northumbria Police,-1.414358,54.910394,On or near Ancona Street,E01008701,Sunderland 011A,Drugs,Under investigation,
e21342859d8f9f0a485494a2c8586428012f21898911cecbd46648cfa633b635,2015-12,Surrey Police,Northumbria Police,-1.414525,54.910728,On or near Jacques Street,E01008701,Sunderland 011A,Other theft,Investigation complete; no suspect identified,
e857738a2831434db03472713a2f3f84d53c1efe8b67fa9dcb21bb6e79549aed,2015-12,Surrey Police,Northumbria Police,-1.414857,54.911529,On or near Palermo Street,E01008701,Sunderland 011A,Other theft,Investigation complete; no suspect identified,
37cf7597cdef6e9a5feacdc00ea1e05641d1192dbff824000b898c5aa05de3f8,2015-12,Surrey Police,Northumbria Police,-1.414358,54.910394,On or near Ancona Street,E01008701,Sunderland 011A,Public order,Under investigation,
404e351a9b0ee1112e2be4f53530320a2c77f95e902ca2e1e362f50f32b660cd,2015-12,Surrey Police,Northumbria Police,-1.412641,54.905165,On or near Peacock Street West,E01008701,Sunderland 011A,Robbery,Investigation complete; no suspect identified,
b931099ed1371444cd0e950d039784f1669211738b6a0262523cf34789278ef6,2015-12,Surrey Police,Northumbria Police,-1.414358,54.910394,On or near Ancona Street,E01008701,Sunderland 011A,Vehicle crime,Investigation complete; no suspect identified,
d7e2b6ed76d62f425fa6c2ad69b05ead7e0550e591eb8bfe86da556ed59b44ce,2015-12,Surrey Police,Northumbria Police,-1.414180,54.909764,On or near Enfield Street,E01008701,Sunderland 011A,Vehicle crime,Investigation complete; no suspect identified,
628e747669e2b75822fb106659c8420d2007ac5bfdf19ceb4f80b04d9f7a0e23,2015-12,Surrey Police,Northumbria Police,-1.415293,54.910489,On or near Merle Terrace,E01008701,Sunderland 011A,Violence and sexual offences,Under investigation,
5d03a9dd9d7491a7db9fc3c25555cdddd6c1bf37fd9c1252c1cd02cacc27d767,2015-12,Surrey Police,Northumbria Police,-1.413510,54.908638,On or near Percival Street,E01008701,Sunderland 011A,Violence and sexual offences,Under investigation,
b99ef9d86b8386e52ccaa7aa7007923b2d6131ec72b998b307d52718dab9efd8,2015-12,Surrey Police,Northumbria Police,-1.414358,54.910394,On or near Ancona Street,E01008701,Sunderland 011A,Violence and sexual offences,Under investigation,
80e9f261e577ddc91d299b4bc822346699b97d8bea208e572f3cbe2ac4edb498,2015-12,Surrey Police,Northumbria Police,-1.411892,54.908352,On or near East Moor Road,E01008701,Sunderland 011A,Violence and sexual offences,Under investigation,
b1924619c97c1b35f5eabfa794cef1c0a0a4ace2868e3b197d36f0ec8d9dd5ca,2015-12,Surrey Police,Northumbria Police,-1.412854,54.908698,On or near Duncan Street,E01008701,Sunderland 011A,Violence and sexual offences,Investigation complete; no suspect identified,
f579e970da5807438cadd29d06382eab0ce1be996bb5c97efb498158de5a2ab8,2015-12,Surrey Police,Northumbria Police,-1.414358,54.910394,On or near Ancona Street,E01008701,Sunderland 011A,Violence and sexual offences,Under investigation,
,2015-12,Surrey Police,Northumbria Police,-1.407067,54.907672,On or near Oswald Street,E01008704,Sunderland 011B,Anti-social behaviour,,
,2015-12,Surrey Police,Northumbria Police,-1.406518,54.905764,On or near Parking Area,E01008704,Sunderland 011B,Anti-social behaviour,,
,2015-12,Surrey Police,Northumbria Police,-1.407265,54.905912,On or near Hume Street,E01008704,Sunderland 011B,Anti-social behaviour,,
,2015-12,Surrey Police,Northumbria Police,-1.407703,54.904755,On or near Willmore Street,E01008704,Sunderland 011B,Anti-social behaviour,,
857385182b98d031b462c7aa7dfc2ea5927fb691ff4ab25e0629bfb39d384dc5,2015-12,Surrey Police,Northumbria Police,-1.409550,54.907451,On or near Rutland Street,E01008704,Sunderland 011B,Burglary,Investigation complete; no suspect identified,
fb6d404bcd2939a66fdbe08ef567f8c853abe80dd8c5cddbbc6d1885e363dc46,2015-12,Surrey Police,Northumbria Police,-1.409673,54.905501,On or near Washington Street,E01008704,Sunderland 011B,Criminal damage and arson,Awaiting court outcome,
67730e852e079e914e0a288b849b3cde052fc51fbad53c49535063a6b9e953f6,2015-12,Surrey Police,Northumbria Police,-1.406100,54.903471,On or near Sorley Street,E01008704,Sunderland 011B,Criminal damage and arson,Investigation complete; no suspect identified,
f57d9a7a6344225fc4fee2524dfbca915b6e18455edc388548b61b5be09ae872,2015-12,Surrey Police,Northumbria Police,-1.407703,54.904755,On or near Willmore Street,E01008704,Sunderland 011B,Other theft,Investigation complete; no suspect identified,
8a97afa7664121aa12b028b832f855c8f3a539cc58c867ee33a768ab31ff3fc6,2015-12,Surrey Police,Northumbria Police,-1.406518,54.905764,On or near Parking Area,E01008704,Sunderland 011B,Shoplifting,Investigation complete; no suspect identified,
e38c9b6f7c0bc0e0b61536ac58849a317a0273b6c97a3cebb76363a70192d0b4,2015-12,Surrey Police,Northumbria Police,-1.406019,54.904701,On or near Howarth Street,E01008704,Sunderland 011B,Vehicle crime,Investigation complete; no suspect identified,
,2015-12,Surrey Police,Northumbria Police,-1.402017,54.906434,On or near Supermarket,E01008706,Sunderland 011C,Anti-social behaviour,,
,2015-12,Surrey Police,Northumbria Police,-1.403641,54.906280,On or near Hylton Road,E01008706,Sunderland 011C,Anti-social behaviour,,
9de4bdbe3b6f100c8b7c07042feb252e7918ebbdb114db9d9a34923a2c2be99f,2015-12,Surrey Police,Northumbria Police,-1.397349,54.905665,On or near Langton Close,E01008706,Sunderland 011C,Burglary,Investigation complete; no suspect identified,
eb2d743c1ce1c352d6652ca63ee9cde2cf35bd3e0bea36c5739200f534ae960c,2015-12,Surrey Police,Northumbria Police,-1.404657,54.904021,On or near Clifford Street,E01008706,Sunderland 011C,Burglary,Investigation complete; no suspect identified,
09d518614ea687a24c45aa74b44e2f8120c4fa7511ecbf74fcbdb6a3361c69e6,2015-12,Surrey Police,Northumbria Police,-1.399875,54.904680,On or near Chester Street East,E01008706,Sunderland 011C,Burglary,Investigation complete; no suspect identified,
245e31a22e1c4e2e057f5d64de79b373d42883a076852a9872213712546fc0f2,2015-12,Surrey Police,Northumbria Police,-1.399875,54.904680,On or near Chester Street East,E01008706,Sunderland 011C,Burglary,Under investigation,
a8a95862a612184dbe082547f441f13e572296d7eb843916866e7d1a7986e9ed,2015-12,Surrey Police,Northumbria Police,-1.399875,54.904680,On or near Chester Street East,E01008706,Sunderland 011C,Criminal damage and arson,Investigation complete; no suspect identified,
577774a5088826c4fb1cd436fc7d9757c865b8518c22690922abb35aa3a8b787,2015-12,Surrey Police,Northumbria Police,-1.400224,54.905311,On or near Arrol Park,E01008706,Sunderland 011C,Drugs,Investigation complete; no suspect identified,
5037f7a2bed7a1a564c382e18f30004d7ef4dc83acc8f1fcde88dcc705561d90,2015-12,Surrey Police,Northumbria Police,-1.400224,54.905311,On or near Arrol Park,E01008706,Sunderland 011C,Drugs,Investigation complete; no suspect identified,
afdf035bcab89d4f43f52370198008ff6b8d87ac7c43e655fadf0b754eca06d8,2015-12,Surrey Police,Northumbria Police,-1.401998,54.904511,On or near Rainton Street,E01008706,Sunderland 011C,Other theft,Investigation complete; no suspect identified,
e0e7579fd169b170623f23797ad0bd3d9468a1de373c27ed8fc9528bc4abbebf,2015-12,Surrey Police,Northumbria Police,-1.396966,54.906301,On or near Wentworth Terrace,E01008706,Sunderland 011C,Other theft,Investigation complete; no suspect identified,
b5720b638cb8cdd7fc97b96126f9aca3543560a7fda76f3cf00ddd826bd6c683,2015-12,Surrey Police,Northumbria Police,-1.400224,54.905311,On or near Arrol Park,E01008706,Sunderland 011C,Other theft,Investigation complete; no suspect identified,
bbb666745879383c5f5a8ccb1c600c622daaa712b895a83184f8e3c5d407ab84,2015-12,Surrey Police,Northumbria Police,-1.399875,54.904680,On or near Chester Street East,E01008706,Sunderland 011C,Other theft,Investigation complete; no suspect identified,
ac184a8a8650685cb75c3b530e19a3fa47f405994b80f33fc262e878d5affbc6,2015-12,Surrey Police,Northumbria Police,-1.398563,54.905833,On or near Matamba Terrace,E01008706,Sunderland 011C,Other theft,Investigation complete; no suspect identified,
26248e95bc5b07482f0f87d1147fbabccf083795ff912b4d5a586a0770dfa534,2015-12,Surrey Police,Northumbria Police,-1.401998,54.904511,On or near Rainton Street,E01008706,Sunderland 011C,Other theft,Under investigation,
5baf477a9fb5652b68b650f6b8ae7bdcf0c38be1ccf92ed41f3c9a5519fdecfb,2015-12,Surrey Police,Northumbria Police,-1.403641,54.906280,On or near Hylton Road,E01008706,Sunderland 011C,Other theft,Investigation complete; no suspect identified,
0373468ba51a4279f31e62cdee19032a824f34efc4418cbeb8906d60008f6281,2015-12,Surrey Police,Northumbria Police,-1.399875,54.904680,On or near Chester Street East,E01008706,Sunderland 011C,Public order,Investigation complete; no suspect identified,
8ba27f70b33f75f53847cf62bfd6b3437b1453a6841edb6ceed6d40ef70e5710,2015-12,Surrey Police,Northumbria Police,-1.402017,54.906434,On or near Supermarket,E01008706,Sunderland 011C,Shoplifting,Suspect charged as part of another case,
516c0efce7a5d7941c996872fd44072655eb029e5b8edc9ae93a6aee210b7e17,2015-12,Surrey Police,Northumbria Police,-1.402017,54.906434,On or near Supermarket,E01008706,Sunderland 011C,Shoplifting,Offender sent to prison,
ccbce4a96b1972068d28174a3bacbf3d1285e2c7401188f8291278be56c0fb56,2015-12,Surrey Police,Northumbria Police,-1.402017,54.906434,On or near Supermarket,E01008706,Sunderland 011C,Shoplifting,Under investigation,
1c2d9c3a011a1d278b74858ba89f1f6f97fb47ec079b26b672def93e9bc00425,2015-12,Surrey Police,Northumbria Police,-1.402273,54.908116,On or near Hadrian Street,E01008706,Sunderland 011C,Vehicle crime,Investigation complete; no suspect identified,
4a0e4b5d22341286380b060eb8743ba6b0bf1374ad6bcd04616b74a90af44e01,2015-12,Surrey Police,Northumbria Police,-1.402584,54.907075,On or near Wood Street,E01008706,Sunderland 011C,Vehicle crime,Investigation complete; no suspect identified,
13318b48b8cbacfe09421a6a2ee3cb0919048e9dd6ab616865fc2d4bb5315232,2015-12,Surrey Police,Northumbria Police,-1.401998,54.904511,On or near Rainton Street,E01008706,Sunderland 011C,Violence and sexual offences,Awaiting court outcome,
f61b4ddb05419efe1fd8e960c185c344d657565ff9e935640ce2dd1b079ba317,2015-12,Surrey Police,Northumbria Police,-1.403848,54.907027,On or near Cromwell Street,E01008706,Sunderland 011C,Violence and sexual offences,Investigation complete; no suspect identified,
ab3e238f21ca55a2a8e091618f818c4d1e0f39e2e4a61e1973f46a410b1213c6,2015-12,Surrey Police,Northumbria Police,-1.399875,54.904680,On or near Chester Street East,E01008706,Sunderland 011C,Violence and sexual offences,Investigation complete; no suspect identified,
8d62d141d1ba077f30ac24ae4be2eb624eb0d2111042f6a188c423f018065072,2015-12,Surrey Police,Northumbria Police,-1.402584,54.907075,On or near Wood Street,E01008706,Sunderland 011C,Violence and sexual offences,Under investigation,
,2015-12,Surrey Police,Northumbria Police,-1.395329,54.903103,On or near The Royalty,E01008707,Sunderland 011D,Anti-social behaviour,,
,2015-12,Surrey Police,Northumbria Police,-1.401416,54.903834,On or near Houghton Street,E01008707,Sunderland 011D,Anti-social behaviour,,
,2015-12,Surrey Police,Northumbria Police,-1.395329,54.903103,On or near The Royalty,E01008707,Sunderland 011D,Anti-social behaviour,,
,2015-12,Surrey Police,Northumbria Police,-1.404431,54.902420,On or near Eldon Street,E01008707,Sunderland 011D,Anti-social behaviour,,
9a0d44323f71f0d06be50f60ffdc3fefaab81217dd3dfff66f28bb46ff680697,2015-12,Surrey Police,Northumbria Police,-1.400434,54.902724,On or near Pensher Street,E01008707,Sunderland 011D,Burglary,Investigation complete; no suspect identified,
6003c10d351b71ae8ead3315a05f76f08f38f0121980ffb31287133026fe8e72,2015-12,Surrey Police,Northumbria Police,-1.403863,54.903927,On or near Rosslyn Street,E01008707,Sunderland 011D,Burglary,Awaiting court outcome,
86604bc03afa3e461a9b31926b2fc8ff88eb6a410db66966140de9aadbf5cea8,2015-12,Surrey Police,Northumbria Police,-1.398939,54.903660,On or near Chepstow Street,E01008707,Sunderland 011D,Criminal damage and arson,Investigation complete; no suspect identified,
35fc8661bb3aca15f0fd0a0717e6061fa43e4b169e5bae2cdf5adfa528bb35d6,2015-12,Surrey Police,Northumbria Police,-1.403296,54.903259,On or near Rosslyn Terrace,E01008707,Sunderland 011D,Criminal damage and arson,Investigation complete; no suspect identified,
ffd519300d9caef9ecae674d3c5daf1e9349105bdb77ebd9a570b5b396c3bff2,2015-12,Surrey Police,Northumbria Police,-1.404431,54.902420,On or near Eldon Street,E01008707,Sunderland 011D,Criminal damage and arson,Investigation complete; no suspect identified,
215c2010f5d942f697f5c5375170dda87bddf61a753664a561e088dabc5d3f56,2015-12,Surrey Police,Northumbria Police,-1.397487,54.902718,On or near Chester Road,E01008707,Sunderland 011D,Criminal damage and arson,Investigation complete; no suspect identified,
70a541189fbef15edc687f7ccbb4121caf55595421e21c213e830f81842d2cc6,2015-12,Surrey Police,Northumbria Police,-1.403296,54.903259,On or near Rosslyn Terrace,E01008707,Sunderland 011D,Criminal damage and arson,Investigation complete; no suspect identified,
817c377c0e0e14d3ee212ad06317337e883f72f428ca71b7f6ee626c5d0cb47c,2015-12,Surrey Police,Northumbria Police,-1.403296,54.903259,On or near Rosslyn Terrace,E01008707,Sunderland 011D,Criminal damage and arson,Investigation complete; no suspect identified,
233e7eb6cb719e7e28bc38bdcbbf81c1ef8f4effbd81e7245923d36b84f8eee6,2015-12,Surrey Police,Northumbria Police,-1.401094,54.903464,On or near Lumley Street,E01008707,Sunderland 011D,Public order,Under investigation,
67ad52f5e922262a9b3d8a15344be05b68ae8a06f9360be689d090a4d428b54c,2015-12,Surrey Police,Northumbria Police,-1.401094,54.903464,On or near Lumley Street,E01008707,Sunderland 011D,Public order,Under investigation,
18461bbf3edaa7494537857cda8c0655a9bd41fdf9e8d5914b9271e261b93681,2015-12,Surrey Police,Northumbria Police,-1.395329,54.903103,On or near The Royalty,E01008707,Sunderland 011D,Shoplifting,Under investigation,
0f6c5e50035ad47e0fcbcc835245458775b843a0faeb68badb1c9356f840167d,2015-12,Surrey Police,Northumbria Police,-1.403863,54.903927,On or near Rosslyn Street,E01008707,Sunderland 011D,Violence and sexual offences,Investigation complete; no suspect identified,
22f53e8a09cb8e51c68387485803cc278cc6fb1b6dc6701610ebce36c959eca1,2015-12,Surrey Police,Northumbria Police,-1.405257,54.903529,On or near Brunton Terrace,E01008707,Sunderland 011D,Violence and sexual offences,Under investigation,
5dfbdad8c3cc1a9730ccd3dfafd6ddb89a32d32e0fa84829ae41e1710a80ab0c,2015-12,Surrey Police,Northumbria Police,-1.399090,54.904002,On or near Raby Street,E01008707,Sunderland 011D,Other crime,Under investigation,
,2015-12,Surrey Police,Northumbria Police,-1.423079,54.908073,On or near Oxford Square,E01008756,Sunderland 012A,Anti-social behaviour,,
1382cf0281032af214905769e266fcd6d91553917c659ebf19069cd07581a9eb,2015-12,Surrey Police,Northumbria Police,-1.420787,54.904800,On or near General Havelock Road,E01008756,Sunderland 012A,Burglary,Investigation complete; no suspect identified,
c33ecb779ebf2020343b045103f9dacfd23976dd6765115633c1abd6db42c78b,2015-12,Surrey Police,Northumbria Police,-1.422009,54.904374,On or near Falmouth Square,E01008756,Sunderland 012A,Criminal damage and arson,Investigation complete; no suspect identified,
9ee9028998627506448677ec8ea86eaf47d59d90f13e4c39c1f5737a4ca0d767,2015-12,Surrey Police,Northumbria Police,-1.423079,54.908073,On or near Oxford Square,E01008756,Sunderland 012A,Criminal damage and arson,Awaiting court outcome,
86fa8cde4eb586b95022a9697efcb9985b8d1a1576b60b93c30afff899017394,2015-12,Surrey Police,Northumbria Police,-1.423079,54.908073,On or near Oxford Square,E01008756,Sunderland 012A,Drugs,Offender given a drugs possession warning,
e468b8896dfe50d7c29213148e16728b8057d5377ab18425011094bfe840bb41,2015-12,Surrey Police,Northumbria Police,-1.423079,54.908073,On or near Oxford Square,E01008756,Sunderland 012A,Possession of weapons,Offender given suspended prison sentence,
43e3708e173e6a475d2ae7419a6caa274744f60004977dd78714d1588186bbc7,2015-12,Surrey Police,Northumbria Police,-1.420804,54.907972,On or near Plantation Road,E01008756,Sunderland 012A,Public order,Awaiting court outcome,
4a489b0f0db2067144342df6e031f811a36060f32e5201c7e5bdfb5580e01b59,2015-12,Surrey Police,Northumbria Police,-1.423079,54.908073,On or near Oxford Square,E01008756,Sunderland 012A,Vehicle crime,Investigation complete; no suspect identified,
,2015-12,Surrey Police,Northumbria Police,-1.420583,54.913596,On or near Supermarket,E01008762,Sunderland 012B,Anti-social behaviour,,
,2015-12,Surrey Police,Northumbria Police,-1.416835,54.910631,On or near Waverley Terrace,E01008762,Sunderland 012B,Anti-social behaviour,,
,2015-12,Surrey Police,Northumbria Police,-1.417478,54.911497,On or near Lyndhurst Terrace,E01008762,Sunderland 012B,Anti-social behaviour,,
,2015-12,Surrey Police,Northumbria Police,-1.417478,54.911497,On or near Lyndhurst Terrace,E01008762,Sunderland 012B,Anti-social behaviour,,
,2015-12,Surrey Police,Northumbria Police,-1.419906,54.908597,On or near Wilfred Street,E01008762,Sunderland 012B,Anti-social behaviour,,
,2015-12,Surrey Police,Northumbria Police,-1.425761,54.907079,On or near Felstead Crescent,E01008762,Sunderland 012B,Anti-social behaviour,,
,2015-12,Surrey Police,Northumbria Police,-1.427543,54.904607,On or near Front Road,E01008762,Sunderland 012B,Anti-social behaviour,,
7891d6039c63cb785696660269c592247ddc06151bf3b98e22813e307ca27b36,2015-12,Surrey Police,Northumbria Police,-1.421508,54.908928,On or near St Luke'S Road,E01008762,Sunderland 012B,Burglary,Investigation complete; no suspect identified,
b992c4fd97e616e5329b0101d1a5c373da48a78abd1544d5ca12b5949432864f,2015-12,Surrey Police,Northumbria Police,-1.419906,54.908597,On or near Wilfred Street,E01008762,Sunderland 012B,Criminal damage and arson,Investigation complete; no suspect identified,
f9fca8d78f381d9870b8e7787cd584a038bfa9c264f21eda0647141b00208d56,2015-12,Surrey Police,Northumbria Police,-1.427543,54.904607,On or near Front Road,E01008762,Sunderland 012B,Other theft,Investigation complete; no suspect identified,
ccd39344344da14d27834108f8ab72993c3f10eadb948ed3b85f9e064a3e55ca,2015-12,Surrey Police,Northumbria Police,-1.425761,54.907079,On or near Felstead Crescent,E01008762,Sunderland 012B,Other theft,Investigation complete; no suspect identified,
b55d1fa23bfa32faf2f3746673152d9404fbc1a874744a39e00c1b7eedb5dad4,2015-12,Surrey Police,Northumbria Police,-1.424068,54.905489,On or near Fordham Road,E01008762,Sunderland 012B,Other theft,Investigation complete; no suspect identified,
749518dc416bd1693356c4298d0cf27d810a418f63a50e7984689c1055bd3292,2015-12,Surrey Police,Northumbria Police,-1.420583,54.913596,On or near Supermarket,E01008762,Sunderland 012B,Public order,Under investigation,
28e0b885b88b78d6bd7b6a3055ccf6e7e6ca8ad9f7df0402a68845b57e36c4ce,2015-12,Surrey Police,Northumbria Police,-1.423447,54.912900,On or near Sports/Recreation Area,E01008762,Sunderland 012B,Public order,Under investigation,
abc2cd3fe86a57a944f40845f07f94544b88cc298fe23a1a0abc49fc82b53e2e,2015-12,Surrey Police,Northumbria Police,-1.420583,54.913596,On or near Supermarket,E01008762,Sunderland 012B,Shoplifting,Investigation complete; no suspect identified,
d7176fbfbdf20ebb3f9eeff70d841a5f0b1ecd6f15f9909b99e0bce9ed905b7f,2015-12,Surrey Police,Northumbria Police,-1.419622,54.913134,On or near Shopping Area,E01008762,Sunderland 012B,Shoplifting,Investigation complete; no suspect identified,
b0839baa6322234b55cf7ce46afa0dbfe05758c9f8a9d1fb025593ec56588638,2015-12,Surrey Police,Northumbria Police,-1.420583,54.913596,On or near Supermarket,E01008762,Sunderland 012B,Shoplifting,Under investigation,
aba2d2612a787124743d6f307650862d11f91c38cf895e887bae0a3b881751e7,2015-12,Surrey Police,Northumbria Police,-1.420583,54.913596,On or near Supermarket,E01008762,Sunderland 012B,Shoplifting,Suspect charged as part of another case,
5a66b9ebcf8f70908747ff44c4246fd92d185625b753c41cb2e415fc6c966574,2015-12,Surrey Police,Northumbria Police,-1.420583,54.913596,On or near Supermarket,E01008762,Sunderland 012B,Shoplifting,Offender sent to prison,
4025fbc9215bb618140b3939f4438ef95f714e96c5bafc528d949bdb50b75120,2015-12,Surrey Police,Northumbria Police,-1.420583,54.913596,On or near Supermarket,E01008762,Sunderland 012B,Shoplifting,Under investigation,
412b9c11cdf7a8f371fff4214f38a648d52ddd16765227a62fcd27947494651d,2015-12,Surrey Police,Northumbria Police,-1.420583,54.913596,On or near Supermarket,E01008762,Sunderland 012B,Shoplifting,Investigation complete; no suspect identified,
8f7f463e00278297ffd27a4163cb22e734d09933408c3e5b5fff19ff4727b9c9,2015-12,Surrey Police,Northumbria Police,-1.419622,54.913134,On or near Shopping Area,E01008762,Sunderland 012B,Shoplifting,Awaiting court outcome,
68316ad700bfedf724ef750230376561a4a5d3256699d19d8b228b6ea68f0aaa,2015-12,Surrey Police,Northumbria Police,-1.419622,54.913134,On or near Shopping Area,E01008762,Sunderland 012B,Shoplifting,Offender given community sentence,
2b43d726c3818d99b34a7051fd20b361f21cb975546e88bd473eebf9251b8b56,2015-12,Surrey Police,Northumbria Police,-1.419622,54.913134,On or near Shopping Area,E01008762,Sunderland 012B,Theft from the person,Investigation complete; no suspect identified,
5aa0bb442101f5103d1ac9787c358b75ef9480ab74c20fb9585e65f29bcb0e69,2015-12,Surrey Police,Northumbria Police,-1.421508,54.908928,On or near St Luke'S Road,E01008762,Sunderland 012B,Vehicle crime,Investigation complete; no suspect identified,
cd9fb584b744aa2763e2ccb9a0c410525f5a60c039841965f52b189118bd0aca,2015-12,Surrey Police,Northumbria Police,-1.417478,54.911497,On or near Lyndhurst Terrace,E01008762,Sunderland 012B,Vehicle crime,Investigation complete; no suspect identified,
7bbc4003ba3bf3472ea0cd031924da09834cc3ea26d636fae24e2135f23b9bee,2015-12,Surrey Police,Northumbria Police,-1.414836,54.909741,On or near Merle Terrace,E01008762,Sunderland 012B,Violence and sexual offences,Investigation complete; no suspect identified,
551ceb37921230742cbdf2fa663013fa7003f77d133c62712ba5609e3ccd50e6,2015-12,Surrey Police,Northumbria Police,-1.420583,54.913596,On or near Supermarket,E01008762,Sunderland 012B,Violence and sexual offences,Under investigation,
,2015-12,Surrey Police,Northumbria Police,-1.429991,54.902417,On or near Flodden Road,E01008812,Sunderland 012C,Anti-social behaviour,,
,2015-12,Surrey Police,Northumbria Police,-1.429357,54.903124,On or near Priestman Court,E01008812,Sunderland 012C,Anti-social behaviour,,
,2015-12,Surrey Police,Northumbria Police,-1.426953,54.899958,On or near Hartford Road,E01008812,Sunderland 012C,Anti-social behaviour,,
d7de394cfaba45b58580bec0e5c13814b02b3df0c96a92baa750c67b23e0d269,2015-12,Surrey Police,Northumbria Police,-1.428037,54.903837,On or near Fenton Square,E01008812,Sunderland 012C,Criminal damage and arson,Investigation complete; no suspect identified,
dd1b23d50a87abbc3cf601dacb812b9b19e3747dd215e9051b53db42b1c67a52,2015-12,Surrey Police,Northumbria Police,-1.429991,54.902417,On or near Flodden Road,E01008812,Sunderland 012C,Criminal damage and arson,Awaiting court outcome,
3ae1de3a8196eed5f4d7acf8bb5c0a3345085e91b0d2dcf3e54788967448a1a8,2015-12,Surrey Police,Northumbria Police,-1.428163,54.901519,On or near Hylton Road,E01008812,Sunderland 012C,Criminal damage and arson,Investigation complete; no suspect identified,
8f5e7f28cf16d896c1627e4ab372b61600c73ca77a003e04b21c1fd3f879bbf9,2015-12,Surrey Police,Northumbria Police,-1.429357,54.903124,On or near Priestman Court,E01008812,Sunderland 012C,Criminal damage and arson,Investigation complete; no suspect identified,
71887b51787ed1a327ad1c9e4143bf308473e8d7e9c95696068f037ba21d9ec8,2015-12,Surrey Police,Northumbria Police,-1.428163,54.901519,On or near Hylton Road,E01008812,Sunderland 012C,Other theft,Investigation complete; no suspect identified,
1f9ee588b03e47c6ef09661d7f193e69ae9f2e40ff5eeaa52a32c6dd3c60c17e,2015-12,Surrey Police,Northumbria Police,-1.431710,54.901014,On or near Halesworth Drive,E01008812,Sunderland 012C,Other theft,Investigation complete; no suspect identified,
3d9e46e1afeb3c3456ca17824501f65db73fe9841595b9014339169d7a6885a7,2015-12,Surrey Police,Northumbria Police,-1.428917,54.903382,On or near Friar Road,E01008812,Sunderland 012C,Public order,Under investigation,
e22da9b36d6ea41c07d0115489bdd35ab35d770b785607fa0868a3d20f9338b5,2015-12,Surrey Police,Northumbria Police,-1.428163,54.901519,On or near Hylton Road,E01008812,Sunderland 012C,Vehicle crime,Investigation complete; no suspect identified,
69f21956abcc4313691cce7be0c3d244a362110d0f32e89a730b8c2206d0438b,2015-12,Surrey Police,Northumbria Police,-1.429991,54.902417,On or near Flodden Road,E01008812,Sunderland 012C,Vehicle crime,Awaiting court outcome,
e0f3b9054b00564025cbf7bf9118bb076296fb0332e2acd70ae96471c41cbb6d,2015-12,Surrey Police,Northumbria Police,-1.429357,54.903124,On or near Priestman Court,E01008812,Sunderland 012C,Violence and sexual offences,Defendant found not guilty,
22dd5c5e977dce00cd984762607cdb08829db8bc8c40abd14dca07374d1c3a65,2015-12,Surrey Police,Northumbria Police,-1.428163,54.901519,On or near Hylton Road,E01008812,Sunderland 012C,Violence and sexual offences,Investigation complete; no suspect identified,
df8d3e067275bdf4f3c5aee68721bf7f8a959d9bc6b5d9902b7fca9b21d5f2de,2015-12,Surrey Police,Northumbria Police,-1.425789,54.899620,On or near Halstead Square,E01008812,Sunderland 012C,Violence and sexual offences,Offender given a caution,
,2015-12,Surrey Police,Northumbria Police,-1.434741,54.902888,On or near Poole Road,E01033076,Sunderland 012F,Anti-social behaviour,,
,2015-12,Surrey Police,Northumbria Police,-1.434741,54.902888,On or near Poole Road,E01033076,Sunderland 012F,Anti-social behaviour,,
,2015-12,Surrey Police,Northumbria Police,-1.434741,54.902888,On or near Poole Road,E01033076,Sunderland 012F,Anti-social behaviour,,
,2015-12,Surrey Police,Northumbria Police,-1.434741,54.902888,On or near Poole Road,E01033076,Sunderland 012F,Anti-social behaviour,,
0e2037230e1625d6d9687345324ed5ab7b902620e7f9c7c8d749e1a34117a056,2015-12,Surrey Police,Northumbria Police,-1.436930,54.904660,On or near Prestwick Road,E01033076,Sunderland 012F,Burglary,Investigation complete; no suspect identified,
8787189fbb978f9da080389366eab4d801fe85f435e6093034280419675c7e04,2015-12,Surrey Police,Northumbria Police,-1.437655,54.903019,On or near Polebrook Road,E01033076,Sunderland 012F,Other theft,Investigation complete; no suspect identified,
b3ceac4762dd8b9865fcfe26e4d75c9c8148a176fb6facbfa468a1634544eddc,2015-12,Surrey Police,Northumbria Police,-1.432350,54.907640,On or near Flax Square,E01033076,Sunderland 012F,Violence and sexual offences,Under investigation,
a522a8df549543b2a7448f9005d438a9b0f1c4ae992f3d47eadff89b235bb2eb,2015-12,Surrey Police,Northumbria Police,-1.436930,54.904660,On or near Prestwick Road,E01033076,Sunderland 012F,Violence and sexual offences,Under investigation,
2bb525f8f79cc01128dbca9d4bf1b357fe11f50e5af522e4e21a6249499f8bfa,2015-12,Surrey Police,Northumbria Police,-1.439026,54.904265,On or near Prescot Road,E01033076,Sunderland 012F,Violence and sexual offences,Under investigation,
8f611ad3c8fe81ddef241d8f425273a2e1824a19ef297e5b6d84e1fa6e8fb359,2015-12,Surrey Police,Northumbria Police,-1.434575,54.906878,On or near Pelaw Square,E01033076,Sunderland 012F,Violence and sexual offences,Investigation complete; no suspect identified,
,2015-12,Surrey Police,Northumbria Police,-1.399060,54.909116,On or near North Ravensworth Street,E01008700,Sunderland 013A,Anti-social behaviour,,
,2015-12,Surrey Police,Northumbria Police,-1.400357,54.908969,On or near Dryborough Street,E01008700,Sunderland 013A,Anti-social behaviour,,
,2015-12,Surrey Police,Northumbria Police,-1.395716,54.908506,On or near May Street,E01008700,Sunderland 013A,Anti-social behaviour,,
,2015-12,Surrey Police,Northumbria Police,-1.394899,54.908879,On or near Alliance Place,E01008700,Sunderland 013A,Anti-social behaviour,,
eb0d9ddafe41dca7a78138cd347f4c4568e0060dc0e38a7b12ba735ee55cc0f1,2015-12,Surrey Police,Northumbria Police,-1.393125,54.906552,On or near Johnson Street,E01008700,Sunderland 013A,Burglary,Awaiting court outcome,
2dec071e9c10e6e745befa836ec425ccae11fcde7743c2114871cf5497919912,2015-12,Surrey Police,Northumbria Police,-1.399060,54.909116,On or near North Ravensworth Street,E01008700,Sunderland 013A,Criminal damage and arson,Offender given a caution,
585730f9676fa11e3cd9827b23625ca4ecd31282d098662cf67676d957ec6a56,2015-12,Surrey Police,Northumbria Police,-1.401286,54.909450,On or near Medomsly Street,E01008700,Sunderland 013A,Other theft,Investigation complete; no suspect identified,
c93f739d50940442ed6e49352c7af38455e5b8f2afd207853351e68745b18a3e,2015-12,Surrey Police,Northumbria Police,-1.400192,54.908546,On or near Grafton Street,E01008700,Sunderland 013A,Other theft,Investigation complete; no suspect identified,
deaa95e4ce8828bc83d676da828c32b0254c756b1be3edecc92cb76a87f7492e,2015-12,Surrey Police,Northumbria Police,-1.399060,54.909116,On or near North Ravensworth Street,E01008700,Sunderland 013A,Other theft,Investigation complete; no suspect identified,
45e0d9851e879cdef039672d1495e9178b6230fe3f514a0eadd12b9a5c98f7eb,2015-12,Surrey Police,Northumbria Police,-1.393125,54.906552,On or near Johnson Street,E01008700,Sunderland 013A,Public order,Investigation complete; no suspect identified,
0a69cbee249e181f5632390114d6dc646448c1fd294da19d2a3055efa71db0c2,2015-12,Surrey Police,Northumbria Police,-1.394941,54.909239,On or near Trimdon Street,E01008700,Sunderland 013A,Shoplifting,Under investigation,
7ac80f08d513b0e124e94634a1a75ab511de4ef4082087e0d80fce452693ca5d,2015-12,Surrey Police,Northumbria Police,-1.394941,54.909239,On or near Trimdon Street,E01008700,Sunderland 013A,Shoplifting,Awaiting court outcome,
5ab9a59ac9c66b2fe87402a2b706bf935a19049a05e94d88ef12ec63332c6edc,2015-12,Surrey Police,Northumbria Police,-1.394941,54.909239,On or near Trimdon Street,E01008700,Sunderland 013A,Shoplifting,Investigation complete; no suspect identified,
032d53f3bd8bb3b31bd7a68716f7435aee14821493e8b472c4139bf18fdb68fc,2015-12,Surrey Police,Northumbria Police,-1.394941,54.909239,On or near Trimdon Street,E01008700,Sunderland 013A,Shoplifting,Under investigation,
c2c8e1731e341e1633442fb1235f771371221b4b9586ca64539d8b3d2e84226c,2015-12,Surrey Police,Northumbria Police,-1.394941,54.909239,On or near Trimdon Street,E01008700,Sunderland 013A,Shoplifting,Offender fined,
4182946aa63c94075b8533fabba7d312d3151fa16665d88c5cd040d657d05217,2015-12,Surrey Police,Northumbria Police,-1.394941,54.909239,On or near Trimdon Street,E01008700,Sunderland 013A,Shoplifting,Under investigation,
a334198757c32d9ce128ea780b262c4f0ce3832efd6c848ba77cdf9026a8fe34,2015-12,Surrey Police,Northumbria Police,-1.395323,54.907677,On or near Rose Street,E01008700,Sunderland 013A,Theft from the person,Under investigation,
82cf0657b3c1c9d12e031a29442973c54f00fa7c14d51b17f736642ea6cdaaee,2015-12,Surrey Police,Northumbria Police,-1.391179,54.908420,On or near Parking Area,E01008700,Sunderland 013A,Theft from the person,Investigation complete; no suspect identified,
9fe553285dfe179c2442f4b59f0338f90f3acadc5751591d2dc5584eb94e41ec,2015-12,Surrey Police,Northumbria Police,-1.401286,54.909450,On or near Medomsly Street,E01008700,Sunderland 013A,Vehicle crime,Investigation complete; no suspect identified,
b61043ce81ce903c84674e189bf909e80e4e859d1373a0508473d8c85ea83771,2015-12,Surrey Police,Northumbria Police,-1.400144,54.909633,On or near St Cuthbert'S Terrace,E01008700,Sunderland 013A,Violence and sexual offences,Under investigation,
8df59e91a11024060a23f4db49303ced9884620a1068b7f661b3190e41e1a9db,2015-12,Surrey Police,Northumbria Police,-1.399060,54.909116,On or near North Ravensworth Street,E01008700,Sunderland 013A,Violence and sexual offences,Under investigation,
8676fa1a4d02e518124068b49d0b3963d890d77795dd1f6e2a8db2876dfa249f,2015-12,Surrey Police,Northumbria Police,-1.398433,54.913525,On or near Bus/Coach Station,E01008700,Sunderland 013A,Violence and sexual offences,Under investigation,
d06c90d6e8f8690f433ba44604ba9261645249d9977cdfb1d5464c8d29b9efcb,2015-12,Surrey Police,Northumbria Police,-1.399060,54.909116,On or near North Ravensworth Street,E01008700,Sunderland 013A,Violence and sexual offences,Under investigation,
,2015-12,Surrey Police,Northumbria Police,-1.381452,54.909072,On or near Bridge Crescent,E01008703,Sunderland 013B,Anti-social behaviour,,
,2015-12,Surrey Police,Northumbria Police,-1.376805,54.905939,On or near Parking Area,E01008703,Sunderland 013B,Anti-social behaviour,,
,2015-12,Surrey Police,Northumbria Police,-1.382499,54.904854,On or near Waterloo Place,E01008703,Sunderland 013B,Anti-social behaviour,,
,2015-12,Surrey Police,Northumbria Police,-1.385155,54.906557,On or near Supermarket,E01008703,Sunderland 013B,Anti-social behaviour,,
,2015-12,Surrey Police,Northumbria Police,-1.382451,54.906974,On or near Station Street,E01008703,Sunderland 013B,Anti-social behaviour,,
,2015-12,Surrey Police,Northumbria Police,-1.386149,54.906831,On or near West Street,E01008703,Sunderland 013B,Anti-social behaviour,,
,2015-12,Surrey Police,Northumbria Police,-1.372859,54.908983,On or near Bodlewell Lane,E01008703,Sunderland 013B,Anti-social behaviour,,
,2015-12,Surrey Police,Northumbria Police,-1.371755,54.908744,On or near Pedestrian Subway,E01008703,Sunderland 013B,Anti-social behaviour,,
,2015-12,Surrey Police,Northumbria Police,-1.384148,54.907163,On or near York Street,E01008703,Sunderland 013B,Anti-social behaviour,,
,2015-12,Surrey Police,Northumbria Police,-1.385155,54.906557,On or near Supermarket,E01008703,Sunderland 013B,Anti-social behaviour,,
,2015-12,Surrey Police,Northumbria Police,-1.380244,54.905453,On or near Athenaeum Street,E01008703,Sunderland 013B,Anti-social behaviour,,
,2015-12,Surrey Police,Northumbria Police,-1.372859,54.908983,On or near Bodlewell Lane,E01008703,Sunderland 013B,Anti-social behaviour,,
,2015-12,Surrey Police,Northumbria Police,-1.377875,54.906367,On or near Norfolk Street,E01008703,Sunderland 013B,Anti-social behaviour,,
,2015-12,Surrey Police,Northumbria Police,-1.384482,54.908800,On or near Matlock Street,E01008703,Sunderland 013B,Anti-social behaviour,,
,2015-12,Surrey Police,Northumbria Police,-1.388963,54.906423,On or near Theatre/Concert Hall,E01008703,Sunderland 013B,Anti-social behaviour,,
,2015-12,Surrey Police,Northumbria Police,-1.388963,54.906423,On or near Theatre/Concert Hall,E01008703,Sunderland 013B,Anti-social behaviour,,
,2015-12,Surrey Police,Northumbria Police,-1.385155,54.906557,On or near Supermarket,E01008703,Sunderland 013B,Anti-social behaviour,,
,2015-12,Surrey Police,Northumbria Police,-1.382751,54.907713,On or near Back Bridge Street,E01008703,Sunderland 013B,Anti-social behaviour,,
,2015-12,Surrey Police,Northumbria Police,-1.378123,54.907456,On or near Press Lane,E01008703,Sunderland 013B,Anti-social behaviour,,
,2015-12,Surrey Police,Northumbria Police,-1.381452,54.909072,On or near Bridge Crescent,E01008703,Sunderland 013B,Anti-social behaviour,,
,2015-12,Surrey Police,Northumbria Police,-1.380861,54.904881,On or near Further/Higher Educational Building,E01008703,Sunderland 013B,Anti-social behaviour,,
,2015-12,Surrey Police,Northumbria Police,-1.386034,54.904180,On or near Vine Place,E01008703,Sunderland 013B,Anti-social behaviour,,
,2015-12,Surrey Police,Northumbria Police,-1.385155,54.906557,On or near Supermarket,E01008703,Sunderland 013B,Anti-social behaviour,,
,2015-12,Surrey Police,Northumbria Police,-1.381452,54.909072,On or near Bridge Crescent,E01008703,Sunderland 013B,Anti-social behaviour,,
,2015-12,Surrey Police,Northumbria Police,-1.384148,54.907163,On or near York Street,E01008703,Sunderland 013B,Anti-social behaviour,,
,2015-12,Surrey Police,Northumbria Police,-1.386805,54.906817,On or near Crowtree Road,E01008703,Sunderland 013B,Anti-social behaviour,,
,2015-12,Surrey Police,Northumbria Police,-1.386034,54.904180,On or near Vine Place,E01008703,Sunderland 013B,Anti-social behaviour,,
,2015-12,Surrey Police,Northumbria Police,-1.386805,54.906817,On or near Crowtree Road,E01008703,Sunderland 013B,Anti-social behaviour,,
,2015-12,Surrey Police,Northumbria Police,-1.384256,54.905204,On or near Brougham Street,E01008703,Sunderland 013B,Anti-social behaviour,,
,2015-12,Surrey Police,Northumbria Police,-1.384684,54.905782,On or near Parking Area,E01008703,Sunderland 013B,Anti-social behaviour,,
,2015-12,Surrey Police,Northumbria Police,-1.381547,54.905936,On or near Fawcett Street,E01008703,Sunderland 013B,Anti-social behaviour,,
,2015-12,Surrey Police,Northumbria Police,-1.382499,54.904854,On or near Waterloo Place,E01008703,Sunderland 013B,Anti-social behaviour,,
,2015-12,Surrey Police,Northumbria Police,-1.382499,54.904854,On or near Waterloo Place,E01008703,Sunderland 013B,Anti-social behaviour,,
,2015-12,Surrey Police,Northumbria Police,-1.387324,54.905453,On or near Sports/Recreation Area,E01008703,Sunderland 013B,Anti-social behaviour,,
,2015-12,Surrey Police,Northumbria Police,-1.378123,54.907456,On or near Press Lane,E01008703,Sunderland 013B,Anti-social behaviour,,
,2015-12,Surrey Police,Northumbria Police,-1.383910,54.904331,On or near Holmeside,E01008703,Sunderland 013B,Anti-social behaviour,,
,2015-12,Surrey Police,Northumbria Police,-1.381547,54.905936,On or near Fawcett Street,E01008703,Sunderland 013B,Anti-social behaviour,,
,2015-12,Surrey Police,Northumbria Police,-1.372859,54.908983,On or near Bodlewell Lane,E01008703,Sunderland 013B,Anti-social behaviour,,
,2015-12,Surrey Police,Northumbria Police,-1.381061,54.908127,On or near Bedford Street,E01008703,Sunderland 013B,Anti-social behaviour,,
,2015-12,Surrey Police,Northumbria Police,-1.378495,54.906604,On or near West Sunniside,E01008703,Sunderland 013B,Anti-social behaviour,,
,2015-12,Surrey Police,Northumbria Police,-1.386034,54.904180,On or near Vine Place,E01008703,Sunderland 013B,Anti-social behaviour,,
,2015-12,Surrey Police,Northumbria Police,-1.379985,54.907070,On or near Frederick Road,E01008703,Sunderland 013B,Anti-social behaviour,,
,2015-12,Surrey Police,Northumbria Police,-1.389024,54.907511,On or near Livingstone Road,E01008703,Sunderland 013B,Anti-social behaviour,,
,2015-12,Surrey Police,Northumbria Police,-1.389024,54.907511,On or near Livingstone Road,E01008703,Sunderland 013B,Anti-social behaviour,,
,2015-12,Surrey Police,Northumbria Police,-1.389024,54.907511,On or near Livingstone Road,E01008703,Sunderland 013B,Anti-social behaviour,,
,2015-12,Surrey Police,Northumbria Police,-1.379302,54.908926,On or near West Wear Street,E01008703,Sunderland 013B,Anti-social behaviour,,
,2015-12,Surrey Police,Northumbria Police,-1.386805,54.906817,On or near Crowtree Road,E01008703,Sunderland 013B,Anti-social behaviour,,
,2015-12,Surrey Police,Northumbria Police,-1.387324,54.905453,On or near Sports/Recreation Area,E01008703,Sunderland 013B,Anti-social behaviour,,
,2015-12,Surrey Police,Northumbria Police,-1.381547,54.905936,On or near Fawcett Street,E01008703,Sunderland 013B,Anti-social behaviour,,
,2015-12,Surrey Police,Northumbria Police,-1.380244,54.905453,On or near Athenaeum Street,E01008703,Sunderland 013B,Anti-social behaviour,,
,2015-12,Surrey Police,Northumbria Police,-1.383910,54.904331,On or near Holmeside,E01008703,Sunderland 013B,Anti-social behaviour,,
,2015-12,Surrey Police,Northumbria Police,-1.386034,54.904180,On or near Vine Place,E01008703,Sunderland 013B,Anti-social behaviour,,
,2015-12,Surrey Police,Northumbria Police,-1.382451,54.906974,On or near Station Street,E01008703,Sunderland 013B,Anti-social behaviour,,
,2015-12,Surrey Police,Northumbria Police,-1.384684,54.905782,On or near Parking Area,E01008703,Sunderland 013B,Anti-social behaviour,,
,2015-12,Surrey Police,Northumbria Police,-1.372859,54.908983,On or near Bodlewell Lane,E01008703,Sunderland 013B,Anti-social behaviour,,
,2015-12,Surrey Police,Northumbria Police,-1.389024,54.907511,On or near Livingstone Road,E01008703,Sunderland 013B,Anti-social behaviour,,
,2015-12,Surrey Police,Northumbria Police,-1.383910,54.904331,On or near Holmeside,E01008703,Sunderland 013B,Anti-social behaviour,,
,2015-12,Surrey Police,Northumbria Police,-1.377290,54.908898,On or near Parking Area,E01008703,Sunderland 013B,Anti-social behaviour,,
,2015-12,Surrey Police,Northumbria Police,-1.383910,54.904331,On or near Holmeside,E01008703,Sunderland 013B,Anti-social behaviour,,
38288756d07a3a4954aa303a56c70b640e09a042e42c7473e65e4f832137ac16,2015-12,Surrey Police,Northumbria Police,-1.386805,54.906817,On or near Crowtree Road,E01008703,Sunderland 013B,Bicycle theft,Investigation complete; no suspect identified,
5c4e4670a3e18ee9af2302ef8529fe676080139a6a57cdfd2b412bcc00860182,2015-12,Surrey Police,Northumbria Police,-1.386805,54.906817,On or near Crowtree Road,E01008703,Sunderland 013B,Bicycle theft,Investigation complete; no suspect identified,
56d3f6138cbcc23a5af6b964a9b73cf8d5cc46d95d856bb54d2da8b9d0ef1206,2015-12,Surrey Police,Northumbria Police,-1.383845,54.906568,On or near South Street,E01008703,Sunderland 013B,Bicycle theft,Investigation complete; no suspect identified,
b678ceb9dcd0bf90a2b345767c77ecc175329c86a0bc1636a738513487e029b9,2015-12,Surrey Police,Northumbria Police,-1.379985,54.907070,On or near Frederick Road,E01008703,Sunderland 013B,Bicycle theft,Investigation complete; no suspect identified,
dc933347b567e53224e02ad12f24d838190f6beb56207547367d34a98d534397,2015-12,Surrey Police,Northumbria Police,-1.383845,54.906568,On or near South Street,E01008703,Sunderland 013B,Bicycle theft,Investigation complete; no suspect identified,
8a50d0e345255016a65c07b24073d680a7580a3b42c77be47ec704afd8f9293b,2015-12,Surrey Police,Northumbria Police,-1.379985,54.907070,On or near Frederick Road,E01008703,Sunderland 013B,Burglary,Investigation complete; no suspect identified,
8409446ef09837e3cb85b6d397455a93d5214442158f72ad4d7b9c6c44a93720,2015-12,Surrey Police,Northumbria Police,-1.384684,54.905782,On or near Parking Area,E01008703,Sunderland 013B,Burglary,Investigation complete; no suspect identified,
d7d1d41e2e901af524fb6fcc1add7eb018638047754fc4e45d1c872c0268d82c,2015-12,Surrey Police,Northumbria Police,-1.379228,54.905592,On or near Frederick Street,E01008703,Sunderland 013B,Burglary,Offender given community sentence,
d5523f9b562cd4a24eb55a5c7ca9a45f33432bb7d43474aaee0498039e21b193,2015-12,Surrey Police,Northumbria Police,-1.384482,54.908800,On or near Matlock Street,E01008703,Sunderland 013B,Burglary,Investigation complete; no suspect identified,
d5000f0e9df0f64198e93da5be3cdd1f98a1920744523da679208eebada49b86,2015-12,Surrey Police,Northumbria Police,-1.381452,54.909072,On or near Bridge Crescent,E01008703,Sunderland 013B,Burglary,Investigation complete; no suspect identified,
383d81b18e67a5174c5466b88800ad278ae37d31a5258b91cffa9949bfc55fb4,2015-12,Surrey Police,Northumbria Police,-1.385078,54.907572,On or near Queen Street,E01008703,Sunderland 013B,Burglary,Investigation complete; no suspect identified,
b663755a56a7160e343dba1bbde0b0900094fb88ab1dcc18e4adf40b3bb6eccf,2015-12,Surrey Police,Northumbria Police,-1.381061,54.908127,On or near Bedford Street,E01008703,Sunderland 013B,Burglary,Investigation complete; no suspect identified,
2a2620b0f8f2ad3f4d5b5166fb1aa38a481c7246e1d5eee404e7b832db2ad8be,2015-12,Surrey Police,Northumbria Police,-1.379228,54.905592,On or near Frederick Street,E01008703,Sunderland 013B,Burglary,Investigation complete; no suspect identified,
08e2c440a98ec9b2bf0f98f8b2bce161041d148a25cbcc7661f582f39b93aae1,2015-12,Surrey Police,Northumbria Police,-1.378495,54.906604,On or near West Sunniside,E01008703,Sunderland 013B,Burglary,Under investigation,
2c6961d4901afe4e79daf05e1e523e26fce22119b4f373b69fd413d08e3a0c4f,2015-12,Surrey Police,Northumbria Police,-1.381061,54.908127,On or near Bedford Street,E01008703,Sunderland 013B,Burglary,Investigation complete; no suspect identified,
33eac4409cfb4f68497c69d91a3a4ed0002a536c68cdaec0caafafb51b7d5d65,2015-12,Surrey Police,Northumbria Police,-1.381061,54.908127,On or near Bedford Street,E01008703,Sunderland 013B,Burglary,Under investigation,
e512c1b61d6f7af6c2bf6dbf14ba8612e57f0347493a34fcac7f792c16c7e4c8,2015-12,Surrey Police,Northumbria Police,-1.378842,54.908385,On or near William Street,E01008703,Sunderland 013B,Burglary,Investigation complete; no suspect identified,
2c9b4ac95e854136607509dd4ff6d4ee761c48029afa609464ac6140e02ac07e,2015-12,Surrey Police,Northumbria Police,-1.384684,54.905782,On or near Parking Area,E01008703,Sunderland 013B,Burglary,Investigation complete; no suspect identified,
d3d237b5c283e9c979737b8a7b6ca1a9505404aa23bbe197d7996aa18e3a7fd1,2015-12,Surrey Police,Northumbria Police,-1.383910,54.904331,On or near Holmeside,E01008703,Sunderland 013B,Burglary,Offender given community sentence,
d1f3aadcfa748ad1a850c11fda785f43eaa5b979cea56143713bab41b251fe0f,2015-12,Surrey Police,Northumbria Police,-1.377290,54.908898,On or near Parking Area,E01008703,Sunderland 013B,Burglary,Investigation complete; no suspect identified,
a634a85bff4702b0f679cfa73dc0e81d2b7005bb7e728e906d692c355aad3914,2015-12,Surrey Police,Northumbria Police,-1.382751,54.907713,On or near Back Bridge Street,E01008703,Sunderland 013B,Burglary,Investigation complete; no suspect identified,
6af643762a29308d7ced31de74ee6f50b9eaca954238fbaae6df2e51dad28e93,2015-12,Surrey Police,Northumbria Police,-1.384684,54.905782,On or near Parking Area,E01008703,Sunderland 013B,Burglary,Investigation complete; no suspect identified,
34b199683a2ced19a0f335d43522c43c67d7c2df764eef24162f0ac7d696eedd,2015-12,Surrey Police,Northumbria Police,-1.377875,54.906367,On or near Norfolk Street,E01008703,Sunderland 013B,Burglary,Investigation complete; no suspect identified,
44710199fc5ad0de8e5adef74b2dfe3f12dca9695e6aca86c1204f1b84396e58,2015-12,Surrey Police,Northumbria Police,-1.378842,54.908385,On or near William Street,E01008703,Sunderland 013B,Burglary,Offender sent to prison,
943eba054bbf34ef65ad22cfc707c61aaa090ef0120bf4351cb0d27f0b49adc1,2015-12,Surrey Police,Northumbria Police,-1.383910,54.904331,On or near Holmeside,E01008703,Sunderland 013B,Criminal damage and arson,Investigation complete; no suspect identified,
a5208aa154ede4aefc9789d6209eb56acc381953507bef8d4f14f7160f189a05,2015-12,Surrey Police,Northumbria Police,-1.380861,54.904881,On or near Further/Higher Educational Building,E01008703,Sunderland 013B,Criminal damage and arson,Investigation complete; no suspect identified,
33d76b1a3af10544182fa5012f61e697dbf92d623aa15404ba03d42319f43a33,2015-12,Surrey Police,Northumbria Police,-1.381061,54.908127,On or near Bedford Street,E01008703,Sunderland 013B,Criminal damage and arson,Investigation complete; no suspect identified,
054f9e5d40e11da740c265d81bd2ef3c30d87759a0a797266889b1c6aa46f338,2015-12,Surrey Police,Northumbria Police,-1.384148,54.907163,On or near York Street,E01008703,Sunderland 013B,Criminal damage and arson,Investigation complete; no suspect identified,
8b124b993ae294162fd27427f2c0109b85eabfa73650c10b3609f121d597c698,2015-12,Surrey Police,Northumbria Police,-1.381061,54.908127,On or near Bedford Street,E01008703,Sunderland 013B,Criminal damage and arson,Investigation complete; no suspect identified,
9600d81163a08a7ca787680c2ce75125a83ceac518d165438e6a3c2948af0735,2015-12,Surrey Police,Northumbria Police,-1.381061,54.908127,On or near Bedford Street,E01008703,Sunderland 013B,Criminal damage and arson,Under investigation,
4df445e714a53fac8708ccd793cee8f9f7e63c2fd837ad060bbf1a0320c36519,2015-12,Surrey Police,Northumbria Police,-1.386034,54.904180,On or near Vine Place,E01008703,Sunderland 013B,Criminal damage and arson,Investigation complete; no suspect identified,
64ba4e7268e289085b6613857cd0d7f0dcf17d4197eb1a8a3bb8997094319b40,2015-12,Surrey Police,Northumbria Police,-1.385155,54.906557,On or near Supermarket,E01008703,Sunderland 013B,Criminal damage and arson,Investigation complete; no suspect identified,
7fb74fff78aeab3523e2960ca1951d1f73df2d3012fd483c50473bc4447818c5,2015-12,Surrey Police,Northumbria Police,-1.379985,54.907070,On or near Frederick Road,E01008703,Sunderland 013B,Criminal damage and arson,Under investigation,
7e35214dfafe3499ba2922a31108429ab0ded6792fe56fea23508cbead3d4a80,2015-12,Surrey Police,Northumbria Police,-1.378495,54.906604,On or near West Sunniside,E01008703,Sunderland 013B,Criminal damage and arson,Investigation complete; no suspect identified,
9a9788cdf4562328210b9a8b180e52b0581e1cd2349cdb3192c2d9f991bf8041,2015-12,Surrey Police,Northumbria Police,-1.386149,54.906831,On or near West Street,E01008703,Sunderland 013B,Criminal damage and arson,Investigation complete; no suspect identified,
ffbca661a9c4237b1502311c001ab37d3e0ba57ec760813b5fb3eb15b5f3397c,2015-12,Surrey Police,Northumbria Police,-1.384684,54.905782,On or near Parking Area,E01008703,Sunderland 013B,Criminal damage and arson,Investigation complete; no suspect identified,
d49d42e0cb6c60604342289546451b28a40084ca86f28490b26eb351d5ea6d31,2015-12,Surrey Police,Northumbria Police,-1.386034,54.904180,On or near Vine Place,E01008703,Sunderland 013B,Criminal damage and arson,Offender given a caution,
cb2809214e302f5f4a792fd82e34a4f41122d3f1915ade47fe2749799805ff94,2015-12,Surrey Police,Northumbria Police,-1.379961,54.906593,On or near St Thomas' Street,E01008703,Sunderland 013B,Criminal damage and arson,Investigation complete; no suspect identified,
34586763752eeb3ecaf88c2e5c4d2a766a174984505cac25c750eb50bf27406c,2015-12,Surrey Police,Northumbria Police,-1.377290,54.908898,On or near Parking Area,E01008703,Sunderland 013B,Drugs,Offender given conditional discharge,
04112593b1fdf686f09df8deac849de0fb6a3fe0a813db040096569181394805,2015-12,Surrey Police,Northumbria Police,-1.386034,54.904180,On or near Vine Place,E01008703,Sunderland 013B,Drugs,Offender given community sentence,
619e540534aaedc20d20393ded974d50b92470d942972adbb820839f7e424ba7,2015-12,Surrey Police,Northumbria Police,-1.384256,54.905204,On or near Brougham Street,E01008703,Sunderland 013B,Drugs,Offender given a caution,
d9e0ef386331075ea4c6287cafe405b289ce4b99748d3d3470a6915d2209b9fa,2015-12,Surrey Police,Northumbria Police,-1.381452,54.909072,On or near Bridge Crescent,E01008703,Sunderland 013B,Drugs,Under investigation,
7807db489fd4fa104a658a8fd767ee5f5857c48f895e95b0f4621a8d086e8e10,2015-12,Surrey Police,Northumbria Police,-1.384684,54.905782,On or near Parking Area,E01008703,Sunderland 013B,Other theft,Investigation complete; no suspect identified,
09cfd7e836c5b707dc62bfef17ada0239ec07f9146b515c733bfb9ca809bceac,2015-12,Surrey Police,Northumbria Police,-1.387324,54.905453,On or near Sports/Recreation Area,E01008703,Sunderland 013B,Other theft,Investigation complete; no suspect identified,
fc98a351d1dab21c5feb7fb105a0a04c83ede00bb0030833afab70bbafae4e09,2015-12,Surrey Police,Northumbria Police,-1.386805,54.906817,On or near Crowtree Road,E01008703,Sunderland 013B,Other theft,Investigation complete; no suspect identified,
d7f08128b3442e38b906d5f33b718fd4ab22cadef65a56c339ed6cae43d71274,2015-12,Surrey Police,Northumbria Police,-1.383910,54.904331,On or near Holmeside,E01008703,Sunderland 013B,Other theft,Investigation complete; no suspect identified,
624a15df2a2f432ee1569ea38c6cb3dee8e60959d3f070d431d4cc66b770b8bd,2015-12,Surrey Police,Northumbria Police,-1.384256,54.905204,On or near Brougham Street,E01008703,Sunderland 013B,Other theft,Awaiting court outcome,
e826a04c91af2908b3b3ca1c852db7f2ebc151f4bd263b76fd365d3fad3a66ab,2015-12,Surrey Police,Northumbria Police,-1.386149,54.906831,On or near West Street,E01008703,Sunderland 013B,Other theft,Under investigation,
29e286ced73cc6c56e20400e2f799c3e31ce30180b9bb16c36acfcb78fc5d39f,2015-12,Surrey Police,Northumbria Police,-1.372293,54.909268,On or near Low Street,E01008703,Sunderland 013B,Other theft,Offender fined,
d27eb7d34bdf8fe7066f3e29896b0dee7a70faebf0a1e777fd443de7224221e0,2015-12,Surrey Police,Northumbria Police,-1.384482,54.908800,On or near Matlock Street,E01008703,Sunderland 013B,Other theft,Investigation complete; no suspect identified,
2f7329f8783599f9500cb75908528736b689be35f2a94cb871fc1deefa608166,2015-12,Surrey Police,Northumbria Police,-1.372293,54.909268,On or near Low Street,E01008703,Sunderland 013B,Other theft,Investigation complete; no suspect identified,
0c28646c2a85c96de10535d821c5f4063501c827a210363f2fd910e7fa915589,2015-12,Surrey Police,Northumbria Police,-1.383910,54.904331,On or near Holmeside,E01008703,Sunderland 013B,Other theft,Under investigation,
11d54a2a1a1b799dae939483aee6b47fb352a961a7f5619109cc465a5029ffd5,2015-12,Surrey Police,Northumbria Police,-1.386034,54.904180,On or near Vine Place,E01008703,Sunderland 013B,Other theft,Investigation complete; no suspect identified,
f160d854d7dafa0a8766d1e16e790f116e7a2b9bcc472bb5e906739fe5f560d8,2015-12,Surrey Police,Northumbria Police,-1.384256,54.905204,On or near Brougham Street,E01008703,Sunderland 013B,Other theft,Under investigation,
27ee3a875e7697140abe86c15a9707f189ad19435a423ed911eedf335322bfb6,2015-12,Surrey Police,Northumbria Police,-1.386805,54.906817,On or near Crowtree Road,E01008703,Sunderland 013B,Other theft,Investigation complete; no suspect identified,
e2e408158ac85de4548e5b904c9bdac36a2918fca94d3b19b13066e866ad571e,2015-12,Surrey Police,Northumbria Police,-1.386034,54.904180,On or near Vine Place,E01008703,Sunderland 013B,Other theft,Investigation complete; no suspect identified,
b88100ab36ad279e5697f8563b19cdf955c79aebca649921f5879ae10bc67cca,2015-12,Surrey Police,Northumbria Police,-1.385155,54.906557,On or near Supermarket,E01008703,Sunderland 013B,Other theft,Investigation complete; no suspect identified,
27a077d89e88a26ecfdfacd92916b3d96839a42126f5c0c824b856b1c3e30b1c,2015-12,Surrey Police,Northumbria Police,-1.380861,54.904881,On or near Further/Higher Educational Building,E01008703,Sunderland 013B,Other theft,Investigation complete; no suspect identified,
3efe259e208c58594f834a344d1237142c68c88fa001e129ff7824e705ebaa90,2015-12,Surrey Police,Northumbria Police,-1.384684,54.905782,On or near Parking Area,E01008703,Sunderland 013B,Other theft,Investigation complete; no suspect identified,
461101b55e5a96fe4c37de51ec872b2584b5997de062eb65f59dc18f9ceeadb9,2015-12,Surrey Police,Northumbria Police,-1.381061,54.908127,On or near Bedford Street,E01008703,Sunderland 013B,Other theft,Under investigation,
293ce2a291796c78ae26669128e2f2966e105f5ff954ff15f4b2edb404e6dca6,2015-12,Surrey Police,Northumbria Police,-1.382499,54.904854,On or near Waterloo Place,E01008703,Sunderland 013B,Other theft,Investigation complete; no suspect identified,
64c0c387582d95b628c93731eb27acf62d06f0cddc5758af0e69ba3cefc6f0ac,2015-12,Surrey Police,Northumbria Police,-1.386034,54.904180,On or near Vine Place,E01008703,Sunderland 013B,Other theft,Investigation complete; no suspect identified,
1a5bf4cea399ae9b5a82cc6a8741121535b0d192690dc65cfd75bba7807cb6cc,2015-12,Surrey Police,Northumbria Police,-1.381061,54.908127,On or near Bedford Street,E01008703,Sunderland 013B,Other theft,Investigation complete; no suspect identified,
d6a66bdf62dbc5ccf8f3fda51e2fae0f630ae429d4548e9d492446daaa82b8d4,2015-12,Surrey Police,Northumbria Police,-1.383910,54.904331,On or near Holmeside,E01008703,Sunderland 013B,Other theft,Under investigation,
08214b83f18f6ad6c37366786903f91c482f53284310b80971d87a867a747f9b,2015-12,Surrey Police,Northumbria Police,-1.382499,54.904854,On or near Waterloo Place,E01008703,Sunderland 013B,Possession of weapons,Awaiting court outcome,
b0ff0af3121956350844939c6a138ad094a4d80968b4730ee4bafa88676cd476,2015-12,Surrey Police,Northumbria Police,-1.382451,54.906974,On or near Station Street,E01008703,Sunderland 013B,Public order,Under investigation,
8b2499813422060c8be5c129b307592de610c4f423abd4bf61efc013a6899fbf,2015-12,Surrey Police,Northumbria Police,-1.383845,54.906568,On or near South Street,E01008703,Sunderland 013B,Public order,Investigation complete; no suspect identified,
5f00edd85ad068f95633dd17948d9d07197e9122ae46272459c9d5941c49ef4f,2015-12,Surrey Police,Northumbria Police,-1.372859,54.908983,On or near Bodlewell Lane,E01008703,Sunderland 013B,Public order,Awaiting court outcome,
d2a8b52e6f466851437c518f3930d5bcb34accb3a4402651a18615d9cddfd338,2015-12,Surrey Police,Northumbria Police,-1.383845,54.906568,On or near South Street,E01008703,Sunderland 013B,Public order,Investigation complete; no suspect identified,
890a39ec52c3526192c5cb178bcd7f5a4d045667a98b58290694f971d3dc6448,2015-12,Surrey Police,Northumbria Police,-1.382451,54.906974,On or near Station Street,E01008703,Sunderland 013B,Public order,Investigation complete; no suspect identified,
c86c47b26d10ccd711ef6dc70839a8ec1df59991492c61f2e8f42d0ee187e8ea,2015-12,Surrey Police,Northumbria Police,-1.372859,54.908983,On or near Bodlewell Lane,E01008703,Sunderland 013B,Public order,Investigation complete; no suspect identified,
df466d9310f99ff606f4c9d390c7162cf5f7a1bd2a60196d166ebdc1951e7f28,2015-12,Surrey Police,Northumbria Police,-1.381547,54.905936,On or near Fawcett Street,E01008703,Sunderland 013B,Public order,Investigation complete; no suspect identified,
d2ba755ba17fab4f87c23c0374e3cda5849dd28e08c3d81a05ae13756fba22c7,2015-12,Surrey Police,Northumbria Police,-1.378495,54.906604,On or near West Sunniside,E01008703,Sunderland 013B,Public order,Awaiting court outcome,
552cf1f029b87181362860632ea851f198a1a5ec3aca30bba882472c1b014987,2015-12,Surrey Police,Northumbria Police,-1.387324,54.905453,On or near Sports/Recreation Area,E01008703,Sunderland 013B,Public order,Investigation complete; no suspect identified,
95550f78bd1f7ce2ddde7f53c841ad1014bc5850d2cc1659075b983a85b11989,2015-12,Surrey Police,Northumbria Police,-1.380861,54.904881,On or near Further/Higher Educational Building,E01008703,Sunderland 013B,Public order,Investigation complete; no suspect identified,
849bc0098e5149908a474b62a5c33fa8ae7cf2f419c2a4f7694a64d52a60292f,2015-12,Surrey Police,Northumbria Police,-1.380861,54.904881,On or near Further/Higher Educational Building,E01008703,Sunderland 013B,Public order,Awaiting court outcome,
ef6fc31c9ca2d3dee7ae6026fd78f65fa2d3baf471497ffdd3505f5ede455eb9,2015-12,Surrey Police,Northumbria Police,-1.376669,54.907700,On or near Little Villiers Street,E01008703,Sunderland 013B,Robbery,Awaiting court outcome,
515a00a2a129b8ae38298bf3f5777d60125bbec8677b14e72da886a00beb3eaf,2015-12,Surrey Police,Northumbria Police,-1.370462,54.906679,On or near Moor Street,E01008703,Sunderland 013B,Robbery,Investigation complete; no suspect identified,
5ee4a60e246eb5ef76eb96f387318136061b406c4fe77e22676c8d7f1b26e7ba,2015-12,Surrey Police,Northumbria Police,-1.382499,54.904854,On or near Waterloo Place,E01008703,Sunderland 013B,Robbery,Investigation complete; no suspect identified,
3e4845c045925c37337a96d630ffd29caf429e07ae3b8220858924c3500a0b33,2015-12,Surrey Police,Northumbria Police,-1.385155,54.906557,On or near Supermarket,E01008703,Sunderland 013B,Shoplifting,Investigation complete; no suspect identified,
a806f4f773586f3c480ed919fcca6b5d59de88387d6def040a0a99cd3973bfaf,2015-12,Surrey Police,Northumbria Police,-1.386034,54.904180,On or near Vine Place,E01008703,Sunderland 013B,Shoplifting,Offender given community sentence,
a616580706d8e4a47d4bdd739ecaec813e80931f307f342ab42470ee303e4a18,2015-12,Surrey Police,Northumbria Police,-1.385155,54.906557,On or near Supermarket,E01008703,Sunderland 013B,Shoplifting,Local resolution,
8e87f737f5e125f20a297a0cf14393aa23cc65d8fa4ce476bc38a376a37325ea,2015-12,Surrey Police,Northumbria Police,-1.384046,54.907719,On or near Shopping Area,E01008703,Sunderland 013B,Shoplifting,Under investigation,
d0da54f44c7955cbc2750a7bea823d01c0e8fb50e64e0c33f01bb0a94bcb8f54,2015-12,Surrey Police,Northumbria Police,-1.386034,54.904180,On or near Vine Place,E01008703,Sunderland 013B,Shoplifting,Offender given community sentence,
546ea77f7819d6a1fde581078febfa4b49ce0b096f621c792109cc389b005061,2015-12,Surrey Police,Northumbria Police,-1.384684,54.905782,On or near Parking Area,E01008703,Sunderland 013B,Shoplifting,Awaiting court outcome,
f22ab0f1d68fe131250d93501bd3f52d52d57f46c18f45b8113a405e53e2714a,2015-12,Surrey Police,Northumbria Police,-1.386034,54.904180,On or near Vine Place,E01008703,Sunderland 013B,Shoplifting,Offender otherwise dealt with,
948a24ab4f9768fe7f87fad6786b1922e089678bb9976bb1befa2c91c1c7d7e7,2015-12,Surrey Police,Northumbria Police,-1.387324,54.905453,On or near Sports/Recreation Area,E01008703,Sunderland 013B,Shoplifting,Investigation complete; no suspect identified,
67dd3d2664134f2ba407da39385a9cc496910efe5ec7d5c63f62f76a8c00bbdf,2015-12,Surrey Police,Northumbria Police,-1.384684,54.905782,On or near Parking Area,E01008703,Sunderland 013B,Shoplifting,Offender given conditional discharge,
c3abe87ae178f768e2dfaa22b02e355dfc6fdb81c659f10b2762f7738e2ac933,2015-12,Surrey Police,Northumbria Police,-1.380861,54.904881,On or near Further/Higher Educational Building,E01008703,Sunderland 013B,Shoplifting,Under investigation,
2a82d036b51ccb2fa2c76325c4cdbdd0818e23b601627f73bb0e64e1c9c1c568,2015-12,Surrey Police,Northumbria Police,-1.380861,54.904881,On or near Further/Higher Educational Building,E01008703,Sunderland 013B,Shoplifting,Under investigation,
3085cff9178121ffd5f9f99ed44f101685b33289efe88837d2de8158c1c1175c,2015-12,Surrey Police,Northumbria Police,-1.386034,54.904180,On or near Vine Place,E01008703,Sunderland 013B,Shoplifting,Offender sent to prison,
3a126cd616ce090b9ff85116c732c919c65bbe64112e5b88be46780d142262a3,2015-12,Surrey Police,Northumbria Police,-1.384684,54.905782,On or near Parking Area,E01008703,Sunderland 013B,Shoplifting,Offender given community sentence,
4a8920a5addcccaaf8b11594b9012a1c1444a6d505d0b4fb3fff37530a796517,2015-12,Surrey Police,Northumbria Police,-1.382451,54.906974,On or near Station Street,E01008703,Sunderland 013B,Shoplifting,Under investigation,
bbd962fc9c8bd7a6e4993410f58c565503c78a222a2a23996c5e031c74db4057,2015-12,Surrey Police,Northumbria Police,-1.386034,54.904180,On or near Vine Place,E01008703,Sunderland 013B,Shoplifting,Offender given a caution,
ce63a2f958227e42f0e269ee144415fb49e40a6a9b48b840340a037ae05e31d3,2015-12,Surrey Police,Northumbria Police,-1.384256,54.905204,On or near Brougham Street,E01008703,Sunderland 013B,Shoplifting,Suspect charged as part of another case,
75be2ea797990534802b073c6004a2cb05e64bd6746c16351c18c1a86a16448b,2015-12,Surrey Police,Northumbria Police,-1.384668,54.905790,On or near Shopping Area,E01008703,Sunderland 013B,Shoplifting,Local resolution,
80950c9de7531c49ecc210bebfdfa7a2d1202ce6571fe2d9fed7ea82ed1f4cf4,2015-12,Surrey Police,Northumbria Police,-1.383845,54.906568,On or near South Street,E01008703,Sunderland 013B,Shoplifting,Local resolution,
05d8e4f61bebd342309359bf1cd27e8dbd390bbc5b470eeae5b2bff0be798a6d,2015-12,Surrey Police,Northumbria Police,-1.380861,54.904881,On or near Further/Higher Educational Building,E01008703,Sunderland 013B,Shoplifting,Suspect charged as part of another case,
bff2a198359c03218d60c1ee9263f85d0b0f9a6a29dd9958848ef190cd79d177,2015-12,Surrey Police,Northumbria Police,-1.385155,54.906557,On or near Supermarket,E01008703,Sunderland 013B,Shoplifting,Suspect charged as part of another case,
93f84a6ea842d1b3c980bdcb627b32aa21d5bba66692c40a06c5872f5932a23f,2015-12,Surrey Police,Northumbria Police,-1.384256,54.905204,On or near Brougham Street,E01008703,Sunderland 013B,Shoplifting,Under investigation,
102f86aad6122faf0911cc81feab3c721c97bdca739afc27b45471c6ba1d042a,2015-12,Surrey Police,Northumbria Police,-1.386034,54.904180,On or near Vine Place,E01008703,Sunderland 013B,Shoplifting,Offender given conditional discharge,
5011bb1859a9be97d22dab9d8660e666ff542881e51336b433171a64c3145f33,2015-12,Surrey Police,Northumbria Police,-1.384046,54.907719,On or near Shopping Area,E01008703,Sunderland 013B,Shoplifting,Investigation complete; no suspect identified,
bacf7098c7e8782f598e0a0771f4de3e45ac2e66503110f120b31f11dc86fb59,2015-12,Surrey Police,Northumbria Police,-1.383845,54.906568,On or near South Street,E01008703,Sunderland 013B,Shoplifting,Offender fined,
fa49a07461412d11cdff1f710a50f6883771f26a8e8614b35d4f071dfb63b3bb,2015-12,Surrey Police,Northumbria Police,-1.386149,54.906831,On or near West Street,E01008703,Sunderland 013B,Shoplifting,Offender given community sentence,
36302f58d6693a0ce98fd7b5c634903f24e3f6aac5671be0507b8afb015ee833,2015-12,Surrey Police,Northumbria Police,-1.386034,54.904180,On or near Vine Place,E01008703,Sunderland 013B,Shoplifting,Under investigation,
f7bd81ab021a001bebd78eafd288bd8a2e56936592ea0b97cc61e9aaba17a084,2015-12,Surrey Police,Northumbria Police,-1.384692,54.906285,On or near King Street,E01008703,Sunderland 013B,Shoplifting,Investigation complete; no suspect identified,
7df7c3cac4967e70276917b9615729fa4c512ecd0ea3d7d4baa10a7ef5e2c1fe,2015-12,Surrey Police,Northumbria Police,-1.383341,54.907887,On or near Shopping Area,E01008703,Sunderland 013B,Shoplifting,Under investigation,
2cf2d0d1d0fe1090614ae82aa7ac4abf4b25b0405331d494af586195d543a856,2015-12,Surrey Police,Northumbria Police,-1.385078,54.907572,On or near Queen Street,E01008703,Sunderland 013B,Shoplifting,Investigation complete; no suspect identified,
ae7fbf102cdb7fdf0ea9839b7107814f6936a07e0f64c412c61cc461ef9b3fbd,2015-12,Surrey Police,Northumbria Police,-1.382451,54.906974,On or near Station Street,E01008703,Sunderland 013B,Shoplifting,Offender given a caution,
37240269ce3677b61ed8198c98017007c5dd1ff39f778dfbffb97c6c5a3a4155,2015-12,Surrey Police,Northumbria Police,-1.386034,54.904180,On or near Vine Place,E01008703,Sunderland 013B,Shoplifting,Offender given a caution,
aaade94891e4def4f384b6eaab93028606cf41b421fbd4efe39179147ce63774,2015-12,Surrey Police,Northumbria Police,-1.384256,54.905204,On or near Brougham Street,E01008703,Sunderland 013B,Shoplifting,Under investigation,
499f9091d198c8a90e7aeccf992062b805fec68822a0520420199eb4f4529f2b,2015-12,Surrey Police,Northumbria Police,-1.386034,54.904180,On or near Vine Place,E01008703,Sunderland 013B,Shoplifting,Offender fined,
04270c8f0f7868a0e686ee219bf4c7e6405e7c6d40233533545b98b8f4a223ad,2015-12,Surrey Police,Northumbria Police,-1.385155,54.906557,On or near Supermarket,E01008703,Sunderland 013B,Shoplifting,Local resolution,
443dda99fdf7f32c2a6b64534fb299dc1b75542b8942252a48b06bc04132df0e,2015-12,Surrey Police,Northumbria Police,-1.384684,54.905782,On or near Parking Area,E01008703,Sunderland 013B,Shoplifting,Offender given a caution,
18a253a4c2220cb11b503963bd42360dd2b69f6d4cfa7073395850c3e6e68360,2015-12,Surrey Police,Northumbria Police,-1.386034,54.904180,On or near Vine Place,E01008703,Sunderland 013B,Shoplifting,Under investigation,
1af93060caeec8b3b6273c597582aa90b9766efa161b7d5b701f3f49c2a5fd03,2015-12,Surrey Police,Northumbria Police,-1.384668,54.905790,On or near Shopping Area,E01008703,Sunderland 013B,Shoplifting,Offender given community sentence,
58b7eeaadb30047e63c275bd93ab826c57dba5be21c965cb10392c293c58e25f,2015-12,Surrey Police,Northumbria Police,-1.386034,54.904180,On or near Vine Place,E01008703,Sunderland 013B,Shoplifting,Offender given suspended prison sentence,
09f6ad8fcf12f2c4513c853f3683f6d5047898f135d2901d989588277542c5ed,2015-12,Surrey Police,Northumbria Police,-1.385155,54.906557,On or near Supermarket,E01008703,Sunderland 013B,Shoplifting,Offender given a caution,
5ea73ce8178771d145ad789b27496c5fdbb38e58528c5744c73aae150a7122ff,2015-12,Surrey Police,Northumbria Police,-1.384684,54.905782,On or near Parking Area,E01008703,Sunderland 013B,Shoplifting,Under investigation,
22c12fe3f2a547cb6ee5818fd5abbfe71fddd25d535565ab9886c59ab08f13f4,2015-12,Surrey Police,Northumbria Police,-1.384668,54.905790,On or near Shopping Area,E01008703,Sunderland 013B,Shoplifting,Suspect charged as part of another case,
71c68a9a18a9af5dc5dcee26315e2924d7612839c74a9a85066629c6183cfa8f,2015-12,Surrey Police,Northumbria Police,-1.384684,54.905782,On or near Parking Area,E01008703,Sunderland 013B,Shoplifting,Local resolution,
6cbec62bb6240d2e21ff79996118fa0e466f5a2fd2f3301a09855b8639609940,2015-12,Surrey Police,Northumbria Police,-1.384692,54.906285,On or near King Street,E01008703,Sunderland 013B,Shoplifting,Investigation complete; no suspect identified,
3db74528b8bd7630c82cfa06f08c9a90f9420630c0663385f4322a085a214336,2015-12,Surrey Police,Northumbria Police,-1.386034,54.904180,On or near Vine Place,E01008703,Sunderland 013B,Shoplifting,Under investigation,
a7f9f0dcd58182ad1384efed5d375cda41446150911bb37124565edaa4060be6,2015-12,Surrey Police,Northumbria Police,-1.384684,54.905782,On or near Parking Area,E01008703,Sunderland 013B,Shoplifting,Under investigation,
c4d8b7e50c3f6ffe0ca9258b496ca6b59e96c8a288311a7ff20b4117a7e88a7f,2015-12,Surrey Police,Northumbria Police,-1.386034,54.904180,On or near Vine Place,E01008703,Sunderland 013B,Shoplifting,Offender given community sentence,
b1dc8c2441064ed2b5d293ac818f5206a249c619e2849dcaa73cfb7d7255de78,2015-12,Surrey Police,Northumbria Police,-1.386034,54.904180,On or near Vine Place,E01008703,Sunderland 013B,Shoplifting,Under investigation,
c3a91b2a3e31071a882977da2c6f399ea2e4cae0cf6d0f2b6df9f1bb4186a722,2015-12,Surrey Police,Northumbria Police,-1.385155,54.906557,On or near Supermarket,E01008703,Sunderland 013B,Shoplifting,Local resolution,
d4622b8c71e251d32d3bef795785f09354100dbdfa2de95b2b3b4ca2f52a85fc,2015-12,Surrey Police,Northumbria Police,-1.386034,54.904180,On or near Vine Place,E01008703,Sunderland 013B,Shoplifting,Offender given conditional discharge,
ed8c388c8c62ce073f83ebe570572199d9ead2f8e110e516bdac24a184cfd977,2015-12,Surrey Police,Northumbria Police,-1.385155,54.906557,On or near Supermarket,E01008703,Sunderland 013B,Shoplifting,Offender given conditional discharge,
077e73528d1b4b117b2b166aa1e178a2378cd0495aa7d1c25cb5a4bc5494ed43,2015-12,Surrey Police,Northumbria Police,-1.384256,54.905204,On or near Brougham Street,E01008703,Sunderland 013B,Shoplifting,Under investigation,
4436679ce71e3b72df169e262ca6403efe73a7e81a3492c784164c5119fba70d,2015-12,Surrey Police,Northumbria Police,-1.386149,54.906831,On or near West Street,E01008703,Sunderland 013B,Shoplifting,Offender given community sentence,
c10a24583ef8b1cd84d1df4bdc8295bb0e8e1a688aee9c6805ca2e48a2873348,2015-12,Surrey Police,Northumbria Police,-1.386034,54.904180,On or near Vine Place,E01008703,Sunderland 013B,Shoplifting,Offender given conditional discharge,
db9e29fc4ed85893897171318088ff178afd201a1686deac6c9a5f1e696cb42f,2015-12,Surrey Police,Northumbria Police,-1.384256,54.905204,On or near Brougham Street,E01008703,Sunderland 013B,Shoplifting,Suspect charged as part of another case,
d261941abaa0634ed6fd55dc527f30114a0e56cc3b8da2a4d764980496a1520a,2015-12,Surrey Police,Northumbria Police,-1.385078,54.907572,On or near Queen Street,E01008703,Sunderland 013B,Shoplifting,Investigation complete; no suspect identified,
a43181183cb2d676a9f48d8d0a256819a43ed8da5c92cd5d519f8444ef57e136,2015-12,Surrey Police,Northumbria Police,-1.386034,54.904180,On or near Vine Place,E01008703,Sunderland 013B,Shoplifting,Under investigation,
38a88714e85ae2742d746e792e0538849ce7a9f6f4ad5255be5e928f3cb28dd0,2015-12,Surrey Police,Northumbria Police,-1.382451,54.906974,On or near Station Street,E01008703,Sunderland 013B,Shoplifting,Offender given suspended prison sentence,
5add73a660b65cb303c6ac9cb5a35587ce93baa3ef95d1784a16969ad437d3be,2015-12,Surrey Police,Northumbria Police,-1.386149,54.906831,On or near West Street,E01008703,Sunderland 013B,Shoplifting,Under investigation,
e76cfa0781952dc17d556396494362d676d1aab4cd5d6b086a2b6ca795c73169,2015-12,Surrey Police,Northumbria Police,-1.385155,54.906557,On or near Supermarket,E01008703,Sunderland 013B,Shoplifting,Investigation complete; no suspect identified,
019be2601f85cbcb0cfaf07c3a149bab3eb678e276ce88067edb0f970fffefff,2015-12,Surrey Police,Northumbria Police,-1.384256,54.905204,On or near Brougham Street,E01008703,Sunderland 013B,Shoplifting,Under investigation,
3002b5acf9fca8d7514a9be7e2284c7f3087b6ec8363937313fc61d874cbae76,2015-12,Surrey Police,Northumbria Police,-1.386034,54.904180,On or near Vine Place,E01008703,Sunderland 013B,Shoplifting,Offender given a caution,
d84e7f1e3de65c0d310dbebe128fb5dae8dad6e3a972d50cb0b1f80d4a10a128,2015-12,Surrey Police,Northumbria Police,-1.380861,54.904881,On or near Further/Higher Educational Building,E01008703,Sunderland 013B,Shoplifting,Suspect charged as part of another case,
698f9b98b1f8152f3f0b5d36cf703d1b5117ac67bd13acd9a7c11452263df01f,2015-12,Surrey Police,Northumbria Police,-1.386149,54.906831,On or near West Street,E01008703,Sunderland 013B,Shoplifting,Local resolution,
95a30d6cfd2ff6166ec6af62885de7401475acaf54a5209550e814abfb13f686,2015-12,Surrey Police,Northumbria Police,-1.386034,54.904180,On or near Vine Place,E01008703,Sunderland 013B,Shoplifting,Offender otherwise dealt with,
fa66765f065c2cae23fae96061ac8a181a5d8370d72f2a1dfac9b6237a6f9b9c,2015-12,Surrey Police,Northumbria Police,-1.385078,54.907572,On or near Queen Street,E01008703,Sunderland 013B,Shoplifting,Investigation complete; no suspect identified,
e19fab683230e91f8dfb4e46ccea8867bb3e89596bc166480068520f9a108c4a,2015-12,Surrey Police,Northumbria Police,-1.385155,54.906557,On or near Supermarket,E01008703,Sunderland 013B,Shoplifting,Investigation complete; no suspect identified,
a66f0f0cbdd078a4ba403b9e67d974cc030f2fcb6fea5128b90df85a09d7bea8,2015-12,Surrey Police,Northumbria Police,-1.386149,54.906831,On or near West Street,E01008703,Sunderland 013B,Shoplifting,Offender given conditional discharge,
6a7af842c95b02c62efadb63d8cd49d35430f7e093c2af81377f1829551eb8bc,2015-12,Surrey Police,Northumbria Police,-1.380861,54.904881,On or near Further/Higher Educational Building,E01008703,Sunderland 013B,Shoplifting,Offender given conditional discharge,
8ac3c0fc8d314f1572ec9494a53202170f046666f2ebc0a0cf5e5a990aec556f,2015-12,Surrey Police,Northumbria Police,-1.384684,54.905782,On or near Parking Area,E01008703,Sunderland 013B,Theft from the person,Investigation complete; no suspect identified,
8341f6b2baa967ed150ff54820bd5061a17b1f814fef9e9c82f5c7b27594521b,2015-12,Surrey Police,Northumbria Police,-1.376669,54.907700,On or near Little Villiers Street,E01008703,Sunderland 013B,Vehicle crime,Investigation complete; no suspect identified,
2ff8abb2d653756a0a0a5ebf4e91d456966b72b8a66133fb358bc069dd8cc3b2,2015-12,Surrey Police,Northumbria Police,-1.381061,54.908127,On or near Bedford Street,E01008703,Sunderland 013B,Vehicle crime,Investigation complete; no suspect identified,
59b890848d170b3ac319aa75788d311926a96de556de9a961ad31568b8a15f95,2015-12,Surrey Police,Northumbria Police,-1.376669,54.907700,On or near Little Villiers Street,E01008703,Sunderland 013B,Vehicle crime,Investigation complete; no suspect identified,
57caef3c4e4f7ca088b7afaeddfeaa05e320e96f96621dccb6a2b14234ef10a0,2015-12,Surrey Police,Northumbria Police,-1.384482,54.908800,On or near Matlock Street,E01008703,Sunderland 013B,Vehicle crime,Investigation complete; no suspect identified,
e68212bbd59ce860eebb3aefd7d2ee7ea1533242013a8ab9643d29835f5d5ab6,2015-12,Surrey Police,Northumbria Police,-1.377290,54.908898,On or near Parking Area,E01008703,Sunderland 013B,Vehicle crime,Investigation complete; no suspect identified,
6b844d7f944d208b760595130eacf7f70b49947a1adf8324519763c7d84736b3,2015-12,Surrey Police,Northumbria Police,-1.383910,54.904331,On or near Holmeside,E01008703,Sunderland 013B,Violence and sexual offences,Offender given a caution,
1c514468283153596075f8b25bee3162d156b56504eb4898d7c0c552d14776b7,2015-12,Surrey Police,Northumbria Police,-1.384256,54.905204,On or near Brougham Street,E01008703,Sunderland 013B,Violence and sexual offences,Under investigation,
db6ac8a7977f59b20b8857c68fe01239e9f370bbff253b3f5a8635d23e3d1750,2015-12,Surrey Police,Northumbria Police,-1.382451,54.906974,On or near Station Street,E01008703,Sunderland 013B,Violence and sexual offences,Under investigation,
5386cb558b41de07c39ccdbcb7f82bcc3d4c118423d8747966916f50eb7effa2,2015-12,Surrey Police,Northumbria Police,-1.382499,54.904854,On or near Waterloo Place,E01008703,Sunderland 013B,Violence and sexual offences,Investigation complete; no suspect identified,
5e8bca1e2735b4eebe090dced2aaad4980ec0e32e4ab41f9e11d7ca439c8ecc4,2015-12,Surrey Police,Northumbria Police,-1.380861,54.904881,On or near Further/Higher Educational Building,E01008703,Sunderland 013B,Violence and sexual offences,Under investigation,
af8939d3ac709a2269da84850486176493c50f90843a30fb82345e6846ece7f0,2015-12,Surrey Police,Northumbria Police,-1.383910,54.904331,On or near Holmeside,E01008703,Sunderland 013B,Violence and sexual offences,Investigation complete; no suspect identified,
81646bd876fee7bc2f3af67c11c2ecb956911c0e55957fb8ccfd0054a898f9e1,2015-12,Surrey Police,Northumbria Police,-1.383845,54.906568,On or near South Street,E01008703,Sunderland 013B,Violence and sexual offences,Awaiting court outcome,
ee0c618ca37f017dadfbf345320a5f100e7a67adca7b504ac8418baecfac803f,2015-12,Surrey Police,Northumbria Police,-1.380861,54.904881,On or near Further/Higher Educational Building,E01008703,Sunderland 013B,Violence and sexual offences,Investigation complete; no suspect identified,
a8e2596fa08d75ca3fe6249a106172cad99f0fcdb5f21088e26f99bde70131ed,2015-12,Surrey Police,Northumbria Police,-1.385155,54.906557,On or near Supermarket,E01008703,Sunderland 013B,Violence and sexual offences,Under investigation,
08781424b0bd7af28fefc53b392ad43df1264e573f9f94cd30e9b0014327b162,2015-12,Surrey Police,Northumbria Police,-1.383910,54.904331,On or near Holmeside,E01008703,Sunderland 013B,Violence and sexual offences,Offender given a caution,
95d2ce03c7e5fae4a7f9ddf96a5f529c46f155114e01fdcd117397775da897a0,2015-12,Surrey Police,Northumbria Police,-1.386034,54.904180,On or near Vine Place,E01008703,Sunderland 013B,Violence and sexual offences,Under investigation,
0741de7f777202ab7bde1d3215512bfceac1e4a5430e603346dc56927db2fd42,2015-12,Surrey Police,Northumbria Police,-1.386034,54.904180,On or near Vine Place,E01008703,Sunderland 013B,Violence and sexual offences,Investigation complete; no suspect identified,
73029a23ed2dbcec5debe94f02d2582b639b36d3fa7c72814a48eb58fc4cb2e5,2015-12,Surrey Police,Northumbria Police,-1.381452,54.909072,On or near Bridge Crescent,E01008703,Sunderland 013B,Violence and sexual offences,Under investigation,
b8bec67a1dcdd03cd59d0abbfe095bb0af1ef7bfc7f8424e6bc2918f3dc1ceb1,2015-12,Surrey Police,Northumbria Police,-1.372293,54.909268,On or near Low Street,E01008703,Sunderland 013B,Violence and sexual offences,Investigation complete; no suspect identified,
5718e948d44f77341d485d3ae82a85548c8a6e4a7e6c72bae932a2234a0307ce,2015-12,Surrey Police,Northumbria Police,-1.386805,54.906817,On or near Crowtree Road,E01008703,Sunderland 013B,Violence and sexual offences,Under investigation,
a12ec06a525533016f67f6a037ba12d1b5acfbfedf15a3f816cdd36bcd4ed404,2015-12,Surrey Police,Northumbria Police,-1.383910,54.904331,On or near Holmeside,E01008703,Sunderland 013B,Violence and sexual offences,Investigation complete; no suspect identified,
2e4194bd53fe83307cc93cdae3bc71c9cdb7e6336d0fb1bb85719f1044faeb7f,2015-12,Surrey Police,Northumbria Police,-1.386149,54.906831,On or near West Street,E01008703,Sunderland 013B,Violence and sexual offences,Under investigation,
17720ce9e2b08811054ca00144012c2ef4d4eab1ab0961b7852d47d36061593f,2015-12,Surrey Police,Northumbria Police,-1.379985,54.907070,On or near Frederick Road,E01008703,Sunderland 013B,Violence and sexual offences,Investigation complete; no suspect identified,
4c028751a86e0a55d42b11c26f30a4bead3a3d3c0ddea6dbd5f05fd1004ec124,2015-12,Surrey Police,Northumbria Police,-1.387324,54.905453,On or near Sports/Recreation Area,E01008703,Sunderland 013B,Violence and sexual offences,Offender given conditional discharge,
691868f99aede8386a4686d6bb2222cb2719c58f60a752a6b1b07a78e4a8f364,2015-12,Surrey Police,Northumbria Police,-1.383910,54.904331,On or near Holmeside,E01008703,Sunderland 013B,Violence and sexual offences,Under investigation,
1cd486da8bb0f256c94b1de0c579247c568a050393e9b3b9e0b0376384772b57,2015-12,Surrey Police,Northumbria Police,-1.382499,54.904854,On or near Waterloo Place,E01008703,Sunderland 013B,Violence and sexual offences,Under investigation,
031869b48920d1d61134dba453cc26ef24374292a28d6f4435a3733d1cb27d1e,2015-12,Surrey Police,Northumbria Police,-1.380861,54.904881,On or near Further/Higher Educational Building,E01008703,Sunderland 013B,Other crime,Awaiting court outcome,
f2101e902ea3253affd4d676f580a387eb8433077455e7c7df22be41d4bb42cc,2015-12,Surrey Police,Northumbria Police,-1.384692,54.906285,On or near King Street,E01008703,Sunderland 013B,Other crime,Investigation complete; no suspect identified,
c3cbdf12b5bbe3eef971e9b5bc707886b6175586869ff28b8f361996cf572a2d,2015-12,Surrey Police,Northumbria Police,-1.379961,54.906593,On or near St Thomas' Street,E01008703,Sunderland 013B,Other crime,Under investigation,
,2015-12,Surrey Police,Northumbria Police,-1.390883,54.906280,On or near Silksworth Row,E01008705,Sunderland 013C,Anti-social behaviour,,
,2015-12,Surrey Police,Northumbria Police,-1.393456,54.906302,On or near Gilhurst Grange,E01008705,Sunderland 013C,Anti-social behaviour,,
,2015-12,Surrey Police,Northumbria Police,-1.390883,54.906280,On or near Silksworth Row,E01008705,Sunderland 013C,Anti-social behaviour,,
,2015-12,Surrey Police,Northumbria Police,-1.395586,54.906744,On or near Back Hylton Road,E01008705,Sunderland 013C,Anti-social behaviour,,
5c4adabcf554e1334f6d79dee24310fcc7f83b202579e656ed083de89cffd910,2015-12,Surrey Police,Northumbria Police,-1.396127,54.905039,On or near The Leazes,E01008705,Sunderland 013C,Burglary,Investigation complete; no suspect identified,
97c574f9143a584414cede81320e8f1a5488d4fa2471f259b0671fa2315963be,2015-12,Surrey Police,Northumbria Police,-1.396127,54.905039,On or near The Leazes,E01008705,Sunderland 013C,Burglary,Under investigation,
7843bf762da5ea2cb785bd71a6d63e684da46efafa96008326b566dde24ca573,2015-12,Surrey Police,Northumbria Police,-1.397529,54.905136,On or near Harlow Street,E01008705,Sunderland 013C,Criminal damage and arson,Investigation complete; no suspect identified,
c914963e20b41d15ac9bd29ccfe4165dd1823df8653a3015e5ec81c6681e3253,2015-12,Surrey Police,Northumbria Police,-1.396639,54.907279,On or near Marguerite Court,E01008705,Sunderland 013C,Criminal damage and arson,Investigation complete; no suspect identified,
6bf011b5f8c507bb00190f8cb1d66a68059608b0d176ab05ef0d9a8ef9b67f18,2015-12,Surrey Police,Northumbria Police,-1.395586,54.906744,On or near Back Hylton Road,E01008705,Sunderland 013C,Criminal damage and arson,Awaiting court outcome,
89f830780b526bc4acbf4811a9d5bd1e53f0808e4cb7609029b260ef5719fe0b,2015-12,Surrey Police,Northumbria Police,-1.395586,54.906744,On or near Back Hylton Road,E01008705,Sunderland 013C,Criminal damage and arson,Investigation complete; no suspect identified,
df22308952277070e6411600e4434f60c14230a60e2c2b5eb3375dcce1d31c45,2015-12,Surrey Police,Northumbria Police,-1.397529,54.905136,On or near Harlow Street,E01008705,Sunderland 013C,Criminal damage and arson,Investigation complete; no suspect identified,
50bcc6ae1c43ae831693dc5e1840aaec87b05c5fa600fbf7b9fbcf0da8490be0,2015-12,Surrey Police,Northumbria Police,-1.394729,54.904646,On or near Rosedale Street,E01008705,Sunderland 013C,Criminal damage and arson,Awaiting court outcome,
21cdf2864715c671d9ce63079d330722053a86f09c4adbece7a60e44cf5b21f8,2015-12,Surrey Police,Northumbria Police,-1.390883,54.906280,On or near Silksworth Row,E01008705,Sunderland 013C,Criminal damage and arson,Awaiting court outcome,
42d8b8481dcac518cfe4c97b4dff220d7be9b3f1b5a4e5fa29ade25d554e46cc,2015-12,Surrey Police,Northumbria Police,-1.395586,54.906744,On or near Back Hylton Road,E01008705,Sunderland 013C,Criminal damage and arson,Under investigation,
a7410618d943c717b275a53fbb608f71f134b12cf9c3aae9c2b136acee020bbc,2015-12,Surrey Police,Northumbria Police,-1.399129,54.907615,On or near Lime Street,E01008705,Sunderland 013C,Criminal damage and arson,Investigation complete; no suspect identified,
6b02221b56bcd1b681ff376bf4de9536de2c4b08d80b69482f053a71ec5ebabb,2015-12,Surrey Police,Northumbria Police,-1.390883,54.906280,On or near Silksworth Row,E01008705,Sunderland 013C,Criminal damage and arson,Under investigation,
242c842e50a28a3134b34d695e919d66e84d5c27612f6e6268ab8dddbbf96f6e,2015-12,Surrey Police,Northumbria Police,-1.397529,54.905136,On or near Harlow Street,E01008705,Sunderland 013C,Drugs,Offender given a drugs possession warning,
125d142d66babed89bc4022b84bf8ba6454856c5ea7142e0069e430bdc12573a,2015-12,Surrey Police,Northumbria Police,-1.396187,54.904114,On or near Chester Terrace,E01008705,Sunderland 013C,Other theft,Investigation complete; no suspect identified,
7b1313f8c1cc8418f3b8d77ed75e1df99b89d203f6402cc367787a24d5731d2d,2015-12,Surrey Police,Northumbria Police,-1.394729,54.904646,On or near Rosedale Street,E01008705,Sunderland 013C,Public order,Offender given suspended prison sentence,
211ad894f0521856ea85f03bc978e26dd2dda1c4cea6b6829712da7389ef5cd6,2015-12,Surrey Police,Northumbria Police,-1.396639,54.907279,On or near Marguerite Court,E01008705,Sunderland 013C,Robbery,Under investigation,
3336152de937eb063bbc727aad6077a3aae5c48d6a13761000eddecdac28e122,2015-12,Surrey Police,Northumbria Police,-1.396127,54.905039,On or near The Leazes,E01008705,Sunderland 013C,Vehicle crime,Investigation complete; no suspect identified,
1a2439bd293ca2effb9be142afa1f3638f25541e71fbcb1e7becc2d98437c60c,2015-12,Surrey Police,Northumbria Police,-1.396127,54.905039,On or near The Leazes,E01008705,Sunderland 013C,Vehicle crime,Investigation complete; no suspect identified,
35f5a48cef08718d5556f21d860d773ceed5604587f2b925a453cb0bc2263daf,2015-12,Surrey Police,Northumbria Police,-1.390883,54.906280,On or near Silksworth Row,E01008705,Sunderland 013C,Violence and sexual offences,Investigation complete; no suspect identified,
2d59dff7a2fca4ae8ad8f324a56f31ed324894c1abcd93176fff874d3585ee8c,2015-12,Surrey Police,Northumbria Police,-1.397770,54.907779,On or near Millburn Street,E01008705,Sunderland 013C,Violence and sexual offences,Awaiting court outcome,
d5f87303429315c6a58af5114bfe34a7c4d8192c6ef8f082373bfc8cacf0f307,2015-12,Surrey Police,Northumbria Police,-1.397529,54.905136,On or near Harlow Street,E01008705,Sunderland 013C,Violence and sexual offences,Under investigation,
4be938f033b090bf5374ab032d7842883736424bdbaade9528269aac2b633a3c,2015-12,Surrey Police,Northumbria Police,-1.390883,54.906280,On or near Silksworth Row,E01008705,Sunderland 013C,Violence and sexual offences,Investigation complete; no suspect identified,
f2cabf69cbc6dbc2093db2f03aaf54f2dea3d7568b656a4ca857ed3a63ca2327,2015-12,Surrey Police,Northumbria Police,-1.397770,54.907779,On or near Millburn Street,E01008705,Sunderland 013C,Violence and sexual offences,Awaiting court outcome,
,2015-12,Surrey Police,Northumbria Police,-1.388582,54.903788,On or near Further/Higher Educational Building,E01008831,Sunderland 013D,Anti-social behaviour,,
,2015-12,Surrey Police,Northumbria Police,-1.388582,54.903788,On or near Further/Higher Educational Building,E01008831,Sunderland 013D,Anti-social behaviour,,
,2015-12,Surrey Police,Northumbria Police,-1.387978,54.903462,On or near Albion Place,E01008831,Sunderland 013D,Anti-social behaviour,,
,2015-12,Surrey Police,Northumbria Police,-1.382615,54.902383,On or near Parking Area,E01008831,Sunderland 013D,Anti-social behaviour,,
,2015-12,Surrey Police,Northumbria Police,-1.388582,54.903788,On or near Further/Higher Educational Building,E01008831,Sunderland 013D,Anti-social behaviour,,
,2015-12,Surrey Police,Northumbria Police,-1.388582,54.903788,On or near Further/Higher Educational Building,E01008831,Sunderland 013D,Anti-social behaviour,,
,2015-12,Surrey Police,Northumbria Police,-1.387978,54.903462,On or near Albion Place,E01008831,Sunderland 013D,Anti-social behaviour,,
,2015-12,Surrey Police,Northumbria Police,-1.387978,54.903462,On or near Albion Place,E01008831,Sunderland 013D,Anti-social behaviour,,
,2015-12,Surrey Police,Northumbria Police,-1.382615,54.902383,On or near Parking Area,E01008831,Sunderland 013D,Anti-social behaviour,,
,2015-12,Surrey Police,Northumbria Police,-1.385956,54.903119,On or near Olive Street,E01008831,Sunderland 013D,Anti-social behaviour,,
,2015-12,Surrey Police,Northumbria Police,-1.387978,54.903462,On or near Albion Place,E01008831,Sunderland 013D,Anti-social behaviour,,
,2015-12,Surrey Police,Northumbria Police,-1.388582,54.903788,On or near Further/Higher Educational Building,E01008831,Sunderland 013D,Anti-social behaviour,,
,2015-12,Surrey Police,Northumbria Police,-1.387036,54.900815,On or near Argyle Street,E01008831,Sunderland 013D,Anti-social behaviour,,
,2015-12,Surrey Police,Northumbria Police,-1.385956,54.903119,On or near Olive Street,E01008831,Sunderland 013D,Anti-social behaviour,,
,2015-12,Surrey Police,Northumbria Police,-1.386730,54.901487,On or near Alice Street,E01008831,Sunderland 013D,Anti-social behaviour,,
,2015-12,Surrey Police,Northumbria Police,-1.385956,54.903119,On or near Olive Street,E01008831,Sunderland 013D,Anti-social behaviour,,
,2015-12,Surrey Police,Northumbria Police,-1.387978,54.903462,On or near Albion Place,E01008831,Sunderland 013D,Anti-social behaviour,,
,2015-12,Surrey Police,Northumbria Police,-1.382615,54.902383,On or near Parking Area,E01008831,Sunderland 013D,Anti-social behaviour,,
,2015-12,Surrey Police,Northumbria Police,-1.387265,54.900115,On or near Azalea Terrace North,E01008831,Sunderland 013D,Anti-social behaviour,,
,2015-12,Surrey Police,Northumbria Police,-1.382615,54.902383,On or near Parking Area,E01008831,Sunderland 013D,Anti-social behaviour,,
,2015-12,Surrey Police,Northumbria Police,-1.387978,54.903462,On or near Albion Place,E01008831,Sunderland 013D,Anti-social behaviour,,
,2015-12,Surrey Police,Northumbria Police,-1.385956,54.903119,On or near Olive Street,E01008831,Sunderland 013D,Anti-social behaviour,,
,2015-12,Surrey Police,Northumbria Police,-1.387978,54.903462,On or near Albion Place,E01008831,Sunderland 013D,Anti-social behaviour,,
,2015-12,Surrey Police,Northumbria Police,-1.387978,54.903462,On or near Albion Place,E01008831,Sunderland 013D,Anti-social behaviour,,
,2015-12,Surrey Police,Northumbria Police,-1.387978,54.903462,On or near Albion Place,E01008831,Sunderland 013D,Anti-social behaviour,,
,2015-12,Surrey Police,Northumbria Police,-1.388582,54.903788,On or near Further/Higher Educational Building,E01008831,Sunderland 013D,Anti-social behaviour,,
,2015-12,Surrey Police,Northumbria Police,-1.382615,54.902383,On or near Parking Area,E01008831,Sunderland 013D,Anti-social behaviour,,
,2015-12,Surrey Police,Northumbria Police,-1.388582,54.903788,On or near Further/Higher Educational Building,E01008831,Sunderland 013D,Anti-social behaviour,,
,2015-12,Surrey Police,Northumbria Police,-1.381338,54.902224,On or near Burdon Road,E01008831,Sunderland 013D,Anti-social behaviour,,
,2015-12,Surrey Police,Northumbria Police,-1.382615,54.902383,On or near Parking Area,E01008831,Sunderland 013D,Anti-social behaviour,,
,2015-12,Surrey Police,Northumbria Police,-1.385956,54.903119,On or near Olive Street,E01008831,Sunderland 013D,Anti-social behaviour,,
1ab51a544e069846ea1f94d3607d148d796ae58ed5419ff4c3e0db7d44635a7a,2015-12,Surrey Police,Northumbria Police,-1.393850,54.901901,On or near Burn Park Road,E01008831,Sunderland 013D,Burglary,Investigation complete; no suspect identified,
45a8cd4c52c4ae6b59a2a586ac0ca2f10b433e772d88c6d68569fe3536c1080c,2015-12,Surrey Police,Northumbria Police,-1.382615,54.902383,On or near Parking Area,E01008831,Sunderland 013D,Burglary,Investigation complete; no suspect identified,
c8861a017a970b69edb54d05abd77624458bb40e9c0d9472424beac8b1f16f27,2015-12,Surrey Police,Northumbria Police,-1.386730,54.901487,On or near Alice Street,E01008831,Sunderland 013D,Criminal damage and arson,Investigation complete; no suspect identified,
db4b5ff8198b9c41032b7b64cb5c312c5480e3987a98a006b13fb74bfe302e15,2015-12,Surrey Police,Northumbria Police,-1.396369,54.902398,On or near The Retreat,E01008831,Sunderland 013D,Criminal damage and arson,Investigation complete; no suspect identified,
4c7d141301042e6fd4e5d6c3fe5e66f363d32acfba8d1a251c976ff8a7a04074,2015-12,Surrey Police,Northumbria Police,-1.388194,54.901603,On or near Worcester Terrace,E01008831,Sunderland 013D,Criminal damage and arson,Investigation complete; no suspect identified,
e9da1bf3da176707fdb13e48fa283d40b1d979175c70759baffd472aad3c0667,2015-12,Surrey Police,Northumbria Police,-1.388607,54.904175,On or near Green Terrace,E01008831,Sunderland 013D,Criminal damage and arson,Investigation complete; no suspect identified,
416362f1a1bb8d0d49cbc1e570847e5c01eda64aa00f9f6e893d3f90a80847f3,2015-12,Surrey Police,Northumbria Police,-1.387422,54.902075,On or near Tunstall Terrace,E01008831,Sunderland 013D,Criminal damage and arson,Investigation complete; no suspect identified,
014e1a90fcef1eb4f7f6072dea505005c84d2786b72604b0241637a5d45a0d80,2015-12,Surrey Police,Northumbria Police,-1.386730,54.901487,On or near Alice Street,E01008831,Sunderland 013D,Criminal damage and arson,Investigation complete; no suspect identified,
c6e54ae05ab4a4977650c6961b9637402c4a0f57554c4f7839800be97f907f53,2015-12,Surrey Police,Northumbria Police,-1.382615,54.902383,On or near Parking Area,E01008831,Sunderland 013D,Criminal damage and arson,Investigation complete; no suspect identified,
08cd021aaf2ef5202b2d01b7459ce73381304215ccbba14a8c80d57a023a6b90,2015-12,Surrey Police,Northumbria Police,-1.393850,54.901901,On or near Burn Park Road,E01008831,Sunderland 013D,Criminal damage and arson,Investigation complete; no suspect identified,
1a54d6e3a194150bcb17ed03fdcf7218e5e2da6229d2d2e360974c20cb455977,2015-12,Surrey Police,Northumbria Police,-1.387036,54.900815,On or near Argyle Street,E01008831,Sunderland 013D,Criminal damage and arson,Awaiting court outcome,
3a66e7774e1fa398b754b8548c724b0e7aa73e2ff4c6478308957b5e1f633b76,2015-12,Surrey Police,Northumbria Police,-1.388194,54.901603,On or near Worcester Terrace,E01008831,Sunderland 013D,Criminal damage and arson,Investigation complete; no suspect identified,
7e87bf92b8cd5bb89d8a3070bb6f5348b66031ad573d338618126574bfa532ce,2015-12,Surrey Police,Northumbria Police,-1.387978,54.903462,On or near Albion Place,E01008831,Sunderland 013D,Criminal damage and arson,Investigation complete; no suspect identified,
9e96d62ecd557fd6d33eef0321c8610e89872c43d0f0620b304f651662e6af59,2015-12,Surrey Police,Northumbria Police,-1.387982,54.901179,On or near Princess Street,E01008831,Sunderland 013D,Drugs,Offender given a caution,
06e1b07e7e153cb3d1e057092ceb559ce615be66388707257fa605004effb927,2015-12,Surrey Police,Northumbria Police,-1.387978,54.903462,On or near Albion Place,E01008831,Sunderland 013D,Drugs,Offender given a caution,
a02ceebf503d4ea99ce899a11c4f1740ed3eb0bda8bdd57d89b1afe909537bef,2015-12,Surrey Police,Northumbria Police,-1.387978,54.903462,On or near Albion Place,E01008831,Sunderland 013D,Drugs,Offender given a caution,
68ceacbb2f4b312dc160d43d1fe17ad821dd4b845ebad3fab1b42362a9609416,2015-12,Surrey Police,Northumbria Police,-1.388582,54.903788,On or near Further/Higher Educational Building,E01008831,Sunderland 013D,Drugs,Offender given a caution,
e1b65d12f0244bae6c6809b79a1e003175ba867b3aa84676be2cf670ed481618,2015-12,Surrey Police,Northumbria Police,-1.387978,54.903462,On or near Albion Place,E01008831,Sunderland 013D,Drugs,Offender given a caution,
679aa0dabb4a7af9e97ace204536fbb41770f271e9afe9895fdc4f0d789ee44b,2015-12,Surrey Police,Northumbria Police,-1.387978,54.903462,On or near Albion Place,E01008831,Sunderland 013D,Drugs,Offender given a caution,
5733d24dd9d11997d2fb74819a299a0ac5b37e3beff5e366c60f51414c0089f5,2015-12,Surrey Police,Northumbria Police,-1.387978,54.903462,On or near Albion Place,E01008831,Sunderland 013D,Other theft,Investigation complete; no suspect identified,
dafedb97a824480290625c592869ead42f3df7c8a5ac0b7fc8c13542018268cc,2015-12,Surrey Police,Northumbria Police,-1.391772,54.903202,On or near Further/Higher Educational Building,E01008831,Sunderland 013D,Other theft,Investigation complete; no suspect identified,
52f114a5d83177bb297dafb94a6a9a0e4da6fe46849db20c90f037347747ca67,2015-12,Surrey Police,Northumbria Police,-1.388582,54.903788,On or near Further/Higher Educational Building,E01008831,Sunderland 013D,Other theft,Investigation complete; no suspect identified,
34632f08c9d389e9156b16a7035abec79ea18f2a9dd28f069094c02845f2a33a,2015-12,Surrey Police,Northumbria Police,-1.387978,54.903462,On or near Albion Place,E01008831,Sunderland 013D,Other theft,Investigation complete; no suspect identified,
35ab31ae3b30ab4ef2982a3a76dd2791b50cb0a33ef51b3cd5a20a711462ca64,2015-12,Surrey Police,Northumbria Police,-1.387265,54.900115,On or near Azalea Terrace North,E01008831,Sunderland 013D,Other theft,Under investigation,
215d4d86661b92df2d1a8be21f989891463871c4de3a7b7a4e80a35f7b852ad5,2015-12,Surrey Police,Northumbria Police,-1.391772,54.903202,On or near Further/Higher Educational Building,E01008831,Sunderland 013D,Other theft,Investigation complete; no suspect identified,
02587db6241d66554f94b06cca41e3e0c451795f784f6af24462fb086b7fb13c,2015-12,Surrey Police,Northumbria Police,-1.388582,54.903788,On or near Further/Higher Educational Building,E01008831,Sunderland 013D,Public order,Offender given a caution,
c1fd1139720c3dcecae2bbf6a8c6b6397fa639911ce1f5c94d8df97ebdb282c4,2015-12,Surrey Police,Northumbria Police,-1.385956,54.903119,On or near Olive Street,E01008831,Sunderland 013D,Shoplifting,Investigation complete; no suspect identified,
4fc0bff59b2d867019675256e5f448fe01707250fa747694e598c19b6311cc79,2015-12,Surrey Police,Northumbria Police,-1.391434,54.901853,On or near Elwin Terrace,E01008831,Sunderland 013D,Vehicle crime,Investigation complete; no suspect identified,
2f81f0e132c5c50cde10dd4273b807a85c87c4772d1747ec2ef008c1e10cd5d4,2015-12,Surrey Police,Northumbria Police,-1.382615,54.902383,On or near Parking Area,E01008831,Sunderland 013D,Violence and sexual offences,Under investigation,
5a8e996767bd87643a401ba378ea7db75a52a45a86a695d9fb2bb527aad4ac94,2015-12,Surrey Police,Northumbria Police,-1.381338,54.902224,On or near Burdon Road,E01008831,Sunderland 013D,Violence and sexual offences,Under investigation,
82f46ed83dabcd4d62b59a0347cd5563b3026526b3a888ef961187ee8c86c4b3,2015-12,Surrey Police,Northumbria Police,-1.388582,54.903788,On or near Further/Higher Educational Building,E01008831,Sunderland 013D,Violence and sexual offences,Under investigation,
2b3c55d94e889fb80a26dce6f93f15c4337fa635301b395526b48f3340c45503,2015-12,Surrey Police,Northumbria Police,-1.387978,54.903462,On or near Albion Place,E01008831,Sunderland 013D,Violence and sexual offences,Offender given a caution,
3ce910964fe567f04c9c5fcdc95123414247e93616736ea69c1f48094f75558d,2015-12,Surrey Police,Northumbria Police,-1.387315,54.902964,On or near Mary Street,E01008831,Sunderland 013D,Violence and sexual offences,Offender given a caution,
d055e3c196a47379b2e0fd8db403765d0b444368375eed9a985bd35a1dce2a60,2015-12,Surrey Police,Northumbria Police,-1.387978,54.903462,On or near Albion Place,E01008831,Sunderland 013D,Violence and sexual offences,Offender given a caution,
0dedd29a881c050d15b97024e82fa26c8b870af031313cc54c1649b57a202f17,2015-12,Surrey Police,Northumbria Police,-1.387978,54.903462,On or near Albion Place,E01008831,Sunderland 013D,Violence and sexual offences,Under investigation,
0d7cdebc98e51971585dc7c2169b9799d7d71857d184407d7d229dc847ad5a1c,2015-12,Surrey Police,Northumbria Police,-1.388582,54.903788,On or near Further/Higher Educational Building,E01008831,Sunderland 013D,Violence and sexual offences,Offender given community sentence,
db65231619ad6d212bd6d2f23ed233fe159ec48d684c6e06256443bfec3bc0f2,2015-12,Surrey Police,Northumbria Police,-1.387978,54.903462,On or near Albion Place,E01008831,Sunderland 013D,Violence and sexual offences,Investigation complete; no suspect identified,
1115f194d463ab2eec7e0a3eb2de32aaf8609e68b59bab03006d3039cce5aec6,2015-12,Surrey Police,Northumbria Police,-1.395604,54.902439,On or near The Royalty,E01008831,Sunderland 013D,Violence and sexual offences,Under investigation,
c7c908c00cc2457eb73f70e0c42a0f63a22e80fd254866cbc8d84cb9ecabff98,2015-12,Surrey Police,Northumbria Police,-1.387978,54.903462,On or near Albion Place,E01008831,Sunderland 013D,Violence and sexual offences,Investigation complete; no suspect identified,
cf82154a4cbb063774528cfd755f84b2b45711ee2f231769c53c5eec6fd001dc,2015-12,Surrey Police,Northumbria Police,-1.388194,54.901603,On or near Worcester Terrace,E01008831,Sunderland 013D,Violence and sexual offences,Under investigation,
1224ac9046e4e6bb395bf91f684e2f0d35b3daa90f00612d94a3c060964e2192,2015-12,Surrey Police,Northumbria Police,-1.395604,54.902439,On or near The Royalty,E01008831,Sunderland 013D,Violence and sexual offences,Awaiting court outcome,
d554d966c10c8e70fb793ed32b00560c6a1df8fca7455f676afa49b6f025b7a0,2015-12,Surrey Police,Northumbria Police,-1.391434,54.901853,On or near Elwin Terrace,E01008831,Sunderland 013D,Violence and sexual offences,Under investigation,
ef8a47fe9af47a17abdbc9f4a51d59d03132bc6d21ec933a9effb3985737ccce,2015-12,Surrey Police,Northumbria Police,-1.387978,54.903462,On or near Albion Place,E01008831,Sunderland 013D,Violence and sexual offences,Investigation complete; no suspect identified,
b0014ea379c6e6d13b7df70248a0dcdfa4c97206f553a0007c7122159da47ba0,2015-12,Surrey Police,Northumbria Police,-1.387978,54.903462,On or near Albion Place,E01008831,Sunderland 013D,Violence and sexual offences,Investigation complete; no suspect identified,
4cf6d4e78475f9a8658dfd6493e6c145aad89ac4ef0eda602ec7cc4255a87eeb,2015-12,Surrey Police,Northumbria Police,-1.387978,54.903462,On or near Albion Place,E01008831,Sunderland 013D,Violence and sexual offences,Offender given a caution,
e4466d19294a2ff3f4431271844646f70b93e5e37c6037643c0c1daf79ba72a8,2015-12,Surrey Police,Northumbria Police,-1.382615,54.902383,On or near Parking Area,E01008831,Sunderland 013D,Violence and sexual offences,Investigation complete; no suspect identified,
ec221ccec28b746beecd93036c7426a438cc16d1e74804b10fe2d9a2f618b71c,2015-12,Surrey Police,Northumbria Police,-1.395604,54.902439,On or near The Royalty,E01008831,Sunderland 013D,Violence and sexual offences,Awaiting court outcome,
0c043aac8ab5b57e64fdf75c814932923a91417819373817cac457043680f313,2015-12,Surrey Police,Northumbria Police,-1.391434,54.901853,On or near Elwin Terrace,E01008831,Sunderland 013D,Violence and sexual offences,Under investigation,
36fce08c242fb93a9ee8facd160f26cab03e472ed828ad7e1df546199258fcd5,2015-12,Surrey Police,Northumbria Police,-1.386730,54.901487,On or near Alice Street,E01008831,Sunderland 013D,Violence and sexual offences,Under investigation,
0a6b524f439e5bd0c63374a5e77f75f57e07717f8d20ec661b67a077676360f7,2015-12,Surrey Police,Northumbria Police,-1.385956,54.903119,On or near Olive Street,E01008831,Sunderland 013D,Violence and sexual offences,Investigation complete; no suspect identified,
060d3ee892eab40208b541b55d03b662479410582e41a6c10454b9318fec60d4,2015-12,Surrey Police,Northumbria Police,-1.386730,54.901487,On or near Alice Street,E01008831,Sunderland 013D,Violence and sexual offences,Investigation complete; no suspect identified,
ce7aad9c4027d53b6f16f4c8fac141feb6a103fe45a6a9045482e21e3baaa3cc,2015-12,Surrey Police,Northumbria Police,-1.382615,54.902383,On or near Parking Area,E01008831,Sunderland 013D,Violence and sexual offences,Investigation complete; no suspect identified,
3fa2c65498e6ed7c0b97f0545c5e201c36599dc44a7ab49c819b6a8639cbb4bb,2015-12,Surrey Police,Northumbria Police,-1.385956,54.903119,On or near Olive Street,E01008831,Sunderland 013D,Violence and sexual offences,Investigation complete; no suspect identified,
6a0c3e6040646c9e3eb2e6e3a3a093665fc62c7bdd1d5b5e7651cec6f79cef9d,2015-12,Surrey Police,Northumbria Police,-1.386730,54.901487,On or near Alice Street,E01008831,Sunderland 013D,Violence and sexual offences,Investigation complete; no suspect identified,
,2015-12,Surrey Police,Northumbria Police,-1.381278,54.900058,On or near Park Road,E01008834,Sunderland 013E,Anti-social behaviour,,
,2015-12,Surrey Police,Northumbria Police,-1.376962,54.900854,On or near Peel Street,E01008834,Sunderland 013E,Anti-social behaviour,,
,2015-12,Surrey Police,Northumbria Police,-1.384120,54.898751,On or near Gorse Road,E01008834,Sunderland 013E,Anti-social behaviour,,
,2015-12,Surrey Police,Northumbria Police,-1.384120,54.898751,On or near Gorse Road,E01008834,Sunderland 013E,Anti-social behaviour,,
,2015-12,Surrey Police,Northumbria Police,-1.385583,54.898983,On or near Lorne Terrace,E01008834,Sunderland 013E,Anti-social behaviour,,
8e47354685f7835f89119a7eb596b2f3f6036a4a71c755a81a598b9892ce5679,2015-12,Surrey Police,Northumbria Police,-1.386612,54.898953,On or near Azalea Terrace South,E01008834,Sunderland 013E,Bicycle theft,Investigation complete; no suspect identified,
e5321b0322e21e8607eae6f59c3c8268c9ba716a836c782673bc01918305694d,2015-12,Surrey Police,Northumbria Police,-1.384954,54.900346,On or near Stockton Road,E01008834,Sunderland 013E,Burglary,Offender sent to prison,
0e72a7d360d63e7f652cd841403fa68d781da2aacae2d960fa8b82561ca4c438,2015-12,Surrey Police,Northumbria Police,-1.386612,54.898953,On or near Azalea Terrace South,E01008834,Sunderland 013E,Burglary,Under investigation,
eb1f0ba49fd79dcdb8bd36520d165c328fae1f518eb02d5430162a0026b9c023,2015-12,Surrey Police,Northumbria Police,-1.382518,54.897467,On or near Mowbray Road,E01008834,Sunderland 013E,Burglary,Investigation complete; no suspect identified,
fdb9effedfc9ce9b06aa32e2b1b601fec7a4b213004cf7fc32d0e39b3569bd23,2015-12,Surrey Police,Northumbria Police,-1.384954,54.900346,On or near Stockton Road,E01008834,Sunderland 013E,Burglary,Investigation complete; no suspect identified,
bdcf2bf51b60694baf05c8d31178cffd048adcfecdd2af5c52c5cbe5d26aa9ec,2015-12,Surrey Police,Northumbria Police,-1.386612,54.898953,On or near Azalea Terrace South,E01008834,Sunderland 013E,Burglary,Investigation complete; no suspect identified,
8ae8f6a2f8506d79f35611f16c8db4026e6aa81bde2f6a995e4c92269fe363ac,2015-12,Surrey Police,Northumbria Police,-1.390130,54.898314,On or near Thornhill Park,E01008834,Sunderland 013E,Burglary,Investigation complete; no suspect identified,
c06aa858d1ea116a0fa01a56cef8d42c91d35b6dee42079bf8e0e18c7aeb000a,2015-12,Surrey Police,Northumbria Police,-1.386612,54.898953,On or near Azalea Terrace South,E01008834,Sunderland 013E,Criminal damage and arson,Investigation complete; no suspect identified,
470ddec099850182ecfc2b8274f9c888222c41496145a76732b6213aca7b35e4,2015-12,Surrey Police,Northumbria Police,-1.381278,54.900058,On or near Park Road,E01008834,Sunderland 013E,Criminal damage and arson,Under investigation,
1d8ae614825c855fd639b29dbdfebd80937ee7e49454806df95af6c214cdc6d9,2015-12,Surrey Police,Northumbria Police,-1.381278,54.900058,On or near Park Road,E01008834,Sunderland 013E,Criminal damage and arson,Investigation complete; no suspect identified,
030a0dfd32f331c8df3216dd12dedd15e7241393e3a148f8a8e2646cd272da9b,2015-12,Surrey Police,Northumbria Police,-1.376962,54.900854,On or near Peel Street,E01008834,Sunderland 013E,Criminal damage and arson,Investigation complete; no suspect identified,
5c9658b7e5e78b1da01257aff7a246033db2d260dbb072bf4338264c5642043f,2015-12,Surrey Police,Northumbria Police,-1.386633,54.899609,On or near Belvedere Road,E01008834,Sunderland 013E,Criminal damage and arson,Investigation complete; no suspect identified,
2f1746644706fab9156bc685d93a6b220f54dcb04fc0693edb8f1ca3f0d407b5,2015-12,Surrey Police,Northumbria Police,-1.384954,54.900346,On or near Stockton Road,E01008834,Sunderland 013E,Criminal damage and arson,Investigation complete; no suspect identified,
367fd8ce95ba1df063cea34df92e6bab590462ee2f7ca227339ae2c22d1280bd,2015-12,Surrey Police,Northumbria Police,-1.382518,54.897467,On or near Mowbray Road,E01008834,Sunderland 013E,Other theft,Under investigation,
4aa5c5c14aadb6c2963dd134e5e750d196c243790ec3d5b9615447a2f781cae7,2015-12,Surrey Police,Northumbria Police,-1.387845,54.898860,On or near Woodside,E01008834,Sunderland 013E,Other theft,Awaiting court outcome,
57935adb15095b679383ed1d65071a9ede57cdb94bb8c076f2487f4483dda112,2015-12,Surrey Police,Northumbria Police,-1.386633,54.899609,On or near Belvedere Road,E01008834,Sunderland 013E,Other theft,Investigation complete; no suspect identified,
c21c00de3906318b9d63156fa18e82406e7928aa792aa9b8449119fe578ae7eb,2015-12,Surrey Police,Northumbria Police,-1.387845,54.898860,On or near Woodside,E01008834,Sunderland 013E,Other theft,Under investigation,
e4b18b2410c0db96cd3bc4d6e4835d8ea29dcefbdb3c5a56a798c3ccfd69f13d,2015-12,Surrey Police,Northumbria Police,-1.386633,54.899609,On or near Belvedere Road,E01008834,Sunderland 013E,Public order,Awaiting court outcome,
4130380bdcdee5120b84ac21bee82d6bd4162d3b3faf16865207efe7a9f4a99d,2015-12,Surrey Police,Northumbria Police,-1.376962,54.900854,On or near Peel Street,E01008834,Sunderland 013E,Vehicle crime,Investigation complete; no suspect identified,
a40c882ac9a6a56c8657bee9e9c31d47963c567bda15a1e0197500fd6d24e8d6,2015-12,Surrey Police,Northumbria Police,-1.376962,54.900854,On or near Peel Street,E01008834,Sunderland 013E,Vehicle crime,Under investigation,
cd5c37d7620bb42e5670b0579427f1ed5a7c67dc64472d6348ab97f0e2c1785c,2015-12,Surrey Police,Northumbria Police,-1.377479,54.899679,On or near Toward Road,E01008834,Sunderland 013E,Vehicle crime,Under investigation,
0dfb05b58bd9114886c10cb8414af357ea932600b7b366129f22b7d6d00a6690,2015-12,Surrey Police,Northumbria Police,-1.385342,54.897347,On or near The Avenue,E01008834,Sunderland 013E,Violence and sexual offences,Awaiting court outcome,
fa474b1b0808bc2dfe49b31e48a90f1d22313328eb87f7f970fa8c52925fc8cd,2015-12,Surrey Police,Northumbria Police,-1.386612,54.898953,On or near Azalea Terrace South,E01008834,Sunderland 013E,Violence and sexual offences,Under investigation,
b00a9e8a9bd210d2d6c8a62374835e573873182723658bf2573c0186e9dae9ed,2015-12,Surrey Police,Northumbria Police,-1.386633,54.899609,On or near Belvedere Road,E01008834,Sunderland 013E,Violence and sexual offences,Investigation complete; no suspect identified,
3b82f0863a1c315bd7520323275b08098a54be0c935598c7a42b7fa05e3cc068,2015-12,Surrey Police,Northumbria Police,-1.382518,54.897467,On or near Mowbray Road,E01008834,Sunderland 013E,Violence and sexual offences,Under investigation,
7d939ff9a287a6f173ddcfc2ffcb8ec10f5ed8e2359266695d835e1c7194c64b,2015-12,Surrey Police,Northumbria Police,-1.390130,54.898314,On or near Thornhill Park,E01008834,Sunderland 013E,Violence and sexual offences,Investigation complete; no suspect identified,
6299ce3b53b5fcead85a239307cd4bc3f9c014e06cc2d3ef7b09c1904804fb4a,2015-12,Surrey Police,Northumbria Police,-1.385342,54.897347,On or near The Avenue,E01008834,Sunderland 013E,Violence and sexual offences,Investigation complete; no suspect identified,
a5e96580b51ab57c68a053924a3138a183822ecef59aa41eabe4e58300647cf3,2015-12,Surrey Police,Northumbria Police,-1.384954,54.900346,On or near Stockton Road,E01008834,Sunderland 013E,Violence and sexual offences,Investigation complete; no suspect identified,
,2015-12,Surrey Police,Northumbria Police,-1.438251,54.897198,On or near Portchester Square,E01008810,Sunderland 014A,Anti-social behaviour,,
,2015-12,Surrey Police,Northumbria Police,-1.440475,54.896436,On or near Shopping Area,E01008810,Sunderland 014A,Anti-social behaviour,,
,2015-12,Surrey Police,Northumbria Police,-1.443819,54.900432,On or near Grindon Lane,E01008810,Sunderland 014A,Anti-social behaviour,,
,2015-12,Surrey Police,Northumbria Police,-1.440475,54.896436,On or near Shopping Area,E01008810,Sunderland 014A,Anti-social behaviour,,
7b33b6dc7f01666b9388bdf51e4124d331f09a2a1e086bba1889cb10c6b32a13,2015-12,Surrey Police,Northumbria Police,-1.438251,54.897198,On or near Portchester Square,E01008810,Sunderland 014A,Burglary,Investigation complete; no suspect identified,
8ac7a9681f029e6c6e178dd6ad8b11fa66fb7a1c6bc1dad62184883f4c5a4faa,2015-12,Surrey Police,Northumbria Police,-1.438251,54.897198,On or near Portchester Square,E01008810,Sunderland 014A,Criminal damage and arson,Investigation complete; no suspect identified,
e859f3cd046aff9bbb8d2716fc83ad6d54266de3c302ce53d656882f85110056,2015-12,Surrey Police,Northumbria Police,-1.440233,54.898187,On or near Portsmouth Road,E01008810,Sunderland 014A,Criminal damage and arson,Investigation complete; no suspect identified,
c664202541017df1ec10274696eb3e66cd46752b9f9c9a74b79e090c16a2a9c2,2015-12,Surrey Police,Northumbria Police,-1.440233,54.898187,On or near Portsmouth Road,E01008810,Sunderland 014A,Criminal damage and arson,Investigation complete; no suspect identified,
e64d0296522d7637941d7437c6b1efb20539d1df2a9f4cbb8e2b26ed39229194,2015-12,Surrey Police,Northumbria Police,-1.435332,54.901831,On or near Hylton Road,E01008810,Sunderland 014A,Criminal damage and arson,Under investigation,
645d6606ff4d2c547a9d0cd41afdb4bb40d51b31a99feb7a374cd6a2c9258593,2015-12,Surrey Police,Northumbria Police,-1.438792,54.899753,On or near Palmstead Road,E01008810,Sunderland 014A,Criminal damage and arson,Investigation complete; no suspect identified,
aeaa72b5818fdfd6cb7811be9c0595f66f6aa7d0a0f16d8bc8b65ec2efecf103,2015-12,Surrey Police,Northumbria Police,-1.438792,54.899753,On or near Palmstead Road,E01008810,Sunderland 014A,Criminal damage and arson,Investigation complete; no suspect identified,
81130301c5a1c742b62363509a6f7b82961fddd106e453f1845158684f7fd9bb,2015-12,Surrey Police,Northumbria Police,-1.437803,54.899110,On or near Packham Road,E01008810,Sunderland 014A,Criminal damage and arson,Investigation complete; no suspect identified,
4086ea07d09acc0cf54d9d42d8674664dbe73b48696d1eab95599a1939740b5a,2015-12,Surrey Police,Northumbria Police,-1.440475,54.896436,On or near Shopping Area,E01008810,Sunderland 014A,Other theft,Investigation complete; no suspect identified,
474a2dcc31f321fbaaa335e0142d18762079e46f2d436823b44698b0c05b1853,2015-12,Surrey Police,Northumbria Police,-1.443819,54.900432,On or near Grindon Lane,E01008810,Sunderland 014A,Other theft,Under investigation,
6b113e73a4f88e700e2cfeb120f9cd1de6c6a8ac4f08ea0e36af899fd441b795,2015-12,Surrey Police,Northumbria Police,-1.435332,54.901831,On or near Hylton Road,E01008810,Sunderland 014A,Public order,Awaiting court outcome,
b83d608e28156a990e4240ebc997eda853d093e54b738624f40997d81d43d6ba,2015-12,Surrey Police,Northumbria Police,-1.440475,54.896436,On or near Shopping Area,E01008810,Sunderland 014A,Shoplifting,Investigation complete; no suspect identified,
89892765ac49349a0594634e486dc7c7a69e64b5b8a1b1752b6d61efb1e471b2,2015-12,Surrey Police,Northumbria Police,-1.440475,54.896436,On or near Shopping Area,E01008810,Sunderland 014A,Shoplifting,Investigation complete; no suspect identified,
669dcd2e2f8e4e0580f82f859d4e3ddad440d440c0b49dfa047b086349293881,2015-12,Surrey Police,Northumbria Police,-1.440475,54.896436,On or near Shopping Area,E01008810,Sunderland 014A,Shoplifting,Offender fined,
53f62ded9cda27e8c08b9e81d14fdd74761513edca417a9a52b999bf82e14412,2015-12,Surrey Police,Northumbria Police,-1.440475,54.896436,On or near Shopping Area,E01008810,Sunderland 014A,Shoplifting,Investigation complete; no suspect identified,
0da552da314ac99d7148727c28673cf33af1b7a8ea30d2aaf8743def1cfde7cf,2015-12,Surrey Police,Northumbria Police,-1.440475,54.896436,On or near Shopping Area,E01008810,Sunderland 014A,Shoplifting,Under investigation,
fa131d5f0a207958bb082feded3a56f1b3c5045d9062141ce152039fe976f3b1,2015-12,Surrey Police,Northumbria Police,-1.440475,54.896436,On or near Shopping Area,E01008810,Sunderland 014A,Shoplifting,Under investigation,
58c14687cfc3738e70aa083797828938fbbcfdbea3b9f8329abb568e6e69c080,2015-12,Surrey Police,Northumbria Police,-1.431547,54.898209,On or near Hawkesley Road,E01008810,Sunderland 014A,Violence and sexual offences,Under investigation,
567d8241f80cb11fd0ac80354a778a7bcf3ad097e6f238b7364c732c307a9da9,2015-12,Surrey Police,Northumbria Police,-1.431547,54.898209,On or near Hawkesley Road,E01008810,Sunderland 014A,Violence and sexual offences,Under investigation,
37c4b4f3b8b38f9191a0f1691851cf9f4a458889b9434de3cb1e6a15e75a8cfc,2015-12,Surrey Police,Northumbria Police,-1.439826,54.906138,On or near Sports/Recreation Area,E01008810,Sunderland 014A,Violence and sexual offences,Under investigation,
fdd70a7e6718ed040a65128dfc09b94e524e1a1463b78f3cbfadaee2ad86fdc4,2015-12,Surrey Police,Northumbria Police,-1.437803,54.899110,On or near Packham Road,E01008810,Sunderland 014A,Violence and sexual offences,Offender fined,
ae38f50888a0d0c345ee5e882ca607dd86cedf3ffbc136cdacc5371a83445557,2015-12,Surrey Police,Northumbria Police,-1.438792,54.899753,On or near Palmstead Road,E01008810,Sunderland 014A,Violence and sexual offences,Investigation complete; no suspect identified,
3c4142feddc63f40c20c3e4a778b64afbb5492d4a82add084f41049ec22ee8fb,2015-12,Surrey Police,Northumbria Police,-1.438063,54.900594,On or near Pitcairn Road,E01008810,Sunderland 014A,Violence and sexual offences,Under investigation,
48e69c0856a4e73fc22fe8ba4e2e95bb88494878e7a5fe0a1797dc4b3d644ee3,2015-12,Surrey Police,Northumbria Police,-1.446987,54.900276,On or near West Grove,E01008810,Sunderland 014A,Violence and sexual offences,Under investigation,
,2015-12,Surrey Police,Northumbria Police,-1.452882,54.900257,On or near Sports/Recreation Area,E01008811,Sunderland 014B,Anti-social behaviour,,
,2015-12,Surrey Police,Northumbria Police,-1.452327,54.902034,On or near Southside Gardens,E01008811,Sunderland 014B,Anti-social behaviour,,
,2015-12,Surrey Police,Northumbria Police,-1.452327,54.902034,On or near Southside Gardens,E01008811,Sunderland 014B,Anti-social behaviour,,
911c11707c7e1d93f214f4f8c7d54c0b467bc3a1452a00d21900a7bd22b5034b,2015-12,Surrey Police,Northumbria Police,-1.452877,54.904041,On or near New Street,E01008811,Sunderland 014B,Criminal damage and arson,Investigation complete; no suspect identified,
024dfac8f91444b620639e72f3cafa18fed67d518669ab85d61c051c72666585,2015-12,Surrey Police,Northumbria Police,-1.449572,54.903990,On or near Union Street,E01008811,Sunderland 014B,Criminal damage and arson,Investigation complete; no suspect identified,
fb5b22bc30bdac21fba05ff201d798f602d5536758b07f633ecd39ffada4be28,2015-12,Surrey Police,Northumbria Police,-1.450176,54.899697,On or near Rosemount,E01008811,Sunderland 014B,Criminal damage and arson,Awaiting court outcome,
9f484cd9fdaa1228cd4bcf21accf8f0fe54feadd05f59238290fe3949ee1a1fd,2015-12,Surrey Police,Northumbria Police,-1.448348,54.903373,On or near Floral Dene,E01008811,Sunderland 014B,Other theft,Investigation complete; no suspect identified,
e421101bacdb6d10c030686520130d467e744645f3bc7ed35a0ed415bbed0ad6,2015-12,Surrey Police,Northumbria Police,-1.445446,54.903468,On or near Dene View Crescent,E01008811,Sunderland 014B,Public order,Awaiting court outcome,
4e7919d3e524dbef1cf1a4c8db4a805a6a69386bd1659acd0841dec046f55279,2015-12,Surrey Police,Northumbria Police,-1.449572,54.903990,On or near Union Street,E01008811,Sunderland 014B,Shoplifting,Awaiting court outcome,
5b5994abc052c69057e8071f447aae068e6f139b2f30718781fe901ad7d1662e,2015-12,Surrey Police,Northumbria Police,-1.449659,54.901007,On or near Lisa Avenue,E01008811,Sunderland 014B,Violence and sexual offences,Under investigation,
0ae315d3541ca158c526b69de0d3da62b2f35f828858c6e71950e7a8fbb5990b,2015-12,Surrey Police,Northumbria Police,-1.446704,54.901595,On or near Romaldskirk Close,E01008811,Sunderland 014B,Violence and sexual offences,Under investigation,
2fedee9a554e47b32e4d51151af42fab3951001d268874b8a03c129dcb90405e,2015-12,Surrey Police,Northumbria Police,-1.445903,54.903119,On or near Mount Close,E01008811,Sunderland 014B,Violence and sexual offences,Under investigation,
,2015-12,Surrey Police,Northumbria Police,-1.429632,54.895828,On or near Brierfield Grove,E01008813,Sunderland 014C,Anti-social behaviour,,
,2015-12,Surrey Police,Northumbria Police,-1.438332,54.894691,On or near Pennywell Road,E01008813,Sunderland 014C,Anti-social behaviour,,
,2015-12,Surrey Police,Northumbria Police,-1.429632,54.895828,On or near Brierfield Grove,E01008813,Sunderland 014C,Anti-social behaviour,,
,2015-12,Surrey Police,Northumbria Police,-1.436909,54.893867,On or near The Greenway,E01008813,Sunderland 014C,Anti-social behaviour,,
,2015-12,Surrey Police,Northumbria Police,-1.432366,54.896515,On or near Hampstead Road,E01008813,Sunderland 014C,Anti-social behaviour,,
c0783274b80b15e1f375e16e6f7bd115a1efafe6b4a9a824232419eb0256b2f8,2015-12,Surrey Police,Northumbria Police,-1.432555,54.897531,On or near Howe Square,E01008813,Sunderland 014C,Bicycle theft,Investigation complete; no suspect identified,
5320ab3ecbf1b1f7e9152b5bf58831ea35118482386364deb0550c8dc9031bbf,2015-12,Surrey Police,Northumbria Police,-1.436909,54.893867,On or near The Greenway,E01008813,Sunderland 014C,Other theft,Investigation complete; no suspect identified,
a0f7947ef09f6946a79157649645d0bfd5ae84ff79011bbf1a4c72a87255e84d,2015-12,Surrey Police,Northumbria Police,-1.432736,54.894602,On or near Glasbury Avenue,E01008813,Sunderland 014C,Other theft,Investigation complete; no suspect identified,
c6a2c49e1dbf61182a23b707206b3ffd2e598132d492a42b2d76f51afe5cf31b,2015-12,Surrey Police,Northumbria Police,-1.429632,54.895828,On or near Brierfield Grove,E01008813,Sunderland 014C,Possession of weapons,Awaiting court outcome,
944fcc09a1468bb3a232484b76aee2649af11322cc06c0a82cf2c2c8e1e86861,2015-12,Surrey Police,Northumbria Police,-1.432366,54.896515,On or near Hampstead Road,E01008813,Sunderland 014C,Public order,Under investigation,
5170df344d456a36409f2fba627925298b9674e1228e8726162ee7208305f2d4,2015-12,Surrey Police,Northumbria Police,-1.433239,54.894344,On or near Nookside Court,E01008813,Sunderland 014C,Vehicle crime,Investigation complete; no suspect identified,
0c6ecd34cef3fd761a9cc08b3aebe42899358123f2b893d58c7e917530d63479,2015-12,Surrey Police,Northumbria Police,-1.436669,54.899878,On or near Penwood Road,E01008813,Sunderland 014C,Violence and sexual offences,Under investigation,
,2015-12,Surrey Police,Northumbria Police,-1.450419,54.905908,On or near Vicarage Lane,E01008814,Sunderland 014D,Anti-social behaviour,,
,2015-12,Surrey Police,Northumbria Police,-1.444290,54.909268,On or near Riverside Park,E01008814,Sunderland 014D,Anti-social behaviour,,
,2015-12,Surrey Police,Northumbria Police,-1.451689,54.906534,On or near Dawson Terrace,E01008814,Sunderland 014D,Anti-social behaviour,,
6dd8a6663ce3b85bfc8818237052ff4c4925dca5f658981753d9a92956bb3ef6,2015-12,Surrey Police,Northumbria Police,-1.450419,54.905908,On or near Vicarage Lane,E01008814,Sunderland 014D,Burglary,Under investigation,
60186b6069e9cf7e6cccd046e4ed88f6d7538ad32f80d27171ee687f7922c8b0,2015-12,Surrey Police,Northumbria Police,-1.450440,54.906663,On or near John Street,E01008814,Sunderland 014D,Criminal damage and arson,Investigation complete; no suspect identified,
845155154f858f3e1d55c5cb902abb564b514a9cfa8e439804d95d47053c08bc,2015-12,Surrey Police,Northumbria Police,-1.448689,54.905837,On or near Ford Avenue,E01008814,Sunderland 014D,Robbery,Under investigation,
f6dccc81f5cb20c9f882fdecc06106283613b2b0f6dfa3c2997b7d9cbc5cdbd9,2015-12,Surrey Police,Northumbria Police,-1.455532,54.903774,On or near Offerton Close,E01008814,Sunderland 014D,Violence and sexual offences,Under investigation,
9e630714fc3050bf7c562c03835861e36ea8cf6e807dfea2a12bd4da827201ac,2015-12,Surrey Police,Northumbria Police,-1.450440,54.906663,On or near John Street,E01008814,Sunderland 014D,Violence and sexual offences,Under investigation,
5e7fe90980c4abf1fb3013028d0c4c5c68b3d8058a0b8d8a393532a248c19688,2015-12,Surrey Police,Northumbria Police,-1.444290,54.909268,On or near Riverside Park,E01008814,Sunderland 014D,Violence and sexual offences,Offender given a caution,
bd4b51dd100c1aed887d1cb5834e6ffc9d0ce4e046d1b7f58951e0e41bdecf14,2015-12,Surrey Police,Northumbria Police,-1.437489,54.906001,On or near St Luke'S Road,E01008814,Sunderland 014D,Violence and sexual offences,Investigation complete; no suspect identified,
eb5de8efa8af8edc780c5b184277cf499c7870adb3d2164c339944ed375d0250,2015-12,Surrey Police,Northumbria Police,-1.455532,54.903774,On or near Offerton Close,E01008814,Sunderland 014D,Violence and sexual offences,Investigation complete; no suspect identified,
,2015-12,Surrey Police,Northumbria Police,-1.414980,54.907351,On or near Lincoln Street,E01008757,Sunderland 015A,Anti-social behaviour,,
,2015-12,Surrey Police,Northumbria Police,-1.414361,54.904832,On or near Romford Street,E01008757,Sunderland 015A,Anti-social behaviour,,
,2015-12,Surrey Police,Northumbria Police,-1.415290,54.908503,On or near Exeter Street,E01008757,Sunderland 015A,Anti-social behaviour,,
,2015-12,Surrey Police,Northumbria Police,-1.414980,54.907351,On or near Lincoln Street,E01008757,Sunderland 015A,Anti-social behaviour,,
,2015-12,Surrey Police,Northumbria Police,-1.415290,54.908503,On or near Exeter Street,E01008757,Sunderland 015A,Anti-social behaviour,,
,2015-12,Surrey Police,Northumbria Police,-1.414361,54.904832,On or near Romford Street,E01008757,Sunderland 015A,Anti-social behaviour,,
,2015-12,Surrey Police,Northumbria Police,-1.414256,54.907788,On or near St Luke'S Terrace,E01008757,Sunderland 015A,Anti-social behaviour,,
,2015-12,Surrey Police,Northumbria Police,-1.418304,54.908266,On or near Oxford Street,E01008757,Sunderland 015A,Anti-social behaviour,,
620217bac9d94926ee5a87831db4750bf518ae76d685589113946708d2cf044e,2015-12,Surrey Police,Northumbria Police,-1.416830,54.908798,On or near Stratfield Street,E01008757,Sunderland 015A,Burglary,Investigation complete; no suspect identified,
b0a3732b4a909a88f49b40468c3b6798d9859ce5af09570d82e5f4916a31adbc,2015-12,Surrey Police,Northumbria Police,-1.414304,54.904436,On or near Tamerton Street,E01008757,Sunderland 015A,Burglary,Awaiting court outcome,
70dd569f6b4222a9b565d003ec189eeece29746d2db62a1621a9c43779e04ef1,2015-12,Surrey Police,Northumbria Police,-1.416040,54.908434,On or near Mortimer Street,E01008757,Sunderland 015A,Criminal damage and arson,Investigation complete; no suspect identified,
4e867cf22236915f7894ef5a638eac9b3cf151f707b533f5d1f193154e1bb519,2015-12,Surrey Police,Northumbria Police,-1.415290,54.908503,On or near Exeter Street,E01008757,Sunderland 015A,Criminal damage and arson,Investigation complete; no suspect identified,
093ee1d994792c70bd6b2932ae4315066ccd2dc872a1c086cd7eb4c92d27fb90,2015-12,Surrey Police,Northumbria Police,-1.414471,54.909047,On or near St Luke'S Terrace,E01008757,Sunderland 015A,Other theft,Investigation complete; no suspect identified,
151f4b9a1d8eb0555b0d463d12614fd875a0799d396c385857a99eabbf25bc16,2015-12,Surrey Police,Northumbria Police,-1.413410,54.904782,On or near Pallion Road,E01008757,Sunderland 015A,Other theft,Investigation complete; no suspect identified,
2f728cb58275d27bd96322b6e9175b7ee8a82795554a4de08ee42a0f8a021063,2015-12,Surrey Police,Northumbria Police,-1.413410,54.904782,On or near Pallion Road,E01008757,Sunderland 015A,Public order,Investigation complete; no suspect identified,
d09eee3c32850433161acc3068897393ff0de2b5a948fa8797d31ce67cf1d1be,2015-12,Surrey Police,Northumbria Police,-1.415290,54.908503,On or near Exeter Street,E01008757,Sunderland 015A,Public order,Investigation complete; no suspect identified,
a90d1add23dc3130f01519689379a5265892e4beffe567b4faa0aa328cb06261,2015-12,Surrey Police,Northumbria Police,-1.415290,54.908503,On or near Exeter Street,E01008757,Sunderland 015A,Shoplifting,Investigation complete; no suspect identified,
fd85ff0cb210a2015284b307d8f6ebaaeb17b0877821aaf4b6dcae108e8cca10,2015-12,Surrey Police,Northumbria Police,-1.418373,54.907781,On or near Onslow Street,E01008757,Sunderland 015A,Vehicle crime,Investigation complete; no suspect identified,
a47bb9a88733821570bf24a48e6dea82115b04f0d66e5241aefa813f45c4920e,2015-12,Surrey Police,Northumbria Police,-1.416830,54.908798,On or near Stratfield Street,E01008757,Sunderland 015A,Violence and sexual offences,Awaiting court outcome,
582d30d2ac68ecc8ee8463009bf3985760848c3c9091dcf7c355ede3f60d3c7e,2015-12,Surrey Police,Northumbria Police,-1.414256,54.907788,On or near St Luke'S Terrace,E01008757,Sunderland 015A,Violence and sexual offences,Investigation complete; no suspect identified,
7ecf4961d19e81c1f031b477bda94a02a1892f710a2f5bf931fa9686ad1e13ca,2015-12,Surrey Police,Northumbria Police,-1.417611,54.908765,On or near Edwin Street,E01008757,Sunderland 015A,Other crime,Awaiting court outcome,
c01518ef370c75605422fc42513945eec45b8cfdee805d64d9cc8ecc565db4e6,2015-12,Surrey Police,Northumbria Police,-1.424451,54.898275,On or near Heath Square,E01008758,Sunderland 015B,Drugs,Court case unable to proceed,
edee582101c59dd602f2ad9e08951957fff8701eeb0dcfc6928cf8a865f33ebc,2015-12,Surrey Police,Northumbria Police,-1.424451,54.898275,On or near Heath Square,E01008758,Sunderland 015B,Other theft,Investigation complete; no suspect identified,
c231bf87ae26b58cc22659cc5d60cff5476aae77a8fd7641485e8fc0f9f87704,2015-12,Surrey Police,Northumbria Police,-1.424451,54.898275,On or near Heath Square,E01008758,Sunderland 015B,Possession of weapons,Court case unable to proceed,
d1008452f4a870501b9c6af2dc52da54b835f1a5f8db39f8169c0d3b08dc6d60,2015-12,Surrey Police,Northumbria Police,-1.423518,54.895898,On or near Melbourne Place,E01008758,Sunderland 015B,Public order,Investigation complete; no suspect identified,
c16c9562297475507de8045a3dac046254d68b1ac9421ced4700532ed771ad11,2015-12,Surrey Police,Northumbria Police,-1.424451,54.898275,On or near Heath Square,E01008758,Sunderland 015B,Violence and sexual offences,Under investigation,
1917eb16bd9b612090ccb2c5fb5f98782c07f9927020688fa10df3c09850660a,2015-12,Surrey Police,Northumbria Police,-1.423575,54.895206,On or near Wavendon Crescent,E01008758,Sunderland 015B,Violence and sexual offences,Investigation complete; no suspect identified,
,2015-12,Surrey Police,Northumbria Police,-1.411045,54.902300,On or near Kayll Road,E01008759,Sunderland 015C,Anti-social behaviour,,
,2015-12,Surrey Police,Northumbria Police,-1.411045,54.902300,On or near Kayll Road,E01008759,Sunderland 015C,Anti-social behaviour,,
,2015-12,Surrey Police,Northumbria Police,-1.411879,54.897514,On or near Colchester Terrace,E01008759,Sunderland 015C,Anti-social behaviour,,
,2015-12,Surrey Police,Northumbria Police,-1.411045,54.902300,On or near Kayll Road,E01008759,Sunderland 015C,Anti-social behaviour,,
,2015-12,Surrey Police,Northumbria Police,-1.411045,54.902300,On or near Kayll Road,E01008759,Sunderland 015C,Anti-social behaviour,,
,2015-12,Surrey Police,Northumbria Police,-1.411045,54.902300,On or near Kayll Road,E01008759,Sunderland 015C,Anti-social behaviour,,
,2015-12,Surrey Police,Northumbria Police,-1.411045,54.902300,On or near Kayll Road,E01008759,Sunderland 015C,Anti-social behaviour,,
,2015-12,Surrey Police,Northumbria Police,-1.414358,54.902873,On or near Brookland Road,E01008759,Sunderland 015C,Anti-social behaviour,,
c2d134b38e9ae6f6708713b1673b320c1d8939020bf182f82412efe30960f128,2015-12,Surrey Police,Northumbria Police,-1.409982,54.897109,On or near Wycliffe Road,E01008759,Sunderland 015C,Criminal damage and arson,Under investigation,
867392772399f7cb7f9ae16154515fb00233a168d91c900b9ed9259a63d5bd45,2015-12,Surrey Police,Northumbria Police,-1.413541,54.902267,On or near Henderson Road,E01008759,Sunderland 015C,Criminal damage and arson,Investigation complete; no suspect identified,
5edff80b584c27a416fc5bada946a3bb6eb36d710430f4b03decfecdafb37758,2015-12,Surrey Police,Northumbria Police,-1.413608,54.902995,On or near Erith Terrace,E01008759,Sunderland 015C,Other theft,Investigation complete; no suspect identified,
1d2541c3789aebccc54bc8b5c61199ab906553ed0cdfdbd117a4cb135bb1ab66,2015-12,Surrey Police,Northumbria Police,-1.414148,54.898019,On or near Eastfield Street,E01008759,Sunderland 015C,Other theft,Investigation complete; no suspect identified,
a9981cb77a95ffad7461add0d013a26165d0a85b4595181cddda153031db58fe,2015-12,Surrey Police,Northumbria Police,-1.411045,54.902300,On or near Kayll Road,E01008759,Sunderland 015C,Robbery,Investigation complete; no suspect identified,
8e2298ed3b8ce6abf671a14c2b8b6275bb86dcdedd23b5104256cbe8eeb0a0b1,2015-12,Surrey Police,Northumbria Police,-1.413902,54.904210,On or near Highfield Place,E01008759,Sunderland 015C,Vehicle crime,Investigation complete; no suspect identified,
b5bc7a1e4e43cc328bd1fa1c9657b327861440626beec411154884295ab24a48,2015-12,Surrey Police,Northumbria Police,-1.411045,54.902300,On or near Kayll Road,E01008759,Sunderland 015C,Violence and sexual offences,Under investigation,
c366f8b42b7585952bb0e1d831e44050859bd8fdd0d2fb458415784d4bf90af8,2015-12,Surrey Police,Northumbria Police,-1.411045,54.902300,On or near Kayll Road,E01008759,Sunderland 015C,Violence and sexual offences,Awaiting court outcome,
49c1784e40bc7f0801aeceda8639a64daba9d4f0704932937c09c038a7bd6ab8,2015-12,Surrey Police,Northumbria Police,-1.411045,54.902300,On or near Kayll Road,E01008759,Sunderland 015C,Violence and sexual offences,Under investigation,
cf52a78ef2ed4860ae06b49092e0b0e8db318f8117a12388df3d3e606fe11c7a,2015-12,Surrey Police,Northumbria Police,-1.411045,54.902300,On or near Kayll Road,E01008759,Sunderland 015C,Violence and sexual offences,Under investigation,
7f98ea5a57a3631e41c69e46a4f880b1d6a03bfb12bcb6a2059720c0719aeca5,2015-12,Surrey Police,Northumbria Police,-1.411045,54.902300,On or near Kayll Road,E01008759,Sunderland 015C,Violence and sexual offences,Investigation complete; no suspect identified,
ed43b23df24ed8102bcc51888e1822fc920b3ca05e02e2e637bed00c5d55961d,2015-12,Surrey Police,Northumbria Police,-1.411879,54.897514,On or near Colchester Terrace,E01008759,Sunderland 015C,Other crime,Under investigation,
297f0a6d37d9632a8b86e9ab456c72d5281b81f7e66328e7e2daba02f337e5f4,2015-12,Surrey Police,Northumbria Police,-1.418929,54.894115,On or near Ingoldsby Court,E01008761,Sunderland 015D,Burglary,Investigation complete; no suspect identified,
06314c4b6400830af8be36567e81e2c1323edf7e3bf33744b3df87dceee16667,2015-12,Surrey Police,Northumbria Police,-1.417442,54.895582,On or near Beldene Drive,E01008761,Sunderland 015D,Burglary,Investigation complete; no suspect identified,
79895c1cc06c0af4dedd00c9b29c316398619a586f6be9f2426bf3da4f403c6c,2015-12,Surrey Police,Northumbria Police,-1.418929,54.894115,On or near Ingoldsby Court,E01008761,Sunderland 015D,Burglary,Investigation complete; no suspect identified,
dc3b58ffb54cf9a5fc3deac0852e1bab1f01dcff8a60616af657be2abef0a7e6,2015-12,Surrey Police,Northumbria Police,-1.413889,54.896517,On or near Nora Street,E01008761,Sunderland 015D,Criminal damage and arson,Investigation complete; no suspect identified,
11758406eda420ea861690197c91ca745dc7b75ee119a9f8f94224f34992778e,2015-12,Surrey Police,Northumbria Police,-1.415888,54.895224,On or near Ettrick Grove,E01008761,Sunderland 015D,Other theft,Under investigation,
5889d7fca667ec6a30e13b449c6677495f092ad1cb247b50053601c7adcfcfa2,2015-12,Surrey Police,Northumbria Police,-1.417442,54.895582,On or near Beldene Drive,E01008761,Sunderland 015D,Vehicle crime,Investigation complete; no suspect identified,
111c081a6180431a071708588eba16815d5c93dab50f9a71288c3202241cd8e1,2015-12,Surrey Police,Northumbria Police,-1.420081,54.894237,On or near Arncliffe Avenue,E01008761,Sunderland 015D,Vehicle crime,Investigation complete; no suspect identified,
,2015-12,Surrey Police,Northumbria Police,-1.374437,54.907796,On or near Cork Street,E01008702,Sunderland 016A,Anti-social behaviour,,
,2015-12,Surrey Police,Northumbria Police,-1.374437,54.907796,On or near Cork Street,E01008702,Sunderland 016A,Anti-social behaviour,,
,2015-12,Surrey Police,Northumbria Police,-1.373317,54.906586,On or near Spring Garden Close,E01008702,Sunderland 016A,Anti-social behaviour,,
f53d7fbb7a7364a0a216cf05ea0e3961b3f53f52b86d1510b5f1bb1a1649b38b,2015-12,Surrey Police,Northumbria Police,-1.365522,54.911389,On or near Barrack Street,E01008702,Sunderland 016A,Burglary,Investigation complete; no suspect identified,
7296d2ea99530bda9a96d8ae84b5d684299e0a47a37af9c343e11b7a43275f41,2015-12,Surrey Police,Northumbria Police,-1.368734,54.910472,On or near East Vines,E01008702,Sunderland 016A,Burglary,Investigation complete; no suspect identified,
7ab7aeb97fcea0bd676a10ea6c14107c1ee14f62c8b8d873ca3020fab666dfc5,2015-12,Surrey Police,Northumbria Police,-1.371337,54.907538,On or near Lombard Street,E01008702,Sunderland 016A,Criminal damage and arson,Awaiting court outcome,
fcdb7820ab2bc437d96dfc08d215c3c1ae86b8627d2c25edd891ccc8a5fb1b8e,2015-12,Surrey Police,Northumbria Police,-1.371337,54.907538,On or near Lombard Street,E01008702,Sunderland 016A,Public order,Awaiting court outcome,
15616d22173a50fbe37a7939948d4112eb18699e1dfe6780c7dd83aa19f1740e,2015-12,Surrey Police,Northumbria Police,-1.374437,54.907796,On or near Cork Street,E01008702,Sunderland 016A,Robbery,Investigation complete; no suspect identified,
0ddd6bc528d0a1a6bb544bae3ee92bcc9bfa6a3885685340e19e9f081968cb00,2015-12,Surrey Police,Northumbria Police,-1.373826,54.908009,On or near Drury Lane,E01008702,Sunderland 016A,Vehicle crime,Investigation complete; no suspect identified,
bb1b9469c1115ff4fe0fa3c6bc381642e6d52b392f7e20b567dda46b83c3d569,2015-12,Surrey Police,Northumbria Police,-1.366464,54.906003,On or near Moor Terrace,E01008702,Sunderland 016A,Violence and sexual offences,Under investigation,
,2015-12,Surrey Police,Northumbria Police,-1.378711,54.897645,On or near Mowbray Close,E01008735,Sunderland 016B,Anti-social behaviour,,
,2015-12,Surrey Police,Northumbria Police,-1.374633,54.897166,On or near Salem Hill,E01008735,Sunderland 016B,Anti-social behaviour,,
,2015-12,Surrey Police,Northumbria Police,-1.378711,54.897645,On or near Mowbray Close,E01008735,Sunderland 016B,Anti-social behaviour,,
,2015-12,Surrey Police,Northumbria Police,-1.371270,54.898874,On or near Gray Road,E01008735,Sunderland 016B,Anti-social behaviour,,
,2015-12,Surrey Police,Northumbria Police,-1.374633,54.897166,On or near Salem Hill,E01008735,Sunderland 016B,Anti-social behaviour,,
,2015-12,Surrey Police,Northumbria Police,-1.374750,54.896655,On or near Beaumont Street,E01008735,Sunderland 016B,Anti-social behaviour,,
,2015-12,Surrey Police,Northumbria Police,-1.373086,54.897365,On or near Athol Terrace,E01008735,Sunderland 016B,Anti-social behaviour,,
,2015-12,Surrey Police,Northumbria Police,-1.371689,54.897960,On or near Athol Road,E01008735,Sunderland 016B,Anti-social behaviour,,
,2015-12,Surrey Police,Northumbria Police,-1.378711,54.897645,On or near Mowbray Close,E01008735,Sunderland 016B,Anti-social behaviour,,
77435f1365c8f383c12bcd2aa9928dafc9c369b3e1375c2ba8441841a7468d96,2015-12,Surrey Police,Northumbria Police,-1.373086,54.897365,On or near Athol Terrace,E01008735,Sunderland 016B,Bicycle theft,Under investigation,
fd9d4eaafc80f77652f5605d3b48b279e47eb4e3b8ef53ab4dd8d847b1c1ec06,2015-12,Surrey Police,Northumbria Police,-1.371689,54.897960,On or near Athol Road,E01008735,Sunderland 016B,Burglary,Investigation complete; no suspect identified,
1f0132c21476e3d1466cb94cf303bfc37b5d42d1b48a768ccf9121d077ca8a9f,2015-12,Surrey Police,Northumbria Police,-1.376141,54.897444,On or near Toward Road,E01008735,Sunderland 016B,Criminal damage and arson,Investigation complete; no suspect identified,
08a66c8a999930d3f0794b50956a518e5221b2a8571ae93e9fa26865d7b9a5c3,2015-12,Surrey Police,Northumbria Police,-1.372790,54.897372,On or near Hendon Valley Road,E01008735,Sunderland 016B,Criminal damage and arson,Offender given a caution,
a03226a51f8028edcfa1014dae55fca9ddff8a69c9db69746fc05f6aaeb3cb66,2015-12,Surrey Police,Northumbria Police,-1.390188,54.892428,On or near Tunstall Park,E01008735,Sunderland 016B,Criminal damage and arson,Investigation complete; no suspect identified,
8b9b455fcd279635603ae1173599a89373e8039b05d0d329a552b5b61dbddcc2,2015-12,Surrey Police,Northumbria Police,-1.376141,54.897444,On or near Toward Road,E01008735,Sunderland 016B,Criminal damage and arson,Investigation complete; no suspect identified,
6e822a91ab488902d2b2ec28ba3f19acab8623fd4273750fd35f93ca83cdb302,2015-12,Surrey Police,Northumbria Police,-1.374183,54.899024,On or near Amberley Street South,E01008735,Sunderland 016B,Criminal damage and arson,Investigation complete; no suspect identified,
453d2f8bf5c2e4e56a221fb8398f6617600235138090689fe0247c30ddff8d3e,2015-12,Surrey Police,Northumbria Police,-1.374750,54.896655,On or near Beaumont Street,E01008735,Sunderland 016B,Criminal damage and arson,Investigation complete; no suspect identified,
b9ed208722d0f3a15c7c6bb7202fd83e46958b49f293db4feb6e575b57e6cf0e,2015-12,Surrey Police,Northumbria Police,-1.376129,54.899250,On or near St Lucia Close,E01008735,Sunderland 016B,Public order,Investigation complete; no suspect identified,
f6b90dd857fbbb4115893d77083662b79b4f3949afd1bb6a62cbe81182707585,2015-12,Surrey Police,Northumbria Police,-1.387027,54.893185,On or near Pedestrian Subway,E01008735,Sunderland 016B,Public order,Local resolution,
50700aa25a92ec5ab7fd0d049c82b00d567e51e48315976fa6e67ea9604113a9,2015-12,Surrey Police,Northumbria Police,-1.371270,54.898874,On or near Gray Road,E01008735,Sunderland 016B,Shoplifting,Investigation complete; no suspect identified,
8e3b83e418c873b104acfa0e4abd10679ecd71516016e1ff36fe7717bfbbac9d,2015-12,Surrey Police,Northumbria Police,-1.373086,54.897365,On or near Athol Terrace,E01008735,Sunderland 016B,Vehicle crime,Under investigation,
a7ad2a684bb807ad74bbe5619799c404272e1644ac0d8626d4617b3efbfddf66,2015-12,Surrey Police,Northumbria Police,-1.378607,54.898346,On or near Mowbray Road,E01008735,Sunderland 016B,Vehicle crime,Under investigation,
741f36e005c8f4cd2ff8f3ad0da6c510a17695c38fdd15c326740c021334f836,2015-12,Surrey Police,Northumbria Police,-1.378607,54.898346,On or near Mowbray Road,E01008735,Sunderland 016B,Violence and sexual offences,Under investigation,
1f6eb7ccbc79b60f29b7bdea78ab7ccae39c0e736cb58182c2ec041b6e48978b,2015-12,Surrey Police,Northumbria Police,-1.390188,54.892428,On or near Tunstall Park,E01008735,Sunderland 016B,Violence and sexual offences,Investigation complete; no suspect identified,
f690fe11b8cd124d9f6a6f752ec77227cb8b3d064bd9f357b44493d3a3b4d891,2015-12,Surrey Police,Northumbria Police,-1.372790,54.897372,On or near Hendon Valley Road,E01008735,Sunderland 016B,Violence and sexual offences,Under investigation,
743fef8694a9c369827d45f71c8bc0746a0b72bdfde5896e5fb2ac4652a330b0,2015-12,Surrey Police,Northumbria Police,-1.375021,54.898309,On or near Salem Street South,E01008735,Sunderland 016B,Violence and sexual offences,Offender given a caution,
,2015-12,Surrey Police,Northumbria Police,-1.370427,54.896938,On or near Tower Place,E01008736,Sunderland 016C,Anti-social behaviour,,
,2015-12,Surrey Police,Northumbria Police,-1.367169,54.901827,On or near Addison Street,E01008736,Sunderland 016C,Anti-social behaviour,,
,2015-12,Surrey Police,Northumbria Police,-1.368458,54.899156,On or near Noble Terrace,E01008736,Sunderland 016C,Anti-social behaviour,,
,2015-12,Surrey Police,Northumbria Police,-1.371389,54.897185,On or near Bambro' Street,E01008736,Sunderland 016C,Anti-social behaviour,,
,2015-12,Surrey Police,Northumbria Police,-1.368476,54.898033,On or near Barnabas Place,E01008736,Sunderland 016C,Anti-social behaviour,,
,2015-12,Surrey Police,Northumbria Police,-1.370839,54.897497,On or near Buddle Terrace,E01008736,Sunderland 016C,Anti-social behaviour,,
0449df73ffe58efe0b0c9ac13af438915a0ac9de2a7a5f9b43b05d94265535bf,2015-12,Surrey Police,Northumbria Police,-1.368760,54.898816,On or near Ridley Terrace,E01008736,Sunderland 016C,Bicycle theft,Under investigation,
0b9778e930db63911b1de5edcce6ce8d70a269ac90212555d7d41f6e0e72e6c4,2015-12,Surrey Police,Northumbria Police,-1.368458,54.899156,On or near Noble Terrace,E01008736,Sunderland 016C,Burglary,Offender sent to prison,
69f13bc783f61a06601520df81dafb3530ce6aa8caab416a87488a867dacec13,2015-12,Surrey Police,Northumbria Police,-1.371389,54.897185,On or near Bambro' Street,E01008736,Sunderland 016C,Criminal damage and arson,Investigation complete; no suspect identified,
2b84a3aad66af312b3c27a40d649c41bccf2b0ccc4a9aa7d948d828d803e3a1e,2015-12,Surrey Police,Northumbria Police,-1.370427,54.896938,On or near Tower Place,E01008736,Sunderland 016C,Criminal damage and arson,Awaiting court outcome,
ba93d5a59474b7f3b9c53c04e53c8bab2ccfc3782efe08a771c3a4039714a093,2015-12,Surrey Police,Northumbria Police,-1.367562,54.899664,On or near Primary Gardens,E01008736,Sunderland 016C,Criminal damage and arson,Awaiting court outcome,
1c848eccf780fbd5e47f4ad5752e208dc1455634aca32e1d26e94c09eddde8dc,2015-12,Surrey Police,Northumbria Police,-1.370427,54.896938,On or near Tower Place,E01008736,Sunderland 016C,Criminal damage and arson,Investigation complete; no suspect identified,
02e7670c88fb9b7329bd198ca5505e553361b731a4415ff5edf0000a883f4760,2015-12,Surrey Police,Northumbria Police,-1.370839,54.897497,On or near Buddle Terrace,E01008736,Sunderland 016C,Criminal damage and arson,Investigation complete; no suspect identified,
5fa25280cfa2861fdf57634e1064c9e57259c6b44fb0295ca5fbcab0becec93d,2015-12,Surrey Police,Northumbria Police,-1.370839,54.897497,On or near Buddle Terrace,E01008736,Sunderland 016C,Criminal damage and arson,Investigation complete; no suspect identified,
582d19ad09afaee12ca2658f2392a6182f9f664cdfcc1de71398beb30a6ccdc0,2015-12,Surrey Police,Northumbria Police,-1.374057,54.901126,On or near Lindsay Close,E01008736,Sunderland 016C,Criminal damage and arson,Investigation complete; no suspect identified,
1c81ce53c335c7ec4591d22538c5ce18d18bc5a68c1e086220edb6201ee78c78,2015-12,Surrey Police,Northumbria Police,-1.371040,54.897624,On or near Hendon Burn Avenue,E01008736,Sunderland 016C,Criminal damage and arson,Investigation complete; no suspect identified,
ef24c4e192f059fe06b88cc19ba12b86bc1b7aaaa2acc695d4a8fc33c713256e,2015-12,Surrey Police,Northumbria Police,-1.371040,54.897624,On or near Hendon Burn Avenue,E01008736,Sunderland 016C,Criminal damage and arson,Investigation complete; no suspect identified,
4f1c9eb40c92b65d80a3e74931e99a8431534d09acc876a9fda5d7971f23a37f,2015-12,Surrey Police,Northumbria Police,-1.368236,54.898436,On or near Tower Street,E01008736,Sunderland 016C,Other theft,Under investigation,
4edd62e6313f225feb35357501526e2d73fd6849c86d2e29201ba9043ad99d20,2015-12,Surrey Police,Northumbria Police,-1.370427,54.896938,On or near Tower Place,E01008736,Sunderland 016C,Other theft,Investigation complete; no suspect identified,
67983d974b9e4f6471ec4f9d9a60e76e7c76e94a5611292346bdc697d7bb8d85,2015-12,Surrey Police,Northumbria Police,-1.367977,54.899001,On or near Teasdale Street,E01008736,Sunderland 016C,Other theft,Under investigation,
24e0bec11cf8c7ea9c117d833b747ffe54732d724fd2f747b88a8de75e7c2d58,2015-12,Surrey Police,Northumbria Police,-1.367169,54.901827,On or near Addison Street,E01008736,Sunderland 016C,Public order,Under investigation,
a2f216d36371f33bfde3850ecbf8f5c64403d5653c2c82124eb70a638f893137,2015-12,Surrey Police,Northumbria Police,-1.368760,54.898816,On or near Ridley Terrace,E01008736,Sunderland 016C,Public order,Investigation complete; no suspect identified,
5244c4896ca55db24fe9c3989ea278b737e829ebf94b0fa2a8667cb5d870bbe5,2015-12,Surrey Police,Northumbria Police,-1.374057,54.901126,On or near Lindsay Close,E01008736,Sunderland 016C,Shoplifting,Under investigation,
43c2b3699d4a42523ab1a032a505a781c4b6f6beb13a47b460146c543c4a875d,2015-12,Surrey Police,Northumbria Police,-1.369452,54.900428,On or near Crossby Court,E01008736,Sunderland 016C,Vehicle crime,Under investigation,
db618bcb8b673a268a45c8ac1900d10a3906f2c9546ad28f8b9b9a8acfb67d45,2015-12,Surrey Police,Northumbria Police,-1.368458,54.899156,On or near Noble Terrace,E01008736,Sunderland 016C,Violence and sexual offences,Investigation complete; no suspect identified,
504e24cddf358764168c22560c60abe47ece19c655f621188b2889fa639558bb,2015-12,Surrey Police,Northumbria Police,-1.367169,54.901827,On or near Addison Street,E01008736,Sunderland 016C,Violence and sexual offences,Under investigation,
80c664fe256bfbfab3aa9ab10cba9a7d5852d616b9bfcf8e72d48481be7d3c01,2015-12,Surrey Police,Northumbria Police,-1.367977,54.899001,On or near Teasdale Street,E01008736,Sunderland 016C,Violence and sexual offences,Investigation complete; no suspect identified,
92c0561ba7d58dd6264870650187a968f75077030720c404eee71826200bf2b2,2015-12,Surrey Police,Northumbria Police,-1.371040,54.897624,On or near Hendon Burn Avenue,E01008736,Sunderland 016C,Violence and sexual offences,Under investigation,
e8923db38af1d587f9a8123a5549176b1b432bbf3df765ba0c6964d7f0184477,2015-12,Surrey Police,Northumbria Police,-1.370376,54.897171,On or near Tower Street West,E01008736,Sunderland 016C,Violence and sexual offences,Awaiting court outcome,
714d899d3191b27111fca1af5ea4e4bd8375cacc8845026227472110270914fd,2015-12,Surrey Police,Northumbria Police,-1.369452,54.900428,On or near Crossby Court,E01008736,Sunderland 016C,Violence and sexual offences,Under investigation,
c2d6bef9d4301d517f28c5c8373f442d96d7c6f61a7ac9ad1082f9cfdc67c1f7,2015-12,Surrey Police,Northumbria Police,-1.367977,54.899001,On or near Teasdale Street,E01008736,Sunderland 016C,Violence and sexual offences,Awaiting court outcome,
51fb848a2ac23c3603bb6869c2d7cfce49105c92d9b5108bcf06af4daa2c5bd3,2015-12,Surrey Police,Northumbria Police,-1.370427,54.896938,On or near Tower Place,E01008736,Sunderland 016C,Violence and sexual offences,Under investigation,
13a910f485a1273e20e0cf3f1a290bb38ab7ce0806d915c84266b505de85618c,2015-12,Surrey Police,Northumbria Police,-1.370427,54.896938,On or near Tower Place,E01008736,Sunderland 016C,Violence and sexual offences,Investigation complete; no suspect identified,
736f5ae078829a6870092ff392ef0be654291799540c8a1ace99e1937d700e72,2015-12,Surrey Police,Northumbria Police,-1.370221,54.900091,On or near Emma Court,E01008736,Sunderland 016C,Other crime,Offender given community sentence,
,2015-12,Surrey Police,Northumbria Police,-1.376971,54.894195,On or near Park/Open Space,E01008737,Sunderland 016D,Anti-social behaviour,,
,2015-12,Surrey Police,Northumbria Police,-1.376971,54.894195,On or near Park/Open Space,E01008737,Sunderland 016D,Anti-social behaviour,,
,2015-12,Surrey Police,Northumbria Police,-1.373581,54.894591,On or near Villette Road,E01008737,Sunderland 016D,Anti-social behaviour,,
,2015-12,Surrey Police,Northumbria Police,-1.376971,54.894195,On or near Park/Open Space,E01008737,Sunderland 016D,Anti-social behaviour,,
,2015-12,Surrey Police,Northumbria Police,-1.373581,54.894591,On or near Villette Road,E01008737,Sunderland 016D,Anti-social behaviour,,
,2015-12,Surrey Police,Northumbria Police,-1.372546,54.893022,On or near Percy Terrace,E01008737,Sunderland 016D,Anti-social behaviour,,
,2015-12,Surrey Police,Northumbria Police,-1.373581,54.894591,On or near Villette Road,E01008737,Sunderland 016D,Anti-social behaviour,,
,2015-12,Surrey Police,Northumbria Police,-1.373576,54.895966,On or near Edith Street,E01008737,Sunderland 016D,Anti-social behaviour,,
,2015-12,Surrey Police,Northumbria Police,-1.373581,54.894591,On or near Villette Road,E01008737,Sunderland 016D,Anti-social behaviour,,
,2015-12,Surrey Police,Northumbria Police,-1.370495,54.893514,On or near Fuller Road,E01008737,Sunderland 016D,Anti-social behaviour,,
,2015-12,Surrey Police,Northumbria Police,-1.371669,54.894239,On or near Tel-El-Kebir Road,E01008737,Sunderland 016D,Anti-social behaviour,,
9af8b64533e52d0f33f617cd8ce8173f36786731c4bb696267fa05a78963329e,2015-12,Surrey Police,Northumbria Police,-1.374914,54.893115,On or near China Street,E01008737,Sunderland 016D,Burglary,Investigation complete; no suspect identified,
cb4194ce308374f81a78141d8991fa84c56552c3832d891cb2129a99749464b8,2015-12,Surrey Police,Northumbria Police,-1.372930,54.895387,On or near Marion Street,E01008737,Sunderland 016D,Burglary,Investigation complete; no suspect identified,
e37032aed0802d4481d939040de8193e27d4266948939d433229e94dacf3075b,2015-12,Surrey Police,Northumbria Police,-1.372930,54.895387,On or near Marion Street,E01008737,Sunderland 016D,Burglary,Investigation complete; no suspect identified,
6205a4f22deb8199646d6db185df59a61c69f8fb2817e0ea22b30b4ad16c0466,2015-12,Surrey Police,Northumbria Police,-1.373511,54.895120,On or near Ernest Street,E01008737,Sunderland 016D,Criminal damage and arson,Investigation complete; no suspect identified,
fc03d3d2334bd3108ad8fbcae1115ada3693a6841fa966602ee048442600a7c5,2015-12,Surrey Police,Northumbria Police,-1.376971,54.894195,On or near Park/Open Space,E01008737,Sunderland 016D,Criminal damage and arson,Awaiting court outcome,
f88e698bf9daecf8dd9556abe605809c8ce8cef2ad2dd932d48590fcfd77d30c,2015-12,Surrey Police,Northumbria Police,-1.376971,54.894195,On or near Park/Open Space,E01008737,Sunderland 016D,Criminal damage and arson,Investigation complete; no suspect identified,
3ffefecabe01ab1e7b21b1c7209fef1c2427893051559222cfb412ef7838e20d,2015-12,Surrey Police,Northumbria Police,-1.372930,54.895387,On or near Marion Street,E01008737,Sunderland 016D,Criminal damage and arson,Investigation complete; no suspect identified,
524b331f860b8a785757b59f56fa8e42f90fd710d9e2919ecbc9333bab5e175e,2015-12,Surrey Police,Northumbria Police,-1.373581,54.894591,On or near Villette Road,E01008737,Sunderland 016D,Criminal damage and arson,Investigation complete; no suspect identified,
be6936bbc26979d6ac570b4df2b67f072eaf697e3780f1936ea07bbfb60c75ce,2015-12,Surrey Police,Northumbria Police,-1.374914,54.893115,On or near China Street,E01008737,Sunderland 016D,Drugs,Offender given a drugs possession warning,
40454c6bb5f2614efe4679f670b811a45b9e5ad5165c5cc0a12798295a7d0573,2015-12,Surrey Police,Northumbria Police,-1.374449,54.895988,On or near Villette Brook Street,E01008737,Sunderland 016D,Other theft,Investigation complete; no suspect identified,
2e143c23c9d648dd6f8c1eac7bac78b4a32ed2e804bb96f6d66a642c9d737e5b,2015-12,Surrey Police,Northumbria Police,-1.376971,54.894195,On or near Park/Open Space,E01008737,Sunderland 016D,Public order,Investigation complete; no suspect identified,
6bf1ea447b3c45efd2b6b333a07c8035253a1ec7aa88fea7b6c0e2af0d065cb2,2015-12,Surrey Police,Northumbria Police,-1.372113,54.895796,On or near Capulet Terrace,E01008737,Sunderland 016D,Robbery,Awaiting court outcome,
f5544e278ae131040416fc157a9e87bc11bba078b8815b6caeee67e7b34967fe,2015-12,Surrey Police,Northumbria Police,-1.372113,54.895796,On or near Capulet Terrace,E01008737,Sunderland 016D,Violence and sexual offences,Offender given a caution,
3fcaed60bff3be2b30d78590ae6ecffa3611b1834de66186e3372792057c4286,2015-12,Surrey Police,Northumbria Police,-1.372113,54.895796,On or near Capulet Terrace,E01008737,Sunderland 016D,Violence and sexual offences,Investigation complete; no suspect identified,
4d6e3e1cbf78d09c320a756284a8f50051d8c02f96f0d49e11c6e4a7e05e68fb,2015-12,Surrey Police,Northumbria Police,-1.371669,54.894239,On or near Tel-El-Kebir Road,E01008737,Sunderland 016D,Violence and sexual offences,Investigation complete; no suspect identified,
8155e4bd9734d1404441204fb02d118136bebd6fa136132ef3fd02234af271d4,2015-12,Surrey Police,Northumbria Police,-1.376971,54.894195,On or near Park/Open Space,E01008737,Sunderland 016D,Violence and sexual offences,Under investigation,
a4cb10b1b3f5d124117e80f808507ba481b76598d5f3a75f007cf171ec7dc264,2015-12,Surrey Police,Northumbria Police,-1.372113,54.895796,On or near Capulet Terrace,E01008737,Sunderland 016D,Violence and sexual offences,Investigation complete; no suspect identified,
a0bab7c50e502e468eac3b92c0c4a748c74b1e09f8fd8df9ac5cdc3764ea74c0,2015-12,Surrey Police,Northumbria Police,-1.371669,54.894239,On or near Tel-El-Kebir Road,E01008737,Sunderland 016D,Violence and sexual offences,Under investigation,
,2015-12,Surrey Police,Northumbria Police,-1.369669,54.894516,On or near Hyde Street,E01008738,Sunderland 016E,Anti-social behaviour,,
,2015-12,Surrey Police,Northumbria Police,-1.367666,54.890983,On or near Ashby Street,E01008738,Sunderland 016E,Anti-social behaviour,,
,2015-12,Surrey Police,Northumbria Police,-1.368646,54.893163,On or near Canon Cockin Street,E01008738,Sunderland 016E,Anti-social behaviour,,
,2015-12,Surrey Police,Northumbria Police,-1.369669,54.894516,On or near Hyde Street,E01008738,Sunderland 016E,Anti-social behaviour,,
,2015-12,Surrey Police,Northumbria Police,-1.369221,54.895269,On or near Preston Road,E01008738,Sunderland 016E,Anti-social behaviour,,
2e6e3626046d01c51bea6a715f8ab3619c5fa9f4753462ed15a26d29c84bcdd8,2015-12,Surrey Police,Northumbria Police,-1.369669,54.894516,On or near Hyde Street,E01008738,Sunderland 016E,Burglary,Investigation complete; no suspect identified,
590cff7f18fa542c46b02f39c596d59bc0bc994d0ca5a1a8483e8973e0a7da4f,2015-12,Surrey Police,Northumbria Police,-1.367666,54.890983,On or near Ashby Street,E01008738,Sunderland 016E,Other theft,Investigation complete; no suspect identified,
b7b0289456600995df45185e989cb4ccc0a8578836a44be96a164c19de9603ec,2015-12,Surrey Police,Northumbria Police,-1.365865,54.893499,On or near Commercial Road,E01008738,Sunderland 016E,Other theft,Investigation complete; no suspect identified,
9b8f9204660aeeb408f51653fef695cff2843940084568f39215987ca7f15faa,2015-12,Surrey Police,Northumbria Police,-1.367580,54.897471,On or near St Barnabas Way,E01008738,Sunderland 016E,Public order,Under investigation,
c53bdf9d2b3f1375c5fe344d9827fbd081236af727caef4e69c83f5374f4ff55,2015-12,Surrey Police,Northumbria Police,-1.367666,54.890983,On or near Ashby Street,E01008738,Sunderland 016E,Violence and sexual offences,Under investigation,
f7a7dfac2b9c3dae51290937a77efd49bc98f52eac14b355d35350201e8ed156,2015-12,Surrey Police,Northumbria Police,-1.369426,54.892143,On or near Cairo Street,E01008738,Sunderland 016E,Violence and sexual offences,Under investigation,
eb3cb5ca15bef4443496c6fa601eb144ba1154c71ea74a993e139949aff24f10,2015-12,Surrey Police,Northumbria Police,-1.369669,54.894516,On or near Hyde Street,E01008738,Sunderland 016E,Violence and sexual offences,Under investigation,
12a2b14fd8ab58f634c1e11adf851bed7046eedfcb0b8f2f66581dbe85a4122c,2015-12,Surrey Police,Northumbria Police,-1.368075,54.893753,On or near Corporation Road,E01008738,Sunderland 016E,Violence and sexual offences,Under investigation,
d81aff7be747c3feefe36653b09d1d51619df437e2cedfa1b1b6a539531828e5,2015-12,Surrey Police,Northumbria Police,-1.368075,54.893753,On or near Corporation Road,E01008738,Sunderland 016E,Violence and sexual offences,Investigation complete; no suspect identified,
258ae1f48833265efaf5f201b45ed578e8673422322fddd42cbc1dc53a4afc5c,2015-12,Surrey Police,Northumbria Police,-1.369221,54.895269,On or near Preston Road,E01008738,Sunderland 016E,Other crime,Investigation complete; no suspect identified,
,2015-12,Surrey Police,Northumbria Police,-1.376733,54.903539,On or near Murton Street,E01008836,Sunderland 016F,Anti-social behaviour,,
,2015-12,Surrey Police,Northumbria Police,-1.377618,54.904847,On or near Borough Road,E01008836,Sunderland 016F,Anti-social behaviour,,
,2015-12,Surrey Police,Northumbria Police,-1.376733,54.903539,On or near Murton Street,E01008836,Sunderland 016F,Anti-social behaviour,,
,2015-12,Surrey Police,Northumbria Police,-1.380010,54.904446,On or near Borough Road,E01008836,Sunderland 016F,Anti-social behaviour,,
,2015-12,Surrey Police,Northumbria Police,-1.378401,54.902568,On or near Toward Road,E01008836,Sunderland 016F,Anti-social behaviour,,
,2015-12,Surrey Police,Northumbria Police,-1.386732,54.903384,On or near Derwent Street,E01008836,Sunderland 016F,Anti-social behaviour,,
,2015-12,Surrey Police,Northumbria Police,-1.376764,54.901554,On or near Egerton Street,E01008836,Sunderland 016F,Anti-social behaviour,,
,2015-12,Surrey Police,Northumbria Police,-1.385145,54.904139,On or near Nightclub,E01008836,Sunderland 016F,Anti-social behaviour,,
,2015-12,Surrey Police,Northumbria Police,-1.377551,54.903103,On or near Laura Street,E01008836,Sunderland 016F,Anti-social behaviour,,
,2015-12,Surrey Police,Northumbria Police,-1.386629,54.903985,On or near Vine Place,E01008836,Sunderland 016F,Anti-social behaviour,,
,2015-12,Surrey Police,Northumbria Police,-1.374793,54.904958,On or near Hudson Road,E01008836,Sunderland 016F,Anti-social behaviour,,
,2015-12,Surrey Police,Northumbria Police,-1.380010,54.904446,On or near Borough Road,E01008836,Sunderland 016F,Anti-social behaviour,,
,2015-12,Surrey Police,Northumbria Police,-1.385145,54.904139,On or near Nightclub,E01008836,Sunderland 016F,Anti-social behaviour,,
,2015-12,Surrey Police,Northumbria Police,-1.386732,54.903384,On or near Derwent Street,E01008836,Sunderland 016F,Anti-social behaviour,,
,2015-12,Surrey Police,Northumbria Police,-1.386732,54.903384,On or near Derwent Street,E01008836,Sunderland 016F,Anti-social behaviour,,
,2015-12,Surrey Police,Northumbria Police,-1.376393,54.902324,On or near Churchill Street,E01008836,Sunderland 016F,Anti-social behaviour,,
,2015-12,Surrey Police,Northumbria Police,-1.385145,54.904139,On or near Nightclub,E01008836,Sunderland 016F,Anti-social behaviour,,
,2015-12,Surrey Police,Northumbria Police,-1.386629,54.903985,On or near Vine Place,E01008836,Sunderland 016F,Anti-social behaviour,,
,2015-12,Surrey Police,Northumbria Police,-1.386629,54.903985,On or near Vine Place,E01008836,Sunderland 016F,Anti-social behaviour,,
,2015-12,Surrey Police,Northumbria Police,-1.376733,54.903539,On or near Murton Street,E01008836,Sunderland 016F,Anti-social behaviour,,
,2015-12,Surrey Police,Northumbria Police,-1.386732,54.903384,On or near Derwent Street,E01008836,Sunderland 016F,Anti-social behaviour,,
,2015-12,Surrey Police,Northumbria Police,-1.376733,54.903539,On or near Murton Street,E01008836,Sunderland 016F,Anti-social behaviour,,
,2015-12,Surrey Police,Northumbria Police,-1.376733,54.903539,On or near Murton Street,E01008836,Sunderland 016F,Anti-social behaviour,,
,2015-12,Surrey Police,Northumbria Police,-1.377618,54.904847,On or near Borough Road,E01008836,Sunderland 016F,Anti-social behaviour,,
,2015-12,Surrey Police,Northumbria Police,-1.385145,54.904139,On or near Nightclub,E01008836,Sunderland 016F,Anti-social behaviour,,
,2015-12,Surrey Police,Northumbria Police,-1.386732,54.903384,On or near Derwent Street,E01008836,Sunderland 016F,Anti-social behaviour,,
,2015-12,Surrey Police,Northumbria Police,-1.385145,54.904139,On or near Nightclub,E01008836,Sunderland 016F,Anti-social behaviour,,
,2015-12,Surrey Police,Northumbria Police,-1.376733,54.903539,On or near Murton Street,E01008836,Sunderland 016F,Anti-social behaviour,,
,2015-12,Surrey Police,Northumbria Police,-1.380010,54.904446,On or near Borough Road,E01008836,Sunderland 016F,Anti-social behaviour,,
,2015-12,Surrey Police,Northumbria Police,-1.386629,54.903985,On or near Vine Place,E01008836,Sunderland 016F,Anti-social behaviour,,
,2015-12,Surrey Police,Northumbria Police,-1.386629,54.903985,On or near Vine Place,E01008836,Sunderland 016F,Anti-social behaviour,,
,2015-12,Surrey Police,Northumbria Police,-1.377551,54.903103,On or near Laura Street,E01008836,Sunderland 016F,Anti-social behaviour,,
,2015-12,Surrey Police,Northumbria Police,-1.385145,54.904139,On or near Nightclub,E01008836,Sunderland 016F,Anti-social behaviour,,
,2015-12,Surrey Police,Northumbria Police,-1.385145,54.904139,On or near Nightclub,E01008836,Sunderland 016F,Anti-social behaviour,,
,2015-12,Surrey Police,Northumbria Police,-1.380010,54.904446,On or near Borough Road,E01008836,Sunderland 016F,Anti-social behaviour,,
,2015-12,Surrey Police,Northumbria Police,-1.380010,54.904446,On or near Borough Road,E01008836,Sunderland 016F,Anti-social behaviour,,
,2015-12,Surrey Police,Northumbria Police,-1.386629,54.903985,On or near Vine Place,E01008836,Sunderland 016F,Anti-social behaviour,,
,2015-12,Surrey Police,Northumbria Police,-1.371133,54.904643,On or near Besford Grove,E01008836,Sunderland 016F,Anti-social behaviour,,
,2015-12,Surrey Police,Northumbria Police,-1.377618,54.904847,On or near Borough Road,E01008836,Sunderland 016F,Anti-social behaviour,,
,2015-12,Surrey Police,Northumbria Police,-1.376637,54.902694,On or near Winifred Terrace,E01008836,Sunderland 016F,Anti-social behaviour,,
,2015-12,Surrey Police,Northumbria Police,-1.376733,54.903539,On or near Murton Street,E01008836,Sunderland 016F,Anti-social behaviour,,
,2015-12,Surrey Police,Northumbria Police,-1.371123,54.903268,On or near Raine Grove,E01008836,Sunderland 016F,Anti-social behaviour,,
c0ac097c228f39efdb587093052912881443a12603cdf87e7f195abd7d068e7f,2015-12,Surrey Police,Northumbria Police,-1.371123,54.903268,On or near Raine Grove,E01008836,Sunderland 016F,Bicycle theft,Investigation complete; no suspect identified,
183618b1a8b6a38feb4486c40cba8b98161c860c66e4478d0f67a452d5209d83,2015-12,Surrey Police,Northumbria Police,-1.377924,54.904219,On or near Tavistock Place,E01008836,Sunderland 016F,Burglary,Investigation complete; no suspect identified,
64dc2fc5e76e254f1eea36c7b63e35efb481354a94e6352c4077d8096facae1c,2015-12,Surrey Police,Northumbria Police,-1.385145,54.904139,On or near Nightclub,E01008836,Sunderland 016F,Burglary,Awaiting court outcome,
3550defd13d4d03e3c42ba5805d39cc59842fd9e24433b738f290a43d770a6d1,2015-12,Surrey Police,Northumbria Police,-1.374793,54.904958,On or near Hudson Road,E01008836,Sunderland 016F,Burglary,Under investigation,
d29a3a2f5c75af7a0152721cc252e28b4def63211a0530908a6ab4ce77f6a539,2015-12,Surrey Police,Northumbria Police,-1.385145,54.904139,On or near Nightclub,E01008836,Sunderland 016F,Burglary,Investigation complete; no suspect identified,
8703566669d36274ff757a2eb85c3f0c927293fabf6138f2b8a0fca7dfdd141e,2015-12,Surrey Police,Northumbria Police,-1.377924,54.904219,On or near Tavistock Place,E01008836,Sunderland 016F,Burglary,Under investigation,
773c8393f644dddd12f0e1a1c6c19f2b20f137248a769f9904fe7ea4c72e82d3,2015-12,Surrey Police,Northumbria Police,-1.374793,54.904958,On or near Hudson Road,E01008836,Sunderland 016F,Burglary,Investigation complete; no suspect identified,
f7a1545a6e8e23006a53fc468c427ba3c1e536d7650c2a155b21de3ad4f269ea,2015-12,Surrey Police,Northumbria Police,-1.377551,54.903103,On or near Laura Street,E01008836,Sunderland 016F,Criminal damage and arson,Awaiting court outcome,
e7ed8f842996b4d262a9d46c842b8011575565c2768d4957e60d16e5473789d9,2015-12,Surrey Police,Northumbria Police,-1.377551,54.903103,On or near Laura Street,E01008836,Sunderland 016F,Criminal damage and arson,Offender given community sentence,
65d29756fab1698b877ba308ac7a0de5c023aeb38a15762aad646bcdcdb66a17,2015-12,Surrey Police,Northumbria Police,-1.377618,54.904847,On or near Borough Road,E01008836,Sunderland 016F,Criminal damage and arson,Investigation complete; no suspect identified,
2fefcccb9ca98a8d36b60fde23698f8fddd831893a5bbbe8ca9e9bc1d08ca4ce,2015-12,Surrey Police,Northumbria Police,-1.376393,54.902324,On or near Churchill Street,E01008836,Sunderland 016F,Criminal damage and arson,Investigation complete; no suspect identified,
135cfca59230158f5357b2c62ce6a219e0aee1ab622c19dd2e265eb3f68924b7,2015-12,Surrey Police,Northumbria Police,-1.372345,54.902933,On or near Wylam Grove,E01008836,Sunderland 016F,Criminal damage and arson,Investigation complete; no suspect identified,
23d41d1f5d75b45608e33802e90d3e33b9c3abd8150da198859a303fcc8c5f3a,2015-12,Surrey Police,Northumbria Police,-1.377924,54.904219,On or near Tavistock Place,E01008836,Sunderland 016F,Criminal damage and arson,Investigation complete; no suspect identified,
fdd0ffe6f12bd7ee4fc03fb9da8f67c4e340a7977afc1deef73b9ee382114014,2015-12,Surrey Police,Northumbria Police,-1.377618,54.904847,On or near Borough Road,E01008836,Sunderland 016F,Drugs,Offender given a caution,
4e6779125f691fcbb508c79c70ea67f5ed2f294bc19d3e3216563741db6f0c80,2015-12,Surrey Police,Northumbria Police,-1.385145,54.904139,On or near Nightclub,E01008836,Sunderland 016F,Drugs,Investigation complete; no suspect identified,
34a40d581edfed6568f055caf9df3cd4c267cec6de7b984fa8e56ff9b262718b,2015-12,Surrey Police,Northumbria Police,-1.386629,54.903985,On or near Vine Place,E01008836,Sunderland 016F,Drugs,Offender given a caution,
2ffb9368d768a67301894b2e56d417371d1c3e3bb3b01cffe4d86b61edd1604a,2015-12,Surrey Police,Northumbria Police,-1.385145,54.904139,On or near Nightclub,E01008836,Sunderland 016F,Other theft,Investigation complete; no suspect identified,
97f0ee2e9fda973c983e741d5d8407b571644b371125609484e6ffe2cde41406,2015-12,Surrey Police,Northumbria Police,-1.385145,54.904139,On or near Nightclub,E01008836,Sunderland 016F,Other theft,Investigation complete; no suspect identified,
5eb542dace8001f5bbb8d6e7722e2f9563c29593bdc4a8bf609cc076a9ee2a5e,2015-12,Surrey Police,Northumbria Police,-1.378401,54.902568,On or near Toward Road,E01008836,Sunderland 016F,Other theft,Investigation complete; no suspect identified,
6bf26e079419ba916a20c9346af597f6c35dbdd7de5f37cc4d23f19cec1d0eb8,2015-12,Surrey Police,Northumbria Police,-1.379943,54.903727,On or near Park/Open Space,E01008836,Sunderland 016F,Other theft,Investigation complete; no suspect identified,
53e3cc78bd1db8c136283c3c92daef06db97917f8ed3379bfbbf917c0d500bd4,2015-12,Surrey Police,Northumbria Police,-1.385145,54.904139,On or near Nightclub,E01008836,Sunderland 016F,Other theft,Investigation complete; no suspect identified,
bfe66552541e37c488840803ebe043bab9d43857eb2717b97820319ae21879ef,2015-12,Surrey Police,Northumbria Police,-1.385145,54.904139,On or near Nightclub,E01008836,Sunderland 016F,Other theft,Investigation complete; no suspect identified,
8064af65c6736f29614188d25e4e3eb6ba146c27187a0f97612136859ccacd7b,2015-12,Surrey Police,Northumbria Police,-1.386629,54.903985,On or near Vine Place,E01008836,Sunderland 016F,Public order,Under investigation,
670cf64dd62c1d726de3bc795c59d6e7c371780bb369242444f9370de4046a5a,2015-12,Surrey Police,Northumbria Police,-1.385145,54.904139,On or near Nightclub,E01008836,Sunderland 016F,Public order,Awaiting court outcome,
ceeb647eadc162bf49721e00509e02006fd7f60bdad244fd906a39e06e26a9cd,2015-12,Surrey Police,Northumbria Police,-1.386629,54.903985,On or near Vine Place,E01008836,Sunderland 016F,Public order,Awaiting court outcome,
0576adff2aaf725c9dfd0b7662af7f59217f51bb00b610a7fb1c0c9f037abb80,2015-12,Surrey Police,Northumbria Police,-1.385145,54.904139,On or near Nightclub,E01008836,Sunderland 016F,Public order,Investigation complete; no suspect identified,
5b5e482bcd14cdef09c2cd338c470ca10cc7ca3aafd1014cee0130a1d1eecd5f,2015-12,Surrey Police,Northumbria Police,-1.386629,54.903985,On or near Vine Place,E01008836,Sunderland 016F,Public order,Awaiting court outcome,
c9caaf12ad9e65573c713afdbe4ced22dd251eeb2ae8be7e4e5da2e2724a61f4,2015-12,Surrey Police,Northumbria Police,-1.385145,54.904139,On or near Nightclub,E01008836,Sunderland 016F,Public order,Offender fined,
f4f4eac0ade608e72a7ed9ff7a4c76b29b468696e4a96f3531a5a2e0b34e2c41,2015-12,Surrey Police,Northumbria Police,-1.385145,54.904139,On or near Nightclub,E01008836,Sunderland 016F,Shoplifting,Under investigation,
8868cf6d361f355f4033b6a58f1035e73d3c3aa1f0ee7e59313aa7cd49bff33b,2015-12,Surrey Police,Northumbria Police,-1.385145,54.904139,On or near Nightclub,E01008836,Sunderland 016F,Theft from the person,Investigation complete; no suspect identified,
8eac764648fe29b011de81038024df312a17d3625ddf32a30c26ebea555c75ce,2015-12,Surrey Police,Northumbria Police,-1.386629,54.903985,On or near Vine Place,E01008836,Sunderland 016F,Theft from the person,Under investigation,
7ac5665c7e5062579d9008d47c4a00f806fad2f9c8b4df0eb9e47193fa409e4d,2015-12,Surrey Police,Northumbria Police,-1.375672,54.902581,On or near Northcote Avenue,E01008836,Sunderland 016F,Vehicle crime,Investigation complete; no suspect identified,
22136a490f5d7f3c9566a4e5d19fc80234d3bfea90c6f824bccf55687c1ff093,2015-12,Surrey Police,Northumbria Police,-1.376764,54.901554,On or near Egerton Street,E01008836,Sunderland 016F,Vehicle crime,Investigation complete; no suspect identified,
f91deeda66f0176d3c0b1ebeea1e5a47bb3896b854dbfaa0ce17e7530b03190b,2015-12,Surrey Police,Northumbria Police,-1.386629,54.903985,On or near Vine Place,E01008836,Sunderland 016F,Violence and sexual offences,Offender given a caution,
9672459955a927fe9c44c92db9b5137829e2337689bf182e4e6cbda5e442503a,2015-12,Surrey Police,Northumbria Police,-1.380010,54.904446,On or near Borough Road,E01008836,Sunderland 016F,Violence and sexual offences,Investigation complete; no suspect identified,
9776e490f9f070c768b220b31357ce56b04e819e7275f14d22a36d35b583c561,2015-12,Surrey Police,Northumbria Police,-1.386629,54.903985,On or near Vine Place,E01008836,Sunderland 016F,Violence and sexual offences,Investigation complete; no suspect identified,
58d9f07baf0feb83569e3bacfd77417de4f6b46a7d5983d592f0297208684714,2015-12,Surrey Police,Northumbria Police,-1.385145,54.904139,On or near Nightclub,E01008836,Sunderland 016F,Violence and sexual offences,Offender given a caution,
e43d9e001a24318198ffd88870e47324604f55d1d6e5a8fe0b5735541f590e00,2015-12,Surrey Police,Northumbria Police,-1.385145,54.904139,On or near Nightclub,E01008836,Sunderland 016F,Violence and sexual offences,Investigation complete; no suspect identified,
f5b5299b12f8a6dd61d2978c1edcbbb01b9488fd59a2983e76bcb6065cfeeaf6,2015-12,Surrey Police,Northumbria Police,-1.385145,54.904139,On or near Nightclub,E01008836,Sunderland 016F,Violence and sexual offences,Under investigation,
997302b3c5966214e40f9b79fb984b63326825ee89c4a1871b664310e7649347,2015-12,Surrey Police,Northumbria Police,-1.386629,54.903985,On or near Vine Place,E01008836,Sunderland 016F,Violence and sexual offences,Investigation complete; no suspect identified,
7c843209dbcae200bce88bb286bb891d21c7b81bd61c6ca89ce6db5931c1696f,2015-12,Surrey Police,Northumbria Police,-1.378401,54.902568,On or near Toward Road,E01008836,Sunderland 016F,Violence and sexual offences,Investigation complete; no suspect identified,
650020d032278709791d5de07d3147870e2026163c6f65fd4c9420102012e0f8,2015-12,Surrey Police,Northumbria Police,-1.386732,54.903384,On or near Derwent Street,E01008836,Sunderland 016F,Violence and sexual offences,Investigation complete; no suspect identified,
58bb6a125e5b5a6465739613c3342ba8a2d7daddd6a5558cba2e252e67f1d7ff,2015-12,Surrey Police,Northumbria Police,-1.386629,54.903985,On or near Vine Place,E01008836,Sunderland 016F,Violence and sexual offences,Under investigation,
5cbcdb2996915f2335b7c5666f9cf753436a325f7661b212af72945eac20705e,2015-12,Surrey Police,Northumbria Police,-1.377551,54.903103,On or near Laura Street,E01008836,Sunderland 016F,Violence and sexual offences,Awaiting court outcome,
e3efc915f4ff1d6abb7d42a9faa88d24582767a800a79641994c97a0fe8d8a90,2015-12,Surrey Police,Northumbria Police,-1.386629,54.903985,On or near Vine Place,E01008836,Sunderland 016F,Violence and sexual offences,Investigation complete; no suspect identified,
852e1a269c06101a23ca2af44cd8df7f30da2eee905f1694d4584afc0d4013fc,2015-12,Surrey Police,Northumbria Police,-1.385145,54.904139,On or near Nightclub,E01008836,Sunderland 016F,Violence and sexual offences,Investigation complete; no suspect identified,
c65c27fb03d7d52fa6bdb841d125b09f78dc2eb612ce223b878476769b512a4c,2015-12,Surrey Police,Northumbria Police,-1.386629,54.903985,On or near Vine Place,E01008836,Sunderland 016F,Violence and sexual offences,Offender fined,
14c8def64ce48edf33563564ddec03cbfe80b7855f1922750f633ff94fc84062,2015-12,Surrey Police,Northumbria Police,-1.386629,54.903985,On or near Vine Place,E01008836,Sunderland 016F,Violence and sexual offences,Awaiting court outcome,
,2015-12,Surrey Police,Northumbria Police,-1.508512,54.894537,On or near Brady Square,E01008845,Sunderland 017A,Anti-social behaviour,,
,2015-12,Surrey Police,Northumbria Police,-1.509868,54.897122,On or near Sports/Recreation Area,E01008845,Sunderland 017A,Anti-social behaviour,,
,2015-12,Surrey Police,Northumbria Police,-1.508149,54.898750,On or near Northumberland Way,E01008845,Sunderland 017A,Anti-social behaviour,,
38262094762f1686458240c6de935821ce9b2671d2bcd0553fdf048cbe690359,2015-12,Surrey Police,Northumbria Police,-1.512518,54.901086,On or near Glebe Crescent,E01008845,Sunderland 017A,Other theft,Investigation complete; no suspect identified,
,2015-12,Surrey Police,Northumbria Police,-1.503443,54.903539,On or near Stockley Road,E01008846,Sunderland 017B,Anti-social behaviour,,
,2015-12,Surrey Police,Northumbria Police,-1.509105,54.902169,On or near Parking Area,E01008846,Sunderland 017B,Anti-social behaviour,,
,2015-12,Surrey Police,Northumbria Police,-1.503443,54.903539,On or near Stockley Road,E01008846,Sunderland 017B,Anti-social behaviour,,
,2015-12,Surrey Police,Northumbria Police,-1.509105,54.902169,On or near Parking Area,E01008846,Sunderland 017B,Anti-social behaviour,,
,2015-12,Surrey Police,Northumbria Police,-1.509105,54.902169,On or near Parking Area,E01008846,Sunderland 017B,Anti-social behaviour,,
,2015-12,Surrey Police,Northumbria Police,-1.509105,54.902169,On or near Parking Area,E01008846,Sunderland 017B,Anti-social behaviour,,
,2015-12,Surrey Police,Northumbria Police,-1.509105,54.902169,On or near Parking Area,E01008846,Sunderland 017B,Anti-social behaviour,,
,2015-12,Surrey Police,Northumbria Police,-1.509105,54.902169,On or near Parking Area,E01008846,Sunderland 017B,Anti-social behaviour,,
,2015-12,Surrey Police,Northumbria Police,-1.509105,54.902169,On or near Parking Area,E01008846,Sunderland 017B,Anti-social behaviour,,
0b5a93cbada34270f0c5e387c41c722dc36de847d9c626d53616dac7d186c3a6,2015-12,Surrey Police,Northumbria Police,-1.509105,54.902169,On or near Parking Area,E01008846,Sunderland 017B,Other theft,Investigation complete; no suspect identified,
dda6432edaf3f0b7f4382d1638a92b9d56972730bdaacd26eb45e329e162f06c,2015-12,Surrey Police,Northumbria Police,-1.503443,54.903539,On or near Stockley Road,E01008846,Sunderland 017B,Vehicle crime,Awaiting court outcome,
1355a172fbdc34bb18b75b42b1dc17d0d28a5f9a8aeaba9e60752107e30ce765,2015-12,Surrey Police,Northumbria Police,-1.509105,54.902169,On or near Parking Area,E01008846,Sunderland 017B,Violence and sexual offences,Under investigation,
55d7595b5ce273614339067d6933218f6d13328249298105661f43f6ae5d4e3f,2015-12,Surrey Police,Northumbria Police,-1.503443,54.903539,On or near Stockley Road,E01008846,Sunderland 017B,Violence and sexual offences,Under investigation,
,2015-12,Surrey Police,Northumbria Police,-1.503521,54.901050,On or near Waskerley Road,E01008847,Sunderland 017C,Anti-social behaviour,,
,2015-12,Surrey Police,Northumbria Police,-1.502052,54.900046,On or near Horsley Road,E01008847,Sunderland 017C,Anti-social behaviour,,
,2015-12,Surrey Police,Northumbria Police,-1.502052,54.900046,On or near Horsley Road,E01008847,Sunderland 017C,Anti-social behaviour,,
,2015-12,Surrey Police,Northumbria Police,-1.502052,54.900046,On or near Horsley Road,E01008847,Sunderland 017C,Anti-social behaviour,,
,2015-12,Surrey Police,Northumbria Police,-1.502052,54.900046,On or near Horsley Road,E01008847,Sunderland 017C,Anti-social behaviour,,
4174208059e798372c921c2363226bcff7060dc78f2eccacd558c10c8dd02bd9,2015-12,Surrey Police,Northumbria Police,-1.503521,54.901050,On or near Waskerley Road,E01008847,Sunderland 017C,Criminal damage and arson,Investigation complete; no suspect identified,
2cff4e8c07be631f6b8fd99b11bab4f5462f73f7bdb271e6cb0af3af3da18b2c,2015-12,Surrey Police,Northumbria Police,-1.503521,54.901050,On or near Waskerley Road,E01008847,Sunderland 017C,Other theft,Investigation complete; no suspect identified,
b74b16d49cdc7fa8fb69b3f2911d0989ee7596e80d342023b6032eb05a992d85,2015-12,Surrey Police,Northumbria Police,-1.503521,54.901050,On or near Waskerley Road,E01008847,Sunderland 017C,Violence and sexual offences,Investigation complete; no suspect identified,
,2015-12,Surrey Police,Northumbria Police,-1.500035,54.905502,On or near Sunderland Highway,E01008850,Sunderland 017D,Anti-social behaviour,,
,2015-12,Surrey Police,Northumbria Police,-1.502802,54.897371,On or near The Willows,E01008850,Sunderland 017D,Anti-social behaviour,,
,2015-12,Surrey Police,Northumbria Police,-1.500035,54.905502,On or near Sunderland Highway,E01008850,Sunderland 017D,Anti-social behaviour,,
,2015-12,Surrey Police,Northumbria Police,-1.502802,54.897371,On or near The Willows,E01008850,Sunderland 017D,Anti-social behaviour,,
95c3b0cf6634ac4071e7e681f5115bc5d6cebf0272a0af21d99a7e763434cbdd,2015-12,Surrey Police,Northumbria Police,-1.496146,54.895978,On or near Beckford,E01008850,Sunderland 017D,Burglary,Investigation complete; no suspect identified,
a7b0a77ca566b2b1977e9dfc5db10f14c35c057407ee9825f05a207c6f8c8d4d,2015-12,Surrey Police,Northumbria Police,-1.491158,54.902023,On or near Faraday Close,E01008850,Sunderland 017D,Burglary,Local resolution,
6888e40d42f7fe098219907f0f690c0a20080727d5c99626912414b4555e2198,2015-12,Surrey Police,Northumbria Police,-1.497750,54.898609,On or near Toynbee,E01008850,Sunderland 017D,Burglary,Investigation complete; no suspect identified,
8bc5e1ead4ed3d9b7b4970af9c14e1831f61ff4ec656cf297e9acce3cb9547c7,2015-12,Surrey Police,Northumbria Police,-1.493908,54.896607,On or near Otterington,E01008850,Sunderland 017D,Criminal damage and arson,Investigation complete; no suspect identified,
3cae9085cd1505bf12246a78423636786f102dcce217fe076cfeb3201d3858bf,2015-12,Surrey Police,Northumbria Police,-1.493815,54.897838,On or near Lydcott,E01008850,Sunderland 017D,Other theft,Investigation complete; no suspect identified,
b392a89ae01ccb1918a3ce279b1c2868b81b61717cd3e9a565f6bb1e8f648e9f,2015-12,Surrey Police,Northumbria Police,-1.494289,54.891046,On or near Ferry Terminal,E01008850,Sunderland 017D,Other theft,Investigation complete; no suspect identified,
699b92e5515898890ad3b32e34324450892661ba8a4771f9635e973544acf407,2015-12,Surrey Police,Northumbria Police,-1.494289,54.891046,On or near Ferry Terminal,E01008850,Sunderland 017D,Other theft,Local resolution,
9db32ffe9f5c31c89a288f0ab7efe839a3a8da127d1cfa576625357d1033fa9d,2015-12,Surrey Police,Northumbria Police,-1.496146,54.895978,On or near Beckford,E01008850,Sunderland 017D,Other theft,Offender given conditional discharge,
65eda2a33d019700619efa6e4eae666de5f33fa36599f9d32f97ddf83159a61a,2015-12,Surrey Police,Northumbria Police,-1.480598,54.903425,On or near Mandarin Way,E01008850,Sunderland 017D,Vehicle crime,Investigation complete; no suspect identified,
3cd92d9f23f71f887ed709702a17aee3df017ae3bf35405e919b93ce0ba548fb,2015-12,Surrey Police,Northumbria Police,-1.500035,54.905502,On or near Sunderland Highway,E01008850,Sunderland 017D,Violence and sexual offences,Investigation complete; no suspect identified,
c03454205f234109c304a54335d558bc0b790d1b3bc71574018ed1421ef24aaa,2015-12,Surrey Police,Northumbria Police,-1.494289,54.891046,On or near Ferry Terminal,E01008850,Sunderland 017D,Violence and sexual offences,Investigation complete; no suspect identified,
6c867b932f79fd7ca8960e8d8042f26fa5d2a8a53f467ca52482adedd2dc6d0b,2015-12,Surrey Police,Northumbria Police,-1.491158,54.902023,On or near Faraday Close,E01008850,Sunderland 017D,Other crime,Under investigation,
,2015-12,Surrey Police,Northumbria Police,-1.510566,54.893584,On or near Sports/Recreation Area,E01008851,Sunderland 017E,Anti-social behaviour,,
6f45119e0ff025d245817f8b22c60eaae8ebca5c31378399a9753da9704d5c49,2015-12,Surrey Police,Northumbria Police,-1.510541,54.894357,On or near Hillthorne Close,E01008851,Sunderland 017E,Violence and sexual offences,Under investigation,
91c1de9b69678fb0cdd4347e7802a8025158bfc637d2aab946ac1b319587818a,2015-12,Surrey Police,Northumbria Police,-1.411432,54.896092,On or near Mount Road,E01008760,Sunderland 018A,Burglary,Investigation complete; no suspect identified,
53d73996c3a707a9629685de12d845e834a4f3f0a0f69c4732ad2c76c50a9e25,2015-12,Surrey Police,Northumbria Police,-1.411432,54.896092,On or near Mount Road,E01008760,Sunderland 018A,Criminal damage and arson,Investigation complete; no suspect identified,
e3ac4fcb882240c127e7448f7174ac00149e2258a7cac43614a5b05260229fdb,2015-12,Surrey Police,Northumbria Police,-1.411432,54.896092,On or near Mount Road,E01008760,Sunderland 018A,Other theft,Investigation complete; no suspect identified,
1e8b9a134ce3bfb285cd7acb92ff1d1e4bcac236d3fd3a098c97504cd116b8be,2015-12,Surrey Police,Northumbria Police,-1.411432,54.896092,On or near Mount Road,E01008760,Sunderland 018A,Vehicle crime,Investigation complete; no suspect identified,
7dccdcb6078f9625d7c92669d3deb9bfbdb099ff49c90dfd4da0026013e45a16,2015-12,Surrey Police,Northumbria Police,-1.407669,54.893225,On or near Sports/Recreation Area,E01008760,Sunderland 018A,Vehicle crime,Investigation complete; no suspect identified,
febe66325d3c975a6bbadcef45d932b2b6651202f4e305125d6fa463289a8653,2015-12,Surrey Police,Northumbria Police,-1.411017,54.898858,On or near Abingdon Street,E01008760,Sunderland 018A,Vehicle crime,Investigation complete; no suspect identified,
272a2299c4c5445651a1effd7acad38d1d05af0edaac88ef963790c24f95bbe9,2015-12,Surrey Police,Northumbria Police,-1.406269,54.891942,On or near Durham Road,E01008760,Sunderland 018A,Violence and sexual offences,Investigation complete; no suspect identified,
,2015-12,Surrey Police,Northumbria Police,-1.398908,54.899454,On or near Eden House Road,E01008830,Sunderland 018B,Anti-social behaviour,,
,2015-12,Surrey Police,Northumbria Police,-1.400015,54.901563,On or near Leamington Street,E01008830,Sunderland 018B,Anti-social behaviour,,
e98857cd6412b26f3ee3a23a951c589785c75afdfdfbe87e2d125bb73cd62ef6,2015-12,Surrey Police,Northumbria Police,-1.397092,54.898870,On or near Evelyn Street,E01008830,Sunderland 018B,Burglary,Under investigation,
e2dffb60eb0ff12310a02c7b3a9ccadee548c5670ad881454e0d9b91aaf49711,2015-12,Surrey Police,Northumbria Police,-1.397092,54.898870,On or near Evelyn Street,E01008830,Sunderland 018B,Burglary,Under investigation,
37f41d95340e935e24f4ce60a0d8298f1093af051341f6a124218ccaccf21fb1,2015-12,Surrey Police,Northumbria Police,-1.398162,54.898255,On or near Durham Road,E01008830,Sunderland 018B,Burglary,Investigation complete; no suspect identified,
a7d0c667bf16b5371a66beba0c0f7f5ffa4e366aaa9868ea20c92c2f22819f2a,2015-12,Surrey Police,Northumbria Police,-1.397092,54.898870,On or near Evelyn Street,E01008830,Sunderland 018B,Burglary,Under investigation,
6452a3acd77570d9e5788221be571efb1b9e6ff9d90748533ba4b962bb6606f8,2015-12,Surrey Police,Northumbria Police,-1.398162,54.898255,On or near Durham Road,E01008830,Sunderland 018B,Burglary,Investigation complete; no suspect identified,
7795d962155af35aebb2d1a7b6e2bd41ba6cbed2658c9b762eb4238f7b6ca47f,2015-12,Surrey Police,Northumbria Police,-1.397092,54.898870,On or near Evelyn Street,E01008830,Sunderland 018B,Burglary,Under investigation,
231c8ff1581923fb1c958b7f487250f5d624090a4ac129b6e0e329e0ecd36ab1,2015-12,Surrey Police,Northumbria Police,-1.397092,54.898870,On or near Evelyn Street,E01008830,Sunderland 018B,Burglary,Under investigation,
124705aeac3164ac156344e0fae8d5f486dae36fc94d0b93a78826d8ed150d74,2015-12,Surrey Police,Northumbria Police,-1.397092,54.898870,On or near Evelyn Street,E01008830,Sunderland 018B,Burglary,Under investigation,
9c39425d298d633e331753aebc5f465ea340d7ed02e26e574be66ac9744c4b4b,2015-12,Surrey Police,Northumbria Police,-1.397092,54.898870,On or near Evelyn Street,E01008830,Sunderland 018B,Criminal damage and arson,Investigation complete; no suspect identified,
50f8006392df39487f43930ae1ec164564d52c69cd4137ad8951416c7c6d8c1f,2015-12,Surrey Police,Northumbria Police,-1.399645,54.902325,On or near Chester Road,E01008830,Sunderland 018B,Drugs,Under investigation,
2192c229800685fa32ca89042372f20de08d41eb41fc25081384f550472b2662,2015-12,Surrey Police,Northumbria Police,-1.397092,54.898870,On or near Evelyn Street,E01008830,Sunderland 018B,Drugs,Offender given conditional discharge,
dd31bb2a16bac6af4ad2681b194e3d6dd77e2989283fdab4d7fb74e4da0c4bc4,2015-12,Surrey Police,Northumbria Police,-1.396387,54.900125,On or near Oakwood Street,E01008830,Sunderland 018B,Other theft,Investigation complete; no suspect identified,
e85ff7e83a9c70723292328c33aa1ceccc928a9c2c72434136a34f5d963bdb7c,2015-12,Surrey Police,Northumbria Police,-1.400464,54.901781,On or near Chester Mews,E01008830,Sunderland 018B,Public order,Under investigation,
215aa7f5fee1b136ce0a04020382538a517606355dff909c9c87feeb48952f77,2015-12,Surrey Police,Northumbria Police,-1.398162,54.898255,On or near Durham Road,E01008830,Sunderland 018B,Vehicle crime,Investigation complete; no suspect identified,
b843044bda2be0f1721c7e5a0a63248cf569d63ebfb2d2a1b566878656e81126,2015-12,Surrey Police,Northumbria Police,-1.397295,54.902025,On or near Western Hill,E01008830,Sunderland 018B,Violence and sexual offences,Investigation complete; no suspect identified,
e16952cc34a4985d199e67d306d132344f51a04af2ecf8d3239c0c62ca68b544,2015-12,Surrey Police,Northumbria Police,-1.398908,54.899454,On or near Eden House Road,E01008830,Sunderland 018B,Violence and sexual offences,Investigation complete; no suspect identified,
,2015-12,Surrey Police,Northumbria Police,-1.400937,54.901423,On or near Stewart Street,E01008832,Sunderland 018C,Anti-social behaviour,,
,2015-12,Surrey Police,Northumbria Police,-1.399495,54.900895,On or near Hutton Street,E01008832,Sunderland 018C,Anti-social behaviour,,
2366e682ad37c6d652c0104de76522246cb3c5b0708228cfad0ddd03ce2c4119,2015-12,Surrey Police,Northumbria Police,-1.401961,54.899649,On or near Oaklands Terrace,E01008832,Sunderland 018C,Burglary,Investigation complete; no suspect identified,
d9424db64066d73a4d69ff8c4940be8a991e98a64bc6e6038e2ecfef711eb6c7,2015-12,Surrey Police,Northumbria Police,-1.403189,54.901003,On or near Wolseley Terrace,E01008832,Sunderland 018C,Criminal damage and arson,Under investigation,
17a476cdc17f85ee6c0ef5980227709da7a9b3b75c4353fb23e9abafb0824fd7,2015-12,Surrey Police,Northumbria Police,-1.399495,54.900895,On or near Hutton Street,E01008832,Sunderland 018C,Criminal damage and arson,Investigation complete; no suspect identified,
da9795a14578bbba11fe9be285e4962bb0671991d45241f4df175b0444835d35,2015-12,Surrey Police,Northumbria Police,-1.399495,54.900895,On or near Hutton Street,E01008832,Sunderland 018C,Criminal damage and arson,Investigation complete; no suspect identified,
c6c3664478d23a42a515b03288d3311a7a311850cfc55c13d5850378131d495e,2015-12,Surrey Police,Northumbria Police,-1.399495,54.900895,On or near Hutton Street,E01008832,Sunderland 018C,Other theft,Investigation complete; no suspect identified,
8bb155f0a41cfbcd08aa8fb04a0be192768c344ae458be61db90fd856bf18be9,2015-12,Surrey Police,Northumbria Police,-1.399495,54.900895,On or near Hutton Street,E01008832,Sunderland 018C,Other theft,Investigation complete; no suspect identified,
d5e8d34133524f905eb4cf5c38800b72bbfe37ac4249723ef2c7ac75e7520b31,2015-12,Surrey Police,Northumbria Police,-1.403189,54.901003,On or near Wolseley Terrace,E01008832,Sunderland 018C,Public order,Under investigation,
31c07520e5ebb14e0310bdc7f84bc8635b150e8ebfa6f40f11dc3fe3ea89eea0,2015-12,Surrey Police,Northumbria Police,-1.398826,54.899742,On or near Beachcross Road,E01008832,Sunderland 018C,Public order,Investigation complete; no suspect identified,
86bcebbf342d9524e8a23cdb70d9eea88553e86499ba76887ddcd221da9ba44f,2015-12,Surrey Police,Northumbria Police,-1.403189,54.901003,On or near Wolseley Terrace,E01008832,Sunderland 018C,Shoplifting,Under investigation,
9ebbc41b6a3ca25f05ad2b6ed220fd77333b63c0b9f552c3d85eb255c8172064,2015-12,Surrey Police,Northumbria Police,-1.401961,54.899649,On or near Oaklands Terrace,E01008832,Sunderland 018C,Vehicle crime,Investigation complete; no suspect identified,
1182247b109259d3abb5569f9b69e76a0a0d76695b62e829e68f57e2b411c4ed,2015-12,Surrey Police,Northumbria Police,-1.401763,54.901427,On or near High Barnes Terrace,E01008832,Sunderland 018C,Vehicle crime,Under investigation,
85ca20bebb40fe873795f2a75f51c36e3cb73af7d714fd6dfc2629f8f2756b25,2015-12,Surrey Police,Northumbria Police,-1.400937,54.901423,On or near Stewart Street,E01008832,Sunderland 018C,Vehicle crime,Investigation complete; no suspect identified,
5b848beafd3bf528f17c55bf7f3df39b3c97ac2c465d01982f3e8bf21bf763c8,2015-12,Surrey Police,Northumbria Police,-1.403189,54.901003,On or near Wolseley Terrace,E01008832,Sunderland 018C,Violence and sexual offences,Offender given a caution,
,2015-12,Surrey Police,Northumbria Police,-1.404817,54.898450,On or near Queen'S Crescent,E01008833,Sunderland 018D,Anti-social behaviour,,
e04b1b28be116ac7f12e07825869b8891ee70e471e88e5f470996f364db7ad50,2015-12,Surrey Police,Northumbria Police,-1.405234,54.896637,On or near Mount Grove,E01008833,Sunderland 018D,Public order,Under investigation,
0f291d8d10cd5dd31a4563f00984fbe4062c3862203260122b4039092a2f8e70,2015-12,Surrey Police,Northumbria Police,-1.408629,54.898999,On or near Ormonde Street,E01008833,Sunderland 018D,Violence and sexual offences,Under investigation,
,2015-12,Surrey Police,Northumbria Police,-1.523103,54.893409,On or near Easby Road,E01008843,Sunderland 019A,Anti-social behaviour,,
,2015-12,Surrey Police,Northumbria Police,-1.523103,54.893409,On or near Easby Road,E01008843,Sunderland 019A,Anti-social behaviour,,
,2015-12,Surrey Police,Northumbria Police,-1.522811,54.897056,On or near Skirlaw Close,E01008843,Sunderland 019A,Anti-social behaviour,,
f952f9d2af0090b577e044065340ea1aaae76200783ec112a2d90db31b97c5c3,2015-12,Surrey Police,Northumbria Police,-1.522124,54.897116,On or near Bus/Coach Station,E01008843,Sunderland 019A,Violence and sexual offences,Under investigation,
,2015-12,Surrey Police,Northumbria Police,-1.519543,54.904340,On or near Spout Lane,E01008844,Sunderland 019B,Anti-social behaviour,,
,2015-12,Surrey Police,Northumbria Police,-1.524894,54.902924,On or near Bede Crescent,E01008844,Sunderland 019B,Anti-social behaviour,,
,2015-12,Surrey Police,Northumbria Police,-1.522208,54.904522,On or near Trenton Avenue,E01008844,Sunderland 019B,Anti-social behaviour,,
,2015-12,Surrey Police,Northumbria Police,-1.525968,54.901769,On or near Cleeve Court,E01008844,Sunderland 019B,Anti-social behaviour,,
,2015-12,Surrey Police,Northumbria Police,-1.525968,54.901769,On or near Cleeve Court,E01008844,Sunderland 019B,Anti-social behaviour,,
,2015-12,Surrey Police,Northumbria Police,-1.520023,54.905987,On or near Pedestrian Subway,E01008844,Sunderland 019B,Anti-social behaviour,,
8000bceec1ace772d977d0048c9da6df12341a9d3ced39d5a1d77f5f7dd65f4d,2015-12,Surrey Police,Northumbria Police,-1.519543,54.904340,On or near Spout Lane,E01008844,Sunderland 019B,Criminal damage and arson,Investigation complete; no suspect identified,
f799a955f2e66dbb6eb0fe04bff39be72ca14ca89862b50d3cc736e8f03b77dc,2015-12,Surrey Police,Northumbria Police,-1.529458,54.903382,On or near Shopping Area,E01008844,Sunderland 019B,Criminal damage and arson,Investigation complete; no suspect identified,
2d097fb09f2bb8da4b94c40957f7f02a98f70308cdfbb570924540493df47b41,2015-12,Surrey Police,Northumbria Police,-1.517938,54.904289,On or near Hill Rise,E01008844,Sunderland 019B,Criminal damage and arson,Investigation complete; no suspect identified,
8553a720dc2b396df1acbf1f605ceae239ea4b771e8ceae59f4a00bb602e8556,2015-12,Surrey Police,Northumbria Police,-1.529458,54.903382,On or near Shopping Area,E01008844,Sunderland 019B,Criminal damage and arson,Investigation complete; no suspect identified,
c06568671fe2a731be95794b64628e384702c0bfc1c2008ad31420dd9199227a,2015-12,Surrey Police,Northumbria Police,-1.529458,54.903382,On or near Shopping Area,E01008844,Sunderland 019B,Criminal damage and arson,Investigation complete; no suspect identified,
7e24e2201deec3b90ed83477e6b4aeaaa7d40dd4a014bba3517584193f15292e,2015-12,Surrey Police,Northumbria Police,-1.517938,54.904289,On or near Hill Rise,E01008844,Sunderland 019B,Criminal damage and arson,Investigation complete; no suspect identified,
3922005440a123abef4f9c0441094c9239247b3726049e23cfb6383365367090,2015-12,Surrey Police,Northumbria Police,-1.529458,54.903382,On or near Shopping Area,E01008844,Sunderland 019B,Public order,Investigation complete; no suspect identified,
44b87a90dc25c1f23b153969754ad395bca091e2bea0d1a34ec4b3758cce7a8d,2015-12,Surrey Police,Northumbria Police,-1.534319,54.902421,On or near Parking Area,E01008844,Sunderland 019B,Shoplifting,Awaiting court outcome,
8b9a1d03e6659e1a7ddd671f74bc2bc732bce164f7eabc91c01928c18de4f75e,2015-12,Surrey Police,Northumbria Police,-1.534319,54.902421,On or near Parking Area,E01008844,Sunderland 019B,Shoplifting,Investigation complete; no suspect identified,
368a083c002b54a1c3f3c9cf519209bb48a766a4c339afdfc2389e0f52cc5f55,2015-12,Surrey Police,Northumbria Police,-1.520023,54.905987,On or near Pedestrian Subway,E01008844,Sunderland 019B,Shoplifting,Under investigation,
feae8baeefb90993ec63e15cb92a8d244d172e9064a73b11f0e9c4bed988c688,2015-12,Surrey Police,Northumbria Police,-1.527521,54.902305,On or near Byland Court,E01008844,Sunderland 019B,Violence and sexual offences,Under investigation,
24b9d20282d039a3000a1e1b7387752876659e69fcb23d815a82288d3a3aa5c0,2015-12,Surrey Police,Northumbria Police,-1.517938,54.904289,On or near Hill Rise,E01008844,Sunderland 019B,Violence and sexual offences,Under investigation,
,2015-12,Surrey Police,Northumbria Police,-1.532724,54.900096,On or near Shopping Area,E01008848,Sunderland 019C,Anti-social behaviour,,
,2015-12,Surrey Police,Northumbria Police,-1.532724,54.900087,On or near Supermarket,E01008848,Sunderland 019C,Anti-social behaviour,,
,2015-12,Surrey Police,Northumbria Police,-1.534365,54.898368,On or near Parking Area,E01008848,Sunderland 019C,Anti-social behaviour,,
,2015-12,Surrey Police,Northumbria Police,-1.534365,54.898368,On or near Parking Area,E01008848,Sunderland 019C,Anti-social behaviour,,
,2015-12,Surrey Police,Northumbria Police,-1.531678,54.901485,On or near Parking Area,E01008848,Sunderland 019C,Anti-social behaviour,,
,2015-12,Surrey Police,Northumbria Police,-1.532724,54.900087,On or near Supermarket,E01008848,Sunderland 019C,Anti-social behaviour,,
,2015-12,Surrey Police,Northumbria Police,-1.532724,54.900087,On or near Supermarket,E01008848,Sunderland 019C,Anti-social behaviour,,
,2015-12,Surrey Police,Northumbria Police,-1.532724,54.900087,On or near Supermarket,E01008848,Sunderland 019C,Anti-social behaviour,,
dd5297a3e392e7bebe493f92fef1c1fbf67033cc53b36ac25d1b4ce63b510233,2015-12,Surrey Police,Northumbria Police,-1.534365,54.898368,On or near Parking Area,E01008848,Sunderland 019C,Criminal damage and arson,Investigation complete; no suspect identified,
8500bdfd878d0fcd093854b040b383e1c1f78c61c038c63dcd1699d9be7759b4,2015-12,Surrey Police,Northumbria Police,-1.534365,54.898368,On or near Parking Area,E01008848,Sunderland 019C,Criminal damage and arson,Investigation complete; no suspect identified,
aad5baf797ddf3f0ba347732fa19588cc1fe09f9c7f5cc958b258ac19ea8825f,2015-12,Surrey Police,Northumbria Police,-1.524667,54.894386,On or near Waltham,E01008848,Sunderland 019C,Other theft,Investigation complete; no suspect identified,
9b26da62485469a7996fbab386171cdd561ab7d09f9a0947e9778603499abe53,2015-12,Surrey Police,Northumbria Police,-1.532724,54.900087,On or near Supermarket,E01008848,Sunderland 019C,Other theft,Under investigation,
a98cafb9e0245ff1c976c623489cee08526513fb05a0d845f7f9daf55511797d,2015-12,Surrey Police,Northumbria Police,-1.534365,54.898368,On or near Parking Area,E01008848,Sunderland 019C,Other theft,Investigation complete; no suspect identified,
9e4756846fb1182c52bf4604b0ce86f720b7df0dd89b70ebc987b1fc36b5c209,2015-12,Surrey Police,Northumbria Police,-1.531678,54.901485,On or near Parking Area,E01008848,Sunderland 019C,Other theft,Investigation complete; no suspect identified,
92dcccc50c0551d29a5ada1e149c0f7d925acac28b516af466f43d51c2482b04,2015-12,Surrey Police,Northumbria Police,-1.532724,54.900087,On or near Supermarket,E01008848,Sunderland 019C,Other theft,Investigation complete; no suspect identified,
754aa815d88a3955fa7bd51f2c11a31de80430e76c84d8d869bda9689a7e59b2,2015-12,Surrey Police,Northumbria Police,-1.532724,54.900096,On or near Shopping Area,E01008848,Sunderland 019C,Public order,Awaiting court outcome,
c4a4d2d7d19d0f3dab520b93e62fa941d8113853e27c7a0d6a61cd98bc3f9e3f,2015-12,Surrey Police,Northumbria Police,-1.534365,54.898368,On or near Parking Area,E01008848,Sunderland 019C,Shoplifting,Offender given a caution,
2884260a8915030a28b20b39c8f8ce13fe29dc5984c459f0a8e8f8fa5bd6a0f2,2015-12,Surrey Police,Northumbria Police,-1.531678,54.901485,On or near Parking Area,E01008848,Sunderland 019C,Shoplifting,Under investigation,
3bc1c0c727e6fd448f1b1195924b8d2c96d92335168894571667fcd6d625485f,2015-12,Surrey Police,Northumbria Police,-1.532724,54.900096,On or near Shopping Area,E01008848,Sunderland 019C,Shoplifting,Under investigation,
01c581fa47745f18966731b67eb4faa42cf99be702e5e9dc03f5e81389dc564c,2015-12,Surrey Police,Northumbria Police,-1.532724,54.900096,On or near Shopping Area,E01008848,Sunderland 019C,Shoplifting,Investigation complete; no suspect identified,
1777e92a2b2f96150187b2d222623284d681674414d519e343a6849da11f89a9,2015-12,Surrey Police,Northumbria Police,-1.534365,54.898368,On or near Parking Area,E01008848,Sunderland 019C,Shoplifting,Offender given a caution,
d452bfd1f1fa56df14ac3a4dab2175c2c7d7698f4dd6e35649cc8afb3c307b9b,2015-12,Surrey Police,Northumbria Police,-1.532724,54.900087,On or near Supermarket,E01008848,Sunderland 019C,Theft from the person,Investigation complete; no suspect identified,
687b6ce2af6ba3af5b78fdff7a312de14317887ff06c24f64b30537bbfc78eb4,2015-12,Surrey Police,Northumbria Police,-1.532724,54.900096,On or near Shopping Area,E01008848,Sunderland 019C,Theft from the person,Under investigation,
dedef59eccb412671e2b0dc2f0b6e33e42ec51395d6e191db7178c55d3cae484,2015-12,Surrey Police,Northumbria Police,-1.532724,54.900087,On or near Supermarket,E01008848,Sunderland 019C,Theft from the person,Investigation complete; no suspect identified,
05902fd3a01a8e88fa8f2b23c627d65366784e64460a73819bc83612cb3c899b,2015-12,Surrey Police,Northumbria Police,-1.532724,54.900096,On or near Shopping Area,E01008848,Sunderland 019C,Violence and sexual offences,Offender given a caution,
8f957d7243e632ed6d9e07c085c9d1114a9325e0d4c7e3e56df92a7927f8e756,2015-12,Surrey Police,Northumbria Police,-1.529460,54.900515,On or near Pedestrian Subway,E01008848,Sunderland 019C,Violence and sexual offences,Investigation complete; no suspect identified,
77c321acbf0af8f3b027e09d46c9117479f0c7fbfa21ee6ff0a1d04a70a28fc7,2015-12,Surrey Police,Northumbria Police,-1.534365,54.898368,On or near Parking Area,E01008848,Sunderland 019C,Violence and sexual offences,Investigation complete; no suspect identified,
b496ee78e41cbc14f2d292028dfc58329a6f818f088b7335e8eab10001b65f31,2015-12,Surrey Police,Northumbria Police,-1.532724,54.900096,On or near Shopping Area,E01008848,Sunderland 019C,Violence and sexual offences,Under investigation,
b938bed1ed1db4ec2ed7d8e2582f46b3e57fc5b7b7d0b1f77f830461bc7a898a,2015-12,Surrey Police,Northumbria Police,-1.532724,54.900096,On or near Shopping Area,E01008848,Sunderland 019C,Violence and sexual offences,Awaiting court outcome,
67cd5dffb9d8f50e632fdb0d90e5c9e4ae1829c03298224afcf246b096e8a152,2015-12,Surrey Police,Northumbria Police,-1.527630,54.896958,On or near Parkway,E01008848,Sunderland 019C,Violence and sexual offences,Investigation complete; no suspect identified,
a57b8282c1436470d2e048ad86102c2a7bda8a3922e6763fa6bb398b46faeea2,2015-12,Surrey Police,Northumbria Police,-1.529460,54.900515,On or near Pedestrian Subway,E01008848,Sunderland 019C,Violence and sexual offences,Under investigation,
4754b468524807669a61083daf11673a0911e01b143bc996990f72d19e0352f9,2015-12,Surrey Police,Northumbria Police,-1.532724,54.900087,On or near Supermarket,E01008848,Sunderland 019C,Violence and sexual offences,Under investigation,
b4b94e3fe27bb8b8537acf666fa496ab56800777144bae18f33b75c829d9c303,2015-12,Surrey Police,Northumbria Police,-1.532724,54.900087,On or near Supermarket,E01008848,Sunderland 019C,Violence and sexual offences,Awaiting court outcome,
,2015-12,Surrey Police,Northumbria Police,-1.524562,54.899301,On or near Dryburgh,E01008849,Sunderland 019D,Anti-social behaviour,,
4c405effa8eebd921599e7513f658f85b68a8b185b60f0165a88aab12e172e68,2015-12,Surrey Police,Northumbria Police,-1.526479,54.898032,On or near Roche Court,E01008849,Sunderland 019D,Criminal damage and arson,Investigation complete; no suspect identified,
fbe9f51ff192c5eadedbd09b10a4b5432b5b6087ec21c94607f7ccb02ad2f3c8,2015-12,Surrey Police,Northumbria Police,-1.528374,54.899990,On or near Talley Court,E01008849,Sunderland 019D,Criminal damage and arson,Investigation complete; no suspect identified,
1d8a45aabb5bec1a12bc2cbaccfdab4d9509905246e9fae583b4833c9b2b7427,2015-12,Surrey Police,Northumbria Police,-1.526479,54.898032,On or near Roche Court,E01008849,Sunderland 019D,Criminal damage and arson,Awaiting court outcome,
1fb57858114871dcb12273cfa486c35960bec1a9d555859922413119f2e2da06,2015-12,Surrey Police,Northumbria Police,-1.527523,54.899429,On or near Newstead Court,E01008849,Sunderland 019D,Criminal damage and arson,Under investigation,
8777b4edc692921ad93634221ccb73902e885f31925b2e8364adbb28d26fef9a,2015-12,Surrey Police,Northumbria Police,-1.524562,54.899301,On or near Dryburgh,E01008849,Sunderland 019D,Other theft,Investigation complete; no suspect identified,
3d3cf01be080cfa0e7e02a965a9068963f912a6a72d6620f1ec3d28394c9e4b9,2015-12,Surrey Police,Northumbria Police,-1.526479,54.898032,On or near Roche Court,E01008849,Sunderland 019D,Violence and sexual offences,Investigation complete; no suspect identified,
39450c9e17dbed42f7d58cae46d4fa97c8cac4f29ea15eaf73eb772380fa16ab,2015-12,Surrey Police,Northumbria Police,-1.526479,54.898032,On or near Roche Court,E01008849,Sunderland 019D,Violence and sexual offences,Investigation complete; no suspect identified,
824e2bafe5d2ed1471534b55c3782d20d11f3098ce762caebdc74f2a41b4cbfb,2015-12,Surrey Police,Northumbria Police,-1.526479,54.898032,On or near Roche Court,E01008849,Sunderland 019D,Violence and sexual offences,Under investigation,
3888512fcfa12f0f9777c8f4395bb5f5b83bdf81b96c778486f7b180a589e0ff,2015-12,Surrey Police,Northumbria Police,-1.528374,54.899990,On or near Talley Court,E01008849,Sunderland 019D,Violence and sexual offences,Under investigation,
85b9d68c6b464d4b9abce3835bd987092a41476d02f7fe5b270911721b08adeb,2015-12,Surrey Police,Northumbria Police,-1.527523,54.899429,On or near Newstead Court,E01008849,Sunderland 019D,Violence and sexual offences,Awaiting court outcome,
b782cacbf5580ca27dceaca4733923ac18bb5b42d62519c48f2919adb194c912,2015-12,Surrey Police,Northumbria Police,-1.528374,54.899990,On or near Talley Court,E01008849,Sunderland 019D,Violence and sexual offences,Awaiting court outcome,
5c341f248496c46b80bb1c0c9fc22e3f79d6adea6e874bf4c1d5dcc12ae1a354,2015-12,Surrey Police,Northumbria Police,-1.528406,54.901320,On or near Thornton Court,E01008849,Sunderland 019D,Violence and sexual offences,Investigation complete; no suspect identified,
d2e071ee57097b66990be0968959a2d5311be14d717b62ec9275ff4a76bc4077,2015-12,Surrey Police,Northumbria Police,-1.528406,54.901320,On or near Thornton Court,E01008849,Sunderland 019D,Violence and sexual offences,Investigation complete; no suspect identified,
,2015-12,Surrey Police,Northumbria Police,-1.518628,54.894820,On or near Fountains Close,E01008852,Sunderland 019E,Anti-social behaviour,,
,2015-12,Surrey Police,Northumbria Police,-1.518458,54.898594,On or near Park Chare,E01008852,Sunderland 019E,Anti-social behaviour,,
,2015-12,Surrey Police,Northumbria Police,-1.518458,54.898594,On or near Park Chare,E01008852,Sunderland 019E,Anti-social behaviour,,
,2015-12,Surrey Police,Northumbria Police,-1.518458,54.898594,On or near Park Chare,E01008852,Sunderland 019E,Anti-social behaviour,,
,2015-12,Surrey Police,Northumbria Police,-1.518458,54.898594,On or near Park Chare,E01008852,Sunderland 019E,Anti-social behaviour,,
,2015-12,Surrey Police,Northumbria Police,-1.519916,54.896614,On or near Maltby Close,E01008852,Sunderland 019E,Anti-social behaviour,,
,2015-12,Surrey Police,Northumbria Police,-1.540497,54.896729,On or near Witton Court,E01008867,Sunderland 020A,Anti-social behaviour,,
,2015-12,Surrey Police,Northumbria Police,-1.540873,54.900666,On or near Bamburgh Close,E01008867,Sunderland 020A,Anti-social behaviour,,
,2015-12,Surrey Police,Northumbria Police,-1.540873,54.900666,On or near Bamburgh Close,E01008867,Sunderland 020A,Anti-social behaviour,,
,2015-12,Surrey Police,Northumbria Police,-1.540873,54.900666,On or near Bamburgh Close,E01008867,Sunderland 020A,Anti-social behaviour,,
,2015-12,Surrey Police,Northumbria Police,-1.539473,54.897615,On or near Dunstanburgh Close,E01008867,Sunderland 020A,Anti-social behaviour,,
,2015-12,Surrey Police,Northumbria Police,-1.539165,54.899959,On or near Hylton Court,E01008867,Sunderland 020A,Anti-social behaviour,,
,2015-12,Surrey Police,Northumbria Police,-1.539165,54.899959,On or near Hylton Court,E01008867,Sunderland 020A,Anti-social behaviour,,
,2015-12,Surrey Police,Northumbria Police,-1.539165,54.899959,On or near Hylton Court,E01008867,Sunderland 020A,Anti-social behaviour,,
,2015-12,Surrey Police,Northumbria Police,-1.540873,54.900666,On or near Bamburgh Close,E01008867,Sunderland 020A,Anti-social behaviour,,
7ea7d6793982a47948148c24cf02407af77fa26b8d3d9a8f83f412f7139bdf9f,2015-12,Surrey Police,Northumbria Police,-1.540608,54.895112,On or near Mitford Close,E01008867,Sunderland 020A,Criminal damage and arson,Investigation complete; no suspect identified,
7f00475bea8d104986446efcd31f64535dba61b5cefa557dc59e4b3d97a7586f,2015-12,Surrey Police,Northumbria Police,-1.540873,54.900666,On or near Bamburgh Close,E01008867,Sunderland 020A,Criminal damage and arson,Investigation complete; no suspect identified,
9f699f8db66171ac1d4d4d3917fc838de464e1c9aae17789aaa3ba05477b97b3,2015-12,Surrey Police,Northumbria Police,-1.541728,54.898091,On or near Castle Road,E01008867,Sunderland 020A,Vehicle crime,Under investigation,
0b4fe798519f07db9f1012d22dc92d370ba95031f2c9b33546559f88514bab53,2015-12,Surrey Police,Northumbria Police,-1.539165,54.899959,On or near Hylton Court,E01008867,Sunderland 020A,Violence and sexual offences,Investigation complete; no suspect identified,
0d59d435738c9c71b09f34499343e53e80e8a6ae11291e5fbfb2cf1484089f2e,2015-12,Surrey Police,Northumbria Police,-1.539165,54.899959,On or near Hylton Court,E01008867,Sunderland 020A,Violence and sexual offences,Under investigation,
0ac0fffc8c0da367b6711380423447d85e9677d0ba8a7247f9c3993d13ac7cdb,2015-12,Surrey Police,Northumbria Police,-1.541490,54.899842,On or near Alnwick Court,E01008867,Sunderland 020A,Violence and sexual offences,Investigation complete; no suspect identified,
2651430a03012f1c0f3fd6ca1fd72e3552edc45512bacce598ea1b80a5cad6bd,2015-12,Surrey Police,Northumbria Police,-1.540608,54.895112,On or near Mitford Close,E01008867,Sunderland 020A,Violence and sexual offences,Investigation complete; no suspect identified,
f7d0640c927d3c4a1cff451164cdffe7814288be601370961df041d686bd1bbc,2015-12,Surrey Police,Northumbria Police,-1.539102,54.901442,On or near Sunderland Highway,E01008867,Sunderland 020A,Violence and sexual offences,Awaiting court outcome,
d392abfd1044d4541eb41c72b5a62c699ff1edd35589aab36713dd493763f2cb,2015-12,Surrey Police,Northumbria Police,-1.540608,54.895112,On or near Mitford Close,E01008867,Sunderland 020A,Violence and sexual offences,Investigation complete; no suspect identified,
05e7ad959b7cf6579ea0b6442efc9bb5e226efa51da4131219ae16433caa7a99,2015-12,Surrey Police,Northumbria Police,-1.540497,54.896729,On or near Witton Court,E01008867,Sunderland 020A,Violence and sexual offences,Under investigation,
04f34dbd851bbf90b125838c8431e60e33039bf6b79a15abf1d85751423410c2,2015-12,Surrey Police,Northumbria Police,-1.540873,54.900666,On or near Bamburgh Close,E01008867,Sunderland 020A,Violence and sexual offences,Investigation complete; no suspect identified,
09a2f70129b03c38e4d0e7bca7beab97cb63866e43117070256cb0628cedc28f,2015-12,Surrey Police,Northumbria Police,-1.540497,54.896729,On or near Witton Court,E01008867,Sunderland 020A,Violence and sexual offences,Under investigation,
fee1a6d3eaeaa91ae98a3c3bb7f1d812f9270338dfe9cfd9c38c9442598407a7,2015-12,Surrey Police,Northumbria Police,-1.539002,54.896544,On or near Warkworth Close,E01008867,Sunderland 020A,Violence and sexual offences,Investigation complete; no suspect identified,
,2015-12,Surrey Police,Northumbria Police,-1.550887,54.894800,On or near Ponteland Close,E01008868,Sunderland 020B,Anti-social behaviour,,
6b26ccc08d7ebaee113699c29bd38cdf74b2150600483a2911e03825b712fc71,2015-12,Surrey Police,Northumbria Police,-1.552077,54.895757,On or near Hexham,E01008868,Sunderland 020B,Criminal damage and arson,Investigation complete; no suspect identified,
,2015-12,Surrey Police,Northumbria Police,-1.549491,54.899755,On or near Stanhope,E01008869,Sunderland 020C,Anti-social behaviour,,
c04bda8adee0e7ea6153035368e8d3929e9f533f304b58203e485fd503459d7c,2015-12,Surrey Police,Northumbria Police,-1.545751,54.899499,On or near Raglan,E01008869,Sunderland 020C,Criminal damage and arson,Investigation complete; no suspect identified,
28befa299e22ad7564cebbd522f346b0c83dd1bb29417e56a5e96c53705bca79,2015-12,Surrey Police,Northumbria Police,-1.544189,54.899708,On or near Crighton,E01008869,Sunderland 020C,Violence and sexual offences,Under investigation,
,2015-12,Surrey Police,Northumbria Police,-1.539570,54.890498,On or near Parking Area,E01008870,Sunderland 020D,Anti-social behaviour,,
,2015-12,Surrey Police,Northumbria Police,-1.540478,54.890160,On or near Hambleton Road,E01008870,Sunderland 020D,Anti-social behaviour,,
,2015-12,Surrey Police,Northumbria Police,-1.539570,54.890498,On or near Parking Area,E01008870,Sunderland 020D,Anti-social behaviour,,
eb88fdceaabbdb4b05ee5fbec83c0ad5fd39c5c48d1505d037fdfefd2dfd0a0b,2015-12,Surrey Police,Northumbria Police,-1.540478,54.890160,On or near Hambleton Road,E01008870,Sunderland 020D,Other theft,Investigation complete; no suspect identified,
ae45a1fe750740c948deb6fac90619faaa0b3828ddeb0756bc7b4078ba4e7878,2015-12,Surrey Police,Northumbria Police,-1.551162,54.892527,On or near Glenburn Close,E01008870,Sunderland 020D,Other theft,Investigation complete; no suspect identified,
c9974cb6d22ce1da8d9ee7bc070cedb3ff6b799b0ff3f759fa0f92d18d2d1a0f,2015-12,Surrey Police,Northumbria Police,-1.534357,54.889624,On or near Mendip Drive,E01008871,Sunderland 020E,Other theft,Awaiting court outcome,
f75fae654ecdf5c90ae2e7e12e4f3cdae0de1842b1e540572997ce9289bc2945,2015-12,Surrey Police,Northumbria Police,-1.534611,54.890623,On or near Caplestone Close,E01008871,Sunderland 020E,Violence and sexual offences,Investigation complete; no suspect identified,
,2015-12,Surrey Police,Northumbria Police,-1.550379,54.891446,On or near Glenholme Close,E01008872,Sunderland 020F,Anti-social behaviour,,
75ec9229e3c8810b30ad31c882d19dfb1ac18d3d2555b644fb1f4d23a2cdc2b2,2015-12,Surrey Police,Northumbria Police,-1.552920,54.887178,On or near Crake Way,E01008872,Sunderland 020F,Burglary,Investigation complete; no suspect identified,
ba3729c69ef777bbac9c7a52e03de11eee5a9e388319006ef6155c91a840984e,2015-12,Surrey Police,Northumbria Police,-1.552920,54.887178,On or near Crake Way,E01008872,Sunderland 020F,Burglary,Investigation complete; no suspect identified,
7e02bcd48f4cf9a067859c2c73ec6eaa20301332fa311d0fdb5f2fbd45f21dce,2015-12,Surrey Police,Northumbria Police,-1.554580,54.885117,On or near Western Highway,E01008872,Sunderland 020F,Violence and sexual offences,Under investigation,
a2bcc3f74193bb1677229b4e74421c53f42b8075ec6f051a6abd5e4d8cef5d6c,2015-12,Surrey Police,Northumbria Police,-1.552920,54.887178,On or near Crake Way,E01008872,Sunderland 020F,Violence and sexual offences,Under investigation,
fcb3ae5236c8148da2c74c4a86443eeadf7c4860ae9eaaa5f0ffbcd50f4213cb,2015-12,Surrey Police,Northumbria Police,-1.554580,54.885117,On or near Western Highway,E01008872,Sunderland 020F,Violence and sexual offences,Investigation complete; no suspect identified,
,2015-12,Surrey Police,Northumbria Police,-1.445077,54.889492,On or near Gatwick Road,E01008729,Sunderland 021A,Anti-social behaviour,,
,2015-12,Surrey Police,Northumbria Police,-1.444522,54.891287,On or near Chester Road,E01008729,Sunderland 021A,Anti-social behaviour,,
1ba5947e0194a54e164b1d2f9b8337a22b2e21db9b2e7359d1a4d0848650dce3,2015-12,Surrey Police,Northumbria Police,-1.448799,54.889743,On or near Gourock Square,E01008729,Sunderland 021A,Criminal damage and arson,Under investigation,
ecc862fafc36f6a96f24650d4d9c8c57834ba2b485fefa6098ae20f8d50625d3,2015-12,Surrey Police,Northumbria Police,-1.450595,54.890695,On or near Pedestrian Subway,E01008729,Sunderland 021A,Criminal damage and arson,Investigation complete; no suspect identified,
bfe61121d5a3bf27cd6ec6a639f4f34f9aaac376e1446cbf32a8ba0879e75dc7,2015-12,Surrey Police,Northumbria Police,-1.447172,54.890203,On or near Glanmore Road,E01008729,Sunderland 021A,Criminal damage and arson,Investigation complete; no suspect identified,
cd254a3e4e26992e886addd953b4ebd3616d0b29002c1d0c9cc3a0bddacf62f6,2015-12,Surrey Police,Northumbria Police,-1.450595,54.890695,On or near Pedestrian Subway,E01008729,Sunderland 021A,Theft from the person,Investigation complete; no suspect identified,
54963e346a491b140bfb000d8132342550a23a356f0dc7fff18c035851989d1d,2015-12,Surrey Police,Northumbria Police,-1.445644,54.890205,On or near Gardiner Square,E01008729,Sunderland 021A,Vehicle crime,Investigation complete; no suspect identified,
72cd914ebd97553b850691cb59318bd017dc9b11a96a8d9e5acfabe39df90735,2015-12,Surrey Police,Northumbria Police,-1.446021,54.891150,On or near Pedestrian Subway,E01008729,Sunderland 021A,Violence and sexual offences,Investigation complete; no suspect identified,
,2015-12,Surrey Police,Northumbria Police,-1.457477,54.890204,On or near A19,E01008730,Sunderland 021B,Anti-social behaviour,,
,2015-12,Surrey Police,Northumbria Police,-1.444211,54.898025,On or near Portsmouth Square,E01008730,Sunderland 021B,Anti-social behaviour,,
,2015-12,Surrey Police,Northumbria Police,-1.450612,54.892896,On or near Prestbury Road,E01008730,Sunderland 021B,Anti-social behaviour,,
,2015-12,Surrey Police,Northumbria Police,-1.448679,54.897453,On or near Pennycross Road,E01008730,Sunderland 021B,Anti-social behaviour,,
,2015-12,Surrey Police,Northumbria Police,-1.447463,54.897420,On or near Hylton Road,E01008730,Sunderland 021B,Anti-social behaviour,,
,2015-12,Surrey Police,Northumbria Police,-1.444211,54.898025,On or near Portsmouth Square,E01008730,Sunderland 021B,Anti-social behaviour,,
66e90da1ac3ee31cb660d673bd94f755a6798c9ccdd520e425ad9d05591f1c23,2015-12,Surrey Police,Northumbria Police,-1.450211,54.897118,On or near Pennymore Square,E01008730,Sunderland 021B,Criminal damage and arson,Investigation complete; no suspect identified,
6a0f6542229c5ab95137e2468f7a121a8835ecf7de08813612148d7fe83697a1,2015-12,Surrey Police,Northumbria Police,-1.450612,54.892896,On or near Prestbury Road,E01008730,Sunderland 021B,Criminal damage and arson,Investigation complete; no suspect identified,
0821e5ea2ac9adb03dc78b460a05066b18db34d5963fa4dfd78fb862daed1bdb,2015-12,Surrey Police,Northumbria Police,-1.451929,54.895787,On or near Penistone Road,E01008730,Sunderland 021B,Public order,Under investigation,
5016b2ea6ee790ff1b384308f0956ff2449a2660b6f09e127eb66a927ddd5ea6,2015-12,Surrey Police,Northumbria Police,-1.449551,54.897519,On or near Pennygreen Square,E01008730,Sunderland 021B,Public order,Under investigation,
51573aa90f451f3610a581c3cf707df9d2fd19a0b1dfa2f3ba5df6848672130b,2015-12,Surrey Police,Northumbria Police,-1.444708,54.900472,On or near South View Road,E01008730,Sunderland 021B,Robbery,Under investigation,
e3ce18fea423307efabda83188dc5ce7f25f51b14ae17c8b9e606c122ac75a5d,2015-12,Surrey Police,Northumbria Police,-1.444905,54.899709,On or near Rowan Close,E01008730,Sunderland 021B,Violence and sexual offences,Offender given a caution,
c468ce921d323b5c2296018d7ce609e5e3d4be132c267710730a40cb1eafe01e,2015-12,Surrey Police,Northumbria Police,-1.449551,54.897519,On or near Pennygreen Square,E01008730,Sunderland 021B,Violence and sexual offences,Under investigation,
6512345c4d1e2268c6548a259851651f7dfc2d731777f9d9ab19945d6fff3a64,2015-12,Surrey Police,Northumbria Police,-1.451929,54.895787,On or near Penistone Road,E01008730,Sunderland 021B,Violence and sexual offences,Under investigation,
edded849bf52155bfdf78160183a9efaf5241931cd4bda8cc36d1d3f3752091a,2015-12,Surrey Police,Northumbria Police,-1.450211,54.897118,On or near Pennymore Square,E01008730,Sunderland 021B,Violence and sexual offences,Under investigation,
0269c49155d999c15ddb8d5c9428749e7a79a6e39067661ba4dbe485acb53f84,2015-12,Surrey Police,Northumbria Police,-1.450612,54.892896,On or near Prestbury Road,E01008730,Sunderland 021B,Violence and sexual offences,Awaiting court outcome,
2b8c5ef1ad79641989ce9d947a2516527a7863fe8c3ae9e8705f2ef663e9f2ba,2015-12,Surrey Police,Northumbria Police,-1.451929,54.895787,On or near Penistone Road,E01008730,Sunderland 021B,Violence and sexual offences,Investigation complete; no suspect identified,
243beff40d48f3b0eeec538f1f640ffd79e4ee66451a3f6f0ec0f5cae4c29587,2015-12,Surrey Police,Northumbria Police,-1.444708,54.900472,On or near South View Road,E01008730,Sunderland 021B,Violence and sexual offences,Investigation complete; no suspect identified,
,2015-12,Surrey Police,Northumbria Police,-1.443245,54.895684,On or near Petersfield Road,E01008731,Sunderland 021C,Anti-social behaviour,,
b225c5e710280b1173577b7d58201e59807ed6c9e64311de0efd8373e7e74971,2015-12,Surrey Police,Northumbria Police,-1.439752,54.893521,On or near Partick Square,E01008731,Sunderland 021C,Other theft,Investigation complete; no suspect identified,
6659d4a83c969149c2fd3ae6257caac5c68b5d02166bb541cf734e4a73624273,2015-12,Surrey Police,Northumbria Police,-1.447526,54.896243,On or near Waterford Green,E01008731,Sunderland 021C,Public order,Under investigation,
cf189d928f9183a1d021f17d22c13f0fcf07daa245ec2d85b0ca42e054ecb461,2015-12,Surrey Police,Northumbria Police,-1.437502,54.892728,On or near Petrol Station,E01008731,Sunderland 021C,Shoplifting,Under investigation,
,2015-12,Surrey Police,Northumbria Police,-1.441205,54.890993,On or near Geddes Road,E01008732,Sunderland 021D,Anti-social behaviour,,
,2015-12,Surrey Police,Northumbria Police,-1.436688,54.890721,On or near Galashiels Square,E01008732,Sunderland 021D,Anti-social behaviour,,
cf2942c9990539557ba94e786d86225555b55de770b2c80514c190f42a216444,2015-12,Surrey Police,Northumbria Police,-1.436688,54.890721,On or near Galashiels Square,E01008732,Sunderland 021D,Burglary,Investigation complete; no suspect identified,
8637ce42f8e06ede094eaabdc4b3ee2d8fa44befc3b6fb5454e7f9009bfd0622,2015-12,Surrey Police,Northumbria Police,-1.437649,54.888919,On or near Gairloch Road,E01008732,Sunderland 021D,Criminal damage and arson,Investigation complete; no suspect identified,
62c157bc3800ac347aadb1950fea0c879bfeed9d61a7ef5cd8b9cf97de99850f,2015-12,Surrey Police,Northumbria Police,-1.441205,54.890993,On or near Geddes Road,E01008732,Sunderland 021D,Drugs,Offender given conditional discharge,
6058164219a11fae474fb5f416b88a4533abf3a0871ac34d3acf00bde1d00bb1,2015-12,Surrey Police,Northumbria Police,-1.436121,54.891114,On or near Greenlea Close,E01008732,Sunderland 021D,Other theft,Investigation complete; no suspect identified,
4db867f368523d9e2f24782719f7ff32b900db40493d5bf9e887366a9f0b0469,2015-12,Surrey Police,Northumbria Police,-1.441205,54.890993,On or near Geddes Road,E01008732,Sunderland 021D,Robbery,Investigation complete; no suspect identified,
2c4ef4903f56bbac4f21540bcaa54519c7a0aa5c178dd0972c1375b5dca0637c,2015-12,Surrey Police,Northumbria Police,-1.434798,54.889885,On or near Goole Road,E01008732,Sunderland 021D,Violence and sexual offences,Under investigation,
f00ae6abc4fee10f64d821a9822035cd414f7976b9f2d3035f39700f2fa2f3e7,2015-12,Surrey Police,Northumbria Police,-1.439729,54.890636,On or near Galashiels Road,E01008732,Sunderland 021D,Violence and sexual offences,Awaiting court outcome,
fc3ae672bb61458e853ea05050c7aaa49db8e81769b9fc8014f462a46702ba92,2015-12,Surrey Police,Northumbria Police,-1.439650,54.889629,On or near Gillingham Road,E01008732,Sunderland 021D,Violence and sexual offences,Offender given community sentence,
86b106c6c0cd46af68a18eb1c5e6dd3ade33b6a02b528c5f640431b8a05c4896,2015-12,Surrey Police,Northumbria Police,-1.439650,54.889629,On or near Gillingham Road,E01008732,Sunderland 021D,Violence and sexual offences,Investigation complete; no suspect identified,
2afeed136968d0dbbec6c1356fc22ba1936732b485c1c479f868daf8c2f8ccf8,2015-12,Surrey Police,Northumbria Police,-1.439729,54.890636,On or near Galashiels Road,E01008732,Sunderland 021D,Violence and sexual offences,Awaiting court outcome,
,2015-12,Surrey Police,Northumbria Police,-1.450440,54.889436,On or near Goodwood Square,E01008733,Sunderland 021E,Anti-social behaviour,,
8b767372343c933e09c35ab0ffe5262b8a0fa0ba7f94746ed3d0a15b8642747a,2015-12,Surrey Police,Northumbria Police,-1.444483,54.886165,On or near Greenshields Square,E01008733,Sunderland 021E,Criminal damage and arson,Investigation complete; no suspect identified,
f95d6c5c2847c7ab25e9c13d2fd81a29b70d852d559186bea3d7c2dbdf0a361c,2015-12,Surrey Police,Northumbria Police,-1.442722,54.888394,On or near Gilbert Square,E01008733,Sunderland 021E,Criminal damage and arson,Investigation complete; no suspect identified,
bfd3b9d01015c627f4638021e25d11ed97dc1e3a422da9e585d894abbbfde92f,2015-12,Surrey Police,Northumbria Police,-1.442722,54.888394,On or near Gilbert Square,E01008733,Sunderland 021E,Criminal damage and arson,Investigation complete; no suspect identified,
e82285e7be8675b6f7fb25d343b663b27bec4be4cc9a1e3f9502b01f48167276,2015-12,Surrey Police,Northumbria Police,-1.443116,54.888144,On or near Gilbert Road,E01008733,Sunderland 021E,Criminal damage and arson,Investigation complete; no suspect identified,
62920419282d14f8a5bd6ae2cc26429ff1940ce49b3145a351b4685651c5198e,2015-12,Surrey Police,Northumbria Police,-1.444303,54.886829,On or near Gambia Road,E01008733,Sunderland 021E,Criminal damage and arson,Investigation complete; no suspect identified,
41def00f051239539eea039dfdbfeb95b155b479e91a35e1aa639720545beb49,2015-12,Surrey Police,Northumbria Police,-1.444303,54.886829,On or near Gambia Road,E01008733,Sunderland 021E,Public order,Under investigation,
a7370b8bb6874681156fba46968b4048b8f8845e8b4a9ab69a78b9a628b19f41,2015-12,Surrey Police,Northumbria Police,-1.443116,54.888144,On or near Gilbert Road,E01008733,Sunderland 021E,Vehicle crime,Investigation complete; no suspect identified,
,2015-12,Surrey Police,Northumbria Police,-1.452186,54.888311,On or near Kirkwood Avenue,E01008734,Sunderland 021F,Anti-social behaviour,,
1ea35d1c58a5e5f258d1342b2332ae7939c281201f114a701a8061317a441325,2015-12,Surrey Police,Northumbria Police,-1.444504,54.884682,On or near Northfield Drive,E01008734,Sunderland 021F,Other theft,Investigation complete; no suspect identified,
,2015-12,Surrey Police,Northumbria Police,-1.375945,54.887962,On or near Wynyard Square,E01008740,Sunderland 022A,Anti-social behaviour,,
,2015-12,Surrey Police,Northumbria Police,-1.376765,54.891390,On or near Belford Terrace,E01008740,Sunderland 022A,Anti-social behaviour,,
0f8b4c7c17433be8a64f26fe9903f9660794aef65b89b4e7f4f2d4b434e61073,2015-12,Surrey Police,Northumbria Police,-1.373775,54.892147,On or near Matanzas Street,E01008740,Sunderland 022A,Burglary,Investigation complete; no suspect identified,
2e7d3ce5cfdb547325dd714de81561535bb0a617d05901ce259ec9aee9d43411,2015-12,Surrey Police,Northumbria Police,-1.387554,54.892406,On or near Willow Bank Road,E01008740,Sunderland 022A,Burglary,Investigation complete; no suspect identified,
6943fcc3ea0ff493742f0da9294d61598a2c2d45cc841b990a13c0e6c0172f5a,2015-12,Surrey Police,Northumbria Police,-1.379052,54.892714,On or near The Cedars,E01008740,Sunderland 022A,Robbery,Investigation complete; no suspect identified,
ff5e52001ba76f828f420651e07ca6fa70a3bd2d1ab25d34149e26c8bd388eb3,2015-12,Surrey Police,Northumbria Police,-1.376526,54.892746,On or near Petrol Station,E01008740,Sunderland 022A,Shoplifting,Investigation complete; no suspect identified,
61bd7a9e17981b786eeb04397647e62c9cb8a29c4271a4a773c1206add8a66e9,2015-12,Surrey Police,Northumbria Police,-1.383091,54.891593,On or near The Glen,E01008740,Sunderland 022A,Vehicle crime,Under investigation,
59058a3d217a33c6d195dc9a40e647d2775da1b24c374bdabcc4c07658efcd84,2015-12,Surrey Police,Northumbria Police,-1.383537,54.895100,On or near Corby Gate,E01008740,Sunderland 022A,Violence and sexual offences,Under investigation,
12f79720768e9364260f8ae9fea6d279ac6d1f6b3a8f61874c466323b829d9a9,2015-12,Surrey Police,Northumbria Police,-1.379052,54.892714,On or near The Cedars,E01008740,Sunderland 022A,Violence and sexual offences,Investigation complete; no suspect identified,
c86ab01961fc8e7f57e73180b3486939d8d728497b668063ab0a6fc5aef27845,2015-12,Surrey Police,Northumbria Police,-1.376526,54.892746,On or near Petrol Station,E01008740,Sunderland 022A,Violence and sexual offences,Under investigation,
7664bffd6b5a029fb03a8476a026dc0e0f07be69bbd4298ffb32a29125bd21f4,2015-12,Surrey Police,Northumbria Police,-1.381714,54.889941,On or near Nilverton Avenue,E01008740,Sunderland 022A,Violence and sexual offences,Under investigation,
343502176c4d26ceb81308b55257f52749cad436bd96c523d241e2d7daf61678,2015-12,Surrey Police,Northumbria Police,-1.375945,54.887962,On or near Wynyard Square,E01008740,Sunderland 022A,Violence and sexual offences,Under investigation,
0da8b0c2036f5c0b2f5414615ae25f79e2089cc78789e30bca1130782db7f335,2015-12,Surrey Police,Northumbria Police,-1.383537,54.895100,On or near Corby Gate,E01008740,Sunderland 022A,Violence and sexual offences,Offender given a caution,
,2015-12,Surrey Police,Northumbria Police,-1.400107,54.893242,On or near Silksworth Lane,E01008781,Sunderland 022B,Anti-social behaviour,,
7deba4fae334e28d921402a5e153988192bbed26324495cf7c21009832071a55,2015-12,Surrey Police,Northumbria Police,-1.390140,54.894603,On or near Holmlands Park South,E01008781,Sunderland 022B,Criminal damage and arson,Investigation complete; no suspect identified,
3d64351c6727edf496c1d3a6349963c23de680b26bbb0f6a94390e65f39bbafe,2015-12,Surrey Police,Northumbria Police,-1.397767,54.894389,On or near Wenham Square,E01008781,Sunderland 022B,Criminal damage and arson,Under investigation,
8827ad9ae1acb3be11351507b694c8374e346f7ceccd52cf1be4fee344d5eb4b,2015-12,Surrey Police,Northumbria Police,-1.397975,54.895118,On or near Petrol Station,E01008781,Sunderland 022B,Other theft,Investigation complete; no suspect identified,
33e1c85d55dffa59a44f0a48bda8e3313629815b2458c486fb9142a88fa6145e,2015-12,Surrey Police,Northumbria Police,-1.390140,54.894603,On or near Holmlands Park South,E01008781,Sunderland 022B,Public order,Offender given conditional discharge,
82c8fe48d6b52b9d2d16e295d9e2f3787bd86cdb1b7e16782bf288a26bc5c382,2015-12,Surrey Police,Northumbria Police,-1.401479,54.893284,On or near Petrol Station,E01008781,Sunderland 022B,Shoplifting,Investigation complete; no suspect identified,
6069205a5f8a42e6785968dbfa1469dc38d9a88fb928b806fb27afc07a485d90,2015-12,Surrey Police,Northumbria Police,-1.391733,54.895411,On or near Belle Vue Park West,E01008781,Sunderland 022B,Violence and sexual offences,Awaiting court outcome,
f82fd6d12f7e7dd6e5bff59127744b95952b345b7f33dba5758fb451a5512717,2015-12,Surrey Police,Northumbria Police,-1.392891,54.895174,On or near Sports/Recreation Area,E01008781,Sunderland 022B,Violence and sexual offences,Under investigation,
6bb23a6539831c89fbf38656a235706dcefb678a7abaee9209d108e0c4d49249,2015-12,Surrey Police,Northumbria Police,-1.398640,54.890224,On or near Veryan Gardens,E01008781,Sunderland 022B,Violence and sexual offences,Offender given a caution,
b42a1ebf6c95ee83d373ace11f4c9abd75b1ea58263d33311997603e8ed76405,2015-12,Surrey Police,Northumbria Police,-1.401479,54.893284,On or near Petrol Station,E01008781,Sunderland 022B,Violence and sexual offences,Investigation complete; no suspect identified,
682a673a403ee070de9d8fbd1d762b4fb5780b6a6ac891029571ad672c3e668c,2015-12,Surrey Police,Northumbria Police,-1.392891,54.895174,On or near Sports/Recreation Area,E01008781,Sunderland 022B,Violence and sexual offences,Under investigation,
d7af57b0b48e7222900dc098af95c162019ffb3222defb883771580755bb752e,2015-12,Surrey Police,Northumbria Police,-1.397744,54.890732,On or near Shirley Gardens,E01008781,Sunderland 022B,Violence and sexual offences,Offender given a caution,
44f39c219cca3b07e91b1272250b29a43128ae4b981827111881e0997075463d,2015-12,Surrey Police,Northumbria Police,-1.406310,54.890244,On or near Thomas Hawksley Park,E01008782,Sunderland 022C,Criminal damage and arson,Investigation complete; no suspect identified,
33265e78b588de97b58dc25b23e4519e5b8cdfb5134d9651276d1b6be106aad8,2015-12,Surrey Police,Northumbria Police,-1.407110,54.888846,On or near Horsley Grove,E01008782,Sunderland 022C,Other theft,Investigation complete; no suspect identified,
68ca73d1469d68c1e2cfe768903d95ee45cacaeef6cc5435b3014fad16bba915,2015-12,Surrey Police,Northumbria Police,-1.403639,54.885324,On or near Nursery Close,E01008782,Sunderland 022C,Other theft,Investigation complete; no suspect identified,
8fad6ee73fd8e44b265083a20a7a55141e24f587e1ab3e8db36fa97153a823dd,2015-12,Surrey Police,Northumbria Police,-1.403639,54.885324,On or near Nursery Close,E01008782,Sunderland 022C,Other theft,Investigation complete; no suspect identified,
85b025d363c5d3d6877ee29fe9ce66694dd3ff1c189e91692af081e0a7089c32,2015-12,Surrey Police,Northumbria Police,-1.403639,54.885324,On or near Nursery Close,E01008782,Sunderland 022C,Other theft,Investigation complete; no suspect identified,
9dba81c0886ddb8e617ac17fa70f5bfdb808bd4b2406f2e8f0891f9a930b57de,2015-12,Surrey Police,Northumbria Police,-1.403015,54.886381,On or near Elstob Place,E01008782,Sunderland 022C,Public order,Under investigation,
4eca17472e8a8943545192479a0561ff9bd3fc0da71999cc2a3c315d48800337,2015-12,Surrey Police,Northumbria Police,-1.403015,54.886381,On or near Elstob Place,E01008782,Sunderland 022C,Shoplifting,Under investigation,
,2015-12,Surrey Police,Northumbria Police,-1.390819,54.892989,On or near Tunstall Park,E01008783,Sunderland 022D,Anti-social behaviour,,
,2015-12,Surrey Police,Northumbria Police,-1.390211,54.894001,On or near Belle Vue Road,E01008783,Sunderland 022D,Anti-social behaviour,,
,2015-12,Surrey Police,Northumbria Police,-1.390211,54.894001,On or near Belle Vue Road,E01008783,Sunderland 022D,Anti-social behaviour,,
,2015-12,Surrey Police,Northumbria Police,-1.390211,54.894001,On or near Belle Vue Road,E01008783,Sunderland 022D,Anti-social behaviour,,
,2015-12,Surrey Police,Northumbria Police,-1.390211,54.894001,On or near Belle Vue Road,E01008783,Sunderland 022D,Anti-social behaviour,,
,2015-12,Surrey Police,Northumbria Police,-1.390211,54.894001,On or near Belle Vue Road,E01008783,Sunderland 022D,Anti-social behaviour,,
,2015-12,Surrey Police,Northumbria Police,-1.390211,54.894001,On or near Belle Vue Road,E01008783,Sunderland 022D,Anti-social behaviour,,
4f695485ceb98cfdc8c729f8cd62b66675f2316fc6a3701d1f40409090073ad8,2015-12,Surrey Police,Northumbria Police,-1.390819,54.892989,On or near Tunstall Park,E01008783,Sunderland 022D,Burglary,Investigation complete; no suspect identified,
1316e07eff2c9c3d3d3295972d6c5224ddbc27defafdd0634b3aab6099f317f5,2015-12,Surrey Police,Northumbria Police,-1.390819,54.892989,On or near Tunstall Park,E01008783,Sunderland 022D,Burglary,Investigation complete; no suspect identified,
fc4b2820162d69f069ac7e7bec0affa10108eabd07d196ab89f40a5c38a44fb1,2015-12,Surrey Police,Northumbria Police,-1.390819,54.892989,On or near Tunstall Park,E01008783,Sunderland 022D,Burglary,Investigation complete; no suspect identified,
522a728487a304c2b6fbd06e28a15955d1f9e6075a53bf170cdbea02e0920c80,2015-12,Surrey Police,Northumbria Police,-1.390211,54.894001,On or near Belle Vue Road,E01008783,Sunderland 022D,Criminal damage and arson,Awaiting court outcome,
c0f537f8da483812ae5cdfdab6139a98878272b639ae64e2d69a30b7432aa5c8,2015-12,Surrey Police,Northumbria Police,-1.389237,54.891408,On or near Lambourne Road,E01008783,Sunderland 022D,Other theft,Investigation complete; no suspect identified,
3cb285c55421d109784849d77055c1ae3d346434b8f928720c0d93021e4bf537,2015-12,Surrey Police,Northumbria Police,-1.389237,54.891408,On or near Lambourne Road,E01008783,Sunderland 022D,Vehicle crime,Investigation complete; no suspect identified,
d1df08d5a904103ec952556bfd478dffa5d75dd670e14a8a6506a73e7d8f5a4a,2015-12,Surrey Police,Northumbria Police,-1.389269,54.894437,On or near Tunstall Road,E01008783,Sunderland 022D,Violence and sexual offences,Under investigation,
83fbe3785eff75517e51521502dba5865a97403ca4fceac78a80cc13dbcba059,2015-12,Surrey Police,Northumbria Police,-1.393801,54.891692,On or near Bainbridge Holme Close,E01008783,Sunderland 022D,Violence and sexual offences,Under investigation,
cd038903881179edd86958e80eb9ca38f8651337224f66e1c53138b664d4db8b,2015-12,Surrey Police,Northumbria Police,-1.390211,54.894001,On or near Belle Vue Road,E01008783,Sunderland 022D,Violence and sexual offences,Under investigation,
f4445e442510736c216e2838261002028c044e77a5f6dd76d910d3ff8df71b75,2015-12,Surrey Police,Northumbria Police,-1.390211,54.894001,On or near Belle Vue Road,E01008783,Sunderland 022D,Violence and sexual offences,Investigation complete; no suspect identified,
3bc3534b5c29d35f3bd47e24e413b31ef87e3a5f4de4a2cd3f4e1a475ab6541b,2015-12,Surrey Police,Northumbria Police,-1.386652,54.888106,On or near Stannington Gardens,E01008784,Sunderland 022E,Vehicle crime,Investigation complete; no suspect identified,
776998704a69da601e5ec699ea5673a17cd80e9007a087ee491dac0774afbfb9,2015-12,Surrey Police,Northumbria Police,-1.394270,54.886392,On or near Dipton Gardens,E01008785,Sunderland 022F,Burglary,Investigation complete; no suspect identified,
95f4929f744ab560b7e2cdc160bb808ce6613090a717354d30c7d676c008723a,2015-12,Surrey Police,Northumbria Police,-1.398809,54.886226,On or near Copley Drive,E01008785,Sunderland 022F,Burglary,Investigation complete; no suspect identified,
6b0ea4a79632b1c514b46b71f5bcecc01c0d21cea9db24d9ef4c7e5707e3d875,2015-12,Surrey Police,Northumbria Police,-1.393558,54.887080,On or near Tunstall Road,E01008785,Sunderland 022F,Burglary,Investigation complete; no suspect identified,
,2015-12,Surrey Police,Northumbria Police,-1.389881,54.897298,On or near Thornhill Gardens,E01008835,Sunderland 022G,Anti-social behaviour,,
,2015-12,Surrey Police,Northumbria Police,-1.395541,54.900408,On or near Beechwood Street,E01008835,Sunderland 022G,Anti-social behaviour,,
,2015-12,Surrey Police,Northumbria Police,-1.395541,54.900408,On or near Beechwood Street,E01008835,Sunderland 022G,Anti-social behaviour,,
aaaa4a528a62a73cd953f1e9f1aed98ded5834f86dbc74e82ff3830d5fff7e4e,2015-12,Surrey Police,Northumbria Police,-1.389881,54.897298,On or near Thornhill Gardens,E01008835,Sunderland 022G,Criminal damage and arson,Investigation complete; no suspect identified,
c42772eb90d353d4a48e2d642b6aed88646d27cdeb13818f16c1921be1b8e450,2015-12,Surrey Police,Northumbria Police,-1.395541,54.900408,On or near Beechwood Street,E01008835,Sunderland 022G,Criminal damage and arson,Investigation complete; no suspect identified,
cbc95bb3fee155a86163813a0e56ab4e7ea51a091ee25af76c390f2f2df8072d,2015-12,Surrey Police,Northumbria Police,-1.395541,54.900408,On or near Beechwood Street,E01008835,Sunderland 022G,Criminal damage and arson,Investigation complete; no suspect identified,
6bd0f68eb634ff7d437353f45db67c2a1688acb7827e87e1ed377e58687e9cb3,2015-12,Surrey Police,Northumbria Police,-1.397164,54.898260,On or near Fox Street,E01008835,Sunderland 022G,Other theft,Investigation complete; no suspect identified,
eb40fe6596a23623e65cc11f14f500b2fe5bbb03520c9d0411853524f8184e7c,2015-12,Surrey Police,Northumbria Police,-1.390204,54.896553,On or near Brookside Gardens,E01008835,Sunderland 022G,Other theft,Investigation complete; no suspect identified,
b2251f76a3a3f3689e605608c69e5e065664893f52abbeeb33fcd4c51ce84ad5,2015-12,Surrey Police,Northumbria Police,-1.397034,54.897549,On or near Broad Meadows,E01008835,Sunderland 022G,Vehicle crime,Investigation complete; no suspect identified,
3915faa6686a19f512519c3b2b5a1428651de9b2c3ae695ca295210c25638bf9,2015-12,Surrey Police,Northumbria Police,-1.395541,54.900408,On or near Beechwood Street,E01008835,Sunderland 022G,Violence and sexual offences,Offender given a caution,
31a9a4a1fdb5a0c5319fd22de3b0fd60a631cfc0098e4c5b3fba5691eded0d8c,2015-12,Surrey Police,Northumbria Police,-1.393240,54.897890,On or near Thornholme Road,E01008835,Sunderland 022G,Violence and sexual offences,Under investigation,
78bc363275e1e2e6decac383f9daec906189b3206371cda3535181ff493618e0,2015-12,Surrey Police,Northumbria Police,-1.393240,54.897890,On or near Thornholme Road,E01008835,Sunderland 022G,Violence and sexual offences,Under investigation,
9d085875bbd21ade3231ee5ed7f6cc2d694ad4b329f5d67d5f509f719820d135,2015-12,Surrey Police,Northumbria Police,-1.389881,54.897298,On or near Thornhill Gardens,E01008835,Sunderland 022G,Violence and sexual offences,Under investigation,
c0b5e8f2bd7f22ccd0957ac4fe4685f068b25ece60527a1a1a9d43e42cd61d85,2015-12,Surrey Police,Northumbria Police,-1.393240,54.897890,On or near Thornholme Road,E01008835,Sunderland 022G,Other crime,Under investigation,
,2015-12,Surrey Police,Northumbria Police,-1.438313,54.877042,On or near Tilbury Gardens,E01008823,Sunderland 023A,Anti-social behaviour,,
a1f2d2cea42975f2f5038a6bbeda42eacec9a9f0fe60840019fc97f7ebd77ffc,2015-12,Surrey Police,Northumbria Police,-1.435921,54.883124,On or near Thorpeness Road,E01008823,Sunderland 023A,Criminal damage and arson,Investigation complete; no suspect identified,
27f0411b868973708f5454a69c7e096d0017d092f35b73b7168cf982872c1c92,2015-12,Surrey Police,Northumbria Police,-1.435921,54.883124,On or near Thorpeness Road,E01008823,Sunderland 023A,Vehicle crime,Investigation complete; no suspect identified,
cdeb65add07b7488a848ebc5d1bb8766c7b49250082ff779c0d69b6b1ad3b5e6,2015-12,Surrey Police,Northumbria Police,-1.441301,54.880677,On or near Thurso Close,E01008823,Sunderland 023A,Vehicle crime,Investigation complete; no suspect identified,
07cd4ca4227dc91bb8626d15984fb39679d434089e41c503f8a4c9a3efb85b5c,2015-12,Surrey Police,Northumbria Police,-1.439642,54.880094,On or near Tadcaster Road,E01008823,Sunderland 023A,Vehicle crime,Investigation complete; no suspect identified,
09e2c106e7443f78f5bdb135b2b6c2535cf3a6cd363cce7aefbfd85b0970d37f,2015-12,Surrey Police,Northumbria Police,-1.438027,54.878550,On or near Tenby Road,E01008823,Sunderland 023A,Violence and sexual offences,Under investigation,
7043525fa0108050375b54ab4cc722972b4bb28c9205d1813dec3f2fccd029d4,2015-12,Surrey Police,Northumbria Police,-1.439642,54.880094,On or near Tadcaster Road,E01008823,Sunderland 023A,Violence and sexual offences,Investigation complete; no suspect identified,
f4dcb06123c81edc233bd68694b6c9bc4a99f696f870de06679ab75bbba2e913,2015-12,Surrey Police,Northumbria Police,-1.441684,54.881218,On or near Trevelyan Close,E01008823,Sunderland 023A,Violence and sexual offences,Investigation complete; no suspect identified,
,2015-12,Surrey Police,Northumbria Police,-1.429394,54.881727,On or near Tynemouth Square,E01008824,Sunderland 023B,Anti-social behaviour,,
,2015-12,Surrey Police,Northumbria Police,-1.432787,54.879892,On or near Turnham Road,E01008824,Sunderland 023B,Anti-social behaviour,,
,2015-12,Surrey Police,Northumbria Police,-1.429394,54.881727,On or near Tynemouth Square,E01008824,Sunderland 023B,Anti-social behaviour,,
,2015-12,Surrey Police,Northumbria Police,-1.437195,54.878987,On or near Thames Road,E01008824,Sunderland 023B,Anti-social behaviour,,
,2015-12,Surrey Police,Northumbria Police,-1.432787,54.879892,On or near Turnham Road,E01008824,Sunderland 023B,Anti-social behaviour,,
08809902d8d50faa6388f8b4977fe4eac9f275dadfb89318bab61f20776e379a,2015-12,Surrey Police,Northumbria Police,-1.429394,54.881727,On or near Tynemouth Square,E01008824,Sunderland 023B,Criminal damage and arson,Investigation complete; no suspect identified,
4d9ca51e9373e7b233296fb4cc4779ab1e793e81a653e63a3bed6c8e0fad8c48,2015-12,Surrey Police,Northumbria Police,-1.429839,54.881145,On or near Thorney Close Road,E01008824,Sunderland 023B,Other theft,Investigation complete; no suspect identified,
a4dd1bfc32fc4783a2555727ff8d5e52367900dbb4d22af70deb9a43ac65f7c6,2015-12,Surrey Police,Northumbria Police,-1.429394,54.881727,On or near Tynemouth Square,E01008824,Sunderland 023B,Shoplifting,Under investigation,
fac7b65ecd46c7c481c86854ab3aea4b17629e296fa502836a68787e859c6c0f,2015-12,Surrey Police,Northumbria Police,-1.432538,54.878740,On or near Townsend Road,E01008824,Sunderland 023B,Vehicle crime,Investigation complete; no suspect identified,
,2015-12,Surrey Police,Northumbria Police,-1.427528,54.889168,On or near Simonside Road,E01008825,Sunderland 023C,Anti-social behaviour,,
,2015-12,Surrey Police,Northumbria Police,-1.421602,54.888206,On or near Strathmore Square,E01008825,Sunderland 023C,Anti-social behaviour,,
,2015-12,Surrey Police,Northumbria Police,-1.420180,54.890607,On or near Sefton Square,E01008825,Sunderland 023C,Anti-social behaviour,,
,2015-12,Surrey Police,Northumbria Police,-1.424511,54.888651,On or near Sunningdale Road,E01008825,Sunderland 023C,Anti-social behaviour,,
,2015-12,Surrey Police,Northumbria Police,-1.421866,54.890400,On or near Sackville Road,E01008825,Sunderland 023C,Anti-social behaviour,,
333f57a2eddf4e916712998a1c162669fb98fca5c83d41e1e9da306d2f1085e2,2015-12,Surrey Police,Northumbria Police,-1.424300,54.889225,On or near Swindon Square,E01008825,Sunderland 023C,Burglary,Investigation complete; no suspect identified,
567aa85bb8b829d3da069a936b30d8aa878067b04c87e011192649fb98bd809d,2015-12,Surrey Police,Northumbria Police,-1.421866,54.890400,On or near Sackville Road,E01008825,Sunderland 023C,Criminal damage and arson,Investigation complete; no suspect identified,
72b02f2db6fc7e475031b5fa4e551c1ef3a5386455796bc0460af6065344f116,2015-12,Surrey Police,Northumbria Police,-1.420180,54.890607,On or near Sefton Square,E01008825,Sunderland 023C,Criminal damage and arson,Investigation complete; no suspect identified,
ad4d18d9c5b2258bf3f8008716de35917a927882ec811df284ddc9ea246542c0,2015-12,Surrey Police,Northumbria Police,-1.424300,54.889225,On or near Swindon Square,E01008825,Sunderland 023C,Criminal damage and arson,Under investigation,
98d37490a030d68e2f362e3a5d0aa74d68926eaa8a25e4155db1acca52236c75,2015-12,Surrey Police,Northumbria Police,-1.427528,54.889168,On or near Simonside Road,E01008825,Sunderland 023C,Criminal damage and arson,Under investigation,
edf7c9aff243a6f56c3e361ae9f8f60f9b817e2e5c8713c9de222825a94077db,2015-12,Surrey Police,Northumbria Police,-1.427488,54.890839,On or near Selkirk Square,E01008825,Sunderland 023C,Criminal damage and arson,Investigation complete; no suspect identified,
69b94bead63817fd7ee6e1a1d61d89d3766fbba76a48579706aadb5700513422,2015-12,Surrey Police,Northumbria Police,-1.427488,54.890839,On or near Selkirk Square,E01008825,Sunderland 023C,Criminal damage and arson,Investigation complete; no suspect identified,
357119b4c0c52d95f99da25db206807949dbd538a3b2ce07351253e948ab5f72,2015-12,Surrey Police,Northumbria Police,-1.420180,54.890607,On or near Sefton Square,E01008825,Sunderland 023C,Other theft,Investigation complete; no suspect identified,
42f9a8fa1b4d2cc408e6e625287b61a5ea8379ca6463d56ba5e70ac86dbd62d0,2015-12,Surrey Police,Northumbria Police,-1.420180,54.890607,On or near Sefton Square,E01008825,Sunderland 023C,Vehicle crime,Investigation complete; no suspect identified,
50a296c496dc5b7513f86d86e6118e8855e9a5207341eda2ab7fa1094f55fb8a,2015-12,Surrey Police,Northumbria Police,-1.428600,54.890467,On or near Somerset Road,E01008825,Sunderland 023C,Vehicle crime,Investigation complete; no suspect identified,
6d4d52dd735ecbf350bfd075e4f3f3bf00d76ae8787675cafb2b14d3f0d7913b,2015-12,Surrey Police,Northumbria Police,-1.420180,54.890607,On or near Sefton Square,E01008825,Sunderland 023C,Violence and sexual offences,Under investigation,
8960783e29ed31c67c25a850926ceaa5db8c04929b8e99a331a4a03a397edcf0,2015-12,Surrey Police,Northumbria Police,-1.421602,54.888206,On or near Strathmore Square,E01008825,Sunderland 023C,Violence and sexual offences,Under investigation,
522433d4e57d742129843b7c6e3958743929dc5140450d93e6b7157bc30a5b7a,2015-12,Surrey Police,Northumbria Police,-1.427488,54.890839,On or near Selkirk Square,E01008825,Sunderland 023C,Violence and sexual offences,Under investigation,
,2015-12,Surrey Police,Northumbria Police,-1.414593,54.888864,On or near Scruton Avenue,E01008826,Sunderland 023D,Anti-social behaviour,,
c069519c8b155d30d3afae3a797630103ab14809fd4c18e71dce8001ccd5d480,2015-12,Surrey Police,Northumbria Police,-1.414593,54.888864,On or near Scruton Avenue,E01008826,Sunderland 023D,Bicycle theft,Investigation complete; no suspect identified,
7bf5ad50b3bc74f2d8b6edf6f107dabb7ae3169faf93ed810f074088a2e95b04,2015-12,Surrey Police,Northumbria Police,-1.411461,54.889810,On or near Saxon Crescent,E01008826,Sunderland 023D,Burglary,Investigation complete; no suspect identified,
2e9c970ed77f6f6e46d9a28cbaad09a515a448498fba3f0fd947ddd25af3d858,2015-12,Surrey Police,Northumbria Police,-1.410422,54.888359,On or near Sports/Recreation Area,E01008826,Sunderland 023D,Burglary,Investigation complete; no suspect identified,
7f00a1c73f4a66d569dbcfbfa4de11e3457bf07d2033ba8b64701fba063e8e42,2015-12,Surrey Police,Northumbria Police,-1.413929,54.891647,On or near Ettrick Grove,E01008826,Sunderland 023D,Violence and sexual offences,Investigation complete; no suspect identified,
acd1c552b35cf3e00803e30448cac8a5243a87790743b3b6c6dc75e68f0e12d2,2015-12,Surrey Police,Northumbria Police,-1.415630,54.890433,On or near Shaftesbury Crescent,E01008826,Sunderland 023D,Violence and sexual offences,Awaiting court outcome,
,2015-12,Surrey Police,Northumbria Police,-1.425462,54.884216,On or near Torquay Road,E01008827,Sunderland 023E,Anti-social behaviour,,
,2015-12,Surrey Police,Northumbria Police,-1.425462,54.884216,On or near Torquay Road,E01008827,Sunderland 023E,Anti-social behaviour,,
,2015-12,Surrey Police,Northumbria Police,-1.422222,54.880822,On or near Sports/Recreation Area,E01008827,Sunderland 023E,Anti-social behaviour,,
1d0131b9706882c744a6c259b1ea57052e3be3501c80623ce2900a17a928a64d,2015-12,Surrey Police,Northumbria Police,-1.422800,54.882864,On or near Police Station,E01008827,Sunderland 023E,Criminal damage and arson,Investigation complete; no suspect identified,
92f99521111644572bfab3d19daa5727c201e2712fd1772ccabd7d42426500ad,2015-12,Surrey Police,Northumbria Police,-1.426421,54.884778,On or near Tunbridge Road,E01008827,Sunderland 023E,Criminal damage and arson,Investigation complete; no suspect identified,
bb7ef905c54019c51ba57f1b73d0a3f880d75de958b506dc7dbf8f82d9c037a1,2015-12,Surrey Police,Northumbria Police,-1.418808,54.886278,On or near Philip Square,E01008827,Sunderland 023E,Criminal damage and arson,Investigation complete; no suspect identified,
888be989d1914c9c5f1fc21ea147b569e7403462459130814c5008e288fc6cfd,2015-12,Surrey Police,Northumbria Police,-1.418808,54.886278,On or near Philip Square,E01008827,Sunderland 023E,Criminal damage and arson,Investigation complete; no suspect identified,
c0f5d41b4df2b9afbca241f84d1901c89222d1c97bf789c945ab2b52736fdea2,2015-12,Surrey Police,Northumbria Police,-1.420521,54.884210,On or near Pancras Road,E01008827,Sunderland 023E,Criminal damage and arson,Investigation complete; no suspect identified,
003e94a33454daa4c8803fcbbaa53972ae08623faf70263837969f683d3d68db,2015-12,Surrey Police,Northumbria Police,-1.422800,54.882864,On or near Police Station,E01008827,Sunderland 023E,Other theft,Investigation complete; no suspect identified,
798d550f69b53292e9229a56655069202ee5b080461624b998beada65ab3a4b3,2015-12,Surrey Police,Northumbria Police,-1.421177,54.885229,On or near Primate Road,E01008827,Sunderland 023E,Other theft,Investigation complete; no suspect identified,
f0f6fd09b2c130d4b14dc3e9ad950485498af10a4debaa394a6609e743a303a5,2015-12,Surrey Police,Northumbria Police,-1.419126,54.885794,On or near Plymouth Square,E01008827,Sunderland 023E,Public order,Under investigation,
66d251ca6327bb71828f06486164b574c9df7707d3ffd70c18d9e7deacd0a2d3,2015-12,Surrey Police,Northumbria Police,-1.416483,54.885341,On or near Proctor Square,E01008827,Sunderland 023E,Vehicle crime,Investigation complete; no suspect identified,
ceb32a82bbc802054a442c8a817ca039e7d777eb3a7d9933e50108b7667e805d,2015-12,Surrey Police,Northumbria Police,-1.416483,54.885341,On or near Proctor Square,E01008827,Sunderland 023E,Vehicle crime,Offender otherwise dealt with,
35b5b59869369442d776a5e387e8dff1937ca1cf89f6a222325f3cd4a3400dbe,2015-12,Surrey Police,Northumbria Police,-1.426421,54.884778,On or near Tunbridge Road,E01008827,Sunderland 023E,Vehicle crime,Investigation complete; no suspect identified,
fe3d71536500aa5091e8b1b8be30206f53a95ff9038ba24d510fc4c98e8beac6,2015-12,Surrey Police,Northumbria Police,-1.421177,54.885229,On or near Primate Road,E01008827,Sunderland 023E,Violence and sexual offences,Under investigation,
ad601575da7dfe226b8192be6970069875eb0c9c330ce7675f25bc62760132b9,2015-12,Surrey Police,Northumbria Police,-1.420057,54.885071,On or near Purley Square,E01008827,Sunderland 023E,Violence and sexual offences,Awaiting court outcome,
,2015-12,Surrey Police,Northumbria Police,-1.416226,54.885843,On or near Potter Square,E01008828,Sunderland 023F,Anti-social behaviour,,
,2015-12,Surrey Police,Northumbria Police,-1.417304,54.884653,On or near Paignton Square,E01008828,Sunderland 023F,Anti-social behaviour,,
,2015-12,Surrey Police,Northumbria Police,-1.416716,54.886466,On or near Polmuir Road,E01008828,Sunderland 023F,Anti-social behaviour,,
ebce4456c554495fb0638be00aeba3addcaa2c3783fd87bcb16efc0db703ac37,2015-12,Surrey Police,Northumbria Police,-1.418813,54.888102,On or near Durham Road,E01008828,Sunderland 023F,Criminal damage and arson,Investigation complete; no suspect identified,
ea2c9b28ea9207fbcbae9fe819e00d9730a5e0a89949d4f8b14a085a9ad5b0ac,2015-12,Surrey Police,Northumbria Police,-1.415356,54.885686,On or near Polworth Square,E01008828,Sunderland 023F,Criminal damage and arson,Investigation complete; no suspect identified,
034bdf9c660e6bb4a936168cbdcb8db007536faabfb0d17471b76f4d9cff2928,2015-12,Surrey Police,Northumbria Police,-1.418813,54.888102,On or near Durham Road,E01008828,Sunderland 023F,Drugs,Offender given a drugs possession warning,
f094484b0873ba90ad51cdd9189840666efe1dac11b1bff2651c8d08655a7c2d,2015-12,Surrey Police,Northumbria Police,-1.418067,54.886850,On or near Polmuir Square,E01008828,Sunderland 023F,Violence and sexual offences,Under investigation,
e94a5657c64bbd0dee8e587296a93ead4250d659eb37ba604f5199a00466db43,2015-12,Surrey Police,Northumbria Police,-1.416716,54.886466,On or near Polmuir Road,E01008828,Sunderland 023F,Violence and sexual offences,Awaiting court outcome,
9580632fe903ecb32b0c3005394126d4bf2187dbc0b8764eb987453bccd52544,2015-12,Surrey Police,Northumbria Police,-1.416716,54.886466,On or near Polmuir Road,E01008828,Sunderland 023F,Violence and sexual offences,Under investigation,
7669878eea0ec06271a2a39da9a42ac10a17cb0390e725535741ce9957b9bef3,2015-12,Surrey Police,Northumbria Police,-1.418813,54.888102,On or near Durham Road,E01008828,Sunderland 023F,Other crime,Awaiting court outcome,
,2015-12,Surrey Police,Northumbria Police,-1.428733,54.886595,On or near Torrens Road,E01008829,Sunderland 023G,Anti-social behaviour,,
,2015-12,Surrey Police,Northumbria Police,-1.433608,54.882484,On or near Thorndale Road,E01008829,Sunderland 023G,Anti-social behaviour,,
,2015-12,Surrey Police,Northumbria Police,-1.428733,54.886595,On or near Torrens Road,E01008829,Sunderland 023G,Anti-social behaviour,,
,2015-12,Surrey Police,Northumbria Police,-1.428733,54.886595,On or near Torrens Road,E01008829,Sunderland 023G,Anti-social behaviour,,
,2015-12,Surrey Police,Northumbria Police,-1.430166,54.883384,On or near Truro Road,E01008829,Sunderland 023G,Anti-social behaviour,,
,2015-12,Surrey Police,Northumbria Police,-1.428733,54.886595,On or near Torrens Road,E01008829,Sunderland 023G,Anti-social behaviour,,
,2015-12,Surrey Police,Northumbria Police,-1.428733,54.886595,On or near Torrens Road,E01008829,Sunderland 023G,Anti-social behaviour,,
,2015-12,Surrey Police,Northumbria Police,-1.430166,54.883384,On or near Truro Road,E01008829,Sunderland 023G,Anti-social behaviour,,
,2015-12,Surrey Police,Northumbria Police,-1.428733,54.886595,On or near Torrens Road,E01008829,Sunderland 023G,Anti-social behaviour,,
977bd82cbd448e127694369fb04e3eb2f1cefbc15f01103c347eed098a3ee2ad,2015-12,Surrey Police,Northumbria Police,-1.428733,54.886595,On or near Torrens Road,E01008829,Sunderland 023G,Bicycle theft,Local resolution,
f7d7ee7f2a90c7e4aff907a23c7e9904dab933898ed7dce6c89a922e08246532,2015-12,Surrey Police,Northumbria Police,-1.429170,54.884377,On or near Taunton Square,E01008829,Sunderland 023G,Criminal damage and arson,Investigation complete; no suspect identified,
6ebf486377399a3b69fad5a3f3b1f7d15deb8199b52241d584f30aeda59c403b,2015-12,Surrey Police,Northumbria Police,-1.429089,54.885698,On or near Telford Road,E01008829,Sunderland 023G,Criminal damage and arson,Investigation complete; no suspect identified,
e916ebbaff563d5b716715970661d4491e176c5907b4bb006d8726861ffb58f9,2015-12,Surrey Police,Northumbria Police,-1.428424,54.884176,On or near Taunton Road,E01008829,Sunderland 023G,Criminal damage and arson,Investigation complete; no suspect identified,
d3b401ceaf469ea710db490244a10d4dd13f4429254dcdb8e37942a7d92d8539,2015-12,Surrey Police,Northumbria Police,-1.428424,54.884176,On or near Taunton Road,E01008829,Sunderland 023G,Criminal damage and arson,Investigation complete; no suspect identified,
2350037865fb13a6bccde9f6ef108868993b2046ae4e8f5c6edcfbffe60814c4,2015-12,Surrey Police,Northumbria Police,-1.428733,54.886595,On or near Torrens Road,E01008829,Sunderland 023G,Vehicle crime,Investigation complete; no suspect identified,
4bbcdb804612ca06f4dffccf4eea8ab1aa2445ad75d6e306f7d84093e783ad27,2015-12,Surrey Police,Northumbria Police,-1.428372,54.882360,On or near Thanet Road,E01008829,Sunderland 023G,Violence and sexual offences,Investigation complete; no suspect identified,
c5ebc3caa0e1fc84b2170a599be7f79bbd8ec1282d209e013a72746d8d80dfde,2015-12,Surrey Police,Northumbria Police,-1.428372,54.882360,On or near Thanet Road,E01008829,Sunderland 023G,Violence and sexual offences,Under investigation,
5fffa8cf237e76d06f5bc8cfa2baab7856628ef40e3ea565fc74c41fe5d431d7,2015-12,Surrey Police,Northumbria Police,-1.429170,54.884377,On or near Taunton Square,E01008829,Sunderland 023G,Violence and sexual offences,Investigation complete; no suspect identified,
6bae32abf941f512a901d887e525b203c7e085e137d156a62b3a8043b1e2ad38,2015-12,Surrey Police,Northumbria Police,-1.429170,54.884377,On or near Taunton Square,E01008829,Sunderland 023G,Violence and sexual offences,Investigation complete; no suspect identified,
f46bfe3498f386eeb81346b6dd447a77fcfb569dfe07717e67017e58201d925a,2015-12,Surrey Police,Northumbria Police,-1.433608,54.882484,On or near Thorndale Road,E01008829,Sunderland 023G,Violence and sexual offences,Investigation complete; no suspect identified,
dbdffbc83dcaf2c39d28f2dc544003771c0a87c3fc6a73096dc3572f186f6b61,2015-12,Surrey Police,Northumbria Police,-1.428315,54.883088,On or near Tanfield Road,E01008829,Sunderland 023G,Other crime,Local resolution,
,2015-12,Surrey Police,Northumbria Police,-1.369470,54.890292,On or near Percy Terrace South,E01008739,Sunderland 024A,Anti-social behaviour,,
,2015-12,Surrey Police,Northumbria Police,-1.366549,54.889675,On or near Hastings Terrace,E01008739,Sunderland 024A,Anti-social behaviour,,
4a8fde3292c598c646e9eda55f468368cff38f643a6aaed00db9f3fba98bac8a,2015-12,Surrey Police,Northumbria Police,-1.366787,54.886387,On or near Regent Terrace,E01008739,Sunderland 024A,Criminal damage and arson,Investigation complete; no suspect identified,
79ddf9e3da7d82435d4e38e1bf638c3ccc16b4472fff58cb0fed16fd2718bb65,2015-12,Surrey Police,Northumbria Police,-1.366787,54.886387,On or near Regent Terrace,E01008739,Sunderland 024A,Other theft,Investigation complete; no suspect identified,
fca558b49ac054981cda27f189340625138ee6a09ff514823b416a0b0ff65f61,2015-12,Surrey Police,Northumbria Police,-1.366787,54.886387,On or near Regent Terrace,E01008739,Sunderland 024A,Other theft,Investigation complete; no suspect identified,
46f95a55c6d9e9f16cfb387dc2d101249b3326ee767169e6c00d7159d04a4423,2015-12,Surrey Police,Northumbria Police,-1.366787,54.886387,On or near Regent Terrace,E01008739,Sunderland 024A,Other theft,Investigation complete; no suspect identified,
f0f5303fb4277021c41b94100119af7d39266bc75638bb174b203ff18c900b2a,2015-12,Surrey Police,Northumbria Police,-1.366787,54.886387,On or near Regent Terrace,E01008739,Sunderland 024A,Public order,Investigation complete; no suspect identified,
15bba4792fd280908716183c5b9df6166f6568d69d9e9c87e6c9ab360fa2810b,2015-12,Surrey Police,Northumbria Police,-1.368017,54.888523,On or near Spelter Works Road,E01008739,Sunderland 024A,Theft from the person,Investigation complete; no suspect identified,
b5ae819c77657097ac04a0af037b71e29a0f55d5689894c25f1dc8f08f9326a4,2015-12,Surrey Police,Northumbria Police,-1.368506,54.887115,On or near Balmoral Terrace,E01008739,Sunderland 024A,Violence and sexual offences,Investigation complete; no suspect identified,
,2015-12,Surrey Police,Northumbria Police,-1.360259,54.890127,On or near Promenade,E01008741,Sunderland 024B,Anti-social behaviour,,
,2015-12,Surrey Police,Northumbria Police,-1.365648,54.890425,On or near Commercial Road,E01008741,Sunderland 024B,Anti-social behaviour,,
,2015-12,Surrey Police,Northumbria Police,-1.361746,54.885803,On or near Margaret Street,E01008741,Sunderland 024B,Anti-social behaviour,,
,2015-12,Surrey Police,Northumbria Police,-1.359310,54.878197,On or near A1018,E01008741,Sunderland 024B,Anti-social behaviour,,
,2015-12,Surrey Police,Northumbria Police,-1.360259,54.890127,On or near Promenade,E01008741,Sunderland 024B,Anti-social behaviour,,
,2015-12,Surrey Police,Northumbria Police,-1.360259,54.890127,On or near Promenade,E01008741,Sunderland 024B,Anti-social behaviour,,
c1a3718ce21850e1c8a41030171f6c53bd1f2fa8301a777c25288c86f916d74b,2015-12,Surrey Police,Northumbria Police,-1.364542,54.885449,On or near Ocean Road,E01008741,Sunderland 024B,Burglary,Investigation complete; no suspect identified,
931692c085400f0d5b8959c867929a95a0450c20f8e70f925a8fb1f4217cec34,2015-12,Surrey Police,Northumbria Police,-1.365648,54.890425,On or near Commercial Road,E01008741,Sunderland 024B,Burglary,Offender sent to prison,
cbacde2a9e74ac4c551fa1df3908c8f8a0caac511b9c2547c1f3c003242d3fd1,2015-12,Surrey Police,Northumbria Police,-1.365761,54.886202,On or near Bideford Street,E01008741,Sunderland 024B,Criminal damage and arson,Awaiting court outcome,
23f6e4548566a3aedb2934492a503f5ed3bcbacb546a57a3dd29e06f65dcd14f,2015-12,Surrey Police,Northumbria Police,-1.364409,54.884981,On or near Glen Luce Drive,E01008741,Sunderland 024B,Other theft,Investigation complete; no suspect identified,
a9363fa417289a7e004168673edafafbc042e46c3f533dc7fd500d3876770fd1,2015-12,Surrey Police,Northumbria Police,-1.363195,54.884885,On or near Alderley Close,E01008741,Sunderland 024B,Other theft,Investigation complete; no suspect identified,
9860cd5b4c438fab0859152c73b1cc67c2305fa29660c87d3bb864cb662918f9,2015-12,Surrey Police,Northumbria Police,-1.364409,54.884981,On or near Glen Luce Drive,E01008741,Sunderland 024B,Other theft,Investigation complete; no suspect identified,
a0d9658a521e3cbae69ac81793babf1b6d77099efafbfa28869f6a2b4a65c1b7,2015-12,Surrey Police,Northumbria Police,-1.363195,54.884885,On or near Alderley Close,E01008741,Sunderland 024B,Other theft,Investigation complete; no suspect identified,
60a255b857696b2ed0985570ea8218a361944eb576a5ef70de6b1e8293c08b46,2015-12,Surrey Police,Northumbria Police,-1.366566,54.885604,On or near Westminster Terrace,E01008741,Sunderland 024B,Shoplifting,Awaiting court outcome,
f42716fa65f889e545a7e7b2860634097cea8a4e84d14b5a267604d322f697f3,2015-12,Surrey Police,Northumbria Police,-1.366566,54.885604,On or near Westminster Terrace,E01008741,Sunderland 024B,Vehicle crime,Investigation complete; no suspect identified,
12a00e856f141426579ef114ba06ea435315d8a3cffe45f4e3ebabf5ed3b76b4,2015-12,Surrey Police,Northumbria Police,-1.361567,54.882324,On or near Appleforth Avenue,E01008741,Sunderland 024B,Violence and sexual offences,Investigation complete; no suspect identified,
,2015-12,Surrey Police,Northumbria Police,-1.367231,54.884942,On or near Carnegie Street,E01008779,Sunderland 024C,Anti-social behaviour,,
90a331b2caadcaf48141ea9b0a95cd77a141c2ec42ae59c54b686a9f6890d402,2015-12,Surrey Police,Northumbria Police,-1.367231,54.884942,On or near Carnegie Street,E01008779,Sunderland 024C,Criminal damage and arson,Investigation complete; no suspect identified,
b18808320c546f1ea339aa5844396be523a60f538a332638b2f9388875dd5410,2015-12,Surrey Police,Northumbria Police,-1.367513,54.883865,On or near Kitchener Terrace,E01008779,Sunderland 024C,Criminal damage and arson,Investigation complete; no suspect identified,
d640224868b36cfe8157fae11355f3c87c2addefa9d2cfd58ca1d0816ea91d5e,2015-12,Surrey Police,Northumbria Police,-1.368825,54.884654,On or near Oxbridge Street,E01008779,Sunderland 024C,Other theft,Investigation complete; no suspect identified,
fefa022f52e3b2e229aaddc4d78100ee55bcea7014f028251a7a5f8cd881547e,2015-12,Surrey Police,Northumbria Police,-1.368825,54.884654,On or near Oxbridge Street,E01008779,Sunderland 024C,Other theft,Investigation complete; no suspect identified,
0257991e0629767f8b80a17962ccbf75eb6c3c1d4e72e7a5b4422012c69c094a,2015-12,Surrey Police,Northumbria Police,-1.368089,54.884866,On or near Royle Street,E01008779,Sunderland 024C,Other theft,Investigation complete; no suspect identified,
6fcbe4971578f48836863db4a8b9e4d365a2a6a875ca52e01ca2b9344846c22f,2015-12,Surrey Police,Northumbria Police,-1.369269,54.884225,On or near Windermere Street,E01008779,Sunderland 024C,Other theft,Investigation complete; no suspect identified,
fc1d97068ffed0cd6beb61f803718d199a4abf7575fdde2f89deb3ded918dda8,2015-12,Surrey Police,Northumbria Police,-1.374721,54.885448,On or near Warnham Avenue,E01008779,Sunderland 024C,Other theft,Investigation complete; no suspect identified,
91d9550dae8583190c02ba4d4859168796cbb313911188e6ef712ff00b36db9c,2015-12,Surrey Police,Northumbria Police,-1.374721,54.885448,On or near Warnham Avenue,E01008779,Sunderland 024C,Public order,Under investigation,
d1bc3f4e5b11ea20809ea63f8abc307baaf178d02105a6d7f43cead3e31a0979,2015-12,Surrey Police,Northumbria Police,-1.363882,54.878859,On or near Tweed Close,E01008779,Sunderland 024C,Shoplifting,Suspect charged as part of another case,
8e737c5a4dca7eb453b75f5e069412e910b6a6ccb2862ad7bbfde191fc09e698,2015-12,Surrey Police,Northumbria Police,-1.367755,54.885286,On or near Hemming Street,E01008779,Sunderland 024C,Violence and sexual offences,Under investigation,
ab98bd05ac5de7835c76a6f73c5b7ada071acf8f3eeab981ad25d2ea3df87bb4,2015-12,Surrey Police,Northumbria Police,-1.370074,54.883573,On or near Grangemere Close,E01008779,Sunderland 024C,Violence and sexual offences,Under investigation,
986ce1ef52e82318d5213524628e878c7a592a0ddbb0a3f3d236be658d6495e9,2015-12,Surrey Police,Northumbria Police,-1.370074,54.883573,On or near Grangemere Close,E01008779,Sunderland 024C,Violence and sexual offences,Offender fined,
53deaa3127a3b5a465dca6cd23e923b7541e5791f45a1e3f051074b4c4e530d7,2015-12,Surrey Police,Northumbria Police,-1.364035,54.882023,On or near Ryhope Road,E01008779,Sunderland 024C,Other crime,Under investigation,
,2015-12,Surrey Police,Northumbria Police,-1.381156,54.883585,On or near Halidon Road,E01008780,Sunderland 024D,Anti-social behaviour,,
,2015-12,Surrey Police,Northumbria Police,-1.375898,54.882929,On or near Westheath Avenue,E01008780,Sunderland 024D,Anti-social behaviour,,
,2015-12,Surrey Police,Northumbria Police,-1.373260,54.881118,On or near Supermarket,E01008780,Sunderland 024D,Anti-social behaviour,,
cde8bf99efa6dee6ae86f226545b30284c8f65c5f5d158d9ef967ab079ab8c7b,2015-12,Surrey Police,Northumbria Police,-1.378157,54.883992,On or near Hill View Road,E01008780,Sunderland 024D,Bicycle theft,Under investigation,
3865a80ccfd05218075ea5bbe905636fd59be4264470847bbdec1204db197d73,2015-12,Surrey Police,Northumbria Police,-1.373260,54.881118,On or near Supermarket,E01008780,Sunderland 024D,Other theft,Investigation complete; no suspect identified,
c1bb97e035b08beadfc1fcac71a9b8def2a3f4a2701af712620ce4134b29a43a,2015-12,Surrey Police,Northumbria Police,-1.381546,54.883596,On or near Halidon Square,E01008780,Sunderland 024D,Other theft,Investigation complete; no suspect identified,
e936875365624364073fe7b28048eb0ff7056838d4f7f8edd935d26f7df93ccb,2015-12,Surrey Police,Northumbria Police,-1.373260,54.881118,On or near Supermarket,E01008780,Sunderland 024D,Other theft,Under investigation,
4fb76be02beb3c6e03c792b5dc9078f35fbc398959e24654ea3cbfa8d076b5ac,2015-12,Surrey Police,Northumbria Police,-1.373260,54.881118,On or near Supermarket,E01008780,Sunderland 024D,Other theft,Investigation complete; no suspect identified,
d986b98c66e39b59d6eb5c439d98a9951f973f5be8b0c788d2ad319d560afa15,2015-12,Surrey Police,Northumbria Police,-1.373260,54.881118,On or near Supermarket,E01008780,Sunderland 024D,Other theft,Investigation complete; no suspect identified,
a6f912d7eceef7ddd0739140e8cad4686091c56b3ea18f1023374c1617682cb2,2015-12,Surrey Police,Northumbria Police,-1.378157,54.883992,On or near Hill View Road,E01008780,Sunderland 024D,Public order,Awaiting court outcome,
67e6716ba08d98a389f2b13d0a6124a367bca1066fc75fe7412ee417b566db5e,2015-12,Surrey Police,Northumbria Police,-1.373260,54.881118,On or near Supermarket,E01008780,Sunderland 024D,Shoplifting,Offender given conditional discharge,
3ac2ab262a02dd2adaae787392f23173fbd25b2dd553a9b1caf9fd2f75b954b8,2015-12,Surrey Police,Northumbria Police,-1.373260,54.881118,On or near Supermarket,E01008780,Sunderland 024D,Shoplifting,Investigation complete; no suspect identified,
23c3fbbe50664d2f8095c6d683852a9274424b7ce8eafe2826d638797811c689,2015-12,Surrey Police,Northumbria Police,-1.373260,54.881118,On or near Supermarket,E01008780,Sunderland 024D,Shoplifting,Offender given community sentence,
047fb3d51ba9763a037153398a3115c1e6bdd70b633906a7e21831c8e8406129,2015-12,Surrey Police,Northumbria Police,-1.373260,54.881118,On or near Supermarket,E01008780,Sunderland 024D,Shoplifting,Awaiting court outcome,
bf89205962a0840adcddc54f2d9ffa967f308c68b846ac742ebea6c46e569133,2015-12,Surrey Police,Northumbria Police,-1.373260,54.881118,On or near Supermarket,E01008780,Sunderland 024D,Shoplifting,Offender given community sentence,
7873452ac9ce8d67054404e907d84ba6904512194791f6549b1331d3162b82ed,2015-12,Surrey Police,Northumbria Police,-1.373260,54.881118,On or near Supermarket,E01008780,Sunderland 024D,Shoplifting,Offender fined,
9412461601ec1bce13d5129e518bd19e786f8d9b215b072bc7be34262f531492,2015-12,Surrey Police,Northumbria Police,-1.379603,54.884224,On or near Hill View Square,E01008780,Sunderland 024D,Vehicle crime,Investigation complete; no suspect identified,
14aedc57d0b024b191ca11846b733a8fbcc52728bc65619117f038fd753ebfc0,2015-12,Surrey Police,Northumbria Police,-1.381156,54.883585,On or near Halidon Road,E01008780,Sunderland 024D,Violence and sexual offences,Offender given a caution,
4b6a680e72eb884843d1e4454e4aac374b526cf9f994a8ac3001b5c1b5472016,2015-12,Surrey Police,Northumbria Police,-1.373260,54.881118,On or near Supermarket,E01008780,Sunderland 024D,Violence and sexual offences,Under investigation,
01b9ce537630cbae12dee266a5f4fe518544e57d1ee71a854216cfcfa0edc71c,2015-12,Surrey Police,Northumbria Police,-1.373404,54.882898,On or near Wilton Square,E01008780,Sunderland 024D,Violence and sexual offences,Offender given a caution,
5e9aaec0b3fc4c53a1f3f9c0ab12321f0bfca6f3f8bb15ba66302b38b9a69493,2015-12,Surrey Police,Northumbria Police,-1.375898,54.882929,On or near Westheath Avenue,E01008780,Sunderland 024D,Violence and sexual offences,Under investigation,
0c0a58429921929cc7981a948b28374f9e9174257b79740cddf52c77c15658ef,2015-12,Surrey Police,Northumbria Police,-1.380046,54.882780,On or near Hereford Square,E01008780,Sunderland 024D,Other crime,Under investigation,
,2015-12,Surrey Police,Northumbria Police,-1.501310,54.875456,On or near Supermarket,E01008799,Sunderland 025A,Anti-social behaviour,,
5b9b8e7a16944eabf605117e51f1040d344d94db4f8208894ce293a300a1a22e,2015-12,Surrey Police,Northumbria Police,-1.504000,54.875962,On or near Station Road,E01008799,Sunderland 025A,Burglary,Under investigation,
9de73a2b00bd3ea7649016df5bb748775f9512b8d3bdee5b0171ce4c454db9e2,2015-12,Surrey Police,Northumbria Police,-1.501310,54.875456,On or near Supermarket,E01008799,Sunderland 025A,Burglary,Investigation complete; no suspect identified,
ce79d09a99ff70a0362a2a497b942fa831911ed503c40e3e43807794e52ae42a,2015-12,Surrey Police,Northumbria Police,-1.504000,54.875962,On or near Station Road,E01008799,Sunderland 025A,Burglary,Investigation complete; no suspect identified,
20d773341c129a4482d1650900c8d1d66f34ee9dcd87c1c718f01517ffd6c765,2015-12,Surrey Police,Northumbria Police,-1.496436,54.875167,On or near Wensleydale Avenue,E01008799,Sunderland 025A,Burglary,Investigation complete; no suspect identified,
5a2d34ab811736bf6a86b708ce09cf98a3b0171ac8fcb0d9c77f6997b1ef0549,2015-12,Surrey Police,Northumbria Police,-1.502724,54.873261,On or near Byerhope,E01008799,Sunderland 025A,Other theft,Investigation complete; no suspect identified,
ef3f3254a88d926cb073312c8e8ca732a9446ae844fa300e2d7617f2d6ea2d0e,2015-12,Surrey Police,Northumbria Police,-1.501310,54.875456,On or near Supermarket,E01008799,Sunderland 025A,Shoplifting,Investigation complete; no suspect identified,
,2015-12,Surrey Police,Northumbria Police,-1.518522,54.886651,On or near The Spinney,E01008861,Sunderland 025B,Anti-social behaviour,,
,2015-12,Surrey Police,Northumbria Police,-1.518660,54.882940,On or near Southcroft,E01008861,Sunderland 025B,Anti-social behaviour,,
,2015-12,Surrey Police,Northumbria Police,-1.516580,54.883534,On or near Longacre,E01008861,Sunderland 025B,Anti-social behaviour,,
,2015-12,Surrey Police,Northumbria Police,-1.514135,54.887245,On or near Farrier Close,E01008861,Sunderland 025B,Anti-social behaviour,,
,2015-12,Surrey Police,Northumbria Police,-1.518687,54.879337,On or near Riverview,E01008861,Sunderland 025B,Anti-social behaviour,,
e3c3fb3821d6897612d225c45d60c8e7d95311e4e6c37e38148d55d665ab4ea6,2015-12,Surrey Police,Northumbria Police,-1.516529,54.886517,On or near Newriggs,E01008861,Sunderland 025B,Criminal damage and arson,Investigation complete; no suspect identified,
6eaf7092ad7f14233d275a283e229af817c2d7933892641560eb92aa07dc7d16,2015-12,Surrey Police,Northumbria Police,-1.514135,54.887245,On or near Farrier Close,E01008861,Sunderland 025B,Criminal damage and arson,Investigation complete; no suspect identified,
0fc265bcad9a1f8570c38ab3c7041671e1db2efc1548fc746fe2e547ff5b38d2,2015-12,Surrey Police,Northumbria Police,-1.517187,54.882287,On or near High Pasture,E01008861,Sunderland 025B,Criminal damage and arson,Investigation complete; no suspect identified,
81c808e32d8319fc2de8627e9464d7bc1ff67aaa2337e4b4f227f4e756c3b269,2015-12,Surrey Police,Northumbria Police,-1.518522,54.886651,On or near The Spinney,E01008861,Sunderland 025B,Other crime,Investigation complete; no suspect identified,
b9b54fb1255ef5c93fbf70fa680bb512fc69e78f00b81eef9b3a0ad20512dd0a,2015-12,Surrey Police,Northumbria Police,-1.517187,54.882287,On or near High Pasture,E01008861,Sunderland 025B,Other crime,Under investigation,
1d1453b0dcb2e919dfe81e3da298c62035d5d3b39eeb8876f117448dbf4844bc,2015-12,Surrey Police,Northumbria Police,-1.516580,54.883534,On or near Longacre,E01008861,Sunderland 025B,Other crime,Under investigation,
,2015-12,Surrey Police,Northumbria Police,-1.515310,54.880240,On or near Station Road,E01008862,Sunderland 025C,Anti-social behaviour,,
,2015-12,Surrey Police,Northumbria Police,-1.515310,54.880240,On or near Station Road,E01008862,Sunderland 025C,Anti-social behaviour,,
,2015-12,Surrey Police,Northumbria Police,-1.515310,54.880240,On or near Station Road,E01008862,Sunderland 025C,Anti-social behaviour,,
,2015-12,Surrey Police,Northumbria Police,-1.515310,54.880240,On or near Station Road,E01008862,Sunderland 025C,Anti-social behaviour,,
ab1687ae1e7a26108ea2edff62a7b98c123ca94d2bb52fd9caf435ca8c6d36c0,2015-12,Surrey Police,Northumbria Police,-1.515310,54.880240,On or near Station Road,E01008862,Sunderland 025C,Other theft,Investigation complete; no suspect identified,
,2015-12,Surrey Police,Northumbria Police,-1.545654,54.876223,On or near Sports/Recreation Area,E01008863,Sunderland 025D,Anti-social behaviour,,
,2015-12,Surrey Police,Northumbria Police,-1.539706,54.881278,On or near Larchwood,E01008863,Sunderland 025D,Anti-social behaviour,,
,2015-12,Surrey Police,Northumbria Police,-1.524251,54.879359,On or near Duxbury Park,E01008863,Sunderland 025D,Anti-social behaviour,,
8d7a79e722c5bd7e0f7b89f92874c1a2d1516161a1893adb403dce0218325947,2015-12,Surrey Police,Northumbria Police,-1.545654,54.876223,On or near Sports/Recreation Area,E01008863,Sunderland 025D,Other theft,Investigation complete; no suspect identified,
2eea9dc7271cddc91ad0048c63fe118169644361d216c54fa5e248114942cc63,2015-12,Surrey Police,Northumbria Police,-1.545654,54.876223,On or near Sports/Recreation Area,E01008863,Sunderland 025D,Violence and sexual offences,Investigation complete; no suspect identified,
,2015-12,Surrey Police,Northumbria Police,-1.549871,54.876805,On or near Rockhope,E01008864,Sunderland 025E,Anti-social behaviour,,
,2015-12,Surrey Police,Northumbria Police,-1.550072,54.881146,On or near Coquet,E01008864,Sunderland 025E,Anti-social behaviour,,
,2015-12,Surrey Police,Northumbria Police,-1.548261,54.880052,On or near Winster,E01008864,Sunderland 025E,Anti-social behaviour,,
,2015-12,Surrey Police,Northumbria Police,-1.551891,54.878817,On or near Wellhope,E01008864,Sunderland 025E,Anti-social behaviour,,
1814487c6b1abafb16b789f577876024562eff02555e93102ebff8b955fc93a8,2015-12,Surrey Police,Northumbria Police,-1.551891,54.878817,On or near Wellhope,E01008864,Sunderland 025E,Other theft,Under investigation,
5deb7538b4ee463ac01713107a69f7f52a204452840c58b79a849f089e4df3b9,2015-12,Surrey Police,Northumbria Police,-1.550072,54.881146,On or near Coquet,E01008864,Sunderland 025E,Violence and sexual offences,Under investigation,
,2015-12,Surrey Police,Northumbria Police,-1.530215,54.882473,On or near Rowan Avenue,E01008865,Sunderland 025F,Anti-social behaviour,,
25ebfde36641a4ff0195b0332218f34ea8816638d904850d7205303889c882de,2015-12,Surrey Police,Northumbria Police,-1.532710,54.883786,On or near Firtree Avenue,E01008865,Sunderland 025F,Bicycle theft,Investigation complete; no suspect identified,
d98c4319aa51685573311770bffa54b73586df133baa5a9fa9d7c3646eb713b5,2015-12,Surrey Police,Northumbria Police,-1.533888,54.882946,On or near Holly Crescent,E01008865,Sunderland 025F,Burglary,Investigation complete; no suspect identified,
be95088b3cbfc392c65a6f0fe82bbb63af8644e34e60054f745cf26787bd3c7c,2015-12,Surrey Police,Northumbria Police,-1.530215,54.882473,On or near Rowan Avenue,E01008865,Sunderland 025F,Public order,Under investigation,
57e3bb40b87a65cee35e44075c041d0833c94840c2bcf45ecb000d51ca0976b5,2015-12,Surrey Police,Northumbria Police,-1.534752,54.881089,On or near North Crescent,E01008865,Sunderland 025F,Violence and sexual offences,Under investigation,
c0622b0cf935fbf939eeb0a0c337a35f90c74a66b1ca16a4fa95b5a8af15bd55,2015-12,Surrey Police,Northumbria Police,-1.535959,54.880446,On or near West Avenue,E01008865,Sunderland 025F,Violence and sexual offences,Investigation complete; no suspect identified,
,2015-12,Surrey Police,Northumbria Police,-1.548334,54.881895,On or near Alwin,E01008866,Sunderland 025G,Anti-social behaviour,,
819482419bec8aaccf0b7501070f6d72522e68d8e42b1afe825d82ac80756212,2015-12,Surrey Police,Northumbria Police,-1.548334,54.881895,On or near Alwin,E01008866,Sunderland 025G,Criminal damage and arson,Investigation complete; no suspect identified,
6f46fb3635b04deb5fb56094f5f8a65ed488cd58766d11c23e0ff39cc3630310,2015-12,Surrey Police,Northumbria Police,-1.548334,54.881895,On or near Alwin,E01008866,Sunderland 025G,Criminal damage and arson,Offender given a caution,
9f9058bd0175b22ce56eb688d905dcfc583202d43f8c11d26e9434f8d7363482,2015-12,Surrey Police,Northumbria Police,-1.547051,54.880938,On or near Petteril,E01008866,Sunderland 025G,Criminal damage and arson,Under investigation,
,2015-12,Surrey Police,Northumbria Police,-1.430829,54.871687,On or near Augusta Square,E01008773,Sunderland 026A,Anti-social behaviour,,
,2015-12,Surrey Police,Northumbria Police,-1.428593,54.874471,On or near Aston Square,E01008773,Sunderland 026A,Anti-social behaviour,,
,2015-12,Surrey Police,Northumbria Police,-1.430829,54.871687,On or near Augusta Square,E01008773,Sunderland 026A,Anti-social behaviour,,
76f84adf16eed978b21f59b4b28f99c38c933c470e9d4210be9b04d264478d97,2015-12,Surrey Police,Northumbria Police,-1.430829,54.871687,On or near Augusta Square,E01008773,Sunderland 026A,Other theft,Investigation complete; no suspect identified,
32c66cac98aa07793105ccb6ced38091063a3d8ec4232302af21483f8257dbf6,2015-12,Surrey Police,Northumbria Police,-1.431489,54.872427,On or near Angus Square,E01008773,Sunderland 026A,Other theft,Under investigation,
c7a87f325297c9206174ac038ab4887aabffbf663f3b55cbe15df48eb69dfe56,2015-12,Surrey Police,Northumbria Police,-1.428592,54.871209,On or near Ardrossan Road,E01008773,Sunderland 026A,Violence and sexual offences,Investigation complete; no suspect identified,
3579319b0adbab9ab0226d8adbc0595ffdafa0d9937f4ea801fdff6831677786,2015-12,Surrey Police,Northumbria Police,-1.429170,54.870035,On or near Silksworth Road,E01008773,Sunderland 026A,Violence and sexual offences,Investigation complete; no suspect identified,
a01b7c31ebc240944cf8149fc8bbc572eeebaff96c597c713702f541851e6b18,2015-12,Surrey Police,Northumbria Police,-1.430829,54.871687,On or near Augusta Square,E01008773,Sunderland 026A,Violence and sexual offences,Investigation complete; no suspect identified,
0272f12f5673ac2e87f587fe4f8907fbc8abf723853f3a613554e8532cb422e2,2015-12,Surrey Police,Northumbria Police,-1.425484,54.873908,On or near Anglesey Road,E01008773,Sunderland 026A,Violence and sexual offences,Awaiting court outcome,
,2015-12,Surrey Police,Northumbria Police,-1.423605,54.881098,On or near North Moor Lane,E01008776,Sunderland 026B,Anti-social behaviour,,
,2015-12,Surrey Police,Northumbria Police,-1.422774,54.879252,On or near Allendale Square,E01008776,Sunderland 026B,Anti-social behaviour,,
,2015-12,Surrey Police,Northumbria Police,-1.423605,54.881098,On or near North Moor Lane,E01008776,Sunderland 026B,Anti-social behaviour,,
,2015-12,Surrey Police,Northumbria Police,-1.423057,54.878004,On or near Alnwick Road,E01008776,Sunderland 026B,Anti-social behaviour,,
,2015-12,Surrey Police,Northumbria Police,-1.423605,54.881098,On or near North Moor Lane,E01008776,Sunderland 026B,Anti-social behaviour,,
,2015-12,Surrey Police,Northumbria Police,-1.423605,54.881098,On or near North Moor Lane,E01008776,Sunderland 026B,Anti-social behaviour,,
,2015-12,Surrey Police,Northumbria Police,-1.422774,54.879252,On or near Allendale Square,E01008776,Sunderland 026B,Anti-social behaviour,,
,2015-12,Surrey Police,Northumbria Police,-1.423605,54.881098,On or near North Moor Lane,E01008776,Sunderland 026B,Anti-social behaviour,,
,2015-12,Surrey Police,Northumbria Police,-1.423605,54.881098,On or near North Moor Lane,E01008776,Sunderland 026B,Anti-social behaviour,,
,2015-12,Surrey Police,Northumbria Police,-1.423605,54.881098,On or near North Moor Lane,E01008776,Sunderland 026B,Anti-social behaviour,,
,2015-12,Surrey Police,Northumbria Police,-1.423113,54.877357,On or near Alnwick Square,E01008776,Sunderland 026B,Anti-social behaviour,,
,2015-12,Surrey Police,Northumbria Police,-1.423605,54.881098,On or near North Moor Lane,E01008776,Sunderland 026B,Anti-social behaviour,,
f48232d91755c6fa6a738634d7f3c9b50acd2f1a3d4ba115b04cf987bc1eaab1,2015-12,Surrey Police,Northumbria Police,-1.427520,54.878663,On or near Alloa Road,E01008776,Sunderland 026B,Criminal damage and arson,Investigation complete; no suspect identified,
fc552fb93b3a0589d8be607f1d1e60e45d8e04aad08b70baf459b4f8054549ab,2015-12,Surrey Police,Northumbria Police,-1.422774,54.879252,On or near Allendale Square,E01008776,Sunderland 026B,Criminal damage and arson,Investigation complete; no suspect identified,
60600be29fb4e3820d847d38587fedde9868497a3f6f6aa134355b87e6b1d0ee,2015-12,Surrey Police,Northumbria Police,-1.428526,54.880285,On or near Thorney Close Road,E01008776,Sunderland 026B,Criminal damage and arson,Investigation complete; no suspect identified,
d29391a53f468da9389a39bb5531e8a89d476c8296293c86cddf3cc8f6e0c905,2015-12,Surrey Police,Northumbria Police,-1.422774,54.879252,On or near Allendale Square,E01008776,Sunderland 026B,Criminal damage and arson,Investigation complete; no suspect identified,
5135db6abd442d973cd8f8a503395c90c446e9a2b0669be653d8ec568afd7afc,2015-12,Surrey Police,Northumbria Police,-1.422774,54.879252,On or near Allendale Square,E01008776,Sunderland 026B,Criminal damage and arson,Investigation complete; no suspect identified,
56153b29458cedef314813241bc4739a6b09b48d88d7a0092172a2a67ff6a4b6,2015-12,Surrey Police,Northumbria Police,-1.423605,54.881098,On or near North Moor Lane,E01008776,Sunderland 026B,Criminal damage and arson,Offender given a caution,
7c65a68fa598875da85bfcbb62418d57435d7d03196131704284cb238c3f64f5,2015-12,Surrey Police,Northumbria Police,-1.423057,54.878004,On or near Alnwick Road,E01008776,Sunderland 026B,Criminal damage and arson,Investigation complete; no suspect identified,
605d7adaa8b2889f1b37c7422d9c35ff8307c05e2cbe45d137b63ae8ad1999e9,2015-12,Surrey Police,Northumbria Police,-1.427356,54.879291,On or near Abercorn Road,E01008776,Sunderland 026B,Other theft,Investigation complete; no suspect identified,
76e0eeadcdb4c3e3a59149b2baf9bfe7a04ec6b1ec063e9f0d38ec4ccfa77aaf,2015-12,Surrey Police,Northumbria Police,-1.423605,54.881098,On or near North Moor Lane,E01008776,Sunderland 026B,Public order,Investigation complete; no suspect identified,
9e5ec694dc4d233c373c52d459def2e121ddee92681df6444bf1bd3dd23007b9,2015-12,Surrey Police,Northumbria Police,-1.426912,54.879801,On or near Aboyne Square,E01008776,Sunderland 026B,Violence and sexual offences,Under investigation,
3d901b7912597a263fde1b8d3cb87cbd3f938712831dde6e8eaec9f3bde2f806,2015-12,Surrey Police,Northumbria Police,-1.428526,54.880285,On or near Thorney Close Road,E01008776,Sunderland 026B,Violence and sexual offences,Investigation complete; no suspect identified,
13929346dd89c161315940ac5a6de83530883906f7cdf704ba54d325f767d2bb,2015-12,Surrey Police,Northumbria Police,-1.422774,54.879252,On or near Allendale Square,E01008776,Sunderland 026B,Other crime,Under investigation,
df24c79f3bbe137ec94a963b603cb122a2f51210c08ed133fb2784168590e3a1,2015-12,Surrey Police,Northumbria Police,-1.423605,54.881098,On or near North Moor Lane,E01008776,Sunderland 026B,Other crime,Investigation complete; no suspect identified,
,2015-12,Surrey Police,Northumbria Police,-1.419189,54.877141,On or near Aldenham Road,E01008777,Sunderland 026C,Anti-social behaviour,,
,2015-12,Surrey Police,Northumbria Police,-1.419189,54.877141,On or near Aldenham Road,E01008777,Sunderland 026C,Anti-social behaviour,,
,2015-12,Surrey Police,Northumbria Police,-1.420197,54.875321,On or near Amsterdam Road,E01008777,Sunderland 026C,Anti-social behaviour,,
,2015-12,Surrey Police,Northumbria Police,-1.427915,54.874989,On or near Anthony Road,E01008777,Sunderland 026C,Anti-social behaviour,,
,2015-12,Surrey Police,Northumbria Police,-1.424114,54.873821,On or near Aberdare Road,E01008777,Sunderland 026C,Anti-social behaviour,,
,2015-12,Surrey Police,Northumbria Police,-1.419189,54.877141,On or near Aldenham Road,E01008777,Sunderland 026C,Anti-social behaviour,,
,2015-12,Surrey Police,Northumbria Police,-1.423726,54.875868,On or near Arden Square,E01008777,Sunderland 026C,Anti-social behaviour,,
,2015-12,Surrey Police,Northumbria Police,-1.427915,54.874989,On or near Anthony Road,E01008777,Sunderland 026C,Anti-social behaviour,,
,2015-12,Surrey Police,Northumbria Police,-1.424114,54.873821,On or near Aberdare Road,E01008777,Sunderland 026C,Anti-social behaviour,,
,2015-12,Surrey Police,Northumbria Police,-1.427915,54.874989,On or near Anthony Road,E01008777,Sunderland 026C,Anti-social behaviour,,
4acb0c2ac61d8672ac5c3c44a823fc921c6a897739340e4a0f76e56de3daab2b,2015-12,Surrey Police,Northumbria Police,-1.419189,54.877141,On or near Aldenham Road,E01008777,Sunderland 026C,Criminal damage and arson,Investigation complete; no suspect identified,
d84318fc7759e1fd6be9ef40f65a0a8572201f0fb0efebe6049a669ccbfb622f,2015-12,Surrey Police,Northumbria Police,-1.419189,54.877141,On or near Aldenham Road,E01008777,Sunderland 026C,Criminal damage and arson,Awaiting court outcome,
2457b7ce72326cd70824d1f759eb17ffb7c253ac481d3db2beb95ac2dfe7f4a4,2015-12,Surrey Police,Northumbria Police,-1.420252,54.877981,On or near Buckingham,E01008777,Sunderland 026C,Public order,Investigation complete; no suspect identified,
b94c24a8963fe5552f90bf43e32c9df6a9da98848a2c1b8f26ca9c2c182befe2,2015-12,Surrey Police,Northumbria Police,-1.420197,54.875321,On or near Amsterdam Road,E01008777,Sunderland 026C,Violence and sexual offences,Under investigation,
f8c471b0aa6ef50442ea2395616197e2a9d2bd6202659248a592fd7fd1d0e2e9,2015-12,Surrey Police,Northumbria Police,-1.420252,54.877981,On or near Buckingham,E01008777,Sunderland 026C,Violence and sexual offences,Under investigation,
2dc184cc58b77c0670feae73d148d0a798c10727a82bfb843d8aac135a77e026,2015-12,Surrey Police,Northumbria Police,-1.423726,54.875868,On or near Arden Square,E01008777,Sunderland 026C,Violence and sexual offences,Investigation complete; no suspect identified,
b48b41c44a34afec905b7ec937c2d71b20d257f48a2420b167555dfec93698ee,2015-12,Surrey Police,Northumbria Police,-1.416746,54.874676,On or near Silksworth Lane,E01008777,Sunderland 026C,Violence and sexual offences,Investigation complete; no suspect identified,
,2015-12,Surrey Police,Northumbria Police,-1.433199,54.874978,On or near Antwerp Road,E01008778,Sunderland 026D,Anti-social behaviour,,
,2015-12,Surrey Police,Northumbria Police,-1.430443,54.874786,On or near Ashdown Road,E01008778,Sunderland 026D,Anti-social behaviour,,
,2015-12,Surrey Police,Northumbria Police,-1.430171,54.876375,On or near Ambrose Road,E01008778,Sunderland 026D,Anti-social behaviour,,
,2015-12,Surrey Police,Northumbria Police,-1.436571,54.876755,On or near Beckwith Road,E01008778,Sunderland 026D,Anti-social behaviour,,
,2015-12,Surrey Police,Northumbria Police,-1.436571,54.876755,On or near Beckwith Road,E01008778,Sunderland 026D,Anti-social behaviour,,
,2015-12,Surrey Police,Northumbria Police,-1.429138,54.877817,On or near Arbroath Road,E01008778,Sunderland 026D,Anti-social behaviour,,
,2015-12,Surrey Police,Northumbria Police,-1.429319,54.877126,On or near Arundel Road,E01008778,Sunderland 026D,Anti-social behaviour,,
,2015-12,Surrey Police,Northumbria Police,-1.429138,54.877817,On or near Arbroath Road,E01008778,Sunderland 026D,Anti-social behaviour,,
,2015-12,Surrey Police,Northumbria Police,-1.429592,54.875483,On or near Archer Square,E01008778,Sunderland 026D,Anti-social behaviour,,
,2015-12,Surrey Police,Northumbria Police,-1.432052,54.874506,On or near Arkle Road,E01008778,Sunderland 026D,Anti-social behaviour,,
590af40d808e54d26e0def839cc0059292d233391a8cdf5a3648f8f8fb7b7bf7,2015-12,Surrey Police,Northumbria Police,-1.436571,54.876755,On or near Beckwith Road,E01008778,Sunderland 026D,Criminal damage and arson,Investigation complete; no suspect identified,
efd32f31bfe4b83eb2d53d8b0fa4060e20372d2f2e889c69f3016266a82d9ae6,2015-12,Surrey Police,Northumbria Police,-1.429319,54.877126,On or near Arundel Road,E01008778,Sunderland 026D,Criminal damage and arson,Investigation complete; no suspect identified,
6bcbef72bde46b2283370218efd81de841eaeef72264f570aa94824c7e03d6d2,2015-12,Surrey Police,Northumbria Police,-1.436571,54.876755,On or near Beckwith Road,E01008778,Sunderland 026D,Criminal damage and arson,Investigation complete; no suspect identified,
c03a92d61b0882c15ce91da3bf7722b36bf17eec5be37a3f8ec38b536fd89896,2015-12,Surrey Police,Northumbria Police,-1.427646,54.876408,On or near Archer Road,E01008778,Sunderland 026D,Criminal damage and arson,Investigation complete; no suspect identified,
cbb12818e93b9f9d96c3a802a523613f92e354e489c62d1b3e4e07cfc1c00edd,2015-12,Surrey Police,Northumbria Police,-1.430171,54.876375,On or near Ambrose Road,E01008778,Sunderland 026D,Criminal damage and arson,Investigation complete; no suspect identified,
d2ec470fbada55ad078fc4ba675f49029066fb293c34345e870cfd721d9836b3,2015-12,Surrey Police,Northumbria Police,-1.428926,54.876261,On or near Arnold Road,E01008778,Sunderland 026D,Violence and sexual offences,Offender given a caution,
33045ee83ad9496c329bc169aa6496b94625d812e126012f90e40509917ed33e,2015-12,Surrey Police,Northumbria Police,-1.430171,54.876375,On or near Ambrose Road,E01008778,Sunderland 026D,Violence and sexual offences,Awaiting court outcome,
31718ef690c842964309bc30a32e7cd48aa235e4fe65937d59147f55042e1731,2015-12,Surrey Police,Northumbria Police,-1.430443,54.874786,On or near Ashdown Road,E01008778,Sunderland 026D,Violence and sexual offences,Investigation complete; no suspect identified,
072de90fb7ecea86a6924d28d55cf7642f6f4766a3624922b6e4cd027c7ed618,2015-12,Surrey Police,Northumbria Police,-1.434249,54.875612,On or near Farrington Avenue,E01008778,Sunderland 026D,Violence and sexual offences,Under investigation,
,2015-12,Surrey Police,Northumbria Police,-1.415913,54.874106,On or near Cavalier Way,E01008809,Sunderland 026E,Anti-social behaviour,,
,2015-12,Surrey Police,Northumbria Police,-1.417083,54.876169,On or near Silksworth Close,E01008809,Sunderland 026E,Anti-social behaviour,,
,2015-12,Surrey Police,Northumbria Police,-1.405355,54.879887,On or near Dene Street,E01008809,Sunderland 026E,Anti-social behaviour,,
,2015-12,Surrey Police,Northumbria Police,-1.405219,54.877513,On or near Lincoln Avenue,E01008809,Sunderland 026E,Anti-social behaviour,,
,2015-12,Surrey Police,Northumbria Police,-1.394963,54.881722,On or near Tunstall Road,E01008809,Sunderland 026E,Anti-social behaviour,,
06d724c4b9c2d6ead17a06a0dbe8dda13122ecad890915049e55b5469b667d65,2015-12,Surrey Police,Northumbria Police,-1.410218,54.879919,On or near Sports/Recreation Area,E01008809,Sunderland 026E,Burglary,Investigation complete; no suspect identified,
8eae56c2f588d6c4b1e38c262f05d8877b1d19ca38db5e6410788680fbc43884,2015-12,Surrey Police,Northumbria Police,-1.410750,54.876588,On or near Oxford Close,E01008809,Sunderland 026E,Criminal damage and arson,Investigation complete; no suspect identified,
4acca9aeccb8a71c3d0d5ec73c151f1691f5c846376babf65c9187cded8759d4,2015-12,Surrey Police,Northumbria Police,-1.405219,54.877513,On or near Lincoln Avenue,E01008809,Sunderland 026E,Possession of weapons,Investigation complete; no suspect identified,
7f15bda7a7132378fa4143a2b40fd1c9bf9964ae15f75507884d128d532eb8ef,2015-12,Surrey Police,Northumbria Police,-1.410750,54.876588,On or near Oxford Close,E01008809,Sunderland 026E,Public order,Offender fined,
a1c003286f48b263cd164976676293d443da3a3a51f0d1f9d479b5eb27dd6abc,2015-12,Surrey Police,Northumbria Police,-1.410750,54.876588,On or near Oxford Close,E01008809,Sunderland 026E,Vehicle crime,Investigation complete; no suspect identified,
,2015-12,Surrey Police,Northumbria Police,-1.405774,54.873670,On or near Stewart Street,E01008803,Sunderland 027A,Anti-social behaviour,,
fb38a21b1241ac61fdee31ebaa4871eb2c2654ae17b098edc8a2ab452b9f92ee,2015-12,Surrey Police,Northumbria Police,-1.404578,54.878688,On or near York Street,E01008803,Sunderland 027A,Criminal damage and arson,Investigation complete; no suspect identified,
1fee04aa7bd1fa4cb66ecc170e0e4140757458b324b5e8839a87802971260cfb,2015-12,Surrey Police,Northumbria Police,-1.405870,54.878820,On or near Somerset Street,E01008803,Sunderland 027A,Drugs,Awaiting court outcome,
10ee4e217fa0da6239444a7c67017b7a3a73522bd1ffd54850377e50bc8382ef,2015-12,Surrey Police,Northumbria Police,-1.404578,54.878688,On or near York Street,E01008803,Sunderland 027A,Public order,Under investigation,
507eecb3a087e5c3f80766f1e1eb1ba586d5f40fed6f981dbe459e2235aa33c2,2015-12,Surrey Police,Northumbria Police,-1.404047,54.876672,On or near North Street,E01008803,Sunderland 027A,Violence and sexual offences,Under investigation,
f5244c0958fb268ec0c895083e34e0199865f7b3129f4859289ad081c7c1a7dd,2015-12,Surrey Police,Northumbria Police,-1.403673,54.875637,On or near Mary Street,E01008803,Sunderland 027A,Violence and sexual offences,Offender given a caution,
,2015-12,Surrey Police,Northumbria Police,-1.396031,54.873936,On or near Tunstall Villas,E01008804,Sunderland 027B,Anti-social behaviour,,
1b1474680f0441f9e271072f4d3221b3118e97fcb427ff5144577b5394cb5e9c,2015-12,Surrey Police,Northumbria Police,-1.397269,54.870285,On or near Orr Avenue,E01008804,Sunderland 027B,Criminal damage and arson,Investigation complete; no suspect identified,
33858f89ab85728cbb7b84bcf1bc1801d9f1f16d63ab74e1ab9d2ec4f214ae4e,2015-12,Surrey Police,Northumbria Police,-1.397269,54.870285,On or near Orr Avenue,E01008804,Sunderland 027B,Criminal damage and arson,Offender given a caution,
56ece44ffe8eb9557172f5e7f3c6de8d06de5277ca29ebeefc3c36ceb3bc5970,2015-12,Surrey Police,Northumbria Police,-1.398909,54.871066,On or near Norman Avenue,E01008804,Sunderland 027B,Other theft,Investigation complete; no suspect identified,
4d019d14dfc5a0a27b995b6994fb28879a2f66d00f01a993f9de43289db16d74,2015-12,Surrey Police,Northumbria Police,-1.395978,54.873262,On or near Cherrywood Gardens,E01008804,Sunderland 027B,Other theft,Under investigation,
962111d2cc6148e3cbed8f8d3c2b95dd634a32fbac3e079b19b7dc3e65cc8d2c,2015-12,Surrey Police,Northumbria Police,-1.397828,54.871456,On or near Park Avenue,E01008804,Sunderland 027B,Public order,Under investigation,
7aace5cb0b706cc05a59db699c5ec73e34a0a16475c448b03a05ca52aa083d47,2015-12,Surrey Police,Northumbria Police,-1.397665,54.876173,On or near Hawthorn Avenue,E01008804,Sunderland 027B,Violence and sexual offences,Investigation complete; no suspect identified,
c28586e43d04eaf41e81f093aeeb2b91edca497bf32eff7deae82d319908ac6c,2015-12,Surrey Police,Northumbria Police,-1.398909,54.871066,On or near Norman Avenue,E01008804,Sunderland 027B,Violence and sexual offences,Under investigation,
dabc2c4665e79375e564afae09c8764af216920359172a652690d408d0903174,2015-12,Surrey Police,Northumbria Police,-1.399695,54.871672,On or near Aline Street,E01008804,Sunderland 027B,Violence and sexual offences,Investigation complete; no suspect identified,
,2015-12,Surrey Police,Northumbria Police,-1.401224,54.871554,On or near Robert Street,E01008805,Sunderland 027C,Anti-social behaviour,,
a9b1ce537a5abff1b4393722bae564fa32de448787e2f104af0fb5c777c814d0,2015-12,Surrey Police,Northumbria Police,-1.402246,54.871972,On or near Londonderry Street,E01008805,Sunderland 027C,Criminal damage and arson,Investigation complete; no suspect identified,
1c2910d58660c7fdc9e82b1b106c5caf46f3c275d563aa3b55f64384aee0d46f,2015-12,Surrey Police,Northumbria Police,-1.403645,54.871143,On or near Hill Street,E01008805,Sunderland 027C,Criminal damage and arson,Investigation complete; no suspect identified,
aaa17243ddbd6780f5538777a070e38949b2a57e91bd70d5b0bb9f643d38463d,2015-12,Surrey Police,Northumbria Police,-1.400505,54.871676,On or near Lord Street,E01008805,Sunderland 027C,Criminal damage and arson,Investigation complete; no suspect identified,
ca0332d66407b85e819049856a60e5399d19a8721d225defcbe8869ec45125fd,2015-12,Surrey Police,Northumbria Police,-1.400505,54.871676,On or near Lord Street,E01008805,Sunderland 027C,Criminal damage and arson,Investigation complete; no suspect identified,
16705cd7dbf3386872ff8cd7eb3d20e72b6a665aa8163dd61d154a1de93f1582,2015-12,Surrey Police,Northumbria Police,-1.401224,54.871554,On or near Robert Street,E01008805,Sunderland 027C,Other theft,Investigation complete; no suspect identified,
a9ccd3de29ee346b4e8a2b8c895e3ed366daf619f6b0cfd2b290140e1f293b83,2015-12,Surrey Police,Northumbria Police,-1.401365,54.874664,On or near Blind Lane,E01008805,Sunderland 027C,Public order,Under investigation,
8f1e7d05d29032fec7b8ba382b1305dfe1995ba12a79f6ad27cd8035b1381eb0,2015-12,Surrey Police,Northumbria Police,-1.402079,54.871684,On or near Quarry Street,E01008805,Sunderland 027C,Violence and sexual offences,Offender given a caution,
597961692ba0bde647bed06cd8a3e6335575089a52a05aee633036bb9f1e92f1,2015-12,Surrey Police,Northumbria Police,-1.401794,54.876230,On or near North Terrace,E01008805,Sunderland 027C,Violence and sexual offences,Under investigation,
0b114dcd5939db960b56735e1d7077092d283f86705049d9f44fa1844239f54c,2015-12,Surrey Police,Northumbria Police,-1.402079,54.871684,On or near Quarry Street,E01008805,Sunderland 027C,Violence and sexual offences,Offender given a caution,
,2015-12,Surrey Police,Northumbria Police,-1.411430,54.868422,On or near Pedestrian Subway,E01033077,Sunderland 027F,Anti-social behaviour,,
,2015-12,Surrey Police,Northumbria Police,-1.404279,54.872584,On or near Trident Road,E01033077,Sunderland 027F,Anti-social behaviour,,
,2015-12,Surrey Police,Northumbria Police,-1.411430,54.868422,On or near Pedestrian Subway,E01033077,Sunderland 027F,Anti-social behaviour,,
,2015-12,Surrey Police,Northumbria Police,-1.411430,54.868422,On or near Pedestrian Subway,E01033077,Sunderland 027F,Anti-social behaviour,,
,2015-12,Surrey Police,Northumbria Police,-1.414206,54.866081,On or near Baffin Court,E01033077,Sunderland 027F,Anti-social behaviour,,
fe2309d2fa2b32420a43cad897266b15074c10e4da447c84732e7f1fcb136b07,2015-12,Surrey Police,Northumbria Police,-1.408597,54.866054,On or near Elgin,E01033077,Sunderland 027F,Other theft,Investigation complete; no suspect identified,
85751cb8b5b1346d7b8fb09f64978fe7fb2a015db0fe23a09d0854c93bc32be1,2015-12,Surrey Police,Northumbria Police,-1.403049,54.870368,On or near Cambridge Road,E01033077,Sunderland 027F,Other theft,Investigation complete; no suspect identified,
c06ab7f07280ad351c0466ee40b2f0f284c4c633534cd637bfd90f8dc3a83811,2015-12,Surrey Police,Northumbria Police,-1.414741,54.865706,On or near Doxford Park Way,E01033077,Sunderland 027F,Other theft,Under investigation,
50bf8b01bf158ff63406a9ebb691dc2f71b460f91e4bf194b198f9860c62e4ca,2015-12,Surrey Police,Northumbria Police,-1.401167,54.865937,On or near Lawnhead Square,E01033077,Sunderland 027F,Public order,Investigation complete; no suspect identified,
2f4187f5ed60328028bd0596b49bccf7ad5d7b9f75ad033db439aa7beea89304,2015-12,Surrey Police,Northumbria Police,-1.409402,54.865357,On or near Newtonmore,E01033077,Sunderland 027F,Vehicle crime,Investigation complete; no suspect identified,
,2015-12,Surrey Police,Northumbria Police,-1.375834,54.875973,On or near Linskell,E01008763,Sunderland 028A,Anti-social behaviour,,
f7621d154342770530878a9056f8a9486db340286d51f3b890005836d805132f,2015-12,Surrey Police,Northumbria Police,-1.377222,54.876897,On or near Ronaldsay Close,E01008763,Sunderland 028A,Burglary,Under investigation,
c902ced865a2eef3004fb5edb98a898b99b0505455f4cb4272b514a43eeb5afc,2015-12,Surrey Police,Northumbria Police,-1.372116,54.875532,On or near Ralph Avenue,E01008763,Sunderland 028A,Criminal damage and arson,Under investigation,
1c15f6d62f92bc390881f9576f5b50e96a972433e451591081891db72a1776c4,2015-12,Surrey Police,Northumbria Police,-1.372775,54.876218,On or near Hewitt Avenue,E01008763,Sunderland 028A,Criminal damage and arson,Under investigation,
f98a1a0befc2221266b746117f4f10e02b4090b942ef150b1c74dec912e7ae6a,2015-12,Surrey Police,Northumbria Police,-1.373626,54.876663,On or near Langhurst,E01008763,Sunderland 028A,Vehicle crime,Investigation complete; no suspect identified,
339a90b0bf6bd6f245449445e31a9a05083525ef6c21043f0d9d2630920c1004,2015-12,Surrey Police,Northumbria Police,-1.373010,54.875159,On or near Attlee Grove,E01008763,Sunderland 028A,Violence and sexual offences,Awaiting court outcome,
31288229825d75bc158eda65da606a61412896c43b05ca99deda335d3fec77da,2015-12,Surrey Police,Northumbria Police,-1.373468,54.877794,On or near Cherry Tree Square,E01008763,Sunderland 028A,Violence and sexual offences,Under investigation,
63618ab21526e87d7c2a3ffdb6a1747ea255134846a1a160709f3dfaeb21c69a,2015-12,Surrey Police,Northumbria Police,-1.367788,54.874233,On or near Ridley Avenue,E01008764,Sunderland 028B,Public order,Under investigation,
fbe90b4a48ab0e94fdab80b315660b15c2fa49c24c9dcc0c46f711428d4670bf,2015-12,Surrey Police,Northumbria Police,-1.365067,54.875828,On or near Queen Street,E01008764,Sunderland 028B,Violence and sexual offences,Under investigation,
264a50509e3b90afadea5fed869704baa7a332c6b1376891f6261e50523c0fe9,2015-12,Surrey Police,Northumbria Police,-1.367692,54.875401,On or near Leechmere Way,E01008764,Sunderland 028B,Violence and sexual offences,Investigation complete; no suspect identified,
42759eb178cdddd376b20df052e84ed14a01ee1df01172a8fa57a5b2f8f59656,2015-12,Surrey Police,Northumbria Police,-1.367788,54.874233,On or near Ridley Avenue,E01008764,Sunderland 028B,Violence and sexual offences,Investigation complete; no suspect identified,
,2015-12,Surrey Police,Northumbria Police,-1.377389,54.871128,On or near Cheviot Lane,E01008766,Sunderland 028C,Anti-social behaviour,,
,2015-12,Surrey Police,Northumbria Police,-1.374417,54.867797,On or near Smith Grove,E01008766,Sunderland 028C,Anti-social behaviour,,
,2015-12,Surrey Police,Northumbria Police,-1.383171,54.863933,On or near Burdon Lane,E01008766,Sunderland 028C,Anti-social behaviour,,
,2015-12,Surrey Police,Northumbria Police,-1.380040,54.868976,On or near Mandleston Close,E01008766,Sunderland 028C,Anti-social behaviour,,
fdbfbb297c5e277fc9f339957e84b934e6e1d04918bb0a68c904c6d1f400055d,2015-12,Surrey Police,Northumbria Police,-1.368263,54.871755,On or near Black Road,E01008766,Sunderland 028C,Other theft,Investigation complete; no suspect identified,
e74f7fab02caed9b8ecc6a599503c07307237fc96f2c4e16a800a09c30565a30,2015-12,Surrey Police,Northumbria Police,-1.383171,54.863933,On or near Burdon Lane,E01008766,Sunderland 028C,Other theft,Investigation complete; no suspect identified,
8631390c47978dbce14930f9d5749e03f83c6a6cd234b27cf17dafcc9d492975,2015-12,Surrey Police,Northumbria Police,-1.374417,54.867797,On or near Smith Grove,E01008766,Sunderland 028C,Other theft,Investigation complete; no suspect identified,
bd8a733c45f97dd29797837b63ff30ee4b8815374df37c765bff18fb6c7e800e,2015-12,Surrey Police,Northumbria Police,-1.372874,54.866873,On or near Esdale,E01008766,Sunderland 028C,Public order,Under investigation,
2bb14054dd13a7adc8324e41829bc2904bf71e1218592d03756f627a463944d6,2015-12,Surrey Police,Northumbria Police,-1.375248,54.869527,On or near Blyton Avenue,E01008766,Sunderland 028C,Violence and sexual offences,Under investigation,
3d0a2fa3036e26ea7e46da2e05d17c0c16a7a7560b1add216e1e56150e35bb10,2015-12,Surrey Police,Northumbria Police,-1.373520,54.861385,On or near Sports/Recreation Area,E01008766,Sunderland 028C,Violence and sexual offences,Awaiting court outcome,
a336575ee19ad7be616ad7a27019dfe0635f93549fe25c68a33328868f58fc46,2015-12,Surrey Police,Northumbria Police,-1.368061,54.864781,On or near Hospital,E01008768,Sunderland 028D,Criminal damage and arson,Local resolution,
60745f5de98807471ff2426023778eb6faf29499cb76db4565c5ac52db4eb880,2015-12,Surrey Police,Northumbria Police,-1.368061,54.864781,On or near Hospital,E01008768,Sunderland 028D,Criminal damage and arson,Under investigation,
0e7dc4e4ec012d832f2034cbbba03835a35764f92e21514c126ef61fce2bc174,2015-12,Surrey Police,Northumbria Police,-1.361309,54.867082,On or near Ethel Avenue,E01008768,Sunderland 028D,Criminal damage and arson,Under investigation,
abaed48295fb8aad081063cbc21571831e26b7c9d85128150658abd8d270b8c3,2015-12,Surrey Police,Northumbria Police,-1.368061,54.864781,On or near Hospital,E01008768,Sunderland 028D,Drugs,Under investigation,
891c2b6cd5a3420546248740d4f02c765a1eb383ea435503323937e5dcf4a4e9,2015-12,Surrey Police,Northumbria Police,-1.368061,54.864781,On or near Hospital,E01008768,Sunderland 028D,Drugs,Under investigation,
b9583db928ec45e0bf2d07645362aac540054cd74538b3dfb44197f039b67663,2015-12,Surrey Police,Northumbria Police,-1.361309,54.867082,On or near Ethel Avenue,E01008768,Sunderland 028D,Other theft,Investigation complete; no suspect identified,
614b9827a2dc1d4bc822dd998999db7309af48b10e660376232d86d00a485846,2015-12,Surrey Police,Northumbria Police,-1.368061,54.864781,On or near Hospital,E01008768,Sunderland 028D,Other theft,Investigation complete; no suspect identified,
7477e140f65de14ce10d083391949af6badd06b34ef33d2c4783423c94fafedc,2015-12,Surrey Police,Northumbria Police,-1.361309,54.867082,On or near Ethel Avenue,E01008768,Sunderland 028D,Other theft,Investigation complete; no suspect identified,
fc05b5fde450ffab64163a68446cfc9dc9af14a6b00c7c4e9f640a8a9550f807,2015-12,Surrey Police,Northumbria Police,-1.368061,54.864781,On or near Hospital,E01008768,Sunderland 028D,Other theft,Investigation complete; no suspect identified,
42a73ffe1907949531f6c222df139df4f6b6d766d8d223837d25555de67a757d,2015-12,Surrey Police,Northumbria Police,-1.368061,54.864781,On or near Hospital,E01008768,Sunderland 028D,Public order,Under investigation,
87f2513b44763ad14422f20d745ca0eea7298c608d26c3d6273cd573dca0241a,2015-12,Surrey Police,Northumbria Police,-1.368061,54.864781,On or near Hospital,E01008768,Sunderland 028D,Violence and sexual offences,Under investigation,
3b9fa71494fe2a87784a47c936ee056a8debcd9063dc72bba5ad8bacb8bfbe7f,2015-12,Surrey Police,Northumbria Police,-1.368061,54.864781,On or near Hospital,E01008768,Sunderland 028D,Violence and sexual offences,Under investigation,
7c29be1852f051e1a85c23bd14cad27d636e6bebbc4d05d025280cbe54eb7dea,2015-12,Surrey Police,Northumbria Police,-1.368061,54.864781,On or near Hospital,E01008768,Sunderland 028D,Violence and sexual offences,Under investigation,
7b2435eb77f9fabcb124d66669657c8dd9d91ce7d715440e07a9b9774c80882d,2015-12,Surrey Police,Northumbria Police,-1.368061,54.864781,On or near Hospital,E01008768,Sunderland 028D,Violence and sexual offences,Under investigation,
b3cb2f1026064f10601bcbac066cf439433d13cbb7eb7e4de96b6bd477b712ed,2015-12,Surrey Police,Northumbria Police,-1.368061,54.864781,On or near Hospital,E01008768,Sunderland 028D,Violence and sexual offences,Under investigation,
0a5d0b2f1afc5e1004e18f26f5c7eba2f713d3d4efd05c8fe449239c8ce8f59d,2015-12,Surrey Police,Northumbria Police,-1.368061,54.864781,On or near Hospital,E01008768,Sunderland 028D,Violence and sexual offences,Under investigation,
4c6a2ec3d24df893f948ebf5889b2233f4fa73c2b4bc5770e830ff849ddc68a2,2015-12,Surrey Police,Northumbria Police,-1.368061,54.864781,On or near Hospital,E01008768,Sunderland 028D,Violence and sexual offences,Under investigation,
0ef00c3aa33d4358400511aad822d0f31e6ecae629fd1407424101b9d72986fe,2015-12,Surrey Police,Northumbria Police,-1.368061,54.864781,On or near Hospital,E01008768,Sunderland 028D,Violence and sexual offences,Under investigation,
aa9f45b00b7e644f6944ae5433f30a5e24dd41da940b2c4707a43d84961ca88b,2015-12,Surrey Police,Northumbria Police,-1.368061,54.864781,On or near Hospital,E01008768,Sunderland 028D,Violence and sexual offences,Under investigation,
c96ae64a1c3d09ec0cc3a4aa45d8198525256cb0211aa9258c19a520dac24c8d,2015-12,Surrey Police,Northumbria Police,-1.368061,54.864781,On or near Hospital,E01008768,Sunderland 028D,Violence and sexual offences,Under investigation,
6cf4ec42fa63e389b2d71752b492fdf71faaaf5e876de108bbfa9fa53cedf6e7,2015-12,Surrey Police,Northumbria Police,-1.368061,54.864781,On or near Hospital,E01008768,Sunderland 028D,Violence and sexual offences,Under investigation,
172543d9686d145e7c4315b8033218db53a9252b86c262dcfcf227bad708de70,2015-12,Surrey Police,Northumbria Police,-1.368061,54.864781,On or near Hospital,E01008768,Sunderland 028D,Violence and sexual offences,Under investigation,
,2015-12,Surrey Police,Northumbria Police,-1.366765,54.866913,On or near Beechbrooke,E01008769,Sunderland 028E,Anti-social behaviour,,
654b1af76784ff372d74c895e845443731b2f4e31676c3872275ad5ea4e24b03,2015-12,Surrey Police,Northumbria Police,-1.366765,54.866913,On or near Beechbrooke,E01008769,Sunderland 028E,Criminal damage and arson,Under investigation,
936110278918b5c4dc8776c7b0527af629bf598c53e5ea200df0bdceb5670a4a,2015-12,Surrey Police,Northumbria Police,-1.373343,54.869796,On or near Sports/Recreation Area,E01008769,Sunderland 028E,Criminal damage and arson,Under investigation,
041f763c55f7f33b31812704a946fd6dfe9dd5df1bf354d04af8546237ca8172,2015-12,Surrey Police,Northumbria Police,-1.367043,54.870051,On or near The Grove,E01008769,Sunderland 028E,Criminal damage and arson,Under investigation,
8fe71c16e84fca21e2ce66d2f8a8a17862e5e60aac85d66439a7ea8435f686cf,2015-12,Surrey Police,Northumbria Police,-1.373343,54.869796,On or near Sports/Recreation Area,E01008769,Sunderland 028E,Criminal damage and arson,Investigation complete; no suspect identified,
856905bb6fdc8e174fe19b4ff57793007006f582f2a740563ac76e968c52a161,2015-12,Surrey Police,Northumbria Police,-1.363332,54.868252,On or near North View,E01008769,Sunderland 028E,Other theft,Investigation complete; no suspect identified,
1eeb3c24559d699c79a14f7ad68f672b53136971a1a42abdda487f14ab55afed,2015-12,Surrey Police,Northumbria Police,-1.366837,54.868279,On or near Huntley Terrace,E01008769,Sunderland 028E,Other theft,Investigation complete; no suspect identified,
3bcb9dfc53656a4d73f3da6b974e7b1155c9cf6ab24c7b89e03b74af0c8417ff,2015-12,Surrey Police,Northumbria Police,-1.370085,54.870848,On or near Supermarket,E01008769,Sunderland 028E,Shoplifting,Under investigation,
a26acc38043d783593ffd8b737153b2328accae44600e00135629ec35b813e05,2015-12,Surrey Police,Northumbria Police,-1.370085,54.870848,On or near Supermarket,E01008769,Sunderland 028E,Shoplifting,Awaiting court outcome,
b0f3ed57af42c3e999b6e484a97b60a2c854f3307ea0d572dd5a1a338922a60f,2015-12,Surrey Police,Northumbria Police,-1.370085,54.870848,On or near Supermarket,E01008769,Sunderland 028E,Shoplifting,Awaiting court outcome,
424ddd97b359a2d07a9e07e5362e9cf28be20aefdbe57d919de91f7485e5dd8a,2015-12,Surrey Police,Northumbria Police,-1.369450,54.870593,On or near Nelson Street,E01008769,Sunderland 028E,Shoplifting,Awaiting court outcome,
019f7638378b5ad603e6521cdad5eb58822dccfba6e74678a9fb19e11186e629,2015-12,Surrey Police,Northumbria Police,-1.365214,54.869439,On or near Thomas Street,E01008769,Sunderland 028E,Violence and sexual offences,Investigation complete; no suspect identified,
bc309bb89e3a25ac5243ebdea658bc9593554964ccd50b9fe5341693c1f2615c,2015-12,Surrey Police,Northumbria Police,-1.364733,54.870335,On or near Ryhope Street South,E01008769,Sunderland 028E,Violence and sexual offences,Offender given a caution,
,2015-12,Surrey Police,Northumbria Police,-1.446461,54.870375,On or near Herrington Road,E01008772,Sunderland 029A,Anti-social behaviour,,
,2015-12,Surrey Police,Northumbria Police,-1.440530,54.871112,On or near Amelia Gardens,E01008772,Sunderland 029A,Anti-social behaviour,,
983f6ea3893caa6671eba1740049834c4831f475bcc68be7a4f362704dabae09,2015-12,Surrey Police,Northumbria Police,-1.440632,54.869351,On or near Drumoyne Close,E01008772,Sunderland 029A,Burglary,Investigation complete; no suspect identified,
6cfc0218804be9a96b6e71ab2cc2c3e7f248f2b3d8fad9fb738e13eb436451a4,2015-12,Surrey Police,Northumbria Police,-1.441793,54.872169,On or near Petrol Station,E01008772,Sunderland 029A,Burglary,Investigation complete; no suspect identified,
ff8adcc2c97bbd63157d3ab466dc6642c8a2b00d0cfa284d702b39f7aafd6896,2015-12,Surrey Police,Northumbria Police,-1.446461,54.870375,On or near Herrington Road,E01008772,Sunderland 029A,Criminal damage and arson,Investigation complete; no suspect identified,
d117ed0df8b2ef0f0788cda6bf73aeb317403941f6c9e69ebfa68d30dd55e185,2015-12,Surrey Police,Northumbria Police,-1.440530,54.871112,On or near Amelia Gardens,E01008772,Sunderland 029A,Public order,Investigation complete; no suspect identified,
6f87c71aee9fdeeeb9c15e28a7570086a7a6b189edd4b10031108ea1feaaa73a,2015-12,Surrey Police,Northumbria Police,-1.435480,54.870064,On or near Braemar Gardens,E01008772,Sunderland 029A,Public order,Investigation complete; no suspect identified,
222fef2c6ac97e7406b4cc565ef128a6154a9d1605b7389d8b5aee887d93c410,2015-12,Surrey Police,Northumbria Police,-1.446218,54.872198,On or near The Mews,E01008772,Sunderland 029A,Vehicle crime,Investigation complete; no suspect identified,
b8db670df470f4531c46112a7c1a882a2bd87e61dffb021c131100d26849f074,2015-12,Surrey Police,Northumbria Police,-1.445772,54.872951,On or near Foxcover Lane,E01008772,Sunderland 029A,Vehicle crime,Investigation complete; no suspect identified,
1eee37643996accac8cb8974569b354e3b7a0ba0a80b6518610126ea31f132b8,2015-12,Surrey Police,Northumbria Police,-1.442635,54.873269,On or near St Chad'S Road,E01008772,Sunderland 029A,Vehicle crime,Investigation complete; no suspect identified,
78886ac1f01a999f5bd7546993ce2c928be75b29b2824748b098467b256d0121,2015-12,Surrey Police,Northumbria Police,-1.443823,54.871855,On or near Crow Lane,E01008772,Sunderland 029A,Violence and sexual offences,Under investigation,
,2015-12,Surrey Police,Northumbria Police,-1.433690,54.868834,On or near Clinton Place,E01008774,Sunderland 029B,Anti-social behaviour,,
740e7c7f60d3cf56892a66b307dd7dd26804d8bdf0b73a73c4a39f8a530204e2,2015-12,Surrey Police,Northumbria Police,-1.433531,54.863522,On or near Bus/Coach Station,E01008775,Sunderland 029C,Other theft,Investigation complete; no suspect identified,
d6841f7a3b41922d8e8707deee5e6ee930702e80964af0e82621eb1a1f72145c,2015-12,Surrey Police,Northumbria Police,-1.433531,54.863522,On or near Bus/Coach Station,E01008775,Sunderland 029C,Possession of weapons,Under investigation,
0522d27d5e7d4bd211f0f74c0e5fa8e4d9c38885a536f09dab2ae33b2db1bca5,2015-12,Surrey Police,Northumbria Police,-1.430576,54.859833,On or near Azure Court,E01008775,Sunderland 029C,Other crime,Under investigation,
,2015-12,Surrey Police,Northumbria Police,-1.421089,54.867444,On or near Noirmont Way,E01008802,Sunderland 029D,Anti-social behaviour,,
,2015-12,Surrey Police,Northumbria Police,-1.423053,54.868433,On or near Maclynn Close,E01008802,Sunderland 029D,Anti-social behaviour,,
,2015-12,Surrey Police,Northumbria Police,-1.421089,54.867444,On or near Noirmont Way,E01008802,Sunderland 029D,Anti-social behaviour,,
,2015-12,Surrey Police,Northumbria Police,-1.421089,54.867444,On or near Noirmont Way,E01008802,Sunderland 029D,Anti-social behaviour,,
,2015-12,Surrey Police,Northumbria Police,-1.418213,54.866945,On or near Plane Tree Court,E01008802,Sunderland 029D,Anti-social behaviour,,
,2015-12,Surrey Police,Northumbria Police,-1.412673,54.867539,On or near Murrayfield,E01008802,Sunderland 029D,Anti-social behaviour,,
1fac82d86748ec105d2dc7fec1fa5cb51ceeefb080e2e8a8a8580a1ce668914e,2015-12,Surrey Police,Northumbria Police,-1.418213,54.866945,On or near Plane Tree Court,E01008802,Sunderland 029D,Other theft,Investigation complete; no suspect identified,
28ea03abf30b12fec18ba42a25b977f0a8f319050a46556ce7b161531a6ebefd,2015-12,Surrey Police,Northumbria Police,-1.418213,54.866945,On or near Plane Tree Court,E01008802,Sunderland 029D,Other theft,Investigation complete; no suspect identified,
513b8f491f2a4dd85e920992d92dce6d54c11444dc7a4676a6395e782cb264c6,2015-12,Surrey Police,Northumbria Police,-1.418213,54.866945,On or near Plane Tree Court,E01008802,Sunderland 029D,Shoplifting,Investigation complete; no suspect identified,
abc7e653f80f65c97d41690a6ad3191402bca2adb3f47fc76f0d8fdca8ce8de9,2015-12,Surrey Police,Northumbria Police,-1.418213,54.866945,On or near Plane Tree Court,E01008802,Sunderland 029D,Shoplifting,Investigation complete; no suspect identified,
446137e3c8597e80c849edadb0ae68cefe8a8f481f044709c92e76456f4c5848,2015-12,Surrey Police,Northumbria Police,-1.412673,54.867539,On or near Murrayfield,E01008802,Sunderland 029D,Violence and sexual offences,Offender given a caution,
6e2e68a47bdde866b5890a2571183cd7617cefc5f55103562c91dee7ffdfe43a,2015-12,Surrey Police,Northumbria Police,-1.410039,54.875075,On or near Courtney Drive,E01008802,Sunderland 029D,Violence and sexual offences,Under investigation,
,2015-12,Surrey Police,Northumbria Police,-1.423620,54.869083,On or near Brenlynn Close,E01008808,Sunderland 029E,Anti-social behaviour,,
,2015-12,Surrey Police,Northumbria Police,-1.428010,54.867207,On or near Morpeth Drive,E01008808,Sunderland 029E,Anti-social behaviour,,
,2015-12,Surrey Police,Northumbria Police,-1.423500,54.864454,On or near Medina Close,E01008808,Sunderland 029E,Anti-social behaviour,,
ea5ce8b7171b8ca3e54b0f8d690a1791337b535bbc1682d76544e3fb3e9d55a7,2015-12,Surrey Police,Northumbria Police,-1.427424,54.868993,On or near B1286,E01008808,Sunderland 029E,Bicycle theft,Investigation complete; no suspect identified,
21f5604c2df21a17731d4c7764d65216b9b7391f71a097e56ed0b20b7bfb3f8d,2015-12,Surrey Police,Northumbria Police,-1.432661,54.868892,On or near Clinton Place,E01008808,Sunderland 029E,Bicycle theft,Investigation complete; no suspect identified,
53a7cd479996795151b26275dc980f3d4f3cbaba1b8480e86a6594bee4a1f12b,2015-12,Surrey Police,Northumbria Police,-1.426971,54.863581,On or near Montford Close,E01008808,Sunderland 029E,Criminal damage and arson,Investigation complete; no suspect identified,
9bdc684cd37b9e77aceb9e8636404b50dfa698f57025e7058daa5887c1b4bd02,2015-12,Surrey Police,Northumbria Police,-1.426458,54.866787,On or near Marbury Close,E01008808,Sunderland 029E,Criminal damage and arson,Investigation complete; no suspect identified,
0bfdb4997f9098ba837689607ef9c425dcc7daaed91091237eebfc75066e84f9,2015-12,Surrey Police,Northumbria Police,-1.427001,54.862512,On or near Maxton Close,E01008808,Sunderland 029E,Criminal damage and arson,Investigation complete; no suspect identified,
f8adebfdf62290a4f219958d92803231162451f8f3698e239d428f1eef4932bc,2015-12,Surrey Police,Northumbria Police,-1.423739,54.867295,On or near Bowlynn Close,E01008808,Sunderland 029E,Violence and sexual offences,Under investigation,
c09b3fd136bbf2aa11dd8e7ad0b1cb56b6d86e11c67a1faaa6f32a1f07707824,2015-12,Surrey Police,Northumbria Police,-1.423620,54.869083,On or near Brenlynn Close,E01008808,Sunderland 029E,Violence and sexual offences,Investigation complete; no suspect identified,
,2015-12,Surrey Police,Northumbria Police,-1.494542,54.868356,On or near Petrol Station,E01008793,Sunderland 030A,Anti-social behaviour,,
,2015-12,Surrey Police,Northumbria Police,-1.492335,54.867952,On or near The Cove,E01008793,Sunderland 030A,Anti-social behaviour,,
37f200bc20445d8338dddd84b864002136c521e09726dd515f56cc8cd5084d97,2015-12,Surrey Police,Northumbria Police,-1.497796,54.866042,On or near Princes Street,E01008793,Sunderland 030A,Bicycle theft,Investigation complete; no suspect identified,
ff4920435a30b63499f2bdf919ce0ace1657977fc0f6ce676e52ea6446e1d826,2015-12,Surrey Police,Northumbria Police,-1.496074,54.864202,On or near Maple Terrace,E01008793,Sunderland 030A,Burglary,Investigation complete; no suspect identified,
7401d8af884e1ce721208db102753f905e778bb779c5c405cac18b87b1c4604e,2015-12,Surrey Police,Northumbria Police,-1.488440,54.869139,On or near Thirlmere Crescent,E01008793,Sunderland 030A,Other theft,Investigation complete; no suspect identified,
d6b144de18eb675da1d9b64b5b14267d778511f9d98877111005913d7206445f,2015-12,Surrey Police,Northumbria Police,-1.496391,54.867510,On or near Pedestrian Subway,E01008793,Sunderland 030A,Shoplifting,Investigation complete; no suspect identified,
93bbfd8b1dbe900480db3126ee2c84e09e4cabe8b6e8f0da66652372001ab12a,2015-12,Surrey Police,Northumbria Police,-1.494542,54.868356,On or near Petrol Station,E01008793,Sunderland 030A,Shoplifting,Under investigation,
bfd00a31207f2a5dbcf4c4b7b358022804d6e113e55d5f7c382b7997e2caafb6,2015-12,Surrey Police,Northumbria Police,-1.496391,54.867510,On or near Pedestrian Subway,E01008793,Sunderland 030A,Shoplifting,Investigation complete; no suspect identified,
f600b80907d0332676fcc37ef25ce4404e2bb56d7b40e3205eb79d901a3cef34,2015-12,Surrey Police,Northumbria Police,-1.496391,54.867510,On or near Pedestrian Subway,E01008793,Sunderland 030A,Shoplifting,Awaiting court outcome,
48c867bd2aa90b19384769936427f00ded6ab943826fe11441f0b692cfab73a7,2015-12,Surrey Police,Northumbria Police,-1.496391,54.867510,On or near Pedestrian Subway,E01008793,Sunderland 030A,Shoplifting,Awaiting court outcome,
b8614228e4093dbdb4e99fe66b39886a80d233a9abfcc3b04cc123469eb4adce,2015-12,Surrey Police,Northumbria Police,-1.496391,54.867510,On or near Pedestrian Subway,E01008793,Sunderland 030A,Shoplifting,Investigation complete; no suspect identified,
3190c8288e862741b9f8794fae7a28312f2f8479cad0d002d235eccf05bbed59,2015-12,Surrey Police,Northumbria Police,-1.495009,54.867145,On or near Parking Area,E01008793,Sunderland 030A,Vehicle crime,Investigation complete; no suspect identified,
3a8b48ccabb21ffbd2d9a366b2f398613d5caa4247962a1c3f93b078d835feaf,2015-12,Surrey Police,Northumbria Police,-1.491307,54.869151,On or near Council Avenue,E01008793,Sunderland 030A,Vehicle crime,Investigation complete; no suspect identified,
e4992203cdacab279aa5d4550f4fae96e048992e3afdbb622804bfdb97b20550,2015-12,Surrey Police,Northumbria Police,-1.490773,54.869455,On or near The Haven,E01008793,Sunderland 030A,Vehicle crime,Investigation complete; no suspect identified,
82a049374b68335ac5098928deffcc36d382008bfb1e0bdcd58338799f294c60,2015-12,Surrey Police,Northumbria Police,-1.492335,54.867952,On or near The Cove,E01008793,Sunderland 030A,Vehicle crime,Investigation complete; no suspect identified,
1db012d92adc6554d8461a5b6fb0e7b74a8ae0882ee74ddc67c93c0d8baf80eb,2015-12,Surrey Police,Northumbria Police,-1.493674,54.865486,On or near Galashiels Grove,E01008793,Sunderland 030A,Violence and sexual offences,Investigation complete; no suspect identified,
374cf8a1e673a6097544ae3b086a3602c78611d25caabf995dc7449f81db9e93,2015-12,Surrey Police,Northumbria Police,-1.495009,54.867145,On or near Parking Area,E01008793,Sunderland 030A,Violence and sexual offences,Investigation complete; no suspect identified,
ef5c7a2110e33ec8241998aa6dac04808c8cefb792e8789c62448438e7e725e8,2015-12,Surrey Police,Northumbria Police,-1.501703,54.866409,On or near Claremont Drive,E01008795,Sunderland 030B,Criminal damage and arson,Investigation complete; no suspect identified,
20aa5a77d234f5a6d4b58363b85f9b8f7741ef34a7f6736c4fbfdd5de25d1cfe,2015-12,Surrey Police,Northumbria Police,-1.503417,54.866326,On or near Medlar Close,E01008795,Sunderland 030B,Criminal damage and arson,Investigation complete; no suspect identified,
74815d4585b69bd757d021f3794ebfd53719f41b79c5cc42841dd36dd8f45ce0,2015-12,Surrey Police,Northumbria Police,-1.500887,54.869380,On or near Washington Highway,E01008795,Sunderland 030B,Public order,Investigation complete; no suspect identified,
adea2532ace0a24d0b8b06673887c9d833e2fb3984167f9499d3dd71d1ff5e43,2015-12,Surrey Police,Northumbria Police,-1.503417,54.866326,On or near Medlar Close,E01008795,Sunderland 030B,Vehicle crime,Investigation complete; no suspect identified,
,2015-12,Surrey Police,Northumbria Police,-1.500021,54.863796,On or near Larkfield Crescent,E01008797,Sunderland 030C,Anti-social behaviour,,
,2015-12,Surrey Police,Northumbria Police,-1.502206,54.858413,On or near Lytham Grange,E01008797,Sunderland 030C,Anti-social behaviour,,
af1c10075e17e345d21794fee76d5d7b7722f73e5e68ce0f680e9d5ad432d7b1,2015-12,Surrey Police,Northumbria Police,-1.500796,54.861579,On or near Bourn Lea,E01008797,Sunderland 030C,Burglary,Investigation complete; no suspect identified,
1109a538679ecd9bc8611da0c8fa73e8c0f5e227bfb2857c4ff7ce13eefb44de,2015-12,Surrey Police,Northumbria Police,-1.501169,54.860431,On or near Golf Course Road,E01008797,Sunderland 030C,Burglary,Investigation complete; no suspect identified,
4e417c6571f69fc77f12465f02546746537e7ca3e6eb8eb94f21d29fa2cd1d2c,2015-12,Surrey Police,Northumbria Police,-1.502249,54.858754,On or near Birkdale Drive,E01008797,Sunderland 030C,Burglary,Investigation complete; no suspect identified,
98203596583db7eab33df6e184c900323013f93d0bd20e157f34f4a5b3bc258a,2015-12,Surrey Police,Northumbria Police,-1.482702,54.854827,On or near Coaley Lane,E01008797,Sunderland 030C,Vehicle crime,Investigation complete; no suspect identified,
,2015-12,Surrey Police,Northumbria Police,-1.491834,54.874348,On or near Weardale Crescent,E01008800,Sunderland 030D,Anti-social behaviour,,
,2015-12,Surrey Police,Northumbria Police,-1.489348,54.873708,On or near Clydesdale Avenue,E01008800,Sunderland 030D,Anti-social behaviour,,
,2015-12,Surrey Police,Northumbria Police,-1.491834,54.874348,On or near Weardale Crescent,E01008800,Sunderland 030D,Anti-social behaviour,,
,2015-12,Surrey Police,Northumbria Police,-1.489348,54.873708,On or near Clydesdale Avenue,E01008800,Sunderland 030D,Anti-social behaviour,,
390e47d817ebf0246b1fcc08e5e1311e7cfcb1ce58a9f6e39c77595ca31adbaa,2015-12,Surrey Police,Northumbria Police,-1.497014,54.877569,On or near Teesdale Avenue,E01008800,Sunderland 030D,Burglary,Investigation complete; no suspect identified,
c7cd13e81e09a6116e3ae86262e92aa4b402ab9d97698dee2a6e23d236f2ebca,2015-12,Surrey Police,Northumbria Police,-1.499013,54.876004,On or near Borrowdale Crescent,E01008800,Sunderland 030D,Burglary,Investigation complete; no suspect identified,
05d3c7fe6087d7e02551a8cfa28a5ef5955ac31c0288a2e7d5e0e606dc5137f4,2015-12,Surrey Police,Northumbria Police,-1.491834,54.874348,On or near Weardale Crescent,E01008800,Sunderland 030D,Public order,Offender given a caution,
e204144f10f101ed329d05b63d271196ed751df496fa1f1d24950f009f2cba1b,2015-12,Surrey Police,Northumbria Police,-1.491834,54.874348,On or near Weardale Crescent,E01008800,Sunderland 030D,Public order,Investigation complete; no suspect identified,
4cbf0f59608307444334be8cbe5277c1d93bd26eaac817a16475fe0f982d887d,2015-12,Surrey Police,Northumbria Police,-1.491834,54.874348,On or near Weardale Crescent,E01008800,Sunderland 030D,Public order,Court case unable to proceed,
aa1576f492931133abc39b80cefe019b268dfefb22b67d220dee958105bf5c02,2015-12,Surrey Police,Northumbria Police,-1.491834,54.874348,On or near Weardale Crescent,E01008800,Sunderland 030D,Public order,Under investigation,
fe604b78d0767dd18ebe104cbd5796acca5daeb91e05a65077218ee47071f42e,2015-12,Surrey Police,Northumbria Police,-1.496693,54.877082,On or near Langdale Road,E01008800,Sunderland 030D,Violence and sexual offences,Under investigation,
c18420966df8b040008a9c249a95f0781266d1627659e4f4fbc2d0cc02be6e72,2015-12,Surrey Police,Northumbria Police,-1.496806,54.876759,On or near Eskdale,E01008800,Sunderland 030D,Violence and sexual offences,Investigation complete; no suspect identified,
013c4ce0540fdab716922d2b64cbb1fa799e241448481ebfa43751e0764f91d1,2015-12,Surrey Police,Northumbria Police,-1.491834,54.874348,On or near Weardale Crescent,E01008800,Sunderland 030D,Violence and sexual offences,Awaiting court outcome,
467c36577a1b12ea9d21caa760729c30422721ba902ecfbb5f64b87e7347a9d5,2015-12,Surrey Police,Northumbria Police,-1.491834,54.874348,On or near Weardale Crescent,E01008800,Sunderland 030D,Violence and sexual offences,Under investigation,
0167837ddadcc56c827f82d92e5801fc14600f6769dd2d0050766b7aa4db7e68,2015-12,Surrey Police,Northumbria Police,-1.489348,54.873708,On or near Clydesdale Avenue,E01008800,Sunderland 030D,Violence and sexual offences,Offender given a caution,
ec2d1c5f0485cc874b15bbc7150e02522a3ddb655f31d7ebe18efa70d0b267da,2015-12,Surrey Police,Northumbria Police,-1.499013,54.876004,On or near Borrowdale Crescent,E01008800,Sunderland 030D,Other crime,Under investigation,
53d4b96959a092c5130f70e50fd715f3b8c1420da97f9b0b7da8055d837dbf95,2015-12,Surrey Police,Northumbria Police,-1.489348,54.873708,On or near Clydesdale Avenue,E01008800,Sunderland 030D,Other crime,Offender given suspended prison sentence,
,2015-12,Surrey Police,Northumbria Police,-1.494119,54.869837,On or near Burnham Close,E01008801,Sunderland 030E,Anti-social behaviour,,
7d04f77da85d03db0b65eab16f986ca2196361a775768b693f7b00fc8165a924,2015-12,Surrey Police,Northumbria Police,-1.495746,54.871803,On or near Whitefield Crescent,E01008801,Sunderland 030E,Other theft,Investigation complete; no suspect identified,
0965d7021ae0ab30c959b71426607885bd733854c454b0def26b1495541151a5,2015-12,Surrey Police,Northumbria Police,-1.494923,54.870299,On or near Sutton Close,E01008801,Sunderland 030E,Other theft,Investigation complete; no suspect identified,
655f4c49e3de8579d4b284fb4e33dfb751eee4460dbdd410a3d23eef036aebaa,2015-12,Surrey Police,Northumbria Police,-1.495746,54.871803,On or near Whitefield Crescent,E01008801,Sunderland 030E,Other theft,Investigation complete; no suspect identified,
e8d28dc31df8ca7124dfe14ad7de20d5aebf28a4ef84be0c0ac66c965436cdb0,2015-12,Surrey Police,Northumbria Police,-1.495746,54.871803,On or near Whitefield Crescent,E01008801,Sunderland 030E,Other theft,Investigation complete; no suspect identified,
a0eddda59d67e7d134207a814fa4e281ae63f2525fb6fafb5637aa2f8b64b49e,2015-12,Surrey Police,Northumbria Police,-1.481359,54.868462,On or near B1286,E01008801,Sunderland 030E,Shoplifting,Investigation complete; no suspect identified,
b45fa3a356130e88c5ee5b6957742f2e72e7f03fef366169f27a0be2d01c79ed,2015-12,Surrey Police,Northumbria Police,-1.483758,54.869722,On or near Barnwell View,E01008801,Sunderland 030E,Violence and sexual offences,Investigation complete; no suspect identified,
45c5fbb2e15d993a8afd82e3b0fb477bebe90a13a1d21f8566001b5f9a9408e2,2015-12,Surrey Police,Northumbria Police,-1.481359,54.868462,On or near B1286,E01008801,Sunderland 030E,Violence and sexual offences,Under investigation,
10b873c1e518d009739bde088a8bac9beba4a8d5fc8c997dbe7082017acdf2c4,2015-12,Surrey Police,Northumbria Police,-1.400540,54.851457,On or near A19,E01008765,Sunderland 031A,Burglary,Investigation complete; no suspect identified,
,2015-12,Surrey Police,Northumbria Police,-1.388026,54.869430,On or near Rowell Close,E01008767,Sunderland 031B,Anti-social behaviour,,
,2015-12,Surrey Police,Northumbria Police,-1.386163,54.869025,On or near Ridgeway,E01008767,Sunderland 031B,Anti-social behaviour,,
c7eeb2a615b83d193a4c062c338ed6838b914bd425bce6268296c30bcfc9450a,2015-12,Surrey Police,Northumbria Police,-1.384696,54.872253,On or near Tunstall Bank,E01008767,Sunderland 031B,Drugs,Investigation complete; no suspect identified,
64ee00b4e0e77c3193e8e5de1efe89377f9fc8258c536df75070f3712e12d140,2015-12,Surrey Police,Northumbria Police,-1.419936,54.865273,On or near College Burn Road,E01008770,Sunderland 031C,Criminal damage and arson,Investigation complete; no suspect identified,
c765ebbf37b2d55eeb686e8d68bde364279412b5d9342b4f7dd9e5a9250d5056,2015-12,Surrey Police,Northumbria Police,-1.413636,54.864524,On or near Knollside Close,E01008770,Sunderland 031C,Shoplifting,Under investigation,
3409a13e20e79803db5d58202f664020e50c7d3c77c1701da132568567758dde,2015-12,Surrey Police,Northumbria Police,-1.419936,54.865273,On or near College Burn Road,E01008770,Sunderland 031C,Vehicle crime,Investigation complete; no suspect identified,
71978c32217e563348c7f6f16da26b16fdaf352cff78cc328692c62263e6a056,2015-12,Surrey Police,Northumbria Police,-1.419936,54.865273,On or near College Burn Road,E01008770,Sunderland 031C,Violence and sexual offences,Under investigation,
,2015-12,Surrey Police,Northumbria Police,-1.406602,54.859745,On or near Cam Mead,E01008771,Sunderland 031D,Anti-social behaviour,,
,2015-12,Surrey Police,Northumbria Police,-1.407671,54.863345,On or near Cornbank Close,E01008771,Sunderland 031D,Anti-social behaviour,,
78c7e892990532f5b93c777b6ec6f5022cf1ce9144694d1023170f8b8b3f00e3,2015-12,Surrey Police,Northumbria Police,-1.406602,54.859745,On or near Cam Mead,E01008771,Sunderland 031D,Violence and sexual offences,Under investigation,
c8bce838244a7b312f999a5fb3fce442dca90e6ad551ff6461b7e6092c0ec23e,2015-12,Surrey Police,Northumbria Police,-1.411879,54.862134,On or near Honeycomb Close,E01008771,Sunderland 031D,Violence and sexual offences,Under investigation,
,2015-12,Surrey Police,Northumbria Police,-1.474031,54.855679,On or near Cathedral View,E01008720,Sunderland 032A,Anti-social behaviour,,
,2015-12,Surrey Police,Northumbria Police,-1.476946,54.856662,On or near Front Street,E01008720,Sunderland 032A,Anti-social behaviour,,
,2015-12,Surrey Police,Northumbria Police,-1.474031,54.855679,On or near Cathedral View,E01008720,Sunderland 032A,Anti-social behaviour,,
,2015-12,Surrey Police,Northumbria Police,-1.474130,54.856443,On or near South Street,E01008720,Sunderland 032A,Anti-social behaviour,,
,2015-12,Surrey Police,Northumbria Police,-1.476946,54.856662,On or near Front Street,E01008720,Sunderland 032A,Anti-social behaviour,,
,2015-12,Surrey Police,Northumbria Police,-1.474130,54.856443,On or near South Street,E01008720,Sunderland 032A,Anti-social behaviour,,
,2015-12,Surrey Police,Northumbria Police,-1.464625,54.846085,On or near Balfour Street,E01008720,Sunderland 032A,Anti-social behaviour,,
acc91d80ffb75614c0716864fd12f08e907ce28528751c8f8731e1f0f0937c76,2015-12,Surrey Police,Northumbria Police,-1.472961,54.855243,On or near The Leas,E01008720,Sunderland 032A,Burglary,Under investigation,
a7fe1f74763d53b735c5bb3c030777a20f744114f07af6f32c702f76ca904e7d,2015-12,Surrey Police,Northumbria Police,-1.464944,54.846671,On or near Baker Street,E01008720,Sunderland 032A,Criminal damage and arson,Investigation complete; no suspect identified,
caf5832a1932357163cc491ed87f1d110f369458305164d18b519eaa22a30171,2015-12,Surrey Police,Northumbria Police,-1.465119,54.848747,On or near Houghton Cut,E01008720,Sunderland 032A,Drugs,Offender given a drugs possession warning,
72a3cfb4c378575f5d7f6b2e958138e6a58f5335082500e6192c916c4f04b52e,2015-12,Surrey Police,Northumbria Police,-1.474168,54.855859,On or near Springfield Road,E01008720,Sunderland 032A,Other theft,Investigation complete; no suspect identified,
2387b5f3a7373ae83db0ad67cebb1c898417a22ce7dd7e5091b197f9dfca592d,2015-12,Surrey Police,Northumbria Police,-1.475964,54.854348,On or near Cellar Hill Close,E01008720,Sunderland 032A,Violence and sexual offences,Under investigation,
8aecf9c83b0fcd0c657ed262d9c4b884880b6cb2a244e83b6af1db7b07c83dac,2015-12,Surrey Police,Northumbria Police,-1.464944,54.846671,On or near Baker Street,E01008720,Sunderland 032A,Other crime,Offender given a caution,
,2015-12,Surrey Police,Northumbria Police,-1.478017,54.857008,On or near Grange View,E01008721,Sunderland 032B,Anti-social behaviour,,
e1b813bb5be7195f0b66c57a7721841df9e3d557a1a3c183e67e7a0b09af769a,2015-12,Surrey Police,Northumbria Police,-1.478794,54.860750,On or near Electric Crescent,E01008721,Sunderland 032B,Criminal damage and arson,Investigation complete; no suspect identified,
b1cc0e2c4ba8dc48681dfe6e7be359c2dcea3841bbc1ecedb10bcbb0861f466c,2015-12,Surrey Police,Northumbria Police,-1.478557,54.858547,On or near Green Avenue,E01008721,Sunderland 032B,Vehicle crime,Investigation complete; no suspect identified,
,2015-12,Surrey Police,Northumbria Police,-1.488844,54.867973,On or near Derwent Street,E01008796,Sunderland 032D,Anti-social behaviour,,
,2015-12,Surrey Police,Northumbria Police,-1.485772,54.866989,On or near Parking Area,E01008796,Sunderland 032D,Anti-social behaviour,,
3037290886b64534be3bd29880736ad876b3254779c7a77a3f28947d72a8232c,2015-12,Surrey Police,Northumbria Police,-1.486173,54.864807,On or near Kingston Mews,E01008796,Sunderland 032D,Criminal damage and arson,Under investigation,
3f617efcba796ddec3753015a8732fc22779547fca2b224e252bd7be87db3af6,2015-12,Surrey Police,Northumbria Police,-1.488261,54.863612,On or near Further/Higher Educational Building,E01008796,Sunderland 032D,Criminal damage and arson,Investigation complete; no suspect identified,
f52b43aff00dce1a1b5a3628bdc91776ca9b2eb05649589f9edbd272baaf7b6c,2015-12,Surrey Police,Northumbria Police,-1.485772,54.866989,On or near Parking Area,E01008796,Sunderland 032D,Other theft,Investigation complete; no suspect identified,
bfdd5735ece96178cdbfd95a448abce40b02d7a8c6f5b00b723131724d03f530,2015-12,Surrey Police,Northumbria Police,-1.487632,54.866530,On or near Henry Street,E01008796,Sunderland 032D,Other theft,Investigation complete; no suspect identified,
657e2c4552db52b409f45fa2dba2f7914b5b3a3a6f1f99f9c884b5ca0effe784,2015-12,Surrey Police,Northumbria Police,-1.485772,54.866989,On or near Parking Area,E01008796,Sunderland 032D,Other theft,Investigation complete; no suspect identified,
dc453cc14e02916a076e2125dcdb37111d3e4beff45cad7e3dfcdecf1ed9f1f9,2015-12,Surrey Police,Northumbria Police,-1.485772,54.866989,On or near Parking Area,E01008796,Sunderland 032D,Vehicle crime,Investigation complete; no suspect identified,
e75c08d38f38cfe9ac17465050de9ce9ad52c4672364dfd32e13bb32e79814b4,2015-12,Surrey Police,Northumbria Police,-1.472528,54.869395,On or near Parking Area,E01032483,Sunderland 032F,Criminal damage and arson,Awaiting court outcome,
e5ea6ffb53e64b6388e6db2a99a69c9fd15621b0dbf38fb72979bc03d2d16282,2015-12,Surrey Police,Northumbria Police,-1.477447,54.869713,On or near Lanton Street,E01032483,Sunderland 032F,Possession of weapons,Defendant sent to Crown Court,
38614959897580e1bd021c7cc7bf0948adf7f76b9bacf45ba122b58a57e8c6a9,2015-12,Surrey Police,Northumbria Police,-1.477447,54.869713,On or near Lanton Street,E01032483,Sunderland 032F,Possession of weapons,Defendant sent to Crown Court,
6b7fce447ea2f1ad5926d975e3d6184e89a7ae06098930558c31ca0a4020b75e,2015-12,Surrey Police,Northumbria Police,-1.477447,54.869713,On or near Lanton Street,E01032483,Sunderland 032F,Possession of weapons,Defendant sent to Crown Court,
3d6592b45787bd085308dea67870d0ded7b126b00fbeb23fc96da6a7ee264717,2015-12,Surrey Police,Northumbria Police,-1.477447,54.869713,On or near Lanton Street,E01032483,Sunderland 032F,Possession of weapons,Court case unable to proceed,
70298a8b1586f7503808ab47f81382443300ec955b41347bc11f22a7eec91626,2015-12,Surrey Police,Northumbria Police,-1.472528,54.869395,On or near Parking Area,E01032483,Sunderland 032F,Public order,Awaiting court outcome,
442959baae339e0a973de3e72d10033f9c202bdbf1046c2285643449c6af3a05,2015-12,Surrey Police,Northumbria Police,-1.471256,54.868958,On or near Sports/Recreation Area,E01032483,Sunderland 032F,Vehicle crime,Investigation complete; no suspect identified,
664e2c98957fd0a3e0f836378c4d8b85a275ce2d8318fe897df8453a2f3c6782,2015-12,Surrey Police,Northumbria Police,-1.459827,54.871855,On or near Manor Grove,E01032483,Sunderland 032F,Violence and sexual offences,Investigation complete; no suspect identified,
2e566557c267ced31bad19ec997d0770c6134ebe9b58843c7205e615af87a2ca,2015-12,Surrey Police,Northumbria Police,-1.477447,54.869713,On or near Lanton Street,E01032483,Sunderland 032F,Violence and sexual offences,Under investigation,
,2015-12,Surrey Police,Northumbria Police,-1.487230,54.879756,On or near Hill Lane,E01032484,Sunderland 032G,Anti-social behaviour,,
,2015-12,Surrey Police,Northumbria Police,-1.488007,54.874988,On or near Garden Place,E01032484,Sunderland 032G,Anti-social behaviour,,
,2015-12,Surrey Police,Northumbria Police,-1.461127,54.887704,On or near Foxcover Road,E01032484,Sunderland 032G,Anti-social behaviour,,
,2015-12,Surrey Police,Northumbria Police,-1.461127,54.887704,On or near Foxcover Road,E01032484,Sunderland 032G,Anti-social behaviour,,
,2015-12,Surrey Police,Northumbria Police,-1.461127,54.887704,On or near Foxcover Road,E01032484,Sunderland 032G,Anti-social behaviour,,
5290366cce78f5c54bd373eaea2e26e077b46753079d6cd4674985a450ac5ebe,2015-12,Surrey Police,Northumbria Police,-1.489304,54.876000,On or near Wallis Street,E01032484,Sunderland 032G,Criminal damage and arson,Investigation complete; no suspect identified,
427d0adb337eaec80c321a661430aea70644f7bfae5380d9bfde0784db4fe4b8,2015-12,Surrey Police,Northumbria Police,-1.486271,54.875529,On or near Chester Road,E01032484,Sunderland 032G,Drugs,Under investigation,
140242c51fe5859f06e1bb097cc9599bfc4947ba0862d458d69809f5be378fb6,2015-12,Surrey Police,Northumbria Police,-1.497159,54.882224,On or near Coxgreen Road,E01032484,Sunderland 032G,Vehicle crime,Investigation complete; no suspect identified,
54d475ae922da319e225d196a3ca4402dbf6db2495bbde4479f8719cbc6c2515,2015-12,Surrey Police,Northumbria Police,-1.497159,54.882224,On or near Coxgreen Road,E01032484,Sunderland 032G,Vehicle crime,Investigation complete; no suspect identified,
25517db19374e71c2103343c09889ec89f0f07b1a800637c4fa799180dcbaa82,2015-12,Surrey Police,Northumbria Police,-1.497159,54.882224,On or near Coxgreen Road,E01032484,Sunderland 032G,Vehicle crime,Investigation complete; no suspect identified,
e3365d133a8ac19a24080dc6ab5e45fc9d8b479fc89697582af4453f86367e8e,2015-12,Surrey Police,Northumbria Police,-1.497159,54.882224,On or near Coxgreen Road,E01032484,Sunderland 032G,Vehicle crime,Investigation complete; no suspect identified,
7016373a61162f93d304d1a4fae994220019f0d7cd172616651576dc836753ea,2015-12,Surrey Police,Northumbria Police,-1.497159,54.882224,On or near Coxgreen Road,E01032484,Sunderland 032G,Vehicle crime,Investigation complete; no suspect identified,
70ec59a1534989bea96791dbc099933274f86b708cedc7350ae6944a44721b0d,2015-12,Surrey Police,Northumbria Police,-1.497159,54.882224,On or near Coxgreen Road,E01032484,Sunderland 032G,Vehicle crime,Investigation complete; no suspect identified,
61300a515c98c3a30d8331294850c28bcee4035e05d7c97625c007b618dfc328,2015-12,Surrey Police,Northumbria Police,-1.497159,54.882224,On or near Coxgreen Road,E01032484,Sunderland 032G,Vehicle crime,Investigation complete; no suspect identified,
45e05a0fc611bfc79a37a517ef9b2a8f3000203558378aad68fc0f01f3b04860,2015-12,Surrey Police,Northumbria Police,-1.487230,54.879756,On or near Hill Lane,E01032484,Sunderland 032G,Violence and sexual offences,Investigation complete; no suspect identified,
2d4817fb561d52def839190e25cc214c1be9f8bbb62b7c27ff2f7485575b1d0a,2015-12,Surrey Police,Northumbria Police,-1.490683,54.876590,On or near Fenwick Street,E01032484,Sunderland 032G,Violence and sexual offences,Awaiting court outcome,
,2015-12,Surrey Police,Northumbria Police,-1.494434,54.844640,On or near Harwood Drive,E01008750,Sunderland 033A,Anti-social behaviour,,
7f76d5f48c03b07462968e1eb6cd41f0e32584608ffead857ca973a09bc3e343,2015-12,Surrey Police,Northumbria Police,-1.500412,54.837206,On or near The Mews,E01008750,Sunderland 033A,Burglary,Investigation complete; no suspect identified,
8236cfafa2a503fd19574c2e22a337e821600a4530af8f114e7b6a0a82ed4b05,2015-12,Surrey Police,Northumbria Police,-1.492677,54.845666,On or near Mulberry Way,E01008750,Sunderland 033A,Burglary,Investigation complete; no suspect identified,
1c5b65b938ef8779847c0c7e996f14b32f4903f02313d3c446e1e6316f705519,2015-12,Surrey Police,Northumbria Police,-1.494268,54.840470,On or near The Folds,E01008750,Sunderland 033A,Criminal damage and arson,Investigation complete; no suspect identified,
9982f156ec5e4fef217302039f6d5ab64a96b49ad52512ddc5c0680e691211ac,2015-12,Surrey Police,Northumbria Police,-1.491731,54.841601,On or near Petrol Station,E01008750,Sunderland 033A,Other theft,Investigation complete; no suspect identified,
753b10dd07ed6349df6d02c9b4fe6a2f0e7b404b4b332de3e51031e7c3ffc291,2015-12,Surrey Police,Northumbria Police,-1.494268,54.840470,On or near The Folds,E01008750,Sunderland 033A,Other theft,Investigation complete; no suspect identified,
c486dc5c8076ba32dfeec70d1096fc796ef303daf5e8167c6a3b992dc7357bca,2015-12,Surrey Police,Northumbria Police,-1.493196,54.839037,On or near Highfield Drive,E01008750,Sunderland 033A,Other theft,Investigation complete; no suspect identified,
832849e27045171c4c79a999cd5ca64a5c97fcd699a771c046e3efab08488d9d,2015-12,Surrey Police,Northumbria Police,-1.492662,54.844345,On or near Dunscar,E01008750,Sunderland 033A,Public order,Investigation complete; no suspect identified,
74df910ca9ef493dd7aacdd4759cc0f902a6cba991b1401742dee2d25a43feaa,2015-12,Surrey Police,Northumbria Police,-1.493416,54.838849,On or near Highfield Grange,E01008750,Sunderland 033A,Vehicle crime,Investigation complete; no suspect identified,
0715c0130de0c2994b64f5bd17e984f7193a46a8d69f0db1efd622da9c53d8f5,2015-12,Surrey Police,Northumbria Police,-1.493918,54.842284,On or near Keir Hardie Street,E01008750,Sunderland 033A,Vehicle crime,Investigation complete; no suspect identified,
246b0c62089a37734fe37b50bd3aaecc2cc467fde2862b93584ab662ef84ba53,2015-12,Surrey Police,Northumbria Police,-1.494268,54.840470,On or near The Folds,E01008750,Sunderland 033A,Other crime,Under investigation,
,2015-12,Surrey Police,Northumbria Police,-1.484739,54.850180,On or near Newstead Road,E01008751,Sunderland 033B,Anti-social behaviour,,
187919b81a69aed2c0448c3e406505946597ea24af9ba0497388351db7bea893,2015-12,Surrey Police,Northumbria Police,-1.486363,54.848686,On or near Lindisfarne Close,E01008751,Sunderland 033B,Burglary,Investigation complete; no suspect identified,
3e539e1535038a12f6c9e7c016fb30c8352c99d5b088acdaea2e73a177c4d652,2015-12,Surrey Police,Northumbria Police,-1.483689,54.850706,On or near Blind Lane,E01008751,Sunderland 033B,Other theft,Investigation complete; no suspect identified,
418a4251cc070b814c5e6fa21e1f07c3ef2bd8fbf7446e9f642682b9be565d9d,2015-12,Surrey Police,Northumbria Police,-1.485816,54.850041,On or near Byland Close,E01008751,Sunderland 033B,Vehicle crime,Investigation complete; no suspect identified,
46d7649f174c151c80277034b0a41b48aec83e6c38f7c881b079d74d27af3e2f,2015-12,Surrey Police,Northumbria Police,-1.485606,54.850597,On or near Buckland Close,E01008751,Sunderland 033B,Violence and sexual offences,Under investigation,
,2015-12,Surrey Police,Northumbria Police,-1.496738,54.843455,On or near Bankhead Terrace,E01008752,Sunderland 033C,Anti-social behaviour,,
7e15fd995a998dc6051fd562cfbd932e687597b80f34393c379216371a1ed270,2015-12,Surrey Police,Northumbria Police,-1.502357,54.846147,On or near Raby Close,E01008752,Sunderland 033C,Burglary,Investigation complete; no suspect identified,
cf193d9f50168b540c898a2de9d8957fb15fbb609ad343aa0bb4498f45286837,2015-12,Surrey Police,Northumbria Police,-1.498593,54.844523,On or near Morley Terrace,E01008752,Sunderland 033C,Violence and sexual offences,Under investigation,
90aae49a72e23feb5390ec853ac448c3488f65864dc54213785ba47c6dfaf903,2015-12,Surrey Police,Northumbria Police,-1.478456,54.847062,On or near Newburn Crescent,E01008753,Sunderland 033D,Burglary,Under investigation,
e73991d17e88bbdebf5ed669b02a9fa299d8e617aa6044014277e93216cfdc7e,2015-12,Surrey Police,Northumbria Police,-1.480484,54.849272,On or near Thorneyburn Close,E01008753,Sunderland 033D,Criminal damage and arson,Investigation complete; no suspect identified,
,2015-12,Surrey Police,Northumbria Police,-1.501522,54.840626,On or near John Street,E01008755,Sunderland 033E,Anti-social behaviour,,
,2015-12,Surrey Police,Northumbria Police,-1.499545,54.841849,On or near Britannia Terrace,E01008755,Sunderland 033E,Anti-social behaviour,,
,2015-12,Surrey Police,Northumbria Police,-1.495528,54.841769,On or near Parking Area,E01008755,Sunderland 033E,Anti-social behaviour,,
0795108c35709e64855b8007c6cdcff68da2464ff70b1c94406c152b052beb5b,2015-12,Surrey Police,Northumbria Police,-1.503366,54.845100,On or near A1052,E01008755,Sunderland 033E,Bicycle theft,Investigation complete; no suspect identified,
9398a93696542b76931f502881253faea3047f5c5d59331614ef21da6b74130f,2015-12,Surrey Police,Northumbria Police,-1.503366,54.845100,On or near A1052,E01008755,Sunderland 033E,Burglary,Investigation complete; no suspect identified,
3b0db33f2b5190524562878777cd1d50cb9c4d462f42fb50ec68b219ccd459e4,2015-12,Surrey Police,Northumbria Police,-1.497293,54.842630,On or near Front Street,E01008755,Sunderland 033E,Criminal damage and arson,Offender given a caution,
241b497dfd599c49b58b701c5e2a1b8e03fd4615a4a3c9973f71cd844cadf424,2015-12,Surrey Police,Northumbria Police,-1.497293,54.842630,On or near Front Street,E01008755,Sunderland 033E,Drugs,Offender given a drugs possession warning,
1f74c476f68beb45bd346f8ea32d45955207dc1ef9dfd5105aadb01aa35d224a,2015-12,Surrey Police,Northumbria Police,-1.499545,54.841849,On or near Britannia Terrace,E01008755,Sunderland 033E,Public order,Investigation complete; no suspect identified,
9f329de3ec1b7b6c60405e60e1acf296a8e3b5c53c62e8be80cff0a5ff6a02cb,2015-12,Surrey Police,Northumbria Police,-1.497293,54.842630,On or near Front Street,E01008755,Sunderland 033E,Shoplifting,Investigation complete; no suspect identified,
89b75bdf939d5c50de558dd55944dca3ef7a6dd70893351ce221fc3a587a310a,2015-12,Surrey Police,Northumbria Police,-1.497293,54.842630,On or near Front Street,E01008755,Sunderland 033E,Violence and sexual offences,Under investigation,
7d24c81deda8c4a1bcd3fbaf8dbf51a4afdc37a54af71708bb4ef81bab3a4977,2015-12,Surrey Police,Northumbria Police,-1.498631,54.838915,On or near Wear Street,E01008755,Sunderland 033E,Violence and sexual offences,Awaiting court outcome,
68d2abd370b4c39aafb54af63e1bbb511cbd3677647446e1fb5608e69f8f673a,2015-12,Surrey Police,Northumbria Police,-1.503676,54.840212,On or near Railway Cottages,E01008755,Sunderland 033E,Violence and sexual offences,Under investigation,
71748c4f4dab6efeec34d9e4f489ea137083fb44d803db11325789ad49c96088,2015-12,Surrey Police,Northumbria Police,-1.503676,54.840212,On or near Railway Cottages,E01008755,Sunderland 033E,Violence and sexual offences,Under investigation,
9d1ec2a1b73e52e64e59b9240048700a28064be229893606dda4e9cfb8ea8220,2015-12,Surrey Police,Northumbria Police,-1.502216,54.842399,On or near Durham Street,E01008755,Sunderland 033E,Violence and sexual offences,Offender given a caution,
c0c4e49e947701bcbb25dcb0d131fbb1a5a3d7c6d33a968b0fcb5c1327d3bfb4,2015-12,Surrey Police,Northumbria Police,-1.495528,54.841769,On or near Parking Area,E01008755,Sunderland 033E,Violence and sexual offences,Under investigation,
243424a63558a7191b8bf3c1ae70a970cb23d5b6192b320cdb9940f1ef205fce,2015-12,Surrey Police,Northumbria Police,-1.497293,54.842630,On or near Front Street,E01008755,Sunderland 033E,Violence and sexual offences,Under investigation,
,2015-12,Surrey Police,Northumbria Police,-1.454928,54.838772,On or near Dene Avenue,E01008714,Sunderland 034A,Anti-social behaviour,,
,2015-12,Surrey Police,Northumbria Police,-1.459671,54.840375,On or near Kirklea Road,E01008714,Sunderland 034A,Anti-social behaviour,,
,2015-12,Surrey Police,Northumbria Police,-1.457831,54.840546,On or near Earsdon Road,E01008714,Sunderland 034A,Anti-social behaviour,,
,2015-12,Surrey Police,Northumbria Police,-1.459132,54.842251,On or near Ryhope Street,E01008714,Sunderland 034A,Anti-social behaviour,,
37241f7b2e164858daa80d4f0a754a71298af7e7af3d1ed1537fe2793732359f,2015-12,Surrey Police,Northumbria Police,-1.459841,54.839315,On or near Queensway,E01008714,Sunderland 034A,Criminal damage and arson,Investigation complete; no suspect identified,
bfb8341e9bc960fc089caacd3935faab6ba66f6ab94616aba726b765aa09ad9e,2015-12,Surrey Police,Northumbria Police,-1.461449,54.841308,On or near Windsor Crescent,E01008714,Sunderland 034A,Violence and sexual offences,Offender given a caution,
765fc40cc1766020397ccf179dbfbdec523530ab6cf05a83529f1747174a3ffb,2015-12,Surrey Police,Northumbria Police,-1.460084,54.839721,On or near Kirkstone Close,E01008714,Sunderland 034A,Violence and sexual offences,Investigation complete; no suspect identified,
6508cf60f7963dce52e2f82c2f9baf3846d303e9cc3b7d7d5e4d8461b93aa448,2015-12,Surrey Police,Northumbria Police,-1.459362,54.841335,On or near John Street,E01008714,Sunderland 034A,Violence and sexual offences,Under investigation,
b0a49b2e92383a78e6fd3148b3bc5dc07fd547798fe3d2a5d124201d10f2874f,2015-12,Surrey Police,Northumbria Police,-1.459362,54.841335,On or near John Street,E01008714,Sunderland 034A,Violence and sexual offences,Under investigation,
1ddb6b067e72d53ddd66324037bdf6eeafb00347d95915cb4b16857353079051,2015-12,Surrey Police,Northumbria Police,-1.460799,54.839841,On or near The Close,E01008714,Sunderland 034A,Violence and sexual offences,Under investigation,
8483bd08c464726afc2f0ce66cb050b21ccf784633ce6571cd4ed04d518702ca,2015-12,Surrey Police,Northumbria Police,-1.457831,54.840546,On or near Earsdon Road,E01008714,Sunderland 034A,Violence and sexual offences,Offender sent to prison,
,2015-12,Surrey Police,Northumbria Police,-1.469038,54.838484,On or near Longlands Drive,E01008715,Sunderland 034B,Anti-social behaviour,,
,2015-12,Surrey Police,Northumbria Police,-1.462370,54.837655,On or near Lawnswood,E01008715,Sunderland 034B,Anti-social behaviour,,
,2015-12,Surrey Police,Northumbria Police,-1.465992,54.839226,On or near Martindale Park,E01008715,Sunderland 034B,Anti-social behaviour,,
,2015-12,Surrey Police,Northumbria Police,-1.469038,54.838484,On or near Longlands Drive,E01008715,Sunderland 034B,Anti-social behaviour,,
,2015-12,Surrey Police,Northumbria Police,-1.465992,54.839226,On or near Martindale Park,E01008715,Sunderland 034B,Anti-social behaviour,,
7234ba72267a46d486d5c3b261cf76bb1dab91c7ba8a523d3c3ae048d96f5d79,2015-12,Surrey Police,Northumbria Police,-1.466407,54.841986,On or near Church Street,E01008715,Sunderland 034B,Burglary,Investigation complete; no suspect identified,
e7d82510152449166bdfec586e9e99e96b9e42bde3295f48272c5b6359c180c2,2015-12,Surrey Police,Northumbria Police,-1.466407,54.841986,On or near Church Street,E01008715,Sunderland 034B,Criminal damage and arson,Investigation complete; no suspect identified,
52c85e696047ef87ac8c676c35118645c5f354e14c209ecc9c5e1276b8789002,2015-12,Surrey Police,Northumbria Police,-1.465992,54.839226,On or near Martindale Park,E01008715,Sunderland 034B,Public order,Under investigation,
b1c69b4bf4907273d740f1a4c8159ee8e2dce8c0681b058f75fb119780724390,2015-12,Surrey Police,Northumbria Police,-1.467332,54.845109,On or near Parking Area,E01008715,Sunderland 034B,Vehicle crime,Investigation complete; no suspect identified,
ae9acfea66cd227fd81c288dd2917543b59e60150fcf466609baa48fa4699ac3,2015-12,Surrey Police,Northumbria Police,-1.465344,54.845855,On or near Outram Street,E01008715,Sunderland 034B,Vehicle crime,Investigation complete; no suspect identified,
7b267eee953735aee298307310cbb460bb2522411958d8169956e33aac54c130,2015-12,Surrey Police,Northumbria Police,-1.464853,54.844100,On or near Henry Street,E01008715,Sunderland 034B,Other crime,Investigation complete; no suspect identified,
f3799fd39ec61e0ea23bb200dd496a5311a8d116900c9a85fc7139c68c0be527,2015-12,Surrey Police,Northumbria Police,-1.471736,54.833418,On or near Marlborough Court,E01008716,Sunderland 034C,Burglary,Investigation complete; no suspect identified,
0c3fbff3ca1a613349fd92b998a0b6339891147fc2d7dff7861366561dac3f45,2015-12,Surrey Police,Northumbria Police,-1.459336,54.836285,On or near Meadow Close,E01008716,Sunderland 034C,Vehicle crime,Investigation complete; no suspect identified,
411d6b9c9f97921ace933c4b6f02cd079445a40ed78cbfd26827e60ebc4f016a,2015-12,Surrey Police,Northumbria Police,-1.459336,54.836285,On or near Meadow Close,E01008716,Sunderland 034C,Vehicle crime,Investigation complete; no suspect identified,
c9ed7074ed9aa4f65f2afcbd90d8d665eac7082592a92d85f0a00e249674c3ec,2015-12,Surrey Police,Northumbria Police,-1.456411,54.836191,On or near Wood Lea,E01008716,Sunderland 034C,Violence and sexual offences,Local resolution,
92a15c9aaee143053c331d88ef3a4b28af1ae2f843af0514950c83fd6beef978,2015-12,Surrey Police,Northumbria Police,-1.456411,54.836191,On or near Wood Lea,E01008716,Sunderland 034C,Violence and sexual offences,Under investigation,
53d4cadcdc95c5c1b04c01e25247dc44be24d86aa08841bc1b6344b08d82157c,2015-12,Surrey Police,Northumbria Police,-1.466434,54.836433,On or near Shakespeare Street,E01008717,Sunderland 034D,Burglary,Investigation complete; no suspect identified,
f5955c70b4b434c348ba246a55ee2f84c759118d57b8705dea16e90055525802,2015-12,Surrey Police,Northumbria Police,-1.460628,54.836317,On or near Gillas Lane East,E01008717,Sunderland 034D,Criminal damage and arson,Investigation complete; no suspect identified,
185b3875a6b6c7318eb3003b8d79149a53662ec7f694cd64418b66d80de59c27,2015-12,Surrey Police,Northumbria Police,-1.464298,54.837852,On or near Marlowe Place,E01008717,Sunderland 034D,Criminal damage and arson,Investigation complete; no suspect identified,
0ae4ad291dd59094c416c688a2b541c3e330bcb0988990d6c37f7e856c9ec853,2015-12,Surrey Police,Northumbria Police,-1.473581,54.835134,On or near Bridle Way,E01008717,Sunderland 034D,Vehicle crime,Investigation complete; no suspect identified,
dee1aaffe6c0ae03a7a75c0ce69663a9d91589022e330c26de60ac36570536b4,2015-12,Surrey Police,Northumbria Police,-1.474386,54.834320,On or near Lister Close,E01008717,Sunderland 034D,Vehicle crime,Investigation complete; no suspect identified,
98c6588f9ad8984989ef20026f43306838bcfa080f36a1ed623303cc2eb3136d,2015-12,Surrey Police,Northumbria Police,-1.463628,54.835531,On or near Milton Avenue,E01008717,Sunderland 034D,Violence and sexual offences,Under investigation,
cf69b39dd5cc9866c894f22dbcdbd6236ee277bbfc4b38a9e138a47c381647ef,2015-12,Surrey Police,Northumbria Police,-1.465047,54.837694,On or near Waller Terrace,E01008717,Sunderland 034D,Violence and sexual offences,Investigation complete; no suspect identified,
58a9a8a1085dc4e811b537927e4980a058f2952a7759a6455ca9bb72308b8145,2015-12,Surrey Police,Northumbria Police,-1.465047,54.837694,On or near Waller Terrace,E01008717,Sunderland 034D,Other crime,Under investigation,
7d104c3dca28f1a3b9c84d0382ec0b463d1de8e3a00c60e002cea6aba5110e01,2015-12,Surrey Police,Northumbria Police,-1.472615,54.838814,On or near A690,E01008749,Sunderland 034E,Violence and sexual offences,Under investigation,
,2015-12,Surrey Police,Northumbria Police,-1.470060,54.841283,On or near Durham Road,E01008754,Sunderland 034F,Anti-social behaviour,,
,2015-12,Surrey Police,Northumbria Police,-1.477567,54.842349,On or near Gilpin Street,E01008754,Sunderland 034F,Anti-social behaviour,,
,2015-12,Surrey Police,Northumbria Police,-1.479438,54.844586,On or near Leyburn Close,E01008754,Sunderland 034F,Anti-social behaviour,,
,2015-12,Surrey Police,Northumbria Police,-1.484009,54.846367,On or near Sherburn Grove,E01008754,Sunderland 034F,Anti-social behaviour,,
,2015-12,Surrey Police,Northumbria Police,-1.479438,54.844586,On or near Leyburn Close,E01008754,Sunderland 034F,Anti-social behaviour,,
,2015-12,Surrey Police,Northumbria Police,-1.470060,54.841283,On or near Durham Road,E01008754,Sunderland 034F,Anti-social behaviour,,
,2015-12,Surrey Police,Northumbria Police,-1.478144,54.841058,On or near Ferrand Drive,E01008754,Sunderland 034F,Anti-social behaviour,,
,2015-12,Surrey Police,Northumbria Police,-1.470060,54.841283,On or near Durham Road,E01008754,Sunderland 034F,Anti-social behaviour,,
,2015-12,Surrey Police,Northumbria Police,-1.469804,54.843044,On or near Sunderland Street,E01008754,Sunderland 034F,Anti-social behaviour,,
,2015-12,Surrey Police,Northumbria Police,-1.479542,54.843787,On or near Larch Avenue,E01008754,Sunderland 034F,Anti-social behaviour,,
,2015-12,Surrey Police,Northumbria Police,-1.482482,54.844051,On or near Sports/Recreation Area,E01008754,Sunderland 034F,Anti-social behaviour,,
,2015-12,Surrey Police,Northumbria Police,-1.469804,54.843044,On or near Sunderland Street,E01008754,Sunderland 034F,Anti-social behaviour,,
,2015-12,Surrey Police,Northumbria Police,-1.470949,54.844765,On or near Parking Area,E01008754,Sunderland 034F,Anti-social behaviour,,
ef3e39d80a29fa46ffbb59964e9e3e7912fe2089506b32dc98f7233478517595,2015-12,Surrey Police,Northumbria Police,-1.471810,54.844418,On or near Newbottle Street,E01008754,Sunderland 034F,Bicycle theft,Investigation complete; no suspect identified,
dd04b6c5cb30a8f353768db21b87b51209a11e017b24edf419f83134ed48ced8,2015-12,Surrey Police,Northumbria Police,-1.482482,54.844051,On or near Sports/Recreation Area,E01008754,Sunderland 034F,Burglary,Investigation complete; no suspect identified,
381fd4f19ed4298362a4f2803a161437657a4f27366544d544ae74fa0a8a0096,2015-12,Surrey Police,Northumbria Police,-1.470219,54.843423,On or near Pottery Yard,E01008754,Sunderland 034F,Burglary,Awaiting court outcome,
d8b3f6333517852df0b4d2a4460f673f11e3d6b8606416fae417cf04d6dad055,2015-12,Surrey Police,Northumbria Police,-1.475274,54.842690,On or near Violet Street,E01008754,Sunderland 034F,Criminal damage and arson,Investigation complete; no suspect identified,
a2333c2f90040b7289427f5f9bb007a0faf56bc42e37bfc45ab598c4fea1f4a7,2015-12,Surrey Police,Northumbria Police,-1.472566,54.846156,On or near Sunrise Lane,E01008754,Sunderland 034F,Criminal damage and arson,Investigation complete; no suspect identified,
7ad7524efaf0e253b82f9c2a8fbdd21b97823f4abf7a047c74dd786c02e1b4e5,2015-12,Surrey Police,Northumbria Police,-1.472230,54.843252,On or near Burn Promenade,E01008754,Sunderland 034F,Criminal damage and arson,Investigation complete; no suspect identified,
554aacb78b7ae4186e7af54a5bc6d7b27b93cd2ca9da1bd76182fa27499d56b0,2015-12,Surrey Police,Northumbria Police,-1.478144,54.841058,On or near Ferrand Drive,E01008754,Sunderland 034F,Criminal damage and arson,Investigation complete; no suspect identified,
70ff849e0650a72432fb8f5c2571e99f264b9f20a3f48c1c9050f6e4f6fec6c1,2015-12,Surrey Police,Northumbria Police,-1.471810,54.844418,On or near Newbottle Street,E01008754,Sunderland 034F,Drugs,Under investigation,
9ae5b948e09573c1750a392ccb127ff640b421c3e1e082b4f3b287fe7d8b4a26,2015-12,Surrey Police,Northumbria Police,-1.475605,54.842395,On or near Thornhill Street,E01008754,Sunderland 034F,Drugs,Local resolution,
ebedcbf954a3729c5d2763147c2fc9b7808697d5727f211349e365a4c0a637f2,2015-12,Surrey Police,Northumbria Police,-1.479438,54.844586,On or near Leyburn Close,E01008754,Sunderland 034F,Other theft,Investigation complete; no suspect identified,
a63f756ffe2c35193c8edfb3c43284b7cf287565f310e66e3138a47cf2b3ef80,2015-12,Surrey Police,Northumbria Police,-1.472635,54.844404,On or near Grey Street,E01008754,Sunderland 034F,Shoplifting,Under investigation,
20fd510622a97f53220a53abc51fa3f0bbd3221353b24d53d24fba554f4dbefa,2015-12,Surrey Police,Northumbria Police,-1.472566,54.846156,On or near Sunrise Lane,E01008754,Sunderland 034F,Theft from the person,Investigation complete; no suspect identified,
5d854224e6ac14e3e7da8d8b6b34f6d19f8c3c890a452ee0440d0379421b37f7,2015-12,Surrey Police,Northumbria Police,-1.478144,54.841058,On or near Ferrand Drive,E01008754,Sunderland 034F,Vehicle crime,Investigation complete; no suspect identified,
b13f6eb2a15effd6e27594946d1a78dcf01d23b62de10cbd5d1e13d28ae7b9f9,2015-12,Surrey Police,Northumbria Police,-1.479438,54.844586,On or near Leyburn Close,E01008754,Sunderland 034F,Vehicle crime,Investigation complete; no suspect identified,
1e9c2ca4cfaca38d63c57d01a060a66413932a022519e14fadf97cb0a6afe32a,2015-12,Surrey Police,Northumbria Police,-1.477567,54.842349,On or near Gilpin Street,E01008754,Sunderland 034F,Violence and sexual offences,Investigation complete; no suspect identified,
6dbee64a1e40e99616e394e9bd0cae74233561bf696160310267e408a50ddf35,2015-12,Surrey Police,Northumbria Police,-1.482743,54.846730,On or near Woodburn Drive,E01008754,Sunderland 034F,Violence and sexual offences,Investigation complete; no suspect identified,
d349fff17720f61c419b99ba2a11574080c45b6c3348ca1a12e034755ec5b34e,2015-12,Surrey Police,Northumbria Police,-1.471810,54.844418,On or near Newbottle Street,E01008754,Sunderland 034F,Violence and sexual offences,Investigation complete; no suspect identified,
dfeb6f65d561002e3f869c09b812cd5a373e0c6152de69fc0c8071c3cc677b67,2015-12,Surrey Police,Northumbria Police,-1.472566,54.846156,On or near Sunrise Lane,E01008754,Sunderland 034F,Violence and sexual offences,Under investigation,
e6a53f589c0c4b06eb410771f89e6fe1f6c9d92750899c89132247ea7ad59cbf,2015-12,Surrey Police,Northumbria Police,-1.468917,54.841773,On or near Church Street,E01008754,Sunderland 034F,Violence and sexual offences,Under investigation,
f601874f8eff064237249010aee7fbeb51d872e90c28b51fec22b144c1c9e897,2015-12,Surrey Police,Northumbria Police,-1.480963,54.843496,On or near Lime Avenue,E01008754,Sunderland 034F,Violence and sexual offences,Under investigation,
79490a7cfb717de14f2457ad7f287120b7a465a9038eb248259482107a6c402c,2015-12,Surrey Police,Northumbria Police,-1.472566,54.846156,On or near Sunrise Lane,E01008754,Sunderland 034F,Violence and sexual offences,Under investigation,
4583398f81f751d29c3b552f41fc01242644492c2b88496e44c761f0c19a6daf,2015-12,Surrey Police,Northumbria Police,-1.482743,54.846730,On or near Woodburn Drive,E01008754,Sunderland 034F,Violence and sexual offences,Under investigation,
7feab87891fa14d5b14fba3e75b40c7fc53a8b52f05abfb2a644ea2cda28d994,2015-12,Surrey Police,Northumbria Police,-1.479542,54.843787,On or near Larch Avenue,E01008754,Sunderland 034F,Other crime,Under investigation,
ffba22852788d46e062eb66ec0e073dad22ac1a58ce81e8b3b602f519baffb8a,2015-12,Surrey Police,Northumbria Police,-1.479542,54.843787,On or near Larch Avenue,E01008754,Sunderland 034F,Other crime,Under investigation,
,2015-12,Surrey Police,Northumbria Police,-1.455706,54.829519,On or near Heather Drive,E01008718,Sunderland 035A,Anti-social behaviour,,
,2015-12,Surrey Police,Northumbria Police,-1.455706,54.829519,On or near Heather Drive,E01008718,Sunderland 035A,Anti-social behaviour,,
,2015-12,Surrey Police,Northumbria Police,-1.455706,54.829519,On or near Heather Drive,E01008718,Sunderland 035A,Anti-social behaviour,,
,2015-12,Surrey Police,Northumbria Police,-1.455706,54.829519,On or near Heather Drive,E01008718,Sunderland 035A,Anti-social behaviour,,
,2015-12,Surrey Police,Northumbria Police,-1.450219,54.831220,On or near Low Downs Road,E01008718,Sunderland 035A,Anti-social behaviour,,
,2015-12,Surrey Police,Northumbria Police,-1.455706,54.829519,On or near Heather Drive,E01008718,Sunderland 035A,Anti-social behaviour,,
348bf9e1c2ca725ccc7b9714f91deacbdfc6cc8d0acecff4de8dec3b3ead8670,2015-12,Surrey Police,Northumbria Police,-1.455706,54.829519,On or near Heather Drive,E01008718,Sunderland 035A,Criminal damage and arson,Investigation complete; no suspect identified,
778962792b0ac376248a281c75550623719efd28c12026bbfe991ea2f227e365,2015-12,Surrey Police,Northumbria Police,-1.455706,54.829519,On or near Heather Drive,E01008718,Sunderland 035A,Criminal damage and arson,Investigation complete; no suspect identified,
87f0b47261c82abbc3ea6e1b3328137c448021794ebc0ec98a8e95286d6edc5d,2015-12,Surrey Police,Northumbria Police,-1.455706,54.829519,On or near Heather Drive,E01008718,Sunderland 035A,Criminal damage and arson,Investigation complete; no suspect identified,
a79f675a7f3b057f374e5d35377215d3495ceebdba3bc8cb4758ad7ab24bcc9a,2015-12,Surrey Police,Northumbria Police,-1.455706,54.829519,On or near Heather Drive,E01008718,Sunderland 035A,Criminal damage and arson,Investigation complete; no suspect identified,
c6cb885fdd4401928223fe3aee300be5824c43e5f25e0d4286cb19ead99c7d3c,2015-12,Surrey Police,Northumbria Police,-1.455706,54.829519,On or near Heather Drive,E01008718,Sunderland 035A,Shoplifting,Under investigation,
102b1c5fce6aaa5c97bd478d35801b36e35a77e3ffcfb9dd0f24afff996c6735,2015-12,Surrey Police,Northumbria Police,-1.448583,54.827924,On or near Downs Lane,E01008718,Sunderland 035A,Violence and sexual offences,Under investigation,
3781052ac37e6aef19462c7096683461dec02b4b3a054a2b98fafa60a7d201c9,2015-12,Surrey Police,Northumbria Police,-1.448583,54.827924,On or near Downs Lane,E01008718,Sunderland 035A,Violence and sexual offences,Under investigation,
6e04895caab0fb9d47a2b3a3b3b1567bcafe58f075bb19d5ccfbff3b4c5ad3be,2015-12,Surrey Police,Northumbria Police,-1.449056,54.830909,On or near Collingwood Street,E01008718,Sunderland 035A,Violence and sexual offences,Under investigation,
e769bdd42e0f638eda9f4befb376be3f4ff29346eb4814685d3a22156d048bf6,2015-12,Surrey Police,Northumbria Police,-1.450219,54.831220,On or near Low Downs Road,E01008718,Sunderland 035A,Violence and sexual offences,Awaiting court outcome,
,2015-12,Surrey Police,Northumbria Police,-1.450562,54.824293,On or near Eaglesdene,E01008719,Sunderland 035B,Anti-social behaviour,,
,2015-12,Surrey Police,Northumbria Police,-1.451844,54.822717,On or near Parking Area,E01008719,Sunderland 035B,Anti-social behaviour,,
,2015-12,Surrey Police,Northumbria Police,-1.450562,54.824293,On or near Eaglesdene,E01008719,Sunderland 035B,Anti-social behaviour,,
,2015-12,Surrey Police,Northumbria Police,-1.448093,54.825019,On or near Market Street,E01008719,Sunderland 035B,Anti-social behaviour,,
,2015-12,Surrey Police,Northumbria Police,-1.448093,54.825019,On or near Market Street,E01008719,Sunderland 035B,Anti-social behaviour,,
,2015-12,Surrey Police,Northumbria Police,-1.448093,54.825019,On or near Market Street,E01008719,Sunderland 035B,Anti-social behaviour,,
70a3cb3be15e0313f711df7ddeafd4525e61761d4ca0fac6c26126b7d6ce157d,2015-12,Surrey Police,Northumbria Police,-1.426197,54.843475,On or near B1404,E01008719,Sunderland 035B,Burglary,Investigation complete; no suspect identified,
8c0d65abb00d6745dfda7f1ec830a10f25c3c4228945c17db53b5773db4a80e2,2015-12,Surrey Police,Northumbria Police,-1.447244,54.824530,On or near Percy Street,E01008719,Sunderland 035B,Criminal damage and arson,Investigation complete; no suspect identified,
a28e0ddbb3ef8b81b656a09c4e16b5f84391e71f6bd7afe6f1a37ac74d584a35,2015-12,Surrey Police,Northumbria Police,-1.450899,54.823558,On or near Edward Street,E01008719,Sunderland 035B,Criminal damage and arson,Investigation complete; no suspect identified,
f5a4ed05779d8e474a3fd670ea16fb335d1f848956252cfef923a0f8b28f5d09,2015-12,Surrey Police,Northumbria Police,-1.447244,54.824530,On or near Percy Street,E01008719,Sunderland 035B,Other theft,Investigation complete; no suspect identified,
f0c2a88062a71f2b48ad1c1f721a6e19ce5f6289688e36c1cac0a848c2a5ed70,2015-12,Surrey Police,Northumbria Police,-1.450562,54.824293,On or near Eaglesdene,E01008719,Sunderland 035B,Violence and sexual offences,Offender given a caution,
,2015-12,Surrey Police,Northumbria Police,-1.453728,54.820407,On or near Park View,E01008742,Sunderland 035C,Anti-social behaviour,,
,2015-12,Surrey Police,Northumbria Police,-1.451552,54.821332,On or near Pemberton Street,E01008742,Sunderland 035C,Anti-social behaviour,,
,2015-12,Surrey Police,Northumbria Police,-1.451552,54.821332,On or near Pemberton Street,E01008742,Sunderland 035C,Anti-social behaviour,,
,2015-12,Surrey Police,Northumbria Police,-1.451552,54.821332,On or near Pemberton Street,E01008742,Sunderland 035C,Anti-social behaviour,,
,2015-12,Surrey Police,Northumbria Police,-1.451552,54.821332,On or near Pemberton Street,E01008742,Sunderland 035C,Anti-social behaviour,,
,2015-12,Surrey Police,Northumbria Police,-1.452227,54.819744,On or near Front Street,E01008742,Sunderland 035C,Anti-social behaviour,,
,2015-12,Surrey Police,Northumbria Police,-1.450328,54.817489,On or near Claude Street,E01008742,Sunderland 035C,Anti-social behaviour,,
,2015-12,Surrey Police,Northumbria Police,-1.451552,54.821332,On or near Pemberton Street,E01008742,Sunderland 035C,Anti-social behaviour,,
,2015-12,Surrey Police,Northumbria Police,-1.451552,54.821332,On or near Pemberton Street,E01008742,Sunderland 035C,Anti-social behaviour,,
,2015-12,Surrey Police,Northumbria Police,-1.452227,54.819744,On or near Front Street,E01008742,Sunderland 035C,Anti-social behaviour,,
,2015-12,Surrey Police,Northumbria Police,-1.451552,54.821332,On or near Pemberton Street,E01008742,Sunderland 035C,Anti-social behaviour,,
,2015-12,Surrey Police,Northumbria Police,-1.452227,54.819744,On or near Front Street,E01008742,Sunderland 035C,Anti-social behaviour,,
,2015-12,Surrey Police,Northumbria Police,-1.452227,54.819744,On or near Front Street,E01008742,Sunderland 035C,Anti-social behaviour,,
,2015-12,Surrey Police,Northumbria Police,-1.452227,54.819744,On or near Front Street,E01008742,Sunderland 035C,Anti-social behaviour,,
,2015-12,Surrey Police,Northumbria Police,-1.451552,54.821332,On or near Pemberton Street,E01008742,Sunderland 035C,Anti-social behaviour,,
,2015-12,Surrey Police,Northumbria Police,-1.453728,54.820407,On or near Park View,E01008742,Sunderland 035C,Anti-social behaviour,,
0a607675a9354c36319d62b715a096ef73347b21846e5913ee4fae6fc539c8a5,2015-12,Surrey Police,Northumbria Police,-1.451552,54.821332,On or near Pemberton Street,E01008742,Sunderland 035C,Burglary,Investigation complete; no suspect identified,
9f5448e178d7cf98ae0e5549a225fa289ffd6637fdea086ff38dae8c41b9ff5b,2015-12,Surrey Police,Northumbria Police,-1.453497,54.817899,On or near Hollowdene,E01008742,Sunderland 035C,Burglary,Under investigation,
00be92abc6040ca0a51c10542792e269f06ae009c5155f63d351edd1b984454b,2015-12,Surrey Police,Northumbria Police,-1.446335,54.822683,On or near Victory Street East,E01008742,Sunderland 035C,Criminal damage and arson,Investigation complete; no suspect identified,
335a7cb3eea20be63a5490f649f89f1a9570cc9c987301057a3827abb293c56f,2015-12,Surrey Police,Northumbria Police,-1.453537,54.821853,On or near Welfare Road,E01008742,Sunderland 035C,Criminal damage and arson,Investigation complete; no suspect identified,
0f8d870c63258cb5dc4a177ab5f2332667c0028bdd9e1c39d1f8d000bc67ec80,2015-12,Surrey Police,Northumbria Police,-1.451841,54.817208,On or near Logan Street,E01008742,Sunderland 035C,Criminal damage and arson,Investigation complete; no suspect identified,
84a8f7315c3b14d9c7ffdef53394608e71e2a353ba3a3b9fef07d57cdc0d5dcc,2015-12,Surrey Police,Northumbria Police,-1.441515,54.824575,On or near Parking Area,E01008742,Sunderland 035C,Criminal damage and arson,Investigation complete; no suspect identified,
60a8f5a92624fdde95bb53c989371aeeea6cfe2fbd83118e18bb3e63aab4f7e9,2015-12,Surrey Police,Northumbria Police,-1.453728,54.820407,On or near Park View,E01008742,Sunderland 035C,Criminal damage and arson,Investigation complete; no suspect identified,
e2b5dc21053fc2b77d6a05e9d7ec99d92a605bae90d1e02cbbc65250fff9553d,2015-12,Surrey Police,Northumbria Police,-1.452227,54.819744,On or near Front Street,E01008742,Sunderland 035C,Drugs,Offender given a caution,
0b9a32ebca44ec05a73213fb74d883111438c22c7a84458d674fe7d50be0d497,2015-12,Surrey Police,Northumbria Police,-1.453537,54.821853,On or near Welfare Road,E01008742,Sunderland 035C,Drugs,Offender given a drugs possession warning,
004903735f163f94ddb95bd4dc0e6d1595aef3f350c235cee3973c4776e0b02d,2015-12,Surrey Police,Northumbria Police,-1.451552,54.821332,On or near Pemberton Street,E01008742,Sunderland 035C,Other theft,Awaiting court outcome,
61bdc0aa8aeeb007d5f29311d84be31097d40ab4c45ef7725298ee1853fefa49,2015-12,Surrey Police,Northumbria Police,-1.450223,54.822926,On or near Caroline Street,E01008742,Sunderland 035C,Other theft,Investigation complete; no suspect identified,
ba5347cfb26098e43956fa22d5a36e3ae4fb4d6d949ea1ff672ff558db11f1bf,2015-12,Surrey Police,Northumbria Police,-1.452227,54.819744,On or near Front Street,E01008742,Sunderland 035C,Public order,Investigation complete; no suspect identified,
04826025d3d0cec0112fbbb160ddff27843497cbf9c9e02893f513ce0ce85855,2015-12,Surrey Police,Northumbria Police,-1.450293,54.821174,On or near John Street,E01008742,Sunderland 035C,Vehicle crime,Offender given community sentence,
7d919355259bdf78d9df522b7e18670d66ced29e83ebe38886e256ce4843f1d2,2015-12,Surrey Police,Northumbria Police,-1.451552,54.821332,On or near Pemberton Street,E01008742,Sunderland 035C,Vehicle crime,Investigation complete; no suspect identified,
71cdd9cb8a49380a5497e7101d8be0052da8985665fd7725d4d28bcd9c9cb5d7,2015-12,Surrey Police,Northumbria Police,-1.448246,54.821820,On or near The Avenue,E01008742,Sunderland 035C,Violence and sexual offences,Investigation complete; no suspect identified,
915f9c7e3bf4d4ea4cc7dc8123b7b0343e37e84695757c3f451e8fbaa47840a1,2015-12,Surrey Police,Northumbria Police,-1.450223,54.822926,On or near Caroline Street,E01008742,Sunderland 035C,Other crime,Investigation complete; no suspect identified,
,2015-12,Surrey Police,Northumbria Police,-1.478948,54.821012,On or near Earls Green,E01008747,Sunderland 035D,Anti-social behaviour,,
,2015-12,Surrey Police,Northumbria Police,-1.480517,54.821226,On or near Mingary Close,E01008747,Sunderland 035D,Anti-social behaviour,,
,2015-12,Surrey Police,Northumbria Police,-1.482650,54.821154,On or near Meadow Street,E01008747,Sunderland 035D,Anti-social behaviour,,
c581c75b03a754bb7b018ff87c6e15cc2d71af702fcc52ebbe8ae1eb163bb8d4,2015-12,Surrey Police,Northumbria Police,-1.485226,54.821749,On or near Corrighan Terrace,E01008747,Sunderland 035D,Burglary,Investigation complete; no suspect identified,
e32c4254d1a72299cd13804763e8b89dbded097cadf3fe1384b88a193efb89a7,2015-12,Surrey Police,Northumbria Police,-1.475621,54.831548,On or near Durham Road,E01008747,Sunderland 035D,Criminal damage and arson,Investigation complete; no suspect identified,
73c15ae20dbb3d2e37cd1d4c6fbf0c43b3c0283ae60c064f9f4def3e96cede28,2015-12,Surrey Police,Northumbria Police,-1.483408,54.821499,On or near Pontop Street,E01008747,Sunderland 035D,Criminal damage and arson,Investigation complete; no suspect identified,
eff8a0de23fe5796a6101a29d4c6c9d0d95e1d8d7ed2bc8a89248cb78c26052b,2015-12,Surrey Police,Northumbria Police,-1.482605,54.822223,On or near Lloyd Avenue,E01008747,Sunderland 035D,Criminal damage and arson,Investigation complete; no suspect identified,
c425e2da631661430498761011c3b4c0d530af9cc6c1f2f8c9925538f9f83c07,2015-12,Surrey Police,Northumbria Police,-1.480517,54.821226,On or near Mingary Close,E01008747,Sunderland 035D,Criminal damage and arson,Investigation complete; no suspect identified,
901404022fed28a3d692621652a2baeaaa38df39fe5dbee92e3c873b0da0db67,2015-12,Surrey Police,Northumbria Police,-1.482754,54.825171,On or near A690,E01008747,Sunderland 035D,Drugs,Under investigation,
08f650b646cec9b323c25ed1e37ac82b1b929b5be64f515f9e8063914a9c1215,2015-12,Surrey Police,Northumbria Police,-1.480815,54.823456,On or near School Road,E01008747,Sunderland 035D,Other theft,Under investigation,
ca912edaf902ec37ffb26449655a453060e2dcd776932a5046a491e66e25a140,2015-12,Surrey Police,Northumbria Police,-1.482754,54.825171,On or near A690,E01008747,Sunderland 035D,Shoplifting,Investigation complete; no suspect identified,
92e6d82934c22f1ec76697bc83b527ecaa6c64e111b8aafd717ae7f86d8ed1c5,2015-12,Surrey Police,Northumbria Police,-1.474324,54.831893,On or near Brookside,E01008747,Sunderland 035D,Violence and sexual offences,Investigation complete; no suspect identified,
44cb6bf47cdc03fd353a34dffe6814f9bd156e4da6cf77ddc7a4d7810aea8ef1,2015-12,Surrey Police,Northumbria Police,-1.482605,54.822223,On or near Lloyd Avenue,E01008747,Sunderland 035D,Violence and sexual offences,Investigation complete; no suspect identified,
e9b2484a4a313a2554e7cc99ac921a3868f04680fbfedde697250168a4520b1c,2015-12,Surrey Police,Northumbria Police,-1.480517,54.821226,On or near Mingary Close,E01008747,Sunderland 035D,Violence and sexual offences,Under investigation,
,2015-12,Surrey Police,Northumbria Police,-1.455334,54.818995,On or near The Quay,E01008748,Sunderland 035E,Anti-social behaviour,,
3a89922f886dfc3716b38cab82b9b3e2a2200d609d1c5f109263f80818530cbe,2015-12,Surrey Police,Northumbria Police,-1.455008,54.827036,On or near Louvain Terrace,E01008748,Sunderland 035E,Burglary,Investigation complete; no suspect identified,
cb0051bd56553437f1f1ed6b37db6a32a383225288b90c913bd95d5d37baef5d,2015-12,Surrey Police,Northumbria Police,-1.455008,54.827036,On or near Louvain Terrace,E01008748,Sunderland 035E,Criminal damage and arson,Investigation complete; no suspect identified,
,2015-12,Surrey Police,Northumbria Police,-1.459305,54.814177,On or near Airedale Gardens,E01008743,Sunderland 036A,Anti-social behaviour,,
,2015-12,Surrey Police,Northumbria Police,-1.460268,54.814308,On or near Greendale Gardens,E01008743,Sunderland 036A,Anti-social behaviour,,
,2015-12,Surrey Police,Northumbria Police,-1.460268,54.814308,On or near Greendale Gardens,E01008743,Sunderland 036A,Anti-social behaviour,,
,2015-12,Surrey Police,Northumbria Police,-1.455522,54.816596,On or near Patterdale Street,E01008743,Sunderland 036A,Anti-social behaviour,,
,2015-12,Surrey Police,Northumbria Police,-1.460268,54.814308,On or near Greendale Gardens,E01008743,Sunderland 036A,Anti-social behaviour,,
,2015-12,Surrey Police,Northumbria Police,-1.459305,54.814177,On or near Airedale Gardens,E01008743,Sunderland 036A,Anti-social behaviour,,
,2015-12,Surrey Police,Northumbria Police,-1.462132,54.813327,On or near Coalbank Road,E01008743,Sunderland 036A,Anti-social behaviour,,
05deb026fed7fa9ac014863747306e2d0ecb4a5d0f189536ea690c8f22a5d622,2015-12,Surrey Police,Northumbria Police,-1.460268,54.814308,On or near Greendale Gardens,E01008743,Sunderland 036A,Burglary,Under investigation,
25195c55ad4eb02425263b1dd3cbdd60bb5f832096b10b3d671f3010807c2551,2015-12,Surrey Police,Northumbria Police,-1.460268,54.814308,On or near Greendale Gardens,E01008743,Sunderland 036A,Criminal damage and arson,Under investigation,
cdd4f18a79acba6eaaf5422d5fd64f461b3c58156dad1eee1e736831555a0f22,2015-12,Surrey Police,Northumbria Police,-1.464938,54.811767,On or near Tynedale Street,E01008743,Sunderland 036A,Criminal damage and arson,Investigation complete; no suspect identified,
03aade13a57945458dd293efe979a1dc644d562aca13c458d1066a0635d7e76a,2015-12,Surrey Police,Northumbria Police,-1.454247,54.815350,On or near Rochdale Street,E01008743,Sunderland 036A,Criminal damage and arson,Investigation complete; no suspect identified,
3d0c761eed66008c9b437c96debbd8a92e22f91ccf6eef75674230d6c0019dee,2015-12,Surrey Police,Northumbria Police,-1.453201,54.813314,On or near Borrowdale Street,E01008743,Sunderland 036A,Other theft,Investigation complete; no suspect identified,
04246664d5f43c8d740b055f1d229afea9c95688cbeb3639ce3a1aaa6669b320,2015-12,Surrey Police,Northumbria Police,-1.458584,54.815729,On or near Eskdale Street,E01008743,Sunderland 036A,Other theft,Investigation complete; no suspect identified,
a669832c8d506c47d5be65bd922a1c309d7341ab1ca0d828c2e6e020073b5495,2015-12,Surrey Police,Northumbria Police,-1.464938,54.811767,On or near Tynedale Street,E01008743,Sunderland 036A,Violence and sexual offences,Investigation complete; no suspect identified,
cecba1d2cd570e13b505339cfe08a7a21aa9877e385c7b9a88f1282b531bc291,2015-12,Surrey Police,Northumbria Police,-1.460268,54.814308,On or near Greendale Gardens,E01008743,Sunderland 036A,Violence and sexual offences,Under investigation,
,2015-12,Surrey Police,Northumbria Police,-1.440731,54.808144,On or near Brick Garth,E01008744,Sunderland 036B,Anti-social behaviour,,
,2015-12,Surrey Police,Northumbria Police,-1.448436,54.803309,On or near Parking Area,E01008744,Sunderland 036B,Anti-social behaviour,,
,2015-12,Surrey Police,Northumbria Police,-1.448436,54.803309,On or near Parking Area,E01008744,Sunderland 036B,Anti-social behaviour,,
,2015-12,Surrey Police,Northumbria Police,-1.440731,54.808144,On or near Brick Garth,E01008744,Sunderland 036B,Anti-social behaviour,,
fd635ba3424a3699a223c2e509bcc7d2dbf1242f9e0d48e75e1cc6f57f661d5a,2015-12,Surrey Police,Northumbria Police,-1.436928,54.809762,On or near Hartside Gardens,E01008744,Sunderland 036B,Burglary,Investigation complete; no suspect identified,
e388b125ce788d913f95d662f7c409b8563b8bae32d4ff0128ecd3c9a2ca7da6,2015-12,Surrey Police,Northumbria Police,-1.436928,54.809762,On or near Hartside Gardens,E01008744,Sunderland 036B,Burglary,Under investigation,
df18823ac9d423ccd0b60abd634b113e0fc5876c2cc514edc5b6db8c26746ff8,2015-12,Surrey Police,Northumbria Police,-1.434808,54.807748,On or near High Street,E01008744,Sunderland 036B,Burglary,Investigation complete; no suspect identified,
4f93a2f8b0607422828d8952a6e6265ed7b99c1476b1755a4713940163e9dbfe,2015-12,Surrey Police,Northumbria Police,-1.434808,54.807748,On or near High Street,E01008744,Sunderland 036B,Criminal damage and arson,Investigation complete; no suspect identified,
b1433e9b1dd53bd427ac1afd86379de4f0d0df579791d0e5b7103df968a9f14c,2015-12,Surrey Police,Northumbria Police,-1.434808,54.807748,On or near High Street,E01008744,Sunderland 036B,Criminal damage and arson,Investigation complete; no suspect identified,
a2e42cbff13a90c677f699b365eba79d14060880056d434c1357b149addd5b77,2015-12,Surrey Police,Northumbria Police,-1.438708,54.809294,On or near Pemberton Bank,E01008744,Sunderland 036B,Criminal damage and arson,Investigation complete; no suspect identified,
81b961168ce9c8f42b3c4c87424cfa5b4d48a589ee37d71b4446739203109690,2015-12,Surrey Police,Northumbria Police,-1.437237,54.807616,On or near Jubilee Square,E01008744,Sunderland 036B,Criminal damage and arson,Investigation complete; no suspect identified,
fb3cdccba6c2889991efed7f61783bb0b49ca407891fb830962cbae79e20d457,2015-12,Surrey Police,Northumbria Police,-1.442251,54.812995,On or near Caldew Court,E01008744,Sunderland 036B,Other theft,Investigation complete; no suspect identified,
d5f203e7d92e8e2868cb542b3faf0a146267d4d1d4d16135c5f3d3f4af33bcd8,2015-12,Surrey Police,Northumbria Police,-1.438135,54.810235,On or near Churchside Gardens,E01008744,Sunderland 036B,Other theft,Investigation complete; no suspect identified,
fbb55c3a7c963f70c20d9c699c13c4e7748ff0ffbd0cccd9adfff04132eaed4f,2015-12,Surrey Police,Northumbria Police,-1.448436,54.803309,On or near Parking Area,E01008744,Sunderland 036B,Other theft,Investigation complete; no suspect identified,
c7b88d314e58654b07a4195e230d3723931eee79d1f397b699caa2ae50b5c97a,2015-12,Surrey Police,Northumbria Police,-1.438135,54.810235,On or near Churchside Gardens,E01008744,Sunderland 036B,Other theft,Investigation complete; no suspect identified,
9034032da9a16b5d494813f50202f6f4490011cc77d5f508c2ecb59acb38e02a,2015-12,Surrey Police,Northumbria Police,-1.437237,54.807616,On or near Jubilee Square,E01008744,Sunderland 036B,Other theft,Investigation complete; no suspect identified,
82fd4685b9ab8146f6f1b9fa67f954b388f1ab963726e010259045c97f765064,2015-12,Surrey Police,Northumbria Police,-1.438708,54.809294,On or near Pemberton Bank,E01008744,Sunderland 036B,Public order,Investigation complete; no suspect identified,
8e252c623b851afc2777c5a50312f6794a160c50b44692e406926fdd06fb998b,2015-12,Surrey Police,Northumbria Police,-1.436928,54.809762,On or near Hartside Gardens,E01008744,Sunderland 036B,Violence and sexual offences,Awaiting court outcome,
97794b75e9946251678cf41a40c3c98982a3c0835d649f4078175f9c755be0a1,2015-12,Surrey Police,Northumbria Police,-1.445507,54.813819,On or near Sports/Recreation Area,E01008744,Sunderland 036B,Violence and sexual offences,Under investigation,
1803f436bb6b8c73e37517f99565617086b7005d215bd0f26138f67abe2e149e,2015-12,Surrey Police,Northumbria Police,-1.440731,54.808144,On or near Brick Garth,E01008744,Sunderland 036B,Violence and sexual offences,Awaiting court outcome,
b054731f005a6e0d4b3d6e2a3bad43a5f0a549ac607531e73632059397ca0fb4,2015-12,Surrey Police,Northumbria Police,-1.445488,54.806099,On or near Sports/Recreation Area,E01008744,Sunderland 036B,Violence and sexual offences,Investigation complete; no suspect identified,
2263aef4492f15b32355c89f694253eafddcdfa54accccd8319958a87ad6eec1,2015-12,Surrey Police,Northumbria Police,-1.438708,54.809294,On or near Pemberton Bank,E01008744,Sunderland 036B,Violence and sexual offences,Awaiting court outcome,
d9fbdfef113cd9eb6e7ab80d7fc15ce280f3326ed71b7ff435f4a0880a50524c,2015-12,Surrey Police,Northumbria Police,-1.434808,54.807748,On or near High Street,E01008744,Sunderland 036B,Violence and sexual offences,Investigation complete; no suspect identified,
d64f57f4d17d566ea08af7c930ca4ee23ef1c6d81f7f481eaa39346f2a057cca,2015-12,Surrey Police,Northumbria Police,-1.440341,54.809302,On or near Blindy Lane,E01008744,Sunderland 036B,Other crime,Investigation complete; no suspect identified,
,2015-12,Surrey Police,Northumbria Police,-1.444550,54.811020,On or near Seymour Terrace,E01008745,Sunderland 036C,Anti-social behaviour,,
,2015-12,Surrey Police,Northumbria Police,-1.443895,54.812230,On or near Derwent Street,E01008745,Sunderland 036C,Anti-social behaviour,,
,2015-12,Surrey Police,Northumbria Police,-1.447603,54.814206,On or near Four Lane Ends,E01008745,Sunderland 036C,Anti-social behaviour,,
2cde8ce950da43369383147a4ec256dad4c52a817b2f410887aa80b20f7b7dfb,2015-12,Surrey Police,Northumbria Police,-1.448888,54.813493,On or near Claypath Road,E01008745,Sunderland 036C,Other crime,Under investigation,
,2015-12,Surrey Police,Northumbria Police,-1.433631,54.805164,On or near Tay Street,E01008746,Sunderland 036D,Anti-social behaviour,,
,2015-12,Surrey Police,Northumbria Police,-1.433955,54.803170,On or near Ruskin Avenue,E01008746,Sunderland 036D,Anti-social behaviour,,
,2015-12,Surrey Police,Northumbria Police,-1.427957,54.804859,On or near South Hetton Road,E01008746,Sunderland 036D,Anti-social behaviour,,
,2015-12,Surrey Police,Northumbria Police,-1.436526,54.806211,On or near Grasmere Avenue,E01008746,Sunderland 036D,Anti-social behaviour,,
,2015-12,Surrey Police,Northumbria Police,-1.433631,54.805164,On or near Tay Street,E01008746,Sunderland 036D,Anti-social behaviour,,
,2015-12,Surrey Police,Northumbria Police,-1.435450,54.807491,On or near Prospect Crescent,E01008746,Sunderland 036D,Anti-social behaviour,,
,2015-12,Surrey Police,Northumbria Police,-1.434344,54.805383,On or near Tamar Street,E01008746,Sunderland 036D,Anti-social behaviour,,
147f1c7629f8e99c7b71beb2900bd2702b043991f35c4166b500dbed61c7b9b3,2015-12,Surrey Police,Northumbria Police,-1.434344,54.805383,On or near Tamar Street,E01008746,Sunderland 036D,Criminal damage and arson,Investigation complete; no suspect identified,
66b9eb96286ccdfb43662ac6ad462043963fee89bb06dcfbf50a2c82ed60878d,2015-12,Surrey Police,Northumbria Police,-1.434031,54.804384,On or near Teviot Street,E01008746,Sunderland 036D,Criminal damage and arson,Investigation complete; no suspect identified,
eb4f71a6c462661ed5b2a23298cf48e66479ea8209aaed028b0eeda5efc7496e,2015-12,Surrey Police,Northumbria Police,-1.433836,54.806090,On or near Trent Street,E01008746,Sunderland 036D,Criminal damage and arson,Under investigation,
37fa8630f7a21938860e3162bcdfc2ddf579b47badfe6bdc42f479cb5f69e4f1,2015-12,Surrey Police,Northumbria Police,-1.432990,54.806527,On or near Tees Street,E01008746,Sunderland 036D,Criminal damage and arson,Investigation complete; no suspect identified,
e9ae2ea98e8f6f2bcd9c16403bcb573830c362d56e56ee4b7cba9fca2796a70e,2015-12,Surrey Police,Northumbria Police,-1.431115,54.803768,On or near Shelley Avenue,E01008746,Sunderland 036D,Criminal damage and arson,Investigation complete; no suspect identified,
2c83408d0fe17f243462f550ca7eefee4eb551ead8c24385526f2014d9675d6d,2015-12,Surrey Police,Northumbria Police,-1.433164,54.804074,On or near School View,E01008746,Sunderland 036D,Possession of weapons,Investigation complete; no suspect identified,
6716be5b6f9772ef1e899a532cc57dd9f916fc68490f4ccc19128fbd58a91fcd,2015-12,Surrey Police,Northumbria Police,-1.432990,54.806527,On or near Tees Street,E01008746,Sunderland 036D,Vehicle crime,Investigation complete; no suspect identified,
bc1c67ece42e8e52bb4c36a5d3242e6972d9f45c4358e8e281c0ce06fa83277a,2015-12,Surrey Police,Northumbria Police,-1.434454,54.806417,On or near Tyne Street,E01008746,Sunderland 036D,Violence and sexual offences,Offender given community sentence,
78ef66299e5399bde61913b734c0e7a9f95dd63631ce50c71bd88340b5b575af,2015-12,Surrey Police,Northumbria Police,-1.435450,54.807491,On or near Prospect Crescent,E01008746,Sunderland 036D,Violence and sexual offences,Under investigation,
